# timestep = 0.01, sim time = 50, new_ref_freq = 3, minimal_height_change = 0.1
2.011339062377548448e-02
2.011339062377548448e-02
2.011339062377548448e-02
2.011339062377548448e-02
2.011339062377548448e-02
2.011339062377548448e-02
2.011339062377548448e-02
2.011339062377548448e-02
2.011339062377548448e-02
2.011339062377548448e-02
2.011339062377548448e-02
2.011339062377548448e-02
2.011339062377548448e-02
2.011339062377548448e-02
2.011339062377548448e-02
2.011339062377548448e-02
2.011339062377548448e-02
2.011339062377548448e-02
2.011339062377548448e-02
2.011339062377548448e-02
2.011339062377548448e-02
2.011339062377548448e-02
2.011339062377548448e-02
2.011339062377548448e-02
2.011339062377548448e-02
2.011339062377548448e-02
2.011339062377548448e-02
2.011339062377548448e-02
2.011339062377548448e-02
2.011339062377548448e-02
2.011339062377548448e-02
2.011339062377548448e-02
2.011339062377548448e-02
2.011339062377548448e-02
2.011339062377548448e-02
2.011339062377548448e-02
2.011339062377548448e-02
2.011339062377548448e-02
2.011339062377548448e-02
2.011339062377548448e-02
2.011339062377548448e-02
2.011339062377548448e-02
2.011339062377548448e-02
2.011339062377548448e-02
2.011339062377548448e-02
2.011339062377548448e-02
2.011339062377548448e-02
2.011339062377548448e-02
2.011339062377548448e-02
2.011339062377548448e-02
2.011339062377548448e-02
2.011339062377548448e-02
2.011339062377548448e-02
2.011339062377548448e-02
2.011339062377548448e-02
2.011339062377548448e-02
2.011339062377548448e-02
2.011339062377548448e-02
2.011339062377548448e-02
2.011339062377548448e-02
2.011339062377548448e-02
2.011339062377548448e-02
2.011339062377548448e-02
2.011339062377548448e-02
2.011339062377548448e-02
2.011339062377548448e-02
2.011339062377548448e-02
2.011339062377548448e-02
2.011339062377548448e-02
2.011339062377548448e-02
2.011339062377548448e-02
2.011339062377548448e-02
2.011339062377548448e-02
2.011339062377548448e-02
2.011339062377548448e-02
2.011339062377548448e-02
2.011339062377548448e-02
2.011339062377548448e-02
2.011339062377548448e-02
2.011339062377548448e-02
2.011339062377548448e-02
2.011339062377548448e-02
2.011339062377548448e-02
2.011339062377548448e-02
2.011339062377548448e-02
2.011339062377548448e-02
2.011339062377548448e-02
2.011339062377548448e-02
2.011339062377548448e-02
2.011339062377548448e-02
2.011339062377548448e-02
2.011339062377548448e-02
2.011339062377548448e-02
2.011339062377548448e-02
2.011339062377548448e-02
2.011339062377548448e-02
2.011339062377548448e-02
2.011339062377548448e-02
2.011339062377548448e-02
2.011339062377548448e-02
2.011339062377548448e-02
2.011339062377548448e-02
2.011339062377548448e-02
2.011339062377548448e-02
2.011339062377548448e-02
2.011339062377548448e-02
2.011339062377548448e-02
2.011339062377548448e-02
2.011339062377548448e-02
2.011339062377548448e-02
2.011339062377548448e-02
2.011339062377548448e-02
2.011339062377548448e-02
2.011339062377548448e-02
2.011339062377548448e-02
2.011339062377548448e-02
2.011339062377548448e-02
2.011339062377548448e-02
2.011339062377548448e-02
2.011339062377548448e-02
2.011339062377548448e-02
2.011339062377548448e-02
2.011339062377548448e-02
2.011339062377548448e-02
2.011339062377548448e-02
2.011339062377548448e-02
2.011339062377548448e-02
2.011339062377548448e-02
2.011339062377548448e-02
2.011339062377548448e-02
2.011339062377548448e-02
2.011339062377548448e-02
2.011339062377548448e-02
2.011339062377548448e-02
2.011339062377548448e-02
2.011339062377548448e-02
2.011339062377548448e-02
2.011339062377548448e-02
2.011339062377548448e-02
2.011339062377548448e-02
2.011339062377548448e-02
2.011339062377548448e-02
2.011339062377548448e-02
2.011339062377548448e-02
2.011339062377548448e-02
2.011339062377548448e-02
2.011339062377548448e-02
2.011339062377548448e-02
2.011339062377548448e-02
2.011339062377548448e-02
2.011339062377548448e-02
2.011339062377548448e-02
2.011339062377548448e-02
2.011339062377548448e-02
2.011339062377548448e-02
2.011339062377548448e-02
2.011339062377548448e-02
2.011339062377548448e-02
2.011339062377548448e-02
2.011339062377548448e-02
2.011339062377548448e-02
2.011339062377548448e-02
2.011339062377548448e-02
2.011339062377548448e-02
2.011339062377548448e-02
2.011339062377548448e-02
2.011339062377548448e-02
2.011339062377548448e-02
2.011339062377548448e-02
2.011339062377548448e-02
2.011339062377548448e-02
2.011339062377548448e-02
2.011339062377548448e-02
2.011339062377548448e-02
2.011339062377548448e-02
2.011339062377548448e-02
2.011339062377548448e-02
2.011339062377548448e-02
2.011339062377548448e-02
2.011339062377548448e-02
2.011339062377548448e-02
2.011339062377548448e-02
2.011339062377548448e-02
2.011339062377548448e-02
2.011339062377548448e-02
2.011339062377548448e-02
2.011339062377548448e-02
2.011339062377548448e-02
2.011339062377548448e-02
2.011339062377548448e-02
2.011339062377548448e-02
2.011339062377548448e-02
2.011339062377548448e-02
2.011339062377548448e-02
2.011339062377548448e-02
2.011339062377548448e-02
2.011339062377548448e-02
2.011339062377548448e-02
2.011339062377548448e-02
2.011339062377548448e-02
2.011339062377548448e-02
2.011339062377548448e-02
2.011339062377548448e-02
2.011339062377548448e-02
2.011339062377548448e-02
2.011339062377548448e-02
2.011339062377548448e-02
2.011339062377548448e-02
2.011339062377548448e-02
2.011339062377548448e-02
2.011339062377548448e-02
2.011339062377548448e-02
2.011339062377548448e-02
2.011339062377548448e-02
2.011339062377548448e-02
2.011339062377548448e-02
2.011339062377548448e-02
2.011339062377548448e-02
2.011339062377548448e-02
2.011339062377548448e-02
2.011339062377548448e-02
2.011339062377548448e-02
2.011339062377548448e-02
2.011339062377548448e-02
2.011339062377548448e-02
2.011339062377548448e-02
2.011339062377548448e-02
2.011339062377548448e-02
2.011339062377548448e-02
2.011339062377548448e-02
2.011339062377548448e-02
2.011339062377548448e-02
2.011339062377548448e-02
2.011339062377548448e-02
2.011339062377548448e-02
2.011339062377548448e-02
2.011339062377548448e-02
2.011339062377548448e-02
2.011339062377548448e-02
2.011339062377548448e-02
2.011339062377548448e-02
2.011339062377548448e-02
2.011339062377548448e-02
2.011339062377548448e-02
2.011339062377548448e-02
2.011339062377548448e-02
2.011339062377548448e-02
2.011339062377548448e-02
2.011339062377548448e-02
2.011339062377548448e-02
2.011339062377548448e-02
2.011339062377548448e-02
2.011339062377548448e-02
2.011339062377548448e-02
2.011339062377548448e-02
2.011339062377548448e-02
2.011339062377548448e-02
2.011339062377548448e-02
2.011339062377548448e-02
2.011339062377548448e-02
2.011339062377548448e-02
2.011339062377548448e-02
2.011339062377548448e-02
2.011339062377548448e-02
2.011339062377548448e-02
2.011339062377548448e-02
2.011339062377548448e-02
2.011339062377548448e-02
2.011339062377548448e-02
2.011339062377548448e-02
2.011339062377548448e-02
2.011339062377548448e-02
2.011339062377548448e-02
2.011339062377548448e-02
2.011339062377548448e-02
2.011339062377548448e-02
2.011339062377548448e-02
2.011339062377548448e-02
2.011339062377548448e-02
2.011339062377548448e-02
2.011339062377548448e-02
2.011339062377548448e-02
2.011339062377548448e-02
2.011339062377548448e-02
2.011339062377548448e-02
2.011339062377548448e-02
2.011339062377548448e-02
2.011339062377548448e-02
2.011339062377548448e-02
2.011339062377548448e-02
2.011339062377548448e-02
2.011339062377548448e-02
2.011339062377548448e-02
2.011339062377548448e-02
2.011339062377548448e-02
2.011339062377548448e-02
2.011339062377548448e-02
2.011339062377548448e-02
2.011339062377548448e-02
2.011339062377548448e-02
5.549999999999999378e-01
5.549999999999999378e-01
5.549999999999999378e-01
5.549999999999999378e-01
5.549999999999999378e-01
5.549999999999999378e-01
5.549999999999999378e-01
5.549999999999999378e-01
5.549999999999999378e-01
5.549999999999999378e-01
5.549999999999999378e-01
5.549999999999999378e-01
5.549999999999999378e-01
5.549999999999999378e-01
5.549999999999999378e-01
5.549999999999999378e-01
5.549999999999999378e-01
5.549999999999999378e-01
5.549999999999999378e-01
5.549999999999999378e-01
5.549999999999999378e-01
5.549999999999999378e-01
5.549999999999999378e-01
5.549999999999999378e-01
5.549999999999999378e-01
5.549999999999999378e-01
5.549999999999999378e-01
5.549999999999999378e-01
5.549999999999999378e-01
5.549999999999999378e-01
5.549999999999999378e-01
5.549999999999999378e-01
5.549999999999999378e-01
5.549999999999999378e-01
5.549999999999999378e-01
5.549999999999999378e-01
5.549999999999999378e-01
5.549999999999999378e-01
5.549999999999999378e-01
5.549999999999999378e-01
5.549999999999999378e-01
5.549999999999999378e-01
5.549999999999999378e-01
5.549999999999999378e-01
5.549999999999999378e-01
5.549999999999999378e-01
5.549999999999999378e-01
5.549999999999999378e-01
5.549999999999999378e-01
5.549999999999999378e-01
5.549999999999999378e-01
5.549999999999999378e-01
5.549999999999999378e-01
5.549999999999999378e-01
5.549999999999999378e-01
5.549999999999999378e-01
5.549999999999999378e-01
5.549999999999999378e-01
5.549999999999999378e-01
5.549999999999999378e-01
5.549999999999999378e-01
5.549999999999999378e-01
5.549999999999999378e-01
5.549999999999999378e-01
5.549999999999999378e-01
5.549999999999999378e-01
5.549999999999999378e-01
5.549999999999999378e-01
5.549999999999999378e-01
5.549999999999999378e-01
5.549999999999999378e-01
5.549999999999999378e-01
5.549999999999999378e-01
5.549999999999999378e-01
5.549999999999999378e-01
5.549999999999999378e-01
5.549999999999999378e-01
5.549999999999999378e-01
5.549999999999999378e-01
5.549999999999999378e-01
5.549999999999999378e-01
5.549999999999999378e-01
5.549999999999999378e-01
5.549999999999999378e-01
5.549999999999999378e-01
5.549999999999999378e-01
5.549999999999999378e-01
5.549999999999999378e-01
5.549999999999999378e-01
5.549999999999999378e-01
5.549999999999999378e-01
5.549999999999999378e-01
5.549999999999999378e-01
5.549999999999999378e-01
5.549999999999999378e-01
5.549999999999999378e-01
5.549999999999999378e-01
5.549999999999999378e-01
5.549999999999999378e-01
5.549999999999999378e-01
5.549999999999999378e-01
5.549999999999999378e-01
5.549999999999999378e-01
5.549999999999999378e-01
5.549999999999999378e-01
5.549999999999999378e-01
5.549999999999999378e-01
5.549999999999999378e-01
5.549999999999999378e-01
5.549999999999999378e-01
5.549999999999999378e-01
5.549999999999999378e-01
5.549999999999999378e-01
5.549999999999999378e-01
5.549999999999999378e-01
5.549999999999999378e-01
5.549999999999999378e-01
5.549999999999999378e-01
5.549999999999999378e-01
5.549999999999999378e-01
5.549999999999999378e-01
5.549999999999999378e-01
5.549999999999999378e-01
5.549999999999999378e-01
5.549999999999999378e-01
5.549999999999999378e-01
5.549999999999999378e-01
5.549999999999999378e-01
5.549999999999999378e-01
5.549999999999999378e-01
5.549999999999999378e-01
5.549999999999999378e-01
5.549999999999999378e-01
5.549999999999999378e-01
5.549999999999999378e-01
5.549999999999999378e-01
5.549999999999999378e-01
5.549999999999999378e-01
5.549999999999999378e-01
5.549999999999999378e-01
5.549999999999999378e-01
5.549999999999999378e-01
5.549999999999999378e-01
5.549999999999999378e-01
5.549999999999999378e-01
5.549999999999999378e-01
5.549999999999999378e-01
5.549999999999999378e-01
5.549999999999999378e-01
5.549999999999999378e-01
5.549999999999999378e-01
5.549999999999999378e-01
5.549999999999999378e-01
5.549999999999999378e-01
5.549999999999999378e-01
5.549999999999999378e-01
5.549999999999999378e-01
5.549999999999999378e-01
5.549999999999999378e-01
5.549999999999999378e-01
5.549999999999999378e-01
5.549999999999999378e-01
5.549999999999999378e-01
5.549999999999999378e-01
5.549999999999999378e-01
5.549999999999999378e-01
5.549999999999999378e-01
5.549999999999999378e-01
5.549999999999999378e-01
5.549999999999999378e-01
5.549999999999999378e-01
5.549999999999999378e-01
5.549999999999999378e-01
5.549999999999999378e-01
5.549999999999999378e-01
5.549999999999999378e-01
5.549999999999999378e-01
5.549999999999999378e-01
5.549999999999999378e-01
5.549999999999999378e-01
5.549999999999999378e-01
5.549999999999999378e-01
5.549999999999999378e-01
5.549999999999999378e-01
5.549999999999999378e-01
5.549999999999999378e-01
5.549999999999999378e-01
5.549999999999999378e-01
5.549999999999999378e-01
5.549999999999999378e-01
5.549999999999999378e-01
5.549999999999999378e-01
5.549999999999999378e-01
5.549999999999999378e-01
5.549999999999999378e-01
5.549999999999999378e-01
5.549999999999999378e-01
5.549999999999999378e-01
5.549999999999999378e-01
5.549999999999999378e-01
5.549999999999999378e-01
5.549999999999999378e-01
5.549999999999999378e-01
5.549999999999999378e-01
5.549999999999999378e-01
5.549999999999999378e-01
5.549999999999999378e-01
5.549999999999999378e-01
5.549999999999999378e-01
5.549999999999999378e-01
5.549999999999999378e-01
5.549999999999999378e-01
5.549999999999999378e-01
5.549999999999999378e-01
5.549999999999999378e-01
5.549999999999999378e-01
5.549999999999999378e-01
5.549999999999999378e-01
5.549999999999999378e-01
5.549999999999999378e-01
5.549999999999999378e-01
5.549999999999999378e-01
5.549999999999999378e-01
5.549999999999999378e-01
5.549999999999999378e-01
5.549999999999999378e-01
5.549999999999999378e-01
5.549999999999999378e-01
5.549999999999999378e-01
5.549999999999999378e-01
5.549999999999999378e-01
5.549999999999999378e-01
5.549999999999999378e-01
5.549999999999999378e-01
5.549999999999999378e-01
5.549999999999999378e-01
5.549999999999999378e-01
5.549999999999999378e-01
5.549999999999999378e-01
5.549999999999999378e-01
5.549999999999999378e-01
5.549999999999999378e-01
5.549999999999999378e-01
5.549999999999999378e-01
5.549999999999999378e-01
5.549999999999999378e-01
5.549999999999999378e-01
5.549999999999999378e-01
5.549999999999999378e-01
5.549999999999999378e-01
5.549999999999999378e-01
5.549999999999999378e-01
5.549999999999999378e-01
5.549999999999999378e-01
5.549999999999999378e-01
5.549999999999999378e-01
5.549999999999999378e-01
5.549999999999999378e-01
5.549999999999999378e-01
5.549999999999999378e-01
5.549999999999999378e-01
5.549999999999999378e-01
5.549999999999999378e-01
5.549999999999999378e-01
5.549999999999999378e-01
5.549999999999999378e-01
5.549999999999999378e-01
5.549999999999999378e-01
5.549999999999999378e-01
5.549999999999999378e-01
5.549999999999999378e-01
5.549999999999999378e-01
5.549999999999999378e-01
5.549999999999999378e-01
5.549999999999999378e-01
5.549999999999999378e-01
5.549999999999999378e-01
5.549999999999999378e-01
5.549999999999999378e-01
5.549999999999999378e-01
5.549999999999999378e-01
5.549999999999999378e-01
5.549999999999999378e-01
5.549999999999999378e-01
5.549999999999999378e-01
5.549999999999999378e-01
5.549999999999999378e-01
5.549999999999999378e-01
5.549999999999999378e-01
5.549999999999999378e-01
5.549999999999999378e-01
5.549999999999999378e-01
5.549999999999999378e-01
5.549999999999999378e-01
5.549999999999999378e-01
5.549999999999999378e-01
5.549999999999999378e-01
5.549999999999999378e-01
5.549999999999999378e-01
5.549999999999999378e-01
2.350000000000000144e-01
2.350000000000000144e-01
2.350000000000000144e-01
2.350000000000000144e-01
2.350000000000000144e-01
2.350000000000000144e-01
2.350000000000000144e-01
2.350000000000000144e-01
2.350000000000000144e-01
2.350000000000000144e-01
2.350000000000000144e-01
2.350000000000000144e-01
2.350000000000000144e-01
2.350000000000000144e-01
2.350000000000000144e-01
2.350000000000000144e-01
2.350000000000000144e-01
2.350000000000000144e-01
2.350000000000000144e-01
2.350000000000000144e-01
2.350000000000000144e-01
2.350000000000000144e-01
2.350000000000000144e-01
2.350000000000000144e-01
2.350000000000000144e-01
2.350000000000000144e-01
2.350000000000000144e-01
2.350000000000000144e-01
2.350000000000000144e-01
2.350000000000000144e-01
2.350000000000000144e-01
2.350000000000000144e-01
2.350000000000000144e-01
2.350000000000000144e-01
2.350000000000000144e-01
2.350000000000000144e-01
2.350000000000000144e-01
2.350000000000000144e-01
2.350000000000000144e-01
2.350000000000000144e-01
2.350000000000000144e-01
2.350000000000000144e-01
2.350000000000000144e-01
2.350000000000000144e-01
2.350000000000000144e-01
2.350000000000000144e-01
2.350000000000000144e-01
2.350000000000000144e-01
2.350000000000000144e-01
2.350000000000000144e-01
2.350000000000000144e-01
2.350000000000000144e-01
2.350000000000000144e-01
2.350000000000000144e-01
2.350000000000000144e-01
2.350000000000000144e-01
2.350000000000000144e-01
2.350000000000000144e-01
2.350000000000000144e-01
2.350000000000000144e-01
2.350000000000000144e-01
2.350000000000000144e-01
2.350000000000000144e-01
2.350000000000000144e-01
2.350000000000000144e-01
2.350000000000000144e-01
2.350000000000000144e-01
2.350000000000000144e-01
2.350000000000000144e-01
2.350000000000000144e-01
2.350000000000000144e-01
2.350000000000000144e-01
2.350000000000000144e-01
2.350000000000000144e-01
2.350000000000000144e-01
2.350000000000000144e-01
2.350000000000000144e-01
2.350000000000000144e-01
2.350000000000000144e-01
2.350000000000000144e-01
2.350000000000000144e-01
2.350000000000000144e-01
2.350000000000000144e-01
2.350000000000000144e-01
2.350000000000000144e-01
2.350000000000000144e-01
2.350000000000000144e-01
2.350000000000000144e-01
2.350000000000000144e-01
2.350000000000000144e-01
2.350000000000000144e-01
2.350000000000000144e-01
2.350000000000000144e-01
2.350000000000000144e-01
2.350000000000000144e-01
2.350000000000000144e-01
2.350000000000000144e-01
2.350000000000000144e-01
2.350000000000000144e-01
2.350000000000000144e-01
2.350000000000000144e-01
2.350000000000000144e-01
2.350000000000000144e-01
2.350000000000000144e-01
2.350000000000000144e-01
2.350000000000000144e-01
2.350000000000000144e-01
2.350000000000000144e-01
2.350000000000000144e-01
2.350000000000000144e-01
2.350000000000000144e-01
2.350000000000000144e-01
2.350000000000000144e-01
2.350000000000000144e-01
2.350000000000000144e-01
2.350000000000000144e-01
2.350000000000000144e-01
2.350000000000000144e-01
2.350000000000000144e-01
2.350000000000000144e-01
2.350000000000000144e-01
2.350000000000000144e-01
2.350000000000000144e-01
2.350000000000000144e-01
2.350000000000000144e-01
2.350000000000000144e-01
2.350000000000000144e-01
2.350000000000000144e-01
2.350000000000000144e-01
2.350000000000000144e-01
2.350000000000000144e-01
2.350000000000000144e-01
2.350000000000000144e-01
2.350000000000000144e-01
2.350000000000000144e-01
2.350000000000000144e-01
2.350000000000000144e-01
2.350000000000000144e-01
2.350000000000000144e-01
2.350000000000000144e-01
2.350000000000000144e-01
2.350000000000000144e-01
2.350000000000000144e-01
2.350000000000000144e-01
2.350000000000000144e-01
2.350000000000000144e-01
2.350000000000000144e-01
2.350000000000000144e-01
2.350000000000000144e-01
2.350000000000000144e-01
2.350000000000000144e-01
2.350000000000000144e-01
2.350000000000000144e-01
2.350000000000000144e-01
2.350000000000000144e-01
2.350000000000000144e-01
2.350000000000000144e-01
2.350000000000000144e-01
2.350000000000000144e-01
2.350000000000000144e-01
2.350000000000000144e-01
2.350000000000000144e-01
2.350000000000000144e-01
2.350000000000000144e-01
2.350000000000000144e-01
2.350000000000000144e-01
2.350000000000000144e-01
2.350000000000000144e-01
2.350000000000000144e-01
2.350000000000000144e-01
2.350000000000000144e-01
2.350000000000000144e-01
2.350000000000000144e-01
2.350000000000000144e-01
2.350000000000000144e-01
2.350000000000000144e-01
2.350000000000000144e-01
2.350000000000000144e-01
2.350000000000000144e-01
2.350000000000000144e-01
2.350000000000000144e-01
2.350000000000000144e-01
2.350000000000000144e-01
2.350000000000000144e-01
2.350000000000000144e-01
2.350000000000000144e-01
2.350000000000000144e-01
2.350000000000000144e-01
2.350000000000000144e-01
2.350000000000000144e-01
2.350000000000000144e-01
2.350000000000000144e-01
2.350000000000000144e-01
2.350000000000000144e-01
2.350000000000000144e-01
2.350000000000000144e-01
2.350000000000000144e-01
2.350000000000000144e-01
2.350000000000000144e-01
2.350000000000000144e-01
2.350000000000000144e-01
2.350000000000000144e-01
2.350000000000000144e-01
2.350000000000000144e-01
2.350000000000000144e-01
2.350000000000000144e-01
2.350000000000000144e-01
2.350000000000000144e-01
2.350000000000000144e-01
2.350000000000000144e-01
2.350000000000000144e-01
2.350000000000000144e-01
2.350000000000000144e-01
2.350000000000000144e-01
2.350000000000000144e-01
2.350000000000000144e-01
2.350000000000000144e-01
2.350000000000000144e-01
2.350000000000000144e-01
2.350000000000000144e-01
2.350000000000000144e-01
2.350000000000000144e-01
2.350000000000000144e-01
2.350000000000000144e-01
2.350000000000000144e-01
2.350000000000000144e-01
2.350000000000000144e-01
2.350000000000000144e-01
2.350000000000000144e-01
2.350000000000000144e-01
2.350000000000000144e-01
2.350000000000000144e-01
2.350000000000000144e-01
2.350000000000000144e-01
2.350000000000000144e-01
2.350000000000000144e-01
2.350000000000000144e-01
2.350000000000000144e-01
2.350000000000000144e-01
2.350000000000000144e-01
2.350000000000000144e-01
2.350000000000000144e-01
2.350000000000000144e-01
2.350000000000000144e-01
2.350000000000000144e-01
2.350000000000000144e-01
2.350000000000000144e-01
2.350000000000000144e-01
2.350000000000000144e-01
2.350000000000000144e-01
2.350000000000000144e-01
2.350000000000000144e-01
2.350000000000000144e-01
2.350000000000000144e-01
2.350000000000000144e-01
2.350000000000000144e-01
2.350000000000000144e-01
2.350000000000000144e-01
2.350000000000000144e-01
2.350000000000000144e-01
2.350000000000000144e-01
2.350000000000000144e-01
2.350000000000000144e-01
2.350000000000000144e-01
2.350000000000000144e-01
2.350000000000000144e-01
2.350000000000000144e-01
2.350000000000000144e-01
2.350000000000000144e-01
2.350000000000000144e-01
2.350000000000000144e-01
2.350000000000000144e-01
2.350000000000000144e-01
2.350000000000000144e-01
2.350000000000000144e-01
2.350000000000000144e-01
2.350000000000000144e-01
2.350000000000000144e-01
2.350000000000000144e-01
2.350000000000000144e-01
2.350000000000000144e-01
2.350000000000000144e-01
2.350000000000000144e-01
2.350000000000000144e-01
2.350000000000000144e-01
2.350000000000000144e-01
2.350000000000000144e-01
2.350000000000000144e-01
2.350000000000000144e-01
2.350000000000000144e-01
2.350000000000000144e-01
2.350000000000000144e-01
2.350000000000000144e-01
2.350000000000000144e-01
2.350000000000000144e-01
2.350000000000000144e-01
2.350000000000000144e-01
2.350000000000000144e-01
2.350000000000000144e-01
2.350000000000000144e-01
8.999999999999999667e-02
8.999999999999999667e-02
8.999999999999999667e-02
8.999999999999999667e-02
8.999999999999999667e-02
8.999999999999999667e-02
8.999999999999999667e-02
8.999999999999999667e-02
8.999999999999999667e-02
8.999999999999999667e-02
8.999999999999999667e-02
8.999999999999999667e-02
8.999999999999999667e-02
8.999999999999999667e-02
8.999999999999999667e-02
8.999999999999999667e-02
8.999999999999999667e-02
8.999999999999999667e-02
8.999999999999999667e-02
8.999999999999999667e-02
8.999999999999999667e-02
8.999999999999999667e-02
8.999999999999999667e-02
8.999999999999999667e-02
8.999999999999999667e-02
8.999999999999999667e-02
8.999999999999999667e-02
8.999999999999999667e-02
8.999999999999999667e-02
8.999999999999999667e-02
8.999999999999999667e-02
8.999999999999999667e-02
8.999999999999999667e-02
8.999999999999999667e-02
8.999999999999999667e-02
8.999999999999999667e-02
8.999999999999999667e-02
8.999999999999999667e-02
8.999999999999999667e-02
8.999999999999999667e-02
8.999999999999999667e-02
8.999999999999999667e-02
8.999999999999999667e-02
8.999999999999999667e-02
8.999999999999999667e-02
8.999999999999999667e-02
8.999999999999999667e-02
8.999999999999999667e-02
8.999999999999999667e-02
8.999999999999999667e-02
8.999999999999999667e-02
8.999999999999999667e-02
8.999999999999999667e-02
8.999999999999999667e-02
8.999999999999999667e-02
8.999999999999999667e-02
8.999999999999999667e-02
8.999999999999999667e-02
8.999999999999999667e-02
8.999999999999999667e-02
8.999999999999999667e-02
8.999999999999999667e-02
8.999999999999999667e-02
8.999999999999999667e-02
8.999999999999999667e-02
8.999999999999999667e-02
8.999999999999999667e-02
8.999999999999999667e-02
8.999999999999999667e-02
8.999999999999999667e-02
8.999999999999999667e-02
8.999999999999999667e-02
8.999999999999999667e-02
8.999999999999999667e-02
8.999999999999999667e-02
8.999999999999999667e-02
8.999999999999999667e-02
8.999999999999999667e-02
8.999999999999999667e-02
8.999999999999999667e-02
8.999999999999999667e-02
8.999999999999999667e-02
8.999999999999999667e-02
8.999999999999999667e-02
8.999999999999999667e-02
8.999999999999999667e-02
8.999999999999999667e-02
8.999999999999999667e-02
8.999999999999999667e-02
8.999999999999999667e-02
8.999999999999999667e-02
8.999999999999999667e-02
8.999999999999999667e-02
8.999999999999999667e-02
8.999999999999999667e-02
8.999999999999999667e-02
8.999999999999999667e-02
8.999999999999999667e-02
8.999999999999999667e-02
8.999999999999999667e-02
8.999999999999999667e-02
8.999999999999999667e-02
8.999999999999999667e-02
8.999999999999999667e-02
8.999999999999999667e-02
8.999999999999999667e-02
8.999999999999999667e-02
8.999999999999999667e-02
8.999999999999999667e-02
8.999999999999999667e-02
8.999999999999999667e-02
8.999999999999999667e-02
8.999999999999999667e-02
8.999999999999999667e-02
8.999999999999999667e-02
8.999999999999999667e-02
8.999999999999999667e-02
8.999999999999999667e-02
8.999999999999999667e-02
8.999999999999999667e-02
8.999999999999999667e-02
8.999999999999999667e-02
8.999999999999999667e-02
8.999999999999999667e-02
8.999999999999999667e-02
8.999999999999999667e-02
8.999999999999999667e-02
8.999999999999999667e-02
8.999999999999999667e-02
8.999999999999999667e-02
8.999999999999999667e-02
8.999999999999999667e-02
8.999999999999999667e-02
8.999999999999999667e-02
8.999999999999999667e-02
8.999999999999999667e-02
8.999999999999999667e-02
8.999999999999999667e-02
8.999999999999999667e-02
8.999999999999999667e-02
8.999999999999999667e-02
8.999999999999999667e-02
8.999999999999999667e-02
8.999999999999999667e-02
8.999999999999999667e-02
8.999999999999999667e-02
8.999999999999999667e-02
8.999999999999999667e-02
8.999999999999999667e-02
8.999999999999999667e-02
8.999999999999999667e-02
8.999999999999999667e-02
8.999999999999999667e-02
8.999999999999999667e-02
8.999999999999999667e-02
8.999999999999999667e-02
8.999999999999999667e-02
8.999999999999999667e-02
8.999999999999999667e-02
8.999999999999999667e-02
8.999999999999999667e-02
8.999999999999999667e-02
8.999999999999999667e-02
8.999999999999999667e-02
8.999999999999999667e-02
8.999999999999999667e-02
8.999999999999999667e-02
8.999999999999999667e-02
8.999999999999999667e-02
8.999999999999999667e-02
8.999999999999999667e-02
8.999999999999999667e-02
8.999999999999999667e-02
8.999999999999999667e-02
8.999999999999999667e-02
8.999999999999999667e-02
8.999999999999999667e-02
8.999999999999999667e-02
8.999999999999999667e-02
8.999999999999999667e-02
8.999999999999999667e-02
8.999999999999999667e-02
8.999999999999999667e-02
8.999999999999999667e-02
8.999999999999999667e-02
8.999999999999999667e-02
8.999999999999999667e-02
8.999999999999999667e-02
8.999999999999999667e-02
8.999999999999999667e-02
8.999999999999999667e-02
8.999999999999999667e-02
8.999999999999999667e-02
8.999999999999999667e-02
8.999999999999999667e-02
8.999999999999999667e-02
8.999999999999999667e-02
8.999999999999999667e-02
8.999999999999999667e-02
8.999999999999999667e-02
8.999999999999999667e-02
8.999999999999999667e-02
8.999999999999999667e-02
8.999999999999999667e-02
8.999999999999999667e-02
8.999999999999999667e-02
8.999999999999999667e-02
8.999999999999999667e-02
8.999999999999999667e-02
8.999999999999999667e-02
8.999999999999999667e-02
8.999999999999999667e-02
8.999999999999999667e-02
8.999999999999999667e-02
8.999999999999999667e-02
8.999999999999999667e-02
8.999999999999999667e-02
8.999999999999999667e-02
8.999999999999999667e-02
8.999999999999999667e-02
8.999999999999999667e-02
8.999999999999999667e-02
8.999999999999999667e-02
8.999999999999999667e-02
8.999999999999999667e-02
8.999999999999999667e-02
8.999999999999999667e-02
8.999999999999999667e-02
8.999999999999999667e-02
8.999999999999999667e-02
8.999999999999999667e-02
8.999999999999999667e-02
8.999999999999999667e-02
8.999999999999999667e-02
8.999999999999999667e-02
8.999999999999999667e-02
8.999999999999999667e-02
8.999999999999999667e-02
8.999999999999999667e-02
8.999999999999999667e-02
8.999999999999999667e-02
8.999999999999999667e-02
8.999999999999999667e-02
8.999999999999999667e-02
8.999999999999999667e-02
8.999999999999999667e-02
8.999999999999999667e-02
8.999999999999999667e-02
8.999999999999999667e-02
8.999999999999999667e-02
8.999999999999999667e-02
8.999999999999999667e-02
8.999999999999999667e-02
8.999999999999999667e-02
8.999999999999999667e-02
8.999999999999999667e-02
8.999999999999999667e-02
8.999999999999999667e-02
8.999999999999999667e-02
8.999999999999999667e-02
8.999999999999999667e-02
8.999999999999999667e-02
8.999999999999999667e-02
8.999999999999999667e-02
8.999999999999999667e-02
8.999999999999999667e-02
8.999999999999999667e-02
8.999999999999999667e-02
8.999999999999999667e-02
8.999999999999999667e-02
8.999999999999999667e-02
8.999999999999999667e-02
8.999999999999999667e-02
8.999999999999999667e-02
8.999999999999999667e-02
8.999999999999999667e-02
8.999999999999999667e-02
8.999999999999999667e-02
8.999999999999999667e-02
8.999999999999999667e-02
8.999999999999999667e-02
8.999999999999999667e-02
8.999999999999999667e-02
8.999999999999999667e-02
8.999999999999999667e-02
8.999999999999999667e-02
8.999999999999999667e-02
8.999999999999999667e-02
8.999999999999999667e-02
8.999999999999999667e-02
8.999999999999999667e-02
8.999999999999999667e-02
8.999999999999999667e-02
8.999999999999999667e-02
8.999999999999999667e-02
8.999999999999999667e-02
8.999999999999999667e-02
8.999999999999999667e-02
8.999999999999999667e-02
8.999999999999999667e-02
8.980000000000000204e-01
8.980000000000000204e-01
8.980000000000000204e-01
8.980000000000000204e-01
8.980000000000000204e-01
8.980000000000000204e-01
8.980000000000000204e-01
8.980000000000000204e-01
8.980000000000000204e-01
8.980000000000000204e-01
8.980000000000000204e-01
8.980000000000000204e-01
8.980000000000000204e-01
8.980000000000000204e-01
8.980000000000000204e-01
8.980000000000000204e-01
8.980000000000000204e-01
8.980000000000000204e-01
8.980000000000000204e-01
8.980000000000000204e-01
8.980000000000000204e-01
8.980000000000000204e-01
8.980000000000000204e-01
8.980000000000000204e-01
8.980000000000000204e-01
8.980000000000000204e-01
8.980000000000000204e-01
8.980000000000000204e-01
8.980000000000000204e-01
8.980000000000000204e-01
8.980000000000000204e-01
8.980000000000000204e-01
8.980000000000000204e-01
8.980000000000000204e-01
8.980000000000000204e-01
8.980000000000000204e-01
8.980000000000000204e-01
8.980000000000000204e-01
8.980000000000000204e-01
8.980000000000000204e-01
8.980000000000000204e-01
8.980000000000000204e-01
8.980000000000000204e-01
8.980000000000000204e-01
8.980000000000000204e-01
8.980000000000000204e-01
8.980000000000000204e-01
8.980000000000000204e-01
8.980000000000000204e-01
8.980000000000000204e-01
8.980000000000000204e-01
8.980000000000000204e-01
8.980000000000000204e-01
8.980000000000000204e-01
8.980000000000000204e-01
8.980000000000000204e-01
8.980000000000000204e-01
8.980000000000000204e-01
8.980000000000000204e-01
8.980000000000000204e-01
8.980000000000000204e-01
8.980000000000000204e-01
8.980000000000000204e-01
8.980000000000000204e-01
8.980000000000000204e-01
8.980000000000000204e-01
8.980000000000000204e-01
8.980000000000000204e-01
8.980000000000000204e-01
8.980000000000000204e-01
8.980000000000000204e-01
8.980000000000000204e-01
8.980000000000000204e-01
8.980000000000000204e-01
8.980000000000000204e-01
8.980000000000000204e-01
8.980000000000000204e-01
8.980000000000000204e-01
8.980000000000000204e-01
8.980000000000000204e-01
8.980000000000000204e-01
8.980000000000000204e-01
8.980000000000000204e-01
8.980000000000000204e-01
8.980000000000000204e-01
8.980000000000000204e-01
8.980000000000000204e-01
8.980000000000000204e-01
8.980000000000000204e-01
8.980000000000000204e-01
8.980000000000000204e-01
8.980000000000000204e-01
8.980000000000000204e-01
8.980000000000000204e-01
8.980000000000000204e-01
8.980000000000000204e-01
8.980000000000000204e-01
8.980000000000000204e-01
8.980000000000000204e-01
8.980000000000000204e-01
8.980000000000000204e-01
8.980000000000000204e-01
8.980000000000000204e-01
8.980000000000000204e-01
8.980000000000000204e-01
8.980000000000000204e-01
8.980000000000000204e-01
8.980000000000000204e-01
8.980000000000000204e-01
8.980000000000000204e-01
8.980000000000000204e-01
8.980000000000000204e-01
8.980000000000000204e-01
8.980000000000000204e-01
8.980000000000000204e-01
8.980000000000000204e-01
8.980000000000000204e-01
8.980000000000000204e-01
8.980000000000000204e-01
8.980000000000000204e-01
8.980000000000000204e-01
8.980000000000000204e-01
8.980000000000000204e-01
8.980000000000000204e-01
8.980000000000000204e-01
8.980000000000000204e-01
8.980000000000000204e-01
8.980000000000000204e-01
8.980000000000000204e-01
8.980000000000000204e-01
8.980000000000000204e-01
8.980000000000000204e-01
8.980000000000000204e-01
8.980000000000000204e-01
8.980000000000000204e-01
8.980000000000000204e-01
8.980000000000000204e-01
8.980000000000000204e-01
8.980000000000000204e-01
8.980000000000000204e-01
8.980000000000000204e-01
8.980000000000000204e-01
8.980000000000000204e-01
8.980000000000000204e-01
8.980000000000000204e-01
8.980000000000000204e-01
8.980000000000000204e-01
8.980000000000000204e-01
8.980000000000000204e-01
8.980000000000000204e-01
8.980000000000000204e-01
8.980000000000000204e-01
8.980000000000000204e-01
8.980000000000000204e-01
8.980000000000000204e-01
8.980000000000000204e-01
8.980000000000000204e-01
8.980000000000000204e-01
8.980000000000000204e-01
8.980000000000000204e-01
8.980000000000000204e-01
8.980000000000000204e-01
8.980000000000000204e-01
8.980000000000000204e-01
8.980000000000000204e-01
8.980000000000000204e-01
8.980000000000000204e-01
8.980000000000000204e-01
8.980000000000000204e-01
8.980000000000000204e-01
8.980000000000000204e-01
8.980000000000000204e-01
8.980000000000000204e-01
8.980000000000000204e-01
8.980000000000000204e-01
8.980000000000000204e-01
8.980000000000000204e-01
8.980000000000000204e-01
8.980000000000000204e-01
8.980000000000000204e-01
8.980000000000000204e-01
8.980000000000000204e-01
8.980000000000000204e-01
8.980000000000000204e-01
8.980000000000000204e-01
8.980000000000000204e-01
8.980000000000000204e-01
8.980000000000000204e-01
8.980000000000000204e-01
8.980000000000000204e-01
8.980000000000000204e-01
8.980000000000000204e-01
8.980000000000000204e-01
8.980000000000000204e-01
8.980000000000000204e-01
8.980000000000000204e-01
8.980000000000000204e-01
8.980000000000000204e-01
8.980000000000000204e-01
8.980000000000000204e-01
8.980000000000000204e-01
8.980000000000000204e-01
8.980000000000000204e-01
8.980000000000000204e-01
8.980000000000000204e-01
8.980000000000000204e-01
8.980000000000000204e-01
8.980000000000000204e-01
8.980000000000000204e-01
8.980000000000000204e-01
8.980000000000000204e-01
8.980000000000000204e-01
8.980000000000000204e-01
8.980000000000000204e-01
8.980000000000000204e-01
8.980000000000000204e-01
8.980000000000000204e-01
8.980000000000000204e-01
8.980000000000000204e-01
8.980000000000000204e-01
8.980000000000000204e-01
8.980000000000000204e-01
8.980000000000000204e-01
8.980000000000000204e-01
8.980000000000000204e-01
8.980000000000000204e-01
8.980000000000000204e-01
8.980000000000000204e-01
8.980000000000000204e-01
8.980000000000000204e-01
8.980000000000000204e-01
8.980000000000000204e-01
8.980000000000000204e-01
8.980000000000000204e-01
8.980000000000000204e-01
8.980000000000000204e-01
8.980000000000000204e-01
8.980000000000000204e-01
8.980000000000000204e-01
8.980000000000000204e-01
8.980000000000000204e-01
8.980000000000000204e-01
8.980000000000000204e-01
8.980000000000000204e-01
8.980000000000000204e-01
8.980000000000000204e-01
8.980000000000000204e-01
8.980000000000000204e-01
8.980000000000000204e-01
8.980000000000000204e-01
8.980000000000000204e-01
8.980000000000000204e-01
8.980000000000000204e-01
8.980000000000000204e-01
8.980000000000000204e-01
8.980000000000000204e-01
8.980000000000000204e-01
8.980000000000000204e-01
8.980000000000000204e-01
8.980000000000000204e-01
8.980000000000000204e-01
8.980000000000000204e-01
8.980000000000000204e-01
8.980000000000000204e-01
8.980000000000000204e-01
8.980000000000000204e-01
8.980000000000000204e-01
8.980000000000000204e-01
8.980000000000000204e-01
8.980000000000000204e-01
8.980000000000000204e-01
8.980000000000000204e-01
8.980000000000000204e-01
8.980000000000000204e-01
8.980000000000000204e-01
8.980000000000000204e-01
8.980000000000000204e-01
8.980000000000000204e-01
8.980000000000000204e-01
8.980000000000000204e-01
8.980000000000000204e-01
8.980000000000000204e-01
8.980000000000000204e-01
8.980000000000000204e-01
8.980000000000000204e-01
8.980000000000000204e-01
8.980000000000000204e-01
8.980000000000000204e-01
8.980000000000000204e-01
8.980000000000000204e-01
8.980000000000000204e-01
8.980000000000000204e-01
8.980000000000000204e-01
8.980000000000000204e-01
8.980000000000000204e-01
8.980000000000000204e-01
8.980000000000000204e-01
8.980000000000000204e-01
8.980000000000000204e-01
8.980000000000000204e-01
7.670000000000000151e-01
7.670000000000000151e-01
7.670000000000000151e-01
7.670000000000000151e-01
7.670000000000000151e-01
7.670000000000000151e-01
7.670000000000000151e-01
7.670000000000000151e-01
7.670000000000000151e-01
7.670000000000000151e-01
7.670000000000000151e-01
7.670000000000000151e-01
7.670000000000000151e-01
7.670000000000000151e-01
7.670000000000000151e-01
7.670000000000000151e-01
7.670000000000000151e-01
7.670000000000000151e-01
7.670000000000000151e-01
7.670000000000000151e-01
7.670000000000000151e-01
7.670000000000000151e-01
7.670000000000000151e-01
7.670000000000000151e-01
7.670000000000000151e-01
7.670000000000000151e-01
7.670000000000000151e-01
7.670000000000000151e-01
7.670000000000000151e-01
7.670000000000000151e-01
7.670000000000000151e-01
7.670000000000000151e-01
7.670000000000000151e-01
7.670000000000000151e-01
7.670000000000000151e-01
7.670000000000000151e-01
7.670000000000000151e-01
7.670000000000000151e-01
7.670000000000000151e-01
7.670000000000000151e-01
7.670000000000000151e-01
7.670000000000000151e-01
7.670000000000000151e-01
7.670000000000000151e-01
7.670000000000000151e-01
7.670000000000000151e-01
7.670000000000000151e-01
7.670000000000000151e-01
7.670000000000000151e-01
7.670000000000000151e-01
7.670000000000000151e-01
7.670000000000000151e-01
7.670000000000000151e-01
7.670000000000000151e-01
7.670000000000000151e-01
7.670000000000000151e-01
7.670000000000000151e-01
7.670000000000000151e-01
7.670000000000000151e-01
7.670000000000000151e-01
7.670000000000000151e-01
7.670000000000000151e-01
7.670000000000000151e-01
7.670000000000000151e-01
7.670000000000000151e-01
7.670000000000000151e-01
7.670000000000000151e-01
7.670000000000000151e-01
7.670000000000000151e-01
7.670000000000000151e-01
7.670000000000000151e-01
7.670000000000000151e-01
7.670000000000000151e-01
7.670000000000000151e-01
7.670000000000000151e-01
7.670000000000000151e-01
7.670000000000000151e-01
7.670000000000000151e-01
7.670000000000000151e-01
7.670000000000000151e-01
7.670000000000000151e-01
7.670000000000000151e-01
7.670000000000000151e-01
7.670000000000000151e-01
7.670000000000000151e-01
7.670000000000000151e-01
7.670000000000000151e-01
7.670000000000000151e-01
7.670000000000000151e-01
7.670000000000000151e-01
7.670000000000000151e-01
7.670000000000000151e-01
7.670000000000000151e-01
7.670000000000000151e-01
7.670000000000000151e-01
7.670000000000000151e-01
7.670000000000000151e-01
7.670000000000000151e-01
7.670000000000000151e-01
7.670000000000000151e-01
7.670000000000000151e-01
7.670000000000000151e-01
7.670000000000000151e-01
7.670000000000000151e-01
7.670000000000000151e-01
7.670000000000000151e-01
7.670000000000000151e-01
7.670000000000000151e-01
7.670000000000000151e-01
7.670000000000000151e-01
7.670000000000000151e-01
7.670000000000000151e-01
7.670000000000000151e-01
7.670000000000000151e-01
7.670000000000000151e-01
7.670000000000000151e-01
7.670000000000000151e-01
7.670000000000000151e-01
7.670000000000000151e-01
7.670000000000000151e-01
7.670000000000000151e-01
7.670000000000000151e-01
7.670000000000000151e-01
7.670000000000000151e-01
7.670000000000000151e-01
7.670000000000000151e-01
7.670000000000000151e-01
7.670000000000000151e-01
7.670000000000000151e-01
7.670000000000000151e-01
7.670000000000000151e-01
7.670000000000000151e-01
7.670000000000000151e-01
7.670000000000000151e-01
7.670000000000000151e-01
7.670000000000000151e-01
7.670000000000000151e-01
7.670000000000000151e-01
7.670000000000000151e-01
7.670000000000000151e-01
7.670000000000000151e-01
7.670000000000000151e-01
7.670000000000000151e-01
7.670000000000000151e-01
7.670000000000000151e-01
7.670000000000000151e-01
7.670000000000000151e-01
7.670000000000000151e-01
7.670000000000000151e-01
7.670000000000000151e-01
7.670000000000000151e-01
7.670000000000000151e-01
7.670000000000000151e-01
7.670000000000000151e-01
7.670000000000000151e-01
7.670000000000000151e-01
7.670000000000000151e-01
7.670000000000000151e-01
7.670000000000000151e-01
7.670000000000000151e-01
7.670000000000000151e-01
7.670000000000000151e-01
7.670000000000000151e-01
7.670000000000000151e-01
7.670000000000000151e-01
7.670000000000000151e-01
7.670000000000000151e-01
7.670000000000000151e-01
7.670000000000000151e-01
7.670000000000000151e-01
7.670000000000000151e-01
7.670000000000000151e-01
7.670000000000000151e-01
7.670000000000000151e-01
7.670000000000000151e-01
7.670000000000000151e-01
7.670000000000000151e-01
7.670000000000000151e-01
7.670000000000000151e-01
7.670000000000000151e-01
7.670000000000000151e-01
7.670000000000000151e-01
7.670000000000000151e-01
7.670000000000000151e-01
7.670000000000000151e-01
7.670000000000000151e-01
7.670000000000000151e-01
7.670000000000000151e-01
7.670000000000000151e-01
7.670000000000000151e-01
7.670000000000000151e-01
7.670000000000000151e-01
7.670000000000000151e-01
7.670000000000000151e-01
7.670000000000000151e-01
7.670000000000000151e-01
7.670000000000000151e-01
7.670000000000000151e-01
7.670000000000000151e-01
7.670000000000000151e-01
7.670000000000000151e-01
7.670000000000000151e-01
7.670000000000000151e-01
7.670000000000000151e-01
7.670000000000000151e-01
7.670000000000000151e-01
7.670000000000000151e-01
7.670000000000000151e-01
7.670000000000000151e-01
7.670000000000000151e-01
7.670000000000000151e-01
7.670000000000000151e-01
7.670000000000000151e-01
7.670000000000000151e-01
7.670000000000000151e-01
7.670000000000000151e-01
7.670000000000000151e-01
7.670000000000000151e-01
7.670000000000000151e-01
7.670000000000000151e-01
7.670000000000000151e-01
7.670000000000000151e-01
7.670000000000000151e-01
7.670000000000000151e-01
7.670000000000000151e-01
7.670000000000000151e-01
7.670000000000000151e-01
7.670000000000000151e-01
7.670000000000000151e-01
7.670000000000000151e-01
7.670000000000000151e-01
7.670000000000000151e-01
7.670000000000000151e-01
7.670000000000000151e-01
7.670000000000000151e-01
7.670000000000000151e-01
7.670000000000000151e-01
7.670000000000000151e-01
7.670000000000000151e-01
7.670000000000000151e-01
7.670000000000000151e-01
7.670000000000000151e-01
7.670000000000000151e-01
7.670000000000000151e-01
7.670000000000000151e-01
7.670000000000000151e-01
7.670000000000000151e-01
7.670000000000000151e-01
7.670000000000000151e-01
7.670000000000000151e-01
7.670000000000000151e-01
7.670000000000000151e-01
7.670000000000000151e-01
7.670000000000000151e-01
7.670000000000000151e-01
7.670000000000000151e-01
7.670000000000000151e-01
7.670000000000000151e-01
7.670000000000000151e-01
7.670000000000000151e-01
7.670000000000000151e-01
7.670000000000000151e-01
7.670000000000000151e-01
7.670000000000000151e-01
7.670000000000000151e-01
7.670000000000000151e-01
7.670000000000000151e-01
7.670000000000000151e-01
7.670000000000000151e-01
7.670000000000000151e-01
7.670000000000000151e-01
7.670000000000000151e-01
7.670000000000000151e-01
7.670000000000000151e-01
7.670000000000000151e-01
7.670000000000000151e-01
7.670000000000000151e-01
7.670000000000000151e-01
7.670000000000000151e-01
7.670000000000000151e-01
7.670000000000000151e-01
7.670000000000000151e-01
7.670000000000000151e-01
7.670000000000000151e-01
7.670000000000000151e-01
7.670000000000000151e-01
7.670000000000000151e-01
7.670000000000000151e-01
7.670000000000000151e-01
7.670000000000000151e-01
7.670000000000000151e-01
7.670000000000000151e-01
7.670000000000000151e-01
7.670000000000000151e-01
7.670000000000000151e-01
7.670000000000000151e-01
7.670000000000000151e-01
7.670000000000000151e-01
7.670000000000000151e-01
7.670000000000000151e-01
2.250000000000000056e-01
2.250000000000000056e-01
2.250000000000000056e-01
2.250000000000000056e-01
2.250000000000000056e-01
2.250000000000000056e-01
2.250000000000000056e-01
2.250000000000000056e-01
2.250000000000000056e-01
2.250000000000000056e-01
2.250000000000000056e-01
2.250000000000000056e-01
2.250000000000000056e-01
2.250000000000000056e-01
2.250000000000000056e-01
2.250000000000000056e-01
2.250000000000000056e-01
2.250000000000000056e-01
2.250000000000000056e-01
2.250000000000000056e-01
2.250000000000000056e-01
2.250000000000000056e-01
2.250000000000000056e-01
2.250000000000000056e-01
2.250000000000000056e-01
2.250000000000000056e-01
2.250000000000000056e-01
2.250000000000000056e-01
2.250000000000000056e-01
2.250000000000000056e-01
2.250000000000000056e-01
2.250000000000000056e-01
2.250000000000000056e-01
2.250000000000000056e-01
2.250000000000000056e-01
2.250000000000000056e-01
2.250000000000000056e-01
2.250000000000000056e-01
2.250000000000000056e-01
2.250000000000000056e-01
2.250000000000000056e-01
2.250000000000000056e-01
2.250000000000000056e-01
2.250000000000000056e-01
2.250000000000000056e-01
2.250000000000000056e-01
2.250000000000000056e-01
2.250000000000000056e-01
2.250000000000000056e-01
2.250000000000000056e-01
2.250000000000000056e-01
2.250000000000000056e-01
2.250000000000000056e-01
2.250000000000000056e-01
2.250000000000000056e-01
2.250000000000000056e-01
2.250000000000000056e-01
2.250000000000000056e-01
2.250000000000000056e-01
2.250000000000000056e-01
2.250000000000000056e-01
2.250000000000000056e-01
2.250000000000000056e-01
2.250000000000000056e-01
2.250000000000000056e-01
2.250000000000000056e-01
2.250000000000000056e-01
2.250000000000000056e-01
2.250000000000000056e-01
2.250000000000000056e-01
2.250000000000000056e-01
2.250000000000000056e-01
2.250000000000000056e-01
2.250000000000000056e-01
2.250000000000000056e-01
2.250000000000000056e-01
2.250000000000000056e-01
2.250000000000000056e-01
2.250000000000000056e-01
2.250000000000000056e-01
2.250000000000000056e-01
2.250000000000000056e-01
2.250000000000000056e-01
2.250000000000000056e-01
2.250000000000000056e-01
2.250000000000000056e-01
2.250000000000000056e-01
2.250000000000000056e-01
2.250000000000000056e-01
2.250000000000000056e-01
2.250000000000000056e-01
2.250000000000000056e-01
2.250000000000000056e-01
2.250000000000000056e-01
2.250000000000000056e-01
2.250000000000000056e-01
2.250000000000000056e-01
2.250000000000000056e-01
2.250000000000000056e-01
2.250000000000000056e-01
2.250000000000000056e-01
2.250000000000000056e-01
2.250000000000000056e-01
2.250000000000000056e-01
2.250000000000000056e-01
2.250000000000000056e-01
2.250000000000000056e-01
2.250000000000000056e-01
2.250000000000000056e-01
2.250000000000000056e-01
2.250000000000000056e-01
2.250000000000000056e-01
2.250000000000000056e-01
2.250000000000000056e-01
2.250000000000000056e-01
2.250000000000000056e-01
2.250000000000000056e-01
2.250000000000000056e-01
2.250000000000000056e-01
2.250000000000000056e-01
2.250000000000000056e-01
2.250000000000000056e-01
2.250000000000000056e-01
2.250000000000000056e-01
2.250000000000000056e-01
2.250000000000000056e-01
2.250000000000000056e-01
2.250000000000000056e-01
2.250000000000000056e-01
2.250000000000000056e-01
2.250000000000000056e-01
2.250000000000000056e-01
2.250000000000000056e-01
2.250000000000000056e-01
2.250000000000000056e-01
2.250000000000000056e-01
2.250000000000000056e-01
2.250000000000000056e-01
2.250000000000000056e-01
2.250000000000000056e-01
2.250000000000000056e-01
2.250000000000000056e-01
2.250000000000000056e-01
2.250000000000000056e-01
2.250000000000000056e-01
2.250000000000000056e-01
2.250000000000000056e-01
2.250000000000000056e-01
2.250000000000000056e-01
2.250000000000000056e-01
2.250000000000000056e-01
2.250000000000000056e-01
2.250000000000000056e-01
2.250000000000000056e-01
2.250000000000000056e-01
2.250000000000000056e-01
2.250000000000000056e-01
2.250000000000000056e-01
2.250000000000000056e-01
2.250000000000000056e-01
2.250000000000000056e-01
2.250000000000000056e-01
2.250000000000000056e-01
2.250000000000000056e-01
2.250000000000000056e-01
2.250000000000000056e-01
2.250000000000000056e-01
2.250000000000000056e-01
2.250000000000000056e-01
2.250000000000000056e-01
2.250000000000000056e-01
2.250000000000000056e-01
2.250000000000000056e-01
2.250000000000000056e-01
2.250000000000000056e-01
2.250000000000000056e-01
2.250000000000000056e-01
2.250000000000000056e-01
2.250000000000000056e-01
2.250000000000000056e-01
2.250000000000000056e-01
2.250000000000000056e-01
2.250000000000000056e-01
2.250000000000000056e-01
2.250000000000000056e-01
2.250000000000000056e-01
2.250000000000000056e-01
2.250000000000000056e-01
2.250000000000000056e-01
2.250000000000000056e-01
2.250000000000000056e-01
2.250000000000000056e-01
2.250000000000000056e-01
2.250000000000000056e-01
2.250000000000000056e-01
2.250000000000000056e-01
2.250000000000000056e-01
2.250000000000000056e-01
2.250000000000000056e-01
2.250000000000000056e-01
2.250000000000000056e-01
2.250000000000000056e-01
2.250000000000000056e-01
2.250000000000000056e-01
2.250000000000000056e-01
2.250000000000000056e-01
2.250000000000000056e-01
2.250000000000000056e-01
2.250000000000000056e-01
2.250000000000000056e-01
2.250000000000000056e-01
2.250000000000000056e-01
2.250000000000000056e-01
2.250000000000000056e-01
2.250000000000000056e-01
2.250000000000000056e-01
2.250000000000000056e-01
2.250000000000000056e-01
2.250000000000000056e-01
2.250000000000000056e-01
2.250000000000000056e-01
2.250000000000000056e-01
2.250000000000000056e-01
2.250000000000000056e-01
2.250000000000000056e-01
2.250000000000000056e-01
2.250000000000000056e-01
2.250000000000000056e-01
2.250000000000000056e-01
2.250000000000000056e-01
2.250000000000000056e-01
2.250000000000000056e-01
2.250000000000000056e-01
2.250000000000000056e-01
2.250000000000000056e-01
2.250000000000000056e-01
2.250000000000000056e-01
2.250000000000000056e-01
2.250000000000000056e-01
2.250000000000000056e-01
2.250000000000000056e-01
2.250000000000000056e-01
2.250000000000000056e-01
2.250000000000000056e-01
2.250000000000000056e-01
2.250000000000000056e-01
2.250000000000000056e-01
2.250000000000000056e-01
2.250000000000000056e-01
2.250000000000000056e-01
2.250000000000000056e-01
2.250000000000000056e-01
2.250000000000000056e-01
2.250000000000000056e-01
2.250000000000000056e-01
2.250000000000000056e-01
2.250000000000000056e-01
2.250000000000000056e-01
2.250000000000000056e-01
2.250000000000000056e-01
2.250000000000000056e-01
2.250000000000000056e-01
2.250000000000000056e-01
2.250000000000000056e-01
2.250000000000000056e-01
2.250000000000000056e-01
2.250000000000000056e-01
2.250000000000000056e-01
2.250000000000000056e-01
2.250000000000000056e-01
2.250000000000000056e-01
2.250000000000000056e-01
2.250000000000000056e-01
2.250000000000000056e-01
2.250000000000000056e-01
2.250000000000000056e-01
2.250000000000000056e-01
2.250000000000000056e-01
2.250000000000000056e-01
2.250000000000000056e-01
2.250000000000000056e-01
2.250000000000000056e-01
2.250000000000000056e-01
2.250000000000000056e-01
2.250000000000000056e-01
2.250000000000000056e-01
2.250000000000000056e-01
2.250000000000000056e-01
2.250000000000000056e-01
2.250000000000000056e-01
2.250000000000000056e-01
2.250000000000000056e-01
2.250000000000000056e-01
2.250000000000000056e-01
2.250000000000000056e-01
2.250000000000000056e-01
2.250000000000000056e-01
2.250000000000000056e-01
2.250000000000000056e-01
2.250000000000000056e-01
4.469999999999999529e-01
4.469999999999999529e-01
4.469999999999999529e-01
4.469999999999999529e-01
4.469999999999999529e-01
4.469999999999999529e-01
4.469999999999999529e-01
4.469999999999999529e-01
4.469999999999999529e-01
4.469999999999999529e-01
4.469999999999999529e-01
4.469999999999999529e-01
4.469999999999999529e-01
4.469999999999999529e-01
4.469999999999999529e-01
4.469999999999999529e-01
4.469999999999999529e-01
4.469999999999999529e-01
4.469999999999999529e-01
4.469999999999999529e-01
4.469999999999999529e-01
4.469999999999999529e-01
4.469999999999999529e-01
4.469999999999999529e-01
4.469999999999999529e-01
4.469999999999999529e-01
4.469999999999999529e-01
4.469999999999999529e-01
4.469999999999999529e-01
4.469999999999999529e-01
4.469999999999999529e-01
4.469999999999999529e-01
4.469999999999999529e-01
4.469999999999999529e-01
4.469999999999999529e-01
4.469999999999999529e-01
4.469999999999999529e-01
4.469999999999999529e-01
4.469999999999999529e-01
4.469999999999999529e-01
4.469999999999999529e-01
4.469999999999999529e-01
4.469999999999999529e-01
4.469999999999999529e-01
4.469999999999999529e-01
4.469999999999999529e-01
4.469999999999999529e-01
4.469999999999999529e-01
4.469999999999999529e-01
4.469999999999999529e-01
4.469999999999999529e-01
4.469999999999999529e-01
4.469999999999999529e-01
4.469999999999999529e-01
4.469999999999999529e-01
4.469999999999999529e-01
4.469999999999999529e-01
4.469999999999999529e-01
4.469999999999999529e-01
4.469999999999999529e-01
4.469999999999999529e-01
4.469999999999999529e-01
4.469999999999999529e-01
4.469999999999999529e-01
4.469999999999999529e-01
4.469999999999999529e-01
4.469999999999999529e-01
4.469999999999999529e-01
4.469999999999999529e-01
4.469999999999999529e-01
4.469999999999999529e-01
4.469999999999999529e-01
4.469999999999999529e-01
4.469999999999999529e-01
4.469999999999999529e-01
4.469999999999999529e-01
4.469999999999999529e-01
4.469999999999999529e-01
4.469999999999999529e-01
4.469999999999999529e-01
4.469999999999999529e-01
4.469999999999999529e-01
4.469999999999999529e-01
4.469999999999999529e-01
4.469999999999999529e-01
4.469999999999999529e-01
4.469999999999999529e-01
4.469999999999999529e-01
4.469999999999999529e-01
4.469999999999999529e-01
4.469999999999999529e-01
4.469999999999999529e-01
4.469999999999999529e-01
4.469999999999999529e-01
4.469999999999999529e-01
4.469999999999999529e-01
4.469999999999999529e-01
4.469999999999999529e-01
4.469999999999999529e-01
4.469999999999999529e-01
4.469999999999999529e-01
4.469999999999999529e-01
4.469999999999999529e-01
4.469999999999999529e-01
4.469999999999999529e-01
4.469999999999999529e-01
4.469999999999999529e-01
4.469999999999999529e-01
4.469999999999999529e-01
4.469999999999999529e-01
4.469999999999999529e-01
4.469999999999999529e-01
4.469999999999999529e-01
4.469999999999999529e-01
4.469999999999999529e-01
4.469999999999999529e-01
4.469999999999999529e-01
4.469999999999999529e-01
4.469999999999999529e-01
4.469999999999999529e-01
4.469999999999999529e-01
4.469999999999999529e-01
4.469999999999999529e-01
4.469999999999999529e-01
4.469999999999999529e-01
4.469999999999999529e-01
4.469999999999999529e-01
4.469999999999999529e-01
4.469999999999999529e-01
4.469999999999999529e-01
4.469999999999999529e-01
4.469999999999999529e-01
4.469999999999999529e-01
4.469999999999999529e-01
4.469999999999999529e-01
4.469999999999999529e-01
4.469999999999999529e-01
4.469999999999999529e-01
4.469999999999999529e-01
4.469999999999999529e-01
4.469999999999999529e-01
4.469999999999999529e-01
4.469999999999999529e-01
4.469999999999999529e-01
4.469999999999999529e-01
4.469999999999999529e-01
4.469999999999999529e-01
4.469999999999999529e-01
4.469999999999999529e-01
4.469999999999999529e-01
4.469999999999999529e-01
4.469999999999999529e-01
4.469999999999999529e-01
4.469999999999999529e-01
4.469999999999999529e-01
4.469999999999999529e-01
4.469999999999999529e-01
4.469999999999999529e-01
4.469999999999999529e-01
4.469999999999999529e-01
4.469999999999999529e-01
4.469999999999999529e-01
4.469999999999999529e-01
4.469999999999999529e-01
4.469999999999999529e-01
4.469999999999999529e-01
4.469999999999999529e-01
4.469999999999999529e-01
4.469999999999999529e-01
4.469999999999999529e-01
4.469999999999999529e-01
4.469999999999999529e-01
4.469999999999999529e-01
4.469999999999999529e-01
4.469999999999999529e-01
4.469999999999999529e-01
4.469999999999999529e-01
4.469999999999999529e-01
4.469999999999999529e-01
4.469999999999999529e-01
4.469999999999999529e-01
4.469999999999999529e-01
4.469999999999999529e-01
4.469999999999999529e-01
4.469999999999999529e-01
4.469999999999999529e-01
4.469999999999999529e-01
4.469999999999999529e-01
4.469999999999999529e-01
4.469999999999999529e-01
4.469999999999999529e-01
4.469999999999999529e-01
4.469999999999999529e-01
4.469999999999999529e-01
4.469999999999999529e-01
4.469999999999999529e-01
4.469999999999999529e-01
4.469999999999999529e-01
4.469999999999999529e-01
4.469999999999999529e-01
4.469999999999999529e-01
4.469999999999999529e-01
4.469999999999999529e-01
4.469999999999999529e-01
4.469999999999999529e-01
4.469999999999999529e-01
4.469999999999999529e-01
4.469999999999999529e-01
4.469999999999999529e-01
4.469999999999999529e-01
4.469999999999999529e-01
4.469999999999999529e-01
4.469999999999999529e-01
4.469999999999999529e-01
4.469999999999999529e-01
4.469999999999999529e-01
4.469999999999999529e-01
4.469999999999999529e-01
4.469999999999999529e-01
4.469999999999999529e-01
4.469999999999999529e-01
4.469999999999999529e-01
4.469999999999999529e-01
4.469999999999999529e-01
4.469999999999999529e-01
4.469999999999999529e-01
4.469999999999999529e-01
4.469999999999999529e-01
4.469999999999999529e-01
4.469999999999999529e-01
4.469999999999999529e-01
4.469999999999999529e-01
4.469999999999999529e-01
4.469999999999999529e-01
4.469999999999999529e-01
4.469999999999999529e-01
4.469999999999999529e-01
4.469999999999999529e-01
4.469999999999999529e-01
4.469999999999999529e-01
4.469999999999999529e-01
4.469999999999999529e-01
4.469999999999999529e-01
4.469999999999999529e-01
4.469999999999999529e-01
4.469999999999999529e-01
4.469999999999999529e-01
4.469999999999999529e-01
4.469999999999999529e-01
4.469999999999999529e-01
4.469999999999999529e-01
4.469999999999999529e-01
4.469999999999999529e-01
4.469999999999999529e-01
4.469999999999999529e-01
4.469999999999999529e-01
4.469999999999999529e-01
4.469999999999999529e-01
4.469999999999999529e-01
4.469999999999999529e-01
4.469999999999999529e-01
4.469999999999999529e-01
4.469999999999999529e-01
4.469999999999999529e-01
4.469999999999999529e-01
4.469999999999999529e-01
4.469999999999999529e-01
4.469999999999999529e-01
4.469999999999999529e-01
4.469999999999999529e-01
4.469999999999999529e-01
4.469999999999999529e-01
4.469999999999999529e-01
4.469999999999999529e-01
4.469999999999999529e-01
4.469999999999999529e-01
4.469999999999999529e-01
4.469999999999999529e-01
4.469999999999999529e-01
4.469999999999999529e-01
4.469999999999999529e-01
4.469999999999999529e-01
4.469999999999999529e-01
4.469999999999999529e-01
4.469999999999999529e-01
4.469999999999999529e-01
4.469999999999999529e-01
4.469999999999999529e-01
4.469999999999999529e-01
4.469999999999999529e-01
4.469999999999999529e-01
4.469999999999999529e-01
4.469999999999999529e-01
4.469999999999999529e-01
4.469999999999999529e-01
4.469999999999999529e-01
4.469999999999999529e-01
4.469999999999999529e-01
4.469999999999999529e-01
4.469999999999999529e-01
9.650000000000000799e-01
9.650000000000000799e-01
9.650000000000000799e-01
9.650000000000000799e-01
9.650000000000000799e-01
9.650000000000000799e-01
9.650000000000000799e-01
9.650000000000000799e-01
9.650000000000000799e-01
9.650000000000000799e-01
9.650000000000000799e-01
9.650000000000000799e-01
9.650000000000000799e-01
9.650000000000000799e-01
9.650000000000000799e-01
9.650000000000000799e-01
9.650000000000000799e-01
9.650000000000000799e-01
9.650000000000000799e-01
9.650000000000000799e-01
9.650000000000000799e-01
9.650000000000000799e-01
9.650000000000000799e-01
9.650000000000000799e-01
9.650000000000000799e-01
9.650000000000000799e-01
9.650000000000000799e-01
9.650000000000000799e-01
9.650000000000000799e-01
9.650000000000000799e-01
9.650000000000000799e-01
9.650000000000000799e-01
9.650000000000000799e-01
9.650000000000000799e-01
9.650000000000000799e-01
9.650000000000000799e-01
9.650000000000000799e-01
9.650000000000000799e-01
9.650000000000000799e-01
9.650000000000000799e-01
9.650000000000000799e-01
9.650000000000000799e-01
9.650000000000000799e-01
9.650000000000000799e-01
9.650000000000000799e-01
9.650000000000000799e-01
9.650000000000000799e-01
9.650000000000000799e-01
9.650000000000000799e-01
9.650000000000000799e-01
9.650000000000000799e-01
9.650000000000000799e-01
9.650000000000000799e-01
9.650000000000000799e-01
9.650000000000000799e-01
9.650000000000000799e-01
9.650000000000000799e-01
9.650000000000000799e-01
9.650000000000000799e-01
9.650000000000000799e-01
9.650000000000000799e-01
9.650000000000000799e-01
9.650000000000000799e-01
9.650000000000000799e-01
9.650000000000000799e-01
9.650000000000000799e-01
9.650000000000000799e-01
9.650000000000000799e-01
9.650000000000000799e-01
9.650000000000000799e-01
9.650000000000000799e-01
9.650000000000000799e-01
9.650000000000000799e-01
9.650000000000000799e-01
9.650000000000000799e-01
9.650000000000000799e-01
9.650000000000000799e-01
9.650000000000000799e-01
9.650000000000000799e-01
9.650000000000000799e-01
9.650000000000000799e-01
9.650000000000000799e-01
9.650000000000000799e-01
9.650000000000000799e-01
9.650000000000000799e-01
9.650000000000000799e-01
9.650000000000000799e-01
9.650000000000000799e-01
9.650000000000000799e-01
9.650000000000000799e-01
9.650000000000000799e-01
9.650000000000000799e-01
9.650000000000000799e-01
9.650000000000000799e-01
9.650000000000000799e-01
9.650000000000000799e-01
9.650000000000000799e-01
9.650000000000000799e-01
9.650000000000000799e-01
9.650000000000000799e-01
9.650000000000000799e-01
9.650000000000000799e-01
9.650000000000000799e-01
9.650000000000000799e-01
9.650000000000000799e-01
9.650000000000000799e-01
9.650000000000000799e-01
9.650000000000000799e-01
9.650000000000000799e-01
9.650000000000000799e-01
9.650000000000000799e-01
9.650000000000000799e-01
9.650000000000000799e-01
9.650000000000000799e-01
9.650000000000000799e-01
9.650000000000000799e-01
9.650000000000000799e-01
9.650000000000000799e-01
9.650000000000000799e-01
9.650000000000000799e-01
9.650000000000000799e-01
9.650000000000000799e-01
9.650000000000000799e-01
9.650000000000000799e-01
9.650000000000000799e-01
9.650000000000000799e-01
9.650000000000000799e-01
9.650000000000000799e-01
9.650000000000000799e-01
9.650000000000000799e-01
9.650000000000000799e-01
9.650000000000000799e-01
9.650000000000000799e-01
9.650000000000000799e-01
9.650000000000000799e-01
9.650000000000000799e-01
9.650000000000000799e-01
9.650000000000000799e-01
9.650000000000000799e-01
9.650000000000000799e-01
9.650000000000000799e-01
9.650000000000000799e-01
9.650000000000000799e-01
9.650000000000000799e-01
9.650000000000000799e-01
9.650000000000000799e-01
9.650000000000000799e-01
9.650000000000000799e-01
9.650000000000000799e-01
9.650000000000000799e-01
9.650000000000000799e-01
9.650000000000000799e-01
9.650000000000000799e-01
9.650000000000000799e-01
9.650000000000000799e-01
9.650000000000000799e-01
9.650000000000000799e-01
9.650000000000000799e-01
9.650000000000000799e-01
9.650000000000000799e-01
9.650000000000000799e-01
9.650000000000000799e-01
9.650000000000000799e-01
9.650000000000000799e-01
9.650000000000000799e-01
9.650000000000000799e-01
9.650000000000000799e-01
9.650000000000000799e-01
9.650000000000000799e-01
9.650000000000000799e-01
9.650000000000000799e-01
9.650000000000000799e-01
9.650000000000000799e-01
9.650000000000000799e-01
9.650000000000000799e-01
9.650000000000000799e-01
9.650000000000000799e-01
9.650000000000000799e-01
9.650000000000000799e-01
9.650000000000000799e-01
9.650000000000000799e-01
9.650000000000000799e-01
9.650000000000000799e-01
9.650000000000000799e-01
9.650000000000000799e-01
9.650000000000000799e-01
9.650000000000000799e-01
9.650000000000000799e-01
9.650000000000000799e-01
9.650000000000000799e-01
9.650000000000000799e-01
9.650000000000000799e-01
9.650000000000000799e-01
9.650000000000000799e-01
9.650000000000000799e-01
9.650000000000000799e-01
9.650000000000000799e-01
9.650000000000000799e-01
9.650000000000000799e-01
9.650000000000000799e-01
9.650000000000000799e-01
9.650000000000000799e-01
9.650000000000000799e-01
9.650000000000000799e-01
9.650000000000000799e-01
9.650000000000000799e-01
9.650000000000000799e-01
9.650000000000000799e-01
9.650000000000000799e-01
9.650000000000000799e-01
9.650000000000000799e-01
9.650000000000000799e-01
9.650000000000000799e-01
9.650000000000000799e-01
9.650000000000000799e-01
9.650000000000000799e-01
9.650000000000000799e-01
9.650000000000000799e-01
9.650000000000000799e-01
9.650000000000000799e-01
9.650000000000000799e-01
9.650000000000000799e-01
9.650000000000000799e-01
9.650000000000000799e-01
9.650000000000000799e-01
9.650000000000000799e-01
9.650000000000000799e-01
9.650000000000000799e-01
9.650000000000000799e-01
9.650000000000000799e-01
9.650000000000000799e-01
9.650000000000000799e-01
9.650000000000000799e-01
9.650000000000000799e-01
9.650000000000000799e-01
9.650000000000000799e-01
9.650000000000000799e-01
9.650000000000000799e-01
9.650000000000000799e-01
9.650000000000000799e-01
9.650000000000000799e-01
9.650000000000000799e-01
9.650000000000000799e-01
9.650000000000000799e-01
9.650000000000000799e-01
9.650000000000000799e-01
9.650000000000000799e-01
9.650000000000000799e-01
9.650000000000000799e-01
9.650000000000000799e-01
9.650000000000000799e-01
9.650000000000000799e-01
9.650000000000000799e-01
9.650000000000000799e-01
9.650000000000000799e-01
9.650000000000000799e-01
9.650000000000000799e-01
9.650000000000000799e-01
9.650000000000000799e-01
9.650000000000000799e-01
9.650000000000000799e-01
9.650000000000000799e-01
9.650000000000000799e-01
9.650000000000000799e-01
9.650000000000000799e-01
9.650000000000000799e-01
9.650000000000000799e-01
9.650000000000000799e-01
9.650000000000000799e-01
9.650000000000000799e-01
9.650000000000000799e-01
9.650000000000000799e-01
9.650000000000000799e-01
9.650000000000000799e-01
9.650000000000000799e-01
9.650000000000000799e-01
9.650000000000000799e-01
9.650000000000000799e-01
9.650000000000000799e-01
9.650000000000000799e-01
9.650000000000000799e-01
9.650000000000000799e-01
9.650000000000000799e-01
9.650000000000000799e-01
9.650000000000000799e-01
9.650000000000000799e-01
9.650000000000000799e-01
9.650000000000000799e-01
9.650000000000000799e-01
9.650000000000000799e-01
9.650000000000000799e-01
9.650000000000000799e-01
9.650000000000000799e-01
9.650000000000000799e-01
9.650000000000000799e-01
9.650000000000000799e-01
9.650000000000000799e-01
9.650000000000000799e-01
9.650000000000000799e-01
9.650000000000000799e-01
7.279999999999999805e-01
7.279999999999999805e-01
7.279999999999999805e-01
7.279999999999999805e-01
7.279999999999999805e-01
7.279999999999999805e-01
7.279999999999999805e-01
7.279999999999999805e-01
7.279999999999999805e-01
7.279999999999999805e-01
7.279999999999999805e-01
7.279999999999999805e-01
7.279999999999999805e-01
7.279999999999999805e-01
7.279999999999999805e-01
7.279999999999999805e-01
7.279999999999999805e-01
7.279999999999999805e-01
7.279999999999999805e-01
7.279999999999999805e-01
7.279999999999999805e-01
7.279999999999999805e-01
7.279999999999999805e-01
7.279999999999999805e-01
7.279999999999999805e-01
7.279999999999999805e-01
7.279999999999999805e-01
7.279999999999999805e-01
7.279999999999999805e-01
7.279999999999999805e-01
7.279999999999999805e-01
7.279999999999999805e-01
7.279999999999999805e-01
7.279999999999999805e-01
7.279999999999999805e-01
7.279999999999999805e-01
7.279999999999999805e-01
7.279999999999999805e-01
7.279999999999999805e-01
7.279999999999999805e-01
7.279999999999999805e-01
7.279999999999999805e-01
7.279999999999999805e-01
7.279999999999999805e-01
7.279999999999999805e-01
7.279999999999999805e-01
7.279999999999999805e-01
7.279999999999999805e-01
7.279999999999999805e-01
7.279999999999999805e-01
7.279999999999999805e-01
7.279999999999999805e-01
7.279999999999999805e-01
7.279999999999999805e-01
7.279999999999999805e-01
7.279999999999999805e-01
7.279999999999999805e-01
7.279999999999999805e-01
7.279999999999999805e-01
7.279999999999999805e-01
7.279999999999999805e-01
7.279999999999999805e-01
7.279999999999999805e-01
7.279999999999999805e-01
7.279999999999999805e-01
7.279999999999999805e-01
7.279999999999999805e-01
7.279999999999999805e-01
7.279999999999999805e-01
7.279999999999999805e-01
7.279999999999999805e-01
7.279999999999999805e-01
7.279999999999999805e-01
7.279999999999999805e-01
7.279999999999999805e-01
7.279999999999999805e-01
7.279999999999999805e-01
7.279999999999999805e-01
7.279999999999999805e-01
7.279999999999999805e-01
7.279999999999999805e-01
7.279999999999999805e-01
7.279999999999999805e-01
7.279999999999999805e-01
7.279999999999999805e-01
7.279999999999999805e-01
7.279999999999999805e-01
7.279999999999999805e-01
7.279999999999999805e-01
7.279999999999999805e-01
7.279999999999999805e-01
7.279999999999999805e-01
7.279999999999999805e-01
7.279999999999999805e-01
7.279999999999999805e-01
7.279999999999999805e-01
7.279999999999999805e-01
7.279999999999999805e-01
7.279999999999999805e-01
7.279999999999999805e-01
7.279999999999999805e-01
7.279999999999999805e-01
7.279999999999999805e-01
7.279999999999999805e-01
7.279999999999999805e-01
7.279999999999999805e-01
7.279999999999999805e-01
7.279999999999999805e-01
7.279999999999999805e-01
7.279999999999999805e-01
7.279999999999999805e-01
7.279999999999999805e-01
7.279999999999999805e-01
7.279999999999999805e-01
7.279999999999999805e-01
7.279999999999999805e-01
7.279999999999999805e-01
7.279999999999999805e-01
7.279999999999999805e-01
7.279999999999999805e-01
7.279999999999999805e-01
7.279999999999999805e-01
7.279999999999999805e-01
7.279999999999999805e-01
7.279999999999999805e-01
7.279999999999999805e-01
7.279999999999999805e-01
7.279999999999999805e-01
7.279999999999999805e-01
7.279999999999999805e-01
7.279999999999999805e-01
7.279999999999999805e-01
7.279999999999999805e-01
7.279999999999999805e-01
7.279999999999999805e-01
7.279999999999999805e-01
7.279999999999999805e-01
7.279999999999999805e-01
7.279999999999999805e-01
7.279999999999999805e-01
7.279999999999999805e-01
7.279999999999999805e-01
7.279999999999999805e-01
7.279999999999999805e-01
7.279999999999999805e-01
7.279999999999999805e-01
7.279999999999999805e-01
7.279999999999999805e-01
7.279999999999999805e-01
7.279999999999999805e-01
7.279999999999999805e-01
7.279999999999999805e-01
7.279999999999999805e-01
7.279999999999999805e-01
7.279999999999999805e-01
7.279999999999999805e-01
7.279999999999999805e-01
7.279999999999999805e-01
7.279999999999999805e-01
7.279999999999999805e-01
7.279999999999999805e-01
7.279999999999999805e-01
7.279999999999999805e-01
7.279999999999999805e-01
7.279999999999999805e-01
7.279999999999999805e-01
7.279999999999999805e-01
7.279999999999999805e-01
7.279999999999999805e-01
7.279999999999999805e-01
7.279999999999999805e-01
7.279999999999999805e-01
7.279999999999999805e-01
7.279999999999999805e-01
7.279999999999999805e-01
7.279999999999999805e-01
7.279999999999999805e-01
7.279999999999999805e-01
7.279999999999999805e-01
7.279999999999999805e-01
7.279999999999999805e-01
7.279999999999999805e-01
7.279999999999999805e-01
7.279999999999999805e-01
7.279999999999999805e-01
7.279999999999999805e-01
7.279999999999999805e-01
7.279999999999999805e-01
7.279999999999999805e-01
7.279999999999999805e-01
7.279999999999999805e-01
7.279999999999999805e-01
7.279999999999999805e-01
7.279999999999999805e-01
7.279999999999999805e-01
7.279999999999999805e-01
7.279999999999999805e-01
7.279999999999999805e-01
7.279999999999999805e-01
7.279999999999999805e-01
7.279999999999999805e-01
7.279999999999999805e-01
7.279999999999999805e-01
7.279999999999999805e-01
7.279999999999999805e-01
7.279999999999999805e-01
7.279999999999999805e-01
7.279999999999999805e-01
7.279999999999999805e-01
7.279999999999999805e-01
7.279999999999999805e-01
7.279999999999999805e-01
7.279999999999999805e-01
7.279999999999999805e-01
7.279999999999999805e-01
7.279999999999999805e-01
7.279999999999999805e-01
7.279999999999999805e-01
7.279999999999999805e-01
7.279999999999999805e-01
7.279999999999999805e-01
7.279999999999999805e-01
7.279999999999999805e-01
7.279999999999999805e-01
7.279999999999999805e-01
7.279999999999999805e-01
7.279999999999999805e-01
7.279999999999999805e-01
7.279999999999999805e-01
7.279999999999999805e-01
7.279999999999999805e-01
7.279999999999999805e-01
7.279999999999999805e-01
7.279999999999999805e-01
7.279999999999999805e-01
7.279999999999999805e-01
7.279999999999999805e-01
7.279999999999999805e-01
7.279999999999999805e-01
7.279999999999999805e-01
7.279999999999999805e-01
7.279999999999999805e-01
7.279999999999999805e-01
7.279999999999999805e-01
7.279999999999999805e-01
7.279999999999999805e-01
7.279999999999999805e-01
7.279999999999999805e-01
7.279999999999999805e-01
7.279999999999999805e-01
7.279999999999999805e-01
7.279999999999999805e-01
7.279999999999999805e-01
7.279999999999999805e-01
7.279999999999999805e-01
7.279999999999999805e-01
7.279999999999999805e-01
7.279999999999999805e-01
7.279999999999999805e-01
7.279999999999999805e-01
7.279999999999999805e-01
7.279999999999999805e-01
7.279999999999999805e-01
7.279999999999999805e-01
7.279999999999999805e-01
7.279999999999999805e-01
7.279999999999999805e-01
7.279999999999999805e-01
7.279999999999999805e-01
7.279999999999999805e-01
7.279999999999999805e-01
7.279999999999999805e-01
7.279999999999999805e-01
7.279999999999999805e-01
7.279999999999999805e-01
7.279999999999999805e-01
7.279999999999999805e-01
7.279999999999999805e-01
7.279999999999999805e-01
7.279999999999999805e-01
7.279999999999999805e-01
7.279999999999999805e-01
7.279999999999999805e-01
7.279999999999999805e-01
7.279999999999999805e-01
7.279999999999999805e-01
7.279999999999999805e-01
7.279999999999999805e-01
7.279999999999999805e-01
7.279999999999999805e-01
7.279999999999999805e-01
7.279999999999999805e-01
7.279999999999999805e-01
7.279999999999999805e-01
7.279999999999999805e-01
7.279999999999999805e-01
7.279999999999999805e-01
7.279999999999999805e-01
7.279999999999999805e-01
7.279999999999999805e-01
4.499999999999999833e-02
4.499999999999999833e-02
4.499999999999999833e-02
4.499999999999999833e-02
4.499999999999999833e-02
4.499999999999999833e-02
4.499999999999999833e-02
4.499999999999999833e-02
4.499999999999999833e-02
4.499999999999999833e-02
4.499999999999999833e-02
4.499999999999999833e-02
4.499999999999999833e-02
4.499999999999999833e-02
4.499999999999999833e-02
4.499999999999999833e-02
4.499999999999999833e-02
4.499999999999999833e-02
4.499999999999999833e-02
4.499999999999999833e-02
4.499999999999999833e-02
4.499999999999999833e-02
4.499999999999999833e-02
4.499999999999999833e-02
4.499999999999999833e-02
4.499999999999999833e-02
4.499999999999999833e-02
4.499999999999999833e-02
4.499999999999999833e-02
4.499999999999999833e-02
4.499999999999999833e-02
4.499999999999999833e-02
4.499999999999999833e-02
4.499999999999999833e-02
4.499999999999999833e-02
4.499999999999999833e-02
4.499999999999999833e-02
4.499999999999999833e-02
4.499999999999999833e-02
4.499999999999999833e-02
4.499999999999999833e-02
4.499999999999999833e-02
4.499999999999999833e-02
4.499999999999999833e-02
4.499999999999999833e-02
4.499999999999999833e-02
4.499999999999999833e-02
4.499999999999999833e-02
4.499999999999999833e-02
4.499999999999999833e-02
4.499999999999999833e-02
4.499999999999999833e-02
4.499999999999999833e-02
4.499999999999999833e-02
4.499999999999999833e-02
4.499999999999999833e-02
4.499999999999999833e-02
4.499999999999999833e-02
4.499999999999999833e-02
4.499999999999999833e-02
4.499999999999999833e-02
4.499999999999999833e-02
4.499999999999999833e-02
4.499999999999999833e-02
4.499999999999999833e-02
4.499999999999999833e-02
4.499999999999999833e-02
4.499999999999999833e-02
4.499999999999999833e-02
4.499999999999999833e-02
4.499999999999999833e-02
4.499999999999999833e-02
4.499999999999999833e-02
4.499999999999999833e-02
4.499999999999999833e-02
4.499999999999999833e-02
4.499999999999999833e-02
4.499999999999999833e-02
4.499999999999999833e-02
4.499999999999999833e-02
4.499999999999999833e-02
4.499999999999999833e-02
4.499999999999999833e-02
4.499999999999999833e-02
4.499999999999999833e-02
4.499999999999999833e-02
4.499999999999999833e-02
4.499999999999999833e-02
4.499999999999999833e-02
4.499999999999999833e-02
4.499999999999999833e-02
4.499999999999999833e-02
4.499999999999999833e-02
4.499999999999999833e-02
4.499999999999999833e-02
4.499999999999999833e-02
4.499999999999999833e-02
4.499999999999999833e-02
4.499999999999999833e-02
4.499999999999999833e-02
4.499999999999999833e-02
4.499999999999999833e-02
4.499999999999999833e-02
4.499999999999999833e-02
4.499999999999999833e-02
4.499999999999999833e-02
4.499999999999999833e-02
4.499999999999999833e-02
4.499999999999999833e-02
4.499999999999999833e-02
4.499999999999999833e-02
4.499999999999999833e-02
4.499999999999999833e-02
4.499999999999999833e-02
4.499999999999999833e-02
4.499999999999999833e-02
4.499999999999999833e-02
4.499999999999999833e-02
4.499999999999999833e-02
4.499999999999999833e-02
4.499999999999999833e-02
4.499999999999999833e-02
4.499999999999999833e-02
4.499999999999999833e-02
4.499999999999999833e-02
4.499999999999999833e-02
4.499999999999999833e-02
4.499999999999999833e-02
4.499999999999999833e-02
4.499999999999999833e-02
4.499999999999999833e-02
4.499999999999999833e-02
4.499999999999999833e-02
4.499999999999999833e-02
4.499999999999999833e-02
4.499999999999999833e-02
4.499999999999999833e-02
4.499999999999999833e-02
4.499999999999999833e-02
4.499999999999999833e-02
4.499999999999999833e-02
4.499999999999999833e-02
4.499999999999999833e-02
4.499999999999999833e-02
4.499999999999999833e-02
4.499999999999999833e-02
4.499999999999999833e-02
4.499999999999999833e-02
4.499999999999999833e-02
4.499999999999999833e-02
4.499999999999999833e-02
4.499999999999999833e-02
4.499999999999999833e-02
4.499999999999999833e-02
4.499999999999999833e-02
4.499999999999999833e-02
4.499999999999999833e-02
4.499999999999999833e-02
4.499999999999999833e-02
4.499999999999999833e-02
4.499999999999999833e-02
4.499999999999999833e-02
4.499999999999999833e-02
4.499999999999999833e-02
4.499999999999999833e-02
4.499999999999999833e-02
4.499999999999999833e-02
4.499999999999999833e-02
4.499999999999999833e-02
4.499999999999999833e-02
4.499999999999999833e-02
4.499999999999999833e-02
4.499999999999999833e-02
4.499999999999999833e-02
4.499999999999999833e-02
4.499999999999999833e-02
4.499999999999999833e-02
4.499999999999999833e-02
4.499999999999999833e-02
4.499999999999999833e-02
4.499999999999999833e-02
4.499999999999999833e-02
4.499999999999999833e-02
4.499999999999999833e-02
4.499999999999999833e-02
4.499999999999999833e-02
4.499999999999999833e-02
4.499999999999999833e-02
4.499999999999999833e-02
4.499999999999999833e-02
4.499999999999999833e-02
4.499999999999999833e-02
4.499999999999999833e-02
4.499999999999999833e-02
4.499999999999999833e-02
4.499999999999999833e-02
4.499999999999999833e-02
4.499999999999999833e-02
4.499999999999999833e-02
4.499999999999999833e-02
4.499999999999999833e-02
4.499999999999999833e-02
4.499999999999999833e-02
4.499999999999999833e-02
4.499999999999999833e-02
4.499999999999999833e-02
4.499999999999999833e-02
4.499999999999999833e-02
4.499999999999999833e-02
4.499999999999999833e-02
4.499999999999999833e-02
4.499999999999999833e-02
4.499999999999999833e-02
4.499999999999999833e-02
4.499999999999999833e-02
4.499999999999999833e-02
4.499999999999999833e-02
4.499999999999999833e-02
4.499999999999999833e-02
4.499999999999999833e-02
4.499999999999999833e-02
4.499999999999999833e-02
4.499999999999999833e-02
4.499999999999999833e-02
4.499999999999999833e-02
4.499999999999999833e-02
4.499999999999999833e-02
4.499999999999999833e-02
4.499999999999999833e-02
4.499999999999999833e-02
4.499999999999999833e-02
4.499999999999999833e-02
4.499999999999999833e-02
4.499999999999999833e-02
4.499999999999999833e-02
4.499999999999999833e-02
4.499999999999999833e-02
4.499999999999999833e-02
4.499999999999999833e-02
4.499999999999999833e-02
4.499999999999999833e-02
4.499999999999999833e-02
4.499999999999999833e-02
4.499999999999999833e-02
4.499999999999999833e-02
4.499999999999999833e-02
4.499999999999999833e-02
4.499999999999999833e-02
4.499999999999999833e-02
4.499999999999999833e-02
4.499999999999999833e-02
4.499999999999999833e-02
4.499999999999999833e-02
4.499999999999999833e-02
4.499999999999999833e-02
4.499999999999999833e-02
4.499999999999999833e-02
4.499999999999999833e-02
4.499999999999999833e-02
4.499999999999999833e-02
4.499999999999999833e-02
4.499999999999999833e-02
4.499999999999999833e-02
4.499999999999999833e-02
4.499999999999999833e-02
4.499999999999999833e-02
4.499999999999999833e-02
4.499999999999999833e-02
4.499999999999999833e-02
4.499999999999999833e-02
4.499999999999999833e-02
4.499999999999999833e-02
4.499999999999999833e-02
4.499999999999999833e-02
4.499999999999999833e-02
4.499999999999999833e-02
4.499999999999999833e-02
4.499999999999999833e-02
4.499999999999999833e-02
4.499999999999999833e-02
4.499999999999999833e-02
4.499999999999999833e-02
4.499999999999999833e-02
4.499999999999999833e-02
4.499999999999999833e-02
4.499999999999999833e-02
4.499999999999999833e-02
4.499999999999999833e-02
4.499999999999999833e-02
4.499999999999999833e-02
4.499999999999999833e-02
4.499999999999999833e-02
4.499999999999999833e-02
4.499999999999999833e-02
4.499999999999999833e-02
4.499999999999999833e-02
4.499999999999999833e-02
4.499999999999999833e-02
4.499999999999999833e-02
4.499999999999999833e-02
6.830000000000000515e-01
6.830000000000000515e-01
6.830000000000000515e-01
6.830000000000000515e-01
6.830000000000000515e-01
6.830000000000000515e-01
6.830000000000000515e-01
6.830000000000000515e-01
6.830000000000000515e-01
6.830000000000000515e-01
6.830000000000000515e-01
6.830000000000000515e-01
6.830000000000000515e-01
6.830000000000000515e-01
6.830000000000000515e-01
6.830000000000000515e-01
6.830000000000000515e-01
6.830000000000000515e-01
6.830000000000000515e-01
6.830000000000000515e-01
6.830000000000000515e-01
6.830000000000000515e-01
6.830000000000000515e-01
6.830000000000000515e-01
6.830000000000000515e-01
6.830000000000000515e-01
6.830000000000000515e-01
6.830000000000000515e-01
6.830000000000000515e-01
6.830000000000000515e-01
6.830000000000000515e-01
6.830000000000000515e-01
6.830000000000000515e-01
6.830000000000000515e-01
6.830000000000000515e-01
6.830000000000000515e-01
6.830000000000000515e-01
6.830000000000000515e-01
6.830000000000000515e-01
6.830000000000000515e-01
6.830000000000000515e-01
6.830000000000000515e-01
6.830000000000000515e-01
6.830000000000000515e-01
6.830000000000000515e-01
6.830000000000000515e-01
6.830000000000000515e-01
6.830000000000000515e-01
6.830000000000000515e-01
6.830000000000000515e-01
6.830000000000000515e-01
6.830000000000000515e-01
6.830000000000000515e-01
6.830000000000000515e-01
6.830000000000000515e-01
6.830000000000000515e-01
6.830000000000000515e-01
6.830000000000000515e-01
6.830000000000000515e-01
6.830000000000000515e-01
6.830000000000000515e-01
6.830000000000000515e-01
6.830000000000000515e-01
6.830000000000000515e-01
6.830000000000000515e-01
6.830000000000000515e-01
6.830000000000000515e-01
6.830000000000000515e-01
6.830000000000000515e-01
6.830000000000000515e-01
6.830000000000000515e-01
6.830000000000000515e-01
6.830000000000000515e-01
6.830000000000000515e-01
6.830000000000000515e-01
6.830000000000000515e-01
6.830000000000000515e-01
6.830000000000000515e-01
6.830000000000000515e-01
6.830000000000000515e-01
6.830000000000000515e-01
6.830000000000000515e-01
6.830000000000000515e-01
6.830000000000000515e-01
6.830000000000000515e-01
6.830000000000000515e-01
6.830000000000000515e-01
6.830000000000000515e-01
6.830000000000000515e-01
6.830000000000000515e-01
6.830000000000000515e-01
6.830000000000000515e-01
6.830000000000000515e-01
6.830000000000000515e-01
6.830000000000000515e-01
6.830000000000000515e-01
6.830000000000000515e-01
6.830000000000000515e-01
6.830000000000000515e-01
6.830000000000000515e-01
6.830000000000000515e-01
6.830000000000000515e-01
6.830000000000000515e-01
6.830000000000000515e-01
6.830000000000000515e-01
6.830000000000000515e-01
6.830000000000000515e-01
6.830000000000000515e-01
6.830000000000000515e-01
6.830000000000000515e-01
6.830000000000000515e-01
6.830000000000000515e-01
6.830000000000000515e-01
6.830000000000000515e-01
6.830000000000000515e-01
6.830000000000000515e-01
6.830000000000000515e-01
6.830000000000000515e-01
6.830000000000000515e-01
6.830000000000000515e-01
6.830000000000000515e-01
6.830000000000000515e-01
6.830000000000000515e-01
6.830000000000000515e-01
6.830000000000000515e-01
6.830000000000000515e-01
6.830000000000000515e-01
6.830000000000000515e-01
6.830000000000000515e-01
6.830000000000000515e-01
6.830000000000000515e-01
6.830000000000000515e-01
6.830000000000000515e-01
6.830000000000000515e-01
6.830000000000000515e-01
6.830000000000000515e-01
6.830000000000000515e-01
6.830000000000000515e-01
6.830000000000000515e-01
6.830000000000000515e-01
6.830000000000000515e-01
6.830000000000000515e-01
6.830000000000000515e-01
6.830000000000000515e-01
6.830000000000000515e-01
6.830000000000000515e-01
6.830000000000000515e-01
6.830000000000000515e-01
6.830000000000000515e-01
6.830000000000000515e-01
6.830000000000000515e-01
6.830000000000000515e-01
6.830000000000000515e-01
6.830000000000000515e-01
6.830000000000000515e-01
6.830000000000000515e-01
6.830000000000000515e-01
6.830000000000000515e-01
6.830000000000000515e-01
6.830000000000000515e-01
6.830000000000000515e-01
6.830000000000000515e-01
6.830000000000000515e-01
6.830000000000000515e-01
6.830000000000000515e-01
6.830000000000000515e-01
6.830000000000000515e-01
6.830000000000000515e-01
6.830000000000000515e-01
6.830000000000000515e-01
6.830000000000000515e-01
6.830000000000000515e-01
6.830000000000000515e-01
6.830000000000000515e-01
6.830000000000000515e-01
6.830000000000000515e-01
6.830000000000000515e-01
6.830000000000000515e-01
6.830000000000000515e-01
6.830000000000000515e-01
6.830000000000000515e-01
6.830000000000000515e-01
6.830000000000000515e-01
6.830000000000000515e-01
6.830000000000000515e-01
6.830000000000000515e-01
6.830000000000000515e-01
6.830000000000000515e-01
6.830000000000000515e-01
6.830000000000000515e-01
6.830000000000000515e-01
6.830000000000000515e-01
6.830000000000000515e-01
6.830000000000000515e-01
6.830000000000000515e-01
6.830000000000000515e-01
6.830000000000000515e-01
6.830000000000000515e-01
6.830000000000000515e-01
6.830000000000000515e-01
6.830000000000000515e-01
6.830000000000000515e-01
6.830000000000000515e-01
6.830000000000000515e-01
6.830000000000000515e-01
6.830000000000000515e-01
6.830000000000000515e-01
6.830000000000000515e-01
6.830000000000000515e-01
6.830000000000000515e-01
6.830000000000000515e-01
6.830000000000000515e-01
6.830000000000000515e-01
6.830000000000000515e-01
6.830000000000000515e-01
6.830000000000000515e-01
6.830000000000000515e-01
6.830000000000000515e-01
6.830000000000000515e-01
6.830000000000000515e-01
6.830000000000000515e-01
6.830000000000000515e-01
6.830000000000000515e-01
6.830000000000000515e-01
6.830000000000000515e-01
6.830000000000000515e-01
6.830000000000000515e-01
6.830000000000000515e-01
6.830000000000000515e-01
6.830000000000000515e-01
6.830000000000000515e-01
6.830000000000000515e-01
6.830000000000000515e-01
6.830000000000000515e-01
6.830000000000000515e-01
6.830000000000000515e-01
6.830000000000000515e-01
6.830000000000000515e-01
6.830000000000000515e-01
6.830000000000000515e-01
6.830000000000000515e-01
6.830000000000000515e-01
6.830000000000000515e-01
6.830000000000000515e-01
6.830000000000000515e-01
6.830000000000000515e-01
6.830000000000000515e-01
6.830000000000000515e-01
6.830000000000000515e-01
6.830000000000000515e-01
6.830000000000000515e-01
6.830000000000000515e-01
6.830000000000000515e-01
6.830000000000000515e-01
6.830000000000000515e-01
6.830000000000000515e-01
6.830000000000000515e-01
6.830000000000000515e-01
6.830000000000000515e-01
6.830000000000000515e-01
6.830000000000000515e-01
6.830000000000000515e-01
6.830000000000000515e-01
6.830000000000000515e-01
6.830000000000000515e-01
6.830000000000000515e-01
6.830000000000000515e-01
6.830000000000000515e-01
6.830000000000000515e-01
6.830000000000000515e-01
6.830000000000000515e-01
6.830000000000000515e-01
6.830000000000000515e-01
6.830000000000000515e-01
6.830000000000000515e-01
6.830000000000000515e-01
6.830000000000000515e-01
6.830000000000000515e-01
6.830000000000000515e-01
6.830000000000000515e-01
6.830000000000000515e-01
6.830000000000000515e-01
6.830000000000000515e-01
6.830000000000000515e-01
6.830000000000000515e-01
6.830000000000000515e-01
6.830000000000000515e-01
6.830000000000000515e-01
6.830000000000000515e-01
6.830000000000000515e-01
6.830000000000000515e-01
6.830000000000000515e-01
6.830000000000000515e-01
6.830000000000000515e-01
6.830000000000000515e-01
6.830000000000000515e-01
6.830000000000000515e-01
6.830000000000000515e-01
6.830000000000000515e-01
6.830000000000000515e-01
9.689999999999999725e-01
9.689999999999999725e-01
9.689999999999999725e-01
9.689999999999999725e-01
9.689999999999999725e-01
9.689999999999999725e-01
9.689999999999999725e-01
9.689999999999999725e-01
9.689999999999999725e-01
9.689999999999999725e-01
9.689999999999999725e-01
9.689999999999999725e-01
9.689999999999999725e-01
9.689999999999999725e-01
9.689999999999999725e-01
9.689999999999999725e-01
9.689999999999999725e-01
9.689999999999999725e-01
9.689999999999999725e-01
9.689999999999999725e-01
9.689999999999999725e-01
9.689999999999999725e-01
9.689999999999999725e-01
9.689999999999999725e-01
9.689999999999999725e-01
9.689999999999999725e-01
9.689999999999999725e-01
9.689999999999999725e-01
9.689999999999999725e-01
9.689999999999999725e-01
9.689999999999999725e-01
9.689999999999999725e-01
9.689999999999999725e-01
9.689999999999999725e-01
9.689999999999999725e-01
9.689999999999999725e-01
9.689999999999999725e-01
9.689999999999999725e-01
9.689999999999999725e-01
9.689999999999999725e-01
9.689999999999999725e-01
9.689999999999999725e-01
9.689999999999999725e-01
9.689999999999999725e-01
9.689999999999999725e-01
9.689999999999999725e-01
9.689999999999999725e-01
9.689999999999999725e-01
9.689999999999999725e-01
9.689999999999999725e-01
9.689999999999999725e-01
9.689999999999999725e-01
9.689999999999999725e-01
9.689999999999999725e-01
9.689999999999999725e-01
9.689999999999999725e-01
9.689999999999999725e-01
9.689999999999999725e-01
9.689999999999999725e-01
9.689999999999999725e-01
9.689999999999999725e-01
9.689999999999999725e-01
9.689999999999999725e-01
9.689999999999999725e-01
9.689999999999999725e-01
9.689999999999999725e-01
9.689999999999999725e-01
9.689999999999999725e-01
9.689999999999999725e-01
9.689999999999999725e-01
9.689999999999999725e-01
9.689999999999999725e-01
9.689999999999999725e-01
9.689999999999999725e-01
9.689999999999999725e-01
9.689999999999999725e-01
9.689999999999999725e-01
9.689999999999999725e-01
9.689999999999999725e-01
9.689999999999999725e-01
9.689999999999999725e-01
9.689999999999999725e-01
9.689999999999999725e-01
9.689999999999999725e-01
9.689999999999999725e-01
9.689999999999999725e-01
9.689999999999999725e-01
9.689999999999999725e-01
9.689999999999999725e-01
9.689999999999999725e-01
9.689999999999999725e-01
9.689999999999999725e-01
9.689999999999999725e-01
9.689999999999999725e-01
9.689999999999999725e-01
9.689999999999999725e-01
9.689999999999999725e-01
9.689999999999999725e-01
9.689999999999999725e-01
9.689999999999999725e-01
9.689999999999999725e-01
9.689999999999999725e-01
9.689999999999999725e-01
9.689999999999999725e-01
9.689999999999999725e-01
9.689999999999999725e-01
9.689999999999999725e-01
9.689999999999999725e-01
9.689999999999999725e-01
9.689999999999999725e-01
9.689999999999999725e-01
9.689999999999999725e-01
9.689999999999999725e-01
9.689999999999999725e-01
9.689999999999999725e-01
9.689999999999999725e-01
9.689999999999999725e-01
9.689999999999999725e-01
9.689999999999999725e-01
9.689999999999999725e-01
9.689999999999999725e-01
9.689999999999999725e-01
9.689999999999999725e-01
9.689999999999999725e-01
9.689999999999999725e-01
9.689999999999999725e-01
9.689999999999999725e-01
9.689999999999999725e-01
9.689999999999999725e-01
9.689999999999999725e-01
9.689999999999999725e-01
9.689999999999999725e-01
9.689999999999999725e-01
9.689999999999999725e-01
9.689999999999999725e-01
9.689999999999999725e-01
9.689999999999999725e-01
9.689999999999999725e-01
9.689999999999999725e-01
9.689999999999999725e-01
9.689999999999999725e-01
9.689999999999999725e-01
9.689999999999999725e-01
9.689999999999999725e-01
9.689999999999999725e-01
9.689999999999999725e-01
9.689999999999999725e-01
9.689999999999999725e-01
9.689999999999999725e-01
9.689999999999999725e-01
9.689999999999999725e-01
9.689999999999999725e-01
9.689999999999999725e-01
9.689999999999999725e-01
9.689999999999999725e-01
9.689999999999999725e-01
9.689999999999999725e-01
9.689999999999999725e-01
9.689999999999999725e-01
9.689999999999999725e-01
9.689999999999999725e-01
9.689999999999999725e-01
9.689999999999999725e-01
9.689999999999999725e-01
9.689999999999999725e-01
9.689999999999999725e-01
9.689999999999999725e-01
9.689999999999999725e-01
9.689999999999999725e-01
9.689999999999999725e-01
9.689999999999999725e-01
9.689999999999999725e-01
9.689999999999999725e-01
9.689999999999999725e-01
9.689999999999999725e-01
9.689999999999999725e-01
9.689999999999999725e-01
9.689999999999999725e-01
9.689999999999999725e-01
9.689999999999999725e-01
9.689999999999999725e-01
9.689999999999999725e-01
9.689999999999999725e-01
9.689999999999999725e-01
9.689999999999999725e-01
9.689999999999999725e-01
9.689999999999999725e-01
9.689999999999999725e-01
9.689999999999999725e-01
9.689999999999999725e-01
9.689999999999999725e-01
9.689999999999999725e-01
9.689999999999999725e-01
9.689999999999999725e-01
9.689999999999999725e-01
9.689999999999999725e-01
9.689999999999999725e-01
9.689999999999999725e-01
9.689999999999999725e-01
9.689999999999999725e-01
9.689999999999999725e-01
9.689999999999999725e-01
9.689999999999999725e-01
9.689999999999999725e-01
9.689999999999999725e-01
9.689999999999999725e-01
9.689999999999999725e-01
9.689999999999999725e-01
9.689999999999999725e-01
9.689999999999999725e-01
9.689999999999999725e-01
9.689999999999999725e-01
9.689999999999999725e-01
9.689999999999999725e-01
9.689999999999999725e-01
9.689999999999999725e-01
9.689999999999999725e-01
9.689999999999999725e-01
9.689999999999999725e-01
9.689999999999999725e-01
9.689999999999999725e-01
9.689999999999999725e-01
9.689999999999999725e-01
9.689999999999999725e-01
9.689999999999999725e-01
9.689999999999999725e-01
9.689999999999999725e-01
9.689999999999999725e-01
9.689999999999999725e-01
9.689999999999999725e-01
9.689999999999999725e-01
9.689999999999999725e-01
9.689999999999999725e-01
9.689999999999999725e-01
9.689999999999999725e-01
9.689999999999999725e-01
9.689999999999999725e-01
9.689999999999999725e-01
9.689999999999999725e-01
9.689999999999999725e-01
9.689999999999999725e-01
9.689999999999999725e-01
9.689999999999999725e-01
9.689999999999999725e-01
9.689999999999999725e-01
9.689999999999999725e-01
9.689999999999999725e-01
9.689999999999999725e-01
9.689999999999999725e-01
9.689999999999999725e-01
9.689999999999999725e-01
9.689999999999999725e-01
9.689999999999999725e-01
9.689999999999999725e-01
9.689999999999999725e-01
9.689999999999999725e-01
9.689999999999999725e-01
9.689999999999999725e-01
9.689999999999999725e-01
9.689999999999999725e-01
9.689999999999999725e-01
9.689999999999999725e-01
9.689999999999999725e-01
9.689999999999999725e-01
9.689999999999999725e-01
9.689999999999999725e-01
9.689999999999999725e-01
9.689999999999999725e-01
9.689999999999999725e-01
9.689999999999999725e-01
9.689999999999999725e-01
9.689999999999999725e-01
9.689999999999999725e-01
9.689999999999999725e-01
9.689999999999999725e-01
9.689999999999999725e-01
9.689999999999999725e-01
9.689999999999999725e-01
9.689999999999999725e-01
9.689999999999999725e-01
9.689999999999999725e-01
9.689999999999999725e-01
9.689999999999999725e-01
9.689999999999999725e-01
9.689999999999999725e-01
9.689999999999999725e-01
9.689999999999999725e-01
9.689999999999999725e-01
9.689999999999999725e-01
9.689999999999999725e-01
9.689999999999999725e-01
9.689999999999999725e-01
9.689999999999999725e-01
9.689999999999999725e-01
9.689999999999999725e-01
9.689999999999999725e-01
9.689999999999999725e-01
9.689999999999999725e-01
9.689999999999999725e-01
9.689999999999999725e-01
6.719999999999999307e-01
6.719999999999999307e-01
6.719999999999999307e-01
6.719999999999999307e-01
6.719999999999999307e-01
6.719999999999999307e-01
6.719999999999999307e-01
6.719999999999999307e-01
6.719999999999999307e-01
6.719999999999999307e-01
6.719999999999999307e-01
6.719999999999999307e-01
6.719999999999999307e-01
6.719999999999999307e-01
6.719999999999999307e-01
6.719999999999999307e-01
6.719999999999999307e-01
6.719999999999999307e-01
6.719999999999999307e-01
6.719999999999999307e-01
6.719999999999999307e-01
6.719999999999999307e-01
6.719999999999999307e-01
6.719999999999999307e-01
6.719999999999999307e-01
6.719999999999999307e-01
6.719999999999999307e-01
6.719999999999999307e-01
6.719999999999999307e-01
6.719999999999999307e-01
6.719999999999999307e-01
6.719999999999999307e-01
6.719999999999999307e-01
6.719999999999999307e-01
6.719999999999999307e-01
6.719999999999999307e-01
6.719999999999999307e-01
6.719999999999999307e-01
6.719999999999999307e-01
6.719999999999999307e-01
6.719999999999999307e-01
6.719999999999999307e-01
6.719999999999999307e-01
6.719999999999999307e-01
6.719999999999999307e-01
6.719999999999999307e-01
6.719999999999999307e-01
6.719999999999999307e-01
6.719999999999999307e-01
6.719999999999999307e-01
6.719999999999999307e-01
6.719999999999999307e-01
6.719999999999999307e-01
6.719999999999999307e-01
6.719999999999999307e-01
6.719999999999999307e-01
6.719999999999999307e-01
6.719999999999999307e-01
6.719999999999999307e-01
6.719999999999999307e-01
6.719999999999999307e-01
6.719999999999999307e-01
6.719999999999999307e-01
6.719999999999999307e-01
6.719999999999999307e-01
6.719999999999999307e-01
6.719999999999999307e-01
6.719999999999999307e-01
6.719999999999999307e-01
6.719999999999999307e-01
6.719999999999999307e-01
6.719999999999999307e-01
6.719999999999999307e-01
6.719999999999999307e-01
6.719999999999999307e-01
6.719999999999999307e-01
6.719999999999999307e-01
6.719999999999999307e-01
6.719999999999999307e-01
6.719999999999999307e-01
6.719999999999999307e-01
6.719999999999999307e-01
6.719999999999999307e-01
6.719999999999999307e-01
6.719999999999999307e-01
6.719999999999999307e-01
6.719999999999999307e-01
6.719999999999999307e-01
6.719999999999999307e-01
6.719999999999999307e-01
6.719999999999999307e-01
6.719999999999999307e-01
6.719999999999999307e-01
6.719999999999999307e-01
6.719999999999999307e-01
6.719999999999999307e-01
6.719999999999999307e-01
6.719999999999999307e-01
6.719999999999999307e-01
6.719999999999999307e-01
6.719999999999999307e-01
6.719999999999999307e-01
6.719999999999999307e-01
6.719999999999999307e-01
6.719999999999999307e-01
6.719999999999999307e-01
6.719999999999999307e-01
6.719999999999999307e-01
6.719999999999999307e-01
6.719999999999999307e-01
6.719999999999999307e-01
6.719999999999999307e-01
6.719999999999999307e-01
6.719999999999999307e-01
6.719999999999999307e-01
6.719999999999999307e-01
6.719999999999999307e-01
6.719999999999999307e-01
6.719999999999999307e-01
6.719999999999999307e-01
6.719999999999999307e-01
6.719999999999999307e-01
6.719999999999999307e-01
6.719999999999999307e-01
6.719999999999999307e-01
6.719999999999999307e-01
6.719999999999999307e-01
6.719999999999999307e-01
6.719999999999999307e-01
6.719999999999999307e-01
6.719999999999999307e-01
6.719999999999999307e-01
6.719999999999999307e-01
6.719999999999999307e-01
6.719999999999999307e-01
6.719999999999999307e-01
6.719999999999999307e-01
6.719999999999999307e-01
6.719999999999999307e-01
6.719999999999999307e-01
6.719999999999999307e-01
6.719999999999999307e-01
6.719999999999999307e-01
6.719999999999999307e-01
6.719999999999999307e-01
6.719999999999999307e-01
6.719999999999999307e-01
6.719999999999999307e-01
6.719999999999999307e-01
6.719999999999999307e-01
6.719999999999999307e-01
6.719999999999999307e-01
6.719999999999999307e-01
6.719999999999999307e-01
6.719999999999999307e-01
6.719999999999999307e-01
6.719999999999999307e-01
6.719999999999999307e-01
6.719999999999999307e-01
6.719999999999999307e-01
6.719999999999999307e-01
6.719999999999999307e-01
6.719999999999999307e-01
6.719999999999999307e-01
6.719999999999999307e-01
6.719999999999999307e-01
6.719999999999999307e-01
6.719999999999999307e-01
6.719999999999999307e-01
6.719999999999999307e-01
6.719999999999999307e-01
6.719999999999999307e-01
6.719999999999999307e-01
6.719999999999999307e-01
6.719999999999999307e-01
6.719999999999999307e-01
6.719999999999999307e-01
6.719999999999999307e-01
6.719999999999999307e-01
6.719999999999999307e-01
6.719999999999999307e-01
6.719999999999999307e-01
6.719999999999999307e-01
6.719999999999999307e-01
6.719999999999999307e-01
6.719999999999999307e-01
6.719999999999999307e-01
6.719999999999999307e-01
6.719999999999999307e-01
6.719999999999999307e-01
6.719999999999999307e-01
6.719999999999999307e-01
6.719999999999999307e-01
6.719999999999999307e-01
6.719999999999999307e-01
6.719999999999999307e-01
6.719999999999999307e-01
6.719999999999999307e-01
6.719999999999999307e-01
6.719999999999999307e-01
6.719999999999999307e-01
6.719999999999999307e-01
6.719999999999999307e-01
6.719999999999999307e-01
6.719999999999999307e-01
6.719999999999999307e-01
6.719999999999999307e-01
6.719999999999999307e-01
6.719999999999999307e-01
6.719999999999999307e-01
6.719999999999999307e-01
6.719999999999999307e-01
6.719999999999999307e-01
6.719999999999999307e-01
6.719999999999999307e-01
6.719999999999999307e-01
6.719999999999999307e-01
6.719999999999999307e-01
6.719999999999999307e-01
6.719999999999999307e-01
6.719999999999999307e-01
6.719999999999999307e-01
6.719999999999999307e-01
6.719999999999999307e-01
6.719999999999999307e-01
6.719999999999999307e-01
6.719999999999999307e-01
6.719999999999999307e-01
6.719999999999999307e-01
6.719999999999999307e-01
6.719999999999999307e-01
6.719999999999999307e-01
6.719999999999999307e-01
6.719999999999999307e-01
6.719999999999999307e-01
6.719999999999999307e-01
6.719999999999999307e-01
6.719999999999999307e-01
6.719999999999999307e-01
6.719999999999999307e-01
6.719999999999999307e-01
6.719999999999999307e-01
6.719999999999999307e-01
6.719999999999999307e-01
6.719999999999999307e-01
6.719999999999999307e-01
6.719999999999999307e-01
6.719999999999999307e-01
6.719999999999999307e-01
6.719999999999999307e-01
6.719999999999999307e-01
6.719999999999999307e-01
6.719999999999999307e-01
6.719999999999999307e-01
6.719999999999999307e-01
6.719999999999999307e-01
6.719999999999999307e-01
6.719999999999999307e-01
6.719999999999999307e-01
6.719999999999999307e-01
6.719999999999999307e-01
6.719999999999999307e-01
6.719999999999999307e-01
6.719999999999999307e-01
6.719999999999999307e-01
6.719999999999999307e-01
6.719999999999999307e-01
6.719999999999999307e-01
6.719999999999999307e-01
6.719999999999999307e-01
6.719999999999999307e-01
6.719999999999999307e-01
6.719999999999999307e-01
6.719999999999999307e-01
6.719999999999999307e-01
6.719999999999999307e-01
6.719999999999999307e-01
6.719999999999999307e-01
6.719999999999999307e-01
6.719999999999999307e-01
6.719999999999999307e-01
6.719999999999999307e-01
6.719999999999999307e-01
6.719999999999999307e-01
6.719999999999999307e-01
6.719999999999999307e-01
6.719999999999999307e-01
6.719999999999999307e-01
6.719999999999999307e-01
6.719999999999999307e-01
6.719999999999999307e-01
6.719999999999999307e-01
6.719999999999999307e-01
6.719999999999999307e-01
6.719999999999999307e-01
6.719999999999999307e-01
6.719999999999999307e-01
6.719999999999999307e-01
6.719999999999999307e-01
6.719999999999999307e-01
5.669999999999999485e-01
5.669999999999999485e-01
5.669999999999999485e-01
5.669999999999999485e-01
5.669999999999999485e-01
5.669999999999999485e-01
5.669999999999999485e-01
5.669999999999999485e-01
5.669999999999999485e-01
5.669999999999999485e-01
5.669999999999999485e-01
5.669999999999999485e-01
5.669999999999999485e-01
5.669999999999999485e-01
5.669999999999999485e-01
5.669999999999999485e-01
5.669999999999999485e-01
5.669999999999999485e-01
5.669999999999999485e-01
5.669999999999999485e-01
5.669999999999999485e-01
5.669999999999999485e-01
5.669999999999999485e-01
5.669999999999999485e-01
5.669999999999999485e-01
5.669999999999999485e-01
5.669999999999999485e-01
5.669999999999999485e-01
5.669999999999999485e-01
5.669999999999999485e-01
5.669999999999999485e-01
5.669999999999999485e-01
5.669999999999999485e-01
5.669999999999999485e-01
5.669999999999999485e-01
5.669999999999999485e-01
5.669999999999999485e-01
5.669999999999999485e-01
5.669999999999999485e-01
5.669999999999999485e-01
5.669999999999999485e-01
5.669999999999999485e-01
5.669999999999999485e-01
5.669999999999999485e-01
5.669999999999999485e-01
5.669999999999999485e-01
5.669999999999999485e-01
5.669999999999999485e-01
5.669999999999999485e-01
5.669999999999999485e-01
5.669999999999999485e-01
5.669999999999999485e-01
5.669999999999999485e-01
5.669999999999999485e-01
5.669999999999999485e-01
5.669999999999999485e-01
5.669999999999999485e-01
5.669999999999999485e-01
5.669999999999999485e-01
5.669999999999999485e-01
5.669999999999999485e-01
5.669999999999999485e-01
5.669999999999999485e-01
5.669999999999999485e-01
5.669999999999999485e-01
5.669999999999999485e-01
5.669999999999999485e-01
5.669999999999999485e-01
5.669999999999999485e-01
5.669999999999999485e-01
5.669999999999999485e-01
5.669999999999999485e-01
5.669999999999999485e-01
5.669999999999999485e-01
5.669999999999999485e-01
5.669999999999999485e-01
5.669999999999999485e-01
5.669999999999999485e-01
5.669999999999999485e-01
5.669999999999999485e-01
5.669999999999999485e-01
5.669999999999999485e-01
5.669999999999999485e-01
5.669999999999999485e-01
5.669999999999999485e-01
5.669999999999999485e-01
5.669999999999999485e-01
5.669999999999999485e-01
5.669999999999999485e-01
5.669999999999999485e-01
5.669999999999999485e-01
5.669999999999999485e-01
5.669999999999999485e-01
5.669999999999999485e-01
5.669999999999999485e-01
5.669999999999999485e-01
5.669999999999999485e-01
5.669999999999999485e-01
5.669999999999999485e-01
5.669999999999999485e-01
5.669999999999999485e-01
5.669999999999999485e-01
5.669999999999999485e-01
5.669999999999999485e-01
5.669999999999999485e-01
5.669999999999999485e-01
5.669999999999999485e-01
5.669999999999999485e-01
5.669999999999999485e-01
5.669999999999999485e-01
5.669999999999999485e-01
5.669999999999999485e-01
5.669999999999999485e-01
5.669999999999999485e-01
5.669999999999999485e-01
5.669999999999999485e-01
5.669999999999999485e-01
5.669999999999999485e-01
5.669999999999999485e-01
5.669999999999999485e-01
5.669999999999999485e-01
5.669999999999999485e-01
5.669999999999999485e-01
5.669999999999999485e-01
5.669999999999999485e-01
5.669999999999999485e-01
5.669999999999999485e-01
5.669999999999999485e-01
5.669999999999999485e-01
5.669999999999999485e-01
5.669999999999999485e-01
5.669999999999999485e-01
5.669999999999999485e-01
5.669999999999999485e-01
5.669999999999999485e-01
5.669999999999999485e-01
5.669999999999999485e-01
5.669999999999999485e-01
5.669999999999999485e-01
5.669999999999999485e-01
5.669999999999999485e-01
5.669999999999999485e-01
5.669999999999999485e-01
5.669999999999999485e-01
5.669999999999999485e-01
5.669999999999999485e-01
5.669999999999999485e-01
5.669999999999999485e-01
5.669999999999999485e-01
5.669999999999999485e-01
5.669999999999999485e-01
5.669999999999999485e-01
5.669999999999999485e-01
5.669999999999999485e-01
5.669999999999999485e-01
5.669999999999999485e-01
5.669999999999999485e-01
5.669999999999999485e-01
5.669999999999999485e-01
5.669999999999999485e-01
5.669999999999999485e-01
5.669999999999999485e-01
5.669999999999999485e-01
5.669999999999999485e-01
5.669999999999999485e-01
5.669999999999999485e-01
5.669999999999999485e-01
5.669999999999999485e-01
5.669999999999999485e-01
5.669999999999999485e-01
5.669999999999999485e-01
5.669999999999999485e-01
5.669999999999999485e-01
5.669999999999999485e-01
5.669999999999999485e-01
5.669999999999999485e-01
5.669999999999999485e-01
5.669999999999999485e-01
5.669999999999999485e-01
5.669999999999999485e-01
5.669999999999999485e-01
5.669999999999999485e-01
5.669999999999999485e-01
5.669999999999999485e-01
5.669999999999999485e-01
5.669999999999999485e-01
5.669999999999999485e-01
5.669999999999999485e-01
5.669999999999999485e-01
5.669999999999999485e-01
5.669999999999999485e-01
5.669999999999999485e-01
5.669999999999999485e-01
5.669999999999999485e-01
5.669999999999999485e-01
5.669999999999999485e-01
5.669999999999999485e-01
5.669999999999999485e-01
5.669999999999999485e-01
5.669999999999999485e-01
5.669999999999999485e-01
5.669999999999999485e-01
5.669999999999999485e-01
5.669999999999999485e-01
5.669999999999999485e-01
5.669999999999999485e-01
5.669999999999999485e-01
5.669999999999999485e-01
5.669999999999999485e-01
5.669999999999999485e-01
5.669999999999999485e-01
5.669999999999999485e-01
5.669999999999999485e-01
5.669999999999999485e-01
5.669999999999999485e-01
5.669999999999999485e-01
5.669999999999999485e-01
5.669999999999999485e-01
5.669999999999999485e-01
5.669999999999999485e-01
5.669999999999999485e-01
5.669999999999999485e-01
5.669999999999999485e-01
5.669999999999999485e-01
5.669999999999999485e-01
5.669999999999999485e-01
5.669999999999999485e-01
5.669999999999999485e-01
5.669999999999999485e-01
5.669999999999999485e-01
5.669999999999999485e-01
5.669999999999999485e-01
5.669999999999999485e-01
5.669999999999999485e-01
5.669999999999999485e-01
5.669999999999999485e-01
5.669999999999999485e-01
5.669999999999999485e-01
5.669999999999999485e-01
5.669999999999999485e-01
5.669999999999999485e-01
5.669999999999999485e-01
5.669999999999999485e-01
5.669999999999999485e-01
5.669999999999999485e-01
5.669999999999999485e-01
5.669999999999999485e-01
5.669999999999999485e-01
5.669999999999999485e-01
5.669999999999999485e-01
5.669999999999999485e-01
5.669999999999999485e-01
5.669999999999999485e-01
5.669999999999999485e-01
5.669999999999999485e-01
5.669999999999999485e-01
5.669999999999999485e-01
5.669999999999999485e-01
5.669999999999999485e-01
5.669999999999999485e-01
5.669999999999999485e-01
5.669999999999999485e-01
5.669999999999999485e-01
5.669999999999999485e-01
5.669999999999999485e-01
5.669999999999999485e-01
5.669999999999999485e-01
5.669999999999999485e-01
5.669999999999999485e-01
5.669999999999999485e-01
5.669999999999999485e-01
5.669999999999999485e-01
5.669999999999999485e-01
5.669999999999999485e-01
5.669999999999999485e-01
5.669999999999999485e-01
5.669999999999999485e-01
5.669999999999999485e-01
5.669999999999999485e-01
5.669999999999999485e-01
5.669999999999999485e-01
5.669999999999999485e-01
5.669999999999999485e-01
5.669999999999999485e-01
5.669999999999999485e-01
5.669999999999999485e-01
5.669999999999999485e-01
5.669999999999999485e-01
5.669999999999999485e-01
5.669999999999999485e-01
5.669999999999999485e-01
5.669999999999999485e-01
5.669999999999999485e-01
5.669999999999999485e-01
5.669999999999999485e-01
5.669999999999999485e-01
5.669999999999999485e-01
5.669999999999999485e-01
5.669999999999999485e-01
5.669999999999999485e-01
9.150000000000000355e-01
9.150000000000000355e-01
9.150000000000000355e-01
9.150000000000000355e-01
9.150000000000000355e-01
9.150000000000000355e-01
9.150000000000000355e-01
9.150000000000000355e-01
9.150000000000000355e-01
9.150000000000000355e-01
9.150000000000000355e-01
9.150000000000000355e-01
9.150000000000000355e-01
9.150000000000000355e-01
9.150000000000000355e-01
9.150000000000000355e-01
9.150000000000000355e-01
9.150000000000000355e-01
9.150000000000000355e-01
9.150000000000000355e-01
9.150000000000000355e-01
9.150000000000000355e-01
9.150000000000000355e-01
9.150000000000000355e-01
9.150000000000000355e-01
9.150000000000000355e-01
9.150000000000000355e-01
9.150000000000000355e-01
9.150000000000000355e-01
9.150000000000000355e-01
9.150000000000000355e-01
9.150000000000000355e-01
9.150000000000000355e-01
9.150000000000000355e-01
9.150000000000000355e-01
9.150000000000000355e-01
9.150000000000000355e-01
9.150000000000000355e-01
9.150000000000000355e-01
9.150000000000000355e-01
9.150000000000000355e-01
9.150000000000000355e-01
9.150000000000000355e-01
9.150000000000000355e-01
9.150000000000000355e-01
9.150000000000000355e-01
9.150000000000000355e-01
9.150000000000000355e-01
9.150000000000000355e-01
9.150000000000000355e-01
9.150000000000000355e-01
9.150000000000000355e-01
9.150000000000000355e-01
9.150000000000000355e-01
9.150000000000000355e-01
9.150000000000000355e-01
9.150000000000000355e-01
9.150000000000000355e-01
9.150000000000000355e-01
9.150000000000000355e-01
9.150000000000000355e-01
9.150000000000000355e-01
9.150000000000000355e-01
9.150000000000000355e-01
9.150000000000000355e-01
9.150000000000000355e-01
9.150000000000000355e-01
9.150000000000000355e-01
9.150000000000000355e-01
9.150000000000000355e-01
9.150000000000000355e-01
9.150000000000000355e-01
9.150000000000000355e-01
9.150000000000000355e-01
9.150000000000000355e-01
9.150000000000000355e-01
9.150000000000000355e-01
9.150000000000000355e-01
9.150000000000000355e-01
9.150000000000000355e-01
9.150000000000000355e-01
9.150000000000000355e-01
9.150000000000000355e-01
9.150000000000000355e-01
9.150000000000000355e-01
9.150000000000000355e-01
9.150000000000000355e-01
9.150000000000000355e-01
9.150000000000000355e-01
9.150000000000000355e-01
9.150000000000000355e-01
9.150000000000000355e-01
9.150000000000000355e-01
9.150000000000000355e-01
9.150000000000000355e-01
9.150000000000000355e-01
9.150000000000000355e-01
9.150000000000000355e-01
9.150000000000000355e-01
9.150000000000000355e-01
9.150000000000000355e-01
9.150000000000000355e-01
9.150000000000000355e-01
9.150000000000000355e-01
9.150000000000000355e-01
9.150000000000000355e-01
9.150000000000000355e-01
9.150000000000000355e-01
9.150000000000000355e-01
9.150000000000000355e-01
9.150000000000000355e-01
9.150000000000000355e-01
9.150000000000000355e-01
9.150000000000000355e-01
9.150000000000000355e-01
9.150000000000000355e-01
9.150000000000000355e-01
9.150000000000000355e-01
9.150000000000000355e-01
9.150000000000000355e-01
9.150000000000000355e-01
9.150000000000000355e-01
9.150000000000000355e-01
9.150000000000000355e-01
9.150000000000000355e-01
9.150000000000000355e-01
9.150000000000000355e-01
9.150000000000000355e-01
9.150000000000000355e-01
9.150000000000000355e-01
9.150000000000000355e-01
9.150000000000000355e-01
9.150000000000000355e-01
9.150000000000000355e-01
9.150000000000000355e-01
9.150000000000000355e-01
9.150000000000000355e-01
9.150000000000000355e-01
9.150000000000000355e-01
9.150000000000000355e-01
9.150000000000000355e-01
9.150000000000000355e-01
9.150000000000000355e-01
9.150000000000000355e-01
9.150000000000000355e-01
9.150000000000000355e-01
9.150000000000000355e-01
9.150000000000000355e-01
9.150000000000000355e-01
9.150000000000000355e-01
9.150000000000000355e-01
9.150000000000000355e-01
9.150000000000000355e-01
9.150000000000000355e-01
9.150000000000000355e-01
9.150000000000000355e-01
9.150000000000000355e-01
9.150000000000000355e-01
9.150000000000000355e-01
9.150000000000000355e-01
9.150000000000000355e-01
9.150000000000000355e-01
9.150000000000000355e-01
9.150000000000000355e-01
9.150000000000000355e-01
9.150000000000000355e-01
9.150000000000000355e-01
9.150000000000000355e-01
9.150000000000000355e-01
9.150000000000000355e-01
9.150000000000000355e-01
9.150000000000000355e-01
9.150000000000000355e-01
9.150000000000000355e-01
9.150000000000000355e-01
9.150000000000000355e-01
9.150000000000000355e-01
9.150000000000000355e-01
9.150000000000000355e-01
9.150000000000000355e-01
9.150000000000000355e-01
9.150000000000000355e-01
9.150000000000000355e-01
9.150000000000000355e-01
9.150000000000000355e-01
9.150000000000000355e-01
9.150000000000000355e-01
9.150000000000000355e-01
9.150000000000000355e-01
9.150000000000000355e-01
9.150000000000000355e-01
9.150000000000000355e-01
9.150000000000000355e-01
9.150000000000000355e-01
9.150000000000000355e-01
9.150000000000000355e-01
9.150000000000000355e-01
9.150000000000000355e-01
9.150000000000000355e-01
9.150000000000000355e-01
9.150000000000000355e-01
9.150000000000000355e-01
9.150000000000000355e-01
9.150000000000000355e-01
9.150000000000000355e-01
9.150000000000000355e-01
9.150000000000000355e-01
9.150000000000000355e-01
9.150000000000000355e-01
9.150000000000000355e-01
9.150000000000000355e-01
9.150000000000000355e-01
9.150000000000000355e-01
9.150000000000000355e-01
9.150000000000000355e-01
9.150000000000000355e-01
9.150000000000000355e-01
9.150000000000000355e-01
9.150000000000000355e-01
9.150000000000000355e-01
9.150000000000000355e-01
9.150000000000000355e-01
9.150000000000000355e-01
9.150000000000000355e-01
9.150000000000000355e-01
9.150000000000000355e-01
9.150000000000000355e-01
9.150000000000000355e-01
9.150000000000000355e-01
9.150000000000000355e-01
9.150000000000000355e-01
9.150000000000000355e-01
9.150000000000000355e-01
9.150000000000000355e-01
9.150000000000000355e-01
9.150000000000000355e-01
9.150000000000000355e-01
9.150000000000000355e-01
9.150000000000000355e-01
9.150000000000000355e-01
9.150000000000000355e-01
9.150000000000000355e-01
9.150000000000000355e-01
9.150000000000000355e-01
9.150000000000000355e-01
9.150000000000000355e-01
9.150000000000000355e-01
9.150000000000000355e-01
9.150000000000000355e-01
9.150000000000000355e-01
9.150000000000000355e-01
9.150000000000000355e-01
9.150000000000000355e-01
9.150000000000000355e-01
9.150000000000000355e-01
9.150000000000000355e-01
9.150000000000000355e-01
9.150000000000000355e-01
9.150000000000000355e-01
9.150000000000000355e-01
9.150000000000000355e-01
9.150000000000000355e-01
9.150000000000000355e-01
9.150000000000000355e-01
9.150000000000000355e-01
9.150000000000000355e-01
9.150000000000000355e-01
9.150000000000000355e-01
9.150000000000000355e-01
9.150000000000000355e-01
9.150000000000000355e-01
9.150000000000000355e-01
9.150000000000000355e-01
9.150000000000000355e-01
9.150000000000000355e-01
9.150000000000000355e-01
9.150000000000000355e-01
9.150000000000000355e-01
9.150000000000000355e-01
9.150000000000000355e-01
9.150000000000000355e-01
9.150000000000000355e-01
9.150000000000000355e-01
9.150000000000000355e-01
9.150000000000000355e-01
9.150000000000000355e-01
9.150000000000000355e-01
9.150000000000000355e-01
9.150000000000000355e-01
9.150000000000000355e-01
9.150000000000000355e-01
9.150000000000000355e-01
9.150000000000000355e-01
9.150000000000000355e-01
9.150000000000000355e-01
9.150000000000000355e-01
9.150000000000000355e-01
9.150000000000000355e-01
9.150000000000000355e-01
9.150000000000000355e-01
4.230000000000000426e-01
4.230000000000000426e-01
4.230000000000000426e-01
4.230000000000000426e-01
4.230000000000000426e-01
4.230000000000000426e-01
4.230000000000000426e-01
4.230000000000000426e-01
4.230000000000000426e-01
4.230000000000000426e-01
4.230000000000000426e-01
4.230000000000000426e-01
4.230000000000000426e-01
4.230000000000000426e-01
4.230000000000000426e-01
4.230000000000000426e-01
4.230000000000000426e-01
4.230000000000000426e-01
4.230000000000000426e-01
4.230000000000000426e-01
4.230000000000000426e-01
4.230000000000000426e-01
4.230000000000000426e-01
4.230000000000000426e-01
4.230000000000000426e-01
4.230000000000000426e-01
4.230000000000000426e-01
4.230000000000000426e-01
4.230000000000000426e-01
4.230000000000000426e-01
4.230000000000000426e-01
4.230000000000000426e-01
4.230000000000000426e-01
4.230000000000000426e-01
4.230000000000000426e-01
4.230000000000000426e-01
4.230000000000000426e-01
4.230000000000000426e-01
4.230000000000000426e-01
4.230000000000000426e-01
4.230000000000000426e-01
4.230000000000000426e-01
4.230000000000000426e-01
4.230000000000000426e-01
4.230000000000000426e-01
4.230000000000000426e-01
4.230000000000000426e-01
4.230000000000000426e-01
4.230000000000000426e-01
4.230000000000000426e-01
4.230000000000000426e-01
4.230000000000000426e-01
4.230000000000000426e-01
4.230000000000000426e-01
4.230000000000000426e-01
4.230000000000000426e-01
4.230000000000000426e-01
4.230000000000000426e-01
4.230000000000000426e-01
4.230000000000000426e-01
4.230000000000000426e-01
4.230000000000000426e-01
4.230000000000000426e-01
4.230000000000000426e-01
4.230000000000000426e-01
4.230000000000000426e-01
4.230000000000000426e-01
4.230000000000000426e-01
4.230000000000000426e-01
4.230000000000000426e-01
4.230000000000000426e-01
4.230000000000000426e-01
4.230000000000000426e-01
4.230000000000000426e-01
4.230000000000000426e-01
4.230000000000000426e-01
4.230000000000000426e-01
4.230000000000000426e-01
4.230000000000000426e-01
4.230000000000000426e-01
4.230000000000000426e-01
4.230000000000000426e-01
4.230000000000000426e-01
4.230000000000000426e-01
4.230000000000000426e-01
4.230000000000000426e-01
4.230000000000000426e-01
4.230000000000000426e-01
4.230000000000000426e-01
4.230000000000000426e-01
4.230000000000000426e-01
4.230000000000000426e-01
4.230000000000000426e-01
4.230000000000000426e-01
4.230000000000000426e-01
4.230000000000000426e-01
4.230000000000000426e-01
4.230000000000000426e-01
4.230000000000000426e-01
4.230000000000000426e-01
4.230000000000000426e-01
4.230000000000000426e-01
4.230000000000000426e-01
4.230000000000000426e-01
4.230000000000000426e-01
4.230000000000000426e-01
4.230000000000000426e-01
4.230000000000000426e-01
4.230000000000000426e-01
4.230000000000000426e-01
4.230000000000000426e-01
4.230000000000000426e-01
4.230000000000000426e-01
4.230000000000000426e-01
4.230000000000000426e-01
4.230000000000000426e-01
4.230000000000000426e-01
4.230000000000000426e-01
4.230000000000000426e-01
4.230000000000000426e-01
4.230000000000000426e-01
4.230000000000000426e-01
4.230000000000000426e-01
4.230000000000000426e-01
4.230000000000000426e-01
4.230000000000000426e-01
4.230000000000000426e-01
4.230000000000000426e-01
4.230000000000000426e-01
4.230000000000000426e-01
4.230000000000000426e-01
4.230000000000000426e-01
4.230000000000000426e-01
4.230000000000000426e-01
4.230000000000000426e-01
4.230000000000000426e-01
4.230000000000000426e-01
4.230000000000000426e-01
4.230000000000000426e-01
4.230000000000000426e-01
4.230000000000000426e-01
4.230000000000000426e-01
4.230000000000000426e-01
4.230000000000000426e-01
4.230000000000000426e-01
4.230000000000000426e-01
4.230000000000000426e-01
4.230000000000000426e-01
4.230000000000000426e-01
4.230000000000000426e-01
4.230000000000000426e-01
4.230000000000000426e-01
4.230000000000000426e-01
4.230000000000000426e-01
4.230000000000000426e-01
4.230000000000000426e-01
4.230000000000000426e-01
4.230000000000000426e-01
4.230000000000000426e-01
4.230000000000000426e-01
4.230000000000000426e-01
4.230000000000000426e-01
4.230000000000000426e-01
4.230000000000000426e-01
4.230000000000000426e-01
4.230000000000000426e-01
4.230000000000000426e-01
4.230000000000000426e-01
4.230000000000000426e-01
4.230000000000000426e-01
4.230000000000000426e-01
4.230000000000000426e-01
4.230000000000000426e-01
4.230000000000000426e-01
4.230000000000000426e-01
4.230000000000000426e-01
4.230000000000000426e-01
4.230000000000000426e-01
4.230000000000000426e-01
4.230000000000000426e-01
4.230000000000000426e-01
4.230000000000000426e-01
4.230000000000000426e-01
4.230000000000000426e-01
4.230000000000000426e-01
4.230000000000000426e-01
4.230000000000000426e-01
4.230000000000000426e-01
4.230000000000000426e-01
4.230000000000000426e-01
4.230000000000000426e-01
4.230000000000000426e-01
4.230000000000000426e-01
4.230000000000000426e-01
4.230000000000000426e-01
4.230000000000000426e-01
4.230000000000000426e-01
4.230000000000000426e-01
4.230000000000000426e-01
4.230000000000000426e-01
