# timestep = 0.01, sim time = 100, new_ref_freq = 4, minimal_height_change = 1
0.000000000000000000e+00,0.000000000000000000e+00,0.000000000000000000e+00,0.000000000000000000e+00,0.000000000000000000e+00,0.000000000000000000e+00
0.000000000000000000e+00,9.217424520737358407e-01,9.217424520737358407e-01,2.765227356221207522e+00,0.000000000000000000e+00,2.765227356221207522e+00
2.765227356221208006e-04,9.217424520737358407e-01,9.214659293381136651e-01,2.764397788014341106e+00,-8.295682068665266584e-02,2.681440967327688440e+00
8.211895679770104227e-04,9.217424520737358407e-01,9.209212625057587864e-01,2.762763787517276359e+00,-1.634000497064636015e-01,2.599363737810812758e+00
1.625792774112981218e-03,9.217424520737358407e-01,9.201166592996228299e-01,2.760349977898868268e+00,-2.413809618407869451e-01,2.518969016058081323e+00
2.682292881854760405e-03,9.217424520737358407e-01,9.190601591918811097e-01,2.757180477575643440e+00,-3.169500323225160621e-01,2.440230445253127378e+00
3.982816034121852179e-03,9.217424520737358407e-01,9.177596360396139685e-01,2.753278908118841795e+00,-3.901569456801423641e-01,2.363121962438699430e+00
5.519651382632813873e-03,9.217424520737358407e-01,9.162228006911030675e-01,2.748668402073309203e+00,-4.610506045532702935e-01,2.287617797520038909e+00
7.285248510895779919e-03,9.217424520737358407e-01,9.144572035628401041e-01,2.743371610688520423e+00,-5.296791384788890333e-01,2.213692472209631390e+00
9.272214886379708323e-03,9.217424520737358407e-01,9.124702371873560924e-01,2.737410711562068499e+00,-5.960899126452035013e-01,2.141320798916864998e+00
1.147331334175532430e-02,9.217424520737358407e-01,9.102691387319805649e-01,2.730807416195941695e+00,-6.603295366126582522e-01,2.070477879583283443e+00
1.388145958508926747e-02,9.217424520737358407e-01,9.078609924886466009e-01,2.723582977465939692e+00,-7.224438730001891962e-01,2.001139104465750496e+00
1.648971973886978470e-02,9.217424520737358407e-01,9.052527323348660282e-01,2.715758197004598085e+00,-7.824780461341718230e-01,1.933280150870426262e+00
1.929130790773734769e-02,9.217424520737358407e-01,9.024511441659984756e-01,2.707353432497995538e+00,-8.404764506602657725e-01,1.866876981837729765e+00
2.227958377478868324e-02,9.217424520737358407e-01,8.994628682989471713e-01,2.698388604896841514e+00,-8.964827601153912973e-01,1.801905844781450217e+00
2.544805022631816196e-02,9.217424520737358407e-01,8.962944018474177099e-01,2.688883205542253130e+00,-9.505399354588384142e-01,1.738343270083414716e+00
2.879035100485598242e-02,9.217424520737358407e-01,8.929521010688798999e-01,2.678856303206639922e+00,-1.002690233561343014e+00,1.676166069645296908e+00
3.230026839035833597e-02,9.217424520737358407e-01,8.894421836833774631e-01,2.668326551050132167e+00,-1.052975215650731045e+00,1.615351335399401123e+00
3.597172090940062295e-02,9.217424520737358407e-01,8.857707311643352455e-01,2.657312193493005736e+00,-1.101435755712665276e+00,1.555876437780340460e+00
3.979876107222094644e-02,9.217424520737358407e-01,8.819436910015149289e-01,2.645831073004544898e+00,-1.148112048846094968e+00,1.497719024158449930e+00
4.377557313745711332e-02,9.217424520737358407e-01,8.779668789362786718e-01,2.633900636808836015e+00,-1.193043619570877123e+00,1.440857017237958893e+00
4.789647090441707944e-02,9.217424520737358407e-01,8.738459811693187751e-01,2.621537943507956214e+00,-1.236269330087969021e+00,1.385268613419987194e+00
5.215589553271904322e-02,9.217424520737358407e-01,8.695865565410167974e-01,2.608759669623050392e+00,-1.277827388490593297e+00,1.330932281132457096e+00
5.654841338913425136e-02,9.217424520737358407e-01,8.651940386846015407e-01,2.595582116053804622e+00,-1.317755356924577015e+00,1.277826759129227607e+00
6.106871392146238225e-02,9.217424520737358407e-01,8.606737381522734376e-01,2.582021214456820424e+00,-1.356090159698430941e+00,1.225931054758389482e+00
6.571160755926636066e-02,9.217424520737358407e-01,8.560308445144695355e-01,2.568092533543408607e+00,-1.392868091341170622e+00,1.175224442202237984e+00
7.047202364129055707e-02,9.217424520737358407e-01,8.512704284324452697e-01,2.553811285297335587e+00,-1.428124824607279741e+00,1.125686460690055846e+00
7.534500836938376467e-02,9.217424520737358407e-01,8.463974437043521037e-01,2.539192331113056422e+00,-1.461895418427949789e+00,1.077296912685106633e+00
8.032572278874547389e-02,9.217424520737358407e-01,8.414167292849903390e-01,2.524250187854971017e+00,-1.494214325808529420e+00,1.030035862046441597e+00
8.540944079431182778e-02,9.217424520737358407e-01,8.363330112794240545e-01,2.508999033838271941e+00,-1.525115401669885351e+00,9.838836321683865904e-01
9.059154716309501809e-02,9.217424520737358407e-01,8.311509049106408087e-01,2.493452714731922537e+00,-1.554631910634973746e+00,9.388208040969487911e-01
9.586753561228790466e-02,9.217424520737358407e-01,8.258749164614479499e-01,2.477624749384343961e+00,-1.582796534757857643e+00,8.948282146264863179e-01
1.012330068829434410e-01,9.217424520737358407e-01,8.205094451907923858e-01,2.461528335572377379e+00,-1.609641381196669219e+00,8.518869543757081608e-01
1.066836668490365458e-01,9.217424520737358407e-01,8.150587852246993226e-01,2.445176355674098190e+00,-1.635197989827918974e+00,8.099783658461792157e-01
1.122153246517142711e-01,9.217424520737358407e-01,8.095271274220215973e-01,2.428581382266064903e+00,-1.659497340803317567e+00,7.690840414627473365e-01
1.178238908585382688e-01,9.217424520737358407e-01,8.039185612151975580e-01,2.411755683645592896e+00,-1.682569862047211817e+00,7.291858215983810787e-01
1.235053756475221060e-01,9.217424520737358407e-01,7.982370764262137763e-01,2.394711229278641440e+00,-1.704445436695134486e+00,6.902657925835069541e-01
1.292558870157642925e-01,9.217424520737358407e-01,7.924865650579715481e-01,2.377459695173914866e+00,-1.725153410472668458e+00,6.523062847012464083e-01
1.350716290124766017e-01,9.217424520737358407e-01,7.866708230612592390e-01,2.360012469183777828e+00,-1.744722599013692754e+00,6.152898701700850737e-01
1.409488999962059119e-01,9.217424520737358407e-01,7.807935520775299842e-01,2.342380656232589953e+00,-1.763181295118776415e+00,5.791993611138135378e-01
1.468840909160466224e-01,9.217424520737358407e-01,7.748583611576892460e-01,2.324575083473067849e+00,-1.780557275952221463e+00,5.440178075208463859e-01
1.528736836166394164e-01,9.217424520737358407e-01,7.688687684570963965e-01,2.306606305371289078e+00,-1.796877810177854862e+00,5.097284951934342168e-01
1.589142491667515367e-01,9.217424520737358407e-01,7.628282029069842762e-01,2.288484608720952718e+00,-1.812169665033636079e+00,4.763149436873166387e-01
1.650024462112323898e-01,9.217424520737358407e-01,7.567400058625034509e-01,2.270220017587510242e+00,-1.826459113344247598e+00,4.437609042432626438e-01
1.711350193461375901e-01,9.217424520737358407e-01,7.506074327275982228e-01,2.251822298182794668e+00,-1.839771940471568445e+00,4.120503577112262228e-01
1.773087975168139152e-01,9.217424520737358407e-01,7.444336545569218977e-01,2.233300963670765693e+00,-1.852133451202897518e+00,3.811675124678681748e-01
1.835206924387370042e-01,9.217424520737358407e-01,7.382217596349988087e-01,2.214665278904996537e+00,-1.863568476576926702e+00,3.510968023280698347e-01
1.897676970408929131e-01,9.217424520737358407e-01,7.319747550328429275e-01,2.195924265098528672e+00,-1.874101380646764348e+00,3.218228844517643239e-01
1.960468839314939982e-01,9.217424520737358407e-01,7.256955681422418980e-01,2.177086704426725916e+00,-1.883756067180308857e+00,2.933306372464170586e-01
2.023554038858197124e-01,9.217424520737358407e-01,7.193870481879161005e-01,2.158161144563748302e+00,-1.892555986297739246e+00,2.656051582660090560e-01
2.086904843559720391e-01,9.217424520737358407e-01,7.130519677177638016e-01,2.139155903153291405e+00,-1.900524141045689674e+00,2.386317621076017303e-01
2.150494280023351190e-01,9.217424520737358407e-01,7.066930240714006661e-01,2.120079072214202220e+00,-1.907683093908940641e+00,2.123959783052615791e-01
2.214296112465287403e-01,9.217424520737358407e-01,7.003128408272071281e-01,2.100938522481621273e+00,-1.914054973258061398e+00,1.868835492235598750e-01
2.278284828456447197e-01,9.217424520737358407e-01,6.939139692280911209e-01,2.081741907684273585e+00,-1.919661479734802167e+00,1.620804279494714173e-01
2.342435624875556233e-01,9.217424520737358407e-01,6.874988895861802174e-01,2.062496668758540430e+00,-1.924523892573271056e+00,1.379727761852693746e-01
2.406724394070850759e-01,9.217424520737358407e-01,6.810700126666507925e-01,2.043210037999952267e+00,-1.928663075858827458e+00,1.145469621411248085e-01
2.471127710228286367e-01,9.217424520737358407e-01,6.746296810509071484e-01,2.023889043152721445e+00,-1.932099484723093230e+00,9.178955842962821521e-02
2.535622815944151287e-01,9.217424520737358407e-01,6.681801704793206564e-01,2.004540511437961747e+00,-1.934853171475947597e+00,6.968733996201414982e-02
2.600187608999978695e-01,9.217424520737358407e-01,6.617236911737379712e-01,1.985171073521213803e+00,-1.936943791674805571e+00,4.822728184640823201e-02
2.664800629337652493e-01,9.217424520737358407e-01,6.552623891399705913e-01,1.965787167419911885e+00,-1.938390610130213965e+00,2.739655728969792037e-02
2.729441046232615742e-01,9.217424520737358407e-01,6.487983474504742665e-01,1.946395042351422688e+00,-1.939212506848897455e+00,7.182535502525233539e-03
2.794088645663081460e-01,9.217424520737358407e-01,6.423335875074276391e-01,1.927000762522282917e+00,-1.939427982913988213e+00,-1.242722039170529591e-02
2.858723817873155548e-01,9.217424520737358407e-01,6.358700702864202858e-01,1.907610210859260746e+00,-1.939055166302205979e+00,-3.144495544294523270e-02
2.923327545127786808e-01,9.217424520737358407e-01,6.294096975609571043e-01,1.888229092682871313e+00,-1.938111817638954459e+00,-4.988272495608314649e-02
2.987881389657461861e-01,9.217424520737358407e-01,6.229543131079896545e-01,1.868862939323968853e+00,-1.936615335890234935e+00,-6.775239656626608209e-02
3.052367481790570491e-01,9.217424520737358407e-01,6.165057038946788470e-01,1.849517111684036541e+00,-1.934582763993242249e+00,-8.506565230920570819e-02
3.116768508271370308e-01,9.217424520737358407e-01,6.100656012465988098e-01,1.830196803739796430e+00,-1.932030794424011155e+00,-1.018339906842147258e-01
3.181067700761485706e-01,9.217424520737358407e-01,6.036356819975872146e-01,1.810907045992761644e+00,-1.928975774703478585e+00,-1.180687287107169414e-01
3.245248824522890541e-01,9.217424520737358407e-01,5.972175696214467866e-01,1.791652708864340360e+00,-1.925433712842128386e+00,-1.337810039777880267e-01
3.309296167280317280e-01,9.217424520737358407e-01,5.908128353457040571e-01,1.772438506037112171e+00,-1.921420282722818840e+00,-1.489817766857066683e-01
3.373194528261058700e-01,9.217424520737358407e-01,5.844229992476299707e-01,1.753268997742889912e+00,-1.916950829422225944e+00,-1.636818316793360317e-01
3.436929207410120424e-01,9.217424520737358407e-01,5.780495313327238538e-01,1.734148593998171561e+00,-1.912040374471835058e+00,-1.778917804736634967e-01
3.500485994778708698e-01,9.217424520737358407e-01,5.716938525958650263e-01,1.715081557787595079e+00,-1.906703621057648235e+00,-1.916220632700531556e-01
3.563851160084026692e-01,9.217424520737358407e-01,5.653573360653332269e-01,1.696072008195999681e+00,-1.900954959159539825e+00,-2.048829509635401447e-01
3.627011442438381472e-01,9.217424520737358407e-01,5.590413078298976934e-01,1.677123923489693080e+00,-1.894808470630660047e+00,-2.176845471409669663e-01
3.689954040245594924e-01,9.217424520737358407e-01,5.527470480491762927e-01,1.658241144147528878e+00,-1.888277934216420206e+00,-2.300367900688913281e-01
3.752666601262739654e-01,9.217424520737358407e-01,5.464757919474618753e-01,1.639427375842385626e+00,-1.881376830514325249e+00,-2.419494546719396233e-01
3.815137212825212565e-01,9.217424520737358407e-01,5.402287307912145842e-01,1.620686192373643753e+00,-1.874118346874187324e+00,-2.534321545005435716e-01
3.877354392233184899e-01,9.217424520737358407e-01,5.340070128504172953e-01,1.602021038551251886e+00,-1.866515382239186671e+00,-2.644943436879347853e-01
3.939307077297469206e-01,9.217424520737358407e-01,5.278117443439889200e-01,1.583435233031966760e+00,-1.858580551928512570e+00,-2.751453188965458097e-01
4.000984617042857017e-01,9.217424520737358407e-01,5.216439903694500835e-01,1.564931971108350250e+00,-1.850326192361650968e+00,-2.853942212533007172e-01
4.062376762566991539e-01,9.217424520737358407e-01,5.155047758170366867e-01,1.546514327451109949e+00,-1.841764365724019026e+00,-2.952500382729090767e-01
4.123473658052853041e-01,9.217424520737358407e-01,5.093950862684505365e-01,1.528185258805351499e+00,-1.832906864575845063e+00,-3.047216057704935643e-01
4.184265831932943991e-01,9.217424520737358407e-01,5.033158688804414416e-01,1.509947606641324214e+00,-1.823765216402728484e+00,-3.138176097614042703e-01
4.244744188203273816e-01,9.217424520737358407e-01,4.972680332534084591e-01,1.491804099760225322e+00,-1.814350688109894749e+00,-3.225465883496694275e-01
4.304899997885253682e-01,9.217424520737358407e-01,4.912524522852104725e-01,1.473757356855631473e+00,-1.804674290459395980e+00,-3.309169336037645071e-01
4.364724890633630006e-01,9.217424520737358407e-01,4.852699630103728401e-01,1.455809889031118409e+00,-1.794746782451289713e+00,-3.389368934201713035e-01
4.424210846488585980e-01,9.217424520737358407e-01,4.793213674248772427e-01,1.437964102274631673e+00,-1.784578675648679225e+00,-3.466145733740475521e-01
4.483350187770168138e-01,9.217424520737358407e-01,4.734074332967190268e-01,1.420222299890157025e+00,-1.774180238447464752e+00,-3.539579385573077275e-01
4.542135571113192771e-01,9.217424520737358407e-01,4.675288949624165635e-01,1.402586684887249691e+00,-1.763561500290738993e+00,-3.609748154034893020e-01
4.600559979640814201e-01,9.217424520737358407e-01,4.616864541096544206e-01,1.385059362328963317e+00,-1.752732255828642893e+00,-3.676728934996795761e-01
4.658616715274935816e-01,9.217424520737358407e-01,4.558807805462422591e-01,1.367642341638726666e+00,-1.741702069023648436e+00,-3.740597273849217697e-01
4.716299391181672518e-01,9.217424520737358407e-01,4.501125129555685889e-01,1.350337538866705822e+00,-1.730480277202101069e+00,-3.801427383353952472e-01
4.773601924350073800e-01,9.217424520737358407e-01,4.443822596387284607e-01,1.333146778916185493e+00,-1.719075995052038452e+00,-3.859292161358529594e-01
4.830518528302339409e-01,9.217424520737358407e-01,4.386905992435018997e-01,1.316071797730505644e+00,-1.707498118567968293e+00,-3.914263208374626490e-01
4.887043705933767357e-01,9.217424520737358407e-01,4.330380814803591050e-01,1.299114244441077259e+00,-1.695755328942838425e+00,-3.966410845017611653e-01
4.943172242480693424e-01,9.217424520737358407e-01,4.274252278256664983e-01,1.282275683476999495e+00,-1.683856096407781999e+00,-4.015804129307825043e-01
4.998899198614688566e-01,9.217424520737358407e-01,4.218525322122669841e-01,1.265557596636800897e+00,-1.671808684019854274e+00,-4.062510873830533775e-01
5.054219903661301139e-01,9.217424520737358407e-01,4.163204617076057268e-01,1.248961385122817180e+00,-1.659621151398377181e+00,-4.106597662755600009e-01
5.109129948941637522e-01,9.217424520737358407e-01,4.108294571795720884e-01,1.232488371538716265e+00,-1.647301358410091510e+00,-4.148129868713752444e-01
5.163625181235103057e-01,9.217424520737358407e-01,4.053799339502255350e-01,1.216139801850676605e+00,-1.634856968803966026e+00,-4.187171669532894214e-01
5.217701696361615182e-01,9.217424520737358407e-01,3.999722824375743224e-01,1.199916847312723078e+00,-1.622295453795363773e+00,-4.223786064826406950e-01
5.271355832881644554e-01,9.217424520737358407e-01,3.946068687855713852e-01,1.183820606356714045e+00,-1.609624095600881155e+00,-4.258034892441671104e-01
5.324584165912429334e-01,9.217424520737358407e-01,3.892840354824929072e-01,1.167852106447478722e+00,-1.596849990923543405e+00,-4.289978844760646837e-01
5.377383501058738968e-01,9.217424520737358407e-01,3.840041019678619438e-01,1.152012305903585832e+00,-1.583980054389289016e+00,-4.319677484857031846e-01
5.429750868456562074e-01,9.217424520737358407e-01,3.787673652280796333e-01,1.136302095684238900e+00,-1.571021021934693174e+00,-4.347189262504542739e-01
5.481683516928135269e-01,9.217424520737358407e-01,3.735741003809223137e-01,1.120722301142766941e+00,-1.557979454147195852e+00,-4.372571530044289112e-01
5.533178908246704220e-01,9.217424520737358407e-01,3.684245612490654187e-01,1.105273683747196145e+00,-1.544861739557068514e+00,-4.395880558098723689e-01
5.584234711509462601e-01,9.217424520737358407e-01,3.633189809227895806e-01,1.089956942768368631e+00,-1.531674097882751440e+00,-4.417171551143828090e-01
5.634848797617106886e-01,9.217424520737358407e-01,3.582575723120251521e-01,1.074772716936075456e+00,-1.518422583229328549e+00,-4.436498662932530923e-01
5.685019233858458199e-01,9.217424520737358407e-01,3.532405286878900208e-01,1.059721586063670173e+00,-1.505113087240539382e+00,-4.453915011768692089e-01
5.734744278598632450e-01,9.217424520737358407e-01,3.482680242138725957e-01,1.044804072641617676e+00,-1.491751342205227537e+00,-4.469472695636098614e-01
5.784022376069243299e-01,9.217424520737358407e-01,3.433402144668115108e-01,1.030020643400434643e+00,-1.478342924118325463e+00,-4.483222807178908198e-01
5.832852151259135809e-01,9.217424520737358407e-01,3.384572369478222598e-01,1.015371710843466779e+00,-1.464893255696775309e+00,-4.495215448533085301e-01
5.881232404904175315e-01,9.217424520737358407e-01,3.336192115833183092e-01,1.000857634749954927e+00,-1.451407609351185179e+00,-4.505499746012302520e-01
5.929162108574613788e-01,9.217424520737358407e-01,3.288262412162744619e-01,9.864787236488233857e-01,-1.437891110113154181e+00,-4.514123864643307948e-01
5.976640399858588193e-01,9.217424520737358407e-01,3.240784120878770214e-01,9.722352362636310641e-01,-1.424348738519232160e+00,-4.521135022556010963e-01
6.023666577640306441e-01,9.217424520737358407e-01,3.193757943097051966e-01,9.581273829291155897e-01,-1.410785333451547441e+00,-4.526579505224318511e-01
6.070240097471502061e-01,9.217424520737358407e-01,3.147184423265856346e-01,9.441553269797569037e-01,-1.397205594935868600e+00,-4.530502679561116963e-01
6.116360567034742068e-01,9.217424520737358407e-01,3.101063953702616338e-01,9.303191861107849014e-01,-1.383614086897200224e+00,-4.532949007864153224e-01
6.162027741697195804e-01,9.217424520737358407e-01,3.055396779040162603e-01,9.166190337120487808e-01,-1.370015239873612067e+00,-4.533962061615632866e-01
6.207241520153488068e-01,9.217424520737358407e-01,3.010183000583870339e-01,9.030549001751611016e-01,-1.356413353688767920e+00,-4.533584535136068183e-01
6.252001940156266535e-01,9.217424520737358407e-01,2.965422580581091871e-01,8.896267741743275614e-01,-1.342812600083354013e+00,-4.531858259090264518e-01
6.296309174333135639e-01,9.217424520737358407e-01,2.921115346404222768e-01,8.763346039212668304e-01,-1.329217025306073108e+00,-4.528824213848062774e-01
6.340163526088620216e-01,9.217424520737358407e-01,2.877260994648738190e-01,8.631782983946214571e-01,-1.315630552664537323e+00,-4.524522542699158656e-01
6.383565425589834419e-01,9.217424520737358407e-01,2.833859095147523988e-01,8.501577285442571963e-01,-1.302056985036426084e+00,-4.518992564921688881e-01
6.426515425834556927e-01,9.217424520737358407e-01,2.790909094902801479e-01,8.372727284708404438e-01,-1.288500007341675246e+00,-4.512272788708348026e-01
6.469014198800407955e-01,9.217424520737358407e-01,2.748410321936950451e-01,8.245230965810851353e-01,-1.274963188975530848e+00,-4.504400923944457125e-01
6.511062531673864617e-01,9.217424520737358407e-01,2.706361989063493789e-01,8.119085967190481368e-01,-1.261449986203699858e+00,-4.495413894846517211e-01
6.552661323157836781e-01,9.217424520737358407e-01,2.664763197579521625e-01,7.994289592738564876e-01,-1.247963744519164919e+00,-4.485347852453084316e-01
6.593811579856563299e-01,9.217424520737358407e-01,2.623612940880795108e-01,7.870838822642385324e-01,-1.234507700961795518e+00,-4.474238186975569853e-01
6.634514412736592925e-01,9.217424520737358407e-01,2.582910108000765481e-01,7.748730324002296443e-01,-1.221084986400888805e+00,-4.462119540006591611e-01
6.674771033662622033e-01,9.217424520737358407e-01,2.542653487074736374e-01,7.627960461224209121e-01,-1.207698627780873224e+00,-4.449025816584523119e-01
6.714582752006992283e-01,9.217424520737358407e-01,2.502841768730366123e-01,7.508525306191098370e-01,-1.194351550331107514e+00,-4.434990197119976774e-01
6.753950971331650344e-01,9.217424520737358407e-01,2.463473549405708063e-01,7.390420648217124189e-01,-1.181046579739741809e+00,-4.420045149180293897e-01
6.792877186141390577e-01,9.217424520737358407e-01,2.424547334595967829e-01,7.273642003787903487e-01,-1.167786444292207015e+00,-4.404222439134166667e-01
6.831362978707217204e-01,9.217424520737358407e-01,2.386061542030141203e-01,7.158184626090423608e-01,-1.154573776974798793e+00,-4.387553143657564325e-01
6.869410015958677951e-01,9.217424520737358407e-01,2.348014504778680456e-01,7.044043514336041367e-01,-1.141411117543822407e+00,-4.370067661102182699e-01
6.907020046444029004e-01,9.217424520737358407e-01,2.310404474293329402e-01,6.931213422879988206e-01,-1.128300914560531609e+00,-4.351795722725327886e-01
6.944194897357107710e-01,9.217424520737358407e-01,2.273229623380250697e-01,6.819688870140752091e-01,-1.115245527392361158e+00,-4.332766403782859488e-01
6.980936471629807238e-01,9.217424520737358407e-01,2.236488049107551168e-01,6.709464147322653504e-01,-1.102247228180985861e+00,-4.313008134487205103e-01
7.017246745089058546e-01,9.217424520737358407e-01,2.200177775648299860e-01,6.600533326944899581e-01,-1.089308203777539230e+00,-4.292548710830492720e-01
7.053127763677227158e-01,9.217424520737358407e-01,2.164296757060131249e-01,6.492890271180393746e-01,-1.076430557645058350e+00,-4.271415305270189755e-01
7.088581640734868961e-01,9.217424520737358407e-01,2.128842880002489446e-01,6.386528640007468338e-01,-1.063616311729254083e+00,-4.249634477285072487e-01
7.123610554344781409e-01,9.217424520737358407e-01,2.093813966392576997e-01,6.281441899177730992e-01,-1.050867408297373462e+00,-4.227232183796003628e-01
7.158216744736314308e-01,9.217424520737358407e-01,2.059207776001044099e-01,6.177623328003132297e-01,-1.038185711745986950e+00,-4.204233789456737203e-01
7.192402511748902105e-01,9.217424520737358407e-01,2.025022008988456301e-01,6.075066026965368904e-01,-1.025573010377633931e+00,-4.180664076810970409e-01
7.226170212353808520e-01,9.217424520737358407e-01,1.991254308383549887e-01,5.973762925150649661e-01,-1.013031018147192430e+00,-4.156547256321274642e-01
7.259522258233083170e-01,9.217424520737358407e-01,1.957902262504275237e-01,5.873706787512825711e-01,-1.000561376378239498e+00,-4.131906976269569265e-01
7.292461113414731022e-01,9.217424520737358407e-01,1.924963407322627384e-01,5.774890221967882153e-01,-9.881656554494355760e-01,-4.106766332526473606e-01
7.324989291963125426e-01,9.217424520737358407e-01,1.892435228774232980e-01,5.677305686322698941e-01,-9.758453564518321244e-01,-4.081147878195622303e-01
7.357109355723701061e-01,9.217424520737358407e-01,1.860315165013657346e-01,5.580945495040972038e-01,-9.636019128172690351e-01,-4.055073633131718314e-01
7.388823912120963122e-01,9.217424520737358407e-01,1.828600608616395284e-01,5.485801825849185853e-01,-9.514366919178618431e-01,-4.028565093329432578e-01
7.420135612008892378e-01,9.217424520737358407e-01,1.797288908728466028e-01,5.391866726185398084e-01,-9.393509966378776888e-01,-4.001643240193378803e-01
7.451047147572802398e-01,9.217424520737358407e-01,1.766377373164556008e-01,5.299132119493668025e-01,-9.273460669173005932e-01,-3.974328549679337907e-01
7.481561250281744124e-01,9.217424520737358407e-01,1.735863270455614282e-01,5.207589811366842847e-01,-9.154230812682517815e-01,-3.946641001315674968e-01
7.511680688890554070e-01,9.217424520737358407e-01,1.705743831846804337e-01,5.117231495540413011e-01,-9.035831582642983584e-01,-3.918600087102570573e-01
7.541408267490653516e-01,9.217424520737358407e-01,1.676016253246704890e-01,5.028048759740114670e-01,-8.918273580029834058e-01,-3.890224820289719387e-01
7.570746823608724974e-01,9.217424520737358407e-01,1.646677697128633433e-01,4.940033091385900299e-01,-8.801566835421437140e-01,-3.861533744035536841e-01
7.599699226352392145e-01,9.217424520737358407e-01,1.617725294384966261e-01,4.853175883154898784e-01,-8.685720823100151478e-01,-3.832544939945252693e-01
7.628268374602065194e-01,9.217424520737358407e-01,1.589156146135293213e-01,4.767468438405879638e-01,-8.570744474901914600e-01,-3.803276036496034962e-01
7.656457195248088654e-01,9.217424520737358407e-01,1.560967325489269752e-01,4.682901976467809257e-01,-8.456646193807038081e-01,-3.773744217339228824e-01
7.684268641472378203e-01,9.217424520737358407e-01,1.533155879264980204e-01,4.599467637794940611e-01,-8.343433867286864647e-01,-3.743966229491924036e-01
7.711705691073718061e-01,9.217424520737358407e-01,1.505718829663640346e-01,4.517156488990921037e-01,-8.231114880401957379e-01,-3.713958391411036342e-01
7.738771344835917443e-01,9.217424520737358407e-01,1.478653175901440964e-01,4.435959527704322891e-01,-8.119696128659814605e-01,-3.683736600955491713e-01
7.765468624938021147e-01,9.217424520737358407e-01,1.451955895799337259e-01,4.355867687398011778e-01,-8.009184030631111284e-01,-3.653316343233099506e-01
7.791800573405801567e-01,9.217424520737358407e-01,1.425623947331556840e-01,4.276871841994670520e-01,-7.899584540334125826e-01,-3.622712698339455306e-01
7.817770250603748305e-01,9.217424520737358407e-01,1.399654270133610101e-01,4.198962810400830303e-01,-7.790903159384021670e-01,-3.591940348983191367e-01
7.843380733766796009e-01,9.217424520737358407e-01,1.374043786970562397e-01,4.122131360911687192e-01,-7.683144948914311101e-01,-3.561013588002623909e-01
7.868635115571043226e-01,9.217424520737358407e-01,1.348789405166315181e-01,4.046368215498945542e-01,-7.576314541274165038e-01,-3.529946325775219496e-01
7.893536502742712901e-01,9.217424520737358407e-01,1.323888017994645505e-01,3.971664053983936515e-01,-7.470416151500902657e-01,-3.498752097516966142e-01
7.918088014704631750e-01,9.217424520737358407e-01,1.299336506032726657e-01,3.898009518098179971e-01,-7.365453588575654464e-01,-3.467444070477474494e-01
7.942292782259502415e-01,9.217424520737358407e-01,1.275131738477855992e-01,3.825395215433567975e-01,-7.261430266461199601e-01,-3.436035051027631626e-01
7.966153946309270095e-01,9.217424520737358407e-01,1.251270574428088311e-01,3.753811723284264934e-01,-7.158349214930304072e-01,-3.404537491646039138e-01
7.989674656609873082e-01,9.217424520737358407e-01,1.227749864127485324e-01,3.683249592382455972e-01,-7.056213090180896153e-01,-3.372963497798440180e-01
8.012858070560696655e-01,9.217424520737358407e-01,1.204566450176661752e-01,3.613699350529985255e-01,-6.955024185247071777e-01,-3.341324834717086523e-01
8.035707352028048644e-01,9.217424520737358407e-01,1.181717168709309762e-01,3.545151506127929286e-01,-6.854784440205596852e-01,-3.309632934077667565e-01
8.058225670201992763e-01,9.217424520737358407e-01,1.159198850535365644e-01,3.477596551606096931e-01,-6.755495452183235550e-01,-3.277898900577138619e-01
8.080416198485879109e-01,9.217424520737358407e-01,1.137008322251479298e-01,3.411024966754437893e-01,-6.657158485165903805e-01,-3.246133518411465912e-01
8.102282113417924592e-01,9.217424520737358407e-01,1.115142407319433815e-01,3.345427221958301445e-01,-6.559774479613644793e-01,-3.214347257655343348e-01
8.123826593624203785e-01,9.217424520737358407e-01,1.093597927113154622e-01,3.280793781339463866e-01,-6.463344061883757874e-01,-3.182550280544294008e-01
8.145052818802428485e-01,9.217424520737358407e-01,1.072371701934929922e-01,3.217115105804789765e-01,-6.367867553467410069e-01,-3.150752447662620304e-01
8.165963968735887590e-01,9.217424520737358407e-01,1.051460552001470816e-01,3.154381656004412449e-01,-6.273344980037731666e-01,-3.118963324033319218e-01
8.186563222336943335e-01,9.217424520737358407e-01,1.030861298400415071e-01,3.092583895201245214e-01,-6.179776080316723430e-01,-3.087192185115478216e-01
8.206853756719487691e-01,9.217424520737358407e-01,1.010570764017870715e-01,3.031712292053612146e-01,-6.087160314763306879e-01,-3.055448022709694733e-01
8.226838746299760530e-01,9.217424520737358407e-01,9.905857744375978768e-02,2.971757323312793631e-01,-5.995496874081851502e-01,-3.023739550769057871e-01
8.246521361924956661e-01,9.217424520737358407e-01,9.709031588124017453e-02,2.912709476437205236e-01,-5.904784687558839451e-01,-2.992075211121634215e-01
8.265904770029041115e-01,9.217424520737358407e-01,9.515197507083172912e-02,2.854559252124951874e-01,-5.815022431225336241e-01,-2.960463179100384368e-01
8.284992131815215322e-01,9.217424520737358407e-01,9.324323889221430850e-02,2.797297166766429255e-01,-5.726208535852261861e-01,-2.928911369085832606e-01
8.303786602464480193e-01,9.217424520737358407e-01,9.136379182728782133e-02,2.740913754818634640e-01,-5.638341194779461496e-01,-2.897427439960826856e-01
8.322291330369749884e-01,9.217424520737358407e-01,8.951331903676085222e-02,2.685399571102825567e-01,-5.551418371580907341e-01,-2.866018800478081774e-01
8.340509456394971100e-01,9.217424520737358407e-01,8.769150643423873071e-02,2.630745193027161921e-01,-5.465437807566364548e-01,-2.834692614539202626e-01
8.358444113158738364e-01,9.217424520737358407e-01,8.589804075786200421e-02,2.576941222735860126e-01,-5.380397029130179476e-01,-2.803455806394319350e-01
8.376098424341866799e-01,9.217424520737358407e-01,8.413260963954916072e-02,2.523978289186474822e-01,-5.296293354938530484e-01,-2.772315065752055663e-01
8.393475504018419464e-01,9.217424520737358407e-01,8.239490167189389425e-02,2.471847050156816827e-01,-5.213123902965799417e-01,-2.741276852808982589e-01
8.410578456009691894e-01,9.217424520737358407e-01,8.068460647276665121e-02,2.420538194182999536e-01,-5.130885597381729113e-01,-2.710347403198729577e-01
8.427410373260644239e-01,9.217424520737358407e-01,7.900141474767141681e-02,2.370042442430142504e-01,-5.049575175285703210e-01,-2.679532732855560706e-01
8.443974337238311367e-01,9.217424520737358407e-01,7.734501834990470392e-02,2.320350550497141118e-01,-4.969189193300138641e-01,-2.648838642802997523e-01
8.460273417351698022e-01,9.217424520737358407e-01,7.571511033856603845e-02,2.271453310156981154e-01,-4.889724034015996423e-01,-2.618270723859015270e-01
8.476310670392698254e-01,9.217424520737358407e-01,7.411138503446601522e-02,2.223341551033980457e-01,-4.811175912300069690e-01,-2.587834361266089234e-01
8.492089139997571756e-01,9.217424520737358407e-01,7.253353807397866504e-02,2.176006142219359951e-01,-4.733540881462050542e-01,-2.557534739242690591e-01
8.507611856128520778e-01,9.217424520737358407e-01,7.098126646088376290e-02,2.129437993826512887e-01,-4.656814839284706409e-01,-2.527376845458193522e-01
8.522881834574924653e-01,9.217424520737358407e-01,6.945426861624337533e-02,2.083628058487301260e-01,-4.580993533921162708e-01,-2.497365475433861448e-01
8.537902076473784518e-01,9.217424520737358407e-01,6.795224442635738882e-02,2.038567332790721665e-01,-4.506072569657959548e-01,-2.467505236867237883e-01
8.552675567848958549e-01,9.217424520737358407e-01,6.647489528883998577e-02,1.994246858665199573e-01,-4.432047412552209131e-01,-2.437800553887009558e-01
8.567205279168743637e-01,9.217424520737358407e-01,6.502192415686147697e-02,1.950657724705844309e-01,-4.358913395935526403e-01,-2.408255671229682093e-01
8.581494164921406043e-01,9.217424520737358407e-01,6.359303558159523639e-02,1.907791067447857092e-01,-4.286665725798721738e-01,-2.378874658350864646e-01
8.595545163208232475e-01,9.217424520737358407e-01,6.218793575291259312e-02,1.865638072587377794e-01,-4.215299486047929811e-01,-2.349661413460552017e-01
8.609361195353713025e-01,9.217424520737358407e-01,6.080633253836453811e-02,1.824189976150936143e-01,-4.144809643644165043e-01,-2.320619667493228899e-01
8.622945165532444056e-01,9.217424520737358407e-01,5.944793552049143504e-02,1.783438065614743051e-01,-4.075191053619309223e-01,-2.291752988004566172e-01
8.636299960412374688e-01,9.217424520737358407e-01,5.811245603249837188e-02,1.743373680974951156e-01,-4.006438463979189457e-01,-2.263064783004238301e-01
8.649428448814004966e-01,9.217424520737358407e-01,5.679960719233534405e-02,1.703988215770060322e-01,-3.938546520489083491e-01,-2.234558304719023170e-01
8.662333481385163791e-01,9.217424520737358407e-01,5.550910393521946151e-02,1.665273118056583845e-01,-3.871509771347647622e-01,-2.206236653291063776e-01
8.675017890290993572e-01,9.217424520737358407e-01,5.424066304463648347e-02,1.627219891339094504e-01,-3.805322671748934127e-01,-2.178102780409839623e-01
8.687484488918781889e-01,9.217424520737358407e-01,5.299400318185765180e-02,1.589820095455729554e-01,-3.739979588336495020e-01,-2.150159492880765466e-01
8.699736071597282683e-01,9.217424520737358407e-01,5.176884491400757238e-02,1.553065347420227171e-01,-3.675474803550238256e-01,-2.122409456130011085e-01
8.711775413330170581e-01,9.217424520737358407e-01,5.056491074071878256e-02,1.516947322221563477e-01,-3.611802519866369465e-01,-2.094855197644805989e-01
8.723605269543293073e-01,9.217424520737358407e-01,4.938192511940653340e-02,1.481457753582196002e-01,-3.548956863936747474e-01,-2.067499110354551473e-01
8.735228375845380810e-01,9.217424520737358407e-01,4.821961448919775961e-02,1.446588434675932788e-01,-3.486931890626321362e-01,-2.040343455950388574e-01
8.746647447801872977e-01,9.217424520737358407e-01,4.707770729354854300e-02,1.412331218806456290e-01,-3.425721586947649833e-01,-2.013390368141193543e-01
8.757865180721551290e-01,9.217424520737358407e-01,4.595593400158071162e-02,1.378678020047421349e-01,-3.365319875903494129e-01,-1.986641855856072780e-01
8.768884249455644042e-01,9.217424520737358407e-01,4.485402712817143644e-02,1.345620813845143093e-01,-3.305720620227825535e-01,-1.960099806382682441e-01
8.779707308209098171e-01,9.217424520737358407e-01,4.377172125282602355e-02,1.313151637584780707e-01,-3.246917626036238680e-01,-1.933765988451457973e-01
8.790336990363707415e-01,9.217424520737358407e-01,4.270875303736509920e-02,1.281262591120952976e-01,-3.188904646382773045e-01,-1.907642055261820069e-01
8.800775908312790108e-01,9.217424520737358407e-01,4.166486124245682987e-02,1.249945837273704896e-01,-3.131675384724807998e-01,-1.881729547451103102e-01
8.811026653307127976e-01,9.217424520737358407e-01,4.063978674302304306e-02,1.219193602290691292e-01,-3.075223498301360436e-01,-1.856029896010669145e-01
8.821091795311865047e-01,9.217424520737358407e-01,3.963327254254933596e-02,1.188998176276480079e-01,-3.019542601421121297e-01,-1.830544425144641218e-01
8.830973882874088021e-01,9.217424520737358407e-01,3.864506378632703854e-02,1.159351913589811156e-01,-2.964626268666892273e-01,-1.805274355077081117e-01
8.840675443000802769e-01,9.217424520737358407e-01,3.767490777365556376e-02,1.130247233209666913e-01,-2.910468038014424330e-01,-1.780220804804757417e-01
8.850198981047037172e-01,9.217424520737358407e-01,3.672255396903212343e-02,1.101676619070963703e-01,-2.857061413870320976e-01,-1.755384794799357273e-01
8.859546980613791645e-01,9.217424520737358407e-01,3.578775401235667619e-02,1.073632620370700286e-01,-2.804399870026341723e-01,-1.730767249655641438e-01
8.868721903455580868e-01,9.217424520737358407e-01,3.487026172817775382e-02,1.046107851845332615e-01,-2.752476852536767105e-01,-1.706369000691434490e-01
8.877726189397300294e-01,9.217424520737358407e-01,3.396983313400581128e-02,1.019094994020174338e-01,-2.701285782515827627e-01,-1.682190788495653289e-01
8.886562256260170933e-01,9.217424520737358407e-01,3.308622644771874732e-02,9.925867934315624197e-02,-2.650820058861191875e-01,-1.658233265429629455e-01
8.895232499796498216e-01,9.217424520737358407e-01,3.221920209408601909e-02,9.665760628225805728e-02,-2.601073060898184686e-01,-1.634496998075604113e-01
8.903739293633017304e-01,9.217424520737358407e-01,3.136852271043411022e-02,9.410556813130233067e-02,-2.552038150955726614e-01,-1.610982469642703307e-01
8.912084989222572862e-01,9.217424520737358407e-01,3.053395315147855449e-02,9.160185945443566347e-02,-2.503708676866667204e-01,-1.587690082322310570e-01
8.920271915803895668e-01,9.217424520737358407e-01,2.971526049334627384e-02,8.914578148003882152e-02,-2.456077974396841945e-01,-1.564620159596453730e-01
8.928302380369259605e-01,9.217424520737358407e-01,2.891221403680988011e-02,8.673664211042964034e-02,-2.409139369609181180e-01,-1.541772948504884777e-01
8.936178667639772533e-01,9.217424520737358407e-01,2.812458530975858739e-02,8.437375592927576218e-02,-2.362886181153878162e-01,-1.519148621861120541e-01
8.943903040048098996e-01,9.217424520737358407e-01,2.735214806892594108e-02,8.205644420677782325e-02,-2.317311722497938931e-01,-1.496747280430160698e-01
8.951477737728382733e-01,9.217424520737358407e-01,2.659467830089756735e-02,7.978403490269270204e-02,-2.272409304085121207e-01,-1.474568955058194186e-01
8.958904978513160255e-01,9.217424520737358407e-01,2.585195422241981511e-02,7.755586266725944533e-02,-2.228172235433256709e-01,-1.452613608760662256e-01
8.966186957937062330e-01,9.217424520737358407e-01,2.512375628002960770e-02,7.537126884008882310e-02,-2.184593827170622227e-01,-1.430881138769733996e-01
8.973325849247086872e-01,9.217424520737358407e-01,2.440986714902715349e-02,7.322960144708146046e-02,-2.141667393007362641e-01,-1.409371378536548036e-01
8.980323803419257844e-01,9.217424520737358407e-01,2.371007173181005623e-02,7.113021519543016868e-02,-2.099386251651291779e-01,-1.388084099696990092e-01
8.987182949181459213e-01,9.217424520737358407e-01,2.302415715558991938e-02,6.907247146676975813e-02,-2.057743728660410554e-01,-1.367019013992712972e-01
8.993905393042261887e-01,9.217424520737358407e-01,2.235191276950965200e-02,6.705573830852895600e-02,-2.016733158240802126e-01,-1.346175775155512566e-01
9.000493219325548244e-01,9.217424520737358407e-01,2.169313014118101623e-02,6.507939042354304870e-02,-1.976347884985907299e-01,-1.325553980750476812e-01
9.006948490210759939e-01,9.217424520737358407e-01,2.104760305265984677e-02,6.314280915797954030e-02,-1.936581265563508403e-01,-1.305153173983713000e-01
9.013273245778573584e-01,9.217424520737358407e-01,2.041512749587848230e-02,6.124538248763544690e-02,-1.897426670344093402e-01,-1.284972845467738933e-01
9.019469504061840004e-01,9.217424520737358407e-01,1.979550166755184026e-02,5.938650500265552079e-02,-1.858877484979926109e-01,-1.265012434953370901e-01
9.025539261101611643e-01,9.217424520737358407e-01,1.918852596357467633e-02,5.756557789072402898e-02,-1.820927111931491815e-01,-1.245271333024251526e-01
9.031484491008080484e-01,9.217424520737358407e-01,1.859400297292779225e-02,5.578200891878337675e-02,-1.783568971940652226e-01,-1.225748882752818458e-01
9.037307146026274385e-01,9.217424520737358407e-01,1.801173747110840218e-02,5.403521241332520653e-02,-1.746796505458170223e-01,-1.206444381324918158e-01
9.043009156606335308e-01,9.217424520737358407e-01,1.744153641310230984e-02,5.232460923930692953e-02,-1.710603174018276995e-01,-1.187357081625207700e-01
9.048592431478233999e-01,9.217424520737358407e-01,1.688320892591244071e-02,5.064962677773732214e-02,-1.674982461569607395e-01,-1.168486193792234173e-01
9.054058857730753473e-01,9.217424520737358407e-01,1.633656630066049331e-02,4.900969890198147993e-02,-1.639927875755842201e-01,-1.149830886736027402e-01
9.059410300894599199e-01,9.217424520737358407e-01,1.580142198427592071e-02,4.740426595282776212e-02,-1.605432949153717814e-01,-1.131390289625440193e-01
9.064648605029482775e-01,9.217424520737358407e-01,1.527759157078756314e-02,4.583277471236268941e-02,-1.571491240465072714e-01,-1.113163493341445820e-01
9.069775592815031429e-01,9.217424520737358407e-01,1.476489279223269779e-02,4.429467837669809338e-02,-1.538096335664596026e-01,-1.095149551897615092e-01
9.074793065645391232e-01,9.217424520737358407e-01,1.426314550919671742e-02,4.278943652759015226e-02,-1.505241849107941121e-01,-1.077347483832039599e-01
9.079702803727367488e-01,9.217424520737358407e-01,1.377217170099909183e-02,4.131651510299727548e-02,-1.472921424592876782e-01,-1.059756273562904028e-01
9.084506566181986820e-01,9.217424520737358407e-01,1.329179545553715869e-02,3.987538636661147606e-02,-1.441128736385799414e-01,-1.042374872719684653e-01
9.089206091149334421e-01,9.217424520737358407e-01,1.282184295880239855e-02,3.846552887640719565e-02,-1.409857490204280417e-01,-1.025202201440208460e-01
9.093803095896538791e-01,9.217424520737358407e-01,1.236214248408196159e-02,3.708642745224588477e-02,-1.379101424161310874e-01,-1.008237149638852026e-01
9.098299276928778490e-01,9.217424520737358407e-01,1.191252438085799170e-02,3.573757314257397510e-02,-1.348854309671909668e-01,-9.914785782461699171e-02
9.102696310103194355e-01,9.217424520737358407e-01,1.147282106341640517e-02,3.441846319024921552e-02,-1.319109952324759583e-01,-9.749253204222674274e-02
9.106995850745567278e-01,9.217424520737358407e-01,1.104286699917911285e-02,3.312860099753733856e-02,-1.289862192711876965e-01,-9.585761827365035792e-02
9.111199533769667180e-01,9.217424520737358407e-01,1.062249869676912262e-02,3.186749609030736785e-02,-1.261104907229970706e-01,-9.424299463268970278e-02
9.115308973799134407e-01,9.217424520737358407e-01,1.021155469382240000e-02,3.063466408146719999e-02,-1.232832008840167859e-01,-9.264853680254958590e-02
9.119325765291799168e-01,9.217424520737358407e-01,9.809875544555923810e-03,2.942962663366777143e-02,-1.205037447799428563e-01,-9.107411814627508484e-02
9.123251482666316914e-01,9.217424520737358407e-01,9.417303807104149271e-03,2.825191142131244781e-02,-1.177715212355323615e-01,-8.951960981421991370e-02
9.127087680431020811e-01,9.217424520737358407e-01,9.033684030633759576e-03,2.710105209190127873e-02,-1.150859329411169085e-01,-8.798488084921562979e-02
9.130835893314874774e-01,9.217424520737358407e-01,8.658862742248363276e-03,2.597658822674508983e-02,-1.124463865156188902e-01,-8.646979828887380037e-02
9.134497636400440435e-01,9.217424520737358407e-01,8.292688433691797201e-03,2.487806530107539160e-02,-1.098522925669698225e-01,-8.497422726589443087e-02
9.138074405258740374e-01,9.217424520737358407e-01,7.935011547861803294e-03,2.380503464358540988e-02,-1.073030657489981721e-01,-8.349803110541276219e-02
9.141567676085934346e-01,9.217424520737358407e-01,7.585684465142406019e-03,2.275705339542721806e-02,-1.047981248158191825e-01,-8.204107142039196443e-02
9.144978905841708583e-01,9.217424520737358407e-01,7.244561489564982359e-03,2.173368446869494708e-02,-1.023368926732270978e-01,-8.060320820453215074e-02
9.148309532389278242e-01,9.217424520737358407e-01,6.911498834808016412e-03,2.073449650442404923e-02,-9.991879642708978437e-02,-7.918429992266573514e-02
9.151560974636925305e-01,9.217424520737358407e-01,6.586354610043310132e-03,1.975906383012993039e-02,-9.754326742941188400e-02,-7.778420359928195360e-02
9.154734632680973094e-01,9.217424520737358407e-01,6.268988805638531225e-03,1.880696641691559368e-02,-9.520974132143367186e-02,-7.640277490451807818e-02
9.157831887950116379e-01,9.217424520737358407e-01,5.959263278724202806e-03,1.787778983617260842e-02,-9.291765807429852586e-02,-7.503986823812591744e-02
9.160854103351021571e-01,9.217424520737358407e-01,5.657041738633683536e-03,1.697112521590105061e-02,-9.066646202715578085e-02,-7.369533681125473024e-02
9.163802623415114867e-01,9.217424520737358407e-01,5.362189732224353911e-03,1.608656919667306173e-02,-8.845560192279888767e-02,-7.236903272612582594e-02
9.166678774446482825e-01,9.217424520737358407e-01,5.074574629087558186e-03,1.522372388726267456e-02,-8.628453094103871734e-02,-7.106080705377604279e-02
9.169483864670796569e-01,9.217424520737358407e-01,4.794065606656183753e-03,1.438219681996855126e-02,-8.415270672941232988e-02,-6.977050990944377862e-02
9.172219184385200785e-01,9.217424520737358407e-01,4.520533635215762125e-03,1.356160090564728637e-02,-8.205959143212648854e-02,-6.849799052647920217e-02
9.174886006109078673e-01,9.217424520737358407e-01,4.253851462827973329e-03,1.276155438848391999e-02,-8.000465171633663886e-02,-6.724309732785271887e-02
9.177485584735628477e-01,9.217424520737358407e-01,3.993893600172992997e-03,1.198168080051897899e-02,-7.798735879649409952e-02,-6.600567799597512053e-02
9.180019157684182751e-01,9.217424520737358407e-01,3.740536305317565535e-03,1.122160891595269661e-02,-7.600718845662823853e-02,-6.478557954067554192e-02
9.182487945053195988e-01,9.217424520737358407e-01,3.493657568416241865e-03,1.048097270524872560e-02,-7.406362107039710097e-02,-6.358264836514837537e-02
9.184893149773843968e-01,9.217424520737358407e-01,3.253137096351443880e-03,9.759411289054331640e-03,-7.215614161943939564e-02,-6.239673033038506400e-02
9.187235957764161576e-01,9.217424520737358407e-01,3.018856297319683080e-03,9.056568891959049239e-03,-7.028423970952824007e-02,-6.122767081756919083e-02
9.189517538083661341e-01,9.217424520737358407e-01,2.790698265369706554e-03,8.372094796109119663e-03,-6.844740958499295758e-02,-6.007531478888383791e-02
9.191739043088372751e-01,9.217424520737358407e-01,2.568547764898565511e-03,7.705643294695696532e-03,-6.664515014134231308e-02,-5.893950684664661654e-02
9.193901608586236840e-01,9.217424520737358407e-01,2.352291215112156664e-03,7.056873645336469991e-03,-6.487696493592265412e-02,-5.782009129058618413e-02
9.196006353992810523e-01,9.217424520737358407e-01,2.141816674454788405e-03,6.425450023364365215e-03,-6.314236219721047760e-02,-5.671691217384611239e-02
9.198054382487210745e-01,9.217424520737358407e-01,1.937013825014766155e-03,5.811041475044298465e-03,-6.144085483200667497e-02,-5.562981335696237650e-02
9.200046781168254029e-01,9.217424520737358407e-01,1.737773956910437789e-03,5.213321870731313368e-03,-5.977196043129850977e-02,-5.455863856056719641e-02
9.201984621210737014e-01,9.217424520737358407e-01,1.543989952662139231e-03,4.631969857986417693e-03,-5.813520127448956742e-02,-5.350323141650314973e-02
9.203868958021803603e-01,9.217424520737358407e-01,1.355556271555480308e-03,4.066668814666440923e-03,-5.653010433199767704e-02,-5.246343551733123611e-02
9.205700831397352069e-01,9.217424520737358407e-01,1.172368934000633800e-03,3.517106802001901400e-03,-5.495620126645395231e-02,-5.143909446445205091e-02
9.207481265678436611e-01,9.217424520737358407e-01,9.943255058921796063e-04,2.982976517676538819e-03,-5.341302843253625809e-02,-5.043005191485971928e-02
9.209211269907605635e-01,9.217424520737358407e-01,8.213250829752771764e-04,2.463975248925831529e-03,-5.190012687507072897e-02,-4.943615162614489744e-02
9.210891837985148989e-01,9.217424520737358407e-01,6.532682752209417743e-04,1.959804825662825323e-03,-5.041704232630062066e-02,-4.845723750063779534e-02
9.212523948825191988e-01,9.217424520737358407e-01,4.900571912166418187e-04,1.470171573649925456e-03,-4.896332520128998667e-02,-4.749315362764006121e-02
9.214108566511607368e-01,9.217424520737358407e-01,3.315954225751038820e-04,9.947862677253116459e-04,-4.753853059246138102e-02,-4.654374432473606937e-02
9.215646640453697414e-01,9.217424520737358407e-01,1.777880283660993044e-04,5.333640850982979131e-04,-4.614221826270137328e-02,-4.560885417760307536e-02
9.217139105541609645e-01,9.217424520737358407e-01,2.854151957487616187e-05,8.562455872462848561e-05,-4.477395263736694275e-02,-4.468832807864231427e-02
9.218586882301443852e-01,9.217424520737358407e-01,-1.162361564085445664e-04,-3.487084692256336993e-04,-4.343330279502621849e-02,-4.378201126425185219e-02
9.219990877050013856e-01,9.217424520737358407e-01,-2.566356312655448946e-04,-7.699068937966346837e-04,-4.211984245710009844e-02,-4.288974935089673313e-02
9.221351982049232898e-01,9.217424520737358407e-01,-3.927461311874491656e-04,-1.178238393562347497e-03,-4.083314997657128131e-02,-4.201138837013362881e-02
9.222671075660081597e-01,9.217424520737358407e-01,-5.246554922723190018e-04,-1.573966476816957005e-03,-3.957280832546095084e-02,-4.114677480227790785e-02
9.223949022496128469e-01,9.217424520737358407e-01,-6.524501758770062665e-04,-1.957350527631018799e-03,-3.833840508140617942e-02,-4.029575560903719822e-02
9.225186673576566410e-01,9.217424520737358407e-01,-7.762152839208003030e-04,-2.328645851762400909e-03,-3.712953241313821096e-02,-3.945817826490061186e-02
9.226384866478738456e-01,9.217424520737358407e-01,-8.960345741380049134e-04,-2.688103722414014740e-03,-3.594578706516138311e-02,-3.863389078757539785e-02
9.227544425490123992e-01,9.217424520737358407e-01,-1.011990475276558499e-03,-3.035971425829675496e-03,-3.478677034156607561e-02,-3.782274176739575111e-02
9.228666161759742081e-01,9.217424520737358407e-01,-1.124164102238367491e-03,-3.372492306715102472e-03,-3.365208808854269762e-02,-3.702458039525780009e-02
9.229750873448964166e-01,9.217424520737358407e-01,-1.232635271160575918e-03,-3.697905813481727755e-03,-3.254135067666252823e-02,-3.623925649014425598e-02
9.230799345881696150e-01,9.217424520737358407e-01,-1.337482514433774305e-03,-4.012447543301322916e-03,-3.145417298195951616e-02,-3.546662052526083908e-02
9.231812351693903240e-01,9.217424520737358407e-01,-1.438783095654483368e-03,-4.316349286963450105e-03,-3.039017436621271884e-02,-3.470652365317616894e-02
9.232790650982457548e-01,9.217424520737358407e-01,-1.536613024509914105e-03,-4.609839073529742315e-03,-2.934897865662922101e-02,-3.395881773015896332e-02
9.233734991453280694e-01,9.217424520737358407e-01,-1.631047071592228725e-03,-4.893141214776686176e-03,-2.833021412469438616e-02,-3.322335533947107233e-02
9.234646108568764777e-01,9.217424520737358407e-01,-1.722158783140637084e-03,-5.166476349421911252e-03,-2.733351346452250752e-02,-3.249998981394441877e-02
9.235524725694435055e-01,9.217424520737358407e-01,-1.810020495707664878e-03,-5.430061487122994635e-03,-2.635851377010833829e-02,-3.178857525723133293e-02
9.236371554244847681e-01,9.217424520737358407e-01,-1.894703350748927484e-03,-5.684110052246782452e-03,-2.540485651237878173e-02,-3.108896656462556418e-02
9.237187293828695855e-01,9.217424520737358407e-01,-1.976277309133744886e-03,-5.928831927401234658e-03,-2.447218751544522064e-02,-3.040101944284645530e-02
9.237972632393101069e-01,9.217424520737358407e-01,-2.054811165574266241e-03,-6.164433496722798722e-03,-2.356015693215640638e-02,-2.972459042887920511e-02
9.238728246367077235e-01,9.217424520737358407e-01,-2.130372562971882822e-03,-6.391117688915648465e-03,-2.266841921928497428e-02,-2.905953690820062274e-02
9.239454800804145496e-01,9.217424520737358407e-01,-2.203028006678708905e-03,-6.609084020036126716e-03,-2.179663311204782516e-02,-2.840571713208395188e-02
9.240152949524081949e-01,9.217424520737358407e-01,-2.272842878672354239e-03,-6.818528636017062716e-03,-2.094446159809359997e-02,-2.776299023411066269e-02
9.240823335253783855e-01,9.217424520737358407e-01,-2.339881451642544796e-03,-7.019644354927634389e-03,-2.011157189105716725e-02,-2.713121624598480164e-02
9.241466589767239892e-01,9.217424520737358407e-01,-2.404206902988148542e-03,-7.212620708964445626e-03,-1.929763540368112373e-02,-2.651025611264556936e-02
9.242083334024583374e-01,9.217424520737358407e-01,-2.465881328722496768e-03,-7.397643986167490304e-03,-1.850232772030446782e-02,-2.589997170647195812e-02
9.242674178310220645e-01,9.217424520737358407e-01,-2.524965757286223855e-03,-7.574897271858671566e-03,-1.772532856911812615e-02,-2.530022584097679772e-02
9.243239722370016898e-01,9.217424520737358407e-01,-2.581520163265849099e-03,-7.744560489797547298e-03,-1.696632179388757322e-02,-2.471088228368512052e-02
9.243780555547529421e-01,9.217424520737358407e-01,-2.635603481017101402e-03,-7.906810443051304205e-03,-1.622499532537569067e-02,-2.413180576842699487e-02
9.244297256919273842e-01,9.217424520737358407e-01,-2.687273618191543534e-03,-8.061820854574630602e-03,-1.550104115233263968e-02,-2.356286200690727028e-02
9.244790395429011154e-01,9.217424520737358407e-01,-2.736587469165274733e-03,-8.209762407495824199e-03,-1.479415529211935976e-02,-2.300391769961518396e-02
9.245260530021048861e-01,9.217424520737358407e-01,-2.783600928369045491e-03,-8.350802785107136472e-03,-1.410403776113122731e-02,-2.245484054623836379e-02
9.245708209772539599e-01,9.217424520737358407e-01,-2.828368903518119204e-03,-8.485106710554357612e-03,-1.343039254472211397e-02,-2.191549925527647158e-02
9.246133974024776103e-01,9.217424520737358407e-01,-2.870945328741769664e-03,-8.612835986225308993e-03,-1.277292756709513810e-02,-2.138576355332044709e-02
9.246538352513459236e-01,9.217424520737358407e-01,-2.911383177610082917e-03,-8.734149532830248752e-03,-1.213135466049397593e-02,-2.086550419332422468e-02
9.246921865497949033e-01,9.217424520737358407e-01,-2.949734476059062693e-03,-8.849203428177188080e-03,-1.150538953469393277e-02,-2.035459296287112085e-02
9.247285023889475486e-01,9.217424520737358407e-01,-2.986050315211707940e-03,-8.958150945635123819e-03,-1.089475174579357386e-02,-1.985290269142869768e-02
9.247628329378310141e-01,9.217424520737358407e-01,-3.020380864095173479e-03,-9.061142592285520436e-03,-1.029916466503966177e-02,-1.936030725732518221e-02
9.247952274559887442e-01,9.217424520737358407e-01,-3.052775382252903569e-03,-9.158326146758710706e-03,-9.718355447319027007e-03,-1.887668159407773771e-02
9.248257343059871349e-01,9.217424520737358407e-01,-3.083282232251294275e-03,-9.249846696753882824e-03,-9.152054999517211797e-03,-1.840190169627109462e-02
9.248544009658158371e-01,9.217424520737358407e-01,-3.111948892079996476e-03,-9.335846676239989428e-03,-8.599997948610660359e-03,-1.793584462485064979e-02
9.248812740411821443e-01,9.217424520737358407e-01,-3.138821967446303596e-03,-9.416465902338910787e-03,-8.061922609892135938e-03,-1.747838851223104673e-02
9.249063992776971332e-01,9.217424520737358407e-01,-3.163947203961292587e-03,-9.491841611883877761e-03,-7.537570954496697340e-03,-1.702941256638057510e-02
9.249298215729555572e-01,9.217424520737358407e-01,-3.187369499219716573e-03,-9.562108497659149720e-03,-7.026688577527195889e-03,-1.658879707518634561e-02
9.249515849885063812e-01,9.217424520737358407e-01,-3.209132914770540523e-03,-9.627398744311621570e-03,-6.529024665247185055e-03,-1.615642340955880663e-02
9.249717327617162921e-01,9.217424520737358407e-01,-3.229280687980451425e-03,-9.687842063941354276e-03,-6.044331962973270578e-03,-1.573217402691462485e-02
9.249903073175235191e-01,9.217424520737358407e-01,-3.247855243787678425e-03,-9.743565731363035276e-03,-5.572366742168100018e-03,-1.531593247353113529e-02
9.250073502800834069e-01,9.217424520737358407e-01,-3.264898206347566223e-03,-9.794694619042698669e-03,-5.112888767966339287e-03,-1.490758338700903796e-02
9.250229024843046322e-01,9.217424520737358407e-01,-3.280450410568791497e-03,-9.841351231706374492e-03,-4.665661266367582272e-03,-1.450701249807395676e-02
9.250370039872759520e-01,9.217424520737358407e-01,-3.294551913540111343e-03,-9.883655740620334029e-03,-4.230450891395953761e-03,-1.411410663201628779e-02
9.250496940795841505e-01,9.217424520737358407e-01,-3.307242005848309852e-03,-9.921726017544929555e-03,-3.807027692459552526e-03,-1.372875371000448208e-02
9.250610112965212961e-01,9.217424520737358407e-01,-3.318559222785455454e-03,-9.955677668356366361e-03,-3.395165081143680652e-03,-1.335084274950004701e-02
9.250709934291835301e-01,9.217424520737358407e-01,-3.328541355447689476e-03,-9.985624066343068428e-03,-2.994639798670206687e-03,-1.298026386501327512e-02
9.250796775354592771e-01,9.217424520737358407e-01,-3.337225461723436482e-03,-1.001167638517030944e-02,-2.605231882724101666e-03,-1.261690826789441111e-02
9.250870999509082093e-01,9.217424520737358407e-01,-3.344647877172368666e-03,-1.003394363151710600e-02,-2.226724634679655423e-03,-1.226066826619676142e-02
9.250932962995305209e-01,9.217424520737358407e-01,-3.350844225794680220e-03,-1.005253267738404066e-02,-1.858904586693466143e-03,-1.191143726407750680e-02
9.250983015044264013e-01,9.217424520737358407e-01,-3.355849430690560631e-03,-1.006754829207168189e-02,-1.501561468764123219e-03,-1.156910976083580511e-02
9.251021497983462627e-01,9.217424520737358407e-01,-3.359697724610422043e-03,-1.007909317383126613e-02,-1.154488175958423568e-03,-1.123358134978968970e-02
9.251048747341310552e-01,9.217424520737358407e-01,-3.362422660395214535e-03,-1.008726798118564361e-02,-8.174807354377477964e-04,-1.090474871662339140e-02
9.251065091950442243e-01,9.217424520737358407e-01,-3.364057121308383635e-03,-1.009217136392515091e-02,-4.903382739507300414e-04,-1.058250963787588095e-02
9.251070854049936454e-01,9.217424520737358407e-01,-3.364633331257804727e-03,-1.009389999377341418e-02,-1.728629848263274482e-04,-1.026676297859974163e-02
9.251066349386452004e-01,9.217424520737358407e-01,-3.364182864909359694e-03,-1.009254859472807908e-02,1.351399045335099913e-04,-9.957408690194569090e-03
9.251051887314276634e-01,9.217424520737358407e-01,-3.362736657691822728e-03,-1.008820997307546818e-02,4.338621652610896717e-04,-9.654347807814378513e-03
9.251027770894293401e-01,9.217424520737358407e-01,-3.360325015693499395e-03,-1.008097504708049819e-02,7.234925994969998442e-04,-9.357482447583498342e-03
9.250994296991863486e-01,9.217424520737358407e-01,-3.356977625450507929e-03,-1.007093287635152379e-02,1.004217072897439778e-03,-9.066715803454084011e-03
9.250951756373629875e-01,9.217424520737358407e-01,-3.352723563627146852e-03,-1.005817069088144056e-02,1.276218547008323156e-03,-8.781952143873117400e-03
9.250900433803251888e-01,9.217424520737358407e-01,-3.347591306589348115e-03,-1.004277391976804434e-02,1.539677111339621263e-03,-8.503096808428423081e-03
9.250840608136066123e-01,9.217424520737358407e-01,-3.341608739870771672e-03,-1.002482621961231501e-02,1.794770015572932920e-03,-8.230056204039382095e-03
9.250772552412676042e-01,9.217424520737358407e-01,-3.334803167531763535e-03,-1.000440950259529060e-02,2.041671701702441055e-03,-7.962737800892849549e-03
9.250696533951484613e-01,9.217424520737358407e-01,-3.327201321412620594e-03,-9.981603964237861781e-03,2.280553835742882285e-03,-7.701050128494979496e-03
9.250612814440165588e-01,9.217424520737358407e-01,-3.318829370280718116e-03,-9.956488110842154349e-03,2.511585339570743258e-03,-7.444902771271411090e-03
9.250521650026074516e-01,9.217424520737358407e-01,-3.309712928871610949e-03,-9.929138786614832846e-03,2.734932422732150314e-03,-7.194206363882682531e-03
9.250423291405619475e-01,9.217424520737358407e-01,-3.299877066826106820e-03,-9.899631200478320459e-03,2.950758613651238704e-03,-6.948872586827081754e-03
9.250317983912578201e-01,9.217424520737358407e-01,-3.289346317521979479e-03,-9.868038952565938438e-03,3.159224791238202101e-03,-6.708814161327736336e-03
9.250205967605374946e-01,9.217424520737358407e-01,-3.278144686801653940e-03,-9.834434060404961819e-03,3.360489216097661824e-03,-6.473944844307299995e-03
9.250087477353328147e-01,9.217424520737358407e-01,-3.266295661596974043e-03,-9.798886984790922128e-03,3.554707561403969152e-03,-6.244179423386952976e-03
9.249962742921857828e-01,9.217424520737358407e-01,-3.253822218449942127e-03,-9.761466655349826382e-03,3.742032944109574544e-03,-6.019433711240251839e-03
9.249831989056676029e-01,9.217424520737358407e-01,-3.240746831931762273e-03,-9.722240495795286819e-03,3.922615955453956360e-03,-5.799624540341330459e-03
9.249695435566953616e-01,9.217424520737358407e-01,-3.227091482959520974e-03,-9.681274448878562922e-03,4.096604691672389720e-03,-5.584669757206173202e-03
9.249553297407474561e-01,9.217424520737358407e-01,-3.212877667011615479e-03,-9.638633001034846437e-03,4.264144784371648456e-03,-5.374488216663197981e-03
9.249405784759778815e-01,9.217424520737358407e-01,-3.198126402242040811e-03,-9.594379206726122433e-03,4.425379430872400377e-03,-5.168999775853722056e-03
9.249253103112307084e-01,9.217424520737358407e-01,-3.182858237494867737e-03,-9.548574712484603211e-03,4.580449424151922244e-03,-4.968125288332680967e-03
9.249095453339546413e-01,9.217424520737358407e-01,-3.167093260218800665e-03,-9.501279780656401996e-03,4.729493182820121433e-03,-4.771786597836280563e-03
9.248933031780188774e-01,9.217424520737358407e-01,-3.150851104283036719e-03,-9.452553312849110156e-03,4.872646780729184002e-03,-4.579906532119926155e-03
9.248766030314298225e-01,9.217424520737358407e-01,-3.134150957693981887e-03,-9.402452873081945661e-03,5.010043976716449521e-03,-4.392408896365496140e-03
9.248594636439512184e-01,9.217424520737358407e-01,-3.117011570215377780e-03,-9.351034710646133341e-03,5.141816243581232015e-03,-4.209218467064901326e-03
9.248419033346259033e-01,9.217424520737358407e-01,-3.099451260890062620e-03,-9.298353782670187861e-03,5.268092797594547960e-03,-4.030260985075639901e-03
9.248239399992019827e-01,9.217424520737358407e-01,-3.081487925466142030e-03,-9.244463776398426091e-03,5.389000627176177005e-03,-3.855463149222249086e-03
9.248055911174631882e-01,9.217424520737358407e-01,-3.063139043727347577e-03,-9.189417131182042731e-03,5.504664521638336083e-03,-3.684752609543706647e-03
9.247868737604634237e-01,9.217424520737358407e-01,-3.044421686727583065e-03,-9.133265060182749195e-03,5.615207099929353518e-03,-3.518057960253395677e-03
9.247678045976676087e-01,9.217424520737358407e-01,-3.025352523931768012e-03,-9.076057571795304035e-03,5.720748838744516007e-03,-3.355308733050788028e-03
9.247483999039984859e-01,4.419964849257970174e-01,-4.827519149782014685e-01,-1.448255744934604294e+00,0.000000000000000000e+00,-1.448255744934604294e+00
9.245841696358360062e-01,4.419964849257970174e-01,-4.825876847100389888e-01,-1.447763054130116966e+00,4.926908044874389603e-02,-1.398493973681373070e+00
9.242800899703053075e-01,4.419964849257970174e-01,-4.822836050445082900e-01,-1.446850815133524870e+00,9.122389965920962851e-02,-1.355626915474315242e+00
9.238404476132272558e-01,4.419964849257970174e-01,-4.818439626874302384e-01,-1.445531888062290715e+00,1.318927071234154980e-01,-1.313639180938875217e+00
9.232694413380552190e-01,4.419964849257970174e-01,-4.812729564122582016e-01,-1.443818869236774605e+00,1.713018825516110510e-01,-1.272516986685163554e+00
9.225711833642147308e-01,4.419964849257970174e-01,-4.805746984384177134e-01,-1.441724095315253251e+00,2.094773921521464466e-01,-1.232246703163106805e+00
9.217497007200579073e-01,4.419964849257970174e-01,-4.797532157942608899e-01,-1.439259647382782781e+00,2.464447932470470448e-01,-1.192814854135735736e+00
9.208089365904875701e-01,4.419964849257970174e-01,-4.788124516646905526e-01,-1.436437354994071658e+00,2.822292388711011846e-01,-1.154208116122970473e+00
9.197527516493049227e-01,4.419964849257970174e-01,-4.777562667235079052e-01,-1.433268800170523605e+00,3.168554823547942156e-01,-1.116413317815729389e+00
9.185849253763406219e-01,4.419964849257970174e-01,-4.765884404505436045e-01,-1.429765321351630813e+00,3.503478818892902247e-01,-1.079417439462340589e+00
9.173091573594300829e-01,4.419964849257970174e-01,-4.753126724336330655e-01,-1.425938017300899308e+00,3.827304050731616947e-01,-1.043207612227737613e+00
9.159290685812968569e-01,4.419964849257970174e-01,-4.739325836554998395e-01,-1.421797750966499407e+00,4.140266334399678172e-01,-1.007771117526531590e+00
9.144482026914109163e-01,4.419964849257970174e-01,-4.724517177656138989e-01,-1.417355153296841586e+00,4.442597669657821768e-01,-9.730953863310594087e-01
9.128700272628919032e-01,4.419964849257970174e-01,-4.708735423370948858e-01,-1.412620627011284657e+00,4.734526285557039138e-01,-9.391679984555807437e-01
9.111979350345272843e-01,4.419964849257970174e-01,-4.692014501087302669e-01,-1.407604350326190801e+00,5.016276685093856713e-01,-9.059766818168051294e-01
9.094352451379810187e-01,4.419964849257970174e-01,-4.674387602121840013e-01,-1.402316280636552115e+00,5.288069689638796866e-01,-8.735093116726724283e-01
9.075852043102674571e-01,4.419964849257970174e-01,-4.655887193844704397e-01,-1.396766158153411208e+00,5.550122483140684793e-01,-8.417539098393427288e-01
9.056509880915699640e-01,4.419964849257970174e-01,-4.636545031657729465e-01,-1.390963509497318729e+00,5.802648656092479484e-01,-8.106986438880707802e-01
9.036357020084836433e-01,4.419964849257970174e-01,-4.616392170826866259e-01,-1.384917651248059878e+00,6.045858249258961870e-01,-7.803318263221636908e-01
9.015423827427651027e-01,4.419964849257970174e-01,-4.595458978169680853e-01,-1.378637693450904145e+00,6.279957797155621968e-01,-7.506419137353419480e-01
8.993739992856730758e-01,4.419964849257970174e-01,-4.573775143598760584e-01,-1.372132543079628064e+00,6.505150371276080534e-01,-7.216175059520200108e-01
8.971334540779858369e-01,4.419964849257970174e-01,-4.551369691521888194e-01,-1.365410907456566569e+00,6.721635623061716913e-01,-6.932473451503948780e-01
8.948235841357835563e-01,4.419964849257970174e-01,-4.528270992099865389e-01,-1.358481297629959617e+00,6.929609826606841771e-01,-6.655203149692754394e-01
8.924471621620843065e-01,4.419964849257970174e-01,-4.504506772362872891e-01,-1.351352031708861867e+00,7.129265921097749370e-01,-6.384254395990869302e-01
8.900068976444251989e-01,4.419964849257970174e-01,-4.480104127186281815e-01,-1.344031238155884544e+00,7.320793552977322705e-01,-6.119518828581522740e-01
8.875054379384802461e-01,4.419964849257970174e-01,-4.455089530126832287e-01,-1.336526859038049686e+00,7.504379117834858448e-01,-5.860889472545638412e-01
8.849453693378098729e-01,4.419964849257970174e-01,-4.429488844120128554e-01,-1.328846653236038566e+00,7.680205802011119687e-01,-5.608260730349265977e-01
8.823292181298360015e-01,4.419964849257970174e-01,-4.403327332040389841e-01,-1.320998199612116952e+00,7.848453623921614053e-01,-5.361528372199555470e-01
8.796594516381401885e-01,4.419964849257970174e-01,-4.376629667123431711e-01,-1.312988900137029624e+00,8.009299475087439113e-01,-5.120589526282857129e-01
8.769384792511815130e-01,4.419964849257970174e-01,-4.349419943253844956e-01,-1.304825982976153487e+00,8.162917160876026479e-01,-4.885342668885508388e-01
8.741686534375339157e-01,4.419964849257970174e-01,-4.321721685117368983e-01,-1.296516505535210584e+00,8.309477440942791837e-01,-4.655687614409314001e-01
8.713522707477422413e-01,4.419964849257970174e-01,-4.293557858219452239e-01,-1.288067357465835672e+00,8.449148069375023162e-01,-4.431525505283333555e-01
8.684915728028977933e-01,4.419964849257970174e-01,-4.264950878771007758e-01,-1.279485263631302328e+00,8.582093834533344179e-01,-4.212758801779679096e-01
8.655887472700355412e-01,4.419964849257970174e-01,-4.235922623442385238e-01,-1.270776787032715571e+00,8.708476598586756268e-01,-3.999291271740399445e-01
8.626459288244558987e-01,4.419964849257970174e-01,-4.206494438986588813e-01,-1.261948331695976755e+00,8.828455336738927350e-01,-3.791027980220840199e-01
8.596652000990739895e-01,4.419964849257970174e-01,-4.176687151732769721e-01,-1.253006145519830916e+00,8.942186176145727750e-01,-3.587875279052581412e-01
8.566485926209015389e-01,4.419964849257970174e-01,-4.146521076951045215e-01,-1.243956323085313453e+00,9.049822434517351688e-01,-3.389740796335782846e-01
8.535980877347657536e-01,4.419964849257970174e-01,-4.116016028089687362e-01,-1.234804808426906320e+00,9.151514658407355896e-01,-3.196533425861707300e-01
8.505156175143713249e-01,4.419964849257970174e-01,-4.085191325885743074e-01,-1.225557397765722811e+00,9.247410661183286251e-01,-3.008163316473941862e-01
8.474030656608122491e-01,4.419964849257970174e-01,-4.054065807350152317e-01,-1.216219742205045584e+00,9.337655560677227129e-01,-2.824541861373228713e-01
8.442622683886393808e-01,4.419964849257970174e-01,-4.022657834628423634e-01,-1.206797350388526979e+00,9.422391816518604912e-01,-2.645581687366664880e-01
8.410950152995928519e-01,4.419964849257970174e-01,-3.990985303737958345e-01,-1.197295591121387393e+00,9.501759267139586740e-01,-2.471196644074287185e-01
8.379030502441056072e-01,4.419964849257970174e-01,-3.959065653183085898e-01,-1.187719695954925658e+00,9.575895166461734220e-01,-2.301301793087522363e-01
8.346880721706874118e-01,4.419964849257970174e-01,-3.926915872448903944e-01,-1.178074761734671183e+00,9.644934220254586243e-01,-2.135813397092125587e-01
8.314517359632983551e-01,4.419964849257970174e-01,-3.894552510375013377e-01,-1.168365753112504013e+00,9.709008622167170088e-01,-1.974648908957870042e-01
8.281956532668197646e-01,4.419964849257970174e-01,-3.861991683410227472e-01,-1.158597505023068130e+00,9.768248089435771497e-01,-1.817726960794909807e-01
8.249213933007332189e-01,4.419964849257970174e-01,-3.829249083749362015e-01,-1.148774725124808604e+00,9.822779898259637044e-01,-1.664967352988449001e-01
8.216304836611167950e-01,4.419964849257970174e-01,-3.796339987353197776e-01,-1.138901996205959222e+00,9.872728918849271729e-01,-1.516291043210320488e-01
8.183244111110682395e-01,4.419964849257970174e-01,-3.763279261852712221e-01,-1.128983778555813666e+00,9.918217650145666475e-01,-1.371620135412470187e-01
8.150046223596655315e-01,4.419964849257970174e-01,-3.730081374338685141e-01,-1.119024412301605542e+00,9.959366254208124047e-01,-1.230877868807931375e-01
8.116725248295747486e-01,4.419964849257970174e-01,-3.696760399037777312e-01,-1.109028119711333193e+00,9.996292590272348733e-01,-1.093988606840983202e-01
8.083294874134155927e-01,4.419964849257970174e-01,-3.663330024876185753e-01,-1.098999007462855726e+00,1.002911224847746752e+00,-9.608778261510897423e-02
8.049768412189949318e-01,4.419964849257970174e-01,-3.629803562931979144e-01,-1.088941068879593743e+00,1.005793858326198276e+00,-8.314721055339546751e-02
8.016158803035189351e-01,4.419964849257970174e-01,-3.596193953777219177e-01,-1.078858186133165642e+00,1.008288274642799021e+00,-7.056991149036662136e-02
7.982478623968938258e-01,4.419964849257970174e-01,-3.562513774710968084e-01,-1.068754132413290314e+00,1.010405371987532774e+00,-5.834876042575753985e-02
7.948740096142261624e-01,4.419964849257970174e-01,-3.528775246884291450e-01,-1.058632574065287546e+00,1.012155834800299026e+00,-4.647673926498852026e-02
7.914955091576320045e-01,4.419964849257970174e-01,-3.494990242318349871e-01,-1.048497072695504961e+00,1.013550136978247362e+00,-3.494693571725759895e-02
7.881135140074660983e-01,4.419964849257970174e-01,-3.461170290816690809e-01,-1.038351087245007243e+00,1.014598545049771872e+00,-2.375254219523537103e-02
7.847291436030806588e-01,4.419964849257970174e-01,-3.427326586772836414e-01,-1.028197976031850924e+00,1.015311121315631837e+00,-1.288685471621908718e-02
7.813434845132236628e-01,4.419964849257970174e-01,-3.393469995874266454e-01,-1.018040998762280047e+00,1.015697726957098812e+00,-2.343271805181235123e-03
7.779575910961861185e-01,4.419964849257970174e-01,-3.359611061703891011e-01,-1.007883318511167303e+00,1.015768025111263295e+00,7.884706600095992002e-03
7.745724861498085589e-01,4.419964849257970174e-01,-3.325760012240115415e-01,-9.977280036720346246e-01,1.015531483913267863e+00,1.780348024123323825e-02
7.711891615514551157e-01,4.419964849257970174e-01,-3.291926766256580983e-01,-9.875780298769742949e-01,1.014997379506032971e+00,2.741934962905867579e-02
7.678085788880646412e-01,4.419964849257970174e-01,-3.258120939622676238e-01,-9.774362818868028713e-01,1.014174799017142359e+00,3.673851713033948752e-02
7.644316700763871264e-01,4.419964849257970174e-01,-3.224351851505901090e-01,-9.673055554517703269e-01,1.013072643503254433e+00,4.576708805148410608e-02
7.610593379735147712e-01,4.419964849257970174e-01,-3.190628530477177538e-01,-9.571885591431532614e-01,1.011699630861706556e+00,5.451107171855329447e-02
7.576924569778142882e-01,4.419964849257970174e-01,-3.156959720520172707e-01,-9.470879161560518122e-01,1.010064298710144914e+00,6.297638255409310215e-02
7.543318736203692421e-01,4.419964849257970174e-01,-3.123353886945722246e-01,-9.370061660837166739e-01,1.008175007233513831e+00,7.116884114979715736e-02
7.509784071470391176e-01,4.419964849257970174e-01,-3.089819222212421002e-01,-9.269457666637263005e-01,1.006039941999037346e+00,7.909417533531104549e-02
7.476328500912425845e-01,4.419964849257970174e-01,-3.056363651654455671e-01,-9.169090954963367013e-01,1.003667116738959919e+00,8.675802124262321779e-02
7.442959688375703209e-01,4.419964849257970174e-01,-3.022994839117733035e-01,-9.068984517353199104e-01,1.001064376101679088e+00,9.416592436635917718e-02
7.409685041763346414e-01,4.419964849257970174e-01,-2.989720192505376239e-01,-8.969160577516128718e-01,9.982393983707038565e-01,1.013233406190909847e-01
7.376511718491609582e-01,4.419964849257970174e-01,-2.956546869233639407e-01,-8.869640607700918222e-01,9.951996981521049612e-01,1.082356373820131390e-01
7.343446630857254354e-01,4.419964849257970174e-01,-2.923481781599284179e-01,-8.770445344797852538e-01,9.919526290306568406e-01,1.149080945508715867e-01
7.310496451317449740e-01,4.419964849257970174e-01,-2.890531602059479566e-01,-8.671594806178438697e-01,9.885053861941384135e-01,1.213459055762945438e-01
7.277667617683221124e-01,4.419964849257970174e-01,-2.857702768425250950e-01,-8.573108305275752850e-01,9.848650090268584734e-01,1.275541784992831884e-01
7.244966338227492031e-01,4.419964849257970174e-01,-2.825001488969521857e-01,-8.475004466908565570e-01,9.810383836718727935e-01,1.335379369810162364e-01
7.212398596708744503e-01,4.419964849257970174e-01,-2.792433747450774328e-01,-8.377301242352322985e-01,9.770322455624258495e-01,1.393021213271935510e-01
7.179970157311323931e-01,4.419964849257970174e-01,-2.760005308053353756e-01,-8.280015924160061269e-01,9.728531819226171606e-01,1.448515895066110337e-01
7.147686569503409748e-01,4.419964849257970174e-01,-2.727721720245439574e-01,-8.183165160736318722e-01,9.685076342374254743e-01,1.501911181637936021e-01
7.115553172813658955e-01,4.419964849257970174e-01,-2.695588323555688781e-01,-8.086764970667066343e-01,9.640019006925237832e-01,1.553254036258171489e-01
7.083575101527535001e-01,4.419964849257970174e-01,-2.663610252269564826e-01,-7.990830756808694479e-01,9.593421385837186399e-01,1.602590629028491920e-01
7.051757289304313447e-01,4.419964849257970174e-01,-2.631792440046343273e-01,-7.895377320139029820e-01,9.545343666966465968e-01,1.649966346827436148e-01
7.020104473715774729e-01,4.419964849257970174e-01,-2.600139624457804555e-01,-7.800418873373413664e-01,9.495844676561615572e-01,1.695425803188201908e-01
6.988621200707554326e-01,4.419964849257970174e-01,-2.568656351449584152e-01,-7.705969054348752456e-01,9.444981902466120793e-01,1.739012848117368337e-01
6.957311828984146240e-01,4.419964849257970174e-01,-2.537346979726176066e-01,-7.612040939178528198e-01,9.392811517022425782e-01,1.780770577843897584e-01
6.926180534318522319e-01,4.419964849257970174e-01,-2.506215685060552145e-01,-7.518647055181656436e-01,9.339388399687176268e-01,1.820741344505519832e-01
6.895231313787348881e-01,4.419964849257970174e-01,-2.475266464529378707e-01,-7.425799393588136121e-01,9.284766159352031423e-01,1.858966765763895301e-01
6.864467989932752090e-01,4.419964849257970174e-01,-2.444503140674781916e-01,-7.333509422024345747e-01,9.228997156379037392e-01,1.895487734354691645e-01
6.833894214851590210e-01,4.419964849257970174e-01,-2.413929365593620036e-01,-7.241788096780860107e-01,9.172132524348564075e-01,1.930344427567703969e-01
6.803513474213185308e-01,4.419964849257970174e-01,-2.383548624955215134e-01,-7.150645874865645402e-01,9.114222191521470506e-01,1.963576316655825105e-01
6.773329091206445884e-01,4.419964849257970174e-01,-2.353364241948475710e-01,-7.060092725845427131e-01,9.055314902021827095e-01,1.995222176176399964e-01
6.743344230417324114e-01,4.419964849257970174e-01,-2.323379381159353940e-01,-6.970138143478061821e-01,8.995458236736530999e-01,2.025320093258469178e-01
6.713561901637528084e-01,4.419964849257970174e-01,-2.293597052379557910e-01,-6.880791157138673730e-01,8.934698633938809031e-01,2.053907476800135301e-01
6.683984963605412721e-01,4.419964849257970174e-01,-2.264020114347442547e-01,-6.792060343042327641e-01,8.873081409634608896e-01,2.081021066592281255e-01
6.654616127679956472e-01,4.419964849257970174e-01,-2.234651278421986298e-01,-6.703953835265958894e-01,8.810650777636874764e-01,2.106696942370915870e-01
6.625457961448737443e-01,4.419964849257970174e-01,-2.205493112190767269e-01,-6.616479336572301806e-01,8.747449869365708786e-01,2.130970532793406980e-01
6.596512892270797179e-01,4.419964849257970174e-01,-2.176548043012827005e-01,-6.529644129038481015e-01,8.683520753382079072e-01,2.153876624343598056e-01
6.567783210755291368e-01,4.419964849257970174e-01,-2.147818361497321193e-01,-6.443455084491963580e-01,8.618904454651743485e-01,2.175449370159779905e-01
6.539271074176801202e-01,4.419964849257970174e-01,-2.119306224918831028e-01,-6.357918674756493083e-01,8.553640973547049775e-01,2.195722298790556692e-01
6.510978509828190264e-01,4.419964849257970174e-01,-2.091013660570220090e-01,-6.273040981710660269e-01,8.487769304583281382e-01,2.214728322872621114e-01
6.482907418311867342e-01,4.419964849257970174e-01,-2.062942569053897168e-01,-6.188827707161691505e-01,8.421327454896876397e-01,2.232499747735184892e-01
6.455059576770317831e-01,4.419964849257970174e-01,-2.035094727512347657e-01,-6.105284182537042970e-01,8.354352462464853524e-01,2.249068279927810554e-01
6.427436642056760796e-01,4.419964849257970174e-01,-2.007471792798790622e-01,-6.022415378396371866e-01,8.286880414067110401e-01,2.264465035670738535e-01
6.400040153846771052e-01,4.419964849257970174e-01,-1.980075304588800877e-01,-5.940225913766402632e-01,8.218946462996923330e-01,2.278720549230520698e-01
6.372871537691704447e-01,4.419964849257970174e-01,-1.952906688433734272e-01,-5.858720065301202817e-01,8.150584846519981497e-01,2.291864781218778679e-01
6.345932108014759043e-01,4.419964849257970174e-01,-1.925967258756788869e-01,-5.777901776270366607e-01,8.081828903083621007e-01,2.303927126813254400e-01
6.319223071050494855e-01,4.419964849257970174e-01,-1.899258221792524681e-01,-5.697774665377574044e-01,8.012711089279256349e-01,2.314936423901682305e-01
6.292745527728621502e-01,4.419964849257970174e-01,-1.872780678470651328e-01,-5.618342035411953983e-01,7.943262996562006073e-01,2.324920961150052090e-01
6.266500476502863126e-01,4.419964849257970174e-01,-1.846535627244892952e-01,-5.539606881734678856e-01,7.873515367727512704e-01,2.333908485992833848e-01
6.240488816125704385e-01,4.419964849257970174e-01,-1.820523966867734211e-01,-5.461571900603202634e-01,7.803498113147622206e-01,2.341926212544419572e-01
6.214711348369799104e-01,4.419964849257970174e-01,-1.794746499111828930e-01,-5.384239497335486790e-01,7.733240326771584350e-01,2.349000829436097559e-01
6.189168780696837624e-01,4.419964849257970174e-01,-1.769203931438867450e-01,-5.307611794316602349e-01,7.662770301888444102e-01,2.355158507571841753e-01
6.163861728874633350e-01,4.419964849257970174e-01,-1.743896879616663176e-01,-5.231690638849989528e-01,7.592115546661282188e-01,2.360424907811292661e-01
6.138790719543210095e-01,4.419964849257970174e-01,-1.718825870285239921e-01,-5.156477610855719762e-01,7.521302799426976549e-01,2.364825188571256787e-01
6.113956192730644057e-01,4.419964849257970174e-01,-1.693991343472673883e-01,-5.081974030418021648e-01,7.450358043769811367e-01,2.368384013351789719e-01
6.089358504319413168e-01,4.419964849257970174e-01,-1.669393655061442994e-01,-5.008180965184328981e-01,7.379306523369266735e-01,2.371125558184937754e-01
6.064997928464000987e-01,4.419964849257970174e-01,-1.645033079206030813e-01,-4.935099237618092438e-01,7.308172756623654287e-01,2.373073519005561849e-01
6.040874659960489002e-01,4.419964849257970174e-01,-1.620909810702518827e-01,-4.862729432107556482e-01,7.236980551053595612e-01,2.374251118946039130e-01
6.016988816568872300e-01,4.419964849257970174e-01,-1.597023967310902126e-01,-4.791071901932706378e-01,7.165753017485010368e-01,2.374681115552303989e-01
5.993340441288810272e-01,4.419964849257970174e-01,-1.573375592030840098e-01,-4.720126776092520293e-01,7.094512584018608514e-01,2.374385807926088221e-01
5.969929504589540636e-01,4.419964849257970174e-01,-1.549964655331570462e-01,-4.649893965994711387e-01,7.023281009780890649e-01,2.373387043786179262e-01
5.946755906594650698e-01,4.419964849257970174e-01,-1.526791057336680524e-01,-4.580373172010041571e-01,6.952079398466981530e-01,2.371706226456939959e-01
5.923819479222406370e-01,4.419964849257970174e-01,-1.503854629964436196e-01,-4.511563889893308588e-01,6.880928211673298378e-01,2.369364321779989790e-01
5.901119988282339524e-01,4.419964849257970174e-01,-1.481155139024369349e-01,-4.443465417073108048e-01,6.809847282020053960e-01,2.366381864946945912e-01
5.878657135528767563e-01,4.419964849257970174e-01,-1.458692286270797389e-01,-4.376076858812392167e-01,6.738855826071588062e-01,2.362778967259195895e-01
5.856430560671921359e-01,4.419964849257970174e-01,-1.436465711413951185e-01,-4.309397134241853555e-01,6.667972457053861213e-01,2.358575322812007657e-01
5.834439843347356547e-01,4.419964849257970174e-01,-1.414474994089386373e-01,-4.243424982268159118e-01,6.597215197369443729e-01,2.353790215101284611e-01
5.812684505044302119e-01,4.419964849257970174e-01,-1.392719655786331945e-01,-4.178158967358995834e-01,6.526601490916328352e-01,2.348442523557332517e-01
5.791164010993603561e-01,4.419964849257970174e-01,-1.371199161735633387e-01,-4.113597485206900162e-01,6.456148215209567276e-01,2.342550730002667114e-01
5.769877772015904460e-01,4.419964849257970174e-01,-1.349912922757934286e-01,-4.049738768273802858e-01,6.385871693309730368e-01,2.336132925035927510e-01
5.748825146330709401e-01,4.419964849257970174e-01,-1.328860297072739227e-01,-3.986580891218217682e-01,6.315787705558517651e-01,2.329206814340299969e-01
5.728005441326947667e-01,4.419964849257970174e-01,-1.308040592068977492e-01,-3.924121776206932477e-01,6.245911501128520449e-01,2.321789724921587972e-01
5.707417915295678323e-01,4.419964849257970174e-01,-1.287453066037708149e-01,-3.862359198113124448e-01,6.176257809380802932e-01,2.313898611267678485e-01
5.687061779125536232e-01,4.419964849257970174e-01,-1.267096929867566057e-01,-3.801290789602698172e-01,6.106840851042627527e-01,2.305550061439929355e-01
5.666936197961538468e-01,4.419964849257970174e-01,-1.246971348703568294e-01,-3.740914046110704883e-01,6.037674349199328994e-01,2.296760303088624111e-01
5.647040292827849584e-01,4.419964849257970174e-01,-1.227075443569879409e-01,-3.681226330709638228e-01,5.968771540106665441e-01,2.287545209397027213e-01
5.627373142215099655e-01,4.419964849257970174e-01,-1.207408292957129481e-01,-3.622224878871388443e-01,5.900145183824978545e-01,2.277920304953590103e-01
5.607933783632845781e-01,4.419964849257970174e-01,-1.187968934374875607e-01,-3.563906803124626821e-01,5.831807574676162176e-01,2.267900771551535355e-01
5.588721215127746555e-01,4.419964849257970174e-01,-1.168756365869776381e-01,-3.506269097609329144e-01,5.763770551529767694e-01,2.257501453920438550e-01
5.569734396768039053e-01,4.419964849257970174e-01,-1.149769547510068879e-01,-3.449308642530206637e-01,5.696045507912250727e-01,2.246736865382044090e-01
5.550972252094870107e-01,4.419964849257970174e-01,-1.131007402836899933e-01,-3.393022208510699800e-01,5.628643401950683689e-01,2.235621193439983889e-01
5.532433669541044763e-01,4.419964849257970174e-01,-1.112468820283074589e-01,-3.337406460849223766e-01,5.561574766147603377e-01,2.224168305298379611e-01
5.514117503817749233e-01,4.419964849257970174e-01,-1.094152654559779059e-01,-3.282457963679337176e-01,5.494849716988658983e-01,2.212391753309321807e-01
5.496022577269784604e-01,4.419964849257970174e-01,-1.076057728011814429e-01,-3.228173184035443288e-01,5.428477964389388788e-01,2.200304780353945500e-01
5.478147681199855290e-01,4.419964849257970174e-01,-1.058182831941885116e-01,-3.174548495825655348e-01,5.362468820978794071e-01,2.187920325153138723e-01
5.460491577162441823e-01,4.419964849257970174e-01,-1.040526727904471649e-01,-3.121580183713414947e-01,5.296831211224040104e-01,2.175251027510625157e-01
5.443052998227779771e-01,4.419964849257970174e-01,-1.023088148969809597e-01,-3.069264446909428790e-01,5.231573680398615700e-01,2.162309233489186910e-01
5.425830650216466600e-01,4.419964849257970174e-01,-1.005865800958496425e-01,-3.017597402875489276e-01,5.166704403393951317e-01,2.149107000518462041e-01
5.408823212905204958e-01,4.419964849257970174e-01,-9.888583636472347838e-02,-2.966575090941704351e-01,5.102231193378492513e-01,2.135656102436788162e-01
5.392029341204186421e-01,4.419964849257970174e-01,-9.720644919462162470e-02,-2.916193475838648741e-01,5.038161510305561031e-01,2.121968034466912290e-01
5.375447666306615302e-01,4.419964849257970174e-01,-9.554828170486451278e-02,-2.866448451145935383e-01,4.974502469271335769e-01,2.108054018125400386e-01
5.359076796810856580e-01,4.419964849257970174e-01,-9.391119475528864058e-02,-2.817335842658659217e-01,4.911260848727616590e-01,2.093925006068957373e-01
5.342915319815704223e-01,4.419964849257970174e-01,-9.229504705577340484e-02,-2.768851411673202145e-01,4.848443098545707208e-01,2.079591686872505063e-01
5.326961801989239520e-01,4.419964849257970174e-01,-9.069969527312693458e-02,-2.720990858193808037e-01,4.786055347939410787e-01,2.065064489745602749e-01
5.311214790611749059e-01,4.419964849257970174e-01,-8.912499413537788850e-02,-2.673749824061336655e-01,4.724103413247138228e-01,2.050353589185801573e-01
5.295672814593177513e-01,4.419964849257970174e-01,-8.757079653352073390e-02,-2.627123896005622017e-01,4.662592805571463828e-01,2.035468909565841811e-01
5.280334385465562663e-01,4.419964849257970174e-01,-8.603695362075924891e-02,-2.581108608622777467e-01,4.601528738284454967e-01,2.020420129661677500e-01
5.265197998350913400e-01,4.419964849257970174e-01,-8.452331490929432256e-02,-2.535699447278829677e-01,4.540916134394779036e-01,2.005216687115949359e-01
5.250262132904975898e-01,4.419964849257970174e-01,-8.302972836470057239e-02,-2.490891850941017172e-01,4.480759633781250528e-01,1.989867782840233357e-01
5.235525254237323178e-01,4.419964849257970174e-01,-8.155604049793530042e-02,-2.446681214938059012e-01,4.421063600295815910e-01,1.974382385357756897e-01
5.220985813808205478e-01,4.419964849257970174e-01,-8.010209645502353037e-02,-2.403062893650705911e-01,4.361832128735310121e-01,1.958769235084604210e-01
5.206642250302596642e-01,4.419964849257970174e-01,-7.866774010446264676e-02,-2.360032203133879403e-01,4.303069051682650858e-01,1.943036848548771456e-01
5.192492990481842874e-01,4.419964849257970174e-01,-7.725281412238726997e-02,-2.317584423671618099e-01,4.244777946226130361e-01,1.927193522554512262e-01
5.178536450013344616e-01,4.419964849257970174e-01,-7.585716007553744422e-02,-2.275714802266123327e-01,4.186962140549477240e-01,1.911247338283353914e-01
5.164771034278674566e-01,4.419964849257970174e-01,-7.448061850207043921e-02,-2.234418555062113176e-01,4.129624720401015026e-01,1.895206165338901849e-01
5.151195139160538172e-01,4.419964849257970174e-01,-7.312302899025679981e-02,-2.193690869707703994e-01,4.072768535440918214e-01,1.879077665733214220e-01
5.137807151808975181e-01,4.419964849257970174e-01,-7.178423025510050071e-02,-2.153526907653015021e-01,4.016396205468897307e-01,1.862869297815882286e-01
5.124605451387194144e-01,4.419964849257970174e-01,-7.046406021292239696e-02,-2.113921806387671909e-01,3.960510126534311226e-01,1.846588320146639317e-01
5.111588409797427346e-01,4.419964849257970174e-01,-6.916235605394571717e-02,-2.074870681618371515e-01,3.905112476930039378e-01,1.830241795311667863e-01
5.098754392387191414e-01,4.419964849257970174e-01,-6.787895431292212400e-02,-2.036368629387663720e-01,3.850205223070779503e-01,1.813836593683115783e-01
5.086101758636324410e-01,4.419964849257970174e-01,-6.661369093783542361e-02,-1.998410728135062708e-01,3.795790125260101178e-01,1.797379397125038469e-01
5.073628862825169117e-01,4.419964849257970174e-01,-6.536640135671989427e-02,-1.960992040701596828e-01,3.741868743346588033e-01,1.780876702644991205e-01
5.061334054684278883e-01,4.419964849257970174e-01,-6.413692054263087083e-02,-1.924107616278926125e-01,3.688442442267070298e-01,1.764334825988144173e-01
5.049215680025987973e-01,4.419964849257970174e-01,-6.292508307680177992e-02,-1.887752492304053398e-01,3.635512397487272729e-01,1.747759905183219331e-01
5.037272081358215026e-01,4.419964849257970174e-01,-6.173072321002448515e-02,-1.851921696300734554e-01,3.583079600331884329e-01,1.731157904031149775e-01
5.025501598480844878e-01,4.419964849257970174e-01,-6.055367492228747039e-02,-1.816610247668624112e-01,3.531144863211044260e-01,1.714534615542420148e-01
5.013902569065029624e-01,4.419964849257970174e-01,-5.939377198070594499e-02,-1.781813159421178350e-01,3.479708824744576212e-01,1.697895665323397862e-01
5.002473329215746389e-01,4.419964849257970174e-01,-5.825084799577762151e-02,-1.747525439873328645e-01,3.428771954784970433e-01,1.681246514911641787e-01
4.991212214017954341e-01,4.419964849257970174e-01,-5.712473647599841664e-02,-1.713742094279952499e-01,3.378334559337614618e-01,1.664592465057662118e-01
4.980117558066667893e-01,4.419964849257970174e-01,-5.601527088086977191e-02,-1.680458126426093157e-01,3.328396785385934198e-01,1.647938658959841041e-01
4.969187695981277519e-01,4.419964849257970174e-01,-5.492228467233073452e-02,-1.647668540169922036e-01,3.278958625617112155e-01,1.631290085447190119e-01
4.958420962904431795e-01,4.419964849257970174e-01,-5.384561136464616204e-02,-1.615368340939384861e-01,3.230019923053717434e-01,1.614651582114332573e-01
4.947815694985797652e-01,4.419964849257970174e-01,-5.278508457278274779e-02,-1.583552537183482434e-01,3.181580375590242760e-01,1.598027838406760326e-01
4.937370229851004155e-01,4.419964849257970174e-01,-5.174053805930339811e-02,-1.552216141779101943e-01,3.133639540438049043e-01,1.581423398658947099e-01
4.927082907056076211e-01,4.419964849257970174e-01,-5.071180577981060367e-02,-1.521354173394318110e-01,3.086196838478383331e-01,1.564842665084065221e-01
4.916952068527656872e-01,4.419964849257970174e-01,-4.969872192696866975e-02,-1.490961657809060092e-01,3.039251558525801755e-01,1.548289900716741663e-01
4.906976058989309109e-01,4.419964849257970174e-01,-4.870112097313389343e-02,-1.461033629194016803e-01,2.992802861504328948e-01,1.531769232310312145e-01
4.897153226374192370e-01,4.419964849257970174e-01,-4.771883771162221954e-02,-1.431565131348666586e-01,2.946849784535021666e-01,1.515284653186355079e-01
4.887481922224394260e-01,4.419964849257970174e-01,-4.675170729664240854e-02,-1.402551218899272256e-01,2.901391244939433012e-01,1.498840026040160756e-01
4.877960502077200444e-01,4.419964849257970174e-01,-4.579956528192302700e-02,-1.373986958457690810e-01,2.856426044158144606e-01,1.482439085700453796e-01
4.868587325838576452e-01,4.419964849257970174e-01,-4.486224765806062775e-02,-1.345867429741818833e-01,2.811952871587197755e-01,1.466085441845378923e-01
4.859360758144137260e-01,4.419964849257970174e-01,-4.393959088861670859e-02,-1.318187726658501258e-01,2.767970308331757501e-01,1.449782581673256243e-01
4.850279168707865018e-01,4.419964849257970174e-01,-4.303143194498948443e-02,-1.290942958349684533e-01,2.724476830881672473e-01,1.433533872531987940e-01
4.841340932658846352e-01,4.419964849257970174e-01,-4.213760834008761780e-02,-1.264128250202628534e-01,2.681470814705599892e-01,1.417342564502971358e-01
4.832544430866277940e-01,4.419964849257970174e-01,-4.125795816083077661e-02,-1.237738744824923298e-01,2.638950537770523574e-01,1.401211792945600276e-01
4.823888050253004045e-01,4.419964849257970174e-01,-4.039232009950338709e-02,-1.211769602985101613e-01,2.596914183982168556e-01,1.385144580997066943e-01
4.815370184097829687e-01,4.419964849257970174e-01,-3.954053348398595125e-02,-1.186216004519578537e-01,2.555359846552307523e-01,1.369143842032728986e-01
4.806989232326858708e-01,4.419964849257970174e-01,-3.870243830688885334e-02,-1.161073149206665600e-01,2.514285531291293729e-01,1.353212382084628129e-01
4.798743601794095981e-01,4.419964849257970174e-01,-3.787787525361258067e-02,-1.136336257608377420e-01,2.473689159828817985e-01,1.337352902220440565e-01
4.790631706551555236e-01,4.419964849257970174e-01,-3.706668572935850614e-02,-1.112000571880755184e-01,2.433568572762223603e-01,1.321568000881468419e-01
4.782651968109102869e-01,4.419964849257970174e-01,-3.626871188511326949e-02,-1.088061356553398085e-01,2.393921532735709956e-01,1.305860176182311871e-01
4.774802815684268675e-01,4.419964849257970174e-01,-3.548379664262985012e-02,-1.064513899278895503e-01,2.354745727450258119e-01,1.290231828171362616e-01
4.767082686442251638e-01,4.419964849257970174e-01,-3.471178371842814636e-02,-1.041353511552844391e-01,2.316038772605111262e-01,1.274685261052266871e-01
4.759490025726340057e-01,4.419964849257970174e-01,-3.395251764683698825e-02,-1.018575529405109648e-01,2.277798214773474328e-01,1.259222685368364680e-01
4.752023287278965280e-01,4.419964849257970174e-01,-3.320584380209951059e-02,-9.961753140629853176e-02,2.240021534212432996e-01,1.243846220149447679e-01
4.744680933453604976e-01,4.419964849257970174e-01,-3.247160841956348021e-02,-9.741482525869044062e-02,2.202706147608091136e-01,1.228557895021186730e-01
4.737461435417746891e-01,4.419964849257970174e-01,-3.174965861597767169e-02,-9.524897584793301508e-02,2.165849410757425542e-01,1.213359652278095391e-01
4.730363273347116815e-01,4.419964849257970174e-01,-3.103984240891466406e-02,-9.311952722674399219e-02,2.129448621189022894e-01,1.198253348921582973e-01
4.723384936611378926e-01,4.419964849257970174e-01,-3.034200873534087517e-02,-9.102602620602262551e-02,2.093501020721366679e-01,1.183240758661140424e-01
4.716524923951507242e-01,4.419964849257970174e-01,-2.965600746935370680e-02,-8.896802240806112039e-02,2.058003797961505121e-01,1.168323573880893917e-01
4.709781743649023578e-01,4.419964849257970174e-01,-2.898168943910534034e-02,-8.694506831731602103e-02,2.022954090745099354e-01,1.153503407571939143e-01
4.703153913687296850e-01,4.419964849257970174e-01,-2.831890644293266757e-02,-8.495671932879800270e-02,1.988348988518018334e-01,1.138781795230038307e-01
4.696639961905093030e-01,4.419964849257970174e-01,-2.766751126471228561e-02,-8.300253379413685684e-02,1.954185534661145862e-01,1.124160196719777294e-01
4.690238426142561701e-01,4.419964849257970174e-01,-2.702735768845915265e-02,-8.108207306537745795e-02,1.920460728759398883e-01,1.109639998105624303e-01
4.683947854379840736e-01,4.419964849257970174e-01,-2.639830051218705620e-02,-7.919490153656116860e-02,1.887171528816289356e-01,1.095222513450677670e-01
4.677766804868464523e-01,4.419964849257970174e-01,-2.578019556104943488e-02,-7.734058668314830465e-02,1.854314853412863950e-01,1.080908986581380904e-01
4.671693846255746685e-01,4.419964849257970174e-01,-2.517289969977765107e-02,-7.551869909933295322e-02,1.821887583815351430e-01,1.066700592822021898e-01
4.665727557702311068e-01,4.419964849257970174e-01,-2.457627084443408938e-02,-7.372881253330226814e-02,1.789886566030685078e-01,1.052598440697662396e-01
4.659866528992945289e-01,4.419964849257970174e-01,-2.399016797349751151e-02,-7.197050392049253453e-02,1.758308612809733606e-01,1.038603573604808261e-01
4.654109360640940052e-01,4.419964849257970174e-01,-2.341445113829698776e-02,-7.024335341489096329e-02,1.727150505601571240e-01,1.024716971452661607e-01
4.648454663986080204e-01,4.419964849257970174e-01,-2.284898147281100300e-02,-6.854694441843300901e-02,1.696408996457954288e-01,1.010939552273624198e-01
4.642901061286447417e-01,4.419964849257970174e-01,-2.229362120284772431e-02,-6.688086360854317292e-02,1.666080809889836090e-01,9.972721738044043605e-02
4.637447185804194905e-01,4.419964849257970174e-01,-2.174823365462247304e-02,-6.524470096386741913e-02,1.636162644675753786e-01,9.837156350370795943e-02
4.632091681885446288e-01,4.419964849257970174e-01,-2.121268326274761140e-02,-6.363804978824283420e-02,1.606651175624584926e-01,9.702706777421565842e-02
4.626833205034471819e-01,4.419964849257970174e-01,-2.068683557765016445e-02,-6.206050673295049336e-02,1.577543055292340846e-01,9.569379879628359120e-02
4.621670421982293497e-01,4.419964849257970174e-01,-2.017055727243233232e-02,-6.051167181729699696e-02,1.548834915653496402e-01,9.437181974805264328e-02
4.616602010749863427e-01,4.419964849257970174e-01,-1.966371614918932531e-02,-5.899114844756797593e-02,1.520523369729021024e-01,9.306118852533412644e-02
4.611626660705958614e-01,4.419964849257970174e-01,-1.916618114479884394e-02,-5.749854343439653181e-02,1.492605013171444117e-01,9.176195788274787990e-02
4.606743072619936541e-01,4.419964849257970174e-01,-1.867782233619663668e-02,-5.603346700858991003e-02,1.465076425806621785e-01,9.047417557207226846e-02
4.601949958709486421e-01,4.419964849257970174e-01,-1.819851094515162471e-02,-5.459553283545487412e-02,1.437934173135035909e-01,8.919788447804871678e-02
4.597246042683514333e-01,4.419964849257970174e-01,-1.772811934255441590e-02,-5.318435802766324771e-02,1.411174807791626407e-01,8.793312275149939294e-02
4.592630059780293816e-01,4.419964849257970174e-01,-1.726652105223236422e-02,-5.179956315669709266e-02,1.384794870966155056e-01,8.667992393991841293e-02
4.588100756801013480e-01,4.419964849257970174e-01,-1.681359075430433059e-02,-5.044077226291299176e-02,1.358790893784100895e-01,8.543831711549709773e-02
4.583656892138848749e-01,4.419964849257970174e-01,-1.636920428808785744e-02,-4.910761286426357231e-02,1.333159398649419458e-01,8.420832700067837351e-02
4.579297235803684307e-01,4.419964849257970174e-01,-1.593323865457141331e-02,-4.779971596371423992e-02,1.307896900549332386e-01,8.298997409121899871e-02
4.575020569442611040e-01,4.419964849257970174e-01,-1.550557201846408661e-02,-4.651671605539225984e-02,1.282999908321980076e-01,8.178327477680574775e-02
4.570825686356314588e-01,4.419964849257970174e-01,-1.508608370983444136e-02,-4.525825112950332407e-02,1.258464925888935770e-01,8.058824145939025296e-02
4.566711391511477647e-01,4.419964849257970174e-01,-1.467465422535074726e-02,-4.402396267605224178e-02,1.234288453451082290e-01,7.940488266905598724e-02
4.562676501549309815e-01,4.419964849257970174e-01,-1.427116522913396413e-02,-4.281349568740189238e-02,1.210466988650349407e-01,7.823320317763304832e-02
4.558719844790319886e-01,4.419964849257970174e-01,-1.387549955323497120e-02,-4.162649865970491359e-02,1.186997027696978790e-01,7.707320410999296545e-02
4.554840261235439947e-01,4.419964849257970174e-01,-1.348754119774697724e-02,-4.046262359324093172e-02,1.163875066463981867e-01,7.592488305315725494e-02
4.551036602563612865e-01,4.419964849257970174e-01,-1.310717533056426909e-02,-3.932152599169280727e-02,1.141097601548124452e-01,7.478823416311963790e-02
4.547307732125949187e-01,4.419964849257970174e-01,-1.273428828679790126e-02,-3.820286486039370377e-02,1.118661131299103495e-01,7.366324826951664573e-02
4.543652524936555026e-01,4.419964849257970174e-01,-1.236876756785848519e-02,-3.710630270357545557e-02,1.096562156818248202e-01,7.254991297824936458e-02
4.540069867660138647e-01,4.419964849257970174e-01,-1.201050184021684730e-02,-3.603150552065054191e-02,1.074797182924913663e-01,7.144821277184082442e-02
4.536558658596494542e-01,4.419964849257970174e-01,-1.165938093385243679e-02,-3.497814280155731037e-02,1.053362719093231537e-01,7.035812910776584328e-02
4.533117807661958265e-01,4.419964849257970174e-01,-1.131529584039880909e-02,-3.394588752119642727e-02,1.032255280360883098e-01,6.927964051489188257e-02
4.529746236367936385e-01,4.419964849257970174e-01,-1.097813871099662109e-02,-3.293441613298986326e-02,1.011471388206564015e-01,6.821272268766653823e-02
4.526442877796602593e-01,4.419964849257970174e-01,-1.064780285386324188e-02,-3.194340856158972564e-02,9.910075714001376213e-02,6.715734857842403649e-02
4.523206676573847118e-01,4.419964849257970174e-01,-1.032418273158769439e-02,-3.097254819476308318e-02,9.708603668266424513e-02,6.611348848790116195e-02
4.520036588839579372e-01,4.419964849257970174e-01,-1.000717395816091981e-02,-3.002152187448275944e-02,9.510263202803237448e-02,6.508111015354961504e-02
4.516931582215465424e-01,4.419964849257970174e-01,-9.696673295749524968e-03,-2.909001988724857490e-02,9.315019872341845364e-02,6.406017883616987874e-02
4.513890635770187454e-01,4.419964849257970174e-01,-9.392578651221727970e-03,-2.817773595366518391e-02,9.122839335833909935e-02,6.305065740467391544e-02
4.510912739982314013e-01,4.419964849257970174e-01,-9.094789072434383836e-03,-2.728436721730315151e-02,8.933687363620324007e-02,6.205250641890008856e-02
4.507996896700859901e-01,4.419964849257970174e-01,-8.803204744288972705e-03,-2.640961423286691812e-02,8.747529844362333940e-02,6.106568421075642128e-02
4.505142119103616172e-01,4.419964849257970174e-01,-8.517726984564599757e-03,-2.555318095369379927e-02,8.564332791731188443e-02,6.009014696361808516e-02
4.502347431653336285e-01,4.419964849257970174e-01,-8.238258239536611072e-03,-2.471477471860983322e-02,8.384062350839660560e-02,5.912584878978677239e-02
4.499611870051846152e-01,4.419964849257970174e-01,-7.964702079387597777e-03,-2.389410623816279333e-02,8.206684804470398831e-02,5.817274180654119498e-02
4.496934481192162436e-01,4.419964849257970174e-01,-7.696963193419226190e-03,-2.309088958025767857e-02,8.032166579051147615e-02,5.723077621025379758e-02
4.494314323108689058e-01,4.419964849257970174e-01,-7.434947385071888348e-03,-2.230484215521566504e-02,7.860474250420135256e-02,5.629990034898568751e-02
4.491750464925564623e-01,4.419964849257970174e-01,-7.178561566759444901e-03,-2.153568470027833470e-02,7.691574549373303427e-02,5.538006079345469956e-02
4.489241986803233497e-01,4.419964849257970174e-01,-6.927713754526332313e-03,-2.078314126357899694e-02,7.525434366993377644e-02,5.447120240635477950e-02
4.486787979883308797e-01,4.419964849257970174e-01,-6.682313062533862258e-03,-2.004693918760158677e-02,7.362020759774101641e-02,5.357326841013942964e-02
4.484387546231794475e-01,4.419964849257970174e-01,-6.442269697382430049e-03,-1.932680909214729015e-02,7.201300954542966259e-02,5.268620045328237245e-02
4.482039798780733109e-01,4.419964849257970174e-01,-6.207494952276293443e-03,-1.862248485682888033e-02,7.043242353184098192e-02,5.180993867501210159e-02
4.479743861268347116e-01,4.419964849257970174e-01,-5.977901201037694179e-03,-1.793370360311308254e-02,6.887812537157977921e-02,5.094442176846669668e-02
4.477498868177729463e-01,4.419964849257970174e-01,-5.753401891975928883e-03,-1.726020567592778665e-02,6.734979271852958860e-02,5.008958704260180195e-02
4.475303964674154367e-01,4.419964849257970174e-01,-5.533911541618419250e-03,-1.660173462485525775e-02,6.584710510725289012e-02,4.924537048239763237e-02
4.473158306541061835e-01,4.419964849257970174e-01,-5.319345728309166077e-03,-1.595803718492749823e-02,6.436974399277595182e-02,4.841170680784845359e-02
4.471061060114777108e-01,4.419964849257970174e-01,-5.109621085680693398e-03,-1.532886325704208019e-02,6.291739278854180384e-02,4.758852953149972365e-02
4.469011402218023843e-01,4.419964849257970174e-01,-4.904655296005366871e-03,-1.471396588801610061e-02,6.148973690259795788e-02,4.677577101458185727e-02
4.467008520092284884e-01,4.419964849257970174e-01,-4.704367083431471031e-03,-1.411310125029441309e-02,6.008646377216875223e-02,4.597336252187433914e-02
4.465051611329067804e-01,4.419964849257970174e-01,-4.508676207109763023e-03,-1.352602862132928907e-02,5.870726289651240215e-02,4.518123427518311308e-02
4.463139883800126273e-01,4.419964849257970174e-01,-4.317503454215609882e-03,-1.295251036264682964e-02,5.735182586824594253e-02,4.439931550559911289e-02
4.461272555586690003e-01,4.419964849257970174e-01,-4.130770632871982873e-03,-1.239231189861594862e-02,5.601984640308810270e-02,4.362753450447215409e-02
4.459448854907758220e-01,4.419964849257970174e-01,-3.948400564978804539e-03,-1.184520169493641362e-02,5.471102036795350010e-02,4.286581867301708648e-02
4.457668020047499402e-01,4.419964849257970174e-01,-3.770317078952922785e-03,-1.131095123685876835e-02,5.342504580776452627e-02,4.211409457090575792e-02
4.455929299281811695e-01,4.419964849257970174e-01,-3.596445002384152101e-03,-1.078933500715245630e-02,5.216162297063120512e-02,4.137228796347874882e-02
4.454231950804087292e-01,4.419964849257970174e-01,-3.426710154611711800e-03,-1.028013046383513540e-02,5.092045433173209013e-02,4.064032386789695472e-02
4.452575242650230747e-01,4.419964849257970174e-01,-3.261039339226057265e-03,-9.783118017678171796e-03,4.970124461569636054e-02,3.991812659801818874e-02
4.450958452622972294e-01,4.419964849257970174e-01,-3.099360336500212032e-03,-9.298081009500636096e-03,4.850370081775357001e-02,3.920561980825293391e-02
4.449380868215522256e-01,4.419964849257970174e-01,-2.941601895755208140e-03,-8.824805687265624421e-03,4.732753222350116751e-02,3.850272653623554309e-02
4.447841786534608710e-01,4.419964849257970174e-01,-2.787693727663853593e-03,-8.363081182991560780e-03,4.617245042740636407e-02,3.780936924441480329e-02
4.446340514222939522e-01,4.419964849257970174e-01,-2.637566496496934754e-03,-7.912699489490804261e-03,4.503816935007565192e-02,3.712546986058484766e-02
4.444876367381130899e-01,4.419964849257970174e-01,-2.491151812316072522e-03,-7.473455436948217567e-03,4.392440525425866937e-02,3.645094981731045181e-02
4.443448671489139135e-01,4.419964849257970174e-01,-2.348382223116896039e-03,-7.045146669350688118e-03,4.283087675975294495e-02,3.578573009040225683e-02
4.442056761327238257e-01,4.419964849257970174e-01,-2.209191206926808260e-03,-6.627573620780424779e-03,4.175730485702633388e-02,3.512973123624590910e-02
4.440699980896573584e-01,4.419964849257970174e-01,-2.073513163860341013e-03,-6.220539491581023039e-03,4.070341291994017396e-02,3.448287342835915092e-02
4.439377683339337244e-01,4.419964849257970174e-01,-1.941283408136706967e-03,-5.823850224410120902e-03,3.966892671709021378e-02,3.384507649268009288e-02
4.438089230858593415e-01,4.419964849257970174e-01,-1.812438160062324055e-03,-5.437314480186972165e-03,3.865357442231487362e-02,3.321625994212790145e-02
4.436833994637791601e-01,4.419964849257970174e-01,-1.686914537982142637e-03,-5.060743613946427910e-03,3.765708662405442553e-02,3.259634301010799762e-02
4.435611354760000125e-01,4.419964849257970174e-01,-1.564650550202995039e-03,-4.693951650608985116e-03,3.667919633374427946e-02,3.198524468313529434e-02
4.434420700126891490e-01,4.419964849257970174e-01,-1.445585086892131610e-03,-4.336755260676394830e-03,3.571963899325902858e-02,3.138288373258263375e-02
4.433261428377515689e-01,4.419964849257970174e-01,-1.329657911954551519e-03,-3.988973735863654557e-03,3.477815248127402725e-02,3.078917874541037270e-02
4.432132945806885327e-01,4.419964849257970174e-01,-1.216809654891515269e-03,-3.650428964674545806e-03,3.385447711891087508e-02,3.020404815423632927e-02
4.431034667284409201e-01,4.419964849257970174e-01,-1.106981802643902668e-03,-3.320945407931708004e-03,3.294835567428378020e-02,2.962741026635207220e-02
4.429966016172199317e-01,4.419964849257970174e-01,-1.000116691422914261e-03,-3.000350074268742784e-03,3.205953336629652206e-02,2.905918329202777928e-02
4.428926424243281312e-01,4.419964849257970174e-01,-8.961574985311138164e-04,-2.688472495593341449e-03,3.118775786754013346e-02,2.849928537194679201e-02
4.427915331599735493e-01,4.419964849257970174e-01,-7.950482341765319205e-04,-2.385144702529595762e-03,3.033277930637456876e-02,2.794763460384497300e-02
4.426932186590793461e-01,4.419964849257970174e-01,-6.967337332823286822e-04,-2.090201199846986047e-03,2.949435026826097150e-02,2.740414906841398546e-02
4.425976445730919751e-01,4.419964849257970174e-01,-6.011596472949576331e-04,-1.803478941884872899e-03,2.867222579621131473e-02,2.686874685432644183e-02
4.425047573617900687e-01,4.419964849257970174e-01,-5.082724359930512747e-04,-1.524817307979153824e-03,2.786616339057190750e-02,2.634134608259275367e-02
4.424145042850963772e-01,4.419964849257970174e-01,-4.180193592993597385e-04,-1.254058077898079215e-03,2.707592300810746089e-02,2.582186493020938167e-02
4.423268333948957021e-01,4.419964849257970174e-01,-3.303484690986846495e-04,-9.910454072960539484e-04,2.630126706020252669e-02,2.531022165290647274e-02
4.422416935268603244e-01,4.419964849257970174e-01,-2.452086010633069968e-04,-7.356258031899209904e-04,2.554196041061329581e-02,2.480633460742337482e-02
4.421590342922857020e-01,4.419964849257970174e-01,-1.625493664886845657e-04,-4.876480994660536972e-04,2.479777037238672932e-02,2.431012227292067562e-02
4.420788060699383792e-01,4.419964849257970174e-01,-8.232114414136182390e-05,-2.469634324240854717e-04,2.406846670419682255e-02,2.382150327177273708e-02
4.420009599979182191e-01,4.419964849257970174e-01,-4.475072121201684183e-06,-1.342521636360505255e-05,2.335382160604804191e-02,2.334039638968443686e-02
4.419254479655370660e-01,4.419964849257970174e-01,7.103696025995143160e-05,2.131108807798542948e-04,2.265360971434593473e-02,2.286672059512578903e-02
4.418522226052153945e-01,4.419964849257970174e-01,1.442623205816229159e-04,4.327869617448687478e-04,2.196760809650144530e-02,2.240039505824631405e-02
4.417812372843995528e-01,4.419964849257970174e-01,2.152476413974646618e-04,6.457429241923939855e-04,2.129559624475252377e-02,2.194133916894491776e-02
4.417124460975005995e-01,4.419964849257970174e-01,2.840388282964179112e-04,8.521164848892537336e-04,2.063735606968597480e-02,2.148947255457522854e-02
4.416458038578571221e-01,4.419964849257970174e-01,3.506810679398952857e-04,1.052043203819685857e-03,1.999267189304321235e-02,2.104471509686289821e-02
4.415812660897233122e-01,4.419964849257970174e-01,4.152188360737052442e-04,1.245656508221115732e-03,1.936133044014298754e-02,2.060698694836410327e-02
4.415187890202843524e-01,4.419964849257970174e-01,4.776959055126650533e-04,1.433087716537995160e-03,1.874312083168794274e-02,2.017620854822593790e-02
4.414583295717002254e-01,4.419964849257970174e-01,5.381553540967920490e-04,1.614466062290376147e-03,1.813783457523809872e-02,1.975230063752847487e-02
4.413998453531798316e-01,4.419964849257970174e-01,5.966395726171858094e-04,1.789918717851557428e-03,1.754526555611812810e-02,1.933518427396968553e-02
4.413432946530868595e-01,4.419964849257970174e-01,6.531902727101579487e-04,1.959570818130473846e-03,1.696521002789164179e-02,1.892478084602211563e-02
4.412886364310784626e-01,4.419964849257970174e-01,7.078484947185548215e-04,2.123545484155664465e-03,1.639746660251906185e-02,1.852101208667472632e-02
4.412358303102787427e-01,4.419964849257970174e-01,7.606546155182747349e-04,2.281963846554824205e-03,1.584183623991597401e-02,1.812380008647079821e-02
4.411848365694876484e-01,4.419964849257970174e-01,8.116483563093690456e-04,2.434945068928107137e-03,1.529812223732829324e-02,1.773306730625640038e-02
4.411356161354271777e-01,4.419964849257970174e-01,8.608687903698397648e-04,2.582606371109519294e-03,1.476613021814121574e-02,1.734873658925073503e-02
4.410881305750256609e-01,4.419964849257970174e-01,9.083543507713565113e-04,2.725063052314069534e-03,1.424566812045502395e-02,1.697073117276909349e-02
4.410423420877414014e-01,4.419964849257970174e-01,9.541428380556160604e-04,2.862428514166848181e-03,1.373654618527786475e-02,1.659897469944471293e-02
4.409982134979271162e-01,4.419964849257970174e-01,9.982714278699011956e-04,2.994814283609703587e-03,1.323857694428554055e-02,1.623339122789524414e-02
4.409557082472356226e-01,4.419964849257970174e-01,1.040776678561394775e-03,3.122330035684184324e-03,1.275157520744807371e-02,1.587390524313225804e-02
4.409147903870684337e-01,4.419964849257970174e-01,1.081694538728583677e-03,3.245083616185751030e-03,1.227535805015667059e-02,1.552044166634242162e-02
4.408754245710678754e-01,4.419964849257970174e-01,1.121060354729142006e-03,3.363181064187426017e-03,1.180974480016749872e-02,1.517292586435492474e-02
4.408375760476537231e-01,4.419964849257970174e-01,1.158908878143294352e-03,3.476726634429883056e-03,1.135455702424570390e-02,1.483128365867558696e-02
4.408012106526054685e-01,4.419964849257970174e-01,1.195274273191548886e-03,3.585822819574646658e-03,1.090961851447636022e-02,1.449544133405100688e-02
4.407662948016906057e-01,4.419964849257970174e-01,1.230190124106411709e-03,3.690570372319235126e-03,1.047475527445884680e-02,1.416532564677808192e-02
4.407327954833404338e-01,4.419964849257970174e-01,1.263689442456583656e-03,3.791068327369750968e-03,1.004979550505158414e-02,1.384086383242133511e-02
4.407006802513734889e-01,4.419964849257970174e-01,1.295804674423528535e-03,3.887414023270585606e-03,9.634569590083463808e-03,1.352198361335404941e-02
4.406699172177678814e-01,4.419964849257970174e-01,1.326567708029136039e-03,3.979703124087408117e-03,9.228910081682251132e-03,1.320861320576965925e-02
4.406404750454828712e-01,4.419964849257970174e-01,1.356009880314146265e-03,4.068029640942438796e-03,8.832651685503067895e-03,1.290068132644550669e-02
4.406123229413305142e-01,4.419964849257970174e-01,1.384161984466503181e-03,4.152485953399509544e-03,8.445631245707074797e-03,1.259811719910658434e-02
4.405854306488980465e-01,4.419964849257970174e-01,1.411054276898970894e-03,4.233162830696912682e-03,8.067687729740313785e-03,1.230085056043722647e-02
4.405597684415216153e-01,4.419964849257970174e-01,1.436716484275402106e-03,4.310149452826206318e-03,7.698662212929363591e-03,1.200881166575556991e-02
4.405353071153117472e-01,4.419964849257970174e-01,1.461177810485270179e-03,4.383533431455810536e-03,7.338397862960421847e-03,1.172193129441623238e-02
4.405120179822313298e-01,4.419964849257970174e-01,1.484466943565687647e-03,4.453400830697062940e-03,6.986739924125240364e-03,1.144014075482230330e-02
4.404898728632263838e-01,4.419964849257970174e-01,1.506612062570633626e-03,4.519836187711900877e-03,6.643535701483793687e-03,1.116337188919569456e-02
4.404688440814103489e-01,4.419964849257970174e-01,1.527640844386668473e-03,4.582922533160005418e-03,6.308634544810454159e-03,1.089155707797045958e-02
4.404489044553021593e-01,4.419964849257970174e-01,1.547580470494858140e-03,4.642741411484574421e-03,5.981887832456900256e-03,1.062462924394147468e-02
4.404300272921183312e-01,4.419964849257970174e-01,1.566457633678686179e-03,4.699372901036058536e-03,5.663148955148411545e-03,1.036252185618447008e-02
4.404121863811201187e-01,4.419964849257970174e-01,1.584298544676898679e-03,4.752895634030696037e-03,5.352273299463750078e-03,1.010516893349444612e-02
4.403953559870152912e-01,4.419964849257970174e-01,1.601128938781726241e-03,4.803386816345178723e-03,5.049118231448268546e-03,9.852505047793447268e-03
4.403795108434152006e-01,4.419964849257970174e-01,1.616974082381816835e-03,4.850922247145450505e-03,4.753543080027178291e-03,9.604465327172628797e-03
4.403646261463478595e-01,4.419964849257970174e-01,1.631858779449157915e-03,4.895576338347473744e-03,4.465409120202323834e-03,9.360985458549797578e-03
4.403506775478263635e-01,4.419964849257970174e-01,1.645807377970653906e-03,4.937422133911961719e-03,4.184579556448797533e-03,9.122001690360759252e-03
4.403376411494738796e-01,4.419964849257970174e-01,1.658843776323137842e-03,4.976531328969413526e-03,3.910919505745180658e-03,8.887450834714594183e-03
4.403254934962048672e-01,4.419964849257970174e-01,1.670991429592150190e-03,5.012974288776450571e-03,3.644295980703704529e-03,8.657270269480155100e-03
4.403142115699628101e-01,4.419964849257970174e-01,1.682273355834207340e-03,5.046820067502622020e-03,3.384577872617144934e-03,8.431397940119766954e-03
4.403037727835147908e-01,4.419964849257970174e-01,1.692712142282226662e-03,5.078136426846679985e-03,3.131635934405796462e-03,8.209772361252476447e-03
4.402941549743029093e-01,4.419964849257970174e-01,1.702329951494108151e-03,5.106989854482324453e-03,2.885342763564446855e-03,7.992332618046771309e-03
4.402853363983528223e-01,4.419964849257970174e-01,1.711148527444195100e-03,5.133445582332585300e-03,2.645572785026084617e-03,7.779018367358669916e-03
4.402772957242394591e-01,4.419964849257970174e-01,1.719189201557558277e-03,5.157567604672674832e-03,2.412202234008953283e-03,7.569769838681628116e-03
4.402700120271099693e-01,4.419964849257970174e-01,1.726472898687048119e-03,5.179418696061144356e-03,2.185109138846952348e-03,7.364527834908096704e-03
4.402634647827639580e-01,4.419964849257970174e-01,1.733020143033059401e-03,5.199060429099178204e-03,1.964173303803384840e-03,7.163233732902563045e-03
4.402576338617912310e-01,4.419964849257970174e-01,1.738851064005786373e-03,5.216553192017359120e-03,1.749276291818091522e-03,6.965829483835450642e-03
4.402524995237668826e-01,4.419964849257970174e-01,1.743985402030134857e-03,5.231956206090404571e-03,1.540301407304545123e-03,6.772257613394949693e-03
4.402480424115038926e-01,4.419964849257970174e-01,1.748442514293124805e-03,5.245327542879374416e-03,1.337133678896984534e-03,6.582461221776358951e-03
4.402442435453630676e-01,4.419964849257970174e-01,1.752241380433949836e-03,5.256724141301849507e-03,1.139659842247509047e-03,6.396383983549358554e-03
4.402410843176206012e-01,4.419964849257970174e-01,1.755400608176416188e-03,5.266201824529248565e-03,9.477683227399058552e-04,6.213970147269154420e-03
4.402385464868928677e-01,4.419964849257970174e-01,1.757938438904149692e-03,5.273815316712449075e-03,7.613492183200509800e-04,6.035164535032500055e-03
4.402366121726186132e-01,4.419964849257970174e-01,1.759872753178404192e-03,5.279618259535212577e-03,5.802942822763501596e-04,5.859912541811562736e-03
4.402352638495985460e-01,4.419964849257970174e-01,1.761221076198471458e-03,5.283663228595414374e-03,4.044969060201797362e-04,5.688160134615594110e-03
4.402344843425919363e-01,4.419964849257970174e-01,1.762000583205081128e-03,5.286001749615243384e-03,2.338521019829009617e-04,5.519853851598144345e-03
4.402342568209705043e-01,4.419964849257970174e-01,1.762228104826513153e-03,5.286684314479539459e-03,6.825648642960757684e-05,5.354940800909147036e-03
4.402345647934291506e-01,4.419964849257970174e-01,1.761920132367866820e-03,5.285760397103600461e-03,-9.239173759389984752e-05,5.193368659509700613e-03
4.402353921027537531e-01,4.419964849257970174e-01,1.761092823043264310e-03,5.283278469129792931e-03,-2.481927973807529497e-04,5.035085671749039982e-03
4.402367229206455290e-01,4.419964849257970174e-01,1.759762005151488395e-03,5.279286015454465186e-03,-3.992453675327745088e-04,4.880040647921690677e-03
4.402385417426021297e-01,4.419964849257970174e-01,1.757943183194887737e-03,5.273829549584663212e-03,-5.456465869801974122e-04,4.728182962604465800e-03
4.402408333828549680e-01,4.419964849257970174e-01,1.755651542942049392e-03,5.266954628826148177e-03,-6.874920758515035146e-04,4.579462552974644662e-03
4.402435829693631120e-01,4.419964849257970174e-01,1.752901956433905450e-03,5.258705869301716351e-03,-8.248759524431825696e-04,4.433829916858533782e-03
4.402467759388629109e-01,4.419964849257970174e-01,1.749708986934106481e-03,5.249126960802319442e-03,-9.578908499396909804e-04,4.291236110862628461e-03
4.402503980319737997e-01,4.419964849257970174e-01,1.746086893823217689e-03,5.238260681469653068e-03,-1.086627933266637314e-03,4.151632748203015755e-03
4.402544352883595580e-01,4.419964849257970174e-01,1.742049637437459442e-03,5.226148912312378325e-03,-1.211176915727474324e-03,4.014971996584904002e-03
4.402588740419449698e-01,4.419964849257970174e-01,1.737610883852047650e-03,5.212832651556142949e-03,-1.331626075623537631e-03,3.881206575932605318e-03
4.402637009161879389e-01,4.419964849257970174e-01,1.732784009609078524e-03,5.198352028827235571e-03,-1.448062272890737745e-03,3.750289755936497826e-03
4.402689028194065046e-01,4.419964849257970174e-01,1.727582106390512795e-03,5.182746319171538385e-03,-1.560570965569718638e-03,3.622175353601819747e-03
4.402744669401604249e-01,4.419964849257970174e-01,1.722017985636592474e-03,5.166053956909777423e-03,-1.669236226176096238e-03,3.496817730733681184e-03
4.402803807426874383e-01,4.419964849257970174e-01,1.716104183109579129e-03,5.148312549328737386e-03,-1.774140758104003623e-03,3.374171791224733763e-03
4.402866319623935931e-01,4.419964849257970174e-01,1.709852963403424297e-03,5.129558890210272892e-03,-1.875365911846449407e-03,3.254192978363823485e-03
4.402932086013975344e-01,4.419964849257970174e-01,1.703276324399483066e-03,5.109828973198449198e-03,-1.972991701182369439e-03,3.136837272016079758e-03
4.403000989241286911e-01,4.419964849257970174e-01,1.696386001668326315e-03,5.089158005004978946e-03,-2.067096819347025161e-03,3.022061185657953786e-03
4.403072914529784221e-01,4.419964849257970174e-01,1.689193472818595332e-03,5.067580418455785995e-03,-2.157758654919295083e-03,2.909821763536490913e-03
4.403147749640045072e-01,4.419964849257970174e-01,1.681709961792510200e-03,5.045129885377530599e-03,-2.245053307825539690e-03,2.800076577551990908e-03
4.403225384826883748e-01,4.419964849257970174e-01,1.673946443108642601e-03,5.021839329325927803e-03,-2.329055605160279541e-03,2.692783724165648263e-03
4.403305712797446203e-01,4.419964849257970174e-01,1.665913646052397112e-03,4.997740938157191337e-03,-2.409839116873646603e-03,2.587901821283544734e-03
4.403388628669829830e-01,4.419964849257970174e-01,1.657622058814034460e-03,4.972866176442103381e-03,-2.487476171508795630e-03,2.485390004933307750e-03
4.403474029932218925e-01,4.419964849257970174e-01,1.649081932575124920e-03,4.947245797725374761e-03,-2.562037871672862011e-03,2.385207926052512750e-03
4.403561816402533635e-01,4.419964849257970174e-01,1.640303285543653899e-03,4.920909856630961698e-03,-2.633594109441306230e-03,2.287315747189655468e-03
4.403651890188595708e-01,4.419964849257970174e-01,1.631295906937446638e-03,4.893887720812339914e-03,-2.702213581862178415e-03,2.191674138950161499e-03
4.403744155648796621e-01,4.419964849257970174e-01,1.622069360917355318e-03,4.866208082752065955e-03,-2.767963806027395890e-03,2.098244276724670065e-03
4.403838519353274195e-01,4.419964849257970174e-01,1.612632990469597960e-03,4.837898971408793880e-03,-2.830911134327207535e-03,2.006987837081586346e-03
4.403934890045588801e-01,4.419964849257970174e-01,1.602995921238137278e-03,4.808987763714411834e-03,-2.891120769438204618e-03,1.917866994276207215e-03
4.404033178604898069e-01,4.419964849257970174e-01,1.593167065307210528e-03,4.779501195921631584e-03,-2.948656779278024942e-03,1.830844416643606642e-03
4.404133298008623965e-01,4.419964849257970174e-01,1.583155124934620961e-03,4.749465374803862883e-03,-3.003582111776870178e-03,1.745883263026992704e-03
4.404235163295612820e-01,4.419964849257970174e-01,1.572968596235735372e-03,4.718905788707206117e-03,-3.055958609665676562e-03,1.662947179041529555e-03
4.404338691529780525e-01,6.396202237598902496e-01,1.991863546069121971e-01,5.975590638207366467e-01,0.000000000000000000e+00,5.975590638207366467e-01
4.405039778827768981e-01,6.396202237598902496e-01,1.991162458771133514e-01,5.973487376313399988e-01,-2.103261893965369111e-02,5.763161186916863077e-01
4.406317182244449127e-01,6.396202237598902496e-01,1.989885055354453369e-01,5.969655166063360108e-01,-3.832210250040435362e-02,5.586434141059316572e-01
4.408153229075235102e-01,6.396202237598902496e-01,1.988049008523667394e-01,5.964147025571002736e-01,-5.508140492357926910e-02,5.413332976335210045e-01
4.410530609203655028e-01,6.396202237598902496e-01,1.985671628395247468e-01,5.957014885185742958e-01,-7.132140385259777560e-02,5.243800846659765202e-01
4.413432369416740442e-01,6.396202237598902496e-01,1.982769868182162054e-01,5.948309604546486717e-01,-8.705280639256240960e-02,5.077781540620862621e-01
4.416841907783888299e-01,6.396202237598902496e-01,1.979360329815014197e-01,5.938080989445042590e-01,-1.022861510144357222e-01,4.915219479300685368e-01
4.420742968098966275e-01,6.396202237598902496e-01,1.975459269499936221e-01,5.926377808499808664e-01,-1.170318094523392638e-01,4.756059713976416026e-01
4.425119634385441536e-01,6.396202237598902496e-01,1.971082603213460960e-01,5.913247809640382879e-01,-1.312999885942578437e-01,4.600247923697804442e-01
4.429956325464286526e-01,6.396202237598902496e-01,1.966245912134615970e-01,5.898737736403847354e-01,-1.451007323653497050e-01,4.447730412750350304e-01
4.435237789584406953e-01,6.396202237598902496e-01,1.960964448014495543e-01,5.882893344043487183e-01,-1.584439236036128129e-01,4.298454108007359054e-01
4.440949099115327758e-01,6.396202237598902496e-01,1.955253138483574737e-01,5.865759415450724212e-01,-1.713392859276241520e-01,4.152366556174482692e-01
4.447075645301866165e-01,6.396202237598902496e-01,1.949126592297036331e-01,5.847379776891108438e-01,-1.837963855961521897e-01,4.009415920929586541e-01
4.453603133080497600e-01,6.396202237598902496e-01,1.942599104518404896e-01,5.827797313555214131e-01,-1.958246333589430677e-01,3.869550979965783455e-01
4.460517575957125835e-01,6.396202237598902496e-01,1.935684661641776660e-01,5.807053984925329981e-01,-2.074332862988470527e-01,3.732721121936859454e-01
4.467805290945947583e-01,6.396202237598902496e-01,1.928396946652954913e-01,5.785190839958864739e-01,-2.186314496646524219e-01,3.598876343312340520e-01
4.475452893569100699e-01,6.396202237598902496e-01,1.920749344029801797e-01,5.762248032089405392e-01,-2.294280786945934736e-01,3.467967245143470656e-01
4.483447292916767912e-01,6.396202237598902496e-01,1.912754944682134584e-01,5.738264834046403751e-01,-2.398319804300164115e-01,3.339945029746239635e-01
4.491775686767409681e-01,6.396202237598902496e-01,1.904426550831492815e-01,5.713279652494478444e-01,-2.498518155192530621e-01,3.214761497301947824e-01
4.500425556767781998e-01,6.396202237598902496e-01,1.895776680831120498e-01,5.687330042493361493e-01,-2.594961000111695171e-01,3.092369042381666322e-01
4.509384663672392213e-01,6.396202237598902496e-01,1.886817573926510283e-01,5.660452721779530849e-01,-2.687732071383064358e-01,2.972720650396466491e-01
4.518641042642042027e-01,6.396202237598902496e-01,1.877561194956860469e-01,5.632683584870581406e-01,-2.776913690894944331e-01,2.855769893975637075e-01
4.528182998601089637e-01,6.396202237598902496e-01,1.868019238997812859e-01,5.604057716993438021e-01,-2.862586787714282988e-01,2.741470929279155033e-01
4.537999101653065193e-01,6.396202237598902496e-01,1.858203135945837303e-01,5.574609407837511910e-01,-2.944830915592666631e-01,2.629778492244845278e-01
4.548078182554264881e-01,6.396202237598902496e-01,1.848124055044637615e-01,5.544372165133912844e-01,-3.023724270359906541e-01,2.520647894774006303e-01
4.558409328244942271e-01,6.396202237598902496e-01,1.837792909353960225e-01,5.513378728061880674e-01,-3.099343707203217058e-01,2.414035020858663616e-01
4.568981877437705563e-01,6.396202237598902496e-01,1.827220360161196933e-01,5.481661080483590798e-01,-3.171764757828987591e-01,2.309896322654603207e-01
4.579785416262734388e-01,6.396202237598902496e-01,1.816416821336168108e-01,5.449250464008503769e-01,-3.241061647508647336e-01,2.208188816499856433e-01
4.590809773969413143e-01,6.396202237598902496e-01,1.805392463629489352e-01,5.416177390888468057e-01,-3.307307312003626709e-01,2.108870078884841348e-01
4.602045018683980082e-01,6.396202237598902496e-01,1.794157218914922414e-01,5.382471656744767241e-01,-3.370573414370081622e-01,2.011898242374685619e-01
4.613481453222784689e-01,6.396202237598902496e-01,1.782720784376117806e-01,5.348162353128353974e-01,-3.430930361641382209e-01,1.917231991486971765e-01
4.625109610960738138e-01,6.396202237598902496e-01,1.771092626638164358e-01,5.313277879914493074e-01,-3.488447321386034528e-01,1.824830558528458546e-01
4.636920251754544364e-01,6.396202237598902496e-01,1.759281985844358132e-01,5.277845957533073840e-01,-3.543192238141867900e-01,1.734653719391205939e-01
4.648904357920289332e-01,6.396202237598902496e-01,1.747297879678613164e-01,5.241893639035839492e-01,-3.595231849723490303e-01,1.646661789312349189e-01
4.661053130264966038e-01,6.396202237598902496e-01,1.735149107333936458e-01,5.205447322001809374e-01,-3.644631703403011791e-01,1.560815618598797583e-01
4.673357984171502277e-01,6.396202237598902496e-01,1.722844253427400218e-01,5.168532760282200655e-01,-3.691456171960871835e-01,1.477076588321328821e-01
4.685810545736870947e-01,6.396202237598902496e-01,1.710391691862031549e-01,5.131175075586094092e-01,-3.735768469610600828e-01,1.395406605975493264e-01
4.698402647962837131e-01,6.396202237598902496e-01,1.697799589636065365e-01,5.093398768908196095e-01,-3.777630667789855234e-01,1.315768101118340860e-01
4.711126326998915093e-01,6.396202237598902496e-01,1.685075910599987403e-01,5.055227731799962765e-01,-3.817103710823388507e-01,1.238124020976574258e-01
4.723973818437090522e-01,6.396202237598902496e-01,1.672228419161811974e-01,5.016685257485435923e-01,-3.854247431452628714e-01,1.162437826032807209e-01
4.736937553657869504e-01,6.396202237598902496e-01,1.659264683941032992e-01,4.977794051823098975e-01,-3.889120566233694731e-01,1.088673485589404244e-01
4.750010156227207347e-01,6.396202237598902496e-01,1.646192081371695148e-01,4.938576244115085445e-01,-3.921780770801353011e-01,1.016795473313732434e-01
4.763184438343876503e-01,6.396202237598902496e-01,1.633017799255025992e-01,4.899053397765077977e-01,-3.952284635000746782e-01,9.467687627643311954e-02
4.776453397336822282e-01,6.396202237598902496e-01,1.619748840262080214e-01,4.859246520786240642e-01,-3.980687697883733556e-01,8.785588229025070861e-02
4.789810212212057827e-01,6.396202237598902496e-01,1.606392025386844669e-01,4.819176076160534006e-01,-4.007044462570663601e-01,8.121316135898704047e-02
4.803248240248652601e-01,6.396202237598902496e-01,1.592953997350249895e-01,4.778861992050749685e-01,-4.031408410978432055e-01,7.474535810723176299e-02
4.816761013643354739e-01,6.396202237598902496e-01,1.579441223955547757e-01,4.738323671866643272e-01,-4.053832018410641336e-01,6.844916534560019361e-02
4.830342236203402084e-01,6.396202237598902496e-01,1.565860001395500412e-01,4.697580004186501235e-01,-4.074366768014203721e-01,6.232132361722975133e-02
4.843985780087066706e-01,6.396202237598902496e-01,1.552216457511835790e-01,4.656649372535507370e-01,-4.093063165099386502e-01,5.635862074361208673e-02
4.857685682591474929e-01,6.396202237598902496e-01,1.538516555007427566e-01,4.615549665022282699e-01,-4.109970751322467031e-01,5.055789136998156685e-02
4.871436142987253248e-01,6.396202237598902496e-01,1.524766094611649248e-01,4.574298283834947743e-01,-4.125138118733495673e-01,4.491601651014520691e-02
4.885231519399541589e-01,6.396202237598902496e-01,1.510970718199360907e-01,4.532912154598082721e-01,-4.138612923686502132e-01,3.942992309115805893e-02
4.899066325734921512e-01,6.396202237598902496e-01,1.497135911863980984e-01,4.491407735591942951e-01,-4.150441900613976998e-01,3.409658349779659536e-02
4.912935228653799169e-01,6.396202237598902496e-01,1.483267008945103327e-01,4.449801026835309981e-01,-4.160670875663297075e-01,2.891301511720129058e-02
4.926833044587793919e-01,6.396202237598902496e-01,1.469369193011108576e-01,4.408107579033325729e-01,-4.169344780198425138e-01,2.387627988349005914e-02
4.940754736801671876e-01,6.396202237598902496e-01,1.455447500797230620e-01,4.366342502391691860e-01,-4.176507664163386924e-01,1.898348382283049363e-02
4.954695412499373064e-01,6.396202237598902496e-01,1.441506825099529432e-01,4.324520475298588296e-01,-4.182202709310356425e-01,1.423177659882318702e-02
4.968650319973673124e-01,6.396202237598902496e-01,1.427551917625229372e-01,4.282655752875688115e-01,-4.186472242290018020e-01,9.618351058567009559e-03
4.982614845799031578e-01,6.396202237598902496e-01,1.413587391799870918e-01,4.240762175399612754e-01,-4.189357747607536098e-01,5.140442779207665680e-03
4.996584512067169248e-01,6.396202237598902496e-01,1.399617725531733248e-01,4.198853176595199743e-01,-4.190899880441301129e-01,7.953296153898614662e-04
5.010554973664922418e-01,6.396202237598902496e-01,1.385647263933980078e-01,4.156941791801940234e-01,-4.191138479325950961e-01,-3.419668752401072709e-03
5.024522015593922974e-01,6.396202237598902496e-01,1.371680222004979521e-01,4.115040666014938564e-01,-4.190112578700166956e-01,-7.507191268522839245e-03
5.038481550331654901e-01,6.396202237598902496e-01,1.357720687267247595e-01,4.073162061801742784e-01,-4.187860421319578030e-01,-1.146983595178352466e-02
5.052429615233434701e-01,6.396202237598902496e-01,1.343772622365467795e-01,4.031317867096403385e-01,-4.184419470533939922e-01,-1.531016034375365376e-02
5.066362369974871660e-01,6.396202237598902496e-01,1.329839867624030836e-01,3.989519602872092507e-01,-4.179826422431087707e-01,-1.903068195589951994e-02
5.080276094034352763e-01,6.396202237598902496e-01,1.315926143564549733e-01,3.947778430693649199e-01,-4.174117217844330874e-01,-2.263387871506816751e-02
5.094167184215118160e-01,6.396202237598902496e-01,1.302035053383784335e-01,3.906105160151353006e-01,-4.167327054229619243e-01,-2.612218940782662369e-02
5.108032152206476439e-01,6.396202237598902496e-01,1.288170085392426056e-01,3.864510256177278169e-01,-4.159490397407483719e-01,-2.949801412302055503e-02
5.121867622183711166e-01,6.396202237598902496e-01,1.274334615415191330e-01,3.823003846245573989e-01,-4.150640993170418014e-01,-3.276371469248440249e-02
5.135670328446253485e-01,6.396202237598902496e-01,1.260531909152649011e-01,3.781595727457947032e-01,-4.140811878762695741e-01,-3.592161513047487098e-02
5.149437113093665586e-01,6.396202237598902496e-01,1.246765124505236910e-01,3.740295373515710731e-01,-4.130035394223630085e-01,-3.897400207079193546e-02
5.163164923739006484e-01,6.396202237598902496e-01,1.233037313859896011e-01,3.699111941579688034e-01,-4.118343193602269636e-01,-4.192312520225816019e-02
5.176850811259144924e-01,6.396202237598902496e-01,1.219351426339757571e-01,3.658054279019272714e-01,-4.105766256041532003e-01,-4.477119770222592887e-02
5.190491927581581955e-01,6.396202237598902496e-01,1.205710310017320541e-01,3.617130930051961624e-01,-4.092334896731109062e-01,-4.752039666791474382e-02
5.204085523507350208e-01,6.396202237598902496e-01,1.192116714091552288e-01,3.576350142274656863e-01,-4.078078777730476112e-01,-5.017286354558192496e-02
5.217628946569573545e-01,6.396202237598902496e-01,1.178573291029328951e-01,3.535719873087986853e-01,-4.063026918667000942e-01,-5.273070455790140887e-02
5.231119638927238524e-01,6.396202237598902496e-01,1.165082598671663972e-01,3.495247796014991915e-01,-4.047207707299493862e-01,-5.519599112845019473e-02
5.244555135293774706e-01,6.396202237598902496e-01,1.151647102305127790e-01,3.454941306915383370e-01,-4.030648909960854454e-01,-5.757076030454710835e-02
5.257933060900006339e-01,6.396202237598902496e-01,1.138269176698896157e-01,3.414807530096688470e-01,-4.013377681869489955e-01,-5.985701517728014842e-02
5.271251129491061338e-01,6.396202237598902496e-01,1.124951108107841158e-01,3.374853324323523474e-01,-3.995420577316499688e-01,-6.205672529929762149e-02
5.284507141356816762e-01,6.396202237598902496e-01,1.111695096242085734e-01,3.335085288726257202e-01,-3.976803559726627135e-01,-6.417182710003699331e-02
5.297698981395472240e-01,6.396202237598902496e-01,1.098503256203430256e-01,3.295509768610290768e-01,-3.957552011596643382e-01,-6.620422429863526137e-02
5.310824617209829457e-01,6.396202237598902496e-01,1.085377620389073039e-01,3.256132861167219117e-01,-3.937690744307165147e-01,-6.815578831399460302e-02
5.323882097235872468e-01,6.396202237598902496e-01,1.072320140363030028e-01,3.216960421089090083e-01,-3.917244007812903384e-01,-7.002835867238133005e-02
5.336869548903242499e-01,6.396202237598902496e-01,1.059332688695659996e-01,3.177998066086979989e-01,-3.896235500211009395e-01,-7.182374341240294058e-02
5.349785176827200894e-01,6.396202237598902496e-01,1.046417060771701601e-01,3.139251182315104804e-01,-3.874688377187518462e-01,-7.354371948724136576e-02
5.362627261031671644e-01,6.396202237598902496e-01,1.033574976567230852e-01,3.100724929701692556e-01,-3.852625261341224849e-01,-7.519003316395322933e-02
5.375394155202978252e-01,6.396202237598902496e-01,1.020808082395924243e-01,3.062424247187772730e-01,-3.830068251391982592e-01,-7.676440042042098622e-02
5.388084284973864158e-01,6.396202237598902496e-01,1.008117952625038338e-01,3.024353857875115015e-01,-3.807038931265771531e-01,-7.826850733906565161e-02
5.400696146237411455e-01,6.396202237598902496e-01,9.955060913614910412e-02,2.986518274084473124e-01,-3.783558379064189126e-01,-7.970401049797160020e-02
5.413228303490460469e-01,6.396202237598902496e-01,9.829739341084420268e-02,2.948921802325326080e-01,-3.759647175914704320e-01,-8.107253735893782398e-02
5.425679388206150477e-01,6.396202237598902496e-01,9.705228493927520184e-02,2.911568548178256055e-01,-3.735325414707002523e-01,-8.237568665287464675e-02
5.438048097235188560e-01,6.396202237598902496e-01,9.581541403637139354e-02,2.874462421091141806e-01,-3.710612708711424901e-01,-8.361502876202830947e-02
5.450333191235464669e-01,6.396202237598902496e-01,9.458690463634378265e-02,2.837607139090313479e-01,-3.685528200082832662e-01,-8.479210609925191822e-02
5.462533493129640982e-01,6.396202237598902496e-01,9.336687444692615134e-02,2.801006233407784540e-01,-3.660090568252893917e-01,-8.590843348451093764e-02
5.474647886590332524e-01,6.396202237598902496e-01,9.215543510085699719e-02,2.764663053025709916e-01,-3.634318038207462465e-01,-8.696549851817525489e-02
5.486675314552506011e-01,6.396202237598902496e-01,9.095269230463964849e-02,2.728580769139189455e-01,-3.608228388652046092e-01,-8.796476195128566378e-02
5.498614777752728333e-01,6.396202237598902496e-01,8.975874598461741627e-02,2.692762379538522488e-01,-3.581838960066696664e-01,-8.890765805281741763e-02
5.510465333294898294e-01,6.396202237598902496e-01,8.857369043040042023e-02,2.657210712912012607e-01,-3.555166662650988130e-01,-8.979559497389755229e-02
5.522226093242094125e-01,6.396202237598902496e-01,8.739761443568083710e-02,2.621928433070425113e-01,-3.528227984158749386e-01,-9.062995510883242734e-02
5.533896223234180400e-01,6.396202237598902496e-01,8.623060143647220954e-02,2.586918043094166286e-01,-3.501038997625882665e-01,-9.141209545317163787e-02
5.545474941130813518e-01,6.396202237598902496e-01,8.507272964680889782e-02,2.552181889404266935e-01,-3.473615368989935170e-01,-9.214334795856682359e-02
5.556961515679488262e-01,6.396202237598902496e-01,8.392407219194142343e-02,2.517722165758242703e-01,-3.445972364602423177e-01,-9.282501988441804741e-02
5.568355265208279059e-01,6.396202237598902496e-01,8.278469723906234368e-02,2.483540917171870310e-01,-3.418124858637239250e-01,-9.345839414653689392e-02
5.579655556342922873e-01,6.396202237598902496e-01,8.165466812559796228e-02,2.449640043767938868e-01,-3.390087340393144189e-01,-9.404472966252053201e-02
5.590861802747904008e-01,6.396202237598902496e-01,8.053404348509984878e-02,2.416021304552995463e-01,-3.361873921494340500e-01,-9.458526169413450368e-02
5.601973463891191107e-01,6.396202237598902496e-01,7.942287737077113885e-02,2.382686321123134165e-01,-3.333498342986129792e-01,-9.508120218629956266e-02
5.612990043832292164e-01,6.396202237598902496e-01,7.832121937666103317e-02,2.349636581299830995e-01,-3.304973982330317028e-01,-9.553374010304860331e-02
5.623911090033290039e-01,6.396202237598902496e-01,7.722911475656124569e-02,2.316873442696837371e-01,-3.276313860299362446e-01,-9.594404176025250752e-02
5.634736192192527637e-01,6.396202237598902496e-01,7.614660454063748585e-02,2.284398136219124575e-01,-3.247530647771279533e-01,-9.631325115521549574e-02
5.645464981100610791e-01,6.396202237598902496e-01,7.507372564982917051e-02,2.252211769494875115e-01,-3.218636672424945999e-01,-9.664249029300708838e-02
5.656097127518400214e-01,6.396202237598902496e-01,7.401051100805022820e-02,2.220315330241506846e-01,-3.189643925336826946e-01,-9.693285950953201002e-02
5.666632341076680568e-01,6.396202237598902496e-01,7.295698965222219279e-02,2.188709689566665784e-01,-3.160564067484106232e-01,-9.718543779174404484e-02
5.677070369197169120e-01,6.396202237598902496e-01,7.191318684017333762e-02,2.157395605205200129e-01,-3.131408436146565499e-01,-9.740128309413653707e-02
5.687410996034563126e-01,6.396202237598902496e-01,7.087912415643393693e-02,2.126373724693018108e-01,-3.102188051218202069e-01,-9.758143265251839615e-02
5.697654041439305095e-01,6.396202237598902496e-01,6.985481961595974010e-02,2.095644588478792203e-01,-3.072913621422590502e-01,-9.772690329437982992e-02
5.707799359940752826e-01,6.396202237598902496e-01,6.884028776581496700e-02,2.065208632974449010e-01,-3.043595550434319286e-01,-9.783869174598702756e-02
5.717846839750454491e-01,6.396202237598902496e-01,6.783553978484480051e-02,2.035066193545344015e-01,-3.014243942910499463e-01,-9.791777493651554476e-02
5.727796401785218983e-01,6.396202237598902496e-01,6.684058358136835132e-02,2.005217507441050540e-01,-2.984868610429347591e-01,-9.796511029882970512e-02
5.737647998709685115e-01,6.396202237598902496e-01,6.585542388892173804e-02,1.975662716667652141e-01,-2.955479077339839833e-01,-9.798163606721876917e-02
5.747401613998084358e-01,6.396202237598902496e-01,6.488006236008181382e-02,1.946401870802454415e-01,-2.926084586519772657e-01,-9.796827157173182421e-02
5.757057261014911775e-01,6.396202237598902496e-01,6.391449765839907204e-02,1.917434929751972161e-01,-2.896694105048225332e-01,-9.792591752962531704e-02
5.766614982114208754e-01,6.396202237598902496e-01,6.295872554846937419e-02,1.888761766454081226e-01,-2.867316329789093565e-01,-9.785545633350123396e-02
5.776074847757172170e-01,6.396202237598902496e-01,6.201273898417303254e-02,1.860382169525190976e-01,-2.837959692889024943e-01,-9.775775233638339667e-02
5.785436955647800250e-01,6.396202237598902496e-01,6.107652819511022457e-02,1.832295845853306737e-01,-2.808632367188423906e-01,-9.763365213351171690e-02
5.794701429886294219e-01,6.396202237598902496e-01,6.015008077126082764e-02,1.804502423137824829e-01,-2.779342271548190801e-01,-9.748398484103659722e-02
5.803868420139947082e-01,6.396202237598902496e-01,5.923338174589554139e-02,1.777001452376866242e-01,-2.750097076095858739e-01,-9.730956237189924973e-02
5.812938100831228638e-01,6.396202237598902496e-01,5.832641367676738575e-02,1.749792410303021573e-01,-2.720904207384466922e-01,-9.711117970814453493e-02
5.821910670342801408e-01,6.396202237598902496e-01,5.742915672561010876e-02,1.722874701768303263e-01,-2.691770853471830982e-01,-9.688961517035277193e-02
5.830786350239204330e-01,6.396202237598902496e-01,5.654158873596981660e-02,1.696247662079094498e-01,-2.662703968920876463e-01,-9.664563068417819647e-02
5.839565384504922241e-01,6.396202237598902496e-01,5.566368530939802550e-02,1.669910559281940765e-01,-2.633710279715373304e-01,-9.637997204334325385e-02
5.848248038798596893e-01,6.396202237598902496e-01,5.479541988003056030e-02,1.643862596400916809e-01,-2.604796288102395607e-01,-9.609336917014787982e-02
5.856834599723101942e-01,6.396202237598902496e-01,5.393676378758005541e-02,1.618102913627401662e-01,-2.575968277351514679e-01,-9.578653637241130170e-02
5.865325374111234336e-01,6.396202237598902496e-01,5.308768634876681602e-02,1.592630590463004481e-01,-2.547232316439718147e-01,-9.546017259767136665e-02
5.873720688326768968e-01,6.396202237598902496e-01,5.224815492721335275e-02,1.567444647816400582e-01,-2.518594264660389825e-01,-9.511496168439892429e-02
5.882020887580619029e-01,6.396202237598902496e-01,5.141813500182834673e-02,1.542544050054850402e-01,-2.490059776155018056e-01,-9.475157261001676545e-02
5.890226335261858903e-01,6.396202237598902496e-01,5.059759023370435926e-02,1.517927707011130778e-01,-2.461634304371962401e-01,-9.437065973608316227e-02
5.898337412283363168e-01,6.396202237598902496e-01,4.978648253155393277e-02,1.493594475946617983e-01,-2.433323106451279472e-01,-9.397286305046614885e-02
5.906354516441817415e-01,6.396202237598902496e-01,4.898477211570850809e-02,1.469543163471255243e-01,-2.405131247536274053e-01,-9.355880840650188102e-02
5.914278061791864438e-01,6.396202237598902496e-01,4.819241758070380577e-02,1.445772527421114173e-01,-2.377063605014106962e-01,-9.312910775929927887e-02
5.922108478034152634e-01,6.396202237598902496e-01,4.740937595647498615e-02,1.422281278694249584e-01,-2.349124872686458865e-01,-9.268435939922092803e-02
5.929846209917041255e-01,6.396202237598902496e-01,4.663560276818612405e-02,1.399068083045583721e-01,-2.321319564866586305e-01,-9.222514818210025833e-02
5.937491716651748241e-01,6.396202237598902496e-01,4.587105209471542544e-02,1.376131562841462763e-01,-2.293652020412095816e-01,-9.175204575706330523e-02
5.945045471340697496e-01,6.396202237598902496e-01,4.511567662582049998e-02,1.353470298774614999e-01,-2.266126406684776384e-01,-9.126561079101613849e-02
5.952507960418855770e-01,6.396202237598902496e-01,4.436942771800467256e-02,1.331082831540140177e-01,-2.238746723447482267e-01,-9.076638919073420908e-02
5.959879683107823789e-01,6.396202237598902496e-01,4.363225544910787068e-02,1.308967663473236120e-01,-2.211516806690405623e-01,-9.025491432171695028e-02
5.967161150882469567e-01,6.396202237598902496e-01,4.290410867164329289e-02,1.287123260149298787e-01,-2.184440332393733364e-01,-8.973170722444345770e-02
5.974352886949891861e-01,6.396202237598902496e-01,4.218493506490106348e-02,1.265548051947031905e-01,-2.157520820226688230e-01,-8.919727682796563251e-02
5.981455425740486165e-01,6.396202237598902496e-01,4.147468118584163310e-02,1.244240435575248993e-01,-2.130761637178291146e-01,-8.865212016030421527e-02
5.988469312410920065e-01,6.396202237598902496e-01,4.077329251879824312e-02,1.223198775563947294e-01,-2.104166001130169938e-01,-8.809672255662226448e-02
5.995395102358797024e-01,6.396202237598902496e-01,4.008071352401054721e-02,1.202421405720316416e-01,-2.077736984363087736e-01,-8.753155786427713192e-02
6.002233360748809865e-01,6.396202237598902496e-01,3.939688768500926308e-02,1.181906630550277892e-01,-2.051477517003852391e-01,-8.695708864535744986e-02
6.008984662050177450e-01,6.396202237598902496e-01,3.872175755487250459e-02,1.161652726646175138e-01,-2.025390390410275465e-01,-8.637376637641003274e-02
6.015649589585168044e-01,6.396202237598902496e-01,3.805526480137344514e-02,1.141657944041203354e-01,-1.999478260497178361e-01,-8.578203164559750071e-02
6.022228735088512863e-01,6.396202237598902496e-01,3.739735025103896326e-02,1.121920507531168898e-01,-1.973743651003445621e-01,-8.518231434722767226e-02
6.028722698277511061e-01,6.396202237598902496e-01,3.674795393213914352e-02,1.102438617964174306e-01,-1.948188956699459240e-01,-8.457503387352849344e-02
6.035132086432635212e-01,6.396202237598902496e-01,3.610701511662672836e-02,1.083210453498801851e-01,-1.922816446537245483e-01,-8.396059930384436321e-02
6.041457513988456318e-01,6.396202237598902496e-01,3.547447236104461776e-02,1.064234170831338533e-01,-1.897628266746331782e-01,-8.333940959149932493e-02
6.047699602134685160e-01,6.396202237598902496e-01,3.485026354642173363e-02,1.045507906392652009e-01,-1.872626443868652402e-01,-8.271185374760003928e-02
6.053858978427166804e-01,6.396202237598902496e-01,3.423432591717356921e-02,1.027029777515207076e-01,-1.847812887744493260e-01,-8.207831102292861836e-02
6.059936276408625089e-01,6.396202237598902496e-01,3.362659611902774071e-02,1.008797883570832221e-01,-1.823189394437485511e-01,-8.143915108666532898e-02
6.065932135238997214e-01,6.396202237598902496e-01,3.302701023599052821e-02,9.908103070797158463e-02,-1.798757649111637491e-01,-8.079473420319216448e-02
6.071847199335166367e-01,6.396202237598902496e-01,3.243550382637361285e-02,9.730651147912083854e-02,-1.774519228850746089e-01,-8.014541140595377033e-02
6.077682118019929192e-01,6.396202237598902496e-01,3.185201195789733042e-02,9.555603587369199126e-02,-1.750475605428847281e-01,-7.949152466919273685e-02
6.083437545180022665e-01,6.396202237598902496e-01,3.127646924188798305e-02,9.382940772566394916e-02,-1.726628148028042098e-01,-7.883340707714026063e-02
6.089114138933039433e-01,6.396202237598902496e-01,3.070880986658630629e-02,9.212642959975891888e-02,-1.702978125905030282e-01,-7.817138299074410934e-02
6.094712561303065046e-01,6.396202237598902496e-01,3.014896762958374499e-02,9.044690288875123496e-02,-1.679526711007683915e-01,-7.750576821201715649e-02
6.100233477904878354e-01,6.396202237598902496e-01,2.959687596940241416e-02,8.879062790820724249e-02,-1.656274980543992470e-01,-7.683687014619200450e-02
6.105677557636546293e-01,6.396202237598902496e-01,2.905246799623562026e-02,8.715740398870686079e-02,-1.633223919500381704e-01,-7.616498796133130966e-02
6.111045472380252086e-01,6.396202237598902496e-01,2.851567652186504098e-02,8.554702956559512295e-02,-1.610374423111737840e-01,-7.549041274557866110e-02
6.116337896711212530e-01,6.396202237598902496e-01,2.798643408876899663e-02,8.395930226630698989e-02,-1.587727299288133054e-01,-7.481342766250631549e-02
6.121555507614511171e-01,6.396202237598902496e-01,2.746467299843913246e-02,8.239401899531739737e-02,-1.565283270989592523e-01,-7.413430810364185497e-02
6.126698984209705268e-01,6.396202237598902496e-01,2.695032533891972282e-02,8.085097601675916845e-02,-1.543042978558228917e-01,-7.345332183906372325e-02
6.131769007483061085e-01,6.396202237598902496e-01,2.644332301158414111e-02,7.932996903475242334e-02,-1.521006982006745112e-01,-7.277072916592208784e-02
6.136766260027251008e-01,6.396202237598902496e-01,2.594359775716514882e-02,7.783079327149544646e-02,-1.499175763256976879e-01,-7.208678305420224142e-02
6.141691425788385894e-01,6.396202237598902496e-01,2.545108118105166017e-02,7.635324354315498052e-02,-1.477549728340465940e-01,-7.140172929089161347e-02
6.146545189820230570e-01,6.396202237598902496e-01,2.496570477786719255e-02,7.489711433360157766e-02,-1.456129209553402859e-01,-7.071580662173870824e-02
6.151328238045453700e-01,6.396202237598902496e-01,2.448739995534487957e-02,7.346219986603463870e-02,-1.434914467566938967e-01,-7.002924689065925801e-02
6.156041257023785462e-01,6.396202237598902496e-01,2.401609805751170335e-02,7.204829417253511004e-02,-1.413905693499528660e-01,-6.934227517741775593e-02
6.160684933726939816e-01,6.396202237598902496e-01,2.355173038719626799e-02,7.065519116158880397e-02,-1.393103010946306064e-01,-6.865510993304180243e-02
6.165259955320161467e-01,6.396202237598902496e-01,2.309422822787410290e-02,6.928268468362230870e-02,-1.372506477966495275e-01,-6.796796311302721882e-02
6.169767008950269860e-01,6.396202237598902496e-01,2.264352286486326360e-02,6.793056859458979080e-02,-1.352116089032517898e-01,-6.728104030866199903e-02
6.174206781540069189e-01,6.396202237598902496e-01,2.219954560588333070e-02,6.659863681764999210e-02,-1.331931776939798695e-01,-6.659454087632987740e-02
6.178579959588992310e-01,6.396202237598902496e-01,2.176222780099101861e-02,6.528668340297305583e-02,-1.311953414676936269e-01,-6.590865806472057109e-02
6.182887228979850880e-01,6.396202237598902496e-01,2.133150086190516159e-02,6.399450258571548478e-02,-1.292180817257571057e-01,-6.522357914004162094e-02
6.187129274791569600e-01,6.396202237598902496e-01,2.090729628073328961e-02,6.272188884219986882e-02,-1.272613743515615958e-01,-6.453948550936172701e-02
6.191306781117779101e-01,6.396202237598902496e-01,2.048954564811233947e-02,6.146863694433701841e-02,-1.253251897862850406e-01,-6.385655284194802217e-02
6.195420430891146468e-01,6.396202237598902496e-01,2.007818067077560276e-02,6.023454201232680827e-02,-1.234094932010210144e-01,-6.317495118869420612e-02
6.199470905713325708e-01,6.396202237598902496e-01,1.967313318855767879e-02,5.901939956567303636e-02,-1.215142446653771913e-01,-6.249484509970415491e-02
6.203458885690404934e-01,6.396202237598902496e-01,1.927433519084975622e-02,5.782300557254926865e-02,-1.196393993123767707e-01,-6.181639373982750207e-02
6.207385049273743682e-01,6.396202237598902496e-01,1.888171883251588135e-02,5.664515649754764404e-02,-1.177849075001624612e-01,-6.113975100261481721e-02
6.211250073106080460e-01,6.396202237598902496e-01,1.849521644928220354e-02,5.548564934784661062e-02,-1.159507149701033413e-01,-6.046506562225673065e-02
6.215054631872795055e-01,6.396202237598902496e-01,1.811476057261074413e-02,5.434428171783223238e-02,-1.141367630014378243e-01,-5.979248128360559189e-02
6.218799398158225689e-01,6.396202237598902496e-01,1.774028394406768072e-02,5.322085183220304216e-02,-1.123429885629190217e-01,-5.912213673071597952e-02
6.222485042306925562e-01,6.396202237598902496e-01,1.737171952919769335e-02,5.211515858759308006e-02,-1.105693244609962100e-01,-5.845416587340312997e-02
6.226112232289752191e-01,6.396202237598902496e-01,1.700900053091503050e-02,5.102700159274509151e-02,-1.088156994847988557e-01,-5.778869789205376417e-02
6.229681633574686295e-01,6.396202237598902496e-01,1.665206040242162011e-02,4.995618120726486033e-02,-1.070820385480231174e-01,-5.712585734075825705e-02
6.233193909002280320e-01,6.396202237598902496e-01,1.630083285966221762e-02,4.890249857898665287e-02,-1.053682628278207467e-01,-5.646576424883409384e-02
6.236649718665625564e-01,6.396202237598902496e-01,1.595525189332769322e-02,4.786575567998307967e-02,-1.036742899003573193e-01,-5.580853422037423961e-02
6.240049719794750205e-01,6.396202237598902496e-01,1.561525178041522910e-02,4.684575534124568730e-02,-1.020000338737392376e-01,-5.515427853249355028e-02
6.243394566645342758e-01,6.396202237598902496e-01,1.528076709535597377e-02,4.584230128606792132e-02,-1.003454055177765980e-01,-5.450310423170867669e-02
6.246684910391703260e-01,6.396202237598902496e-01,1.495173272071992354e-02,4.485519816215977063e-02,-9.871031239081506925e-02,-5.385511422865529862e-02
6.249921399023834478e-01,6.396202237598902496e-01,1.462808385750680173e-02,4.388425157252040520e-02,-9.709465896393654205e-02,-5.321040739141613685e-02
6.253104677248574328e-01,6.396202237598902496e-01,1.430975603503281679e-02,4.292926810509845037e-02,-9.549834674219548347e-02,-5.256907863709703310e-02
6.256235386394677356e-01,6.396202237598902496e-01,1.399668512042251400e-02,4.199005536126754201e-02,-9.392127438309083587e-02,-5.193121902182329386e-02
6.259314164321758689e-01,6.396202237598902496e-01,1.368880732771438069e-02,4.106642198314314207e-02,-9.236333781243999397e-02,-5.129691582929685190e-02
6.262341645333010520e-01,6.396202237598902496e-01,1.338605922658919756e-02,4.015817767976759267e-02,-9.082443033755494000e-02,-5.066625265778734732e-02
6.265318460091604535e-01,6.396202237598902496e-01,1.308837775072979603e-02,3.926513325218938810e-02,-8.930444275782045693e-02,-5.003930950563106883e-02
6.268245235540693683e-01,6.396202237598902496e-01,1.279570020582088130e-02,3.838710061746264390e-02,-8.780326347267441989e-02,-4.941616285521177598e-02
6.271122594826926688e-01,6.396202237598902496e-01,1.250796427719758075e-02,3.752389283159274225e-02,-8.632077858699016559e-02,-4.879688575539742335e-02
6.273951157227404263e-01,6.396202237598902496e-01,1.222510803714982330e-02,3.667532411144946991e-02,-8.485687201432723370e-02,-4.818154790287776379e-02
6.276731538079979300e-01,6.396202237598902496e-01,1.194706995189231957e-02,3.584120985567695872e-02,-8.341142557725111928e-02,-4.757021572157416056e-02
6.279464348716833344e-01,6.396202237598902496e-01,1.167378888820691518e-02,3.502136666462074555e-02,-8.198431910562131719e-02,-4.696295244100057165e-02
6.282150196401246056e-01,6.396202237598902496e-01,1.140520411976564397e-02,3.421561235929693190e-02,-8.057543053238136466e-02,-4.635981817308443276e-02
6.284789684267485521e-01,6.396202237598902496e-01,1.114125533314169747e-02,3.342376599942509241e-02,-7.918463598718394891e-02,-4.576086998775885650e-02
6.287383411263737232e-01,6.396202237598902496e-01,1.088188263351652640e-02,3.264564790054957921e-02,-7.781180988755131978e-02,-4.516616198700174056e-02
6.289931972098001811e-01,6.396202237598902496e-01,1.062702655009006847e-02,3.188107965027020541e-02,-7.645682502793738067e-02,-4.457574537766717526e-02
6.292435957186889306e-01,6.396202237598902496e-01,1.037662804120131899e-02,3.112988412360395696e-02,-7.511955266662484476e-02,-4.398966854302088780e-02
6.294895952607233447e-01,6.396202237598902496e-01,1.013062849916690489e-02,3.039188549750071466e-02,-7.379986261032422945e-02,-4.340797711282351479e-02
6.297312540050464813e-01,6.396202237598902496e-01,9.888969754843768278e-03,2.966690926453130484e-02,-7.249762329694098284e-02,-4.283071403240967800e-02
6.299686296779664074e-01,6.396202237598902496e-01,9.651594081923842161e-03,2.895478224577152648e-02,-7.121270187597783519e-02,-4.225791963020630870e-02
6.302017795589233140e-01,6.396202237598902496e-01,9.418444200966935576e-03,2.825533260290080673e-02,-6.994496428707197566e-02,-4.168963168417116893e-02
6.304307604767117601e-01,6.396202237598902496e-01,9.189463283178489483e-03,2.756838984953546845e-02,-6.869427533653382767e-02,-4.112588548699835922e-02
6.306556288059514959e-01,6.396202237598902496e-01,8.964594953938753719e-03,2.689378486181626116e-02,-6.746049877192072941e-02,-4.056671391010446825e-02
6.308764404638002032e-01,6.396202237598902496e-01,8.743783296090046342e-03,2.623134988827013903e-02,-6.624349735461221300e-02,-4.001214746634207398e-02
6.310932509069022700e-01,6.396202237598902496e-01,8.526972852987979579e-03,2.558091855896393874e-02,-6.504313293062002899e-02,-3.946221437165609025e-02
6.313061151285671579e-01,6.396202237598902496e-01,8.314108631323091636e-03,2.494232589396927491e-02,-6.385926649946638278e-02,-3.891694060549710787e-02
6.315150876561715920e-01,6.396202237598902496e-01,8.105136103718657559e-03,2.431540831115597268e-02,-6.269175828133022321e-02,-3.837634997017425054e-02
6.317202225487789091e-01,6.396202237598902496e-01,7.900001211111340460e-03,2.370000363333402138e-02,-6.154046778219512959e-02,-3.784046414886110821e-02
6.319215733949713476e-01,6.396202237598902496e-01,7.698650364918901978e-03,2.309595109475670593e-02,-6.040525385773154454e-02,-3.730930276297483861e-02
6.321191933108875061e-01,6.396202237598902496e-01,7.501030449002743516e-03,2.250309134700823055e-02,-5.928597477484753853e-02,-3.678288342783930798e-02
6.323131349384608635e-01,6.396202237598902496e-01,7.307088821429386094e-03,2.192126646428815828e-02,-5.818248827200722673e-02,-3.626122180771906844e-02
6.325034504438534766e-01,6.396202237598902496e-01,7.116773316036772989e-03,2.135031994811031897e-02,-5.709465161778393139e-02,-3.574433166967361242e-02
6.326901915160791923e-01,6.396202237598902496e-01,6.930032243811057313e-03,2.079009673143317194e-02,-5.602232166771470290e-02,-3.523222493628153096e-02
6.328734093658112680e-01,6.396202237598902496e-01,6.746814394078981536e-03,2.024044318223694461e-02,-5.496535491962273312e-02,-3.472491173738578851e-02
6.330531547243695156e-01,6.396202237598902496e-01,6.567069035520733955e-03,1.970120710656220187e-02,-5.392360756747427430e-02,-3.422240046091207244e-02
6.332294778428817494e-01,6.396202237598902496e-01,6.390745917008500143e-03,1.917223775102550043e-02,-5.289693555367014355e-02,-3.372469780264464312e-02
6.334024284916136560e-01,6.396202237598902496e-01,6.217795268276593568e-03,1.865338580482978070e-02,-5.188519461957197265e-02,-3.323180881474219195e-02
6.335720559594640866e-01,6.396202237598902496e-01,6.048167800426162977e-03,1.814450340127848893e-02,-5.088824035512917732e-02,-3.274373695385068839e-02
6.337384090536192227e-01,6.396202237598902496e-01,5.881814706271026871e-03,1.764544411881308061e-02,-4.990592824654083159e-02,-3.226048412772775098e-02
6.339015360993615067e-01,6.396202237598902496e-01,5.718687660528742889e-03,1.715606298158622867e-02,-4.893811372268519477e-02,-3.178205074109896611e-02
6.340614849400296738e-01,6.396202237598902496e-01,5.558738819860575830e-03,1.667621645958172749e-02,-4.798465220045011748e-02,-3.130843574086838998e-02
6.342183029371237790e-01,6.396202237598902496e-01,5.401920822766470565e-03,1.620576246829941169e-02,-4.704539912823157977e-02,-3.083963665993216807e-02
6.343720369705518891e-01,6.396202237598902496e-01,5.248186789338360470e-03,1.574456036801508141e-02,-4.612021002843302853e-02,-3.037564966041794712e-02
6.345227334390139973e-01,6.396202237598902496e-01,5.097490320876252312e-03,1.529247096262875694e-02,-4.520894053863244721e-02,-2.991646957600369028e-02
6.346704382605184991e-01,6.396202237598902496e-01,4.949785499371750497e-03,1.484935649811525149e-02,-4.431144645135054461e-02,-2.946208995323529312e-02
6.348151968730276762e-01,6.396202237598902496e-01,4.805026886862573399e-03,1.441508066058772020e-02,-4.342758375275312943e-02,-2.901250309216540924e-02
6.349570542352276359e-01,6.396202237598902496e-01,4.663169524662613696e-03,1.398950857398784109e-02,-4.255720865998791069e-02,-2.856770008600006960e-02
6.350960548274189321e-01,6.396202237598902496e-01,4.524168932471317461e-03,1.357250679741395238e-02,-4.170017765738887050e-02,-2.812767085997491812e-02
6.352322426525243149e-01,6.396202237598902496e-01,4.387981107365934719e-03,1.316394332209780416e-02,-4.085634753161482280e-02,-2.769240420951701864e-02
6.353656612372087231e-01,6.396202237598902496e-01,4.254562522681526460e-03,1.276368756804457938e-02,-4.002557540532247771e-02,-2.726188783727789833e-02
6.354963536331094121e-01,6.396202237598902496e-01,4.123870126780837531e-03,1.237161038034251259e-02,-3.920771877020667873e-02,-2.683610838986416613e-02
6.356243624181711072e-01,6.396202237598902496e-01,3.995861341719142423e-03,1.198758402515742727e-02,-3.840263551850853219e-02,-2.641505149335110492e-02
6.357497296980834101e-01,6.396202237598902496e-01,3.870494061806839525e-03,1.161148218542051858e-02,-3.761018397369086941e-02,-2.599870178827035083e-02
6.358724971078169030e-01,6.396202237598902496e-01,3.747726652073346543e-03,1.124317995622003963e-02,-3.683022292004789477e-02,-2.558704296382785515e-02
6.359927058132540667e-01,6.396202237598902496e-01,3.627517946636182877e-03,1.088255383990854863e-02,-3.606261163114909962e-02,-2.518005779124055099e-02
6.361103965129121240e-01,6.396202237598902496e-01,3.509827246978125537e-03,1.052948174093437661e-02,-3.530720989741720217e-02,-2.477772815648282556e-02
6.362256094397544803e-01,6.396202237598902496e-01,3.394614320135769248e-03,1.018384296040730774e-02,-3.456387805270688673e-02,-2.438003509229957899e-02
6.363383843630876502e-01,6.396202237598902496e-01,3.281839396802599396e-03,9.845518190407798187e-03,-3.383247699995095559e-02,-2.398695880954315740e-02
6.364487605905397860e-01,6.396202237598902496e-01,3.171463169350463573e-03,9.514389508051390720e-03,-3.311286823564074666e-02,-2.359847872758935594e-02
6.365567769701192535e-01,6.396202237598902496e-01,3.063446789770996048e-03,9.190340369312988145e-03,-3.240491387384025757e-02,-2.321457350452726942e-02
6.366624718923482584e-01,6.396202237598902496e-01,2.957751867541991153e-03,8.873255602625973459e-03,-3.170847666870146853e-02,-2.283522106607549507e-02
6.367658832924706358e-01,6.396202237598902496e-01,2.854340467419613780e-03,8.563021402258841341e-03,-3.102342003671321180e-02,-2.246039863445437046e-02
6.368670486527295838e-01,6.396202237598902496e-01,2.753175107160665824e-03,8.259525321481997473e-03,-3.034960807768438684e-02,-2.209008275620238937e-02
6.369660050047128985e-01,6.396202237598902496e-01,2.654218755177351063e-03,7.962656265532053190e-03,-2.968690559499442827e-02,-2.172424932946237508e-02
6.370627889317632686e-01,6.396202237598902496e-01,2.557434828126980975e-03,7.672304484380942924e-03,-2.903517811511102664e-02,-2.136287363073008372e-02
6.371574365714505195e-01,6.396202237598902496e-01,2.462787188439730102e-03,7.388361565319190305e-03,-2.839429190617526189e-02,-2.100593034085607158e-02
6.372499836181036992e-01,6.396202237598902496e-01,2.370240141786550403e-03,7.110720425359651209e-03,-2.776411399595390961e-02,-2.065339357059425840e-02
6.373404653253997854e-01,6.396202237598902496e-01,2.279758434490464225e-03,6.839275303471392675e-03,-2.714451218882585337e-02,-2.030523688535446070e-02
6.374289165090073483e-01,6.396202237598902496e-01,2.191307250882901236e-03,6.573921752648703709e-03,-2.653535508226889661e-02,-1.996143332962019290e-02
6.375153715492819506e-01,6.396202237598902496e-01,2.104852210608298968e-03,6.314556631824896904e-03,-2.593651208238068051e-02,-1.962195545055578361e-02
6.375998643940115063e-01,6.396202237598902496e-01,2.020359365878743318e-03,6.061078097636229955e-03,-2.534785341886669485e-02,-1.928677532123046490e-02
6.376824285612089360e-01,6.396202237598902496e-01,1.937795198681313558e-03,5.813385596043940673e-03,-2.476925015922892825e-02,-1.895586456318498758e-02
6.377630971419501194e-01,6.396202237598902496e-01,1.857126617940130231e-03,5.571379853820390693e-03,-2.420057422235499800e-02,-1.862919436853460731e-02
6.378419028032543681e-01,6.396202237598902496e-01,1.778320956635881522e-03,5.334962869907644567e-03,-2.364169839127461259e-02,-1.830673552136696802e-02
6.379188777910065333e-01,6.396202237598902496e-01,1.701345968883716253e-03,5.104037906651148759e-03,-2.309249632564958077e-02,-1.798845841899843201e-02
6.379940539329167493e-01,6.396202237598902496e-01,1.626169826973500321e-03,4.878509480920500962e-03,-2.255284257306477969e-02,-1.767433309214427872e-02
6.380674626415178130e-01,6.396202237598902496e-01,1.552761118372436577e-03,4.658283355117309732e-03,-2.202261258031912305e-02,-1.736432922520181332e-02
6.381391349171963157e-01,6.396202237598902496e-01,1.481088842693933927e-03,4.443266528081801781e-03,-2.150168270355079514e-02,-1.705841617546899336e-02
6.382091013512573019e-01,6.396202237598902496e-01,1.411122408632947689e-03,4.233367225898843067e-03,-2.098993021829587136e-02,-1.675656299239702829e-02
6.382773921290190167e-01,6.396202237598902496e-01,1.342831630871232917e-03,4.028494892613698752e-03,-2.048723332851443146e-02,-1.645873843590073271e-02
6.383440370329371838e-01,6.396202237598902496e-01,1.276186726953065786e-03,3.828560180859197359e-03,-1.999347117545013930e-02,-1.616491099459094194e-02
6.384090654457558189e-01,6.396202237598902496e-01,1.211158314134430647e-03,3.633474942403291941e-03,-1.950852384559054187e-02,-1.587504890318724993e-02
6.384725063536841327e-01,6.396202237598902496e-01,1.147717406206116841e-03,3.443152218618350524e-03,-1.903227237849414166e-02,-1.558912015987579114e-02
6.385343883495965267e-01,6.396202237598902496e-01,1.085835410293722880e-03,3.257506230881168641e-03,-1.856459877371818834e-02,-1.530709254283701970e-02
6.385947396362545714e-01,6.396202237598902496e-01,1.025484123635678202e-03,3.076452370907034606e-03,-1.810538599741340349e-02,-1.502893362650636888e-02
6.386535880295499679e-01,6.396202237598902496e-01,9.666357303402817180e-04,2.899907191020845154e-03,-1.765451798861894517e-02,-1.475461079759810001e-02
6.387109609617656059e-01,6.396202237598902496e-01,9.092627981246437230e-04,2.727788394373931169e-03,-1.721187966469139852e-02,-1.448409127031746735e-02
6.387668854848542743e-01,6.396202237598902496e-01,8.533382750359752578e-04,2.560014825107925773e-03,-1.677735692660053957e-02,-1.421734210149261379e-02
6.388213882737328042e-01,6.396202237598902496e-01,7.988354861574453736e-04,2.396506458472336121e-03,-1.635083666355896526e-02,-1.395433020508662914e-02
6.388744956295907551e-01,6.396202237598902496e-01,7.457281302994944738e-04,2.237184390898483421e-03,-1.593220675738526992e-02,-1.369502236648678650e-02
6.389262334832120915e-01,6.396202237598902496e-01,6.939902766781580468e-04,2.081970830034474140e-03,-1.552135608640092812e-02,-1.343938525636645398e-02
6.389766273983077394e-01,6.396202237598902496e-01,6.435963615825102124e-04,1.930789084747530637e-03,-1.511817452869435030e-02,-1.318738544394681966e-02
6.390257025748590225e-01,6.396202237598902496e-01,5.945211850312270840e-04,1.783563555093681252e-03,-1.472255296538493852e-02,-1.293898941029125726e-02
6.390734838524693151e-01,6.396202237598902496e-01,5.467399074209344789e-04,1.640219722262803437e-03,-1.433438328308778154e-02,-1.269416356082497810e-02
6.391199957137234655e-01,6.396202237598902496e-01,5.002280461667840683e-04,1.500684138500352205e-03,-1.395355837624512318e-02,-1.245287423774477098e-02
6.391652622875538814e-01,6.396202237598902496e-01,4.549614723363681890e-04,1.364884417009104567e-03,-1.357997214912476380e-02,-1.221508773211565924e-02
6.392093073526110558e-01,6.396202237598902496e-01,4.109164072791937627e-04,1.232749221837581288e-03,-1.321351951715232786e-02,-1.198077029531474658e-02
6.392521543406387563e-01,6.396202237598902496e-01,3.680694192514932794e-04,1.104208257754479838e-03,-1.285409640831014499e-02,-1.174988815055566516e-02
6.392938263398513232e-01,6.396202237598902496e-01,3.263974200389263558e-04,9.791922601167790674e-04,-1.250159976377007709e-02,-1.152240750365329802e-02
6.393343460983135218e-01,6.396202237598902496e-01,2.858776615767277818e-04,8.576329847301833453e-04,-1.215592753865957221e-02,-1.129829455392938886e-02
6.393737360273203940e-01,6.396202237598902496e-01,2.464877325698555666e-04,7.394631977095666997e-04,-1.181697870206166456e-02,-1.107751550435209786e-02
6.394120182047767775e-01,6.396202237598902496e-01,2.082055551134720517e-04,6.246166653404161551e-04,-1.148465323691505446e-02,-1.086003657157463831e-02
6.394492143785760474e-01,6.396202237598902496e-01,1.710093813142021801e-04,5.130281439426065404e-04,-1.115885213978096147e-02,-1.064582399583835493e-02
6.394853459699757492e-01,6.396202237598902496e-01,1.348777899145003900e-04,4.046333697435011700e-04,-1.083947741991053704e-02,-1.043484405016703587e-02
6.395204340769704565e-01,6.396202237598902496e-01,9.978968291979306571e-05,2.993690487593791971e-04,-1.052643209841219729e-02,-1.022706304965281809e-02
6.395544994776601877e-01,6.396202237598902496e-01,6.572428223006188119e-05,1.971728466901856436e-04,-1.021962020691935535e-02,-1.002244736022916971e-02
6.395875626336138264e-01,6.396202237598902496e-01,3.266112627642314692e-05,9.798337882926944076e-05,-9.918946786091620282e-03,-9.820963407262350842e-03
6.396196436932267693e-01,6.396202237598902496e-01,5.800666634803164357e-07,1.740199990440949307e-06,-9.624317883882849145e-03,-9.622577683892408196e-03
6.396507624950713566e-01,6.396202237598902496e-01,-3.053873518110705731e-05,-9.161620554332117194e-05,-9.335640553376212125e-03,-9.427256758919533297e-03
6.396809385712399765e-01,6.396202237598902496e-01,-6.071481134972689375e-05,-1.821444340491806813e-04,-9.052822850585950931e-03,-9.234967284635131612e-03
6.397101911506801741e-01,6.396202237598902496e-01,-8.996739078992455063e-05,-2.699021723697736519e-04,-8.775773832059297064e-03,-9.045676004429070716e-03
6.397385391625198814e-01,6.396202237598902496e-01,-1.183154026296318051e-04,-3.549462078888954153e-04,-8.504403551912176340e-03,-8.859349759801071755e-03
6.397660012393836526e-01,6.396202237598902496e-01,-1.457774794934030282e-04,-4.373324384802090847e-04,-8.238623059131366944e-03,-8.675955497611576028e-03
6.397925957206976877e-01,6.396202237598902496e-01,-1.723719608074381071e-04,-5.171158824223143213e-04,-7.978344394210523660e-03,-8.495460276632837981e-03
6.398183406559840858e-01,6.396202237598902496e-01,-1.981168960938362034e-04,-5.943506882815086101e-04,-7.723480585919428876e-03,-8.317831274200937486e-03
6.398432538081429977e-01,6.396202237598902496e-01,-2.230300482527480810e-04,-6.690901447582442430e-04,-7.473945647673563286e-03,-8.143035792431807529e-03
6.398673526567226766e-01,6.396202237598902496e-01,-2.471288968324270030e-04,-7.413866904972810090e-04,-7.229654573903676607e-03,-7.971041264400957616e-03
6.398906544011758735e-01,6.396202237598902496e-01,-2.704306412856238850e-04,-8.112919238568716551e-04,-6.990523335959064610e-03,-7.801815259815936265e-03
6.399131759641031314e-01,6.396202237598902496e-01,-2.929522042128818171e-04,-8.788566126386454513e-04,-6.756468878177379622e-03,-7.635325490816025074e-03
6.399349339944813142e-01,6.396202237598902496e-01,-3.147102345910646193e-04,-9.441307037731938578e-04,-6.527409113454840650e-03,-7.471539817228034508e-03
6.399559448708778131e-01,6.396202237598902496e-01,-3.357211109875635202e-04,-1.007163332962690561e-03,-6.303262918949670279e-03,-7.310426251912360840e-03
6.399762247046490993e-01,6.396202237598902496e-01,-3.560009447588496911e-04,-1.068002834276549073e-03,-6.083950131385851279e-03,-7.151952965662400352e-03
6.399957893431238443e-01,6.396202237598902496e-01,-3.755655832335946798e-04,-1.126696749700784039e-03,-5.869391542423496588e-03,-6.996088292124280628e-03
6.400146543727693871e-01,6.396202237598902496e-01,-3.944306128791374988e-04,-1.183291838637412496e-03,-5.659508893662845708e-03,-6.842800732300258204e-03
6.400328351223416590e-01,6.396202237598902496e-01,-4.126113624514093914e-04,-1.237834087354228174e-03,-5.454224871681567777e-03,-6.692058959035795951e-03
6.400503466660180107e-01,6.396202237598902496e-01,-4.301229061277611621e-04,-1.290368718383283486e-03,-5.253463102905531201e-03,-6.543831821288814687e-03
6.400672038265122765e-01,6.396202237598902496e-01,-4.469800666220269392e-04,-1.340940199866080818e-03,-5.057148148279733135e-03,-6.398088348145813953e-03
6.400834211781717409e-01,6.396202237598902496e-01,-4.631974182814913021e-04,-1.389592254844473906e-03,-4.865205497839308890e-03,-6.254797752683782797e-03
6.400990130500558983e-01,6.396202237598902496e-01,-4.787892901656487510e-04,-1.436367870496946253e-03,-4.677561565247234654e-03,-6.113929435744180907e-03
6.401139935289964500e-01,6.396202237598902496e-01,-4.937697691062004068e-04,-1.481309307318601221e-03,-4.494143682165496756e-03,-5.975452989484097976e-03
6.401283764626380934e-01,6.396202237598902496e-01,-5.081527027478438541e-04,-1.524458108243531562e-03,-4.314880092493034169e-03,-5.839338200736565732e-03
6.401421754624596616e-01,6.396202237598902496e-01,-5.219517025694120349e-04,-1.565855107708236105e-03,-4.139699946470454250e-03,-5.705555054178690355e-03
6.401554039067758328e-01,6.396202237598902496e-01,-5.351801468855832411e-04,-1.605540440656749723e-03,-3.968533294851361859e-03,-5.574073735508111582e-03
6.401680749437184126e-01,6.396202237598902496e-01,-5.478511838281630020e-04,-1.643553551484489006e-03,-3.801311082773928263e-03,-5.444864634258417269e-03
6.401802014941975205e-01,6.396202237598902496e-01,-5.599777343072709357e-04,-1.679933202921812807e-03,-3.637965143732380113e-03,-5.317898346654192920e-03
6.401917962548420160e-01,6.396202237598902496e-01,-5.715724949517664299e-04,-1.714717484855299290e-03,-3.478428193348648279e-03,-5.193145678203947568e-03
6.402028717009187186e-01,6.396202237598902496e-01,-5.826479410284690630e-04,-1.747943823085407189e-03,-3.322633823010789911e-03,-5.070577646096197100e-03
6.402134400892307564e-01,6.396202237598902496e-01,-5.932163293405068316e-04,-1.779648988021520495e-03,-3.170516493611330588e-03,-4.950165481632851083e-03
6.402235134609947087e-01,6.396202237598902496e-01,-6.032897011044591196e-04,-1.809869103313377359e-03,-3.022011529185686385e-03,-4.831880632499063744e-03
6.402331036446953227e-01,6.396202237598902496e-01,-6.128798848050731607e-04,-1.838639654415219482e-03,-2.877055110184212339e-03,-4.715694764599431821e-03
6.402422222589194689e-01,6.396202237598902496e-01,-6.219984990292193316e-04,-1.865995497087657995e-03,-2.735584267243851286e-03,-4.601579764331509281e-03
6.402508807151672254e-01,6.396202237598902496e-01,-6.306569552769758502e-04,-1.891970865830927551e-03,-2.597536874326955569e-03,-4.489507740157883120e-03
6.402590902206409806e-01,6.396202237598902496e-01,-6.388664607507310578e-04,-1.916599382252193173e-03,-2.462851642126562268e-03,-4.379451024378755442e-03
6.402668617810123308e-01,6.396202237598902496e-01,-6.466380211220812413e-04,-1.939914063366243724e-03,-2.331468111405055055e-03,-4.271382174771298779e-03
6.402742062031661074e-01,6.396202237598902496e-01,-6.539824432758578610e-04,-1.961947329827573583e-03,-2.203326646132985900e-03,-4.165273975960559483e-03
6.402811340979223109e-01,6.396202237598902496e-01,-6.609103380320613397e-04,-1.982731014096184019e-03,-2.078368426861043616e-03,-4.061099440957227635e-03
6.402876558827343967e-01,6.396202237598902496e-01,-6.674321228441471021e-04,-2.002296368532441306e-03,-1.956535443625728732e-03,-3.958831812158170038e-03
6.402937817843653567e-01,6.396202237598902496e-01,-6.735580244751071533e-04,-2.020674073425321460e-03,-1.837770489288015341e-03,-3.858444562713336801e-03
6.402995218415400425e-01,6.396202237598902496e-01,-6.792980816497928842e-04,-2.037894244949378653e-03,-1.722017152405719287e-03,-3.759911397355097940e-03
6.403048859075749499e-01,6.396202237598902496e-01,-6.846621476847003507e-04,-2.053986443054101052e-03,-1.609219810472239942e-03,-3.663206253526340994e-03
6.403098836529844684e-01,6.396202237598902496e-01,-6.896598930942188233e-04,-2.068979679282656470e-03,-1.499323622855541771e-03,-3.568303302138198241e-03
6.403145245680638142e-01,6.396202237598902496e-01,-6.943008081735646542e-04,-2.082902424520693963e-03,-1.392274523803749275e-03,-3.475176948324443238e-03
6.403188179654483170e-01,6.396202237598902496e-01,-6.985942055580673937e-04,-2.095782616674202181e-03,-1.288019215350821867e-03,-3.383801832025024048e-03
6.403227729826496128e-01,6.396202237598902496e-01,-7.025492227593632677e-04,-2.107647668278089803e-03,-1.186505160388762192e-03,-3.294152828666851995e-03
6.403263985845680795e-01,6.396202237598902496e-01,-7.061748246778298821e-04,-2.118524474033489646e-03,-1.087680575539984318e-03,-3.206205049573473964e-03
6.403297035659815117e-01,6.396202237598902496e-01,-7.094798060912621551e-04,-2.128439418273786465e-03,-9.914944240296819089e-04,-3.119933842303468374e-03
6.403326965540108162e-01,6.396202237598902496e-01,-7.124727941205666326e-04,-2.137418382361699898e-03,-8.978964087913432479e-04,-3.035314791153043146e-03
6.403353860105609474e-01,6.396202237598902496e-01,-7.151622506706978299e-04,-2.145486752012093490e-03,-8.068369650393591996e-04,-2.952323717051452689e-03
6.403377802347394177e-01,6.396202237598902496e-01,-7.175564748491680689e-04,-2.152669424547504207e-03,-7.182672535410716819e-04,-2.870936678088575889e-03
6.403398873652500489e-01,6.396202237598902496e-01,-7.196636053597993410e-04,-2.158990816079398023e-03,-6.321391531893816307e-04,-2.791129969268779654e-03
6.403417153827637431e-01,6.396202237598902496e-01,-7.214916228734935544e-04,-2.164474868620480663e-03,-5.484052541082640175e-04,-2.712880122728744681e-03
6.403432721122651605e-01,6.396202237598902496e-01,-7.230483523749109409e-04,-2.169145057124732823e-03,-4.670188504252159589e-04,-2.636163907549948782e-03
6.403445652253758613e-01,6.396202237598902496e-01,-7.243414654856117352e-04,-2.173024396456835206e-03,-3.879339332102382798e-04,-2.560958329667073485e-03
6.403456022426535776e-01,6.396202237598902496e-01,-7.253784827633280585e-04,-2.176135448289984176e-03,-3.111051833148970047e-04,-2.487240631604881180e-03
6.403463905358681707e-01,6.396202237598902496e-01,-7.261667759779211195e-04,-2.178500327933763359e-03,-2.364879643779183027e-04,-2.414988292311681661e-03
6.403469373302534962e-01,6.396202237598902496e-01,-7.267135703632465749e-04,-2.180140711089739725e-03,-1.640383155976365970e-04,-2.344179026687376322e-03
6.403472497067361768e-01,6.396202237598902496e-01,-7.270259468459272512e-04,-2.181077840537781753e-03,-9.371294480420289119e-05,-2.274790785341984645e-03
6.403473346041402836e-01,6.396202237598902496e-01,-7.271108442500340274e-04,-2.181332532750102082e-03,-2.546922123203287924e-05,-2.206801753982134962e-03
6.403471988213690347e-01,6.396202237598902496e-01,-7.269750614787851006e-04,-2.180925184436355302e-03,4.073483137467803772e-05,-2.140190353061677264e-03
6.403468490195624030e-01,6.396202237598902496e-01,-7.266252596721534118e-04,-2.179875779016460235e-03,1.049405419895066416e-04,-2.074935237026953594e-03
6.403462917242320751e-01,6.396202237598902496e-01,-7.260679643418255225e-04,-2.178203893025476567e-03,1.671885990983668080e-04,-2.011015293927109759e-03
6.403455333273724293e-01,6.396202237598902496e-01,-7.253095674821796734e-04,-2.175928702446539020e-03,2.275190578937547059e-04,-1.948409644552784314e-03
6.403445800895483098e-01,6.396202237598902496e-01,-7.243563296580601829e-04,-2.173068988974180549e-03,2.859713472358471620e-04,-1.887097641738333387e-03
6.403434381419600419e-01,6.396202237598902496e-01,-7.232143820697922720e-04,-2.169643146209376816e-03,3.425842764803732621e-04,-1.827058869729003554e-03
6.403421134884847987e-01,6.396202237598902496e-01,-7.218897285945491404e-04,-2.165669185783647421e-03,3.973960425729394785e-04,-1.768273143210707943e-03
6.403406120076952091e-01,6.396202237598902496e-01,-7.203882478049594695e-04,-2.161164743414878409e-03,4.504442368769012717e-04,-1.710720506537977137e-03
6.403389394548549829e-01,6.396202237598902496e-01,-7.187156949647333093e-04,-2.156147084894199928e-03,5.017658520678480727e-04,-1.654381232826351855e-03
6.403371014638914449e-01,6.396202237598902496e-01,-7.168777040011953261e-04,-2.150633112003585978e-03,5.513972890613949573e-04,-1.599235822942191021e-03
6.403351035493456411e-01,6.396202237598902496e-01,-7.148797894553915455e-04,-2.144639368366174637e-03,5.993743637411341751e-04,-1.545265004625040461e-03
6.403329511082993530e-01,6.396202237598902496e-01,-7.127273484091034561e-04,-2.138182045227310368e-03,6.457323138864268230e-04,-1.492449731340883545e-03
6.403306494222799072e-01,6.396202237598902496e-01,-7.104256623896576528e-04,-2.131276987168972958e-03,6.905058058337409932e-04,-1.440771181335231965e-03
6.403282036591423365e-01,6.396202237598902496e-01,-7.079798992520869305e-04,-2.123939697756260792e-03,7.337289412712166836e-04,-1.390210756485044108e-03
6.403256188749291145e-01,6.396202237598902496e-01,-7.053951150388648728e-04,-2.116185345116594618e-03,7.754352639666173275e-04,-1.340750081149977291e-03
6.403229000157077966e-01,6.396202237598902496e-01,-7.026762558175470019e-04,-2.108028767452641006e-03,8.156577663953612500e-04,-1.292371001057279756e-03
6.403200519193863460e-01,6.396202237598902496e-01,-6.998281594960964469e-04,-2.099484478488289341e-03,8.544288964351665072e-04,-1.245055582053122833e-03
6.403170793175066988e-01,6.396202237598902496e-01,-6.968555576164492393e-04,-2.090566672849347718e-03,8.917805638941622703e-04,-1.198786108955185448e-03
6.403139868370161247e-01,6.396202237598902496e-01,-6.937630771258751494e-04,-2.081289231377625448e-03,9.277441471722269739e-04,-1.153545084205398474e-03
6.403107790020171608e-01,6.396202237598902496e-01,-6.905552421269112173e-04,-2.071665726380733652e-03,9.623504996891796281e-04,-1.109315226691554024e-03
6.403074602354955625e-01,6.396202237598902496e-01,-6.872364756053128687e-04,-2.061709426815938606e-03,9.956299564795045853e-04,-1.066079470336434021e-03
6.403040348610269383e-01,6.396202237598902496e-01,-6.838111011366887482e-04,-2.051433303410066245e-03,1.027612340587236162e-03,-1.023820962822830083e-03
6.403005071044619578e-01,6.396202237598902496e-01,-6.802833445717082483e-04,-2.040850033715124745e-03,1.058326969494149949e-03,-9.825230642209747955e-04
6.402968810955905754e-01,6.396202237598902496e-01,-6.766573357003258238e-04,-2.029972007100977471e-03,1.087802661414727368e-03,-9.421693456862501037e-04
6.402931608697846055e-01,6.396202237598902496e-01,-6.729371098943559559e-04,-2.018811329683067868e-03,1.116067741790960355e-03,-9.027435878921075130e-04
6.402893503696198696e-01,6.396202237598902496e-01,-6.691266097296200144e-04,-2.007379829188860043e-03,1.143150049420782466e-03,-8.642297797680775773e-04
6.402854534464771374e-01,6.396202237598902496e-01,-6.652296865868878584e-04,-1.995689059760663575e-03,1.169076942819646803e-03,-8.266121169410167724e-04
6.402814738621227519e-01,6.396202237598902496e-01,-6.612501022325023570e-04,-1.983750306697507071e-03,1.193875306315650420e-03,-7.898750003818566512e-04
6.402774152902682703e-01,6.396202237598902496e-01,-6.571915303780206941e-04,-1.971574591134062082e-03,1.217571556344498873e-03,-7.540030347895632090e-04
6.402732813181103433e-01,6.396202237598902496e-01,-6.530575582200937035e-04,-1.959172674660281110e-03,1.240191647378097173e-03,-7.189810272821839376e-04
6.402690754478497226e-01,6.396202237598902496e-01,-6.488516879594730113e-04,-1.946555063878419034e-03,1.261761078186207641e-03,-6.847939856922113933e-04
6.402648010981905058e-01,9.296422099548148354e-01,2.893774088566243297e-01,8.681322265698729890e-01,0.000000000000000000e+00,8.681322265698729890e-01
6.403473399711883118e-01,9.296422099548148354e-01,2.892948699836265236e-01,8.678846099508795708e-01,-2.476166189934181361e-02,8.431229480515377572e-01
6.405141911389912179e-01,9.296422099548148354e-01,2.891280188158236175e-01,8.673840564474708525e-01,-5.005535034087182922e-02,8.173287061065990233e-01
6.407627751774047642e-01,9.296422099548148354e-01,2.888794347774100713e-01,8.666383043322302138e-01,-7.457521152406387799e-02,7.920630928081663358e-01
6.410905655250991320e-01,9.296422099548148354e-01,2.885516444297157035e-01,8.656549332891471105e-01,-9.833710430831033023e-02,7.673178289808367802e-01
6.414950876556916315e-01,9.296422099548148354e-01,2.881471222991232040e-01,8.644413668973696119e-01,-1.213566391777498588e-01,7.430847277196197531e-01
6.419739182590560311e-01,9.296422099548148354e-01,2.876682916957588043e-01,8.630048750872764129e-01,-1.436491810093198929e-01,7.193556940779565201e-01
6.425246844318283079e-01,9.296422099548148354e-01,2.871175255229865275e-01,8.613525765689595826e-01,-1.652298518316830389e-01,6.961227247372765436e-01
6.431450628770742917e-01,9.296422099548148354e-01,2.864971470777405438e-01,8.594914412332216314e-01,-1.861135335737951202e-01,6.733779076594265112e-01
6.438327791130862288e-01,9.296422099548148354e-01,2.858094308417286067e-01,8.574282925251858201e-01,-2.063148708035811296e-01,6.511134217216046904e-01
6.445856066912702964e-01,9.296422099548148354e-01,2.850566032635445390e-01,8.551698097906336171e-01,-2.258482734552202942e-01,6.293215363354133229e-01
6.454013664230878744e-01,9.296422099548148354e-01,2.842408435317269610e-01,8.527225305951808831e-01,-2.447279195452733980e-01,6.079946110499074852e-01
6.462779256160104957e-01,9.296422099548148354e-01,2.833642843388043397e-01,8.500928530164130192e-01,-2.629677578767863899e-01,5.871250951396266293e-01
6.472131973184470644e-01,9.296422099548148354e-01,2.824290126363677711e-01,8.472870379091033133e-01,-2.805815107309705958e-01,5.667055271781327175e-01
6.482051395736014854e-01,9.296422099548148354e-01,2.814370703812133501e-01,8.443112111436400502e-01,-2.975826765463263079e-01,5.467285345973137423e-01
6.492517546822156316e-01,9.296422099548148354e-01,2.803904552725992039e-01,8.411713658177976116e-01,-3.139845325842438584e-01,5.271868332335537533e-01
6.503510884741531273e-01,9.296422099548148354e-01,2.792911214806617082e-01,8.378733644419851245e-01,-3.298001375812487090e-01,5.080732268607364155e-01
6.515012295887766536e-01,9.296422099548148354e-01,2.781409803660381819e-01,8.344229410981145456e-01,-3.450423343870578918e-01,4.893806067110566538e-01
6.527003087640712575e-01,9.296422099548148354e-01,2.769419011907435779e-01,8.308257035722307338e-01,-3.597237525883811848e-01,4.711019509838495489e-01
6.539464981344642602e-01,9.296422099548148354e-01,2.756957118203505752e-01,8.270871354610517256e-01,-3.738568111179008113e-01,4.532303243431509143e-01
6.552380105372915819e-01,9.296422099548148354e-01,2.744041994175232535e-01,8.232125982525697605e-01,-3.874537208481965145e-01,4.357588774043732460e-01
6.565730988278594138e-01,9.296422099548148354e-01,2.730691111269554217e-01,8.192073333808662650e-01,-4.005264871703495544e-01,4.186808462105167106e-01
6.579500552030482785e-01,9.296422099548148354e-01,2.716921547517665569e-01,8.150764642552996708e-01,-4.130869125566594136e-01,4.019895516986402573e-01
6.593672105334069666e-01,9.296422099548148354e-01,2.702749994214078688e-01,8.108249982642236064e-01,-4.251465991076064377e-01,3.856783991566171688e-01
6.608229337036812812e-01,9.296422099548148354e-01,2.688192762511335543e-01,8.064578287534006629e-01,-4.367169510822943579e-01,3.697408776711063050e-01
6.623156309617227455e-01,9.296422099548148354e-01,2.673265789930920899e-01,8.019797369792762698e-01,-4.478091774124393076e-01,3.541705595668369622e-01
6.638437452757208757e-01,9.296422099548148354e-01,2.657984646790939598e-01,7.973953940372818794e-01,-4.584342941994390408e-01,3.389610998378428386e-01
6.654057556997028389e-01,9.296422099548148354e-01,2.642364542551119966e-01,7.927093627653359897e-01,-4.686031271945889642e-01,3.241062355707470255e-01
6.670001767472418797e-01,9.296422099548148354e-01,2.626420332075729558e-01,7.879260996227188674e-01,-4.783263142617122377e-01,3.095997853610066297e-01
6.686255577733170030e-01,9.296422099548148354e-01,2.610166521814978324e-01,7.830499565444934973e-01,-4.876143078225370076e-01,2.954356487219564897e-01
6.702804823642642962e-01,9.296422099548148354e-01,2.593617275905505393e-01,7.780851827716516178e-01,-4.964773772841879484e-01,2.816078054874636694e-01
6.719635677357603809e-01,9.296422099548148354e-01,2.576786422190544545e-01,7.730359266571633636e-01,-5.049256114488254177e-01,2.681103152083379459e-01
6.736734641387772671e-01,9.296422099548148354e-01,2.559687458160375684e-01,7.679062374481127051e-01,-5.129689209050658505e-01,2.549373165430468546e-01
6.754088542734484335e-01,9.296422099548148354e-01,2.542333556813664019e-01,7.627000670440992058e-01,-5.206170404013499287e-01,2.420830266427492772e-01
6.771684527107838525e-01,9.296422099548148354e-01,2.524737572440309830e-01,7.574212717320929489e-01,-5.278795312006256957e-01,2.295417405314672532e-01
6.789510053221724517e-01,9.296422099548148354e-01,2.506912046326423837e-01,7.520736138979271512e-01,-5.347657834165797652e-01,2.173078304813473860e-01
6.807552887166091748e-01,9.296422099548148354e-01,2.488869212382056606e-01,7.466607637146169818e-01,-5.412850183310169427e-01,2.053757453836000391e-01
6.825801096855842465e-01,9.296422099548148354e-01,2.470621002692305890e-01,7.411863008076917669e-01,-5.474462906925214867e-01,1.937400101151702803e-01
6.844243046555709142e-01,9.296422099548148354e-01,2.452179052992439212e-01,7.356537158977317636e-01,-5.532584909960003294e-01,1.823952249017314342e-01
6.862867391480477197e-01,9.296422099548148354e-01,2.433554708067671157e-01,7.300664124203013472e-01,-5.587303477430416443e-01,1.713360646772597029e-01
6.881663072469922371e-01,9.296422099548148354e-01,2.414759027078225984e-01,7.244277081234677951e-01,-5.638704296833552121e-01,1.605572784401125830e-01
6.900619310737807766e-01,9.296422099548148354e-01,2.395802788810340589e-01,7.187408366431021767e-01,-5.686871480365618403e-01,1.500536886065403364e-01
6.919725602694299926e-01,9.296422099548148354e-01,2.376696496853848428e-01,7.130089490561545285e-01,-5.731887586947648217e-01,1.398201903613897068e-01
6.938971714841153382e-01,9.296422099548148354e-01,2.357450384706994972e-01,7.072351154120984917e-01,-5.773833644056036718e-01,1.298517510064948199e-01
6.958347678739013054e-01,9.296422099548148354e-01,2.338074420809135301e-01,7.014223262427405903e-01,-5.812789169357901464e-01,1.201434093069504438e-01
6.977843786046179497e-01,9.296422099548148354e-01,2.318578313501968857e-01,6.955734940505906572e-01,-5.848832192149933107e-01,1.106902748355973465e-01
6.997450583628181953e-01,9.296422099548148354e-01,2.298971515919966402e-01,6.896914547759899206e-01,-5.882039274600736611e-01,1.014875273159162594e-01
7.017158868737500832e-01,9.296422099548148354e-01,2.279263230810647523e-01,6.837789692431942568e-01,-5.912485532795663801e-01,9.253041596362787669e-02
7.036959684262782400e-01,9.296422099548148354e-01,2.259462415285365955e-01,6.778387245856097865e-01,-5.940244657584470289e-01,8.381425882716275755e-02
7.056844314046891720e-01,9.296422099548148354e-01,2.239577785501256635e-01,6.718733356503769905e-01,-5.965388935232796008e-01,7.533444212709738963e-02
7.076804278273127746e-01,9.296422099548148354e-01,2.219617821275020608e-01,6.658853463825061825e-01,-5.987989267870807986e-01,6.708641959542538391e-02
7.096831328918958848e-01,9.296422099548148354e-01,2.199590770629189507e-01,6.598772311887568520e-01,-6.008115193749330452e-01,5.906571181382380686e-02
7.116917445276604859e-01,9.296422099548148354e-01,2.179504654271543496e-01,6.538513962814630487e-01,-6.025834907293803333e-01,5.126790555208271538e-02
7.137054829539802858e-01,9.296422099548148354e-01,2.159367270008345496e-01,6.478101810025036489e-01,-6.041215278959399804e-01,4.368865310656366852e-02
7.157235902456107191e-01,9.296422099548148354e-01,2.139186197092041164e-01,6.417558591276123492e-01,-6.054321874891299693e-01,3.632367163848237990e-02
7.177453299044049828e-01,9.296422099548148354e-01,2.118968800504098526e-01,6.356906401512295579e-01,-6.065218976382791283e-01,2.916874251295042964e-02
7.197699864374504930e-01,9.296422099548148354e-01,2.098722235173643424e-01,6.296166705520930273e-01,-6.073969599136530562e-01,2.221971063843997118e-02
7.217968649415599236e-01,9.296422099548148354e-01,2.078453450132549118e-01,6.235360350397647355e-01,-6.080635512328291803e-01,1.547248380693555525e-02
7.238252906940499942e-01,9.296422099548148354e-01,2.058169192607648412e-01,6.174507577822945237e-01,-6.085277257470211865e-01,8.923032035273337215e-03
7.258546087497436128e-01,9.296422099548148354e-01,2.037876012050712227e-01,6.113628036152136680e-01,-6.087954167080855683e-01,2.567386907128099693e-03
7.278841835441279828e-01,9.296422099548148354e-01,2.017580264106868526e-01,6.052740792320605578e-01,-6.088724383153110153e-01,-3.598359083250457502e-03
7.299133985026039495e-01,9.296422099548148354e-01,1.997288114522108859e-01,5.991864343566326578e-01,-6.087644875427900004e-01,-9.578053186157342580e-03
7.319416556557613029e-01,9.296422099548148354e-01,1.977005542990535325e-01,5.931016628971605975e-01,-6.084771459472060329e-01,-1.537548305004543536e-02
7.339683752606136480e-01,9.296422099548148354e-01,1.956738346942011875e-01,5.870215040826035624e-01,-6.080158814557035107e-01,-2.099437737309994834e-02
7.359929954277287800e-01,9.296422099548148354e-01,1.936492145270860554e-01,5.809476435812581663e-01,-6.073860501345396123e-01,-2.643840655328144607e-02
7.380149717541885090e-01,9.296422099548148354e-01,1.916272382006263264e-01,5.748817146018789792e-01,-6.065928979379187069e-01,-3.171118333603972772e-02
7.400337769623146489e-01,9.296422099548148354e-01,1.896084329925001866e-01,5.688252989775005597e-01,-6.056415624378419515e-01,-3.681626346034139186e-02
7.420489005440947805e-01,9.296422099548148354e-01,1.875933094107200549e-01,5.627799282321601648e-01,-6.045370745340394869e-01,-4.175714630187932208e-02
7.440598484112447286e-01,9.296422099548148354e-01,1.855823615435701068e-01,5.567470846307103205e-01,-6.032843601449844328e-01,-4.653727551427411235e-02
7.460661425508432476e-01,9.296422099548148354e-01,1.835760674039715878e-01,5.507282022119147635e-01,-6.018882418795556966e-01,-5.116003966764093303e-02
7.480673206864749680e-01,9.296422099548148354e-01,1.815748892683398674e-01,5.447246678050196023e-01,-6.003534406895161268e-01,-5.562877288449652458e-02
7.500629359448182099e-01,9.296422099548148354e-01,1.795792740099966256e-01,5.387378220299898768e-01,-5.986845775029725480e-01,-5.994675547298267126e-02
7.520525565276141577e-01,9.296422099548148354e-01,1.775896534272006777e-01,5.327689602816020331e-01,-5.968861748387843669e-01,-6.411721455718233376e-02
7.540357653889544487e-01,9.296422099548148354e-01,1.756064445658603868e-01,5.268193336975811603e-01,-5.949626584020872855e-01,-6.814332470450612522e-02
7.560121599178242224e-01,9.296422099548148354e-01,1.736300500369906130e-01,5.208901501109718390e-01,-5.929183586609321210e-01,-7.202820854996028199e-02
7.579813516258390171e-01,9.296422099548148354e-01,1.716608583289758183e-01,5.149825749869274549e-01,-5.907575124044384118e-01,-7.577493741751095691e-02
7.599429658401121168e-01,9.296422099548148354e-01,1.696992441147027186e-01,5.090977323441081559e-01,-5.884842642819299030e-01,-7.938653193782174711e-02
7.618966414011913990e-01,9.296422099548148354e-01,1.677455685536234364e-01,5.032367056608703093e-01,-5.861026683237846591e-01,-8.286596266291434976e-02
7.638420303660043986e-01,9.296422099548148354e-01,1.658001795888104368e-01,4.974005387664313105e-01,-5.836166894438998831e-01,-8.621615067746857264e-02
7.657787977157496373e-01,9.296422099548148354e-01,1.638634122390651982e-01,4.915902367171955945e-01,-5.810302049235716026e-01,-8.943996820637600820e-02
7.677066210686742664e-01,9.296422099548148354e-01,1.619355888861405690e-01,4.858067666584217070e-01,-5.783470058773887423e-01,-9.254023921896703531e-02
7.696251903976769615e-01,9.296422099548148354e-01,1.600170195571378740e-01,4.800510586714136219e-01,-5.755707987008085169e-01,-9.551974002939489505e-02
7.715342077526767817e-01,9.296422099548148354e-01,1.581080022021380538e-01,4.743240066064141613e-01,-5.727052064999460512e-01,-9.838119989353188988e-02
7.734333869876871548e-01,9.296422099548148354e-01,1.562088229671276807e-01,4.686264689013830420e-01,-5.697537705031119337e-01,-1.011273016017288917e-01
7.753224534925373668e-01,9.296422099548148354e-01,1.543197564622774687e-01,4.629592693868324060e-01,-5.667199514550635975e-01,-1.037606820682311914e-01
7.772011439291808266e-01,9.296422099548148354e-01,1.524410660256340089e-01,4.573231980769020266e-01,-5.636071309930379414e-01,-1.062839329161359148e-01
7.790692059725325969e-01,9.296422099548148354e-01,1.505730039822822386e-01,4.517190119468467158e-01,-5.604186130055310855e-01,-1.086996010586843697e-01
7.809263980557785700e-01,9.296422099548148354e-01,1.487158118990362654e-01,4.461474356971087962e-01,-5.571576249737919539e-01,-1.110101892766831577e-01
7.827724891200968926e-01,9.296422099548148354e-01,1.468697208347179428e-01,4.406091625041538284e-01,-5.538273192954967783e-01,-1.132181567913429499e-01
7.846072583687360158e-01,9.296422099548148354e-01,1.450349515860788197e-01,4.351048547582364590e-01,-5.504307745917369488e-01,-1.153259198335004898e-01
7.864304950253917514e-01,9.296422099548148354e-01,1.432117149294230840e-01,4.296351447882692520e-01,-5.469709969967206931e-01,-1.173358522084514410e-01
7.882419980968267126e-01,9.296422099548148354e-01,1.414002118579881229e-01,4.242006355739643686e-01,-5.434509214304883429e-01,-1.192502858565239743e-01
7.900415761396759606e-01,9.296422099548148354e-01,1.396006338151388748e-01,4.188019014454166244e-01,-5.398734128547744149e-01,-1.210715114093577904e-01
7.918290470313843477e-01,9.296422099548148354e-01,1.378131629234304878e-01,4.134394887702914634e-01,-5.362412675125161066e-01,-1.228017787422246432e-01
7.936042377452184882e-01,9.296422099548148354e-01,1.360379722095963473e-01,4.081139166287890419e-01,-5.325572141502421530e-01,-1.244432975214531112e-01
7.953669841293005138e-01,9.296422099548148354e-01,1.342752258255143216e-01,4.028256774765429649e-01,-5.288239152246076991e-01,-1.259982377480647342e-01
7.971171306896076558e-01,9.296422099548148354e-01,1.325250792652071796e-01,3.975752377956215389e-01,-5.250439680921425989e-01,-1.274687302965210600e-01
7.988545303768851413e-01,9.296422099548148354e-01,1.307876795779296941e-01,3.923630387337890824e-01,-5.212199061832456515e-01,-1.288568674494565691e-01
8.005790443774176701e-01,9.296422099548148354e-01,1.290631655773971653e-01,3.871894967321914960e-01,-5.173542001597586371e-01,-1.301647034275671411e-01
8.022905419076075129e-01,9.296422099548148354e-01,1.273516680472073226e-01,3.820550041416219678e-01,-5.134492590569528225e-01,-1.313942549153308548e-01
8.039889000123058294e-01,9.296422099548148354e-01,1.256533099425090061e-01,3.769599298275270183e-01,-5.095074314094949486e-01,-1.325475015819679303e-01
8.056740033668459144e-01,9.296422099548148354e-01,1.239682065879689210e-01,3.719046197639067630e-01,-5.055310063620255256e-01,-1.336263865981187626e-01
8.073457440827261911e-01,9.296422099548148354e-01,1.222964658720886444e-01,3.668893976162659332e-01,-5.015222147640829853e-01,-1.346328171478170521e-01
8.090040215168916582e-01,9.296422099548148354e-01,1.206381884379231773e-01,3.619145653137695318e-01,-4.974832302496401404e-01,-1.355686649358706086e-01
8.106487420845636116e-01,9.296422099548148354e-01,1.189934678702512239e-01,3.569804036107536716e-01,-4.934161703015860212e-01,-1.364357666908323496e-01
8.122798190755664560e-01,9.296422099548148354e-01,1.173623908792483794e-01,3.520871726377451383e-01,-4.893230973008533269e-01,-1.372359246631081886e-01
8.138971724741029812e-01,9.296422099548148354e-01,1.157450374807118543e-01,3.472351124421355628e-01,-4.852060195609575466e-01,-1.379709071188219838e-01
8.155007287819275863e-01,9.296422099548148354e-01,1.141414811728872492e-01,3.424244435186617475e-01,-4.810668923473815362e-01,-1.386424488287197887e-01
8.170904208448693806e-01,9.296422099548148354e-01,1.125517891099454548e-01,3.376553673298363645e-01,-4.769076188825382978e-01,-1.392522515527019333e-01
8.186661876826558659e-01,9.296422099548148354e-01,1.109760222721589695e-01,3.329280668164769086e-01,-4.727300513359455891e-01,-1.398019845194686805e-01
8.202279743219904606e-01,9.296422099548148354e-01,1.094142356328243748e-01,3.282427068984731244e-01,-4.685359918003784152e-01,-1.402932849019052908e-01
8.217757316328347938e-01,9.296422099548148354e-01,1.078664783219800416e-01,3.235994349659401248e-01,-4.643271932532999635e-01,-1.407277582873598387e-01
8.233094161678504719e-01,9.296422099548148354e-01,1.063327937869643636e-01,3.189983813608930907e-01,-4.601053605047034090e-01,-1.411069791438103183e-01
8.248289900049516898e-01,9.296422099548148354e-01,1.048132199498631456e-01,3.144396598495894368e-01,-4.558721511303653884e-01,-1.414324912807759516e-01
8.263344205929248343e-01,9.296422099548148354e-01,1.033077893618900012e-01,3.099233680856700035e-01,-4.516291763919433322e-01,-1.417058083062733287e-01
8.278256806000673373e-01,9.296422099548148354e-01,1.018165293547474981e-01,3.054495880642424943e-01,-4.473780021427509190e-01,-1.419284140785084247e-01
8.293027477658020397e-01,9.296422099548148354e-01,1.003394621890127958e-01,3.010183865670383874e-01,-4.431201497204106943e-01,-1.421017631533723069e-01
8.307656047552214318e-01,9.296422099548148354e-01,9.887660519959340366e-02,2.966298155987802110e-01,-4.388570968258176386e-01,-1.422272812270374276e-01
8.322142390165180315e-01,9.296422099548148354e-01,9.742797093829680399e-02,2.922839128148904120e-01,-4.345902783889799004e-01,-1.423063655740894884e-01
8.336486426412572648e-01,9.296422099548148354e-01,9.599356731355757066e-02,2.879807019406727120e-01,-4.303210874217699988e-01,-1.423403854810972868e-01
8.350688122274484426e-01,9.296422099548148354e-01,9.457339772736639283e-02,2.837201931820991785e-01,-4.260508758573533505e-01,-1.423306826752541721e-01
8.364747487453720876e-01,9.296422099548148354e-01,9.316746120944274789e-02,2.795023836283282437e-01,-4.217809553770934805e-01,-1.422785717487652368e-01
8.378664574061208681e-01,9.296422099548148354e-01,9.177575254869396737e-02,2.753272576460819021e-01,-4.175125982246341572e-01,-1.421853405785522551e-01
8.392439475328117293e-01,9.296422099548148354e-01,9.039826242200310613e-02,2.711947872660093184e-01,-4.132470380072583716e-01,-1.420522507412490532e-01
8.406072324344284752e-01,9.296422099548148354e-01,8.903497752038636026e-02,2.671049325611590808e-01,-4.089854704850237610e-01,-1.418805379238646802e-01
8.419563292822528355e-01,9.296422099548148354e-01,8.768588067256199992e-02,2.630576420176859997e-01,-4.047290543473081037e-01,-1.416714123296221040e-01
8.432912589888442723e-01,9.296422099548148354e-01,8.635095096597056319e-02,2.590528528979116896e-01,-4.004789119774310180e-01,-1.414260590795193284e-01
8.446120460895276683e-01,9.296422099548148354e-01,8.503016386528716719e-02,2.550904915958615016e-01,-3.962361302050187994e-01,-1.411456386091572979e-01
8.459187186263501523e-01,9.296422099548148354e-01,8.372349132846468311e-02,2.511704739853940493e-01,-3.920017610467452229e-01,-1.408312870613511736e-01
8.472113080344665370e-01,9.296422099548148354e-01,8.243090192034829844e-02,2.472927057610448953e-01,-3.877768224349154025e-01,-1.404841166738705072e-01
8.484898490309155106e-01,9.296422099548148354e-01,8.115236092389932487e-02,2.434570827716979746e-01,-3.835622989346920697e-01,-1.401052161629940951e-01
8.497543795057481697e-01,9.296422099548148354e-01,7.988783044906666575e-02,2.396634913471999973e-01,-3.793591424497977371e-01,-1.396956511025977399e-01
8.510049404154705899e-01,9.296422099548148354e-01,7.863726953934424557e-02,2.359118086180327367e-01,-3.751682729167260533e-01,-1.392564642986933166e-01
8.522415756787631302e-01,9.296422099548148354e-01,7.740063427605170521e-02,2.322019028281551156e-01,-3.709905789877621096e-01,-1.387886761596069940e-01
8.534643320744397244e-01,9.296422099548148354e-01,7.617787788037511110e-02,2.285336336411253333e-01,-3.668269187029782330e-01,-1.382932850618528997e-01
8.546732591416101865e-01,9.296422099548148354e-01,7.496895081320464893e-02,2.249068524396139468e-01,-3.626781201511386499e-01,-1.377712677115247031e-01
8.558684090820094514e-01,9.296422099548148354e-01,7.377380087280538401e-02,2.213214026184161520e-01,-3.585449821197794762e-01,-1.372235795013633242e-01
8.570498366644585531e-01,9.296422099548148354e-01,7.259237329035628239e-02,2.177771198710688472e-01,-3.544282747347304863e-01,-1.366511548636616391e-01
8.582175991314213714e-01,9.296422099548148354e-01,7.142461082339346401e-02,2.142738324701803920e-01,-3.503287400888455139e-01,-1.360549076186651218e-01
8.593717561076222866e-01,9.296422099548148354e-01,7.027045384719254884e-02,2.108113615415776465e-01,-3.462470928602745524e-01,-1.354357313186969058e-01
8.605123695106913218e-01,9.296422099548148354e-01,6.912984044412351370e-02,2.073895213323705411e-01,-3.421840209207105410e-01,-1.347944995883399999e-01
8.616395034638015815e-01,9.296422099548148354e-01,6.800270649101325393e-02,2.040081194730397618e-01,-3.381401859330779303e-01,-1.341320664600381685e-01
8.627532242102657900e-01,9.296422099548148354e-01,6.688898574454904544e-02,2.006669572336471363e-01,-3.341162239392625466e-01,-1.334492667056154103e-01
8.638536000300593987e-01,9.296422099548148354e-01,6.578860992475543679e-02,1.973658297742663104e-01,-3.301127459380825968e-01,-1.327469161638162864e-01
8.649407011582366245e-01,9.296422099548148354e-01,6.470150879657821097e-02,1.941045263897346329e-01,-3.261303384531677452e-01,-1.320258120634331123e-01
8.660145997052075550e-01,9.296422099548148354e-01,6.362761024960728040e-02,1.908828307488218412e-01,-3.221695640912791703e-01,-1.312867333424573291e-01
8.670753695788442350e-01,9.296422099548148354e-01,6.256684037597060044e-02,1.877005211279118013e-01,-3.182309620910039882e-01,-1.305304409630921869e-01
8.681230864083846477e-01,9.296422099548148354e-01,6.151912354643018777e-02,1.845573706392905633e-01,-3.143150488621238026e-01,-1.297576782228332393e-01
8.691578274701027285e-01,9.296422099548148354e-01,6.048438248471210699e-02,1.814531474541363210e-01,-3.104223185154242337e-01,-1.289691710612879127e-01
8.701796716147146560e-01,9.296422099548148354e-01,5.946253834010017947e-02,1.783876150203005384e-01,-3.065532433835782555e-01,-1.281656283632777171e-01
8.711886991964903348e-01,9.296422099548148354e-01,5.845351075832450061e-02,1.753605322749735018e-01,-3.027082745327036584e-01,-1.273477422577301565e-01
8.721849920040402049e-01,9.296422099548148354e-01,5.745721795077463057e-02,1.723716538523238917e-01,-2.988878422649610123e-01,-1.265161884126371206e-01
8.731686331927488443e-01,9.296422099548148354e-01,5.647357676206599120e-02,1.694207302861979736e-01,-2.950923566125918107e-01,-1.256716263263938371e-01
8.741397072188248352e-01,9.296422099548148354e-01,5.550250273599000028e-02,1.665075082079700008e-01,-2.913222078227972744e-01,-1.248146996148272736e-01
8.750982997749392478e-01,9.296422099548148354e-01,5.454391017987558765e-02,1.636317305396267630e-01,-2.875777668343237892e-01,-1.239460362946970262e-01
8.760444977274242095e-01,9.296422099548148354e-01,5.359771222739062591e-02,1.607931366821718777e-01,-2.838593857454885239e-01,-1.230662490633166462e-01
8.769783890550029160e-01,9.296422099548148354e-01,5.266382089981191950e-02,1.579914626994357585e-01,-2.801673982736119228e-01,-1.221759355741761643e-01
8.779000627890242159e-01,9.296422099548148354e-01,5.174214716579061957e-02,1.552264414973718587e-01,-2.765021202063899786e-01,-1.212756787090181199e-01
8.788096089551745704e-01,9.296422099548148354e-01,5.083260099964026502e-02,1.524978029989207950e-01,-2.728638498451063654e-01,-1.203660468461855704e-01
8.797071185166402962e-01,9.296422099548148354e-01,4.993509143817453921e-02,1.498052743145236176e-01,-2.692528684397177408e-01,-1.194475941251941231e-01
8.805926833186934477e-01,9.296422099548148354e-01,4.904952663612138775e-02,1.471485799083641632e-01,-2.656694406159454402e-01,-1.185208607075812770e-01
8.814663960346759142e-01,9.296422099548148354e-01,4.817581392013892128e-02,1.445274417604167638e-01,-2.621138147947399410e-01,-1.175863730343231772e-01
8.823283501133549755e-01,9.296422099548148354e-01,4.731385984145985990e-02,1.419415795243795797e-01,-2.585862236037184125e-01,-1.166446440793388328e-01
8.831786397276260026e-01,9.296422099548148354e-01,4.646357022718883290e-02,1.393907106815664987e-01,-2.550868842813081017e-01,-1.156961735997416030e-01
8.840173597245370996e-01,9.296422099548148354e-01,4.562485023027773590e-02,1.368745506908332077e-01,-2.516159990733290996e-01,-1.147414483824958920e-01
8.848446055766099327e-01,9.296422099548148354e-01,4.479760437820490271e-02,1.343928131346147081e-01,-2.481737556218499563e-01,-1.137809424872352482e-01
8.856604733344340952e-01,9.296422099548148354e-01,4.398173662038074028e-02,1.319452098611422208e-01,-2.447603273472487295e-01,-1.128151174861065087e-01
8.864650595805095845e-01,9.296422099548148354e-01,4.317715037430525093e-02,1.295314511229157528e-01,-2.413758738226468026e-01,-1.118444226997310498e-01
8.872584613843151891e-01,9.296422099548148354e-01,4.238374857049964639e-02,1.271512457114989392e-01,-2.380205411416813632e-01,-1.108692954301824241e-01
8.880407762585776910e-01,9.296422099548148354e-01,4.160143369623714449e-02,1.248043010887114335e-01,-2.346944622787505708e-01,-1.098901611900391373e-01
8.888121021167212366e-01,9.296422099548148354e-01,4.083010783809359889e-02,1.224903235142807967e-01,-2.313977574430636786e-01,-1.089074339287828819e-01
8.895725372314718937e-01,9.296422099548148354e-01,4.006967272334294172e-02,1.202090181700288252e-01,-2.281305344251971512e-01,-1.079215162551683260e-01
8.903221801945970793e-01,9.296422099548148354e-01,3.932002976021775620e-02,1.179600892806532686e-01,-2.248928889375556572e-01,-1.069327996569023886e-01
8.910611298777565414e-01,9.296422099548148354e-01,3.858108007705829401e-02,1.157432402311748820e-01,-2.216849049478386569e-01,-1.059416647166637748e-01
8.917894853944443589e-01,9.296422099548148354e-01,3.785272456037047650e-02,1.135581736811114295e-01,-2.185066550063452517e-01,-1.049484813252338222e-01
8.925073460629996402e-01,9.296422099548148354e-01,3.713486389181519520e-02,1.114045916754455856e-01,-2.153582005665843901e-01,-1.039536088911388045e-01
8.932148113706658288e-01,9.296422099548148354e-01,3.642739858414900667e-02,1.092821957524470200e-01,-2.122395922998565609e-01,-1.029573965474095409e-01
8.939119809386771864e-01,9.296422099548148354e-01,3.573022901613764901e-02,1.071906870484129470e-01,-2.091508704034072963e-01,-1.019601833549943493e-01
8.945989544883531375e-01,9.296422099548148354e-01,3.504325546646169798e-02,1.051297663993850939e-01,-2.060920649027853102e-01,-1.009622985034002163e-01
8.952758318081787126e-01,9.296422099548148354e-01,3.436637814663612289e-02,1.030991344399083687e-01,-2.030631959476725257e-01,-9.996406150776415700e-02
8.959427127218534403e-01,9.296422099548148354e-01,3.369949723296139510e-02,1.010984916988841853e-01,-2.000642741024183380e-01,-9.896578240353415268e-02
8.965996970572879254e-01,9.296422099548148354e-01,3.304251289752691001e-02,9.912753869258073003e-02,-1.970953006303455268e-01,-9.796776193776479680e-02
8.972468846165285727e-01,9.296422099548148354e-01,3.239532533828626271e-02,9.718597601485878812e-02,-1.941562677721941910e-01,-9.697029175733540285e-02
8.978843751465934719e-01,9.296422099548148354e-01,3.175783480822136351e-02,9.527350442466409053e-02,-1.912471590194697590e-01,-9.597365459480566852e-02
8.985122683111989028e-01,9.296422099548148354e-01,3.112994164361593263e-02,9.338982493084779790e-02,-1.883679493816292627e-01,-9.497812445078146482e-02
8.991306636633592531e-01,9.296422099548148354e-01,3.051154629145558239e-02,9.153463887436674717e-02,-1.855186056481050727e-01,-9.398396677373832553e-02
8.997396606188422519e-01,9.296422099548148354e-01,2.990254933597258358e-02,8.970764800791775073e-02,-1.826990866448996442e-01,-9.299143863698189350e-02
9.003393584304615338e-01,9.296422099548148354e-01,2.930285152435330165e-02,8.790855457305990495e-02,-1.799093434857845786e-01,-9.200078891272467363e-02
9.009298561631895463e-01,9.296422099548148354e-01,2.871235379162528911e-02,8.613706137487586734e-02,-1.771493198184037610e-01,-9.101225844352789363e-02
9.015112526700732598e-01,9.296422099548148354e-01,2.813095728474157564e-02,8.439287185422472692e-02,-1.744189520651140413e-01,-9.002608021088931434e-02
9.020836465689358041e-01,9.296422099548148354e-01,2.755856338587903132e-02,8.267569015763709395e-02,-1.717181696587632977e-01,-8.904247950112620380e-02
9.026471362198482673e-01,9.296422099548148354e-01,2.699507373496656815e-02,8.098522120489970444e-02,-1.690468952737389507e-01,-8.806167406883924631e-02
9.032018197033538920e-01,9.296422099548148354e-01,2.644039025146094346e-02,7.932117075438283038e-02,-1.664050450516874058e-01,-8.708387429730457541e-02
9.037477947994297933e-01,9.296422099548148354e-01,2.589441515538504213e-02,7.768324546615512638e-02,-1.637925288227704002e-01,-8.610928335661527377e-02
9.042851589671699886e-01,9.296422099548148354e-01,2.535705098764484688e-02,7.607115296293454065e-02,-1.612092503220585726e-01,-8.513809735912403198e-02
9.048140093251743066e-01,9.296422099548148354e-01,2.482820062964052887e-02,7.448460188892158662e-02,-1.586551074012954032e-01,-8.417050551237381661e-02
9.053344426326273009e-01,9.296422099548148354e-01,2.430776732218753455e-02,7.292330196656260366e-02,-1.561299922358982961e-01,-8.320669026933569246e-02
9.058465552710533997e-01,9.296422099548148354e-01,2.379565468376143578e-02,7.138696405128430733e-02,-1.536337915278296329e-01,-8.224682747654532555e-02
9.063504432267318611e-01,9.296422099548148354e-01,2.329176672808297432e-02,6.987530018424892297e-02,-1.511663867035384357e-01,-8.129108651928951268e-02
9.068462020737584339e-01,9.296422099548148354e-01,2.279600788105640152e-02,6.838802364316920457e-02,-1.487276541079718406e-01,-8.033963046480263603e-02
9.073339269577385124e-01,9.296422099548148354e-01,2.230828299707632301e-02,6.692484899122896902e-02,-1.463174651940235549e-01,-7.939261620279458587e-02
9.078137125800982421e-01,9.296422099548148354e-01,2.182849737471659335e-02,6.548549212414978005e-02,-1.439356867079188973e-01,-7.845019458376911725e-02
9.082856531829995861e-01,9.296422099548148354e-01,2.135655677181524936e-02,6.406967031544574809e-02,-1.415821808704031959e-01,-7.751251055495744779e-02
9.087498425348454756e-01,9.296422099548148354e-01,2.089236741996935987e-02,6.267710225990807960e-02,-1.392568055537668492e-01,-7.657970329385876962e-02
9.092063739163619429e-01,9.296422099548148354e-01,2.043583603845289254e-02,6.130750811535867761e-02,-1.369594144549401982e-01,-7.565190633958152056e-02
9.096553401072444700e-01,9.296422099548148354e-01,1.998686984757036544e-02,5.996060954271109633e-02,-1.346898572647581283e-01,-7.472924772204703192e-02
9.100968333733547855e-01,9.296422099548148354e-01,1.954537658146004997e-02,5.863612974438014991e-02,-1.324479798330946423e-01,-7.381185008871449238e-02
9.105309454544562309e-01,9.296422099548148354e-01,1.911126450035860458e-02,5.733379350107581374e-02,-1.302336243304336172e-01,-7.289983082935780345e-02
9.109577675524747065e-01,9.296422099548148354e-01,1.868444240234012899e-02,5.605332720702038696e-02,-1.280466294055426779e-01,-7.199330219852229096e-02
9.113773903202734283e-01,9.296422099548148354e-01,1.826481963454140711e-02,5.479445890362422134e-02,-1.258868303396165622e-01,-7.109237143599234088e-02
9.117899038509285070e-01,9.296422099548148354e-01,1.785230610388632844e-02,5.355691831165898531e-02,-1.237540591965236025e-01,-7.019714088486461723e-02
9.121953976674951337e-01,9.296422099548148354e-01,1.744681228731970180e-02,5.234043686195910539e-02,-1.216481449699879924e-01,-6.930770810802888704e-02
9.125939607132509401e-01,9.296422099548148354e-01,1.704824924156389532e-02,5.114474772469168595e-02,-1.195689137267419433e-01,-6.842416600205025734e-02
9.129856813424065409e-01,9.296422099548148354e-01,1.665652861240829452e-02,4.996958583722488356e-02,-1.175161887466802391e-01,-6.754660290945535550e-02
9.133706473112711555e-01,9.296422099548148354e-01,1.627156264354367998e-02,4.881468793063103995e-02,-1.154897906593843615e-01,-6.667510272875332156e-02
9.137489457698628748e-01,9.296422099548148354e-01,1.589326418495196069e-02,4.767979255485588208e-02,-1.134895375775157866e-01,-6.580974502265990456e-02
9.141206632539523591e-01,9.296422099548148354e-01,1.552154670086247634e-02,4.656464010258742903e-02,-1.115152452268453054e-01,-6.495060512425787635e-02
9.144858856775294198e-01,9.296422099548148354e-01,1.515632427728541565e-02,4.546897283185624694e-02,-1.095667270731182086e-01,-6.409775424126196164e-02
9.148446983256823817e-01,9.296422099548148354e-01,1.479751162913245377e-02,4.439253488739736131e-02,-1.076437944458885632e-01,-6.325125955849120185e-02
9.151971858478794575e-01,9.296422099548148354e-01,1.444502410693537797e-02,4.333507232080613392e-02,-1.057462566591227393e-01,-6.241118433831660539e-02
9.155434322516426970e-01,9.296422099548148354e-01,1.409877770317213841e-02,4.229633310951641523e-02,-1.038739211289718689e-01,-6.157758801945545368e-02
9.158835208966039643e-01,9.296422099548148354e-01,1.375868905821087118e-02,4.127606717463261354e-02,-1.020265934883801684e-01,-6.075052631374755485e-02
9.162175344889339490e-01,9.296422099548148354e-01,1.342467546588088645e-02,4.027402639764265935e-02,-1.002040776989954196e-01,-5.993005130135276026e-02
9.165455550761337777e-01,9.296422099548148354e-01,1.309665487868105771e-02,3.928996463604317313e-02,-9.840617615994862177e-02,-5.911621152390544864e-02
9.168676640421812296e-01,9.296422099548148354e-01,1.277454591263360584e-02,3.832363773790081751e-02,-9.663268981423556170e-02,-5.830905207633474419e-02
9.171839421030210104e-01,9.296422099548148354e-01,1.245826785179382501e-02,3.737480355538147503e-02,-9.488341825193424839e-02,-5.750861469655277336e-02
9.174944693023910913e-01,9.296422099548148354e-01,1.214774065242374412e-02,3.644322195727123237e-02,-9.315815981102426591e-02,-5.671493785375303354e-02
9.177993250079758969e-01,9.296422099548148354e-01,1.184288494683893855e-02,3.552865484051681566e-02,-9.145671167544167091e-02,-5.592805683492485525e-02
9.180985879078771283e-01,9.296422099548148354e-01,1.154362204693770710e-02,3.463086614081312131e-02,-8.977886997036943484e-02,-5.514800382955631353e-02
9.183923360073954489e-01,9.296422099548148354e-01,1.124987394741938651e-02,3.374962184225815953e-02,-8.812442985549617802e-02,-5.437480801323801849e-02
9.186806466261124848e-01,9.296422099548148354e-01,1.096156332870235062e-02,3.288468998610705185e-02,-8.649318561511076808e-02,-5.360849562900371623e-02
9.189635963952665909e-01,9.296422099548148354e-01,1.067861355954824454e-02,3.203584067864473361e-02,-8.488493074623182366e-02,-5.284909006758709005e-02
9.192412612554139439e-01,9.296422099548148354e-01,1.040094869940089151e-02,3.120284609820267452e-02,-8.329945804420590960e-02,-5.209661194600323508e-02
9.195137164543666364e-01,9.296422099548148354e-01,1.012849350044819907e-02,3.038548050134459722e-02,-8.173655968580773035e-02,-5.135107918446313313e-02
9.197810365454008874e-01,9.296422099548148354e-01,9.861173409413948043e-03,2.958352022824184413e-02,-8.019602731027530851e-02,-5.061250708203346438e-02
9.200432953857269336e-01,9.296422099548148354e-01,9.598914569087901860e-03,2.879674370726370558e-02,-7.867765209781385494e-02,-4.988090839055014936e-02
9.203005661352139377e-01,9.296422099548148354e-01,9.341643819600897736e-03,2.802493145880269321e-02,-7.718122484610123735e-02,-4.915629338729854414e-02
9.205529212553622553e-01,9.296422099548148354e-01,9.089288699452580111e-03,2.726786609835774033e-02,-7.570653604449528729e-02,-4.843866994613754695e-02
9.208004325085159536e-01,9.296422099548148354e-01,8.841777446298881848e-03,2.652533233889664555e-02,-7.425337594610947889e-02,-4.772804360721283334e-02
9.210431709573089210e-01,9.296422099548148354e-01,8.599038997505914494e-03,2.579711699251774348e-02,-7.282153463789020620e-02,-4.702441764537246272e-02
9.212812069643373514e-01,9.296422099548148354e-01,8.361002990477484076e-03,2.508300897143245223e-02,-7.141080210852912558e-02,-4.632779313709667335e-02
9.215146101920520527e-01,9.296422099548148354e-01,8.127599762762782731e-03,2.438279928828834819e-02,-7.002096831441040337e-02,-4.563816902612205517e-02
9.217434496028641400e-01,9.296422099548148354e-01,7.898760351950695480e-03,2.369628105585208644e-02,-6.865182324362617550e-02,-4.495554218777408906e-02
9.219677934594574520e-01,9.296422099548148354e-01,7.674416495357383461e-03,2.302324948607215038e-02,-6.730315697799360564e-02,-4.427990749192145525e-02
9.221877093253015856e-01,9.296422099548148354e-01,7.454500629513249876e-03,2.236350188853974963e-02,-6.597475975324007536e-02,-4.361125786470032573e-02
9.224032640653592185e-01,9.296422099548148354e-01,7.238945889455616900e-03,2.171683766836685070e-02,-6.466642201728989292e-02,-4.294958434892304222e-02
9.226145238469819487e-01,9.296422099548148354e-01,7.027686107832886719e-03,2.108305832349866016e-02,-6.337793448681905417e-02,-4.229487616332039401e-02
9.228215541409884315e-01,9.296422099548148354e-01,6.820655813826403957e-03,2.046196744147921187e-02,-6.210908820194482871e-02,-4.164712076046561684e-02
9.230244197229188208e-01,9.296422099548148354e-01,6.617790231896014674e-03,1.985337069568804402e-02,-6.085967457911678480e-02,-4.100630388342874078e-02
9.232231846744608506e-01,9.296422099548148354e-01,6.419025280353984897e-03,1.925707584106195469e-02,-5.962948546260893323e-02,-4.037240962154697854e-02
9.234179123850407844e-01,9.296422099548148354e-01,6.224297569774051020e-03,1.867289270932215306e-02,-5.841831317398016310e-02,-3.974542046465801004e-02
9.236086655535742374e-01,9.296422099548148354e-01,6.033544401240598098e-03,1.810063320372179430e-02,-5.722595056003587644e-02,-3.912531735631408214e-02
9.237955061903719844e-01,9.296422099548148354e-01,5.846703764442851003e-03,1.754011129332855301e-02,-5.605219103932412850e-02,-3.851207974599557549e-02
9.239784956191952059e-01,9.296422099548148354e-01,5.663714335619629558e-03,1.699114300685888868e-02,-5.489682864696643350e-02,-3.790568564010754482e-02
9.241576944794543946e-01,9.296422099548148354e-01,5.484515475360440817e-03,1.645354642608132245e-02,-5.375965807775662242e-02,-3.730611165167529997e-02
9.243331627285483743e-01,9.296422099548148354e-01,5.309047226266461195e-03,1.592714167879938358e-02,-5.264047472819388673e-02,-3.671333304939450315e-02
9.245049596443374318e-01,9.296422099548148354e-01,5.137250310477403659e-03,1.541175093143221098e-02,-5.153907473671726081e-02,-3.612732380528504983e-02
9.246731438277460136e-01,9.296422099548148354e-01,4.969066127068821892e-03,1.490719838120646568e-02,-5.045525502257452999e-02,-3.554805664136806431e-02
9.248377732054904321e-01,9.296422099548148354e-01,4.804436749324403344e-03,1.441331024797321003e-02,-4.938881332332556440e-02,-3.497550307535235437e-02
9.249989050329272544e-01,9.296422099548148354e-01,4.643304921887581038e-03,1.392991476566274311e-02,-4.833954823104669174e-02,-3.440963346538394863e-02
9.251565958970175974e-01,9.296422099548148354e-01,4.485614057797238097e-03,1.345684217339171429e-02,-4.730725922710288245e-02,-3.385041705371116816e-02
9.253109017194025565e-01,9.296422099548148354e-01,4.331308235412278940e-03,1.299392470623683682e-02,-4.629174671548774711e-02,-3.329782200925091029e-02
9.254618777595865486e-01,9.296422099548148354e-01,4.180332195228286807e-03,1.254099658568486042e-02,-4.529281205519763986e-02,-3.275181546951277944e-02
9.256095786182236829e-01,9.296422099548148354e-01,4.032631336591152582e-03,1.209789400977345775e-02,-4.431025759114026741e-02,-3.221236358136680966e-02
9.257540582405026086e-01,9.296422099548148354e-01,3.888151714312226837e-03,1.166445514293668051e-02,-4.334388668367772368e-02,-3.167943154074104317e-02
9.258953699196275089e-01,9.296422099548148354e-01,3.746840035187326556e-03,1.124052010556197967e-02,-4.239350373747008405e-02,-3.115298363190810438e-02
9.260335663003892437e-01,9.296422099548148354e-01,3.608643654425591762e-03,1.082593096327677529e-02,-4.145891422852043817e-02,-3.063298326524366288e-02
9.261686993828244230e-01,9.296422099548148354e-01,3.473510571990412465e-03,1.042053171597123740e-02,-4.053992473055378909e-02,-3.011939301458255169e-02
9.263008205259580796e-01,9.296422099548148354e-01,3.341389428856755828e-03,1.002416828657026748e-02,-3.963634294009699133e-02,-2.961217465352672384e-02
9.264299804516263892e-01,9.296422099548148354e-01,3.212229503188446245e-03,9.636688509565338734e-03,-3.874797770049287493e-02,-2.911128919092753620e-02
9.265562292483756623e-01,9.296422099548148354e-01,3.085980706439173105e-03,9.257942119317519314e-03,-3.787463902478194200e-02,-2.861669690546442268e-02
9.266796163754343896e-01,9.296422099548148354e-01,2.962593579380445874e-03,8.887780738141337622e-03,-3.701613811761816919e-02,-2.812835737947683157e-02
9.268001906667551193e-01,9.296422099548148354e-01,2.842019288059716153e-03,8.526057864179148460e-03,-3.617228739621891620e-02,-2.764622953203976774e-02
9.269180003351227271e-01,9.296422099548148354e-01,2.724209619692108397e-03,8.172628859076325192e-03,-3.534290051028232682e-02,-2.717027165120600163e-02
9.270330929763251904e-01,9.296422099548148354e-01,2.609116978489645078e-03,7.827350935468935234e-03,-3.452779236073899582e-02,-2.670044142527006059e-02
9.271455155733850928e-01,9.296422099548148354e-01,2.496694381429742648e-03,7.490083144289227945e-03,-3.372677911797072881e-02,-2.623669597368150086e-02
9.272553145008476383e-01,9.296422099548148354e-01,2.386895453967197156e-03,7.160686361901591468e-03,-3.293967823876364776e-02,-2.577899187686205629e-02
9.273625355291225114e-01,9.296422099548148354e-01,2.279674425692324036e-03,6.839023277076972107e-03,-3.216630848246193608e-02,-2.532728520538496397e-02
9.274672238288768078e-01,9.296422099548148354e-01,2.174986125938027648e-03,6.524958377814082944e-03,-3.140648992628891634e-02,-2.488153154847483339e-02
9.275694239754762593e-01,9.296422099548148354e-01,2.072785979338576112e-03,6.218357938015728337e-03,-3.066004397983546070e-02,-2.444168604181973237e-02
9.276691799534715344e-01,9.296422099548148354e-01,1.973030001343301088e-03,5.919090004029903263e-03,-2.992679339858250742e-02,-2.400770339455260416e-02
9.277665351611273925e-01,9.296422099548148354e-01,1.875674793687442943e-03,5.627024381062328828e-03,-2.920656229675744342e-02,-2.357953791569511459e-02
9.278615324149916965e-01,9.296422099548148354e-01,1.780677539823138922e-03,5.342032619469416765e-03,-2.849917615929120629e-02,-2.315714353982178952e-02
9.279542139545019497e-01,9.296422099548148354e-01,1.687996000312885769e-03,5.063988000938657308e-03,-2.780446185307594575e-02,-2.274047385213728845e-02
9.280446214466270272e-01,9.296422099548148354e-01,1.597588508187808287e-03,4.792765524563424862e-03,-2.712224763752324463e-02,-2.232948211295981977e-02
9.281327959905407710e-01,9.296422099548148354e-01,1.509413964274064490e-03,4.528241892822193471e-03,-2.645236317412313909e-02,-2.192412128130094562e-02
9.282187781223264489e-01,9.296422099548148354e-01,1.423431832488386561e-03,4.270295497465159684e-03,-2.579463953570337864e-02,-2.152434403823821896e-02
9.283026078197083031e-01,9.296422099548148354e-01,1.339602135106532366e-03,4.018806405319597097e-03,-2.514890921455625872e-02,-2.113010280923666162e-02
9.283843245068091887e-01,9.296422099548148354e-01,1.257885448005646722e-03,3.773656344016940167e-03,-2.451500613026569297e-02,-2.074134978624875281e-02
9.284639670589314164e-01,9.296422099548148354e-01,1.178242895883419017e-03,3.534728687650257051e-03,-2.389276563666831166e-02,-2.035803694901805461e-02
9.285415738073587999e-01,9.296422099548148354e-01,1.100636147456035552e-03,3.301908442368106655e-03,-2.328202452821503954e-02,-1.998011608584693288e-02
9.286171825441775773e-01,9.296422099548148354e-01,1.025027410637258107e-03,3.075082231911774322e-03,-2.268262104563323334e-02,-1.960753881372145901e-02
9.286908305271149855e-01,9.296422099548148354e-01,9.513794276998499555e-04,2.854138283099549867e-03,-2.209439488122244555e-02,-1.924025659812289568e-02
9.287625544843925995e-01,9.296422099548148354e-01,8.796554704222359078e-04,2.638966411266707723e-03,-2.151718718328421431e-02,-1.887822077201750659e-02
9.288323906195929958e-01,9.296422099548148354e-01,8.098193352218396868e-04,2.429458005665519060e-03,-2.095084056011886631e-02,-1.852138255445334725e-02
9.289003746165379605e-01,9.296422099548148354e-01,7.418353382768749782e-04,2.225506014830624935e-03,-2.039519908348941257e-02,-1.816969306865878764e-02
9.289665416441760248e-01,9.296422099548148354e-01,6.756683106388106097e-04,2.027004931916431829e-03,-1.985010829141931055e-02,-1.782310335950287872e-02
9.290309263614782154e-01,9.296422099548148354e-01,6.112835933366200791e-04,1.833850780009860237e-03,-1.931541519065715917e-02,-1.748156441064729893e-02
9.290935629223392445e-01,9.296422099548148354e-01,5.486470324755909900e-04,1.645941097426772970e-03,-1.879096825830872675e-02,-1.714502716088195378e-02
9.291544849804842521e-01,9.296422099548148354e-01,4.877249743305833718e-04,1.463174922991750115e-03,-1.827661744350228545e-02,-1.681344252051053534e-02
9.292137256943772128e-01,9.296422099548148354e-01,4.284842604376226660e-04,1.285452781312867998e-03,-1.777221416788821173e-02,-1.648676138657534374e-02
9.292713177321314522e-01,9.296422099548148354e-01,3.708922226833832880e-04,1.112676668050149864e-03,-1.727761132627181340e-02,-1.616493465822166353e-02
9.293272932764199412e-01,9.296422099548148354e-01,3.149166783948942339e-04,9.447500351846827016e-04,-1.679266328654671625e-02,-1.584791325136203355e-02
9.293816840293832593e-01,9.296422099548148354e-01,2.605259254315761552e-04,7.815777762947284657e-04,-1.631722588899542359e-02,-1.553564811270069512e-02
9.294345212175353366e-01,9.296422099548148354e-01,2.076887372794988806e-04,6.230662118384966419e-04,-1.585115644562318238e-02,-1.522809023378468574e-02
9.294858355966639785e-01,9.296422099548148354e-01,1.563743581508569847e-04,4.691230744525709540e-04,-1.539431373859256880e-02,-1.492519066413999784e-02
9.295356574567262831e-01,9.296422099548148354e-01,1.065524980885523831e-04,3.196574942656571494e-04,-1.494655801869138045e-02,-1.462690052442572330e-02
9.295840166267360649e-01,9.296422099548148354e-01,5.819332807877053426e-05,1.745799842363116028e-04,-1.450775100293455466e-02,-1.433317101869824306e-02
9.296309424796439513e-01,9.296422099548148354e-01,1.126747517088411144e-05,3.380242551265233431e-05,-1.407775587236592685e-02,-1.404395344685327451e-02
9.296764639372071537e-01,9.296422099548148354e-01,-3.425398239231824959e-05,-1.027619471769547488e-04,-1.365643726896070831e-02,-1.375919921613766306e-02
9.297206094748488026e-01,9.296422099548148354e-01,-7.839952003396710722e-05,-2.351985601019013217e-04,-1.324366129249465729e-02,-1.347885985259655861e-02
9.297634071265051814e-01,9.296422099548148354e-01,-1.211971716903459395e-04,-3.635915150710378185e-04,-1.283929549691364969e-02,-1.320288701198468750e-02
9.298048844894604148e-01,9.296422099548148354e-01,-1.626745346455793495e-04,-4.880236039367380485e-04,-1.244320888657002300e-02,-1.293123249050676105e-02
9.298450687291665018e-01,9.296422099548148354e-01,-2.028587743516663267e-04,-6.085763230549989800e-04,-1.205527191182609315e-02,-1.266384823488109213e-02
9.298839865840491381e-01,9.296422099548148354e-01,-2.417766292343026535e-04,-7.253298877029079605e-04,-1.167535646479089806e-02,-1.240068635249380602e-02
9.299216643702965523e-01,9.296422099548148354e-01,-2.794544154817169002e-04,-8.383632464451507005e-04,-1.130333587422427399e-02,-1.214169912066942469e-02
9.299581279866319106e-01,9.296422099548148354e-01,-3.159180318170751178e-04,-9.477540954512253535e-04,-1.093908490060746530e-02,-1.188683899605869065e-02
9.299934029190676243e-01,9.296422099548148354e-01,-3.511929642527888973e-04,-1.053578892758366692e-03,-1.058247973071413384e-02,-1.163605862347250053e-02
9.300275142456410071e-01,9.296422099548148354e-01,-3.853042908261716804e-04,-1.155912872478515041e-03,-1.023339797201483492e-02,-1.138931084449334996e-02
9.300604866411299465e-01,9.296422099548148354e-01,-4.182766863151110570e-04,-1.254830058945333171e-03,-9.891718646681812999e-03,-1.114654870562714617e-02
9.300923443817482594e-01,9.296422099548148354e-01,-4.501344269334239812e-04,-1.350403280800271943e-03,-9.557322185493877242e-03,-1.090772546629414919e-02
9.301231113498199532e-01,9.296422099548148354e-01,-4.809013950051177488e-04,-1.442704185015353247e-03,-9.230090421508130305e-03,-1.067279460652348355e-02
9.301528110384310599e-01,9.296422099548148354e-01,-5.106010836162244715e-04,-1.531803250848673414e-03,-8.909906583332016794e-03,-1.044170983418069021e-02
9.301814665560587114e-01,9.296422099548148354e-01,-5.392566012438759770e-04,-1.617769803731627931e-03,-8.596655288295451669e-03,-1.021442509202707960e-02
9.302091006311771215e-01,9.296422099548148354e-01,-5.668906763622860723e-04,-1.700672029086858217e-03,-8.290222535523028569e-03,-9.990894564609886785e-03
9.302357356168391433e-01,9.296422099548148354e-01,-5.935256620243078984e-04,-1.780576986072923695e-03,-7.990495698606547847e-03,-9.771072684679471543e-03
9.302613934952326247e-01,9.296422099548148354e-01,-6.191835404177892244e-04,-1.857550621253367673e-03,-7.697363518044397779e-03,-9.554914139297765452e-03
9.302860958822122273e-01,9.296422099548148354e-01,-6.438859273973918107e-04,-1.931657782192175432e-03,-7.410716093880775901e-03,-9.342373876072951333e-03
9.303098640318042678e-01,9.296422099548148354e-01,-6.676540769894323546e-04,-2.002962230968297064e-03,-7.130444877612163168e-03,-9.133407108580460232e-03
9.303327188406853576e-01,9.296422099548148354e-01,-6.905088858705221710e-04,-2.071526657611566513e-03,-6.856442664326944936e-03,-8.927969321938511449e-03
9.303546808526342859e-01,9.296422099548148354e-01,-7.124708978194504994e-04,-2.137412693458351498e-03,-6.588603584678498493e-03,-8.726016278136849991e-03
9.303757702629553705e-01,9.296422099548148354e-01,-7.335603081405350778e-04,-2.200680924421605233e-03,-6.326823096325373541e-03,-8.527504020746978775e-03
9.303960069228743857e-01,9.296422099548148354e-01,-7.537969680595502098e-04,-2.261390904178650629e-03,-6.070997975704539584e-03,-8.332388879883190214e-03
9.304154103439054024e-01,9.296422099548148354e-01,-7.732003890905669863e-04,-2.319601167271700959e-03,-5.821026309305032953e-03,-8.140627476576733912e-03
9.304339997021887632e-01,9.296422099548148354e-01,-7.917897473739277103e-04,-2.375369242121783131e-03,-5.576807485008217213e-03,-7.952176727130000344e-03
9.304517938427994128e-01,9.296422099548148354e-01,-8.095838879845773661e-04,-2.428751663953732098e-03,-5.338242183194896739e-03,-7.766993847148628838e-03
9.304688112840253655e-01,9.296422099548148354e-01,-8.266013292105300891e-04,-2.479803987631590267e-03,-5.105232367785816905e-03,-7.585036355417407172e-03
9.304850702216157510e-01,9.296422099548148354e-01,-8.428602668009155252e-04,-2.528580800402746576e-03,-4.877681277115630820e-03,-7.406262077518377396e-03
9.305005885329984405e-01,9.296422099548148354e-01,-8.583785781836050788e-04,-2.575135734550815236e-03,-4.655493414806866070e-03,-7.230629149357681307e-03
9.305153837814661433e-01,9.296422099548148354e-01,-8.731738266513078273e-04,-2.619521479953923482e-03,-4.438574540310824545e-03,-7.058096020264748027e-03
9.305294732203318597e-01,9.296422099548148354e-01,-8.872632655170242799e-04,-2.661789796551072840e-03,-4.226831659714935796e-03,-6.888621456266008636e-03
9.305428737970519171e-01,9.296422099548148354e-01,-9.006638422370816244e-04,-2.701991526711244873e-03,-4.020173016017203338e-03,-6.722164542728448211e-03
9.305556021573176961e-01,9.296422099548148354e-01,-9.133922025028606839e-04,-2.740176607508582052e-03,-3.818508079733717864e-03,-6.558684687242299916e-03
9.305676746491148288e-01,9.296422099548148354e-01,-9.254646942999933401e-04,-2.776394082899980020e-03,-3.621747539139796856e-03,-6.398141622039776877e-03
9.305791073267497548e-01,9.296422099548148354e-01,-9.368973719349193985e-04,-2.810692115804758195e-03,-3.429803290477817512e-03,-6.240495406282575708e-03
9.305899159548439714e-01,9.296422099548148354e-01,-9.477060000291359643e-04,-2.843118000087407893e-03,-3.242588428264969735e-03,-6.085706428352377628e-03
9.306001160122954197e-01,9.296422099548148354e-01,-9.579060574805842165e-04,-2.873718172441752650e-03,-3.060017235434475680e-03,-5.933735407876228329e-03
9.306097226962061209e-01,9.296422099548148354e-01,-9.675127413912854024e-04,-2.902538224173856207e-03,-2.882005173210355764e-03,-5.784543397384211971e-03
9.306187509257770607e-01,9.296422099548148354e-01,-9.765409709622252521e-04,-2.929622912886675756e-03,-2.708468871281954904e-03,-5.638091784168630660e-03
9.306272153461695451e-01,9.296422099548148354e-01,-9.850053913547096585e-04,-2.955016174064128975e-03,-2.539326117745321909e-03,-5.494342291809450884e-03
9.306351303323328050e-01,9.296422099548148354e-01,-9.929203775179695768e-04,-2.978761132553908730e-03,-2.374495848977975498e-03,-5.353256981531884229e-03
9.306425099927979616e-01,9.296422099548148354e-01,-1.000300037983126167e-03,-3.000900113949378500e-03,-2.213898139546977006e-03,-5.214798253496355507e-03
9.306493681734377965e-01,9.296422099548148354e-01,-1.007158218622961066e-03,-3.021474655868883197e-03,-2.057454191950469635e-03,-5.078928847819352832e-03
9.306557184611927713e-01,9.296422099548148354e-01,-1.013508506377935880e-03,-3.040525519133807641e-03,-1.905086326492444471e-03,-4.945611845626252112e-03
9.306615741877631853e-01,9.296422099548148354e-01,-1.019364232948349880e-03,-3.058092698845049640e-03,-1.756717971124199806e-03,-4.814810669969249446e-03
9.306669484332666942e-01,9.296422099548148354e-01,-1.024738478451858725e-03,-3.074215435355576176e-03,-1.612273651052653634e-03,-4.686489086408229809e-03
9.306718540298615228e-01,9.296422099548148354e-01,-1.029644075046687313e-03,-3.088932225140061938e-03,-1.471678978448576203e-03,-4.560611203588638141e-03
9.306763035653360383e-01,9.296422099548148354e-01,-1.034093610521202855e-03,-3.102280831563608565e-03,-1.334860642354662730e-03,-4.437141473918271295e-03
9.306803093866631293e-01,9.296422099548148354e-01,-1.038099431848293897e-03,-3.114298295544881690e-03,-1.201746398127312432e-03,-4.316044693672194121e-03
9.306838836035208340e-01,9.296422099548148354e-01,-1.041673648705998545e-03,-3.125020946117995635e-03,-1.072265057311394543e-03,-4.197286003429390178e-03
9.306870380917782182e-01,9.296422099548148354e-01,-1.044828136963382725e-03,-3.134484410890148176e-03,-9.463464772152541116e-04,-4.080830888105402288e-03
9.306897844969467259e-01,9.296422099548148354e-01,-1.047574542131890496e-03,-3.142723626395671488e-03,-8.239215505523311833e-04,-3.966645176948002671e-03
9.306921342375975570e-01,9.296422099548148354e-01,-1.049924282782721541e-03,-3.149772848348164622e-03,-7.049221952493134324e-04,-3.854695043597478055e-03
9.306940985087440721e-01,9.296422099548148354e-01,-1.051888553929236636e-03,-3.155665661787709908e-03,-5.892813439545285803e-04,-3.744947005742238488e-03
9.306956882851900037e-01,9.296422099548148354e-01,-1.053478330375168248e-03,-3.160434991125504745e-03,-4.769329337794836476e-04,-3.637367924904988392e-03
9.306969143248434717e-01,9.296422099548148354e-01,-1.054704370028636262e-03,-3.164113110085908787e-03,-3.678118960404042070e-04,-3.531925006126312994e-03
9.306977871719962492e-01,9.296422099548148354e-01,-1.055577217181413729e-03,-3.166731651544241188e-03,-2.618541458332401817e-04,-3.428585797377481370e-03
9.306983171605692773e-01,9.296422099548148354e-01,-1.056107205754441836e-03,-3.168321617263325507e-03,-1.589965719084318607e-04,-3.327318189171757368e-03
9.306985144173234303e-01,9.296422099548148354e-01,-1.056304462508594888e-03,-3.168913387525784664e-03,-5.917702624591569815e-05,-3.228090413771700362e-03
9.306983888650361969e-01,9.296422099548148354e-01,-1.056178910221361456e-03,-3.168536730664084367e-03,3.766568617002974406e-05,-3.130871044494054622e-03
9.306979502256444992e-01,9.296422099548148354e-01,-1.055740270829663707e-03,-3.167220812488991122e-03,1.315918175093244713e-04,-3.035628994979666651e-03
9.306972080233533173e-01,9.296422099548148354e-01,-1.054998068538481881e-03,-3.164994205615445644e-03,2.226606873545478038e-04,-2.942333518260897840e-03
9.306961715877103414e-01,9.296422099548148354e-01,-1.053961632895505929e-03,-3.161884898686517786e-03,3.109306928927857427e-04,-2.850954205793732044e-03
9.306948500566467608e-01,9.296422099548148354e-01,-1.052640101831925357e-03,-3.157920305495776070e-03,3.964593190741716455e-04,-2.761460986421604424e-03
9.306932523794845258e-01,9.296422099548148354e-01,-1.051042424669690334e-03,-3.153127274009071002e-03,4.793031486705068289e-04,-2.673824125338564173e-03
9.306913873199097464e-01,9.296422099548148354e-01,-1.049177365094910996e-03,-3.147532095284732989e-03,5.595178724338012444e-04,-2.588014222850931745e-03
9.306892634589126745e-01,9.296422099548148354e-01,-1.047053504097839038e-03,-3.141160512293517115e-03,6.371582991215873903e-04,-2.504002213171929725e-03
9.306868891976943781e-01,9.296422099548148354e-01,-1.044679242879542613e-03,-3.134037728638627840e-03,7.122783654889275340e-04,-2.421759363149700306e-03
9.306842727605396659e-01,9.296422099548148354e-01,-1.042062805724830454e-03,-3.126188417174491363e-03,7.849311464136476957e-04,-2.341257270760843667e-03
9.306814221976579260e-01,9.296422099548148354e-01,-1.039212242843090550e-03,-3.117636728529271650e-03,8.551688645219712726e-04,-2.262467864007300378e-03
9.306783453879897694e-01,9.296422099548148354e-01,-1.036135433174933951e-03,-3.108406299524801852e-03,9.230429004469797860e-04,-2.185363399077822066e-03
9.306750500419816996e-01,9.296422099548148354e-01,-1.032840087166864151e-03,-3.098520261500592454e-03,9.886038024209398145e-04,-2.109916459079652640e-03
9.306715437043276973e-01,9.296422099548148354e-01,-1.029333749512861829e-03,-3.088001248538585486e-03,1.051901296200696834e-03,-2.036099952337888652e-03
9.306678337566784975e-01,9.296422099548148354e-01,-1.025623801863662088e-03,-3.076871405590986264e-03,1.112984294759922221e-03,-1.963887110831064042e-03
9.306639274203182266e-01,9.296422099548148354e-01,-1.021717465503391153e-03,-3.065152396510173460e-03,1.171900908081280335e-03,-1.893251488428893126e-03
9.306598317588090641e-01,9.296422099548148354e-01,-1.017621803994228635e-03,-3.052865411982685906e-03,1.228698452748755443e-03,-1.824166959233930463e-03
9.306555536806040418e-01,9.296422099548148354e-01,-1.013343725789206395e-03,-3.040031177367619186e-03,1.283423461506671970e-03,-1.756607715860947216e-03
9.306510999416274244e-01,9.296422099548148354e-01,-1.008889986812588901e-03,-3.026669960437766704e-03,1.336121692985248188e-03,-1.690548267452518516e-03
9.306464771478241138e-01,9.296422099548148354e-01,-1.004267193009278358e-03,-3.012801579027835075e-03,1.386838140993162938e-03,-1.625963438034672137e-03
9.306416917576769698e-01,9.296422099548148354e-01,-9.994818028621343942e-04,-2.998445408586403182e-03,1.435617044143189247e-03,-1.562828364443213935e-03
9.306367500846933760e-01,9.296422099548148354e-01,-9.945401298785405686e-04,-2.983620389635621706e-03,1.482501895078147669e-03,-1.501118494557474037e-03
9.306316582998602760e-01,9.296422099548148354e-01,-9.894483450454405471e-04,-2.968345035136321641e-03,1.527535449930006450e-03,-1.440809585206315191e-03
9.306264224340686786e-01,9.296422099548148354e-01,-9.842124792538431421e-04,-2.952637437761529426e-03,1.570759737479221485e-03,-1.381877700282307941e-03
9.306210483805070766e-01,9.296422099548148354e-01,-9.788384256922411097e-04,-2.936515277076723329e-03,1.612216068480609721e-03,-1.324299208596113608e-03
9.306155418970245563e-01,9.296422099548148354e-01,-9.733319422097208573e-04,-2.919995826629162572e-03,1.651945044756075731e-03,-1.268050781873086841e-03
9.306099086084639316e-01,9.296422099548148354e-01,-9.676986536490961299e-04,-2.903095960947288390e-03,1.689986568187418214e-03,-1.213109392759870175e-03
9.306041540089640129e-01,9.296422099548148354e-01,-9.619440541491774965e-04,-2.885832162447532490e-03,1.726379849975590020e-03,-1.159452312471942470e-03
9.305982834642327894e-01,9.296422099548148354e-01,-9.560735094179539928e-04,-2.868220528253861978e-03,1.761163419367051119e-03,-1.107057108886810859e-03
9.305923022137907452e-01,9.296422099548148354e-01,-9.500922589759097647e-04,-2.850276776927729294e-03,1.794375132613268420e-03,-1.055901644314460874e-03
9.305862153731842001e-01,9.296422099548148354e-01,-9.440054183693646905e-04,-2.832016255108094072e-03,1.826052181963522258e-03,-1.005964073144571813e-03
9.305800279361703398e-01,3.262266454024972395e-01,-6.043533825336731002e-01,-1.813060147601019301e+00,0.000000000000000000e+00,-1.813060147601019301e+00
9.303925344843964051e-01,3.262266454024972395e-01,-6.041658890818991656e-01,-1.812497667245697386e+00,5.624803553218038488e-02,-1.756249631713517001e+00
9.300294160694511092e-01,3.262266454024972395e-01,-6.038027706669538697e-01,-1.811408312000861720e+00,1.089355244835887859e-01,-1.702472787517272934e+00
9.294960503757541126e-01,3.262266454024972395e-01,-6.032694049732568731e-01,-1.809808214919770730e+00,1.600097081090989803e-01,-1.649798506810671750e+00
9.287977048313760253e-01,3.262266454024972395e-01,-6.025710594288787858e-01,-1.807713178286636246e+00,2.095036633134261805e-01,-1.598209514973210066e+00
9.279395383355005800e-01,3.262266454024972395e-01,-6.017128929330033404e-01,-1.805138678799010021e+00,2.574499487626336069e-01,-1.547688730036376414e+00
9.269266029666215490e-01,3.262266454024972395e-01,-6.006999575641243094e-01,-1.802099872692372928e+00,3.038806106637093052e-01,-1.498219262028663623e+00
9.257638456715396869e-01,3.262266454024972395e-01,-5.995372002690424473e-01,-1.798611600807127342e+00,3.488271885245586290e-01,-1.449784412282568713e+00
9.244561099352295308e-01,3.262266454024972395e-01,-5.982294645327322913e-01,-1.794688393598196985e+00,3.923207208930468148e-01,-1.402367672705150170e+00
9.230081374316488896e-01,3.262266454024972395e-01,-5.967814920291516501e-01,-1.790344476087454950e+00,4.343917510741923671e-01,-1.355952725013262583e+00
9.214245696555668497e-01,3.262266454024972395e-01,-5.951979242530696101e-01,-1.785593772759208830e+00,4.750703328246119739e-01,-1.310523439934596857e+00
9.197099495354913445e-01,3.262266454024972395e-01,-5.934833041329941050e-01,-1.780449912398982315e+00,5.143860360226515382e-01,-1.266063876376330777e+00
9.178687230277782216e-01,3.262266454024972395e-01,-5.916420776252809821e-01,-1.774926232875842835e+00,5.523679523139368719e-01,-1.222558280561905963e+00
9.159052406920089595e-01,3.262266454024972395e-01,-5.896785952895117200e-01,-1.769035785868535271e+00,5.890447007307786365e-01,-1.179991085137756635e+00
9.138237592477258531e-01,3.262266454024972395e-01,-5.875971138452286135e-01,-1.762791341535685952e+00,6.244444332849319323e-01,-1.138346908250754019e+00
9.116284431126177035e-01,3.262266454024972395e-01,-5.854017977101204639e-01,-1.756205393130361392e+00,6.585948405324448807e-01,-1.097610552597916511e+00
9.093233659222498266e-01,3.262266454024972395e-01,-5.830967205197525871e-01,-1.749290161559257761e+00,6.915231571103630515e-01,-1.057767004448894710e+00
9.069125120314369681e-01,3.262266454024972395e-01,-5.806858666289397286e-01,-1.742057599886819297e+00,7.232561672438575506e-01,-1.018801432642961746e+00
9.043997779973598217e-01,3.262266454024972395e-01,-5.781731325948625821e-01,-1.734519397784587635e+00,7.538202102231439383e-01,-9.806991875614436971e-01
9.017889740445266256e-01,3.262266454024972395e-01,-5.755623286420293860e-01,-1.726686985926088269e+00,7.832411858499588320e-01,-9.434458000761294372e-01
8.990838255116857525e-01,3.262266454024972395e-01,-5.728571801091885130e-01,-1.718571540327565650e+00,8.115445598522619264e-01,-9.070269804753037235e-01
8.962879742807973171e-01,3.262266454024972395e-01,-5.700613288783000776e-01,-1.710183986634900233e+00,8.387553692665306038e-01,-8.714286173683696290e-01
8.934049801881720487e-01,3.262266454024972395e-01,-5.671783347856748092e-01,-1.701535004357024317e+00,8.648982277875805202e-01,-8.366367765694437963e-01
8.904383224178898937e-01,3.262266454024972395e-01,-5.642116770153926542e-01,-1.692635031046177962e+00,8.899973310846465147e-01,-8.026376999615314478e-01
8.873914008776115914e-01,3.262266454024972395e-01,-5.611647554751143518e-01,-1.683494266425343167e+00,9.140764620834906928e-01,-7.694178043418524737e-01
8.842675375568991303e-01,3.262266454024972395e-01,-5.580408921544018908e-01,-1.674122676463205561e+00,9.371589962137383267e-01,-7.369636802494672345e-01
8.810699778681616579e-01,3.262266454024972395e-01,-5.548433324656644183e-01,-1.664529997396993366e+00,9.592679066212417283e-01,-7.052620907757516378e-01
8.778018919703466372e-01,3.262266454024972395e-01,-5.515752465678493976e-01,-1.654725739703548193e+00,9.804257693445062039e-01,-6.742999703590419891e-01
8.744663760754957105e-01,3.262266454024972395e-01,-5.482397306729984710e-01,-1.644719192018995413e+00,1.000654768455278010e+00,-6.440644235637174031e-01
8.710664537382883932e-01,3.262266454024972395e-01,-5.448398083357911537e-01,-1.634519425007373350e+00,1.019976701162195187e+00,-6.145427238451781626e-01
8.676050771286966112e-01,3.262266454024972395e-01,-5.413784317261993717e-01,-1.624135295178598115e+00,1.038412982877534585e+00,-5.857223123010635302e-01
8.640851282878746487e-01,3.262266454024972395e-01,-5.378584828853774091e-01,-1.613575448656132227e+00,1.055984652246588773e+00,-5.575907964095434544e-01
8.605094203674117370e-01,3.262266454024972395e-01,-5.342827749649144975e-01,-1.602848324894743381e+00,1.072712376138873491e+00,-5.301359487558698902e-01
8.568806988520732970e-01,3.262266454024972395e-01,-5.306540534495760575e-01,-1.591962160348728172e+00,1.088616454601532002e+00,-5.033457057471961704e-01
8.532016427661600622e-01,3.262266454024972395e-01,-5.269749973636628226e-01,-1.580924992090988468e+00,1.103716825773970456e+00,-4.772081663170180121e-01
8.494748658636152028e-01,3.262266454024972395e-01,-5.232482204611179633e-01,-1.569744661383353890e+00,1.118033070763457815e+00,-4.517115906198960751e-01
8.457029178020083471e-01,3.262266454024972395e-01,-5.194762723995111076e-01,-1.558428817198533434e+00,1.131584418482056709e+00,-4.268443987164767250e-01
8.418882853005298372e-01,3.262266454024972395e-01,-5.156616398980325977e-01,-1.546984919694097904e+00,1.144389750443552956e+00,-4.025951692505449486e-01
8.380333932821262266e-01,3.262266454024972395e-01,-5.118067478796289871e-01,-1.535420243638887072e+00,1.156467605521083186e+00,-3.789526381178038861e-01
8.341406059999109113e-01,3.262266454024972395e-01,-5.079139605974136717e-01,-1.523741881792241015e+00,1.167836184664594601e+00,-3.559056971276464143e-01
8.302122281479827892e-01,3.262266454024972395e-01,-5.039855827454855497e-01,-1.511956748236456649e+00,1.178513355578436617e+00,-3.334433926580200325e-01
8.262505059567888388e-01,3.262266454024972395e-01,-5.000238605542915993e-01,-1.500071581662874909e+00,1.188516657358185125e+00,-3.115549243046897843e-01
8.222576282731643982e-01,3.262266454024972395e-01,-4.960309828706671587e-01,-1.488092948612001365e+00,1.197863305087332186e+00,-2.902296435246691786e-01
8.182357276251874811e-01,3.262266454024972395e-01,-4.920090822226902416e-01,-1.476027246668070614e+00,1.206570194393075113e+00,-2.694570522749955011e-01
8.141868812719831316e-01,3.262266454024972395e-01,-4.879602358694858921e-01,-1.463880707608457676e+00,1.214653905961304847e+00,-2.492268016471528291e-01
8.101131122386140415e-01,3.262266454024972395e-01,-4.838864668361168020e-01,-1.451659400508350295e+00,1.222130710010727039e+00,-2.295286904976232556e-01
8.060163903361952098e-01,3.262266454024972395e-01,-4.797897449336979703e-01,-1.439369234801093800e+00,1.229016570725649515e+00,-2.103526640754442845e-01
8.018986331673688683e-01,3.262266454024972395e-01,-4.756719877648716288e-01,-1.427015963294614886e+00,1.235327150647902439e+00,-1.916888126467124476e-01
7.977617071172777852e-01,3.262266454024972395e-01,-4.715350617147805456e-01,-1.414605185144341526e+00,1.241077815027324949e+00,-1.735273701170165772e-01
7.936074283301750576e-01,3.262266454024972395e-01,-4.673807829276778181e-01,-1.402142348783033565e+00,1.246283636130818273e+00,-1.558587126522152921e-01
7.894375636718070632e-01,3.262266454024972395e-01,-4.632109182693098237e-01,-1.389632754807929471e+00,1.250959397510398308e+00,-1.386733572975311635e-01
7.852538316777093463e-01,3.262266454024972395e-01,-4.590271862752121068e-01,-1.377081558825636431e+00,1.255119598229315070e+00,-1.219619605963213615e-01
7.810579034875519966e-01,3.262266454024972395e-01,-4.548312580850547571e-01,-1.364493774255164382e+00,1.258778457047204924e+00,-1.057153172079594583e-01
7.768514037656738536e-01,3.262266454024972395e-01,-4.506247583631766140e-01,-1.351874275089529842e+00,1.261949916563442908e+00,-8.992435852608693381e-02
7.726359116079430933e-01,3.262266454024972395e-01,-4.464092662054458538e-01,-1.339227798616337672e+00,1.264647647319228074e+00,-7.458015129710959812e-02
7.684129614350826420e-01,3.262266454024972395e-01,-4.421863160325854025e-01,-1.326558948097756208e+00,1.266885051858135380e+00,-5.967389623962082723e-02
7.641840438725981954e-01,3.262266454024972395e-01,-4.379573984701009559e-01,-1.313872195410302979e+00,1.268675268745333984e+00,-4.519692666496899491e-02
7.599506066174472885e-01,3.262266454024972395e-01,-4.337239612149500489e-01,-1.301171883644850258e+00,1.270031176545272089e+00,-3.114070709957816874e-02
7.557140552915864173e-01,3.262266454024972395e-01,-4.294874098890891778e-01,-1.288462229667267422e+00,1.270965397758261339e+00,-1.749683190900608309e-02
7.514757542825346581e-01,3.262266454024972395e-01,-4.252491088800374186e-01,-1.275747326640112256e+00,1.271490302715527765e+00,-4.257023924584490970e-03
7.472370275710903398e-01,3.262266454024972395e-01,-4.210103821685931003e-01,-1.263031146505779301e+00,1.271618013433295502e+00,8.586866927516201287e-03
7.429991595463387721e-01,3.262266454024972395e-01,-4.167725141438415326e-01,-1.250317542431524487e+00,1.271360407425470296e+00,2.104286499394580900e-02
7.387633958080866980e-01,3.262266454024972395e-01,-4.125367504055894585e-01,-1.237610251216768376e+00,1.270729121475622225e+00,3.311887025885384972e-02
7.345309439568604715e-01,3.262266454024972395e-01,-4.083042985543632319e-01,-1.224912895663089696e+00,1.269735555367867974e+00,4.482265970477827821e-02
7.303029743716047406e-01,3.262266454024972395e-01,-4.040763289691075011e-01,-1.212228986907322614e+00,1.268390875576719257e+00,5.616188866939664237e-02
7.260806209752159734e-01,3.262266454024972395e-01,-3.998539755727187339e-01,-1.199561926718156091e+00,1.266706018916630150e+00,6.714409219847405907e-02
7.218649819880470497e-01,3.262266454024972395e-01,-3.956383365855498102e-01,-1.186915009756649431e+00,1.264691696150677114e+00,7.777668639402768314e-02
7.176571206695174787e-01,3.262266454024972395e-01,-3.914304752670202392e-01,-1.174291425801060829e+00,1.262358395558871305e+00,8.806696975781047598e-02
7.134580660479636904e-01,3.262266454024972395e-01,-3.872314206454664509e-01,-1.161694261936399464e+00,1.259716386466136484e+00,9.802212452973702028e-02
7.092688136388628495e-01,3.262266454024972395e-01,-3.830421682363656100e-01,-1.149126504709096830e+00,1.256775722730252287e+00,1.076492180211554572e-01
7.050903261515641951e-01,3.262266454024972395e-01,-3.788636807490669556e-01,-1.136591042247200978e+00,1.253546246189596314e+00,1.169552039423953360e-01
7.009235341846596912e-01,3.262266454024972395e-01,-3.746968887821624516e-01,-1.124090666346487355e+00,1.250037590071351179e+00,1.259469237248638240e-01
6.967693369101277678e-01,3.262266454024972395e-01,-3.705426915076305283e-01,-1.111628074522891474e+00,1.246259182359577000e+00,1.346311078366855263e-01
6.926286027463794959e-01,3.262266454024972395e-01,-3.664019573438822563e-01,-1.099205872031646880e+00,1.242220249124481590e+00,1.430143770928347102e-01
6.885021700203405315e-01,3.262266454024972395e-01,-3.622755246178432920e-01,-1.086826573853529876e+00,1.237929817811689315e+00,1.511032439581594389e-01
6.843908476186972845e-01,3.262266454024972395e-01,-3.581642022162000449e-01,-1.074492606648600024e+00,1.233396720492974108e+00,1.589041138443740842e-01
6.802954156284385379e-01,3.262266454024972395e-01,-3.540687702259412983e-01,-1.062206310677823895e+00,1.228629597077623981e+00,1.664232863998000855e-01
6.762166259668197510e-01,3.262266454024972395e-01,-3.499899805643225115e-01,-1.049969941692967534e+00,1.223636898485636060e+00,1.736669567926685254e-01
6.721552030008802747e-01,3.262266454024972395e-01,-3.459285575983830352e-01,-1.037785672795149106e+00,1.218426889781842881e+00,1.806412169866937756e-01
6.681118441566393784e-01,3.262266454024972395e-01,-3.418851987541421389e-01,-1.025655596262426528e+00,1.213007653272268893e+00,1.873520570098423654e-01
6.640872205180995413e-01,3.262266454024972395e-01,-3.378605751156023018e-01,-1.013581725346806905e+00,1.207387091561951120e+00,1.938053662151442147e-01
6.600819774161812425e-01,3.262266454024972395e-01,-3.338553320136840030e-01,-1.001565996041052120e+00,1.201572930575489639e+00,2.000069345344375193e-01
6.560967350077163696e-01,3.262266454024972395e-01,-3.298700896052191300e-01,-9.896102688156573901e-01,1.195572722539461896e+00,2.059624537238045061e-01
6.521320888446238140e-01,3.262266454024972395e-01,-3.259054434421265745e-01,-9.777163303263797234e-01,1.189393848927766673e+00,2.116775186013869492e-01
6.481886104333913767e-01,3.262266454024972395e-01,-3.219619650308941372e-01,-9.658858950926824116e-01,1.183043523369731176e+00,2.171576282770487643e-01
6.442668477849866626e-01,3.262266454024972395e-01,-3.180402023824894231e-01,-9.541206071474682693e-01,1.176528794521414234e+00,2.224081873739459647e-01
6.403673259553194219e-01,3.262266454024972395e-01,-3.141406805528221824e-01,-9.424220416584665472e-01,1.169856548900172211e+00,2.274345072417056635e-01
6.364905475763763532e-01,3.262266454024972395e-01,-3.102639021738791136e-01,-9.307917065216373409e-01,1.163033513682920628e+00,2.322418071612832868e-01
6.326369933781493815e-01,3.262266454024972395e-01,-3.064103479756521420e-01,-9.192310439269564259e-01,1.156066259468091495e+00,2.368352155411350690e-01
6.288071227014765396e-01,3.262266454024972395e-01,-3.025804772989793001e-01,-9.077414318969379003e-01,1.148961203001852560e+00,2.412197711049146598e-01
6.250013740019141339e-01,3.262266454024972395e-01,-2.987747285994168944e-01,-8.963241857982506833e-01,1.141724609868721707e+00,2.454004240704710238e-01
6.212201653447587679e-01,3.262266454024972395e-01,-2.949935199422615284e-01,-8.849805598267845852e-01,1.134362597146609808e+00,2.493820373198252227e-01
6.174638948913354630e-01,3.262266454024972395e-01,-2.912372494888382235e-01,-8.737117484665146705e-01,1.126881136026991470e+00,2.531693875604767996e-01
6.137329413766681174e-01,3.262266454024972395e-01,-2.875062959741708779e-01,-8.625188879225126337e-01,1.119286054400203678e+00,2.567671664776910445e-01
6.100276645786485430e-01,3.262266454024972395e-01,-2.838010191761513035e-01,-8.514030575284539104e-01,1.111583039405872331e+00,2.601799818774184203e-01
6.063484057788167680e-01,3.262266454024972395e-01,-2.801217603763195285e-01,-8.403652811289585856e-01,1.103777639949532485e+00,2.634123588205738997e-01
6.026954882148670700e-01,3.262266454024972395e-01,-2.764688428123698305e-01,-8.294065284371094915e-01,1.095875269184909406e+00,2.664687407477999148e-01
5.990692175249920925e-01,3.262266454024972395e-01,-2.728425721224948530e-01,-8.185277163674845591e-01,1.087881206962493241e+00,2.693534905950086822e-01
5.954698821841766243e-01,3.262266454024972395e-01,-2.692432367816793848e-01,-8.077297103450381544e-01,1.079800602244640473e+00,2.720708918996023185e-01
5.918977539325511739e-01,3.262266454024972395e-01,-2.656711085300539343e-01,-7.970133255901618030e-01,1.071638475487635134e+00,2.746251498974733307e-01
5.883530881959154746e-01,3.262266454024972395e-01,-2.621264427934182351e-01,-7.863793283802547052e-01,1.063399720990709785e+00,2.770203926104550796e-01
5.848361244985407215e-01,3.262266454024972395e-01,-2.586094790960434819e-01,-7.758284372881304458e-01,1.055089109212425935e+00,2.792606719242954894e-01
5.813470868683584536e-01,3.262266454024972395e-01,-2.551204414658612141e-01,-7.653613243975836422e-01,1.046711289054680361e+00,2.813499646570967183e-01
5.778861842346418864e-01,3.262266454024972395e-01,-2.516595388321446469e-01,-7.549786164964339408e-01,1.038270790114970143e+00,2.832921736185362027e-01
5.744536108182871637e-01,3.262266454024972395e-01,-2.482269654157899241e-01,-7.446808962473697724e-01,1.029772024906416839e+00,2.850911286590470661e-01
5.710495465147983341e-01,3.262266454024972395e-01,-2.448229011123010945e-01,-7.344687033369032836e-01,1.021219291046648880e+00,2.867505877097455969e-01
5.676741572700805261e-01,3.262266454024972395e-01,-2.414475118675832865e-01,-7.243425356027498596e-01,1.012616773415342397e+00,2.882742378125925375e-01
5.643275954491439039e-01,3.262266454024972395e-01,-2.381009500466466644e-01,-7.143028501399399932e-01,1.003968546280986640e+00,2.896656961410466469e-01
5.610100001978214346e-01,3.262266454024972395e-01,-2.347833547953241951e-01,-7.043500643859725852e-01,9.952785753967408056e-01,2.909285110107682204e-01
5.577214977976000521e-01,3.262266454024972395e-01,-2.314948523951028125e-01,-6.944845571853084376e-01,9.865507200664147547e-01,2.920661628811063171e-01
5.544622020136668050e-01,3.262266454024972395e-01,-2.282355566111695655e-01,-6.847066698335086965e-01,9.777887351799741111e-01,2.930820653464654146e-01
5.512322144362681309e-01,3.262266454024972395e-01,-2.250055690337708914e-01,-6.750167071013126741e-01,9.689962732196022444e-01,2.939795661182895703e-01
5.480316248154812886e-01,3.262266454024972395e-01,-2.218049794129840491e-01,-6.654149382389521472e-01,9.601768862360526846e-01,2.947619479971005374e-01
5.448605113894942065e-01,3.262266454024972395e-01,-2.186338659869969669e-01,-6.559015979609909008e-01,9.513340277961246372e-01,2.954324298351337363e-01
5.417189412064906673e-01,3.262266454024972395e-01,-2.154922958039934278e-01,-6.464768874119802833e-01,9.424710549010617555e-01,2.959941674890814722e-01
5.386069704402359770e-01,3.262266454024972395e-01,-2.123803250377387375e-01,-6.371409751132162125e-01,9.335912298764070805e-01,2.964502547631908680e-01
5.355246446994575971e-01,3.262266454024972395e-01,-2.092979992969603575e-01,-6.278939978908810726e-01,9.246977222335139857e-01,2.968037243426329130e-01
5.324719993311135546e-01,3.262266454024972395e-01,-2.062453539286163151e-01,-6.187360617858489453e-01,9.157936105032127294e-01,2.970575487173637841e-01
5.294490597176412239e-01,3.262266454024972395e-01,-2.032224143151439844e-01,-6.096672429454319531e-01,9.068818840416992266e-01,2.972146410962672736e-01
5.264558415682785153e-01,3.262266454024972395e-01,-2.002291961657812758e-01,-6.006875884973438273e-01,8.979654448088125740e-01,2.972778563114687467e-01
5.234923512045469574e-01,3.262266454024972395e-01,-1.972657058020497178e-01,-5.917971174061491535e-01,8.890471091194673825e-01,2.972499917133182290e-01
5.205585858399867094e-01,3.262266454024972395e-01,-1.943319404374894699e-01,-5.829958213124684097e-01,8.801296093680743837e-01,2.971337880556059741e-01
5.176545338542319907e-01,3.262266454024972395e-01,-1.914278884517347512e-01,-5.742836653552042536e-01,8.712155957264156037e-01,2.969319303712113500e-01
5.147801750615144112e-01,3.262266454024972395e-01,-1.885535296590171717e-01,-5.656605889770515150e-01,8.623076378152738641e-01,2.966470488382223492e-01
5.119354809736806899e-01,3.262266454024972395e-01,-1.857088355711834504e-01,-5.571265067135503513e-01,8.534082263501163723e-01,2.962817196365660211e-01
5.091204150578105825e-01,3.262266454024972395e-01,-1.828937696553133430e-01,-5.486813089659400289e-01,8.445197747610322381e-01,2.958384657950922092e-01
5.063349329885199479e-01,3.262266454024972395e-01,-1.801082875860227084e-01,-5.403248627580681251e-01,8.356446207871903731e-01,2.953197580291222479e-01
5.035789828950323344e-01,3.262266454024972395e-01,-1.773523374925350948e-01,-5.320570124776052845e-01,8.267850280462840651e-01,2.947280155686787806e-01
5.008525056031015721e-01,3.262266454024972395e-01,-1.746258602006043326e-01,-5.238775806018129977e-01,8.179431875792286810e-01,2.940656069774156833e-01
4.981554348718685299e-01,3.262266454024972395e-01,-1.719287894693712904e-01,-5.157863684081138711e-01,8.091212193699126587e-01,2.933348509617987876e-01
4.954876976257316379e-01,3.262266454024972395e-01,-1.692610522232343984e-01,-5.077831566697031951e-01,8.003211738410676013e-01,2.925380171713644062e-01
4.928492141813118899e-01,3.262266454024972395e-01,-1.666225687788146503e-01,-4.998677063364439510e-01,7.915450333259244076e-01,2.916773269894804566e-01
4.902398984695910955e-01,3.262266454024972395e-01,-1.640132530670938560e-01,-4.920397592012815680e-01,7.827947135162383052e-01,2.907549543149567373e-01
4.876596582533018198e-01,3.262266454024972395e-01,-1.614330128508045803e-01,-4.842990385524137409e-01,7.740720648867827069e-01,2.897730263343689661e-01
4.851083953396459481e-01,3.262266454024972395e-01,-1.588817499371487085e-01,-4.766452498114461256e-01,7.653788740967615301e-01,2.887336242853154045e-01
4.825860057884185927e-01,3.262266454024972395e-01,-1.563593603859213532e-01,-4.690780811577640597e-01,7.567168653682065926e-01,2.876387842104425330e-01
4.800923801156122828e-01,3.262266454024972395e-01,-1.538657347131150432e-01,-4.615972041393451297e-01,7.480877018418929936e-01,2.864904977025478638e-01
4.776274034925762635e-01,3.262266454024972395e-01,-1.514007580900790240e-01,-4.542022742702370719e-01,7.394929869108057829e-01,2.852907126405687110e-01
4.751909559408042938e-01,3.262266454024972395e-01,-1.489643105383070543e-01,-4.468929316149211628e-01,7.309342655315909099e-01,2.840413339166697471e-01
4.727829125224239926e-01,3.262266454024972395e-01,-1.465562671199267530e-01,-4.396688013597802591e-01,7.224130255140903678e-01,2.827442241543101087e-01
4.704031435264591221e-01,3.262266454024972395e-01,-1.441764981239618826e-01,-4.325294943718856477e-01,7.139306987894611378e-01,2.814012044175754901e-01
4.680515146509360291e-01,3.262266454024972395e-01,-1.418248692484387896e-01,-4.254746077453163688e-01,7.054886626569278896e-01,2.800140549116115207e-01
4.657278871809040766e-01,3.262266454024972395e-01,-1.395012417784068370e-01,-4.185037253352205111e-01,6.970882410095857740e-01,2.785845156743652629e-01
4.634321181624395658e-01,3.262266454024972395e-01,-1.372054727599423263e-01,-4.116164182798269788e-01,6.887307055393532274e-01,2.771142872595262485e-01
4.611640605727009845e-01,3.262266454024972395e-01,-1.349374151702037450e-01,-4.048122455106112350e-01,6.804172769215743877e-01,2.756050314109631527e-01
4.589235634861035251e-01,3.262266454024972395e-01,-1.326969180836062856e-01,-3.980907542508188568e-01,6.721491259792378159e-01,2.740583717284189591e-01
4.567104722366788772e-01,3.262266454024972395e-01,-1.304838268341816376e-01,-3.914514805025449129e-01,6.639273748273943898e-01,2.724758943248494769e-01
4.545246285766867400e-01,3.262266454024972395e-01,-1.282979831741895005e-01,-3.848939495225685015e-01,6.557530979976411434e-01,2.708591484750726419e-01
4.523658708315421162e-01,3.262266454024972395e-01,-1.261392254290448767e-01,-3.784176762871346300e-01,6.476273235433871456e-01,2.692096472562525156e-01
4.502340340511231109e-01,3.262266454024972395e-01,-1.240073886486258714e-01,-3.720221659458776142e-01,6.395510341257015785e-01,2.675288681798239643e-01
4.481289501575220768e-01,3.262266454024972395e-01,-1.219023047550248373e-01,-3.657069142650745119e-01,6.315251680803102285e-01,2.658182538152357166e-01
4.460504480893025536e-01,3.262266454024972395e-01,-1.198238026868053141e-01,-3.594714080604159423e-01,6.235506204658569640e-01,2.640792124054410217e-01
4.439983539423235648e-01,3.262266454024972395e-01,-1.177717085398263253e-01,-3.533151256194789758e-01,6.156282440936966527e-01,2.623131184742176769e-01
4.419724911071920004e-01,3.262266454024972395e-01,-1.157458457046947609e-01,-3.472375371140842826e-01,6.077588505394693197e-01,2.605213134253850371e-01
4.399726804034029826e-01,3.262266454024972395e-01,-1.137460350009057430e-01,-3.412381050027172291e-01,5.999432111367053455e-01,2.587051061339881164e-01
4.379987402102273886e-01,3.262266454024972395e-01,-1.117720948077301490e-01,-3.353162844231904471e-01,5.921820579526781980e-01,2.568657735294877509e-01
4.360504865944047070e-01,3.262266454024972395e-01,-1.098238411919074675e-01,-3.294715235757224026e-01,5.844760847468044584e-01,2.550045611710820559e-01
4.341277334346991812e-01,3.262266454024972395e-01,-1.079010880322019417e-01,-3.237032640966058250e-01,5.768259479116577548e-01,2.531226838150519298e-01
4.322302925433751386e-01,3.262266454024972395e-01,-1.060036471408778991e-01,-3.180109414226336972e-01,5.692322673972127767e-01,2.512213259745790794e-01
4.303579737846485731e-01,3.262266454024972395e-01,-1.041313283821513336e-01,-3.123939851464540007e-01,5.616956276179696506e-01,2.493016424715156498e-01
4.285105851901691576e-01,3.262266454024972395e-01,-1.022839397876719181e-01,-3.068518193630157542e-01,5.542165783438246507e-01,2.473647589808088965e-01
4.266879330715878105e-01,3.262266454024972395e-01,-1.004612876690905710e-01,-3.013838630072717129e-01,5.467956355744041375e-01,2.454117725671324246e-01
4.248898221302631617e-01,3.262266454024972395e-01,-9.866317672776592218e-02,-2.959895301832977665e-01,5.394332823973946311e-01,2.434437522140968646e-01
4.231160555641599319e-01,3.262266454024972395e-01,-9.688941016166269238e-02,-2.906682304849880771e-01,5.321299698309689408e-01,2.414617393459808636e-01
4.213664351719912937e-01,3.262266454024972395e-01,-9.513978976949405419e-02,-2.854193693084821626e-01,5.248861176505914550e-01,2.394667483421092924e-01
4.196407614546568965e-01,3.262266454024972395e-01,-9.341411605215965697e-02,-2.802423481564789709e-01,5.177021152003191684e-01,2.374597670438401975e-01
4.179388337140268472e-01,3.262266454024972395e-01,-9.171218831152960771e-02,-2.751365649345888231e-01,5.105783221890147772e-01,2.354417572544259540e-01
4.162604501491222742e-01,3.262266454024972395e-01,-9.003380474662503463e-02,-2.701014142398751039e-01,5.035150694713719233e-01,2.334136552314968194e-01
4.146054079497408229e-01,3.262266454024972395e-01,-8.837876254724358338e-02,-2.651362876417307501e-01,4.965126598144353753e-01,2.313763721727046252e-01
4.129735033875766570e-01,3.262266454024972395e-01,-8.674685798507941747e-02,-2.602405739552382524e-01,4.895713686492497718e-01,2.293307946940115194e-01
4.113645319048818694e-01,3.262266454024972395e-01,-8.513788650238462985e-02,-2.554136595071538895e-01,4.826914448084362874e-01,2.272777853012823979e-01
4.097782882007172112e-01,3.262266454024972395e-01,-8.355164279821997164e-02,-2.506549283946599149e-01,4.758731112493974624e-01,2.252181828547375475e-01
4.082145663148380454e-01,3.262266454024972395e-01,-8.198792091234080592e-02,-2.459637627370224178e-01,4.691165657637497155e-01,2.231528030267272977e-01
4.066731597092615447e-01,3.262266454024972395e-01,-8.044651430676430515e-02,-2.413395429202929154e-01,4.624219816729502330e-01,2.210824387526573176e-01
4.051538613475603179e-01,3.262266454024972395e-01,-7.892721594506307836e-02,-2.367816478351892351e-01,4.557895085103680355e-01,2.190078606751788004e-01
4.036564637719265991e-01,3.262266454024972395e-01,-7.742981836942935958e-02,-2.322894551082880787e-01,4.492192726901156341e-01,2.169298175818275554e-01
4.021807591780510727e-01,3.262266454024972395e-01,-7.595411377555383314e-02,-2.278623413266614994e-01,4.427113781626579314e-01,2.148490368359964320e-01
4.007265394878591347e-01,3.262266454024972395e-01,-7.449989408536189517e-02,-2.234996822560856855e-01,4.362659070575813924e-01,2.127662248014957069e-01
3.992935964201473342e-01,3.262266454024972395e-01,-7.306695101765009470e-02,-2.192008530529502841e-01,4.298829203135401400e-01,2.106820672605898559e-01
3.978817215591616274e-01,3.262266454024972395e-01,-7.165507615666438790e-02,-2.149652284699931637e-01,4.235624582957120410e-01,2.085972298257188773e-01
3.964907064211584675e-01,3.262266454024972395e-01,-7.026406101866122800e-02,-2.107921830559836840e-01,4.173045414009479703e-01,2.065123583449642863e-01
3.951203425189898089e-01,3.262266454024972395e-01,-6.889369711649256933e-02,-2.066810913494777080e-01,4.111091706505975996e-01,2.044280793011198916e-01
3.937704214247512713e-01,3.262266454024972395e-01,-6.754377602225403177e-02,-2.026313280667620953e-01,4.049763282715612700e-01,2.023450002047991747e-01
3.924407348305332111e-01,3.262266454024972395e-01,-6.621408942803597153e-02,-1.986422682841079146e-01,3.989059782654180708e-01,2.002637099813101562e-01
3.911310746073132782e-01,3.262266454024972395e-01,-6.490442920481603872e-02,-1.947132876144481162e-01,3.928980669659798419e-01,1.981847793515317258e-01
3.898412328620284861e-01,3.262266454024972395e-01,-6.361458745953124660e-02,-1.908437623785937398e-01,3.869525235854376355e-01,1.961087612068438957e-01
3.885710019928643733e-01,3.262266454024972395e-01,-6.234435659036713373e-02,-1.870330697711014012e-01,3.810692607492338624e-01,1.940361909781324612e-01
3.873201747427981179e-01,3.262266454024972395e-01,-6.109352934030087834e-02,-1.832805880209026350e-01,3.752481750198766175e-01,1.919675869989739825e-01
3.860885442514317423e-01,3.262266454024972395e-01,-5.986189884893450275e-02,-1.795856965468035082e-01,3.694891474099126771e-01,1.899034508631091689e-01
3.848759041051516561e-01,3.262266454024972395e-01,-5.864925870265441654e-02,-1.759477761079632496e-01,3.637920438840258619e-01,1.878442677760626123e-01
3.836820483856491770e-01,3.262266454024972395e-01,-5.745540298315193750e-02,-1.723662089494558125e-01,3.581567158507437121e-01,1.857905069012878996e-01
3.825067717168368353e-01,3.262266454024972395e-01,-5.628012631433959578e-02,-1.688403789430187873e-01,3.525830006437025155e-01,1.837426217006837281e-01
3.813498693101945447e-01,3.262266454024972395e-01,-5.512322390769730518e-02,-1.653696717230919155e-01,3.470707219926871812e-01,1.817010502695952656e-01
3.802111370085792252e-01,3.262266454024972395e-01,-5.398449160608198572e-02,-1.619534748182459571e-01,3.416196904845958393e-01,1.796662156663498822e-01
3.790903713285305732e-01,3.262266454024972395e-01,-5.286372592603333365e-02,-1.585911777781000009e-01,3.362297040145956206e-01,1.776385262364956197e-01
3.779873695011055634e-01,3.262266454024972395e-01,-5.176072409860832391e-02,-1.552821722958249717e-01,3.309005482275029220e-01,1.756183759316779502e-01
3.769019295112737145e-01,3.262266454024972395e-01,-5.067528410877647493e-02,-1.520258523263294248e-01,3.256319969495546918e-01,1.736061446232252670e-01
3.758338501359042017e-01,3.262266454024972395e-01,-4.960720473340696213e-02,-1.488216142002208864e-01,3.204238126108538420e-01,1.716021984106329556e-01
3.747829309803757392e-01,3.262266454024972395e-01,-4.855628557787849964e-02,-1.456688567336354989e-01,3.152757466585387469e-01,1.696068899249032480e-01
3.737489725138397612e-01,3.262266454024972395e-01,-4.752232711134252163e-02,-1.425669813340275649e-01,3.101875399607934014e-01,1.676205586267658365e-01
3.727317761031664345e-01,3.262266454024972395e-01,-4.650513070066919497e-02,-1.395153921020075849e-01,3.051589232019980003e-01,1.656435310999904154e-01
3.717311440456031457e-01,3.262266454024972395e-01,-4.550449864310590620e-02,-1.365134959293177186e-01,3.001896172689866304e-01,1.636761213396689119e-01
3.707468796001738287e-01,3.262266454024972395e-01,-4.452023419767658918e-02,-1.335607025930297675e-01,2.952793336287951043e-01,1.617186310357653367e-01
3.697787870178480540e-01,3.262266454024972395e-01,-4.355214161535081452e-02,-1.306564248460524436e-01,2.904277746977323993e-01,1.597713498516799557e-01
3.688266715705074694e-01,3.262266454024972395e-01,-4.260002616801022990e-02,-1.278000785040306897e-01,2.856346342021753859e-01,1.578345556981446962e-01
3.678903395787366803e-01,3.262266454024972395e-01,-4.166369417623944083e-02,-1.249910825287183225e-01,2.808995975312367221e-01,1.559085150025183997e-01
3.669695984384661602e-01,3.262266454024972395e-01,-4.074295303596892071e-02,-1.222288591079067621e-01,2.762223420811560359e-01,1.539934829732492738e-01
3.660642566464929470e-01,3.262266454024972395e-01,-3.983761124399570752e-02,-1.195128337319871226e-01,2.716025375919639551e-01,1.520897038599768325e-01
3.651741238249057164e-01,3.262266454024972395e-01,-3.894747842240847691e-02,-1.168424352672254307e-01,2.670398464761691848e-01,1.501974112089437541e-01
3.642990107444394332e-01,3.262266454024972395e-01,-3.807236534194219368e-02,-1.142170960258265811e-01,2.625339241398849666e-01,1.483168281140583855e-01
3.634387293467845059e-01,3.262266454024972395e-01,-3.721208394428726640e-02,-1.116362518328617992e-01,2.580844192964781847e-01,1.464481674636163855e-01
3.625930927658759795e-01,3.262266454024972395e-01,-3.636644736337873995e-02,-1.090993420901362199e-01,2.536909742725579342e-01,1.445916321824217143e-01
3.617619153481856920e-01,3.262266454024972395e-01,-3.553526994568845243e-02,-1.066058098370653573e-01,2.493532253070862570e-01,1.427474154700208997e-01
3.609450126720423757e-01,3.262266454024972395e-01,-3.471836726954513619e-02,-1.041551018086354086e-01,2.450708028429948726e-01,1.409157010343594640e-01
3.601422015660025178e-01,3.262266454024972395e-01,-3.391555616350527824e-02,-1.017466684905158347e-01,2.408433318119573840e-01,1.390966633214415493e-01
3.593533001262947946e-01,3.262266454024972395e-01,-3.312665472379755505e-02,-9.937996417139266514e-02,2.366704319123169586e-01,1.372904677409242935e-01
3.585781277333611738e-01,3.262266454024972395e-01,-3.235148233086393432e-02,-9.705444699259180297e-02,2.325517178800862172e-01,1.354972708874944143e-01
3.578165050675162773e-01,3.262266454024972395e-01,-3.158985966501903775e-02,-9.476957899505711325e-02,2.284867997534689721e-01,1.337172207584118588e-01
3.570682541237472640e-01,3.262266454024972395e-01,-3.084160872125002451e-02,-9.252482616375007352e-02,2.244752831307039731e-01,1.319504569669538996e-01
3.563331982256749408e-01,3.262266454024972395e-01,-3.010655282317770132e-02,-9.031965846953310395e-02,2.205167694216969565e-01,1.301971109521638525e-01
3.556111620386978034e-01,3.262266454024972395e-01,-2.938451663620056387e-02,-8.815354990860169160e-02,2.166108560931412352e-01,1.284573061845395436e-01
3.549019715823391596e-01,3.262266454024972395e-01,-2.867532617984192012e-02,-8.602597853952576035e-02,2.127571369075931251e-01,1.267311583680673648e-01
3.542054542418173191e-01,3.262266454024972395e-01,-2.797880883932007956e-02,-8.393642651796023868e-02,2.089552021565521667e-01,1.250187756385919280e-01
3.535214387788593315e-01,3.262266454024972395e-01,-2.729479337636209202e-02,-8.188438012908627606e-02,2.052046388873962623e-01,1.233202587583099863e-01
3.528497553417771493e-01,3.262266454024972395e-01,-2.662310993927990976e-02,-7.986932981783972929e-02,2.015050311246546766e-01,1.216357013068149473e-01
3.521902354748256414e-01,3.262266454024972395e-01,-2.596359007232840188e-02,-7.789077021698520564e-02,1.978559600854523648e-01,1.199651898684671592e-01
3.515427121268610011e-01,3.262266454024972395e-01,-2.531606672436376160e-02,-7.594820017309128479e-02,1.942570043893920850e-01,1.183088042163008002e-01
3.509070196593179758e-01,3.262266454024972395e-01,-2.468037425682073627e-02,-7.404112277046220880e-02,1.907077402629075991e-01,1.166666174924453903e-01
3.502829938535241827e-01,3.262266454024972395e-01,-2.405634845102694319e-02,-7.216904535308082957e-02,1.872077417381379227e-01,1.150386963850570932e-01
3.496704719173689413e-01,3.262266454024972395e-01,-2.344382651487170177e-02,-7.033147954461510531e-02,1.837565808465724260e-01,1.134251013019573207e-01
3.490692924913438855e-01,3.262266454024972395e-01,-2.284264708884664596e-02,-6.852794126653993789e-02,1.803538278075167423e-01,1.118258865409768044e-01
3.484792956539728981e-01,3.262266454024972395e-01,-2.225265025147565856e-02,-6.675795075442697568e-02,1.769990512112962211e-01,1.102411004568692454e-01
3.479003229266476316e-01,3.262266454024972395e-01,-2.167367752415039206e-02,-6.502103257245117618e-02,1.736918181975799502e-01,1.086707856251287740e-01
3.473322172778848804e-01,3.262266454024972395e-01,-2.110557187538764090e-02,-6.331671562616292270e-02,1.704316946288253476e-01,1.071149790026624249e-01
3.467748231270224024e-01,3.262266454024972395e-01,-2.054817772452516289e-02,-6.164453317357548867e-02,1.672182452587434032e-01,1.055737120851679145e-01
3.462279863473683994e-01,3.262266454024972395e-01,-2.000134094487115988e-02,-6.000402283461347963e-02,1.640510338962009040e-01,1.040470110615874244e-01
3.456915542688205889e-01,3.262266454024972395e-01,-1.946490886632334938e-02,-5.839472659897004814e-02,1.609296235643431494e-01,1.025348969653731013e-01
3.451653756799692996e-01,3.262266454024972395e-01,-1.893873027747206006e-02,-5.681619083241618018e-02,1.578535766553867958e-01,1.010373858229706157e-01
3.446493008297003002e-01,3.262266454024972395e-01,-1.842265542720306071e-02,-5.526796628160918212e-02,1.548224550806998057e-01,9.955448879909062354e-02
3.441431814283112400e-01,3.262266454024972395e-01,-1.791653602581400051e-02,-5.374960807744200153e-02,1.518358204167180592e-01,9.808621233927605765e-02
3.436468706481560775e-01,3.262266454024972395e-01,-1.742022524565883801e-02,-5.226067573697651403e-02,1.488932340465487503e-01,9.663255830957223624e-02
3.431602231238318756e-01,3.262266454024972395e-01,-1.693357772133463612e-02,-5.080073316400390837e-02,1.459942572972605657e-01,9.519352413325665729e-02
3.426830949519210079e-01,3.262266454024972395e-01,-1.645644954942376836e-02,-4.936934864827130509e-02,1.431384515732603280e-01,9.376910292498902288e-02
3.422153436903026535e-01,3.262266454024972395e-01,-1.598869828780541402e-02,-4.796609486341624207e-02,1.403253784855063024e-01,9.235928362209006037e-02
3.417568283570464605e-01,3.262266454024972395e-01,-1.553018295454922093e-02,-4.659054886364766279e-02,1.375545999768579275e-01,9.096405111321026471e-02
3.413074094289016425e-01,3.262266454024972395e-01,-1.508076402640440294e-02,-4.524229207921320883e-02,1.348256784434453959e-01,8.958338636423218704e-02
3.408669488393932245e-01,3.262266454024972395e-01,-1.464030343689598501e-02,-4.392091031068795504e-02,1.321381768525253797e-01,8.821726654183742466e-02
3.404353099765389801e-01,3.262266454024972395e-01,-1.420866457404174055e-02,-4.262599372212522164e-02,1.294916588562733395e-01,8.686566513414811785e-02
3.400123576801981629e-01,3.262266454024972395e-01,-1.378571227770092333e-02,-4.135713683310277000e-02,1.268856889022451639e-01,8.552855206914239394e-02
3.395979582390642459e-01,3.262266454024972395e-01,-1.337131283656700642e-02,-4.011393850970101926e-02,1.243198323401750738e-01,8.420589383047405452e-02
3.391919793873133804e-01,3.262266454024972395e-01,-1.296533398481614086e-02,-3.889600195444842257e-02,1.217936555252596698e-01,8.289765357081124719e-02
3.387942903009196205e-01,3.262266454024972395e-01,-1.256764489842238097e-02,-3.770293469526714292e-02,1.193067259181279649e-01,8.160379122286082199e-02
3.384047615936481290e-01,3.262266454024972395e-01,-1.217811619115088950e-02,-3.653434857345266851e-02,1.168586121814474410e-01,8.032426360799477250e-02
3.380232653127374087e-01,3.262266454024972395e-01,-1.179661991024016920e-02,-3.538985973072050761e-02,1.144488842732160894e-01,7.905902454249558176e-02
3.376496749342809411e-01,3.262266454024972395e-01,-1.142302953178370162e-02,-3.426908859535110485e-02,1.120771135369402760e-01,7.780802494158917115e-02
3.372838653583186685e-01,3.262266454024972395e-01,-1.105721995582142902e-02,-3.317165986746428707e-02,1.097428727886817779e-01,7.657121292121749079e-02
3.369257129036484777e-01,3.262266454024972395e-01,-1.069906750115123817e-02,-3.209720250345371451e-02,1.074457364010572569e-01,7.534853389760354236e-02
3.365750953023680658e-01,3.262266454024972395e-01,-1.034844989987082631e-02,-3.104534969961247892e-02,1.051852803841235584e-01,7.413993068451107948e-02
3.362318916941561264e-01,3.262266454024972395e-01,-1.000524629165888690e-02,-3.001573887497666071e-02,1.029610824635818211e-01,7.294534358860516043e-02
3.358959826203030130e-01,3.262266454024972395e-01,-9.669337217805773488e-03,-2.900801165341732046e-02,1.007727221559340247e-01,7.176471050251670425e-02
3.355672500175001516e-01,3.262266454024972395e-01,-9.340604615002912059e-03,-2.802181384500873618e-02,9.861978084085842866e-02,7.059796699584969248e-02
3.352455772113969168e-01,3.262266454024972395e-01,-9.018931808899677272e-03,-2.705679542669903181e-02,9.650184183097043622e-02,6.944504640427140441e-02
3.349308489099340758e-01,3.262266454024972395e-01,-8.704203507436836240e-03,-2.611261052231050872e-02,9.441849043885230941e-02,6.830587991654180069e-02
3.346229511964629033e-01,3.262266454024972395e-01,-8.396305793965663788e-03,-2.518891738189699137e-02,9.236931404135173551e-02,6.718039665945474415e-02
3.343217715226576847e-01,3.262266454024972395e-01,-8.095126120160445193e-03,-2.428537836048133558e-02,9.035390214156557853e-02,6.606852378108424295e-02
3.340271987012305432e-01,3.262266454024972395e-01,-7.800553298733303720e-03,-2.340165989619991116e-02,8.837184642814244206e-02,6.497018653194253091e-02
3.337391228984566416e-01,3.262266454024972395e-01,-7.512477495959402063e-03,-2.253743248787820619e-02,8.642274083217049707e-02,6.388530834429229088e-02
3.334574356265171402e-01,3.262266454024972395e-01,-7.230790224019900680e-03,-2.169237067205970204e-02,8.450618158185041473e-02,6.281381090979071269e-02
3.331820297356686278e-01,3.262266454024972395e-01,-6.955384333171388267e-03,-2.086615299951416480e-02,8.262176725455372406e-02,6.175561425503955926e-02
3.329127994062456297e-01,3.262266454024972395e-01,-6.686154003748390195e-03,-2.005846201124517059e-02,8.076909882689942144e-02,6.071063681565425085e-02
3.326496401405041881e-01,3.262266454024972395e-01,-6.422994738006948534e-03,-1.926898421402084560e-02,7.894777972243249842e-02,5.967879550841165281e-02
3.323924487543135631e-01,3.262266454024972395e-01,-6.165803351816323552e-03,-1.849741005544897066e-02,7.715741585718749462e-02,5.866000580173852397e-02
3.321411233687031062e-01,3.262266454024972395e-01,-5.914477966205866633e-03,-1.774343389861759990e-02,7.539761568313707585e-02,5.765418178451947595e-02
3.318955634012711320e-01,3.262266454024972395e-01,-5.668917998773892464e-03,-1.700675399632167739e-02,7.366799022959225063e-02,5.666123623327057324e-02
3.316556695574624514e-01,3.262266454024972395e-01,-5.429024154965211846e-03,-1.628707246489563554e-02,7.196815314260418539e-02,5.568108067770854985e-02
3.314213438217215590e-01,3.262266454024972395e-01,-5.194698419224319519e-03,-1.558409525767295856e-02,7.029772072226769808e-02,5.471362546459473952e-02
3.311924894485271387e-01,3.262266454024972395e-01,-4.965844046029899150e-03,-1.489753213808969745e-02,6.865631195832611056e-02,5.375877982023641311e-02
3.309690109533147129e-01,3.262266454024972395e-01,-4.742365550817473352e-03,-1.422709665245242006e-02,6.704354856372773952e-02,5.281645191127531946e-02
3.307508141032934335e-01,3.262266454024972395e-01,-4.524168700796193932e-03,-1.357250610238858179e-02,6.545905500638382613e-02,5.188654890399524433e-02
3.305378059081625630e-01,3.262266454024972395e-01,-4.311160505665323495e-03,-1.293348151699597048e-02,6.390245853926113107e-02,5.096897702226516058e-02
3.303298946107339207e-01,3.262266454024972395e-01,-4.103249208236681156e-03,-1.230974762471004347e-02,6.237338922859270163e-02,5.006364160388265816e-02
3.301269896774656765e-01,3.262266454024972395e-01,-3.900344274968436942e-03,-1.170103282490531083e-02,6.087147998047326425e-02,4.917044715556795342e-02
3.299290017889129900e-01,3.262266454024972395e-01,-3.702356386415750489e-03,-1.110706915924725147e-02,5.939636656580593588e-02,4.828929740655868441e-02
3.297358428301009337e-01,3.262266454024972395e-01,-3.509197427603694130e-03,-1.052759228281108239e-02,5.794768764361690749e-02,4.742009536080582510e-02
3.295474258808249735e-01,3.262266454024972395e-01,-3.320780478327733931e-03,-9.962341434983201793e-03,5.652508478278805981e-02,4.656274334780485802e-02
3.293636652058837821e-01,3.262266454024972395e-01,-3.137019803386542627e-03,-9.411059410159627880e-03,5.512820248235739129e-02,4.571714307219776341e-02
3.291844762452498241e-01,3.262266454024972395e-01,-2.957830842752584566e-03,-8.873492528257753698e-03,5.375668819018741829e-02,4.488319566192966459e-02
3.290097756041820420e-01,3.262266454024972395e-01,-2.783130201684802518e-03,-8.349390605054407555e-03,5.241019232033461428e-02,4.406080171528020673e-02
3.288394810432858084e-01,3.262266454024972395e-01,-2.612835640788568892e-03,-7.838506922365706675e-03,5.108836826887008797e-02,4.324986134650438130e-02
3.286735114685241932e-01,3.262266454024972395e-01,-2.446866066026953668e-03,-7.340598198080861003e-03,4.979087242848456718e-02,4.245027423040370618e-02
3.285117869211856556e-01,3.262266454024972395e-01,-2.285141518688416085e-03,-6.855424556065248254e-03,4.851736420156127494e-02,4.166193964549602669e-02
3.283542285678116568e-01,3.262266454024972395e-01,-2.127583165314417268e-03,-6.382749495943251805e-03,4.726750601219964487e-02,4.088475651625639307e-02
3.282007586900893004e-01,3.262266454024972395e-01,-1.974113287592060839e-03,-5.922339862776182517e-03,4.604096331670692877e-02,4.011862345393074625e-02
3.280513006747123317e-01,3.262266454024972395e-01,-1.824655272215092161e-03,-5.473965816645276483e-03,4.483740461309060343e-02,3.936343879644532695e-02
3.279057790032149922e-01,3.262266454024972395e-01,-1.679133600717752639e-03,-5.037400802153257917e-03,4.365650144920185660e-02,3.861910064704859868e-02
3.277641192417823368e-01,3.262266454024972395e-01,-1.537473839285097288e-03,-4.612421517855291864e-03,4.249792842979660534e-02,3.788550691194131348e-02
3.276262480310409009e-01,3.262266454024972395e-01,-1.399602628543661353e-03,-4.198807885630984060e-03,4.136136322243078034e-02,3.716255533679979628e-02
3.274920930758331572e-01,3.262266454024972395e-01,-1.265447673335917678e-03,-3.796343020007753033e-03,4.024648656232310273e-02,3.645014354231534970e-02
3.273615831349796501e-01,3.262266454024972395e-01,-1.134937732482410588e-03,-3.404813197447231765e-03,3.915298225605212679e-02,3.574816905860489502e-02
3.272346480110319700e-01,3.262266454024972395e-01,-1.008002608534730449e-03,-3.024007825604191346e-03,3.808053718430404189e-02,3.505652935869985054e-02
3.271112185400201766e-01,3.262266454024972395e-01,-8.845731375229370919e-04,-2.653719412568811276e-03,3.702884130353800707e-02,3.437512189096919579e-02
3.269912265811974472e-01,3.262266454024972395e-01,-7.645811787002076976e-04,-2.293743536100623093e-03,3.599758764681881829e-02,3.370384411071819519e-02
3.268746050067858344e-01,3.262266454024972395e-01,-6.479596042885948926e-04,-1.943878812865784678e-03,3.498647232348384151e-02,3.304259351061805683e-02
3.267612876917252440e-01,3.262266454024972395e-01,-5.346422892280044969e-04,-1.603926867684013491e-03,3.399519451817711868e-02,3.239126765049310519e-02
3.266512095034297403e-01,3.262266454024972395e-01,-4.245641009325007431e-04,-1.273692302797502229e-03,3.302345648865112615e-02,3.174976418585362392e-02
3.265443062915527883e-01,3.262266454024972395e-01,-3.176608890555487896e-04,-9.529826671666463689e-04,3.207096356308558605e-02,3.111798089591893968e-02
3.264405148777654309e-01,3.262266454024972395e-01,-2.138694752681913336e-04,-6.416084258045740008e-04,3.113742413620723681e-02,3.049581571040266281e-02
3.263397730455491197e-01,3.262266454024972395e-01,-1.131276430518801668e-04,-3.393829291556405003e-04,3.022254966489335004e-02,2.988316673573770954e-02
3.262420195300063663e-01,3.262266454024972395e-01,-1.537412750912681147e-05,-4.612238252738043442e-05,2.932605466282600659e-02,2.927993228029862616e-02
3.261471940076916542e-01,3.262266454024972395e-01,7.945139480558527367e-05,2.383541844167558210e-04,2.844765669441362554e-02,2.868601087883038137e-02
3.260552370864648331e-01,3.262266454024972395e-01,1.714083160324064714e-04,5.142249480972194142e-04,2.758707636804635932e-02,2.810130131614357873e-02
3.259660902953696038e-01,3.262266454024972395e-01,2.605551071276357433e-04,7.816653213829072300e-04,2.674403732856878158e-02,2.752570264995168881e-02
3.258796960745393712e-01,3.262266454024972395e-01,3.469493279578683698e-04,1.040847983873605109e-03,2.591826624906978793e-02,2.695911423294339304e-02
3.257959977651324612e-01,3.262266454024972395e-01,4.306476373647782907e-04,1.291942912094334872e-03,2.510949282207297628e-02,2.640143573416731115e-02
3.257149395992989804e-01,3.262266454024972395e-01,5.117058031982590904e-04,1.535117409594777271e-03,2.431744975004423992e-02,2.585256715963901719e-02
3.256364666901814253e-01,3.262266454024972395e-01,5.901787123158142023e-04,1.770536136947442607e-03,2.354187273526653357e-02,2.531240887221397617e-02
3.255605250219510971e-01,3.262266454024972395e-01,6.661203805461424210e-04,1.998361141638427263e-03,2.278250046909846560e-02,2.478086161073689286e-02
3.254870614398818751e-01,3.262266454024972395e-01,7.395839626153644097e-04,2.218751887846093229e-03,2.203907462076659662e-02,2.425782650861268985e-02
3.254160236404635143e-01,3.262266454024972395e-01,8.106217620337252683e-04,2.431865286101175805e-03,2.131133982550825756e-02,2.374320511160943337e-02
3.253473601615562982e-01,3.262266454024972395e-01,8.792852409409412928e-04,2.637855722822823878e-03,2.059904367216480736e-02,2.323689939498763124e-02
3.252810203725886029e-01,3.262266454024972395e-01,9.456250299086366162e-04,2.836875089725909849e-03,1.990193669030859702e-02,2.273881178003450687e-02
3.252169544647988686e-01,3.262266454024972395e-01,1.009690937698370927e-03,3.029072813095112782e-03,1.921977233692029330e-02,2.224884515001540608e-02
3.251551134415241462e-01,3.262266454024972395e-01,1.071531960973093334e-03,3.214595882919280001e-03,1.855230698241672194e-02,2.176690286533600194e-02
3.250954491085359943e-01,3.262266454024972395e-01,1.131196293961245214e-03,3.393588881883735642e-03,1.789929989644556407e-02,2.129288877832929971e-02
3.250379140644256704e-01,3.262266454024972395e-01,1.188731338071569166e-03,3.566194014214707497e-03,1.726051323309718555e-02,2.082670724731189305e-02
3.249824616910400588e-01,3.262266454024972395e-01,1.244183711457180763e-03,3.732551134371542290e-03,1.663571201568347924e-02,2.036826315005502153e-02
3.249290461439694466e-01,3.262266454024972395e-01,1.297599258527792898e-03,3.892797775583378694e-03,1.602466412118364048e-02,1.991746189676701917e-02
3.248776223430885346e-01,3.262266454024972395e-01,1.349023059408704928e-03,4.047069178226114783e-03,1.542714026427360885e-02,1.947420944249972363e-02
3.248281459631518486e-01,3.262266454024972395e-01,1.398499439345390893e-03,4.195498318036172680e-03,1.484291398100578974e-02,1.903841229904196242e-02
3.247805734244450515e-01,3.262266454024972395e-01,1.446071978052188012e-03,4.338215934156564035e-03,1.427176161203913551e-02,1.860997754619569955e-02
3.247348618834928757e-01,3.262266454024972395e-01,1.491783519004363789e-03,4.475350557013091368e-03,1.371346228565273329e-02,1.818881284266582465e-02
3.246909692238250100e-01,3.262266454024972395e-01,1.535676178672229497e-03,4.607028536016688491e-03,1.316779790035971232e-02,1.777482643637640081e-02
3.246488540468007722e-01,3.262266454024972395e-01,1.577791355696467335e-03,4.733374067089402004e-03,1.263455310727135128e-02,1.736792717436075328e-02
3.246084756624939560e-01,3.262266454024972395e-01,1.618169740003283508e-03,4.854509220009850523e-03,1.211351529204485189e-02,1.696802451205470241e-02
3.245697940806383519e-01,3.262266454024972395e-01,1.656851321858887616e-03,4.970553965576662847e-03,1.160447455668123240e-02,1.657502852225789525e-02
3.245327700016349404e-01,3.262266454024972395e-01,1.693875400862299152e-03,5.081626202586897456e-03,1.110722370102346090e-02,1.618884990361035836e-02
3.244973648076219241e-01,3.262266454024972395e-01,1.729280594875315380e-03,5.187841784625946140e-03,1.062155820390486838e-02,1.580939998853081452e-02
3.244635405536077655e-01,3.262266454024972395e-01,1.763104848889474052e-03,5.289314546668422157e-03,1.014727620424760168e-02,1.543659075091602384e-02
3.244312599586686718e-01,3.262266454024972395e-01,1.795385443828567684e-03,5.386156331485703053e-03,9.684178481728089594e-03,1.507033481321379265e-02
3.244004863972109187e-01,3.262266454024972395e-01,1.826159005286320802e-03,5.478477015858962407e-03,9.232068437325935406e-03,1.471054545318489781e-02
3.243711838902984534e-01,3.262266454024972395e-01,1.855461512198786078e-03,5.566384536596358235e-03,8.790752073739582784e-03,1.435713661033594102e-02
3.243433170970470569e-01,3.262266454024972395e-01,1.883328305450182594e-03,5.649984916350547781e-03,8.360037975418954659e-03,1.401002289176950244e-02
3.243168513060848412e-01,3.262266454024972395e-01,1.909794096412398279e-03,5.729382289237194836e-03,7.939737288664705517e-03,1.366911957790190035e-02
3.242917524270804153e-01,3.262266454024972395e-01,1.934892975416824257e-03,5.804678926250472770e-03,7.529663701327793390e-03,1.333434262757826616e-02
3.242679869823387184e-01,3.262266454024972395e-01,1.958658420158521096e-03,5.875975260475563289e-03,7.129633422509051854e-03,1.300560868298461514e-02
3.242455220984653552e-01,3.262266454024972395e-01,1.981123304031884302e-03,5.943369912095652907e-03,6.739465162008961840e-03,1.268283507410461475e-02
3.242243254980993750e-01,3.262266454024972395e-01,2.002319904397864558e-03,6.006959713193593675e-03,6.358980109794076796e-03,1.236593982298767047e-02
3.242043654917157181e-01,3.262266454024972395e-01,2.022279910781521473e-03,6.066839732344564418e-03,5.988001915097074246e-03,1.205484164744163866e-02
3.241856109694967736e-01,3.262266454024972395e-01,2.041034433000465942e-03,6.123103299001397826e-03,5.626356665683340808e-03,1.174945996468473863e-02
3.241680313932743251e-01,3.262266454024972395e-01,2.058614009222914376e-03,6.175842027668743128e-03,5.273872866734530263e-03,1.144971489440327339e-02
3.241515967885413296e-01,3.262266454024972395e-01,2.075048613955909893e-03,6.225145841867729679e-03,4.930381419898655082e-03,1.115552726176638476e-02
3.241362777365344727e-01,3.262266454024972395e-01,2.090367665962766797e-03,6.271102997888300390e-03,4.595715602057071081e-03,1.086681859994537147e-02
3.241220453663876122e-01,3.262266454024972395e-01,2.104600036109627315e-03,6.313800108328881944e-03,4.269711044058155380e-03,1.058351115238703732e-02
3.241088713473559979e-01,3.262266454024972395e-01,2.117774055141241618e-03,6.353322165423724854e-03,3.952205709484291063e-03,1.030552787490801592e-02
3.240967278811118790e-01,3.262266454024972395e-01,2.129917521385360502e-03,6.389752564156081505e-03,3.643039873235665027e-03,1.003279243739174653e-02
3.240855876941114988e-01,3.262266454024972395e-01,2.141057708385740721e-03,6.423173125157222163e-03,3.342056100114065842e-03,9.765229225271288005e-03
3.240754240300336431e-01,3.262266454024972395e-01,2.151221372463596460e-03,6.453664117390789379e-03,3.049099223356721566e-03,9.502763340747510945e-03
3.240662106422898536e-01,3.262266454024972395e-01,2.160434760207385896e-03,6.481304280622157687e-03,2.764016323136830877e-03,9.245320603758988565e-03
3.240579217866064732e-01,3.262266454024972395e-01,2.168723615890766343e-03,6.506170847672299029e-03,2.486656705014134161e-03,8.992827552686433190e-03
3.240505322136783550e-01,3.262266454024972395e-01,2.176113188818884492e-03,6.528339566456653476e-03,2.216871878435444643e-03,8.745211444892098118e-03
3.240440171618947374e-01,3.262266454024972395e-01,2.182628240602502157e-03,6.547884721807506470e-03,1.954515535085299405e-03,8.502400256892805874e-03
3.240383523501367824e-01,3.262266454024972395e-01,2.188293052360457125e-03,6.564879157081371375e-03,1.699443527386490516e-03,8.264322684467861890e-03
3.240335139706472800e-01,3.262266454024972395e-01,2.193131431849959512e-03,6.579394295549878535e-03,1.451513846850716050e-03,8.030908142400594585e-03
3.240294786819720163e-01,3.262266454024972395e-01,2.197166720525223216e-03,6.591500161575669647e-03,1.210586602579111215e-03,7.802086764154780862e-03
3.240262236019731401e-01,3.262266454024972395e-01,2.200421800524099414e-03,6.601265401572298241e-03,9.765239996628594099e-04,7.577789401235157651e-03
3.240237263009144164e-01,3.262266454024972395e-01,2.202919101582823114e-03,6.608757304748469341e-03,7.491903176171099688e-04,7.357947622365579310e-03
3.240219647946179227e-01,3.262266454024972395e-01,2.204680607879316856e-03,6.614041823637950568e-03,5.284518889481226722e-04,7.142493712586073240e-03
3.240209175376926876e-01,3.262266454024972395e-01,2.205727864804551963e-03,6.617183594413655889e-03,3.141770775705321483e-04,6.931360671984188038e-03
3.240205634168346616e-01,3.262266454024972395e-01,2.206081985662577960e-03,6.618245956987733880e-03,1.062362574077990729e-04,6.724482214395532953e-03
3.240208817441980749e-01,3.262266454024972395e-01,2.205763658299164653e-03,6.617290974897493960e-03,-9.549820902399197564e-05,6.521792765873501985e-03
3.240218522508380716e-01,3.262266454024972395e-01,2.204793151659167894e-03,6.614379454977503681e-03,-2.911519919990279703e-04,6.323227462978475710e-03
3.240234550802243430e-01,3.262266454024972395e-01,2.203190322272896573e-03,6.609570966818689719e-03,-4.808488158813961633e-04,6.128722150937293556e-03
3.240256707818257031e-01,3.262266454024972395e-01,2.200974620671536375e-03,6.602923862014609124e-03,-6.647104804080594675e-04,5.938213381606549657e-03
3.240284803047652207e-01,3.262266454024972395e-01,2.198165097732018847e-03,6.594495293196056540e-03,-8.428568818552584219e-04,5.751638411340798118e-03
3.240318649915459037e-01,3.262266454024972395e-01,2.194780410951335803e-03,6.584341232854007409e-03,-1.015406034204913155e-03,5.568935198649094254e-03
3.240358065718464409e-01,3.262266454024972395e-01,2.190838830650798652e-03,6.572516491952395956e-03,-1.182474090161145241e-03,5.390042401791250715e-03
3.240402871563871634e-01,3.262266454024972395e-01,2.186358246110076120e-03,6.559074738330228360e-03,-1.344175362216759595e-03,5.214899376113468765e-03
3.240452892308655075e-01,3.262266454024972395e-01,2.181356171631732010e-03,6.544068514895196031e-03,-1.500622343503232869e-03,5.043446171391963162e-03
3.240507956499609765e-01,3.262266454024972395e-01,2.175849752536263004e-03,6.527549257608789013e-03,-1.651925728640701863e-03,4.875623528968087150e-03
3.240567896314093255e-01,3.262266454024972395e-01,2.169855771087914054e-03,6.509567313263742161e-03,-1.798194434504685191e-03,4.711372878759056970e-03
3.240632547501455796e-01,3.262266454024972395e-01,2.163390652351659948e-03,6.490171957054979845e-03,-1.939535620876231548e-03,4.550636336178748298e-03
3.240701749325154424e-01,3.262266454024972395e-01,2.156470469981797144e-03,6.469411409945391433e-03,-2.076054710958841198e-03,4.393356698986550235e-03
3.240775344505552047e-01,3.262266454024972395e-01,2.149110951942034831e-03,6.447332855826104492e-03,-2.207855411928694167e-03,4.239477443897410325e-03
3.240853179163393771e-01,3.262266454024972395e-01,2.141327486157862392e-03,6.423982458473587176e-03,-2.335039735251731585e-03,4.088942723221855591e-03
3.240935102763958242e-01,3.262266454024972395e-01,2.133135126101415313e-03,6.399405378304245939e-03,-2.457708016934123663e-03,3.941697361370122277e-03
3.241020968061884555e-01,3.262266454024972395e-01,2.124548596308784010e-03,6.373645788926352029e-03,-2.575958937789391001e-03,3.797686851136961028e-03
3.241110631046661972e-01,3.262266454024972395e-01,2.115582297831042347e-03,6.346746893493127040e-03,-2.689889543322498966e-03,3.656857350170628074e-03
3.241203950888789653e-01,3.262266454024972395e-01,2.106250313618274195e-03,6.318750940854822584e-03,-2.799595263830445546e-03,3.519155677024377038e-03
3.241300789886594202e-01,3.262266454024972395e-01,2.096566413837819276e-03,6.289699241513457828e-03,-2.905169934136475618e-03,3.384529307376982210e-03
3.241401013413706123e-01,3.262266454024972395e-01,2.086544061126627270e-03,6.259632183379881809e-03,-3.006705813357601897e-03,3.252926370022279912e-03
3.241504489867187977e-01,3.262266454024972395e-01,2.076196415778441828e-03,6.228589247335325485e-03,-3.104293604455632405e-03,3.124295642879693080e-03
3.241611090616312585e-01,3.262266454024972395e-01,2.065536340865981035e-03,6.196609022597943106e-03,-3.198022473738237892e-03,2.998586548859705214e-03
3.241720689951986256e-01,3.262266454024972395e-01,2.054576407298613905e-03,6.163729221895841714e-03,-3.287980070210139161e-03,2.875749151685702554e-03
3.241833165036811515e-01,3.262266454024972395e-01,2.043328898816088035e-03,6.129986696448264105e-03,-3.374252544757760930e-03,2.755734151690503175e-03
3.241948395855788201e-01,3.262266454024972395e-01,2.031805816918419438e-03,6.095417450755258315e-03,-3.456924569300579009e-03,2.638492881454679306e-03
3.242066265167646844e-01,3.262266454024972395e-01,2.020018885732555169e-03,6.060056657197665508e-03,-3.536079355759280674e-03,2.523977301438384835e-03
3.242186658456806536e-01,3.262266454024972395e-01,2.007979556816585909e-03,6.023938670449757726e-03,-3.611798674790778207e-03,2.412139995658979519e-03
3.242309463885962306e-01,3.262266454024972395e-01,1.995699013901008900e-03,5.987097041703026701e-03,-3.684162874673102550e-03,2.302934167029924151e-03
3.242434572249284774e-01,3.262266454024972395e-01,1.983188177568762089e-03,5.949564532706286268e-03,-3.753250899674043239e-03,2.196313633032243029e-03
3.242561876926240427e-01,3.262266454024972395e-01,1.970457709873196794e-03,5.911373129619590383e-03,-3.819140308669588535e-03,2.092232820950001848e-03
3.242691273836016963e-01,9.955438887862344544e-02,-2.247147385049782509e-01,-6.741442155149347526e-01,0.000000000000000000e+00,-6.741442155149347526e-01
3.242146526530278461e-01,9.955438887862344544e-02,-2.246602637744044006e-01,-6.739807913232132019e-01,1.634241917215506490e-02,-6.576383721510581370e-01
3.240944140852389244e-01,9.955438887862344544e-02,-2.245400252066154789e-01,-6.736200756198464923e-01,3.607157033667651724e-02,-6.375485052831699750e-01
3.239104206669216612e-01,9.955438887862344544e-02,-2.243560317882982158e-01,-6.730680953648946474e-01,5.519802549517893731e-02,-6.178700698697157101e-01
3.236646402416174517e-01,9.955438887862344544e-02,-2.241102513629940063e-01,-6.723307540889820189e-01,7.373412759126285465e-02,-5.985966264977191642e-01
3.233590001536634229e-01,9.955438887862344544e-02,-2.238046112750399774e-01,-6.714138338251198768e-01,9.169202638620865820e-02,-5.797218074389112186e-01
3.229953878849655124e-01,9.955438887862344544e-02,-2.234409990063420670e-01,-6.703229970190262010e-01,1.090836806093731237e-01,-5.612393164096530773e-01
3.225756516846266519e-01,9.955438887862344544e-02,-2.230212628060032065e-01,-6.690637884180096195e-01,1.259208601016581497e-01,-5.431429283163514699e-01
3.221016011914561439e-01,9.955438887862344544e-02,-2.225472123128326984e-01,-6.676416369384980953e-01,1.422151479511524208e-01,-5.254264889873456745e-01
3.215750080493869345e-01,9.955438887862344544e-02,-2.220206191707634891e-01,-6.660618575122905227e-01,1.579779426207628124e-01,-5.080839148915277104e-01
3.209976065158285374e-01,9.955438887862344544e-02,-2.214432176372050920e-01,-6.643296529116152760e-01,1.732204600675191219e-01,-4.911091928440961540e-01
3.203710940629857507e-01,9.955438887862344544e-02,-2.208167051843623052e-01,-6.624501155530868601e-01,1.879537358528360347e-01,-4.744963797002508255e-01
3.196971319721729210e-01,9.955438887862344544e-02,-2.201427430935494756e-01,-6.604282292806484822e-01,2.021886272438488952e-01,-4.582396020367995870e-01
3.189773459211563966e-01,9.955438887862344544e-02,-2.194229570425329512e-01,-6.582688711275987981e-01,2.159358153049573126e-01,-4.423330558226414855e-01
3.182133265645576414e-01,9.955438887862344544e-02,-2.186589376859341960e-01,-6.559768130578025325e-01,2.292058069796265585e-01,-4.267710060781759740e-01
3.174066301073510399e-01,9.955438887862344544e-02,-2.178522412287275944e-01,-6.535567236861827833e-01,2.420089371619804641e-01,-4.115477865242023192e-01
3.165587788714920303e-01,9.955438887862344544e-02,-2.170043899928685849e-01,-6.510131699786056991e-01,2.543553707577028700e-01,-3.966577992209028292e-01
3.156712618557109273e-01,9.955438887862344544e-02,-2.161168729770874819e-01,-6.483506189312624457e-01,2.662551047343308941e-01,-3.820955141969315516e-01
3.147455352885101254e-01,9.955438887862344544e-02,-2.151911464098866800e-01,-6.455734392296600399e-01,2.777179701602405792e-01,-3.678554690694194607e-01
3.137830231744023757e-01,9.955438887862344544e-02,-2.142286342957789302e-01,-6.426859028873368462e-01,2.887536342323249183e-01,-3.539322686550119279e-01
3.127851178334291604e-01,9.955438887862344544e-02,-2.132307289548057150e-01,-6.396921868644172005e-01,2.993716022919645781e-01,-3.403205845724526224e-01
3.117531804339986889e-01,9.955438887862344544e-02,-2.121987915553752435e-01,-6.365963746661257305e-01,3.095812198291414408e-01,-3.270151548369842898e-01
3.106885415190845379e-01,9.955438887862344544e-02,-2.111341526404610924e-01,-6.334024579213832773e-01,3.193916744742453240e-01,-3.140107834471379533e-01
3.095925015258256252e-01,9.955438887862344544e-02,-2.100381126472021798e-01,-6.301143379416065393e-01,3.288119979776737978e-01,-3.013023399639327415e-01
3.084663312985703176e-01,9.955438887862344544e-02,-2.089119424199468722e-01,-6.267358272598406721e-01,3.378510681765922730e-01,-2.888847590832483991e-01
3.073112725954066926e-01,9.955438887862344544e-02,-2.077568837167832472e-01,-6.232706511503497415e-01,3.465176109490875067e-01,-2.767530402012622348e-01
3.061285385882229759e-01,9.955438887862344544e-02,-2.065741497095995305e-01,-6.197224491287985915e-01,3.548202021551150054e-01,-2.649022469736835861e-01
3.049193143563418973e-01,9.955438887862344544e-02,-2.053649254777184519e-01,-6.160947764331553556e-01,3.627672695643235912e-01,-2.533275068688317644e-01
3.036847573737739281e-01,9.955438887862344544e-02,-2.041303684951504827e-01,-6.123911054854513925e-01,3.703670947703907590e-01,-2.420240107150606335e-01
3.024259979901344209e-01,9.955438887862344544e-02,-2.028716091115109754e-01,-6.086148273345328708e-01,3.776278150918521703e-01,-2.309870122426807004e-01
3.011441399052706691e-01,9.955438887862344544e-02,-2.015897510266472237e-01,-6.047692530799416710e-01,3.845574254591255237e-01,-2.202118276208161474e-01
2.998402606376448509e-01,9.955438887862344544e-02,-2.002858717590214055e-01,-6.008576152770641610e-01,3.911637802877454551e-01,-2.096938349893187059e-01
2.985154119865200961e-01,9.955438887862344544e-02,-1.989610231078966507e-01,-5.968830693236899521e-01,3.974545953374264418e-01,-1.994284739862635103e-01
2.971706204879966950e-01,9.955438887862344544e-02,-1.976162316093732496e-01,-5.928486948281197488e-01,4.034374495570203223e-01,-1.894112452710994265e-01
2.958068878649461886e-01,9.955438887862344544e-02,-1.962524989863227431e-01,-5.887574969589681739e-01,4.091197869151519395e-01,-1.796377100438162344e-01
2.944251914708913009e-01,9.955438887862344544e-02,-1.948708025922678555e-01,-5.846124077768035665e-01,4.145089182164662933e-01,-1.701034895603372732e-01
2.930264847278803986e-01,9.955438887862344544e-02,-1.934720958492569531e-01,-5.804162875477708594e-01,4.196120229032707094e-01,-1.608042646445001500e-01
2.916116975584050475e-01,9.955438887862344544e-02,-1.920573086797816020e-01,-5.761719260393447506e-01,4.244361508426053309e-01,-1.517357751967394197e-01
2.901817368114100182e-01,9.955438887862344544e-02,-1.906273479327865727e-01,-5.718820437983597182e-01,4.289882240985087858e-01,-1.428938196998509325e-01
2.887374866824449771e-01,9.955438887862344544e-02,-1.891830978038215316e-01,-5.675492934114645394e-01,4.332750386895123373e-01,-1.342742547219522020e-01
2.872798091280077681e-01,9.955438887862344544e-02,-1.877254202493843227e-01,-5.631762607481529681e-01,4.373032663311626767e-01,-1.258729944169902915e-01
2.858095442741288572e-01,9.955438887862344544e-02,-1.862551553955054118e-01,-5.587654661865162353e-01,4.410794561636732780e-01,-1.176860100228429573e-01
2.843275108192476197e-01,9.955438887862344544e-02,-1.847731219406241743e-01,-5.543193658218725783e-01,4.446100364643712499e-01,-1.097093293575013284e-01
2.828345064314306545e-01,9.955438887862344544e-02,-1.832801175528072091e-01,-5.498403526584216827e-01,4.479013163450895618e-01,-1.019390363133321209e-01
2.813313081399823612e-01,9.955438887862344544e-02,-1.817769192613589158e-01,-5.453307577840766918e-01,4.509594874344879933e-01,-9.437127034958869842e-02
2.798186727214991287e-01,9.955438887862344544e-02,-1.802642838428756833e-01,-5.407928515286271054e-01,4.537906255449697390e-01,-8.700222598365736637e-02
2.782973370804174840e-01,9.955438887862344544e-02,-1.787429482017940385e-01,-5.362288446053821156e-01,4.564006923244934288e-01,-7.982815228088868675e-02
2.767680186241077700e-01,9.955438887862344544e-02,-1.772136297454843246e-01,-5.316408892364530292e-01,4.587955368929141908e-01,-7.284535234353883837e-02
2.752314156325637029e-01,9.955438887862344544e-02,-1.756770267539402575e-01,-5.270310802618207724e-01,4.609808974632201295e-01,-6.605018279860064290e-02
2.736882076227397653e-01,9.955438887862344544e-02,-1.741338187441163199e-01,-5.224014562323489042e-01,4.629624029471812729e-01,-5.943905328516763120e-02
2.721390557075873406e-01,9.955438887862344544e-02,-1.725846668289638952e-01,-5.177540004868916856e-01,4.647455745457274023e-01,-5.300842594116428330e-02
2.705846029498407690e-01,9.955438887862344544e-02,-1.710302140712173236e-01,-5.130906422136519707e-01,4.663358273239714968e-01,-4.675481488968047383e-02
2.690254747106052280e-01,9.955438887862344544e-02,-1.694710858319817826e-01,-5.084132574959453477e-01,4.677384717706623007e-01,-4.067478572528304692e-02
2.674622789927971755e-01,9.955438887862344544e-02,-1.679078901141737301e-01,-5.037236703425211903e-01,4.689587153424157329e-01,-3.476495500010545747e-02
2.658956067794890910e-01,9.955438887862344544e-02,-1.663412179008656455e-01,-4.990236537025969366e-01,4.700016639924253781e-01,-2.902198971017155849e-02
2.643260323672100287e-01,9.955438887862344544e-02,-1.647716434885865833e-01,-4.943149304657597498e-01,4.708723236837186743e-01,-2.344260678204107551e-02
2.627541136942527222e-01,9.955438887862344544e-02,-1.631997248156292768e-01,-4.895991744468878304e-01,4.715756018871919419e-01,-1.802357255969588845e-02
2.611803926640394735e-01,9.955438887862344544e-02,-1.616260037854160281e-01,-4.848780113562480842e-01,4.721163090639746152e-01,-1.276170229227346908e-02
2.596053954635970107e-01,9.955438887862344544e-02,-1.600510065849735652e-01,-4.801530197549206957e-01,4.724991601327388491e-01,-7.653859622181846678e-03
2.580296328771923275e-01,9.955438887862344544e-02,-1.584752439985688821e-01,-4.754257319957066463e-01,4.727287759214049423e-01,-2.696956074301704032e-03
2.564536005951801867e-01,9.955438887862344544e-02,-1.568992117165567413e-01,-4.706976351496702238e-01,4.728096846036422551e-01,2.112049453972031365e-03
2.548777795181134675e-01,9.955438887862344544e-02,-1.553233906394900221e-01,-4.659701719184700663e-01,4.727463231200157434e-01,6.776151201545677072e-03
2.533026360561668744e-01,9.955438887862344544e-02,-1.537482471775434290e-01,-4.612447415326302869e-01,4.725430385839779479e-01,1.129829705134766105e-02
2.517286224239254078e-01,9.955438887862344544e-02,-1.521742335453019623e-01,-4.565227006359058870e-01,4.722040896724399861e-01,1.568138903653409910e-02
2.501561769305876148e-01,9.955438887862344544e-02,-1.506017880519641694e-01,-4.518053641558925082e-01,4.717336480013378797e-01,1.992828384544537146e-02
2.485857242656343835e-01,9.955438887862344544e-02,-1.490313353870109381e-01,-4.470940061610327865e-01,4.711357994859693976e-01,2.404179332493661114e-02
2.470176757800136291e-01,9.955438887862344544e-02,-1.474632869013901837e-01,-4.423898607041705233e-01,4.704145456862263153e-01,2.802468498205579195e-02
2.454524297628910834e-01,9.955438887862344544e-02,-1.458980408842676380e-01,-4.376941226528029416e-01,4.695738051367637222e-01,3.187968248396078064e-02
2.438903717140169236e-01,9.955438887862344544e-02,-1.443359828353934782e-01,-4.330079485061804068e-01,4.686174146622479331e-01,3.560946615606752630e-02
2.423318746117583689e-01,9.955438887862344544e-02,-1.427774857331349234e-01,-4.283324571994047703e-01,4.675491306775664269e-01,3.921667347816165661e-02
2.407772991768476478e-01,9.955438887862344544e-02,-1.412229102982242024e-01,-4.236687308946726072e-01,4.663726304732163097e-01,4.270389957854370255e-02
2.392269941318947712e-01,9.955438887862344544e-02,-1.396726052532713258e-01,-4.190178157598140052e-01,4.650915134858629729e-01,4.607369772604896774e-02
2.376812964567145137e-01,9.955438887862344544e-02,-1.381269075780910682e-01,-4.143807227342731769e-01,4.637093025540772739e-01,4.932857981980409701e-02
2.361405316395162324e-01,9.955438887862344544e-02,-1.365861427608927869e-01,-4.097584282826783886e-01,4.622294451594843867e-01,5.247101687680599813e-02
2.346050139240056231e-01,9.955438887862344544e-02,-1.350506250453821777e-01,-4.051518751361465331e-01,4.606553146531827680e-01,5.550343951703623491e-02
2.330750465524467074e-01,9.955438887862344544e-02,-1.335206576738232620e-01,-4.005619730214697860e-01,4.589902114676747136e-01,5.842823844620492757e-02
2.315509220047324290e-01,9.955438887862344544e-02,-1.319965331261089836e-01,-3.959895993783269508e-01,4.572373643142835231e-01,6.124776493595657234e-02
2.300329222335117385e-01,9.955438887862344544e-02,-1.304785333548882931e-01,-3.914356000646648792e-01,4.553999313662071557e-01,6.396433130154227653e-02
2.285213188954212105e-01,9.955438887862344544e-02,-1.289669300167977650e-01,-3.869007900503932951e-01,4.534810014271584144e-01,6.658021137676511936e-02
2.270163735784683501e-01,9.955438887862344544e-02,-1.274619846998449046e-01,-3.823859540995346862e-01,4.514835950858581137e-01,6.909764098632342755e-02
2.255183380256141346e-01,9.955438887862344544e-02,-1.259639491469906891e-01,-3.778918474409720396e-01,4.494106658562646572e-01,7.151881841529261763e-02
2.240274543546014463e-01,9.955438887862344544e-02,-1.244730654759780009e-01,-3.734191964279339748e-01,4.472651013038064782e-01,7.384590487587250340e-02
2.225439552740763327e-01,9.955438887862344544e-02,-1.229895663954528873e-01,-3.689686991863586618e-01,4.450497241575340768e-01,7.608102497117541496e-02
2.210680642960483333e-01,9.955438887862344544e-02,-1.215136754174248879e-01,-3.645410262522746914e-01,4.427672934083998202e-01,7.822626715612512882e-02
2.195999959447359484e-01,9.955438887862344544e-02,-1.200456070661125030e-01,-3.601368211983375089e-01,4.404205053937154668e-01,8.028368419537795786e-02
2.181399559618431017e-01,9.955438887862344544e-02,-1.185855670832196562e-01,-3.557567012496589687e-01,4.380119948678540265e-01,8.225529361819505780e-02
2.166881415083120876e-01,9.955438887862344544e-02,-1.171337526296886422e-01,-3.514012578890659544e-01,4.355443360593042046e-01,8.414307817023825020e-02
2.152447413625980799e-01,9.955438887862344544e-02,-1.156903524839746344e-01,-3.470710574519239033e-01,4.330200437142023295e-01,8.594898626227842620e-02
2.138099361155103018e-01,9.955438887862344544e-02,-1.142555472368868563e-01,-3.427666417106605690e-01,4.304415741263334372e-01,8.767493241567286821e-02
2.123838983616641030e-01,9.955438887862344544e-02,-1.128295094830406575e-01,-3.384885284491219726e-01,4.278113261538596390e-01,8.932279770473766645e-02
2.109667928875883780e-01,9.955438887862344544e-02,-1.114124040089649326e-01,-3.342372120268948255e-01,4.251316422227174874e-01,9.089443019582266192e-02
2.095587768565322362e-01,9.955438887862344544e-02,-1.100043879779087908e-01,-3.300131639337263723e-01,4.224048093168425444e-01,9.239164538311617214e-02
2.081599999900144160e-01,9.955438887862344544e-02,-1.086056111113909706e-01,-3.258168333341728840e-01,4.196330599553460550e-01,9.381622662117317102e-02
2.067706047461587149e-01,9.955438887862344544e-02,-1.072162158675352694e-01,-3.216486476026058083e-01,4.168185731567103369e-01,9.516992555410452859e-02
2.053907264948583999e-01,9.955438887862344544e-02,-1.058363376162349545e-01,-3.175090128487048635e-01,4.139634753900944819e-01,9.645446254138961839e-02
2.040204936898122323e-01,9.955438887862344544e-02,-1.044661048111887869e-01,-3.133983144335663606e-01,4.110698415138502870e-01,9.767152708028392638e-02
2.026600280374740992e-01,9.955438887862344544e-02,-1.031056391588506538e-01,-3.093169174765519891e-01,4.081396957014399307e-01,9.882277822488794161e-02
2.013094446629584422e-01,9.955438887862344544e-02,-1.017550557843349968e-01,-3.052651673530050180e-01,4.051750123546971061e-01,9.990984500169208804e-02
1.999688522729429763e-01,9.955438887862344544e-02,-1.004144633943195308e-01,-3.012433901829585925e-01,4.021777170046397787e-01,1.009343268216811862e-01
1.986383533156096670e-01,9.955438887862344544e-02,-9.908396443698622158e-02,-2.972518933109586925e-01,3.991496871999927754e-01,1.018977938890340829e-01
1.973180441376652661e-01,9.955438887862344544e-02,-9.776365525904182063e-02,-2.932909657771254341e-01,3.960927533833202840e-01,1.028017876061948499e-01
1.960080151384814839e-01,9.955438887862344544e-02,-9.645362625985803851e-02,-2.893608787795741155e-01,3.930086997551346384e-01,1.036478209755605229e-01
1.947083509213952401e-01,9.955438887862344544e-02,-9.515396204277179470e-02,-2.854618861283153564e-01,3.898992651258731401e-01,1.044373789975577838e-01
1.934191304422087643e-01,9.955438887862344544e-02,-9.386474156358531884e-02,-2.815942246907559565e-01,3.867661437559427595e-01,1.051719190651868030e-01
1.921404271549287945e-01,9.955438887862344544e-02,-9.258603827630534910e-02,-2.777581148289160473e-01,3.836109861839909208e-01,1.058528713550748734e-01
1.908723091547843420e-01,9.955438887862344544e-02,-9.131792027616089658e-02,-2.739537608284826620e-01,3.804354000433357585e-01,1.064816392148530966e-01
1.896148393185613790e-01,9.955438887862344544e-02,-9.006045043993793353e-02,-2.701813513198138006e-01,3.772409508668889133e-01,1.070595995470751127e-01
1.883680754422931147e-01,9.955438887862344544e-02,-8.881368656366966929e-02,-2.664410596910090079e-01,3.740291628804792712e-01,1.075881031894702633e-01
1.871320703763438009e-01,9.955438887862344544e-02,-8.757768149772035549e-02,-2.627330444931610387e-01,3.708015197847941424e-01,1.080684752916331037e-01
1.859068721579236472e-01,9.955438887862344544e-02,-8.635248327930020174e-02,-2.590574498379005774e-01,3.675594655260461252e-01,1.085020156881455478e-01
1.846925241410723173e-01,9.955438887862344544e-02,-8.513813526244887187e-02,-2.554144057873466434e-01,3.643044050553989610e-01,1.088899992680523177e-01
1.834890651241477821e-01,9.955438887862344544e-02,-8.393467624552433670e-02,-2.518040287365730379e-01,3.610377050773605490e-01,1.092336763407875111e-01
1.822965294748573328e-01,9.955438887862344544e-02,-8.274214059623388740e-02,-2.482264217887016622e-01,3.577606947871347920e-01,1.095342729984331298e-01
1.811149472528667259e-01,9.955438887862344544e-02,-8.156055837424328048e-02,-2.446816751227298414e-01,3.544746665971820754e-01,1.097929914744522339e-01
1.799443443300235701e-01,9.955438887862344544e-02,-8.038995545140012466e-02,-2.411698663542003740e-01,3.511808768529467439e-01,1.100110104987463699e-01
1.787847425082302877e-01,9.955438887862344544e-02,-7.923035362960684225e-02,-2.376910608888205267e-01,3.478805465379847250e-01,1.101894856491641983e-01
1.776361596350019278e-01,9.955438887862344544e-02,-7.808177075637848241e-02,-2.342453122691354472e-01,3.445748619685079506e-01,1.103295496993725033e-01
1.764986097167434986e-01,9.955438887862344544e-02,-7.694422083812005320e-02,-2.308326625143601596e-01,3.412649754775287647e-01,1.104323129631686051e-01
1.753721030297813732e-01,9.955438887862344544e-02,-7.581771415115792778e-02,-2.274531424534737833e-01,3.379520060886376243e-01,1.104988636351638409e-01
1.742566462291827711e-01,9.955438887862344544e-02,-7.470225735055932570e-02,-2.241067720516779771e-01,3.346370401795806249e-01,1.105302681279026478e-01
1.731522424553969541e-01,9.955438887862344544e-02,-7.359785357677350870e-02,-2.207935607303205261e-01,3.313211321357451000e-01,1.105275714054245739e-01
1.720588914387516932e-01,9.955438887862344544e-02,-7.250450256012824779e-02,-2.175135076803847434e-01,3.280053049935782727e-01,1.104917973131935294e-01
1.709765896018377584e-01,9.955438887862344544e-02,-7.142220072321431301e-02,-2.142666021696429390e-01,3.246905510741804335e-01,1.104239489045374945e-01
1.699053301598142662e-01,9.955438887862344544e-02,-7.035094128119082080e-02,-2.110528238435724624e-01,3.213778326070476643e-01,1.103250087634752019e-01
1.688451032186671086e-01,9.955438887862344544e-02,-6.929071434004366314e-02,-2.078721430201309894e-01,3.180680823441472960e-01,1.101959393240163065e-01
1.677958958714523552e-01,9.955438887862344544e-02,-6.824150699282890975e-02,-2.047245209784867293e-01,3.147622041644260182e-01,1.100376831859392890e-01
1.667576922925562144e-01,9.955438887862344544e-02,-6.720330341393276896e-02,-2.016099102417983069e-01,3.114610736688422366e-01,1.098511634270439297e-01
1.657304738300027780e-01,9.955438887862344544e-02,-6.617608495137933255e-02,-1.985282548541379977e-01,3.081655387660309220e-01,1.096372839118929243e-01
1.647142190958405250e-01,9.955438887862344544e-02,-6.515983021721707957e-02,-1.954794906516512387e-01,3.048764202486758945e-01,1.093969295970246558e-01
1.637089040546379770e-01,9.955438887862344544e-02,-6.415451517601453157e-02,-1.924635455280435947e-01,3.015945123607643996e-01,1.091309668327208049e-01
1.627145021101187028e-01,9.955438887862344544e-02,-6.316011323149525736e-02,-1.894803396944857721e-01,2.983205833557822650e-01,1.088402436612964930e-01
1.617309841899655376e-01,9.955438887862344544e-02,-6.217659531134209216e-02,-1.865297859340262765e-01,2.950553760459495578e-01,1.085255901119232813e-01
1.607583188288235765e-01,9.955438887862344544e-02,-6.120392995020013105e-02,-1.836117898506003931e-01,2.917996083425883347e-01,1.081878184919879415e-01
1.597964722495308076e-01,9.955438887862344544e-02,-6.024208337090736221e-02,-1.807262501127220866e-01,2.885539737878306532e-01,1.078277236751085666e-01
1.588454084426055568e-01,9.955438887862344544e-02,-5.929101956398211137e-02,-1.778730586919463341e-01,2.853191420775752496e-01,1.074460833856289155e-01
1.579050892440188592e-01,9.955438887862344544e-02,-5.835070036539541372e-02,-1.750521010961862411e-01,2.820957595760092973e-01,1.070436584798230562e-01
1.569754744112801526e-01,9.955438887862344544e-02,-5.742108553265670712e-02,-1.722632565979701214e-01,2.788844498216119794e-01,1.066211932236418580e-01
1.560565216978638259e-01,9.955438887862344544e-02,-5.650213281924038045e-02,-1.695063984577211413e-01,2.756858140248980016e-01,1.061794155671768602e-01
1.551481869260042112e-01,9.955438887862344544e-02,-5.559379804738076580e-02,-1.667813941421422974e-01,2.725004315578843928e-01,1.057190374157420953e-01
1.542504240578861652e-01,9.955438887862344544e-02,-5.469603517926271974e-02,-1.640881055377881592e-01,2.693288604354138194e-01,1.052407548976256602e-01
1.533631852652578842e-01,9.955438887862344544e-02,-5.380879638663443876e-02,-1.614263891599033163e-01,2.661716377884842943e-01,1.047452486285809781e-01
1.524864209974924611e-01,9.955438887862344544e-02,-5.293203211886901571e-02,-1.587960963566070471e-01,2.630292803296269133e-01,1.042331839730198662e-01
1.516200800481243283e-01,9.955438887862344544e-02,-5.206569116950088283e-02,-1.561970735085026485e-01,2.599022848104398653e-01,1.037052113019372168e-01
1.507641096198863995e-01,9.955438887862344544e-02,-5.120972074126295404e-02,-1.536291622237888621e-01,2.567911284713786380e-01,1.031619662475897758e-01
1.499184553882732251e-01,9.955438887862344544e-02,-5.036406650964977971e-02,-1.510921995289493391e-01,2.536962694839522969e-01,1.026040699550029578e-01
1.490830615636555556e-01,9.955438887862344544e-02,-4.952867268503211018e-02,-1.485860180550963305e-01,2.506181473853008601e-01,1.020321293302045296e-01
1.482578709519709048e-01,9.955438887862344544e-02,-4.870348207334745938e-02,-1.461104462200423781e-01,2.475571835053952396e-01,1.014467372853528615e-01
1.474428250140147889e-01,9.955438887862344544e-02,-4.788843613539134347e-02,-1.436653084061740304e-01,2.445137813868347720e-01,1.008484729806607416e-01
1.466378639233567316e-01,9.955438887862344544e-02,-4.708347504473328615e-02,-1.412504251341998585e-01,2.414883271974171963e-01,1.002379020632173379e-01
1.458429266229049892e-01,9.955438887862344544e-02,-4.628853774428154377e-02,-1.388656132328446313e-01,2.384811901355227137e-01,9.961557690267808240e-02
1.450579508801435324e-01,9.955438887862344544e-02,-4.550356200152008701e-02,-1.365106860045602610e-01,2.354927228284370289e-01,9.898203682387676783e-02
1.442828733410644604e-01,9.955438887862344544e-02,-4.472848446244101495e-02,-1.341854533873230448e-01,2.325232617237216193e-01,9.833780833639857444e-02
1.435176295828190229e-01,9.955438887862344544e-02,-4.396324070419557750e-02,-1.318897221125867325e-01,2.295731274736312333e-01,9.768340536104450078e-02
1.427621541651097059e-01,9.955438887862344544e-02,-4.320776528648626047e-02,-1.296232958594587814e-01,2.266426253127951096e-01,9.701932945333632818e-02
1.420163806803457218e-01,9.955438887862344544e-02,-4.246199180172227639e-02,-1.273859754051668292e-01,2.237320454291952254e-01,9.634607002402839626e-02
1.412802418025841389e-01,9.955438887862344544e-02,-4.172585292396069345e-02,-1.251775587718820804e-01,2.208416633284748798e-01,9.566410455659279943e-02
1.405536693352782140e-01,9.955438887862344544e-02,-4.099928045665476861e-02,-1.229978413699643058e-01,2.179717401917774522e-01,9.497389882181314635e-02
1.398365942578544685e-01,9.955438887862344544e-02,-4.028220537923102307e-02,-1.208466161376930692e-01,2.151225232271236631e-01,9.427590708943059394e-02
1.391289467711396555e-01,9.955438887862344544e-02,-3.957455789251621003e-02,-1.187236736775486301e-01,2.122942460144439103e-01,9.357057233689528020e-02
1.384306563416585478e-01,9.955438887862344544e-02,-3.887626746303510239e-02,-1.166288023891053072e-01,2.094871288443322932e-01,9.285832645522698603e-02
1.377416517448229460e-01,9.955438887862344544e-02,-3.818726286619950061e-02,-1.145617885985985018e-01,2.067013790506805337e-01,9.213959045208203191e-02
1.370618611070325565e-01,9.955438887862344544e-02,-3.750747222840911110e-02,-1.125224166852273333e-01,2.039371913371168521e-01,9.141477465188951879e-02
1.363912119467073636e-01,9.955438887862344544e-02,-3.683682306808391815e-02,-1.105104692042517545e-01,2.011947480975578850e-01,9.068427889330613056e-02
1.357296312142715067e-01,9.955438887862344544e-02,-3.617524233564806124e-02,-1.085257270069441837e-01,1.984742197307570732e-01,8.994849272381288952e-02
1.350770453311080088e-01,9.955438887862344544e-02,-3.552265645248456338e-02,-1.065679693574536901e-01,1.957757649490493579e-01,8.920779559159566774e-02
1.344333802275036738e-01,9.955438887862344544e-02,-3.487899134888022834e-02,-1.046369740466406850e-01,1.930995310813005128e-01,8.846255703465982778e-02
1.337985613796028039e-01,9.955438887862344544e-02,-3.424417250097935850e-02,-1.027325175029380755e-01,1.904456543702609528e-01,8.771313686732287729e-02
1.331725138453886681e-01,9.955438887862344544e-02,-3.361812496676522266e-02,-1.008543749002956680e-01,1.878142602642407510e-01,8.695988536394508306e-02
1.325551622997109269e-01,9.955438887862344544e-02,-3.300077342108748146e-02,-9.900232026326244439e-02,1.852054637033223594e-01,8.620314344005991503e-02
1.319464310683771957e-01,9.955438887862344544e-02,-3.239204218975375027e-02,-9.717612656926125081e-02,1.826193694001193579e-01,8.544324283085810712e-02
1.313462441613265641e-01,9.955438887862344544e-02,-3.179185528270311867e-02,-9.537556584810935600e-02,1.800560721151894805e-01,8.468050626708012452e-02
1.307545253049026412e-01,9.955438887862344544e-02,-3.120013642627919581e-02,-9.360040927883758743e-02,1.775156569271768570e-01,8.391524764833926953e-02
1.301711979732435298e-01,9.955438887862344544e-02,-3.061680909462008437e-02,-9.185042728386025312e-02,1.749981994977334310e-01,8.314777221387317785e-02
1.295961854188058260e-01,9.955438887862344544e-02,-3.004179654018238055e-02,-9.012538962054714164e-02,1.725037663313111480e-01,8.237837671076400636e-02
1.290294107020391878e-01,9.955438887862344544e-02,-2.947502182341574239e-02,-8.842506547024722718e-02,1.700324150299914461e-01,8.160734955974421889e-02
1.284707967202285139e-01,9.955438887862344544e-02,-2.891640784160506850e-02,-8.674922352481520549e-02,1.675841945432021696e-01,8.083497101838696408e-02
1.279202662355196918e-01,9.955438887862344544e-02,-2.836587735689624634e-02,-8.509763207068873903e-02,1.651591454126466463e-01,8.006151334195790725e-02
1.273777419021450696e-01,9.955438887862344544e-02,-2.782335302352162421e-02,-8.347005907056487262e-02,1.627573000123866409e-01,7.928724094182176829e-02
1.268431462928646114e-01,9.955438887862344544e-02,-2.728875741424116597e-02,-8.186627224272349790e-02,1.603786827841374718e-01,7.851241054141397391e-02
1.263164019246383052e-01,9.955438887862344544e-02,-2.676201304601485975e-02,-8.028603913804457926e-02,1.580233104678918643e-01,7.773727132984728505e-02
1.257974312835449804e-01,9.955438887862344544e-02,-2.624304240492153495e-02,-7.872912721476460485e-02,1.556911923279974408e-01,7.696206511323283594e-02
1.252861568489629929e-01,9.955438887862344544e-02,-2.573176797033954744e-02,-7.719530391101864231e-02,1.533823303745962541e-01,7.618702646357761177e-02
1.247825011170273501e-01,9.955438887862344544e-02,-2.522811223840390471e-02,-7.568433671521171413e-02,1.510967195806928176e-01,7.541238286548110348e-02
1.242863866233782644e-01,9.955438887862344544e-02,-2.473199774475481894e-02,-7.419599323426445681e-02,1.488343480947257325e-01,7.463835486046127565e-02
1.237977359652152193e-01,9.955438887862344544e-02,-2.424334708659177384e-02,-7.273004125977532153e-02,1.465951974489135279e-01,7.386515618913820636e-02
1.233164718226710810e-01,9.955438887862344544e-02,-2.376208294404763555e-02,-7.128624883214290664e-02,1.443792427632414888e-01,7.309299393109858212e-02
1.228425169795200611e-01,9.955438887862344544e-02,-2.328812810089661567e-02,-6.986438430268984701e-02,1.421864529453059633e-01,7.232206864261611634e-02
1.223757943432332990e-01,9.955438887862344544e-02,-2.282140546460985353e-02,-6.846421639382956059e-02,1.400167908860286414e-01,7.155257449219908084e-02
1.219162269643957602e-01,9.955438887862344544e-02,-2.236183808577231480e-02,-6.708551425731694440e-02,1.378702136512616194e-01,7.078469939394467503e-02
1.214637380554976082e-01,9.955438887862344544e-02,-2.190934917687416272e-02,-6.572804753062248817e-02,1.357466726694456227e-01,7.001862513882313455e-02
1.210182510091133423e-01,9.955438887862344544e-02,-2.146386213048989688e-02,-6.439158639146969065e-02,1.336461139152797517e-01,6.925452752381006105e-02
1.205796894154814586e-01,9.955438887862344544e-02,-2.102530053685801315e-02,-6.307590161057403944e-02,1.315684780895651218e-01,6.849257647899108237e-02
1.201479770794974811e-01,9.955438887862344544e-02,-2.059358820087403563e-02,-6.178076460262210690e-02,1.295137007951932540e-01,6.773293619257114706e-02
1.197230380371327590e-01,9.955438887862344544e-02,-2.016864915850931361e-02,-6.050594747552794084e-02,1.274817127094166058e-01,6.697576523388866498e-02
1.193047965712914216e-01,9.955438887862344544e-02,-1.975040769266797613e-02,-5.925122307800392840e-02,1.254724397524012436e-01,6.622121667439731518e-02
1.188931772271175219e-01,9.955438887862344544e-02,-1.933878834849407646e-02,-5.801636504548222939e-02,1.234858032521699012e-01,6.546943820668767178e-02
1.184881048267642928e-01,9.955438887862344544e-02,-1.893371594814084735e-02,-5.680114784442254205e-02,1.215217201059687335e-01,6.472057226154619147e-02
1.180895044836372115e-01,9.955438887862344544e-02,-1.853511560501376609e-02,-5.560534681504129828e-02,1.195801029381243774e-01,6.397475612308307913e-02
1.176973016161224489e-01,9.955438887862344544e-02,-1.814291273749900346e-02,-5.442873821249701038e-02,1.176608602544287896e-01,6.323212204193177921e-02
1.173114219608118736e-01,9.955438887862344544e-02,-1.775703308218842813e-02,-5.327109924656528439e-02,1.157638965931725994e-01,6.249279734660731500e-02
1.169317915852359641e-01,9.955438887862344544e-02,-1.737740270661251862e-02,-5.213220811983755587e-02,1.138891126727728520e-01,6.175690455293529613e-02
1.165583369001153419e-01,9.955438887862344544e-02,-1.700394802149189644e-02,-5.101184406447568931e-02,1.120364055361866562e-01,6.102456147171096690e-02
1.161909846711418892e-01,9.955438887862344544e-02,-1.663659579251844378e-02,-4.990978737755533134e-02,1.102056686920357964e-01,6.029588131448046506e-02
1.158296620302998875e-01,9.955438887862344544e-02,-1.627527315167644206e-02,-4.882581945502932619e-02,1.083967922526005156e-01,5.957097279757118946e-02
1.154742964867376404e-01,9.955438887862344544e-02,-1.591990760811419492e-02,-4.775972282434258476e-02,1.066096630686741431e-01,5.884994024433155835e-02
1.151248159371998370e-01,9.955438887862344544e-02,-1.557042705857639153e-02,-4.671128117572917460e-02,1.048441648613410160e-01,5.813288368561184138e-02
1.147811486760305921e-01,9.955438887862344544e-02,-1.522675979740714669e-02,-4.568027939222144007e-02,1.031001783507734526e-01,5.741989895855201254e-02
1.144432234047571967e-01,9.955438887862344544e-02,-1.488883452613375125e-02,-4.466650357840125374e-02,1.013775813820186333e-01,5.671107780361737960e-02
1.141109692412641680e-01,9.955438887862344544e-02,-1.455658036264072253e-02,-4.366974108792216758e-02,9.967624904790861606e-02,5.600650795998644849e-02
1.137843157285671342e-01,9.955438887862344544e-02,-1.422992684994368873e-02,-4.268978054983106618e-02,9.799605380911013963e-02,5.530627325927907345e-02
1.134631928431960313e-01,9.955438887862344544e-02,-1.390880396457258583e-02,-4.172641189371775750e-02,9.633686561133086856e-02,5.461045371761311107e-02
1.131475310031966885e-01,9.955438887862344544e-02,-1.359314212457324311e-02,-4.077942637371972934e-02,9.469855199980281579e-02,5.391912562608308646e-02
1.128372610757599481e-01,9.955438887862344544e-02,-1.328287219713650269e-02,-3.984861659140950807e-02,9.308097823102212676e-02,5.323236163961261869e-02
1.125323143844871726e-01,9.955438887862344544e-02,-1.297792550586372717e-02,-3.893377651759118152e-02,9.148400738183265490e-02,5.255023086424147338e-02
1.122326227163008283e-01,9.955438887862344544e-02,-1.267823383767738288e-02,-3.803470151303214863e-02,8.990750045590328865e-02,5.187279894287114002e-02
1.119381183280087622e-01,9.955438887862344544e-02,-1.238372944938531672e-02,-3.715118834815595017e-02,8.835131648761984646e-02,5.120012813946389629e-02
1.116487339525306516e-01,9.955438887862344544e-02,-1.209434507390720615e-02,-3.628303522172161844e-02,8.681531264343317345e-02,5.053227742171155501e-02
1.113644028047947043e-01,9.955438887862344544e-02,-1.181001392617125889e-02,-3.543004177851377667e-02,8.529934432078417617e-02,4.986930254227039949e-02
1.110850585873129903e-01,9.955438887862344544e-02,-1.153066970868954488e-02,-3.459200912606863465e-02,8.380326524451420234e-02,4.921125611844556769e-02
1.108106354954431216e-01,9.955438887862344544e-02,-1.125624661681967620e-02,-3.376873985045902860e-02,8.232692756096060549e-02,4.855818771050157689e-02
1.105410682223443020e-01,9.955438887862344544e-02,-1.098667934372085653e-02,-3.296003803116256958e-02,8.087018192964590124e-02,4.791014389848333166e-02
1.102762919636353228e-01,9.955438887862344544e-02,-1.072190308501187739e-02,-3.216570925503563216e-02,7.943287761269374192e-02,4.726716835765810976e-02
1.100162424217621115e-01,9.955438887862344544e-02,-1.046185354313866611e-02,-3.138556062941599833e-02,7.801486256196338287e-02,4.662930193254738453e-02
1.097608558100821585e-01,9.955438887862344544e-02,-1.020646693145871309e-02,-3.061940079437613926e-02,7.661598350398590718e-02,4.599658270960976791e-02
1.095100688566731650e-01,9.955438887862344544e-02,-9.955679978049719603e-03,-2.986703993414915881e-02,7.523608602269804546e-02,4.536904608854888665e-02
1.092638188078730310e-01,9.955438887862344544e-02,-9.709429929249585589e-03,-2.912828978774875677e-02,7.387501464004020413e-02,4.474672485229144736e-02
1.090220434315581216e-01,9.955438887862344544e-02,-9.467654552934676171e-03,-2.840296365880402851e-02,7.253261289447282545e-02,4.412964923566879694e-02
1.087846810201667791e-01,9.955438887862344544e-02,-9.230292141543333662e-03,-2.769087642463000098e-02,7.120872341740275280e-02,4.351784699277275181e-02
1.085516703934747140e-01,9.955438887862344544e-02,-8.997281514851268591e-03,-2.699184454455380577e-02,6.990318800761952112e-02,4.291134346306571534e-02
1.083229509011289504e-01,9.955438887862344544e-02,-8.768562022505504983e-03,-2.630568606751651495e-02,6.861584770372908260e-02,4.231016163621256765e-02
1.080984624249468062e-01,9.955438887862344544e-02,-8.544073546323360802e-03,-2.563222063897008240e-02,6.734654285464325429e-02,4.171432221567317189e-02
1.078781453809862373e-01,9.955438887862344544e-02,-8.323756502362791854e-03,-2.497126950708837556e-02,6.609511318817068437e-02,4.112384368108230881e-02
1.076619407213937757e-01,9.955438887862344544e-02,-8.107551842770330253e-03,-2.432265552831099076e-02,6.486139787773848031e-02,4.053874234942748955e-02
1.074497899360362524e-01,9.955438887862344544e-02,-7.895401057412806956e-03,-2.368620317223842087e-02,6.364523560725698914e-02,3.995903243501856827e-02
1.072416350539222296e-01,9.955438887862344544e-02,-7.687246175298784179e-03,-2.306173852589635254e-02,6.244646463420683302e-02,3.938472610831048049e-02
1.070374186444190412e-01,9.955438887862344544e-02,-7.483029765795595756e-03,-2.244908929738678727e-02,6.126492285095652690e-02,3.881583355356973963e-02
1.068370838182712140e-01,9.955438887862344544e-02,-7.282694939647768595e-03,-2.184808481894330578e-02,6.010044784434814824e-02,3.825236302540484246e-02
1.066405742284259189e-01,9.955438887862344544e-02,-7.086185349802473499e-03,-2.125855604940742050e-02,5.895287695358852886e-02,3.769432090418110837e-02
1.064478340706710435e-01,9.955438887862344544e-02,-6.893445192047598091e-03,-2.068033557614279427e-02,5.782204732646262224e-02,3.714171175031982797e-02
1.062588080840912025e-01,9.955438887862344544e-02,-6.704419205467757048e-03,-2.011325761640327114e-02,5.670779597395231297e-02,3.659453835754904183e-02
1.060734415513471252e-01,9.955438887862344544e-02,-6.519052672723679720e-03,-1.955715801817103916e-02,5.560995982322319842e-02,3.605280180505215926e-02
1.058916802987835415e-01,9.955438887862344544e-02,-6.337291420160096056e-03,-1.901187426048028817e-02,5.452837576907509920e-02,3.551650150859481103e-02
1.057134706963708259e-01,9.955438887862344544e-02,-6.159081817747380505e-03,-1.847724545324214152e-02,5.346288072381466527e-02,3.498563527057252376e-02
1.055387596574851594e-01,9.955438887862344544e-02,-5.984370778861713980e-03,-1.795311233658514194e-02,5.241331166569995759e-02,3.446019932911481565e-02
1.053674946385324135e-01,9.955438887862344544e-02,-5.813105759908968051e-03,-1.743931727972690415e-02,5.137950568582377864e-02,3.394018840609687448e-02
1.051996236384202671e-01,9.955438887862344544e-02,-5.645234759796821655e-03,-1.693570427939046497e-02,5.036130003364391872e-02,3.342559575425345375e-02
1.050350951978835518e-01,9.955438887862344544e-02,-5.480706319260106318e-03,-1.644211895778031896e-02,4.935853216101460106e-02,3.291641320323428210e-02
1.048738583986671552e-01,9.955438887862344544e-02,-5.319469520043709765e-03,-1.595840856013112929e-02,4.837103976491896606e-02,3.241263120478783677e-02
1.047158628625712434e-01,9.955438887862344544e-02,-5.161473983947797994e-03,-1.548442195184339398e-02,4.739866082877353115e-02,3.191423887693013717e-02
1.045610587503630201e-01,9.955438887862344544e-02,-5.006669871739574673e-03,-1.502000961521872402e-02,4.644123366246699636e-02,3.142122404724827234e-02
1.044093967605595197e-01,9.955438887862344544e-02,-4.855007881936074243e-03,-1.456502364580822273e-02,4.549859694105012897e-02,3.093357329524190624e-02
1.042608281280855420e-01,9.955438887862344544e-02,-4.706439249462096575e-03,-1.411931774838628972e-02,4.457058974219330061e-02,3.045127199380701088e-02
1.041153046228109474e-01,9.955438887862344544e-02,-4.560915744187502008e-03,-1.368274723256250602e-02,4.365705158237837002e-02,2.997430434981586400e-02
1.039727785479713368e-01,9.955438887862344544e-02,-4.418389669347891346e-03,-1.325516900804367404e-02,4.275782245188319841e-02,2.950265344383952437e-02
1.038332027384761130e-01,9.955438887862344544e-02,-4.278813859852667600e-03,-1.283644157955800280e-02,4.187274284856712381e-02,2.903630126900912101e-02
1.036965305591077829e-01,9.955438887862344544e-02,-4.142141680484337507e-03,-1.242642504145301252e-02,4.100165381049902802e-02,2.857522876904601550e-02
1.035627159026163702e-01,9.955438887862344544e-02,-4.008327023992924731e-03,-1.202498107197877419e-02,4.014439694742383269e-02,2.811941587544505849e-02
1.034317131877124929e-01,9.955438887862344544e-02,-3.877324309089047460e-03,-1.163197292726714238e-02,3.930081447116318127e-02,2.766884154389603889e-02
1.033034773569630055e-01,9.955438887862344544e-02,-3.749088478339560049e-03,-1.124726543501868015e-02,3.847074922484622350e-02,2.722348378982754336e-02
1.031779638745925071e-01,9.955438887862344544e-02,-3.623574995969061630e-03,-1.087072498790718489e-02,3.765404471114952578e-02,2.678331972324234089e-02
1.030551287241943254e-01,9.955438887862344544e-02,-3.500739845570879916e-03,-1.050221953671263975e-02,3.685054511945451416e-02,2.634832558274187442e-02
1.029349284063544173e-01,9.955438887862344544e-02,-3.380539527730971883e-03,-1.014161858319291565e-02,3.606009535197240989e-02,2.591847676877949425e-02
1.028173199361913925e-01,9.955438887862344544e-02,-3.262931057567947102e-03,-9.788793172703841305e-03,3.528254104890743426e-02,2.549374787620359295e-02
1.027022608408159898e-01,9.955438887862344544e-02,-3.147871962192544393e-03,-9.443615886577633178e-03,3.451772861262081271e-02,2.507411272604317953e-02
1.025897091567131852e-01,9.955438887862344544e-02,-3.035320278089739809e-03,-9.105960834269219428e-03,3.376550523084137501e-02,2.465954439657215558e-02
1.024796234270500400e-01,9.955438887862344544e-02,-2.925234548426594583e-03,-8.775703645279783749e-03,3.302571889894356794e-02,2.425001525366378419e-02
1.023719626989122583e-01,9.955438887862344544e-02,-2.817573820288812869e-03,-8.452721460866438608e-03,3.229821844133451414e-02,2.384549698046807553e-02
1.022666865204725217e-01,9.955438887862344544e-02,-2.712297641849076291e-03,-8.136892925547228872e-03,3.158285353192097356e-02,2.344596060637374468e-02
1.021637549380934318e-01,9.955438887862344544e-02,-2.609366059469986343e-03,-7.828098178409959029e-03,3.087947471372698427e-02,2.305137653531702524e-02
1.020631284933678634e-01,9.955438887862344544e-02,-2.508739614744417978e-03,-7.526218844233253935e-03,3.018793341767050942e-02,2.266171457343725548e-02
1.019647682200996441e-01,9.955438887862344544e-02,-2.410379341476198700e-03,-7.231138024428596101e-03,2.950808198046578346e-02,2.227694395603718736e-02
1.018686356412270289e-01,9.955438887862344544e-02,-2.314246762603583418e-03,-6.942740287810750255e-03,2.883977366178458457e-02,2.189703337397383431e-02
1.017746927656918154e-01,9.955438887862344544e-02,-2.220303887068370008e-03,-6.660911661205110024e-03,2.818286266056402312e-02,2.152195099935891309e-02
1.016829020852565296e-01,9.955438887862344544e-02,-2.128513206633084187e-03,-6.385539619899252561e-03,2.753720413058574623e-02,2.115166451068649367e-02
1.015932265712723159e-01,9.955438887862344544e-02,-2.038837692648870492e-03,-6.116513077946611476e-03,2.690265419526410851e-02,2.078614111731749703e-02
1.015056296713998385e-01,9.955438887862344544e-02,-1.951240792776393063e-03,-5.853722378329179188e-03,2.627906996174322884e-02,2.042534758341404966e-02
1.014200753062857036e-01,9.955438887862344544e-02,-1.865686427662258118e-03,-5.597059282986774353e-03,2.566630953424048345e-02,2.006925025125370909e-02
1.013365278661966934e-01,9.955438887862344544e-02,-1.782138987573247957e-03,-5.346416962719743871e-03,2.506423202670304828e-02,1.971781506398330441e-02
1.012549522076140740e-01,9.955438887862344544e-02,-1.700563328990628564e-03,-5.101689986971885693e-03,2.447269757478581775e-02,1.937100758781393206e-02
1.011753136497902383e-01,9.955438887862344544e-02,-1.620924771166792899e-03,-4.862774313500378698e-03,2.389156734715069952e-02,1.902879303365032082e-02
1.010975779712697670e-01,9.955438887862344544e-02,-1.543189092646321536e-03,-4.629567277938964609e-03,2.332070355614140889e-02,1.869113627820244428e-02
1.010217114063771127e-01,9.955438887862344544e-02,-1.467322527753667227e-03,-4.401967583261001682e-03,2.275996946779629271e-02,1.835800188453529103e-02
1.009476806416729211e-01,9.955438887862344544e-02,-1.393291763049475662e-03,-4.179875289148426987e-03,2.220922941125746952e-02,1.802935412210904254e-02
1.008754528123809308e-01,9.955438887862344544e-02,-1.321063933757485320e-03,-3.963191801272455961e-03,2.166834878759710259e-02,1.770515698632464663e-02
1.008049954987875751e-01,9.955438887862344544e-02,-1.250606620164129712e-03,-3.751819860492389136e-03,2.113719407800668248e-02,1.738537421751429335e-02
1.007362767226159805e-01,9.955438887862344544e-02,-1.181887843992535103e-03,-3.545663531977605309e-03,2.061563285147838265e-02,1.706996931950077734e-02
1.006692649433763298e-01,9.955438887862344544e-02,-1.114876064752884366e-03,-3.344628194258653098e-03,2.010353377189522117e-02,1.675890557763656807e-02
1.006039290546944381e-01,9.955438887862344544e-02,-1.049540176070992703e-03,-3.148620528212978109e-03,1.960076660456749886e-02,1.645214607635452075e-02
1.005402383806201921e-01,9.955438887862344544e-02,-9.858495019967467021e-04,-2.957548505990240106e-03,1.910720222227380027e-02,1.614965371628356017e-02
1.004781626719175730e-01,9.955438887862344544e-02,-9.237737932941275654e-04,-2.771321379882382696e-03,1.862271261078574103e-02,1.585139123090335833e-02
1.004176721023380403e-01,9.955438887862344544e-02,-8.632832237145948717e-04,-2.589849671143784615e-03,1.814717087385980809e-02,1.555732120271602348e-02
1.003587372648787751e-01,9.955438887862344544e-02,-8.043483862553296726e-04,-2.413045158765989018e-03,1.768045123777955974e-02,1.526740607901357072e-02
1.003013291680274199e-01,9.955438887862344544e-02,-7.469402894039745000e-04,-2.240820868211923500e-03,1.722242905540655178e-02,1.498160818719462828e-02
1.002454192319947729e-01,9.955438887862344544e-02,-6.910303533713274549e-04,-2.073091060113982365e-03,1.677298080979411354e-02,1.469988974968013118e-02
1.001909792849371011e-01,9.955438887862344544e-02,-6.365904063136557101e-04,-1.909771218940967130e-03,1.633198411730152344e-02,1.442221289836055631e-02
1.001379815591692674e-01,9.955438887862344544e-02,-5.835926805458219180e-04,-1.750778041637465754e-03,1.589931773035013762e-02,1.414853968871267187e-02
1.000863986873703065e-01,9.955438887862344544e-02,-5.320098087468611014e-04,-1.596029426240583304e-03,1.547486153968824496e-02,1.387883211344766166e-02
1.000362036987826886e-01,9.955438887862344544e-02,-4.818148201592431512e-04,-1.445444460477729454e-03,1.505849657628538507e-02,1.361305211580765562e-02
9.998737001540665414e-02,9.955438887862344544e-02,-4.329811367832087088e-04,-1.298943410349626126e-03,1.465010501281033273e-02,1.335116160246070660e-02
9.993987144819085899e-02,9.955438887862344544e-02,-3.854825695674135577e-04,-1.156447708702240673e-03,1.424957016473854532e-02,1.309312245603630465e-02
9.989368219322067310e-02,9.955438887862344544e-02,-3.392933145972276687e-04,-1.017879943791683006e-03,1.385677649105576670e-02,1.283889654726408369e-02
9.984877682790520292e-02,9.955438887862344544e-02,-2.943879492817574883e-04,-8.831638478452724650e-04,1.347160959464105412e-02,1.258844574679578165e-02
9.980513030716442469e-02,9.955438887862344544e-02,-2.507414285409792498e-04,-7.522242856229377495e-04,1.309395622223347155e-02,1.234173193661053380e-02
9.976271795961730304e-02,9.955438887862344544e-02,-2.083290809938576071e-04,-6.249872429815728214e-04,1.272370426413649280e-02,1.209871702115491998e-02
9.972151548377229668e-02,9.955438887862344544e-02,-1.671266051488512483e-04,-5.013798154465537449e-04,1.236074275350190765e-02,1.185936293805535391e-02
9.968149894422109747e-02,9.955438887862344544e-02,-1.271100655976520333e-04,-3.813301967929560998e-04,1.200496186535976451e-02,1.162363166856680841e-02
9.964264476783675495e-02,9.955438887862344544e-02,-8.825588921330951298e-05,-2.647676676399285389e-04,1.165625291530275609e-02,1.139148524766282755e-02
9.960492973997717159e-02,9.955438887862344544e-02,-5.054086135372615196e-05,-1.516225840611784559e-04,1.131450835787500830e-02,1.116288577381382985e-02
9.956833100069496789e-02,9.955438887862344544e-02,-1.394212207152245586e-05,-4.182636621456736759e-05,1.097962178466110883e-02,1.093779541844654146e-02
9.953282604095461950e-02,9.955438887862344544e-02,2.156283766882594044e-05,6.468851300647782132e-05,1.065148792210451889e-02,1.071617643511099671e-02
9.949839269885778215e-02,9.955438887862344544e-02,5.599617976566328981e-05,1.679885392969898694e-04,1.033000262905120481e-02,1.049799116834819468e-02
9.946500915587777603e-02,9.955438887862344544e-02,8.937972274566940989e-05,2.681391682370082297e-04,1.001506289400183602e-02,1.028320206223884425e-02
9.943265393310399269e-02,9.955438887862344544e-02,1.217349455194527419e-04,3.652048365583582257e-04,9.706566832134999601e-03,1.007177166869335783e-02
9.940130588749708507e-02,9.955438887862344544e-02,1.530829911263603682e-04,4.592489733790811046e-04,9.404413682072287894e-03,9.863662655451368999e-03
9.937094420815571760e-02,9.955438887862344544e-02,1.834446704677278328e-04,5.503340114031834984e-04,9.108503802410239381e-03,9.658837813813422879e-03
9.934154841259573709e-02,9.955438887862344544e-02,2.128404660277083416e-04,6.385213980831250247e-04,8.818738667994152625e-03,9.457260066077277649e-03
9.931309834304236084e-02,9.955438887862344544e-02,2.412905355810845975e-04,7.238716067432537926e-04,8.535020866012876795e-03,9.258892472756130587e-03
9.928557416273625646e-02,9.955438887862344544e-02,2.688147158871889708e-04,8.064441476615669124e-04,8.257254091831311982e-03,9.063698239492878894e-03
9.925895635225409630e-02,9.955438887862344544e-02,2.954325263693491355e-04,8.862975791080474064e-04,7.985343144648049396e-03,8.871640723756096802e-03
9.923322570584432178e-02,9.955438887862344544e-02,3.211631727791236512e-04,9.634895183373709537e-04,7.719193922932354734e-03,8.682683441269725688e-03
9.920836332777867306e-02,9.955438887862344544e-02,3.460255508447723782e-04,1.038076652534317135e-03,7.458713419694618096e-03,8.496790072228935231e-03
9.918435062872024699e-02,9.955438887862344544e-02,3.700382499031984462e-04,1.110114749709595339e-03,7.203809717527820400e-03,8.313924467237415739e-03
9.916116932210854162e-02,9.955438887862344544e-02,3.932195565149038119e-04,1.179658669544711436e-03,6.954391983511609698e-03,8.134050653056321134e-03
9.913880142056213929e-02,9.955438887862344544e-02,4.155874580613061475e-04,1.246762374183918443e-03,6.710370463920700690e-03,7.957132838104619132e-03
9.911722923229955573e-02,9.955438887862344544e-02,4.371596463238897057e-04,1.311478938971669117e-03,6.471656478775067445e-03,7.783135417746736562e-03
9.909643535757874100e-02,9.955438887862344544e-02,4.579535210447044369e-04,1.373860563134113311e-03,6.238162416244419362e-03,7.612022979378532672e-03
9.907640268515587045e-02,9.955438887862344544e-02,4.779861934675749824e-04,1.433958580402724947e-03,6.009801726861163651e-03,7.443760307263888598e-03
9.905711438876371733e-02,9.955438887862344544e-02,4.972744898597281082e-04,1.491823469579184325e-03,5.786488917645937757e-03,7.278312387225122082e-03
9.903855392361028687e-02,9.955438887862344544e-02,5.158349550131585692e-04,1.547504865039475708e-03,5.568139546029138298e-03,7.115644411068614006e-03
9.902070502289796183e-02,9.955438887862344544e-02,5.336838557254836024e-04,1.601051567176450807e-03,5.354670213697509951e-03,6.955721780873960758e-03
9.900355169436372837e-02,9.955438887862344544e-02,5.508371842597170609e-04,1.652511552779151183e-03,5.145998560270037547e-03,6.798510113049188730e-03
9.898707821684080144e-02,9.955438887862344544e-02,5.673106617826439990e-04,1.701931985347931997e-03,4.942043256878081436e-03,6.643975242226013433e-03
9.897126913684209382e-02,9.955438887862344544e-02,5.831197417813516193e-04,1.749359225344054858e-03,4.742723999612286079e-03,6.492083224956340937e-03
9.895610926516588968e-02,9.955438887862344544e-02,5.982796134575557589e-04,1.794838840372667277e-03,4.547961502861241900e-03,6.342800343233909177e-03
9.894158367352400008e-02,9.955438887862344544e-02,6.128052050994453603e-04,1.838415615298336081e-03,4.357677492566880417e-03,6.196093107865216498e-03
9.892767769119290011e-02,9.955438887862344544e-02,6.267111874305453245e-04,1.880133562291635974e-03,4.171794699329989253e-03,6.051928261621625227e-03
9.891437690168795871e-02,9.955438887862344544e-02,6.400119769354867261e-04,1.920035930806460178e-03,3.990236851482420466e-03,5.910272782288880644e-03
9.890166713946124677e-02,9.955438887862344544e-02,6.527217391621986664e-04,1.958165217486595999e-03,3.812928668013582101e-03,5.771093885500178100e-03
9.888953448662309020e-02,9.955438887862344544e-02,6.648543920003552321e-04,1.994563176001065696e-03,3.639795851446969710e-03,5.634359027448035406e-03
9.887796526968767319e-02,9.955438887862344544e-02,6.764236089357722470e-04,2.029270826807316741e-03,3.470765080625104471e-03,5.500035907432421212e-03
9.886694605634299693e-02,9.955438887862344544e-02,6.874428222804485067e-04,2.062328466841345520e-03,3.305764003402877904e-03,5.368092470244223424e-03
9.885646365224534660e-02,9.955438887862344544e-02,6.979252263780988397e-04,2.093775679134296519e-03,3.144721229295099896e-03,5.238496908429396415e-03
9.884650509783854400e-02,9.955438887862344544e-02,7.078837807849014396e-04,2.123651342354704319e-03,2.987566322040779987e-03,5.111217664395484306e-03
9.883705766519818026e-02,9.955438887862344544e-02,7.173312134252651795e-04,2.151993640275795538e-03,2.834229792109121959e-03,4.986223432384917498e-03
9.882810885490105057e-02,9.955438887862344544e-02,7.262800237223948630e-04,2.178840071167184589e-03,2.684643089138905037e-03,4.863483160306089625e-03
9.881964639291995756e-02,9.955438887862344544e-02,7.347424857034878798e-04,2.204227457110463639e-03,2.538738594327905052e-03,4.742966051438368691e-03
9.881165822754400807e-02,9.955438887862344544e-02,7.427306510794373651e-04,2.228191953238312095e-03,2.396449612784845584e-03,4.624641566023157679e-03
9.880413252632465337e-02,9.955438887862344544e-02,7.502563522987920619e-04,2.250769056896376186e-03,2.257710365806409047e-03,4.508479422702785233e-03
9.879705767304756969e-02,9.955438887862344544e-02,7.573312055758757433e-04,2.271993616727627230e-03,2.122455983125104417e-03,4.394449599852731647e-03
9.879042226473047639e-02,9.955438887862344544e-02,7.639666138929690486e-04,2.291899841678907146e-03,1.990622495127991609e-03,4.282522336806898755e-03
9.878421510864705823e-02,9.955438887862344544e-02,7.701737699763872014e-04,2.310521309929161604e-03,1.862146825025445818e-03,4.172668134954607422e-03
9.877842521937714448e-02,9.955438887862344544e-02,7.759636592463009519e-04,2.327890977738902856e-03,1.736966780974125157e-03,4.064857758713028013e-03
9.877304181588310306e-02,9.955438887862344544e-02,7.813470627403423796e-04,2.344041188221027139e-03,1.615021048212428312e-03,3.959062236433455451e-03
9.876805431861269968e-02,9.955438887862344544e-02,7.863345600107457534e-04,2.359003680032237260e-03,1.496249181121012128e-03,3.855252861153249389e-03
9.876345234662840811e-02,9.955438887862344544e-02,7.909365319950373285e-04,2.372809595985111986e-03,1.380591595287472551e-03,3.753401191272584536e-03
9.875922571476325462e-02,9.955438887862344544e-02,7.951631638601908136e-04,2.385489491580572441e-03,1.267989559546045530e-03,3.653479051126617971e-03
9.875536443080321081e-02,9.955438887862344544e-02,7.990244478202346290e-04,2.397073343460703887e-03,1.158385188013144607e-03,3.555458531473848494e-03
9.875185869269631489e-02,9.955438887862344544e-02,8.025301859271305460e-04,2.407590557781391638e-03,1.051721432068775108e-03,3.459311989850166746e-03
9.874869888578839683e-02,9.955438887862344544e-02,8.056899928350486073e-04,2.417069978505145822e-03,9.479420723754183875e-04,3.365012050880564209e-03
9.874587558008557364e-02,9.955438887862344544e-02,8.085132985378717940e-04,2.425539895613615382e-03,8.469917108469560141e-04,3.272531606460571396e-03
9.874337952754339010e-02,9.955438887862344544e-02,8.110093510800553407e-04,2.433028053240166022e-03,7.488157626550639989e-04,3.181843815895230021e-03
9.874120165938279903e-02,9.955438887862344544e-02,8.131872192406464084e-04,2.439561657721939225e-03,6.533604481773203077e-04,3.092922105899259533e-03
9.873933308343280091e-02,9.955438887862344544e-02,8.150557951906445275e-04,2.445167385571933583e-03,5.605727849994357470e-04,3.005740170571369330e-03
9.873776508149985365e-02,9.955438887862344544e-02,8.166237971235917881e-04,2.449871391370775364e-03,4.704005798841781605e-04,2.920271971254953525e-03
9.873648910676403878e-02,9.955438887862344544e-02,8.178997718594066546e-04,2.453699315578219964e-03,3.827924207444599602e-04,2.836491736322679924e-03
9.873549678120184525e-02,9.955438887862344544e-02,8.188920974216001847e-04,2.456676292264800554e-03,2.976976686580590226e-04,2.754373960922859577e-03
9.873477989303575120e-02,9.955438887862344544e-02,8.196089855876942387e-04,2.458826956763082716e-03,2.150664498282162107e-04,2.673893406591298927e-03
9.873433039421031232e-02,9.955438887862344544e-02,8.200584844131331153e-04,2.460175453239399346e-03,1.348496476316629611e-04,2.595025100871062307e-03
9.873414039789496499e-02,9.955438887862344544e-02,8.202484807284804447e-04,2.460745442185441334e-03,5.699889460419882425e-05,2.517744336789640158e-03
9.873420217601329429e-02,9.955438887862344544e-02,8.201867026101511415e-04,2.460560107830453425e-03,-1.853343549879093999e-05,2.442026672331662485e-03
9.873450815679886416e-02,9.955438887862344544e-02,8.198807218245812711e-04,2.459642165473743813e-03,-9.179423567096112180e-05,2.367847929802782692e-03
9.873505092237741532e-02,9.955438887862344544e-02,8.193379562460301191e-04,2.458013868738090357e-03,-1.628296735653456118e-04,2.295184195172744746e-03
9.873582320637547260e-02,9.955438887862344544e-02,8.185656722479728309e-04,2.455697016743918493e-03,-2.316851994171864604e-04,2.224011817326732032e-03
9.873681789155526467e-02,9.955438887862344544e-02,8.175709870681807656e-04,2.452712961204542297e-03,-2.984055539376195831e-04,2.154307407266922714e-03
9.873802800747578934e-02,9.955438887862344544e-02,8.163608711476560975e-04,2.449082613442968293e-03,-3.630347761574004295e-04,2.086047837285567863e-03
9.873944672818003865e-02,9.955438887862344544e-02,8.149421504434067876e-04,2.444826451330220363e-03,-4.256162112747929882e-04,2.019210240055427374e-03
9.874106736990830024e-02,9.955438887862344544e-02,8.133215087151451916e-04,2.439964526145435575e-03,-4.861925184784787746e-04,1.953772007666956800e-03
9.874288338883732696e-02,9.955438887862344544e-02,8.115054897861184724e-04,2.434516469358355417e-03,-5.448056787080157726e-04,1.889710790650339645e-03
9.874488837884541625e-02,9.955438887862344544e-02,8.095004997780291811e-04,2.428501499334087543e-03,-6.014970024267873860e-04,1.827004496907300157e-03
9.874707606930319126e-02,9.955438887862344544e-02,8.073128093202541766e-04,2.421938427960762530e-03,-6.563071373325013447e-04,1.765631290628261185e-03
9.874944032289002804e-02,9.955438887862344544e-02,8.049485557334173924e-04,2.414845667200252177e-03,-7.092760760510352647e-04,1.705569591149216913e-03
9.875197513343597633e-02,9.955438887862344544e-02,8.024137451874691074e-04,2.407241235562407322e-03,-7.604431637844855096e-04,1.646798071777921812e-03
9.875467462378910433e-02,9.955438887862344544e-02,7.997142548343411095e-04,2.399142764503023328e-03,-8.098471059383993698e-04,1.589295658564623959e-03
9.875753304370808727e-02,9.955438887862344544e-02,7.968558349153581633e-04,2.390567504746074490e-03,-8.575259756948838685e-04,1.533041529051190621e-03
9.876054476777998414e-02,9.955438887862344544e-02,7.938441108434612925e-04,2.381532332530383878e-03,-9.035172215690612241e-04,1.478015110961322653e-03
9.876370429336298051e-02,9.955438887862344544e-02,7.906845852604649227e-04,2.372053755781394768e-03,-9.478576748989109291e-04,1.424196080882483839e-03
9.876700623855405592e-02,9.955438887862344544e-02,7.873826400693895167e-04,2.362147920208168550e-03,-9.905835573226218216e-04,1.371564362885546728e-03
9.877044534018142308e-02,9.955438887862344544e-02,7.839435384420223585e-04,2.351830615326067075e-03,-1.031730488210147456e-03,1.320100127115919619e-03
9.877401645182150303e-02,9.955438887862344544e-02,7.803724268019424093e-04,2.341117280405827228e-03,-1.071333492023984757e-03,1.269783788381842471e-03
9.877771454184042232e-02,9.955438887862344544e-02,7.766743367830231115e-04,2.330023010349069335e-03,-1.109427005675789335e-03,1.220596004673280000e-03
9.878153469145981025e-02,9.955438887862344544e-02,7.728541871636351868e-04,2.318562561490905560e-03,-1.146044885816377423e-03,1.172517675674528137e-03
9.878547209284675723e-02,9.955438887862344544e-02,7.689167857766882053e-04,2.306750357330064616e-03,-1.181220416084094449e-03,1.125529941245970167e-03
9.878952204722783736e-02,9.955438887862344544e-02,7.648668313956080711e-04,2.294600494186824213e-03,-1.214986314324040251e-03,1.079614179862783963e-03
9.879367996302690358e-02,9.955438887862344544e-02,7.607089155965418570e-04,2.282126746789625571e-03,-1.247374739719864234e-03,1.034752007069761337e-03
9.879794135402666932e-02,9.955438887862344544e-02,7.564475245967761108e-04,2.269342573790328332e-03,-1.278417299929723860e-03,9.909252738606044719e-04
9.880230183755382700e-02,9.955438887862344544e-02,7.520870410696184338e-04,2.256261123208855301e-03,-1.308145058147303086e-03,9.481160650615522156e-04
9.880675713268749494e-02,9.955438887862344544e-02,7.476317459359504980e-04,2.242895237807851494e-03,-1.336588540100380751e-03,9.063066977074707431e-04
9.881130305849092355e-02,9.955438887862344544e-02,7.430858201325218904e-04,2.229257460397565671e-03,-1.363777741028582291e-03,8.654797193689833801e-04
9.881593553226629412e-02,9.955438887862344544e-02,7.384533463571513190e-04,2.215360039071453957e-03,-1.389742132611171410e-03,8.256179064602825468e-04
9.882065056783230494e-02,9.955438887862344544e-02,7.337383107911404911e-04,2.201214932373421473e-03,-1.414510669803248355e-03,7.867042625701731184e-04
9.882544427382457253e-02,2.378418778545422496e-01,1.390164335807176910e-01,4.170493007421530729e-01,0.000000000000000000e+00,4.170493007421530729e-01
9.887194290989105572e-02,2.378418778545422496e-01,1.389699349446512078e-01,4.169098048339536233e-01,-1.394959081994495698e-02,4.029602140140086664e-01
9.895873756735894256e-02,2.378418778545422496e-01,1.388831402871832932e-01,4.166494208615498795e-01,-2.603839724037437797e-02,3.906110236211755016e-01
9.908459332718895507e-02,2.378418778545422496e-01,1.387572845273533084e-01,4.162718535820599253e-01,-3.775672794899542772e-02,3.785151256330644975e-01
9.924830059958227035e-02,2.378418778545422496e-01,1.385935772549599654e-01,4.157807317648798962e-01,-4.911218171800291188e-02,3.666685500468769843e-01
9.944867472698026845e-02,2.378418778545422496e-01,1.383932031275619812e-01,4.151796093826859435e-01,-6.011223821939526424e-02,3.550673711632906793e-01
9.968455559149459744e-02,2.378418778545422496e-01,1.381573222630476661e-01,4.144719667891429982e-01,-7.076425935429453418e-02,3.437077074348484640e-01
9.995480722675241514e-02,2.378418778545422496e-01,1.378870706277898206e-01,4.136612118833694618e-01,-8.107549057735363718e-02,3.325857213060158246e-01
1.002583174341408340e-01,2.378418778545422496e-01,1.375835604204014295e-01,4.127506812612042886e-01,-9.105306221651732201e-02,3.216976190446869666e-01
1.005939974034337214e-01,2.378418778545422496e-01,1.372478804511085282e-01,4.117436413533255846e-01,-1.007039907878704010e-01,3.110396505654551835e-01
1.009607813377831481e-01,2.378418778545422496e-01,1.368810965167591154e-01,4.106432895502773461e-01,-1.100351803048238430e-01,3.006081092454535031e-01
1.013576260830571230e-01,2.378418778545422496e-01,1.364842517714851267e-01,4.094527553144553522e-01,-1.190534235821966158e-01,2.903993317322587364e-01
1.017835107615043255e-01,2.378418778545422496e-01,1.360583670930379241e-01,4.081751012791137723e-01,-1.277654035341607708e-01,2.804096977449530015e-01
1.022374364097260180e-01,2.378418778545422496e-01,1.356044414448162316e-01,4.068133243344487227e-01,-1.361776944665077371e-01,2.706356298679409855e-01
1.027184256209345142e-01,2.378418778545422496e-01,1.351234522336077215e-01,4.053703567008231645e-01,-1.442967633625530377e-01,2.610735933382701268e-01
1.032255221914768345e-01,2.378418778545422496e-01,1.346163556630654012e-01,4.038490669891962037e-01,-1.521289711626960806e-01,2.517200958265001232e-01
1.037577907716017989e-01,2.378418778545422496e-01,1.340840870829404508e-01,4.022522612488213523e-01,-1.596805740374851457e-01,2.425716872113362066e-01
1.043143165204478973e-01,2.378418778545422496e-01,1.335275613340943524e-01,4.005826840022830293e-01,-1.669577246538295201e-01,2.336249593484535092e-01
1.048942047652288434e-01,2.378418778545422496e-01,1.329476730893134062e-01,3.988430192679401909e-01,-1.739664734342838415e-01,2.248765458336563494e-01
1.054965806645931509e-01,2.378418778545422496e-01,1.323452971899490849e-01,3.970358915698472546e-01,-1.807127698092964030e-01,2.163231217605508516e-01
1.061205888761335148e-01,2.378418778545422496e-01,1.317212889784087348e-01,3.951638669352262045e-01,-1.872024634621050065e-01,2.079614034731211980e-01
1.067653932280211992e-01,2.378418778545422496e-01,1.310764846265210504e-01,3.932294538795631511e-01,-1.934413055663053438e-01,1.997881483132578073e-01
1.074301763947402011e-01,2.378418778545422496e-01,1.304117014598020485e-01,3.912351043794061178e-01,-1.994349500157005517e-01,1.918001543637055661e-01
1.081141395768955710e-01,2.378418778545422496e-01,1.297277382776466648e-01,3.891832148329399943e-01,-2.051889546466151293e-01,1.839942601863248650e-01
1.088165021850695802e-01,2.378418778545422496e-01,1.290253756694726694e-01,3.870761270084179806e-01,-2.107087824521985953e-01,1.763673445562193853e-01
1.095365015276992121e-01,2.378418778545422496e-01,1.283053763268430236e-01,3.849161289805290709e-01,-2.159998027888937466e-01,1.689163261916353242e-01
1.102733925029480005e-01,2.378418778545422496e-01,1.275684853515942629e-01,3.827054560547827888e-01,-2.210672925746282047e-01,1.616381634801545841e-01
1.110264472945448055e-01,2.378418778545422496e-01,1.268154305599974441e-01,3.804462916799923322e-01,-2.259164374790456620e-01,1.545298542009466702e-01
1.117949550715617163e-01,2.378418778545422496e-01,1.260469227829805194e-01,3.781407683489415583e-01,-2.305523331050773894e-01,1.475884352438641689e-01
1.125782216921030060e-01,2.378418778545422496e-01,1.252636561624392297e-01,3.757909684873176892e-01,-2.349799861623869113e-01,1.408109823249307779e-01
1.133755694108767864e-01,2.378418778545422496e-01,1.244663084436654632e-01,3.733989253309963896e-01,-2.392043156321299602e-01,1.341946096988664294e-01
1.141863365906204547e-01,2.378418778545422496e-01,1.236555412639217949e-01,3.709666237917653708e-01,-2.432301539231004894e-01,1.277364698686648814e-01
1.150098774173509975e-01,2.378418778545422496e-01,1.228320004371912522e-01,3.684960013115737842e-01,-2.470622480191628223e-01,1.214337532924109619e-01
1.158455616194107723e-01,2.378418778545422496e-01,1.219963162351314773e-01,3.659889487053944457e-01,-2.507052606179324683e-01,1.152836880874619774e-01
1.166927741902792914e-01,2.378418778545422496e-01,1.211491036642629582e-01,3.634473109927888745e-01,-2.541637712605557264e-01,1.092835397322331481e-01
1.175509151151210435e-01,2.378418778545422496e-01,1.202909627394212061e-01,3.608728882182636322e-01,-2.574422774525256252e-01,1.034306107657380069e-01
1.184193991010393660e-01,2.378418778545422496e-01,1.194224787535028837e-01,3.582674362605086649e-01,-2.605451957754967296e-01,9.772224048501193527e-02
1.192976553110061955e-01,2.378418778545422496e-01,1.185442225435360541e-01,3.556326676306081902e-01,-2.634768629900488546e-01,9.215580464055933563e-02
1.201851271014370698e-01,2.378418778545422496e-01,1.176567507531051798e-01,3.529702522593155534e-01,-2.662415371292622956e-01,8.672871513005325772e-02
1.210812717633809599e-01,2.378418778545422496e-01,1.167606060911612897e-01,3.502818182734838692e-01,-2.688433985831670259e-01,8.143841969031684336e-02
1.219855602672938744e-01,2.378418778545422496e-01,1.158563175872483753e-01,3.475689527617451535e-01,-2.712865511738743463e-01,7.628240158787080727e-02
1.228974770113655801e-01,2.378418778545422496e-01,1.149444008431766695e-01,3.448332025295299808e-01,-2.735750232215117261e-01,7.125817930801825462e-02
1.238165195733680890e-01,2.378418778545422496e-01,1.140253582811741606e-01,3.420760748435224818e-01,-2.757127686007526668e-01,6.636330624276981505e-02
1.247421984659948663e-01,2.378418778545422496e-01,1.130996793885473833e-01,3.392990381656421639e-01,-2.777036677880331816e-01,6.159537037760898226e-02
1.256740368956593967e-01,2.378418778545422496e-01,1.121678409588828529e-01,3.365035228766485309e-01,-2.795515288993591363e-01,5.695199397728939461e-02
1.266115705247216616e-01,2.378418778545422496e-01,1.112303073298205880e-01,3.336909219894617640e-01,-2.812600887186794685e-01,5.243083327078229550e-02
1.275543472371110099e-01,2.378418778545422496e-01,1.102875306174312398e-01,3.308625918522937193e-01,-2.828330137168044711e-01,4.802957813548924815e-02
1.285019269073139070e-01,2.378418778545422496e-01,1.093399509472283426e-01,3.280198528416850001e-01,-2.842739010608691386e-01,4.374595178081586155e-02
1.294538811726948790e-01,2.378418778545422496e-01,1.083879966818473706e-01,3.251639900455420840e-01,-2.855862796142916160e-01,3.957771043125046795e-02
1.304097932091189960e-01,2.378418778545422496e-01,1.074320846454232536e-01,3.222962539362697609e-01,-2.867736109272350786e-01,3.552264300903468230e-02
1.313692575098440174e-01,2.378418778545422496e-01,1.064726203446982322e-01,3.194178610340946967e-01,-2.878392902175064272e-01,3.157857081658826948e-02
1.323318796676506981e-01,2.378418778545422496e-01,1.055099981868915515e-01,3.165299945606746546e-01,-2.887866473420042102e-01,2.774334721867044440e-02
1.332972761601792233e-01,2.378418778545422496e-01,1.045446016943630263e-01,3.136338050830890789e-01,-2.896189477585575656e-01,2.401485732453151334e-02
1.342650741384402158e-01,2.378418778545422496e-01,1.035768037161020338e-01,3.107304111483061293e-01,-2.903393934782977359e-01,2.039101767000839338e-02
1.352349112184682012e-01,2.378418778545422496e-01,1.026069666360740484e-01,3.078208999082221453e-01,-2.909511240083956229e-01,1.686977589982652237e-02
1.362064352760861685e-01,2.378418778545422496e-01,1.016354425784560811e-01,3.049063277353682433e-01,-2.914572172853902021e-01,1.344911044997804117e-02
1.371793042447491395e-01,2.378418778545422496e-01,1.006625736097931101e-01,3.019877208293793025e-01,-2.918606905988913036e-01,1.012703023048799889e-02
1.381531859164351617e-01,2.378418778545422496e-01,9.968869193810708795e-02,2.990660758143212639e-01,-2.921645015058066397e-01,6.901574308514624168e-03
1.391277577455520276e-01,2.378418778545422496e-01,9.871412010899022205e-02,2.961423603269706661e-01,-2.923715487350597719e-01,3.770811591910894212e-03
1.401027066558280798e-01,2.378418778545422496e-01,9.773917119871416981e-02,2.932175135961425094e-01,-2.924846730828156716e-01,7.328405133268378613e-04
1.410777288501554594e-01,2.378418778545422496e-01,9.676414900438679023e-02,2.902924470131603707e-01,-2.925066582982138730e-01,-2.214211285053502287e-03
1.420525296233543511e-01,2.378418778545422496e-01,9.578934823118789854e-02,2.873680446935636956e-01,-2.924402319596675071e-01,-5.072187266103811432e-03
1.430268231778266397e-01,2.378418778545422496e-01,9.481505467671560994e-02,2.844451640301468576e-01,-2.922880663416865810e-01,-7.842902311539723392e-03
1.440003324420677522e-01,2.378418778545422496e-01,9.384154541247449743e-02,2.815246362374235201e-01,-2.920527792723337512e-01,-1.052814303491023118e-02
1.449727888920053775e-01,2.378418778545422496e-01,9.286908896253687207e-02,2.786072668876106162e-01,-2.917369349812876100e-01,-1.312966809367699383e-02
1.459439323751336448e-01,2.378418778545422496e-01,9.189794547940860481e-02,2.756938364382258144e-01,-2.913430449384801779e-01,-1.564920850025436350e-02
1.469135109374118953e-01,2.378418778545422496e-01,9.092836691713035435e-02,2.727851007513910631e-01,-2.908735686834751366e-01,-1.808846793208407355e-02
1.478812806528969348e-01,2.378418778545422496e-01,8.996059720164531481e-02,2.698817916049359722e-01,-2.903309146455118617e-01,-2.044912304057588948e-02
1.488470054560779021e-01,2.378418778545422496e-01,8.899487239846434750e-02,2.669846171953930147e-01,-2.897174409542901952e-01,-2.273282375889718043e-02
1.498104569768829719e-01,2.378418778545422496e-01,8.803142087765927770e-02,2.640942626329778609e-01,-2.890354562415209383e-01,-2.494119360854307743e-02
1.507714143783271954e-01,2.378418778545422496e-01,8.707046347621505422e-02,2.612113904286451627e-01,-2.882872204332670441e-01,-2.707583000462188139e-02
1.517296641967709747e-01,2.378418778545422496e-01,8.611221365777127490e-02,2.583366409733138247e-01,-2.874749455331337966e-01,-2.913830455981997192e-02
1.526850001847587512e-01,2.378418778545422496e-01,8.515687766978349837e-02,2.554706330093504674e-01,-2.866007963963329574e-01,-3.113016338698249008e-02
1.536372231564078483e-01,2.378418778545422496e-01,8.420465469813440129e-02,2.526139640944031761e-01,-2.856668914947291249e-01,-3.305292740032594878e-02
1.545861408353169097e-01,2.378418778545422496e-01,8.325573701922533987e-02,2.497672110576760196e-01,-2.846753036727184272e-01,-3.490809261504240757e-02
1.555315677049644574e-01,2.378418778545422496e-01,8.231031014957779224e-02,2.469309304487333767e-01,-2.836280608942642889e-01,-3.669713044553091219e-02
1.564733248615674532e-01,2.378418778545422496e-01,8.136855299297479638e-02,2.441056589789243891e-01,-2.825271469808987579e-01,-3.842148800197436875e-02
1.574112398693702508e-01,2.378418778545422496e-01,8.043063798517199881e-02,2.412919139555159964e-01,-2.813745023408392720e-01,-4.008258838532327561e-02
1.583451466183345147e-01,2.378418778545422496e-01,7.949673123620773496e-02,2.384901937086232049e-01,-2.801720246892791533e-01,-4.168183098065594838e-02
1.592748851842007152e-01,2.378418778545422496e-01,7.856699267034153444e-02,2.357009780110246033e-01,-2.789215697598601551e-01,-4.322059174883555177e-02
1.602003016908920274e-01,2.378418778545422496e-01,7.764157616365022219e-02,2.329247284909506666e-01,-2.776249520073936772e-01,-4.470022351644301062e-02
1.611212481752317127e-01,2.378418778545422496e-01,7.672062967931053690e-02,2.301618890379316107e-01,-2.762839453019055869e-01,-4.612205626397397618e-02
1.620375824539449783e-01,2.378418778545422496e-01,7.580429540059727134e-02,2.274128862017918140e-01,-2.749002836139796679e-01,-4.748739741218785393e-02
1.629491679929170322e-01,2.378418778545422496e-01,7.489270986162521737e-02,2.246781295848756521e-01,-2.734756616916161898e-01,-4.879753210674053765e-02
1.638558737786784125e-01,2.378418778545422496e-01,7.398600407586383709e-02,2.219580122275915113e-01,-2.720117357284140835e-01,-5.005372350082257227e-02
1.647575741920897230e-01,2.378418778545422496e-01,7.308430366245252663e-02,2.192529109873575799e-01,-2.705101240233931392e-01,-5.125721303603555934e-02
1.656541488841974108e-01,2.378418778545422496e-01,7.218772897034483882e-02,2.165631869110345165e-01,-2.689724076323063429e-01,-5.240922072127182640e-02
1.665454826542329680e-01,2.378418778545422496e-01,7.129639520030928157e-02,2.138891856009278447e-01,-2.674001310106671747e-01,-5.351094540973933000e-02
1.674314653297275524e-01,2.378418778545422496e-01,7.041041252481469725e-02,2.112312375744440918e-01,-2.657948026483752946e-01,-5.456356507393120281e-02
1.683119916487147427e-01,2.378418778545422496e-01,6.952988620582750690e-02,2.085896586174825207e-01,-2.641578956961571079e-01,-5.556823707867458717e-02
1.691869611439940913e-01,2.378418778545422496e-01,6.865491671054815837e-02,2.059647501316444751e-01,-2.624908485838045591e-01,-5.652609845216008400e-02
1.700562780294282150e-01,2.378418778545422496e-01,6.778559982511403459e-02,2.033567994753421038e-01,-2.607950656302371328e-01,-5.743826615489502907e-02
1.709198510882468380e-01,2.378418778545422496e-01,6.692202676629541158e-02,2.007660802988862347e-01,-2.590719176455869022e-01,-5.830583734670066742e-02
1.717775935633308049e-01,2.378418778545422496e-01,6.606428429121144474e-02,1.981928528736343342e-01,-2.573227425251900513e-01,-5.912988965155571708e-02
1.726294230494496151e-01,2.378418778545422496e-01,6.521245480509263448e-02,1.956373644152779034e-01,-2.555488458356430792e-01,-5.991148142036517577e-02
1.734752613874263882e-01,2.378418778545422496e-01,6.436661646711586138e-02,1.930998494013475841e-01,-2.537515013930319308e-01,-6.065165199168434662e-02
1.743150345602039741e-01,2.378418778545422496e-01,6.352684329433827548e-02,1.905805298830148264e-01,-2.519319518332757690e-01,-6.135142195026094258e-02
1.751486725907865361e-01,2.378418778545422496e-01,6.269320526375571356e-02,1.880796157912671407e-01,-2.500914091747685752e-01,-6.201179338350143455e-02
1.759761094420307648e-01,2.378418778545422496e-01,6.186576841251148484e-02,1.855973052375344545e-01,-2.482310553732686165e-01,-6.263375013573416195e-02
1.767972829182614114e-01,2.378418778545422496e-01,6.104459493628083822e-02,1.831337848088425146e-01,-2.463520428691939879e-01,-6.321825806035147322e-02
1.776121345686860198e-01,2.378418778545422496e-01,6.022974328585622983e-02,1.806892298575686895e-01,-2.444554951273825161e-01,-6.376626526981382659e-02
1.784206095925836566e-01,2.378418778545422496e-01,5.942126826195859302e-02,1.782638047858757790e-01,-2.425425071692910439e-01,-6.427870238341526488e-02
1.792226567462429365e-01,2.378418778545422496e-01,5.861922110829931309e-02,1.758576633248979393e-01,-2.406141460977839763e-01,-6.475648277288603705e-02
1.800182282516249455e-01,2.378418778545422496e-01,5.782364960291730416e-02,1.734709488087519125e-01,-2.386714516146026810e-01,-6.520050280585076852e-02
1.808072797067263593e-01,2.378418778545422496e-01,5.703459814781589032e-02,1.711037944434476710e-01,-2.367154365304241503e-01,-6.561164208697647937e-02
1.815897699976190827e-01,2.378418778545422496e-01,5.625210785692316695e-02,1.687563235707695009e-01,-2.347470872678170117e-01,-6.599076369704751088e-02
1.823656612121420939e-01,2.378418778545422496e-01,5.547621664240015571e-02,1.664286499272004671e-01,-2.327673643569033723e-01,-6.633871442970290522e-02
1.831349185552221259e-01,2.378418778545422496e-01,5.470695929932012369e-02,1.641208778979603711e-01,-2.307772029240096057e-01,-6.665632502604923459e-02
1.838975102657995631e-01,2.378418778545422496e-01,5.394436758874268656e-02,1.618331027662280597e-01,-2.287775131732311396e-01,-6.694441040700307988e-02
1.846534075353362947e-01,2.378418778545422496e-01,5.318847031920595492e-02,1.595654109576178648e-01,-2.267691808610194926e-01,-6.720376990340162782e-02
1.854025844278826829e-01,2.378418778545422496e-01,5.243929342665956672e-02,1.573178802799787002e-01,-2.247530677639164587e-01,-6.743518748393775852e-02
1.861450178016806900e-01,2.378418778545422496e-01,5.169686005286155961e-02,1.550905801585846788e-01,-2.227300121394021337e-01,-6.763943198081745489e-02
1.868806872322806012e-01,2.378418778545422496e-01,5.096119062226164842e-02,1.528835718667849453e-01,-2.207008291799733568e-01,-6.781725731318841155e-02
1.876095749371491928e-01,2.378418778545422496e-01,5.023230291739305686e-02,1.506969087521791706e-01,-2.186663114605774672e-01,-6.796940270839829656e-02
1.883316657017469475e-01,2.378418778545422496e-01,4.951021215279530208e-02,1.485306364583859062e-01,-2.166272293793264359e-01,-6.809659292094052963e-02
1.890469468070526127e-01,2.378418778545422496e-01,4.879493104748963694e-02,1.463847931424689108e-01,-2.145843315916995397e-01,-6.819953844923062891e-02
1.897554079585133668e-01,2.378418778545422496e-01,4.808646989602888278e-02,1.442594096880866483e-01,-2.125383454382262505e-01,-6.827893575013960215e-02
1.904570412163991144e-01,2.378418778545422496e-01,4.738483663814313518e-02,1.421545099144294055e-01,-2.104899773657242790e-01,-6.833546745129487343e-02
1.911518409275397290e-01,2.378418778545422496e-01,4.669003692700252062e-02,1.400701107810075619e-01,-2.084399133421843686e-01,-6.836980256117680677e-02
1.918398036584242072e-01,2.378418778545422496e-01,4.600207419611804238e-02,1.380062225883541271e-01,-2.063888192653434706e-01,-6.838259667698934341e-02
1.925209281296410002e-01,2.378418778545422496e-01,4.532094972490124940e-02,1.359628491747037482e-01,-2.043373413650378945e-01,-6.837449219033414627e-02
1.931952151516387606e-01,2.378418778545422496e-01,4.464666270290348904e-02,1.339399881087104671e-01,-2.022861065993281082e-01,-6.834611849061764111e-02
1.938626675617874662e-01,2.378418778545422496e-01,4.397921029275478344e-02,1.319376308782643503e-01,-2.002357230446116798e-01,-6.829809216634732949e-02
1.945232901627195199e-01,2.378418778545422496e-01,4.331858769182272972e-02,1.299557630754681892e-01,-1.981867802796161149e-01,-6.823101720414792570e-02
1.951770896619311746e-01,2.378418778545422496e-01,4.266478819261107502e-02,1.279943645778332251e-01,-1.961398497634964100e-01,-6.814548518566318491e-02
1.958240746126242438e-01,2.378418778545422496e-01,4.201780324191800586e-02,1.260534097257540176e-01,-1.940954852079207482e-01,-6.804207548216673063e-02
1.964642553557691129e-01,2.378418778545422496e-01,4.137762249877313669e-02,1.241328674963194101e-01,-1.920542229434607506e-01,-6.792135544714134054e-02
1.970976439633692623e-01,2.378418778545422496e-01,4.074423389117298733e-02,1.222327016735189620e-01,-1.900165822800448101e-01,-6.778388060652584812e-02
1.977242541829087596e-01,2.378418778545422496e-01,4.011762367163348997e-02,1.203528710149004699e-01,-1.879830658618492079e-01,-6.763019484694873795e-02
1.983441013829635724e-01,2.378418778545422496e-01,3.949777647157867722e-02,1.184933294147360316e-01,-1.859541600164438258e-01,-6.746083060170779411e-02
1.989572024999582134e-01,2.378418778545422496e-01,3.888467535458403623e-02,1.166540260637521087e-01,-1.839303350983922947e-01,-6.727630903464018597e-02
1.995635759860493741e-01,2.378418778545422496e-01,3.827830186849287553e-02,1.148349056054786266e-01,-1.819120458273482122e-01,-6.707714022186958558e-02
2.001632417581183376e-01,2.378418778545422496e-01,3.767863609642391198e-02,1.130359082892717359e-01,-1.798997316206890629e-01,-6.686382333141732692e-02
2.007562211478541858e-01,2.378418778545422496e-01,3.708565670668806380e-02,1.112569701200641914e-01,-1.778938169207544551e-01,-6.663684680069026367e-02
2.013425368529099535e-01,2.378418778545422496e-01,3.649934100163229611e-02,1.094980230048968883e-01,-1.758947115167303066e-01,-6.639668851183341824e-02
2.019222128891145496e-01,2.378418778545422496e-01,3.591966496542770004e-02,1.077589948962831001e-01,-1.739028108613788204e-01,-6.614381596509572026e-02
2.024952745437226254e-01,2.378418778545422496e-01,3.534660331081962426e-02,1.060398099324588728e-01,-1.719184963824227363e-01,-6.587868644996386358e-02
2.030617483296857095e-01,2.378418778545422496e-01,3.478012952485654008e-02,1.043403885745696202e-01,-1.699421357889252526e-01,-6.560174721435563239e-02
2.036216619409273454e-01,2.378418778545422496e-01,3.422021591361490422e-02,1.026606477408447127e-01,-1.679740833724907567e-01,-6.531343563164604404e-02
2.041750442086058270e-01,2.378418778545422496e-01,3.366683364593642258e-02,1.010005009378092677e-01,-1.660146803035444929e-01,-6.501417936573522516e-02
2.047219250583477423e-01,2.378418778545422496e-01,3.311995279619450727e-02,9.935985838858352182e-02,-1.640642549225745928e-01,-6.470439653399107094e-02
2.052623354684362522e-01,2.378418778545422496e-01,3.257954238610599740e-02,9.773862715831799219e-02,-1.621231230265529621e-01,-6.438449586823496995e-02
2.057963074289379246e-01,2.378418778545422496e-01,3.204557042560432500e-02,9.613671127681297501e-02,-1.601915881505017181e-01,-6.405487687368874306e-02
2.063238739017522472e-01,2.378418778545422496e-01,3.151800395279000244e-02,9.455401185837000733e-02,-1.582699418442967687e-01,-6.371592998592676138e-02
2.068450687815679701e-01,2.378418778545422496e-01,3.099680907297427956e-02,9.299042721892283869e-02,-1.563584639447168634e-01,-6.336803672579402469e-02
2.073599268577110966e-01,2.378418778545422496e-01,3.048195099683115306e-02,9.144585299049345917e-02,-1.544574228429379525e-01,-6.301156985244449338e-02
2.078684837768689786e-01,2.378418778545422496e-01,2.997339407767327102e-02,8.992018223301981306e-02,-1.525670757473646111e-01,-6.264689351434479803e-02
2.083707760066754455e-01,2.378418778545422496e-01,2.947110184786680409e-02,8.841330554360041227e-02,-1.506876689419400783e-01,-6.227436339833966605e-02
2.088668408001420618e-01,2.378418778545422496e-01,2.897503705440018784e-02,8.692511116320056352e-02,-1.488194380399848749e-01,-6.189432687678431133e-02
2.093567161609209970e-01,2.378418778545422496e-01,2.848516169362125261e-02,8.545548508086375783e-02,-1.469626082336805695e-01,-6.150712315281681164e-02
2.098404408093846596e-01,2.378418778545422496e-01,2.800143704515759002e-02,8.400431113547277007e-02,-1.451173945390987763e-01,-6.111308340362600622e-02
2.103180541495079658e-01,2.378418778545422496e-01,2.752382370503428377e-02,8.257147111510285131e-02,-1.432840020369918754e-01,-6.071253092188902412e-02
2.107895962365390896e-01,2.378418778545422496e-01,2.705228161800316000e-02,8.115684485400948001e-02,-1.414626261093371307e-01,-6.030578125532765066e-02
2.112551077454446757e-01,2.378418778545422496e-01,2.658677010909757388e-02,7.976031032729272163e-02,-1.396534526716758373e-01,-5.989314234438311568e-02
2.117146299401158338e-01,2.378418778545422496e-01,2.612724791442641581e-02,7.838174374327924743e-02,-1.378566584013474206e-01,-5.947491465806817312e-02
2.121682046433211732e-01,2.378418778545422496e-01,2.567367321122107637e-02,7.702101963366322912e-02,-1.360724109616018307e-01,-5.905139132793860157e-02
2.126158742073937236e-01,2.378418778545422496e-01,2.522600364714852605e-02,7.567801094144557816e-02,-1.343008692217650957e-01,-5.862285828031951751e-02
2.130576814856382228e-01,2.378418778545422496e-01,2.478419636890402677e-02,7.435258910671208032e-02,-1.325421834733497839e-01,-5.818959436663770357e-02
2.134936698044460623e-01,2.378418778545422496e-01,2.434820805009618727e-02,7.304462415028856181e-02,-1.307964956423518510e-01,-5.775187149206328918e-02
2.139238829361047034e-01,2.378418778545422496e-01,2.391799491843754621e-02,7.175398475531263864e-02,-1.290639394975923171e-01,-5.730995474227967845e-02
2.143483650722891043e-01,2.378418778545422496e-01,2.349351278225314532e-02,7.048053834675943596e-02,-1.273446408553202680e-01,-5.686410250856083204e-02
2.147671607982226671e-01,2.378418778545422496e-01,2.307471705631958248e-02,6.922415116895874743e-02,-1.256387177800688537e-01,-5.641456661111010629e-02
2.151803150674951037e-01,2.378418778545422496e-01,2.266156278704714588e-02,6.798468836114143765e-02,-1.239462807817309775e-01,-5.596159242058953986e-02
2.155878731775254797e-01,2.378418778545422496e-01,2.225400467701676988e-02,6.676201403105030963e-02,-1.222674330091128025e-01,-5.550541897806249292e-02
2.159898807456580583e-01,2.378418778545422496e-01,2.185199710888419133e-02,6.555599132665257400e-02,-1.206022704397735623e-01,-5.504627911312098831e-02
2.163863836858793410e-01,2.378418778545422496e-01,2.145549416866290859e-02,6.436648250598872578e-02,-1.189508820663848221e-01,-5.458439956039609631e-02
2.167774281861445662e-01,2.378418778545422496e-01,2.106444966839768340e-02,6.319334900519305021e-02,-1.173133500795675577e-01,-5.412000107437450747e-02
2.171630606863023671e-01,2.378418778545422496e-01,2.067881716823988247e-02,6.203645150471964742e-02,-1.156897500473402784e-01,-5.365329854262063103e-02
2.175433278566059059e-01,2.378418778545422496e-01,2.029854999793634374e-02,6.089564999380903121e-02,-1.140801510910616212e-01,-5.318450109725259001e-02
2.179182765767997132e-01,2.378418778545422496e-01,1.992360127774253642e-02,5.977080383322760926e-02,-1.124846160581421950e-01,-5.271381222491458574e-02
2.182879539157710214e-01,2.378418778545422496e-01,1.955392393877122825e-02,5.866177181631368476e-02,-1.109032016913924501e-01,-5.224142987507876534e-02
2.186524071117548207e-01,2.378418778545422496e-01,1.918947074278742893e-02,5.756841222836228678e-02,-1.093359587951397982e-01,-5.176754656677751143e-02
2.190116835530819539e-01,2.378418778545422496e-01,1.883019430146029571e-02,5.649058290438088714e-02,-1.077829323981399634e-01,-5.129234949375907626e-02
2.193658307594597012e-01,2.378418778545422496e-01,1.847604709508254839e-02,5.542814128524764516e-02,-1.062441619133241977e-01,-5.081602062807655251e-02
2.197148963637746422e-01,2.378418778545422496e-01,1.812698149076760745e-02,5.438094447230282236e-02,-1.047196812944822808e-01,-5.033873682217945844e-02
2.200589280944073578e-01,2.378418778545422496e-01,1.778294976013489181e-02,5.334884928040467544e-02,-1.032095191898146913e-01,-4.986066990941001587e-02
2.203979737580491483e-01,2.378418778545422496e-01,1.744390409649310136e-02,5.233171228947930409e-02,-1.017136990925371354e-01,-4.938198680305783128e-02
2.207320812230106344e-01,2.378418778545422496e-01,1.710979663153161523e-02,5.132938989459484569e-02,-1.002322394884458401e-01,-4.890284959385099439e-02
2.210612984030127237e-01,2.378418778545422496e-01,1.678057945152952590e-02,5.034173835458857771e-02,-9.876515400062679806e-02,-4.842341564603822035e-02
2.213856732414502260e-01,2.378418778545422496e-01,1.645620461309202365e-02,4.936861383927607094e-02,-9.731245153125067660e-02,-4.794383769197460565e-02
2.217052536961185150e-01,2.378418778545422496e-01,1.613662415842373465e-02,4.840987247527120396e-02,-9.587413640048669805e-02,-4.746426392521549409e-02
2.220200877243942994e-01,2.378418778545422496e-01,1.582179013014795022e-02,4.746537039044385065e-02,-9.445020848273533165e-02,-4.698483809229148100e-02
2.223302232688608437e-01,2.378418778545422496e-01,1.551165458568140587e-02,4.653496375704421761e-02,-9.304066333996330318e-02,-4.650569958291908557e-02
2.226357082433690904e-01,2.378418778545422496e-01,1.520616961117315924e-02,4.561850883351947772e-02,-9.164549235247398951e-02,-4.602698351895451179e-02
2.229365905195254405e-01,2.378418778545422496e-01,1.490528733501680914e-02,4.471586200505042741e-02,-9.026468284690503108e-02,-4.554882084185460367e-02
2.232329179135976172e-01,2.378418778545422496e-01,1.460895994094463246e-02,4.382687982283389738e-02,-8.889821822165300258e-02,-4.507133839881910520e-02
2.235247381738298955e-01,2.378418778545422496e-01,1.431713968071235410e-02,4.295141904213706230e-02,-8.754607806968350836e-02,-4.459465902754644606e-02
2.238120989681594286e-01,2.378418778545422496e-01,1.402977888638282100e-02,4.208933665914846300e-02,-8.620823829885992939e-02,-4.411890163971146639e-02
2.240950478723249817e-01,2.378418778545422496e-01,1.374682998221726793e-02,4.124048994665180379e-02,-8.488467124966592170e-02,-4.364418130301411791e-02
2.243736323583602477e-01,2.378418778545422496e-01,1.346824549618200195e-02,4.040473648854600586e-02,-8.357534581057979306e-02,-4.317060932203378720e-02
2.246478997834633062e-01,2.378418778545422496e-01,1.319397807107894338e-02,3.958193421323683014e-02,-8.228022753091757124e-02,-4.269829331768074110e-02
2.249178973792345937e-01,2.378418778545422496e-01,1.292398047530765592e-02,3.877194142592296777e-02,-8.099927873138623724e-02,-4.222733730546326947e-02
2.251836722412753344e-01,2.378418778545422496e-01,1.265820561326691518e-02,3.797461683980074554e-02,-7.973245861222222342e-02,-4.175784177242147788e-02
2.254452713191388291e-01,2.378418778545422496e-01,1.239660653540342050e-02,3.718981960621026150e-02,-7.847972335904840335e-02,-4.128990375283814185e-02
2.257027414066270499e-01,2.378418778545422496e-01,1.213913644791519975e-02,3.641740934374559924e-02,-7.724102624646622672e-02,-4.082361690272062749e-02
2.259561291324249932e-01,2.378418778545422496e-01,1.188574872211725642e-02,3.565724616635176925e-02,-7.601631773938299919e-02,-4.035907157303122994e-02
2.262054809510656295e-01,2.378418778545422496e-01,1.163639690347662015e-02,3.490919071042986044e-02,-7.480554559219088073e-02,-3.989635488176102029e-02
2.264508431342180939e-01,2.378418778545422496e-01,1.139103472032415576e-02,3.417310416097246728e-02,-7.360865494573931578e-02,-3.943555078476684850e-02
2.266922617622920688e-01,2.378418778545422496e-01,1.114961609225018080e-02,3.344884827675054240e-02,-7.242558842219248838e-02,-3.897674014544194598e-02
2.269297827163515024e-01,2.378418778545422496e-01,1.091209513819074717e-02,3.273628541457224150e-02,-7.125628621783008931e-02,-3.852000080325784781e-02
2.271634516703306128e-01,2.378418778545422496e-01,1.067842618421163681e-02,3.203527855263491042e-02,-7.010068619373310828e-02,-3.806540764109819786e-02
2.273933140835456279e-01,2.378418778545422496e-01,1.044856377099662170e-02,3.134569131298986511e-02,-6.895872396450453135e-02,-3.761303265151466624e-02
2.276194151934954890e-01,2.378418778545422496e-01,1.022246266104676060e-02,3.066738798314028180e-02,-6.783033298495833030e-02,-3.716294500181804850e-02
2.278418000089451612e-01,2.378418778545422496e-01,1.000007784559708846e-02,3.000023353679126537e-02,-6.671544463490164389e-02,-3.671521109811037853e-02
2.280605133032850285e-01,2.378418778545422496e-01,9.781364551257221152e-03,2.934409365377166345e-02,-6.561398830196019105e-02,-3.626989464818852760e-02
2.282755996081600736e-01,2.378418778545422496e-01,9.566278246382176054e-03,2.869883473914652816e-02,-6.452589146251352936e-02,-3.582705672336700120e-02
2.284871032073627906e-01,2.378418778545422496e-01,9.354774647179459057e-03,2.806432394153837717e-02,-6.345107976081509893e-02,-3.538675581927672176e-02
2.286950681309835587e-01,2.378418778545422496e-01,9.146809723558690930e-03,2.744042917067607279e-02,-6.238947708623043820e-02,-3.494904791555436541e-02
2.288995381498127868e-01,2.378418778545422496e-01,8.942339704729462824e-03,2.682701911418838847e-02,-6.134100564876843187e-02,-3.451398653458004340e-02
2.291005567699885559e-01,2.378418778545422496e-01,8.741321084553693721e-03,2.622396325366108116e-02,-6.030558605273073081e-02,-3.408162279906964964e-02
2.292981672278844307e-01,2.378418778545422496e-01,8.543710626657818885e-03,2.563113187997345666e-02,-5.928313736876245077e-02,-3.365200548878899411e-02
2.294924124852314173e-01,2.378418778545422496e-01,8.349465369310832275e-03,2.504839610793249682e-02,-5.827357720409598318e-02,-3.322518109616348636e-02
2.296833352244687931e-01,2.378418778545422496e-01,8.158542630073456481e-03,2.447562789022036944e-02,-5.727682177121273810e-02,-3.280119388099236866e-02
2.298709778443180640e-01,2.378418778545422496e-01,7.970900010224185595e-03,2.391270003067255678e-02,-5.629278595478126590e-02,-3.238008592410870912e-02
2.300553824555749138e-01,2.378418778545422496e-01,7.786495398967335779e-03,2.335948619690200734e-02,-5.532138337705494457e-02,-3.196189718015293724e-02
2.302365908771137615e-01,2.378418778545422496e-01,7.605286977428488138e-03,2.281586093228546441e-02,-5.436252646165429248e-02,-3.154666552936882806e-02
2.304146446320996522e-01,2.378418778545422496e-01,7.427233222442597427e-03,2.228169966732779228e-02,-5.341612649576721328e-02,-3.113442682843942100e-02
2.305895849444027090e-01,2.378418778545422496e-01,7.252292910139540583e-03,2.175687873041862175e-02,-5.248209369091705323e-02,-3.072521496049843148e-02
2.307614527352097322e-01,2.378418778545422496e-01,7.080425119332517392e-03,2.124127535799755218e-02,-5.156033724210695723e-02,-3.031906188410940506e-02
2.309302886198283389e-01,2.378418778545422496e-01,6.911589234713910734e-03,2.073476770414173220e-02,-5.065076538558199726e-02,-2.991599768144026505e-02
2.310961329046787860e-01,2.378418778545422496e-01,6.745744949863463624e-03,2.023723484959039087e-02,-4.975328545513413303e-02,-2.951605060554374216e-02
2.312590255844686749e-01,2.378418778545422496e-01,6.582852270073574763e-03,1.974855681022072429e-02,-4.886780393696665836e-02,-2.911924712674593407e-02
2.314190063395459018e-01,2.378418778545422496e-01,6.422871514996347786e-03,1.926861454498904336e-02,-4.799422652316809312e-02,-2.872561197817904977e-02
2.315761145334253035e-01,2.378418778545422496e-01,6.265763321116946116e-03,1.879728996335083835e-02,-4.713245816382050091e-02,-2.833516820046966256e-02
2.317303892104846663e-01,2.378418778545422496e-01,6.111488644057583297e-03,1.833446593217274989e-02,-4.628240311780884575e-02,-2.794793718563609586e-02
2.318818690938254656e-01,2.378418778545422496e-01,5.960008760716783982e-03,1.788002628215035195e-02,-4.544396500223979452e-02,-2.756393872008944257e-02
2.320305925832942540e-01,2.378418778545422496e-01,5.811285271247995654e-03,1.743385581374398696e-02,-4.461704684063649839e-02,-2.718319102689251143e-02
2.321765977536603409e-01,2.378418778545422496e-01,5.665280100881908698e-03,1.699584030264572609e-02,-4.380155110982608679e-02,-2.680571080718036070e-02
2.323199223529457125e-01,2.378418778545422496e-01,5.521955501596537141e-03,1.656586650478961142e-02,-4.299737978561146701e-02,-2.643151328082185558e-02
2.324606038009029985e-01,2.378418778545422496e-01,5.381274053639251154e-03,1.614382216091775346e-02,-4.220443438718579632e-02,-2.606061222626804286e-02
2.325986791876376580e-01,2.378418778545422496e-01,5.243198666904591576e-03,1.572959600071377473e-02,-4.142261602039787327e-02,-2.569302001968409854e-02
2.327341852723703586e-01,2.378418778545422496e-01,5.107692582171891038e-03,1.532307774651567311e-02,-4.065182541981016140e-02,-2.532874767329448829e-02
2.328671584823357454e-01,2.378418778545422496e-01,4.974719372206504175e-03,1.492415811661951253e-02,-3.989196298961605880e-02,-2.496780487299654627e-02
2.329976349118138279e-01,2.378418778545422496e-01,4.844242942728421708e-03,1.453272882818526512e-02,-3.914292884342474022e-02,-2.461020001523947509e-02
2.331256503212903730e-01,2.378418778545422496e-01,4.716227533251876602e-03,1.414868259975562981e-02,-3.840462284296353168e-02,-2.425594024320790187e-02
2.332512401367426158e-01,2.378418778545422496e-01,4.590637717799633810e-03,1.377191315339890143e-02,-3.767694463567283769e-02,-2.390503148227393626e-02
2.333744394490466223e-01,2.378418778545422496e-01,4.467438405495627318e-03,1.340231521648688195e-02,-3.695979369120194757e-02,-2.355747847471506562e-02
2.334952830135031410e-01,2.378418778545422496e-01,4.346594841039108648e-03,1.303978452311732594e-02,-3.625306933695560119e-02,-2.321328481383827524e-02
2.336138052494782791e-01,2.378418778545422496e-01,4.228072605063970535e-03,1.268421781519191160e-02,-3.555667079254143381e-02,-2.287245297734952221e-02
2.337300402401557009e-01,2.378418778545422496e-01,4.111837614386548712e-03,1.233551284315964613e-02,-3.487049720322654700e-02,-2.253498436006690087e-02
2.338440217323971004e-01,2.378418778545422496e-01,3.997856122145149183e-03,1.199356836643544755e-02,-3.419444767241985872e-02,-2.220087930598441117e-02
2.339557831367078955e-01,2.378418778545422496e-01,3.886094717834354118e-03,1.165828415350306235e-02,-3.352842129323851950e-02,-2.187013713973545714e-02
2.340653575273047293e-01,2.378418778545422496e-01,3.776520327237520291e-03,1.132956098171256087e-02,-3.287231717905014783e-02,-2.154275619733758695e-02
2.341727776422818375e-01,2.378418778545422496e-01,3.669100212260412164e-03,1.100730063678123649e-02,-3.222603449313243829e-02,-2.121873385635120179e-02
2.342780758838733102e-01,2.378418778545422496e-01,3.563801970668939445e-03,1.069140591200681834e-02,-3.158947247744181563e-02,-2.089806656543499730e-02
2.343812843188082251e-01,2.378418778545422496e-01,3.460593535734024506e-03,1.038178060720207352e-02,-3.096253048047448164e-02,-2.058074987327240812e-02
2.344824346787558189e-01,2.378418778545422496e-01,3.359443175786430702e-03,1.007832952735929211e-02,-3.034510798427814127e-02,-2.026677845691884916e-02
2.345815583608577282e-01,2.378418778545422496e-01,3.260319493684521452e-03,9.780958481053564357e-03,-2.973710463057277487e-02,-1.995614614951921051e-02
2.346786864283446905e-01,2.378418778545422496e-01,3.163191426197559109e-03,9.489574278592677326e-03,-2.913842024608870318e-02,-1.964884596749602585e-02
2.347738496112349027e-01,2.378418778545422496e-01,3.068028243307346914e-03,9.204084729922040742e-03,-2.854895486706365837e-02,-1.934487013714161763e-02
2.348670783071113988e-01,2.378418778545422496e-01,2.974799547430850843e-03,8.924398642292552530e-03,-2.796860876294882114e-02,-1.904421012065626861e-02
2.349584025819758115e-01,2.378418778545422496e-01,2.883475272566438097e-03,8.650425817699314290e-03,-2.739728245932382400e-02,-1.874685664162450971e-02
2.350478521711760749e-01,2.378418778545422496e-01,2.794025683366174739e-03,8.382077050098524218e-03,-2.683487676007900724e-02,-1.845279970998048302e-02
2.351354564804053471e-01,2.378418778545422496e-01,2.706421374136902536e-03,8.119264122410707607e-03,-2.628129276878166110e-02,-1.816202864637095349e-02
2.352212445867699619e-01,2.378418778545422496e-01,2.620633267772287667e-03,7.861899803316863000e-03,-2.573643190938446068e-02,-1.787453210606759768e-02
2.353052452399239658e-01,2.378418778545422496e-01,2.536632614618283821e-03,7.609897843854851462e-03,-2.520019594620115377e-02,-1.759029810234630231e-02
2.353874868632677420e-01,2.378418778545422496e-01,2.454390991274507661e-03,7.363172973823522982e-03,-2.467248700313284804e-02,-1.730931402930932506e-02
2.354679975552085858e-01,2.378418778545422496e-01,2.373880299333663846e-03,7.121640898000991537e-03,-2.415320758225314446e-02,-1.703156668425215292e-02
2.355468050904810096e-01,2.378418778545422496e-01,2.295072764061240056e-03,6.885218292183720168e-03,-2.364226058172713696e-02,-1.675704228954341679e-02
2.356239369215244739e-01,2.378418778545422496e-01,2.217940933017775729e-03,6.653822799053327186e-03,-2.313954931303929818e-02,-1.648572651398597100e-02
2.356994201799165467e-01,2.378418778545422496e-01,2.142457674625702913e-03,6.427373023877108738e-03,-2.264497751762184485e-02,-1.621760449374473612e-02
2.357732816778592422e-01,2.378418778545422496e-01,2.068596176683007437e-03,6.205788530049022311e-03,-2.215844938280864262e-02,-1.595266085275962031e-02
2.358455479097166518e-01,2.378418778545422496e-01,1.996329944825597780e-03,5.988989834476793339e-03,-2.167986955722289721e-02,-1.569087972274610387e-02
2.359162450536017863e-01,2.378418778545422496e-01,1.925632800940463296e-03,5.776898402821389888e-03,-2.120914316554034507e-02,-1.543224476271895518e-02
2.359853989730106572e-01,2.378418778545422496e-01,1.856478881531592462e-03,5.569436644594777386e-03,-2.074617582266125027e-02,-1.517673917806647288e-02
2.360530352185017389e-01,2.378418778545422496e-01,1.788842636040510747e-03,5.366527908121532242e-03,-2.029087364732451437e-02,-1.492434573920298213e-02
2.361191790294188964e-01,2.378418778545422496e-01,1.722698825123353261e-03,5.168096475370059784e-03,-1.984314327514724585e-02,-1.467504679977718607e-02
2.361838553356560566e-01,2.378418778545422496e-01,1.658022518886193009e-03,4.974067556658579026e-03,-1.940289187114807579e-02,-1.442882431448949676e-02
2.362470887594617652e-01,2.378418778545422496e-01,1.594789095080484387e-03,4.784367285241453160e-03,-1.897002714171258653e-02,-1.418565985647113337e-02
2.363089036172818513e-01,2.378418778545422496e-01,1.532974237260398276e-03,4.598922711781194828e-03,-1.854445734602583329e-02,-1.394553463424463846e-02
2.363693239216385078e-01,2.378418778545422496e-01,1.472553932903741813e-03,4.417661798711225440e-03,-1.812609130699693871e-02,-1.370842950828571327e-02
2.364283733830443435e-01,2.378418778545422496e-01,1.413504471497906145e-03,4.240513414493718436e-03,-1.771483842175070045e-02,-1.347432500725698201e-02
2.364860754119494368e-01,2.378418778545422496e-01,1.355802442592812795e-03,4.067407327778438386e-03,-1.731060867152800498e-02,-1.324320134374956659e-02
2.365424531207201697e-01,2.378418778545422496e-01,1.299424733822079903e-03,3.898274201466239708e-03,-1.691331263121986783e-02,-1.301503842975362812e-02
2.365975293256479262e-01,2.378418778545422496e-01,1.244348528894323458e-03,3.733045586682970374e-03,-1.652286147832693342e-02,-1.278981589164396304e-02
2.366513265489865181e-01,2.378418778545422496e-01,1.190551305555731521e-03,3.571653916667194562e-03,-1.613916700157758122e-02,-1.256751308491038666e-02
2.367038670210166174e-01,2.378418778545422496e-01,1.138010833525632259e-03,3.414032500576896778e-03,-1.576214160902977834e-02,-1.234810910845288157e-02
2.367551726821358615e-01,2.378418778545422496e-01,1.086705172406388087e-03,3.260115517219164261e-03,-1.539169833577325175e-02,-1.213158281855408749e-02
2.368052651849732460e-01,2.378418778545422496e-01,1.036612669569003664e-03,3.109838008707010992e-03,-1.502775085121532683e-02,-1.191791284250831584e-02
2.368541658965263863e-01,2.378418778545422496e-01,9.877119580158633116e-04,2.963135874047589935e-03,-1.467021346594210573e-02,-1.170707759189451580e-02
2.369018959003203473e-01,2.378418778545422496e-01,9.399819542219023383e-04,2.819945862665707015e-03,-1.431900113818829201e-02,-1.149905527552258500e-02
2.369484759985867328e-01,2.378418778545422496e-01,8.934018559555167993e-04,2.680205567866550398e-03,-1.397402947991566169e-02,-1.129382391204911129e-02
2.369939267144619277e-01,2.378418778545422496e-01,8.479511400803219079e-04,2.543853420240965724e-03,-1.363521476255846743e-02,-1.109136134231750170e-02
2.370382682942028807e-01,2.378418778545422496e-01,8.036095603393689224e-04,2.410828681018106767e-03,-1.330247392228589565e-02,-1.089164524126778888e-02
2.370815207094197075e-01,2.378418778545422496e-01,7.603571451225421551e-04,2.281071435367626465e-03,-1.297572456504803018e-02,-1.069465312968040371e-02
2.371237036593235870e-01,2.378418778545422496e-01,7.181741952186626587e-04,2.154522585655987976e-03,-1.265488497116384892e-02,-1.050036238550786094e-02
2.371648365729888963e-01,2.378418778545422496e-01,6.770412815533533024e-04,2.031123844660059907e-03,-1.233987409959280690e-02,-1.030875025493274699e-02
2.372049386116287240e-01,2.378418778545422496e-01,6.369392429135256606e-04,1.910817728740576982e-03,-1.203061159194829255e-02,-1.011979386320771557e-02
2.372440286708822343e-01,2.378418778545422496e-01,5.978491836600152709e-04,1.793547550980045813e-03,-1.172701777605311690e-02,-9.933470225073071092e-03
2.372821253831132182e-01,2.378418778545422496e-01,5.597524714290313952e-04,1.679257414287094186e-03,-1.142901366929516271e-02,-9.749756255008068528e-03
2.373192471197187181e-01,2.378418778545422496e-01,5.226307348235315064e-04,1.567892204470594519e-03,-1.113652098164996662e-02,-9.568628777179372102e-03
2.373554119934464801e-01,2.378418778545422496e-01,4.864658610957695029e-04,1.459397583287308509e-03,-1.084946211832860108e-02,-9.390064535041292570e-03
2.373906378607207601e-01,2.378418778545422496e-01,4.512399938214894934e-04,1.353719981464468480e-03,-1.056776018228400282e-02,-9.214040200819534343e-03
2.374249423239749579e-01,2.378418778545422496e-01,4.169355305672917122e-04,1.250806591701875137e-03,-1.029133897625933436e-02,-9.040532384557459222e-03
2.374583427339906905e-01,2.378418778545422496e-01,3.835351205515591388e-04,1.150605361654677417e-03,-1.002012300471977202e-02,-8.869517643065094603e-03
2.374908561922421113e-01,2.378418778545422496e-01,3.510216623001383152e-04,1.053064986900414945e-03,-9.754037475426247106e-03,-8.700972488525832160e-03
2.375224995532446981e-01,2.378418778545422496e-01,3.193783012975515145e-04,9.581349038926545436e-04,-9.493008300776040187e-03,-8.534873396883385643e-03
2.375532894269075934e-01,2.378418778545422496e-01,2.885884276346561972e-04,8.657652829039685916e-04,-9.236962098868595206e-03,-8.371196815964626614e-03
2.375832421808888872e-01,2.378418778545422496e-01,2.586356736533623746e-04,7.759070209600871237e-04,-8.985826194388146781e-03,-8.209919173428059658e-03
2.376123739429528425e-01,2.378418778545422496e-01,2.295039115894070836e-04,6.885117347682212507e-04,-8.739528619186587299e-03,-8.051016884418366049e-03
2.376407006033283420e-01,2.378418778545422496e-01,2.011772512139076152e-04,6.035317536417228457e-04,-8.497998112649840508e-03,-7.894466359008117662e-03
2.376682378170679455e-01,2.378418778545422496e-01,1.736400374743041208e-04,5.209201124229123625e-04,-8.261164121881048317e-03,-7.740244009458135954e-03
2.376950010064066143e-01,2.378418778545422496e-01,1.468768481356352851e-04,4.406305444069058552e-04,-8.028956801600650728e-03,-7.588326257193744873e-03
2.377210053631195474e-01,2.378418778545422496e-01,1.208724914227021774e-04,3.626174742681065322e-04,-7.801307013879932306e-03,-7.438689539611825774e-03
2.377462658508785187e-01,2.378418778545422496e-01,9.561200366373090453e-05,2.868360109911927136e-04,-7.578146327691381856e-03,-7.291310316700189142e-03
2.377707972076058274e-01,2.378418778545422496e-01,7.108064693642224263e-05,2.132419408092667279e-04,-7.359407018192598571e-03,-7.146165077383331843e-03
2.377946139478253895e-01,2.378418778545422496e-01,4.726390671686009348e-05,1.417917201505802804e-04,-7.145022065868644745e-03,-7.003230345718064465e-03
2.378177303650103880e-01,2.378418778545422496e-01,2.414748953186163227e-05,7.244246859558489682e-05,-6.934925155499538363e-03,-6.862482686903953466e-03
2.378401605339267033e-01,2.378418778545422496e-01,1.717320615546302776e-06,5.151961846638908327e-06,-6.729050674894598849e-03,-6.723898713047959941e-03
2.378619183129717096e-01,2.378418778545422496e-01,-2.004045842946000633e-05,-6.012137528838001899e-05,-6.527333713501892731e-03,-6.587455088790272750e-03
2.378830173465078246e-01,2.378418778545422496e-01,-4.113949196557498134e-05,-1.234184758967249440e-04,-6.329710060834492502e-03,-6.453128536731217446e-03
2.379034710671902864e-01,2.378418778545422496e-01,-6.159321264803674367e-05,-1.847796379441102310e-04,-6.136116204738528701e-03,-6.320895842682638932e-03
2.379232926982884633e-01,2.378418778545422496e-01,-8.141484374621366094e-05,-2.442445312386409828e-04,-5.946489329453075179e-03,-6.190733860691716162e-03
2.379424952560005857e-01,2.378418778545422496e-01,-1.006174014583360865e-04,-3.018522043750082595e-04,-5.760767313636727671e-03,-6.062619518011735931e-03
2.379610915517609004e-01,2.378418778545422496e-01,-1.192136972186508270e-04,-3.576410916559524811e-04,-5.578888728094422156e-03,-5.936529819750374637e-03
2.379790941945392480e-01,2.378418778545422496e-01,-1.372163399969983377e-04,-4.116490199909950132e-04,-5.400792833504253210e-03,-5.812441853495248223e-03
2.379965155931322296e-01,2.378418778545422496e-01,-1.546377385899799783e-04,-4.639132157699399350e-04,-5.226419577894492186e-03,-5.690332793664432121e-03
2.380133679584458539e-01,2.378418778545422496e-01,-1.714901039036043073e-04,-5.144703117108129220e-04,-5.055709594087298697e-03,-5.570179905798111619e-03
2.380296633057688849e-01,2.378418778545422496e-01,-1.877854512266352582e-04,-5.633563536799057747e-04,-4.888604196909285271e-03,-5.451960550589191046e-03
2.380454134570368641e-01,2.378418778545422496e-01,-2.035356024946144426e-04,-6.106068074838433279e-04,-4.725045380393755323e-03,-5.335652187877598651e-03
2.380606300430860578e-01,2.378418778545422496e-01,-2.187521885438081792e-04,-6.562565656314245377e-04,-4.564975814758120976e-03,-5.221232380389545513e-03
2.380753245058972178e-01,2.378418778545422496e-01,-2.334466513549682265e-04,-7.003399540649046795e-04,-4.408338843348014180e-03,-5.108678797412918859e-03
2.380895081008286285e-01,2.378418778545422496e-01,-2.476302462863788634e-04,-7.428907388591365901e-04,-4.255078479423191062e-03,-4.997969218282327653e-03
2.381031918988382179e-01,2.378418778545422496e-01,-2.613140442959682730e-04,-7.839421328879048190e-04,-4.105139402876822885e-03,-4.889081535764727704e-03
2.381163867886942342e-01,2.378418778545422496e-01,-2.745089341519846293e-04,-8.235268024559538880e-04,-3.958466956804906900e-03,-4.781993759260860788e-03
2.381291034791743200e-01,2.378418778545422496e-01,-2.872256246320703532e-04,-8.616768738962110596e-04,-3.815007144025717167e-03,-4.676684017921928227e-03
2.381413525012526233e-01,2.378418778545422496e-01,-2.994746467103737153e-04,-8.984239401311211459e-04,-3.674706623491008628e-03,-4.573130563622129774e-03
2.381531442102745588e-01,2.378418778545422496e-01,-3.112663557323092078e-04,-9.337990671969276235e-04,-3.537512706580647759e-03,-4.471311773777575382e-03
2.381644887881191053e-01,2.378418778545422496e-01,-3.226109335768556630e-04,-9.678328007305669889e-04,-3.403373353363936538e-03,-4.371206154094503527e-03
2.381753962453482532e-01,2.378418778545422496e-01,-3.335183908060035396e-04,-1.000555172418010619e-03,-3.272237168744362990e-03,-4.272792341162373608e-03
2.381858764233432679e-01,2.378418778545422496e-01,-3.439985688010183118e-04,-1.031995706403054935e-03,-3.144053398504431662e-03,-4.176049104907486598e-03
2.381959389964277973e-01,2.378418778545422496e-01,-3.540611418855477144e-04,-1.062183425656643143e-03,-3.018771925358820774e-03,-4.080955351015463917e-03
2.382055934739772396e-01,2.378418778545422496e-01,-3.637156194349899785e-04,-1.091146858304969935e-03,-2.896343264832679232e-03,-3.987490123137649167e-03
2.382148492025143449e-01,2.378418778545422496e-01,-3.729713479720953018e-04,-1.118914043916285905e-03,-2.776718561131596985e-03,-3.895632605047882890e-03
2.382237153677909669e-01,2.378418778545422496e-01,-3.818375132487172863e-04,-1.145512539746151859e-03,-2.659849582986595351e-03,-3.805362122732747210e-03
2.382322009968552978e-01,2.378418778545422496e-01,-3.903231423130482103e-04,-1.170969426939144631e-03,-2.545688719299277203e-03,-3.716658146238421834e-03
2.382403149601050041e-01,2.378418778545422496e-01,-3.984371055627544678e-04,-1.195311316688263403e-03,-2.434188974911877246e-03,-3.629500291600140649e-03
2.382480659733255679e-01,2.378418778545422496e-01,-4.061881187833182860e-04,-1.218564356349954858e-03,-2.325303966169145475e-03,-3.543868322519100333e-03
2.382554625997138631e-01,2.378418778545422496e-01,-4.135847451716134771e-04,-1.240754235514840431e-03,-2.218987916488557310e-03,-3.459742152003397742e-03
2.382625132518869648e-01,2.378418778545422496e-01,-4.206353973447152228e-04,-1.261906192034145668e-03,-2.115195651930523724e-03,-3.377101843964669392e-03
2.382692261938756662e-01,2.378418778545422496e-01,-4.273483393334165381e-04,-1.282045018000249614e-03,-2.013882596610394593e-03,-3.295927614610644207e-03
2.382756095431029231e-01,2.378418778545422496e-01,-4.337316885606734562e-04,-1.301195065682020369e-03,-1.915004768177075434e-03,-3.216199833859095802e-03
2.382816712723467845e-01,2.378418778545422496e-01,-4.397934178045348474e-04,-1.319380253413604542e-03,-1.818518773158417368e-03,-3.137899026572021910e-03
2.382874192116880008e-01,2.378418778545422496e-01,-4.455413571457511601e-04,-1.336624071437253480e-03,-1.724381802364893801e-03,-3.061005873802147281e-03
2.382928610504418121e-01,2.378418778545422496e-01,-4.509831958995624834e-04,-1.352949587698687450e-03,-1.632551626143396994e-03,-2.985501213842084445e-03
2.382980043390742486e-01,2.378418778545422496e-01,-4.561264845319989991e-04,-1.368379453595996997e-03,-1.542986589730954705e-03,-2.911366043326951702e-03
2.383028564911023606e-01,2.378418778545422496e-01,-4.609786365601109548e-04,-1.382935909680332864e-03,-1.455645608433586702e-03,-2.838581518113919566e-03
2.383074247849786553e-01,2.378418778545422496e-01,-4.655469304364057148e-04,-1.396640791309217144e-03,-1.370488162888428008e-03,-2.767128954197645152e-03
2.383117163659595195e-01,2.378418778545422496e-01,-4.698385114172698440e-04,-1.409515534251809532e-03,-1.287474294259238761e-03,-2.696989828511048293e-03
2.383157382479575426e-01,2.378418778545422496e-01,-4.738603934152929575e-04,-1.421581180245878873e-03,-1.206564599406934057e-03,-2.628145779652812930e-03
2.383194973153776042e-01,2.378418778545422496e-01,-4.776194608353545590e-04,-1.432858382506063677e-03,-1.127720226018480432e-03,-2.560578608524544109e-03
2.383230003249368067e-01,2.378418778545422496e-01,-4.811224703945571335e-04,-1.443367411183671400e-03,-1.050902867760772352e-03,-2.494270278944443753e-03
2.383262539074681163e-01,2.378418778545422496e-01,-4.843760529258667180e-04,-1.453128158777600154e-03,-9.760747593928753574e-04,-2.429202918170475511e-03
2.383292645697075995e-01,2.378418778545422496e-01,-4.873867151653499263e-04,-1.462160145496049779e-03,-9.031986718449624973e-04,-2.365358817341012276e-03
2.383320386960653681e-01,2.378418778545422496e-01,-4.901608415231184512e-04,-1.470482524569355354e-03,-8.322379073305574693e-04,-2.302720431899912823e-03
2.383345825503799531e-01,2.378418778545422496e-01,-4.927046958377034880e-04,-1.478114087513110464e-03,-7.631562943755110240e-04,-2.241270381888621488e-03
2.383369022776563317e-01,2.378418778545422496e-01,-4.950244231140821238e-04,-1.485073269342246371e-03,-6.959181829135907549e-04,-2.180991452255837126e-03
2.383390039057874943e-01,2.378418778545422496e-01,-4.971260512452446712e-04,-1.491378153735734013e-03,-6.304884393487641958e-04,-2.121866593084498209e-03
2.383408933472593305e-01,2.378418778545422496e-01,-4.990154927170808996e-04,-1.497046478151242699e-03,-5.668324415508685377e-04,-2.063878919702111236e-03
2.383425764008391956e-01,2.378418778545422496e-01,-5.006985462969459899e-04,-1.502095638890837970e-03,-5.049160739595270897e-04,-2.007011712850365059e-03
2.383440587532477950e-01,2.378418778545422496e-01,-5.021808987055453866e-04,-1.506542696116636160e-03,-4.447057225798189961e-04,-1.951248418696455156e-03
2.383453459808145269e-01,2.378418778545422496e-01,-5.034681262722773276e-04,-1.510404378816831983e-03,-3.861682700195823159e-04,-1.896572648836414299e-03
2.383464435511163659e-01,2.378418778545422496e-01,-5.045656965741163180e-04,-1.513697089722348954e-03,-3.292710905516971209e-04,-1.842968180274046075e-03
2.383473568246001761e-01,2.378418778545422496e-01,-5.054789700579265244e-04,-1.516436910173779573e-03,-2.739820451430619030e-04,-1.790418955316841476e-03
2.383480910561884547e-01,2.378418778545422496e-01,-5.062132016462050910e-04,-1.518639604938615273e-03,-2.202694764835699814e-04,-1.738909081422185254e-03
2.383486513968685883e-01,2.378418778545422496e-01,-5.067735423263386441e-04,-1.520320626979015932e-03,-1.681022040400659279e-04,-1.688422831019081860e-03
2.383490428952656226e-01,2.378418778545422496e-01,-5.071650407233729840e-04,-1.521495122170118952e-03,-1.174495191103019920e-04,-1.638944641280420944e-03
2.383492704991985178e-01,2.378418778545422496e-01,-5.073926446562682102e-04,-1.522177933968804631e-03,-6.828117986856785393e-05,-1.590459113837372485e-03
2.383493390572200554e-01,2.378418778545422496e-01,-5.074612026778058116e-04,-1.522383608033417435e-03,-2.056740646128041305e-05,-1.542951014494697848e-03
2.383492533201401198e-01,2.378418778545422496e-01,-5.073754655978701678e-04,-1.522126396793610503e-03,2.572112398069315020e-05,-1.496405272812917353e-03
2.383490179425329092e-01,2.378418778545422496e-01,-5.071400879906595716e-04,-1.521420263971978715e-03,7.061328216317885875e-05,-1.450806981808799856e-03
2.383486374842275213e-01,2.378418778545422496e-01,-5.067596296852716620e-04,-1.520278889055814986e-03,1.141374916163728770e-04,-1.406141397439442109e-03
2.383481164117823847e-01,2.378418778545422496e-01,-5.062385572401351119e-04,-1.518715671720405336e-03,1.563217335409650133e-04,-1.362393938179440323e-03
2.383474590999434262e-01,2.378418778545422496e-01,-5.055812454011765489e-04,-1.516743736203529647e-03,1.971935516875689132e-04,-1.319550184515960733e-03
2.383466698330860278e-01,2.378418778545422496e-01,-5.047919785437782192e-04,-1.514375935631334658e-03,2.367800572194989073e-04,-1.277595878411835750e-03
2.383457528066407760e-01,2.378418778545422496e-01,-5.038749520985263963e-04,-1.511624856295579189e-03,2.751079335755468591e-04,-1.236516922720032330e-03
2.383447121285032499e-01,2.378418778545422496e-01,-5.028342739610003331e-04,-1.508502821883000999e-03,3.122034412578189588e-04,-1.196299380625182041e-03
2.383435518204276848e-01,2.378418778545422496e-01,-5.016739658854352246e-04,-1.505021897656305674e-03,3.480924226695325530e-04,-1.156929474986773121e-03
2.383422758194046198e-01,2.378418778545422496e-01,-5.003979648623702037e-04,-1.501193894587110611e-03,3.828003069195062835e-04,-1.118393587667604328e-03
2.383408879790227808e-01,2.378418778545422496e-01,-4.990101244805311698e-04,-1.497030373441593509e-03,4.163521145517101729e-04,-1.080678258889883336e-03
2.383393920708150593e-01,2.378418778545422496e-01,-4.975142162728096729e-04,-1.492542648818429019e-03,4.487724623164490723e-04,-1.043770186501979946e-03
2.383377917855886707e-01,2.378418778545422496e-01,-4.959139310464211192e-04,-1.487741793139263358e-03,4.800855679165660916e-04,-1.007656225222697266e-03
2.383360907347397695e-01,2.378418778545422496e-01,-4.942128801975198549e-04,-1.482638640592559565e-03,5.103152546703793035e-04,-9.723233859221802611e-04
2.383342924515522709e-01,2.378418778545422496e-01,-4.924145970100213265e-04,-1.477243791030063980e-03,5.394849562495585005e-04,-9.377588347805054791e-04
2.383324003924812973e-01,2.378418778545422496e-01,-4.905225379390476537e-04,-1.471567613817142961e-03,5.676177212921018622e-04,-9.039498925250410988e-04
2.383304179384210797e-01,2.378418778545422496e-01,-4.885400838788300781e-04,-1.465620251636490234e-03,5.947362180652726593e-04,-8.708840335712175751e-04
2.383283483959574844e-01,2.378418778545422496e-01,-4.864705414152348251e-04,-1.459411624245704475e-03,6.208627390785759204e-04,-8.385488851671285548e-04
2.383261949986053840e-01,2.378418778545422496e-01,-4.843171440631344193e-04,-1.452951432189403258e-03,6.460192056301217178e-04,-8.069322265592815402e-04
2.383239609080306243e-01,2.378418778545422496e-01,-4.820830534883746576e-04,-1.446249160465123973e-03,6.702271724279285081e-04,-7.760219880371954648e-04
2.383216492152570587e-01,2.378418778545422496e-01,-4.797713607148090809e-04,-1.439314082144427243e-03,6.935078320696730358e-04,-7.458062500747542067e-04
2.383192629418584840e-01,2.378418778545422496e-01,-4.773850873162344133e-04,-1.432155261948703240e-03,7.158820195724002744e-04,-7.162732423763029654e-04
2.383168050411356709e-01,2.378418778545422496e-01,-4.749271865934212578e-04,-1.424781559780263773e-03,7.373702168439466575e-04,-6.874113429363171157e-04
2.383142783992785729e-01,2.378418778545422496e-01,-4.724005447363233134e-04,-1.417201634208969940e-03,7.579925571293832931e-04,-6.592090770795866472e-04
2.383116858365137702e-01,2.378418778545422496e-01,-4.698079819715206273e-04,-1.409423945914561882e-03,7.777688294408058312e-04,-6.316551164737560509e-04
2.383090301082373130e-01,2.378418778545422496e-01,-4.671522536950634130e-04,-1.401456761085190239e-03,7.967184829371642962e-04,-6.047382781480259428e-04
2.383063139061330493e-01,2.378418778545422496e-01,-4.644360515907997033e-04,-1.393308154772399110e-03,8.148606312791129014e-04,-5.784475234932862087e-04
2.383035398592764365e-01,2.378418778545422496e-01,-4.616620047341868371e-04,-1.384986014202560511e-03,8.322140569838598623e-04,-5.527719572187006492e-04
2.383007105352240862e-01,2.378418778545422496e-01,-4.588326806818365800e-04,-1.376498042045509740e-03,8.487972157050771571e-04,-5.277008263404325827e-04
2.382978284410890990e-01,2.378418778545422496e-01,-4.559505865468493901e-04,-1.367851759640548170e-03,8.646282404961569412e-04,-5.032235191443912292e-04
2.382948960246022152e-01,2.378418778545422496e-01,-4.530181700599655858e-04,-1.359054510179896758e-03,8.797249460651412889e-04,-4.793295641147554687e-04
2.382919156751589218e-01,6.784706551299811705e-01,4.401787394548222210e-01,1.320536218364466663e+00,0.000000000000000000e+00,1.320536218364466663e+00
2.384209889475520650e-01,6.784706551299811705e-01,4.400496661824291333e-01,1.320148998547287400e+00,-3.872198171792629040e-02,1.281427016829361110e+00
2.386782049216281398e-01,6.784706551299811705e-01,4.397924502083530029e-01,1.319377350625059009e+00,-7.716479222283911810e-02,1.242212558402219891e+00
2.390596421515444325e-01,6.784706551299811705e-01,4.394110129784367658e-01,1.318233038935310297e+00,-1.144311689748711558e-01,1.203801869960439141e+00
2.395614595684567860e-01,6.784706551299811705e-01,4.389091955615244123e-01,1.316727586684573126e+00,-1.505452250737060460e-01,1.166182361610867080e+00
2.401798952215302152e-01,6.784706551299811705e-01,4.382907599084509553e-01,1.314872279725352922e+00,-1.855306959220370810e-01,1.129341583803315840e+00
2.409112650329839900e-01,6.784706551299811705e-01,4.375593900969971806e-01,1.312678170290991542e+00,-2.194109434361324329e-01,1.093267226854859109e+00
2.417519615671232525e-01,6.784706551299811705e-01,4.367186935628579181e-01,1.310156080688573699e+00,-2.522089602417787457e-01,1.057947120446794953e+00
2.426984528133071806e-01,6.784706551299811705e-01,4.357722023166740177e-01,1.307316606950021942e+00,-2.839473738551701043e-01,1.023369233094851838e+00
2.437472809828006015e-01,6.784706551299811705e-01,4.347233741471805413e-01,1.304170122441541624e+00,-3.146484508480429376e-01,9.895216715934986862e-01
2.448950613194533776e-01,6.784706551299811705e-01,4.335755938105277929e-01,1.300726781431583490e+00,-3.443341009958245102e-01,9.563926804357589795e-01
2.461384809241497218e-01,6.784706551299811705e-01,4.323321742058314765e-01,1.296996522617494429e+00,-3.730258814088949215e-01,9.239706412085995080e-01
2.474742975929669353e-01,6.784706551299811705e-01,4.309963575370142630e-01,1.292989072611042900e+00,-4.007450006451640512e-01,8.922440719658788488e-01
2.488993386689807297e-01,6.784706551299811705e-01,4.295713164610004409e-01,1.288713949383001323e+00,-4.275123228041466383e-01,8.612016265788546843e-01
2.504104999076524063e-01,6.784706551299811705e-01,4.280601552223287642e-01,1.284180465666986404e+00,-4.533483716015029863e-01,8.308320940654834175e-01
2.520047443557306144e-01,6.784706551299811705e-01,4.264659107742505562e-01,1.279397732322751668e+00,-4.782733344234624262e-01,8.011243978992892423e-01
2.536791012435987702e-01,6.784706551299811705e-01,4.247915538863824003e-01,1.274374661659147145e+00,-5.023070663604467523e-01,7.720675952987003932e-01
2.554306648909968058e-01,6.784706551299811705e-01,4.230399902389843647e-01,1.269119970716953150e+00,-5.254690942194106817e-01,7.436508764975424679e-01
2.572565936260445829e-01,6.784706551299811705e-01,4.212140615039365876e-01,1.263642184511809763e+00,-5.477786205143331255e-01,7.158635639974766374e-01
2.591541087174921154e-01,6.784706551299811705e-01,4.193165464124890551e-01,1.257949639237467165e+00,-5.692545274342597494e-01,6.886951118032074159e-01
2.611204933201199396e-01,6.784706551299811705e-01,4.173501618098612309e-01,1.252050485429583748e+00,-5.899153807883472656e-01,6.621351046412364827e-01
2.631530914332119164e-01,6.784706551299811705e-01,4.153175636967692541e-01,1.245952691090307818e+00,-6.097794339275930398e-01,6.361732571627147781e-01
2.652493068720201408e-01,6.784706551299811705e-01,4.132213482579610297e-01,1.239664044773883145e+00,-6.288646316424673088e-01,6.107994131314158359e-01
2.674066022521415231e-01,6.784706551299811705e-01,4.110640528778396474e-01,1.233192158633519053e+00,-6.471886140364147000e-01,5.860035445971043533e-01
2.696224979867226090e-01,6.784706551299811705e-01,4.088481571432585615e-01,1.226544471429775740e+00,-6.647687203743257722e-01,5.617757510554499678e-01
2.718945712964092598e-01,6.784706551299811705e-01,4.065760838335719107e-01,1.219728251500715732e+00,-6.816219929059952332e-01,5.381062585947204990e-01
2.742204552319553734e-01,6.784706551299811705e-01,4.042501998980257971e-01,1.212750599694077280e+00,-6.977651806638340837e-01,5.149854190302431967e-01
2.765978377094044927e-01,6.784706551299811705e-01,4.018728174205766779e-01,1.205618452261730145e+00,-7.132147432347357707e-01,4.924037090269943739e-01
2.790244605577563153e-01,6.784706551299811705e-01,3.994461945722248553e-01,1.198338583716674677e+00,-7.279868545055467877e-01,4.703517292111278891e-01
2.814981185790292884e-01,6.784706551299811705e-01,3.969725365509518822e-01,1.190917609652855536e+00,-7.420974063818919220e-01,4.488202032709636136e-01
2.840166586206293586e-01,6.784706551299811705e-01,3.944539965093518119e-01,1.183361989528055380e+00,-7.555620124800210835e-01,4.277999770480342967e-01
2.865779786599342294e-01,6.784706551299811705e-01,3.918926764700469412e-01,1.175678029410140768e+00,-7.683960117914612198e-01,4.072820176186795482e-01
2.891800269010009194e-01,6.784706551299811705e-01,3.892906282289802511e-01,1.167871884686940698e+00,-7.806144723200070246e-01,3.872574123669336732e-01
2.918208008833043099e-01,6.784706551299811705e-01,3.866498542466768606e-01,1.159949562740030693e+00,-7.922321946910171331e-01,3.677173680490135599e-01
2.944983466024126417e-01,6.784706551299811705e-01,3.839723085275685288e-01,1.151916925582705531e+00,-8.032637157324995503e-01,3.486532098502059807e-01
2.972107576425059849e-01,6.784706551299811705e-01,3.812598974874751856e-01,1.143779692462425501e+00,-8.137233120280029652e-01,3.300563804344225360e-01
2.999561743206427544e-01,6.784706551299811705e-01,3.785144808093384161e-01,1.135543442428015304e+00,-8.236250034410308452e-01,3.119184389869844587e-01
3.027327828426782386e-01,6.784706551299811705e-01,3.757378722873029320e-01,1.127213616861908907e+00,-8.329825566106452417e-01,2.942310602512636653e-01
3.055388144707388287e-01,6.784706551299811705e-01,3.729318406592423418e-01,1.118795521977727025e+00,-8.418094884181770432e-01,2.769860335595499823e-01
3.083725447021553601e-01,6.784706551299811705e-01,3.700981104278258105e-01,1.110294331283477431e+00,-8.501190694249594060e-01,2.601752618585180254e-01
3.112322924597577534e-01,6.784706551299811705e-01,3.672383626702234172e-01,1.101715088010670307e+00,-8.579243272807179910e-01,2.437907607299523161e-01
3.141164192934331467e-01,6.784706551299811705e-01,3.643542358365480238e-01,1.093062707509643960e+00,-8.652380501026180060e-01,2.278246574070259545e-01
3.170233285928492628e-01,6.784706551299811705e-01,3.614473265371319077e-01,1.084341979611395779e+00,-8.720727898248348264e-01,2.122691897865609523e-01
3.199514648112440351e-01,6.784706551299811705e-01,3.585191903187371354e-01,1.075557570956211517e+00,-8.784408655184317016e-01,1.971167054377798156e-01
3.228993127001825725e-01,6.784706551299811705e-01,3.555713424297985981e-01,1.066714027289395794e+00,-8.843543666815611992e-01,1.823596606078345950e-01
3.258653965551818743e-01,6.784706551299811705e-01,3.526052585747992962e-01,1.057815775724397778e+00,-8.898251564997905483e-01,1.679906192246072294e-01
3.288482794721036551e-01,6.784706551299811705e-01,3.496223756578775155e-01,1.048867126973632491e+00,-8.948648750765342275e-01,1.540022518970982635e-01
3.318465626142151348e-01,6.784706551299811705e-01,3.466240925157660357e-01,1.039872277547298163e+00,-8.994849426334439180e-01,1.403873349138542448e-01
3.348588844898179873e-01,6.784706551299811705e-01,3.436117706401631833e-01,1.030835311920489605e+00,-9.036965626808557417e-01,1.271387492396338637e-01
3.378839202403448039e-01,6.784706551299811705e-01,3.405867348896363667e-01,1.021760204668909156e+00,-9.075107251580449841e-01,1.142494795108641714e-01
3.409203809388227091e-01,6.784706551299811705e-01,3.375502741911584614e-01,1.012650822573475384e+00,-9.109382095433715687e-01,1.017126130301038156e-01
3.439670128986036524e-01,6.784706551299811705e-01,3.345036422313775182e-01,1.003510926694132444e+00,-9.139895879342829765e-01,8.952133875984946698e-02
3.470225969922605680e-01,6.784706551299811705e-01,3.314480581377206025e-01,9.943441744131618076e-01,-9.166752280970746902e-01,7.766894631608711741e-02
3.500859479805490948e-01,6.784706551299811705e-01,3.283847071494320757e-01,9.851541214482961717e-01,-9.190052964865580432e-01,6.614882496173812854e-02
3.531559138513338247e-01,6.784706551299811705e-01,3.253147412786473458e-01,9.759442238359420374e-01,-9.209897612354189800e-01,5.495446260052305743e-02
3.562313751683786056e-01,6.784706551299811705e-01,3.222392799616025649e-01,9.667178398848077503e-01,-9.226383951134342620e-01,4.407944477137348827e-02
3.593112444299004782e-01,6.784706551299811705e-01,3.191594107000806924e-01,9.574782321002420771e-01,-9.239607784565617710e-01,3.351745364368030611e-02
3.623944654367867169e-01,6.784706551299811705e-01,3.160761896931944537e-01,9.482285690795833055e-01,-9.249663020658716039e-01,2.326226701371170158e-02
3.654800126703743324e-01,6.784706551299811705e-01,3.129906424596068382e-01,9.389719273788205145e-01,-9.256641700762846536e-01,1.330775730253586087e-02
3.685668906796922273e-01,6.784706551299811705e-01,3.099037644502889433e-01,9.297112933508668853e-01,-9.260634027953684733e-01,3.647890555498412013e-03
3.716541334780656403e-01,6.784706551299811705e-01,3.068165216519155303e-01,9.204495649557465908e-01,-9.261728395120238932e-01,-5.723274556277302416e-03
3.747408039489834586e-01,6.784706551299811705e-01,3.037298511809977120e-01,9.111895535429931359e-01,-9.260011412753454962e-01,-1.481158773235236037e-02
3.778259932611280347e-01,6.784706551299811705e-01,3.006446618688531358e-01,9.019339856065593519e-01,-9.255567936433728438e-01,-2.362280803681349184e-02
3.809088202924689193e-01,6.784706551299811705e-01,2.975618348375122513e-01,8.926855045125368093e-01,-9.248481094022653615e-01,-3.216260488972855214e-02
3.839884310633208120e-01,6.784706551299811705e-01,2.944822240666603586e-01,8.834466721999810757e-01,-9.238832312555678161e-01,-4.043655905558674046e-02
3.870639981782671990e-01,6.784706551299811705e-01,2.914066569517139715e-01,8.742199708551419146e-01,-9.226701344839161045e-01,-4.845016362877418992e-02
3.901347202768506994e-01,6.784706551299811705e-01,2.883359348531304711e-01,8.650078045593914133e-01,-9.212166295750501277e-01,-5.620882501565871436e-02
3.931998214929326441e-01,6.784706551299811705e-01,2.852708336370485265e-01,8.558125009111455794e-01,-9.195303648245833905e-01,-6.371786391343781109e-02
3.962585509226232428e-01,6.784706551299811705e-01,2.822121042073579278e-01,8.466363126220737279e-01,-9.176188289071796067e-01,-7.098251628510587885e-02
3.993101821006853069e-01,6.784706551299811705e-01,2.791604730292958636e-01,8.374814190878876463e-01,-9.154893534186192561e-01,-7.800793433073160976e-02
4.023540124853142719e-01,6.784706551299811705e-01,2.761166426446668987e-01,8.283499279340007515e-01,-9.131491153886894807e-01,-8.479918745468872920e-02
4.053893629511978181e-01,6.784706551299811705e-01,2.730812921787833525e-01,8.192438765363501130e-01,-9.106051397650638535e-01,-9.136126322871374050e-02
4.084155772907584470e-01,6.784706551299811705e-01,2.700550778392227236e-01,8.101652335176681152e-01,-9.078643018681886723e-01,-9.769906835052055705e-02
4.114320217234840316e-01,6.784706551299811705e-01,2.670386334064971390e-01,8.011159002194914169e-01,-9.049333298176753804e-01,-1.038174295981839634e-01
4.144380844132498076e-01,6.784706551299811705e-01,2.640325707167313629e-01,7.920977121501940887e-01,-9.018188069297328191e-01,-1.097210947795387304e-01
4.174331749935376590e-01,6.784706551299811705e-01,2.610374801364435116e-01,7.831124404093305902e-01,-8.985271740863554069e-01,-1.154147336770248167e-01
4.204167241004577726e-01,6.784706551299811705e-01,2.580539310295233979e-01,7.741617930885702492e-01,-8.950647320760340975e-01,-1.209029389874638483e-01
4.233881829134791275e-01,6.784706551299811705e-01,2.550824722165020431e-01,7.652474166495061292e-01,-8.914376439064064517e-01,-1.261902272569003225e-01
4.263470227037748361e-01,6.784706551299811705e-01,2.521236324262063344e-01,7.563708972786189477e-01,-8.876519370887125948e-01,-1.312810398100936471e-01
4.292927343900895254e-01,6.784706551299811705e-01,2.491779207398916451e-01,7.475337622196749354e-01,-8.837135058944067811e-01,-1.361797436747318457e-01
4.322248281020367178e-01,6.784706551299811705e-01,2.462458270279444528e-01,7.387374810838334138e-01,-8.796281135841577115e-01,-1.408906325003242976e-01
4.351428327507338989e-01,6.784706551299811705e-01,2.433278223792472716e-01,7.299834671377418704e-01,-8.754013946091543374e-01,-1.454179274714124670e-01
4.380462956066839553e-01,6.784706551299811705e-01,2.404243595232972153e-01,7.212730785698916458e-01,-8.710388567850169128e-01,-1.497657782151252670e-01
4.409347818848124989e-01,6.784706551299811705e-01,2.375358732451686716e-01,7.126076197355060149e-01,-8.665458834385630915e-01,-1.539382637030570766e-01
4.438078743365707068e-01,6.784706551299811705e-01,2.346627807934104637e-01,7.039883423802313356e-01,-8.619277355274623797e-01,-1.579393931472310442e-01
4.466651728490141915e-01,6.784706551299811705e-01,2.318054822809669790e-01,6.954164468429009371e-01,-8.571895537330453951e-01,-1.617731068901444580e-01
4.495062940507686400e-01,6.784706551299811705e-01,2.289643610792125306e-01,6.868930832376376472e-01,-8.523363605263345466e-01,-1.654432772886968994e-01
4.523308709247942372e-01,6.784706551299811705e-01,2.261397842051869334e-01,6.784193526155608556e-01,-8.473730622076791619e-01,-1.689537095921183063e-01
4.551385524278606098e-01,6.784706551299811705e-01,2.233321027021205607e-01,6.699963081063616821e-01,-8.423044509199117957e-01,-1.723081428135501136e-01
4.579290031166456387e-01,6.784706551299811705e-01,2.205416520133355318e-01,6.616249560400065954e-01,-8.371352066355086663e-01,-1.755102505955020709e-01
4.607019027803711531e-01,6.784706551299811705e-01,2.177687523496100175e-01,6.533062570488300524e-01,-8.318698991176542989e-01,-1.785636420688242465e-01
4.634569460798897422e-01,6.784706551299811705e-01,2.150137090500914283e-01,6.450411271502742849e-01,-8.265129898555767518e-01,-1.814718627053024669e-01
4.661938421931378085e-01,6.784706551299811705e-01,2.122768129368433621e-01,6.368304388105301417e-01,-8.210688339744198760e-01,-1.842383951638897344e-01
4.689123144668694843e-01,6.784706551299811705e-01,2.095583406631116863e-01,6.286750219893351144e-01,-8.155416821195027310e-01,-1.868666601301676167e-01
4.716121000745881475e-01,6.784706551299811705e-01,2.068585550553930230e-01,6.205756651661791246e-01,-8.099356823155989815e-01,-1.893600171494198570e-01
4.742929496805918799e-01,6.784706551299811705e-01,2.041777054493892907e-01,6.125331163481678720e-01,-8.042548818011197032e-01,-1.917217654529518311e-01
4.769546271100503221e-01,6.784706551299811705e-01,2.015160280199308485e-01,6.045480840597925454e-01,-7.985032288375326637e-01,-1.939551447777401183e-01
4.795969090250309930e-01,6.784706551299811705e-01,1.988737461049501776e-01,5.966212383148505882e-01,-7.926845744942012661e-01,-1.960633361793506779e-01
4.822195846063936919e-01,6.784706551299811705e-01,1.962510705235874786e-01,5.887532115707624358e-01,-7.868026744088096880e-01,-1.980494628380472522e-01
4.848224552414726052e-01,6.784706551299811705e-01,1.936481998885085654e-01,5.809445996655256961e-01,-7.808611905236739759e-01,-1.999165908581482798e-01
4.874053342174657355e-01,6.784706551299811705e-01,1.910653209125154350e-01,5.731959627375462496e-01,-7.748636927979390965e-01,-2.016677300603928469e-01
4.899680464204527741e-01,6.784706551299811705e-01,1.885026087095283964e-01,5.655078261285851893e-01,-7.688136608961115837e-01,-2.033058347675263944e-01
4.925104280399630885e-01,6.784706551299811705e-01,1.859602270900180820e-01,5.578806812700543016e-01,-7.627144858530943150e-01,-2.048338045830400134e-01
4.950323262790151113e-01,6.784706551299811705e-01,1.834383288509660592e-01,5.503149865528982332e-01,-7.565694717156068450e-01,-2.062544851627086118e-01
4.975335990695508581e-01,6.784706551299811705e-01,1.809370560604303124e-01,5.428111681812909373e-01,-7.503818371607240412e-01,-2.075706689794331039e-01
5.000141147931886909e-01,6.784706551299811705e-01,1.784565403367924796e-01,5.353696210103774389e-01,-7.441547170913498377e-01,-2.087850960809723988e-01
5.024737520072183328e-01,6.784706551299811705e-01,1.759969031227628378e-01,5.279907093682885133e-01,-7.378911642088925582e-01,-2.099004548406040449e-01
5.049123991757639152e-01,6.784706551299811705e-01,1.735582559542172554e-01,5.206747678626517661e-01,-7.315941505636747166e-01,-2.109193827010229505e-01
5.073299544060394517e-01,6.784706551299811705e-01,1.711407007239417188e-01,5.134221021718251565e-01,-7.252665690826609612e-01,-2.118444669108358047e-01
5.097263251896239078e-01,6.784706551299811705e-01,1.687443299403572627e-01,5.062329898210717882e-01,-7.189112350753368297e-01,-2.126782452542650415e-01
5.121014281486829800e-01,6.784706551299811705e-01,1.663692269812981905e-01,4.991076809438945716e-01,-7.125308877177216615e-01,-2.134232067738270899e-01
5.144551887870646434e-01,6.784706551299811705e-01,1.640154663429165272e-01,4.920463990287495815e-01,-7.061281915144990151e-01,-2.140817924857494337e-01
5.167875412461977458e-01,6.784706551299811705e-01,1.616831138837834247e-01,4.850493416513502742e-01,-6.997057377399307221e-01,-2.146563960885804478e-01
5.190984280657219285e-01,6.784706551299811705e-01,1.593722270642592420e-01,4.781166811927777260e-01,-6.932660458572548201e-01,-2.151493646644770941e-01
5.213877999487797066e-01,6.784706551299811705e-01,1.570828551812014640e-01,4.712485655436043919e-01,-6.868115649173334170e-01,-2.155629993737290251e-01
5.236556155319000982e-01,6.784706551299811705e-01,1.548150395980810723e-01,4.644451187942432169e-01,-6.803446749361174994e-01,-2.158995561418742826e-01
5.259018411594063025e-01,6.784706551299811705e-01,1.525688139705748680e-01,4.577064419117246041e-01,-6.738676882518612743e-01,-2.161612463401366702e-01
5.281264506622784793e-01,6.784706551299811705e-01,1.503442044677026912e-01,4.510326134031080736e-01,-6.673828508616530542e-01,-2.163502374585449806e-01
5.303294251414047977e-01,6.784706551299811705e-01,1.481412299885763728e-01,4.444236899657291184e-01,-6.608923437378955157e-01,-2.164686537721663973e-01
5.325107527551539155e-01,6.784706551299811705e-01,1.459599023748272550e-01,4.378797071244817651e-01,-6.543982841247353299e-01,-2.165185770002535648e-01
5.346704285112030552e-01,6.784706551299811705e-01,1.438002266187781153e-01,4.314006798563343459e-01,-6.479027268147419250e-01,-2.165020469584075791e-01
5.368084540625562839e-01,6.784706551299811705e-01,1.416622010674248866e-01,4.249866032022746598e-01,-6.414076654059686078e-01,-2.164210622036939480e-01
5.389248375076891584e-01,6.784706551299811705e-01,1.395458176222920121e-01,4.186374528668760364e-01,-6.349150335398623390e-01,-2.162775806729863026e-01
5.410195931947547887e-01,6.784706551299811705e-01,1.374510619352263818e-01,4.123531858056791455e-01,-6.284267061196890936e-01,-2.160735203140099481e-01
5.430927415297889249e-01,6.784706551299811705e-01,1.353779136001922456e-01,4.061337408005767369e-01,-6.219445005102408608e-01,-2.158107597096641239e-01
5.451443087888521166e-01,6.784706551299811705e-01,1.333263463411290539e-01,3.999790390233871618e-01,-6.154701777189575118e-01,-2.154911386955703501e-01
5.471743269340457738e-01,6.784706551299811705e-01,1.312963281959353967e-01,3.938889845878061902e-01,-6.090054435580971592e-01,-2.151164589702909691e-01
5.491828334333423989e-01,6.784706551299811705e-01,1.292878216966387717e-01,3.878634650899163150e-01,-6.025519497889875176e-01,-2.146884846990712026e-01
5.511698710841691495e-01,6.784706551299811705e-01,1.273007840458120210e-01,3.819023521374360630e-01,-5.961112952480251970e-01,-2.142089431105891340e-01
5.531354878406847808e-01,6.784706551299811705e-01,1.253351672892963897e-01,3.760055018678891692e-01,-5.896850269546893841e-01,-2.136795250868002150e-01
5.550797366446917902e-01,6.784706551299811705e-01,1.233909184852893803e-01,3.701727554558681410e-01,-5.832746412021028171e-01,-2.131018857462346761e-01
5.570026752601241471e-01,6.784706551299811705e-01,1.214679798698570234e-01,3.644039396095710703e-01,-5.768815846297070671e-01,-2.124776450201359967e-01
5.589043661110545402e-01,6.784706551299811705e-01,1.195662890189266303e-01,3.586988670567798909e-01,-5.705072552791179419e-01,-2.118083882223380510e-01
5.607848761231626344e-01,6.784706551299811705e-01,1.176857790068185361e-01,3.530573370204556083e-01,-5.641530036324282626e-01,-2.110956666119726544e-01
5.626442765686096026e-01,6.784706551299811705e-01,1.158263785613715680e-01,3.474791356841147039e-01,-5.578201336340904426e-01,-2.103409979499757387e-01
5.644826429142615343e-01,6.784706551299811705e-01,1.139880122157196363e-01,3.419640366471589088e-01,-5.515099036955795064e-01,-2.095458670484205976e-01
5.663000546732086526e-01,6.784706551299811705e-01,1.121706004567725179e-01,3.365118013703175537e-01,-5.452235276841355116e-01,-2.087117263138179579e-01
5.680965952595243840e-01,6.784706551299811705e-01,1.103740598704567866e-01,3.311221796113703597e-01,-5.389621758947193975e-01,-2.078399962833490378e-01
5.698723518462117665e-01,6.784706551299811705e-01,1.085983032837694040e-01,3.257949098513082120e-01,-5.327269760062147697e-01,-2.069320661549065576e-01
5.716274152262836861e-01,6.784706551299811705e-01,1.068432399036974845e-01,3.205297197110924534e-01,-5.265190140215758596e-01,-2.059892943104834062e-01
5.733618796769245352e-01,6.784706551299811705e-01,1.051087754530566354e-01,3.153263263591699062e-01,-5.203393351922547261e-01,-2.050130088330848199e-01
5.750758428266820044e-01,6.784706551299811705e-01,1.033948123032991662e-01,3.101844369098974985e-01,-5.141889449272407653e-01,-2.040045080173432668e-01
5.767694055256378238e-01,6.784706551299811705e-01,1.017012496043433467e-01,3.051037488130300401e-01,-5.080688096867458370e-01,-2.029650608737157969e-01
5.784426717185062738e-01,6.784706551299811705e-01,1.000279834114748967e-01,3.000839502344246901e-01,-5.019798578605350059e-01,-2.018959076261103158e-01
5.800957483206120591e-01,6.784706551299811705e-01,9.837490680936911147e-02,2.951247204281073344e-01,-4.959229806317355660e-01,-2.007982602036282316e-01
5.817287450966974749e-01,6.784706551299811705e-01,9.674191003328369565e-02,2.902257300998510869e-01,-4.898990328256247473e-01,-1.996733027257736603e-01
5.833417745425103496e-01,6.784706551299811705e-01,9.512888058747082098e-02,2.853866417624124630e-01,-4.839088337438623988e-01,-1.985221919814499358e-01
5.849349517691250222e-01,6.784706551299811705e-01,9.353570336085614834e-02,2.806071100825684450e-01,-4.779531679844017944e-01,-1.973460579018333494e-01
5.865083943899495056e-01,6.784706551299811705e-01,9.196226074003166495e-02,2.758867822200949949e-01,-4.720327862473450153e-01,-1.961460040272500205e-01
5.880622224103713158e-01,6.784706551299811705e-01,9.040843271960985472e-02,2.712252981588295642e-01,-4.661484061265430690e-01,-1.949231079677135048e-01
5.895965581199963390e-01,6.784706551299811705e-01,8.887409700998483153e-02,2.666222910299544946e-01,-4.603007128875069576e-01,-1.936784218575524630e-01
5.911115259874356598e-01,6.784706551299811705e-01,8.735912914254551076e-02,2.620773874276365323e-01,-4.544903602317962310e-01,-1.924129728041596987e-01
5.926072525575944994e-01,6.784706551299811705e-01,8.586340257238667117e-02,2.575902077171600135e-01,-4.487179710476518757e-01,-1.911277633304918622e-01
5.940838663514202977e-01,6.784706551299811705e-01,8.438678877856087279e-02,2.531603663356826184e-01,-4.429841381477395146e-01,-1.898237718120568962e-01
5.955414977680648647e-01,6.784706551299811705e-01,8.292915736191630582e-02,2.487874720857489175e-01,-4.372894249933700905e-01,-1.885019529076211731e-01
5.969802789894187445e-01,6.784706551299811705e-01,8.149037614056242607e-02,2.444711284216872782e-01,-4.316343664061639274e-01,-1.871632379844766492e-01
5.984003438869741620e-01,6.784706551299811705e-01,8.007031124300700853e-02,2.402109337290210256e-01,-4.260194692666252614e-01,-1.858085355376042358e-01
5.998018279309758061e-01,6.784706551299811705e-01,7.866882719900536447e-02,2.360064815970160934e-01,-4.204452132004932174e-01,-1.844387316034771240e-01
6.011848681018170382e-01,6.784706551299811705e-01,7.728578702816413237e-02,2.318573610844923971e-01,-4.149120512523696291e-01,-1.830546901678772320e-01
6.025496028036415597e-01,6.784706551299811705e-01,7.592105232633961087e-02,2.277631569790188326e-01,-4.094204105473564503e-01,-1.816572535683376177e-01
6.038961717801092366e-01,6.784706551299811705e-01,7.457448334987193395e-02,2.237234500496158018e-01,-4.039706929403030777e-01,-1.802472428906872759e-01
6.052247160322877795e-01,6.784706551299811705e-01,7.324593909769339106e-02,2.197378172930801732e-01,-3.985632756535628651e-01,-1.788254583604826919e-01
6.065353777386303102e-01,6.784706551299811705e-01,7.193527739135086030e-02,2.158058321740525809e-01,-3.931985119027592290e-01,-1.773926797287066481e-01
6.078283001769999583e-01,6.784706551299811705e-01,7.064235495298121226e-02,2.119270648589436368e-01,-3.878767315108944125e-01,-1.759496666519507757e-01
6.091036276487044043e-01,6.784706551299811705e-01,6.936702748127676621e-02,2.081010824438302986e-01,-3.825982415113338142e-01,-1.744971590675035156e-01
6.103615054045021804e-01,6.784706551299811705e-01,6.810914972547899016e-02,2.043274491764369705e-01,-3.773633267393328161e-01,-1.730358775628958456e-01
6.116020795725436443e-01,6.784706551299811705e-01,6.686857555743752624e-02,2.006057266723125787e-01,-3.721722504124391762e-01,-1.715665237401265975e-01
6.128254970882111019e-01,6.784706551299811705e-01,6.564515804177006864e-02,1.969354741253102059e-01,-3.670252547002372800e-01,-1.700897805749270741e-01
6.140319056258209951e-01,6.784706551299811705e-01,6.443874950416017544e-02,1.933162485124805263e-01,-3.619225612829679584e-01,-1.686063127704874320e-01
6.152214535321538502e-01,6.784706551299811705e-01,6.324920159782732032e-02,1.897476047934819610e-01,-3.568643718998565362e-01,-1.671167671063745752e-01
6.163942897617761263e-01,6.784706551299811705e-01,6.207636536820504425e-02,1.862290961046151327e-01,-3.518508688866828216e-01,-1.656217727820676888e-01
6.175505638141202125e-01,6.784706551299811705e-01,6.092009131586095805e-02,1.827602739475828741e-01,-3.468822157032258602e-01,-1.641219417556429860e-01
6.186904256722887130e-01,6.784706551299811705e-01,5.978022945769245755e-02,1.793406883730773727e-01,-3.419585574505501491e-01,-1.626178690774727764e-01
6.198140257435494904e-01,6.784706551299811705e-01,5.865662938643168012e-02,1.759698881592950404e-01,-3.370800213782332300e-01,-1.611101332189381896e-01
6.209215148014882724e-01,6.784706551299811705e-01,5.754914032849289818e-02,1.726474209854786945e-01,-3.322467173816345820e-01,-1.595992963961558875e-01
6.220130439297875125e-01,6.784706551299811705e-01,5.645761120019365809e-02,1.693728336005809743e-01,-3.274587384897720277e-01,-1.580859048891910534e-01
6.230887644675978665e-01,6.784706551299811705e-01,5.538189066238330405e-02,1.661456719871499121e-01,-3.227161613431062115e-01,-1.565704893559562993e-01
6.241488279564725294e-01,6.784706551299811705e-01,5.432182717350864110e-02,1.629654815205259233e-01,-3.180190466623988854e-01,-1.550535651418729621e-01
6.251933860888330141e-01,6.784706551299811705e-01,5.327726904114815643e-02,1.598318071234444693e-01,-3.133674397081454011e-01,-1.535356325847009318e-01
6.262225906579350632e-01,6.784706551299811705e-01,5.224806447204610738e-02,1.567441934161383221e-01,-3.087613707306147148e-01,-1.520171773144763927e-01
6.272365935093057177e-01,6.784706551299811705e-01,5.123406162067545289e-02,1.537021848620263587e-01,-3.042008554111963470e-01,-1.504986705491699883e-01
6.282355464936214551e-01,6.784706551299811705e-01,5.023510863635971546e-02,1.507053259090791464e-01,-2.996858952947212273e-01,-1.489805693856420810e-01
6.292196014209985311e-01,6.784706551299811705e-01,4.925105370898263946e-02,1.477531611269479184e-01,-2.952164782131228016e-01,-1.474633170861748832e-01
6.301889100166669921e-01,6.784706551299811705e-01,4.828174511331417840e-02,1.448452353399425352e-01,-2.907925787005383178e-01,-1.459473433605957826e-01
6.311436238779993824e-01,6.784706551299811705e-01,4.732703125198178817e-02,1.419810937559453645e-01,-2.864141583997170670e-01,-1.444330646437717025e-01
6.320838944328674991e-01,6.784706551299811705e-01,4.638676069711367145e-02,1.391602820913410143e-01,-2.820811664604350177e-01,-1.429208843690940034e-01
6.330098728992986645e-01,6.784706551299811705e-01,4.546078223068250601e-02,1.363823466920475180e-01,-2.777935399293496310e-01,-1.414111932373021130e-01
6.339217102464060893e-01,6.784706551299811705e-01,4.454894488357508120e-02,1.336468346507252436e-01,-2.735512041322274435e-01,-1.399043694815021999e-01
6.348195571565653506e-01,6.784706551299811705e-01,4.365109797341581999e-02,1.309532939202474600e-01,-2.693540730477783640e-01,-1.384007791275309041e-01
6.357035639888118927e-01,6.784706551299811705e-01,4.276709114116927779e-02,1.283012734235078334e-01,-2.652020496739626587e-01,-1.369007762504548253e-01
6.365738807434333513e-01,6.784706551299811705e-01,4.189677438654781927e-02,1.256903231596434578e-01,-2.610950263864375565e-01,-1.354047032267940986e-01
6.374306570277321615e-01,6.784706551299811705e-01,4.103999810224900902e-02,1.231199943067470270e-01,-2.570328852896430760e-01,-1.339128909828960490e-01
6.382740420229326972e-01,6.784706551299811705e-01,4.019661310704847335e-02,1.205898393211454200e-01,-2.530154985601607009e-01,-1.324256592390152809e-01
6.391041844522092896e-01,6.784706551299811705e-01,3.936647067777188091e-02,1.180994120333156427e-01,-2.490427287829777292e-01,-1.309433167496620865e-01
6.399212325498109255e-01,6.784706551299811705e-01,3.854942258017024503e-02,1.156482677405107351e-01,-2.451144292804907643e-01,-1.294661615399800292e-01
6.407253340312585310e-01,6.784706551299811705e-01,3.774532109872263952e-02,1.132359632961679186e-01,-2.412304444342816545e-01,-1.279944811381137360e-01
6.415166360645923049e-01,6.784706551299811705e-01,3.695401906538886561e-02,1.108620571961665968e-01,-2.373906100001321740e-01,-1.265285528039655771e-01
6.422952852426457859e-01,6.784706551299811705e-01,3.617536988733538461e-02,1.085261096620061538e-01,-2.335947534160442984e-01,-1.250686437540381446e-01
6.430614275563237836e-01,6.784706551299811705e-01,3.540922757365738693e-02,1.062276827209721608e-01,-2.298426941033993032e-01,-1.236150113824271424e-01
6.438152083688635230e-01,6.784706551299811705e-01,3.465544676111764755e-02,1.039663402833529426e-01,-2.261342437619218160e-01,-1.221679034785688733e-01
6.445567723910554658e-01,6.784706551299811705e-01,3.391388273892570471e-02,1.017416482167771141e-01,-2.224692066575828520e-01,-1.207275584408057378e-01
6.452862636574032695e-01,6.784706551299811705e-01,3.318439147257790101e-02,9.955317441773370302e-02,-2.188473799043411105e-01,-1.192942054866074075e-01
6.460038255032024557e-01,6.784706551299811705e-01,3.246682962677871487e-02,9.740048888033614460e-02,-2.152685537397558413e-01,-1.178680648594196967e-01
6.467096005425156946e-01,6.784706551299811705e-01,3.176105458746547594e-02,9.528316376239642782e-02,-2.117325117939716783e-01,-1.164493480315752505e-01
6.474037306470258324e-01,6.784706551299811705e-01,3.106692448295533815e-02,9.320077344886601445e-02,-2.082390313530413373e-01,-1.150382579041753228e-01
6.480863569257454548e-01,6.784706551299811705e-01,3.038429820423571570e-02,9.115289461270714710e-02,-2.047878836158867344e-01,-1.136349890031795873e-01
6.487576197055647809e-01,6.784706551299811705e-01,2.971303542441638967e-02,8.913910627324916902e-02,-2.013788339457978083e-01,-1.122397276725486392e-01
6.494176585126169021e-01,6.784706551299811705e-01,2.905299661736426842e-02,8.715898985209280525e-02,-1.980116421156363771e-01,-1.108526522635435718e-01
6.500666120544426052e-01,6.784706551299811705e-01,2.840404307553856533e-02,8.521212922661569600e-02,-1.946860625477109252e-01,-1.094739333210952292e-01
6.507046182029362358e-01,6.784706551299811705e-01,2.776603692704493476e-02,8.329811078113480427e-02,-1.914018445480891728e-01,-1.081037337669543685e-01
6.513318139780531757e-01,6.784706551299811705e-01,2.713884115192799484e-02,8.141652345578398453e-02,-1.881587325350819739e-01,-1.067422090792979894e-01
6.519483355322621687e-01,6.784706551299811705e-01,2.652231959771900183e-02,7.956695879315700548e-02,-1.849564662626979050e-01,-1.053895074695408995e-01
6.525543181357241762e-01,6.784706551299811705e-01,2.591633699425699433e-02,7.774901098277098299e-02,-1.817947810386022489e-01,-1.040457700558312659e-01
6.531498961621806654e-01,6.784706551299811705e-01,2.532075896780050517e-02,7.596227690340151550e-02,-1.786734079369467487e-01,-1.027111310335452332e-01
6.537352030755337884e-01,6.784706551299811705e-01,2.473545205444738215e-02,7.420635616334214646e-02,-1.755920740059369045e-01,-1.013857178425947581e-01
6.543103714171026875e-01,6.784706551299811705e-01,2.416028371287848309e-02,7.248085113863544926e-02,-1.725505024706697199e-01,-1.000696513320342707e-01
6.548755327935383841e-01,6.784706551299811705e-01,2.359512233644278645e-02,7.078536700932835934e-02,-1.695484129307089916e-01,-9.876304592138063221e-02
6.554308178653819317e-01,6.784706551299811705e-01,2.303983726459923886e-02,6.911951179379771659e-02,-1.665855215530642752e-01,-9.746600975926655863e-02
6.559763563362495109e-01,6.784706551299811705e-01,2.249429879373165964e-02,6.748289638119497891e-02,-1.636615412602737685e-01,-9.617864487907878956e-02
6.565122769426291471e-01,6.784706551299811705e-01,2.195837818735202340e-02,6.587513456205607021e-02,-1.607761819138908699e-01,-9.490104735183479967e-02
6.570387074442736175e-01,6.784706551299811705e-01,2.143194768570755304e-02,6.429584305712265913e-02,-1.579291504933411083e-01,-9.363330743621844920e-02
6.575557746151744487e-01,6.784706551299811705e-01,2.091488051480672183e-02,6.274464154442016550e-02,-1.551201512702493623e-01,-9.237550972582919684e-02
6.580636042351027948e-01,6.784706551299811705e-01,2.040705089487837576e-02,6.122115268463512727e-02,-1.523488859785038230e-01,-9.112773329386869570e-02
6.585623210817016515e-01,6.784706551299811705e-01,1.990833404827951902e-02,5.972500214483855707e-02,-1.496150539796570200e-01,-8.989005183481846295e-02
6.590520489231170842e-01,6.784706551299811705e-01,1.941860620686408634e-02,5.825581862059225902e-02,-1.469183524246298056e-01,-8.866253380403754658e-02
6.595329105111521484e-01,6.784706551299811705e-01,1.893774461882902216e-02,5.681323385648706648e-02,-1.442584764105192541e-01,-8.744524255403218760e-02
6.600050275749317352e-01,6.784706551299811705e-01,1.846562755504943532e-02,5.539688266514830595e-02,-1.416351191338760529e-01,-8.623823646872774695e-02
6.604685208150644637e-01,6.784706551299811705e-01,1.800213431491670679e-02,5.400640294475012038e-02,-1.390479720398185570e-01,-8.504156909506843665e-02
6.609235098982877421e-01,6.784706551299811705e-01,1.754714523169342844e-02,5.264143569508028531e-02,-1.364967249669835070e-01,-8.385528927190322168e-02
6.613701134525837855e-01,6.784706551299811705e-01,1.710054167739738507e-02,5.130162503219215520e-02,-1.339810662888130111e-01,-8.267944125662085586e-02
6.618084490627541561e-01,6.784706551299811705e-01,1.666220606722701447e-02,4.998661820168104342e-02,-1.315006830511111779e-01,-8.151406484943013453e-02
6.622386332664396136e-01,6.784706551299811705e-01,1.623202186354155696e-02,4.869606559062467088e-02,-1.290552611056372534e-01,-8.035919551501258251e-02
6.626607815505735077e-01,6.784706551299811705e-01,1.580987357940766280e-02,4.742962073822298841e-02,-1.266444852401682475e-01,-7.921486450194525908e-02
6.630750083482572776e-01,6.784706551299811705e-01,1.539564678172389289e-02,4.618694034517167868e-02,-1.242680393051309728e-01,-7.808109895995929417e-02
6.634814270360450683e-01,6.784706551299811705e-01,1.498922809393610223e-02,4.496768428180830668e-02,-1.219256063363372000e-01,-7.695792205452889334e-02
6.638801499316273613e-01,6.784706551299811705e-01,1.459050519835380921e-02,4.377151559506142764e-02,-1.196168686746879040e-01,-7.584535307962647632e-02
6.642712882919017403e-01,6.784706551299811705e-01,1.419936683807943023e-02,4.259810051423829069e-02,-1.173415080823136947e-01,-7.474340756807540398e-02
6.646549523114192448e-01,6.784706551299811705e-01,1.381570281856192572e-02,4.144710845568577717e-02,-1.150992058552513519e-01,-7.365209739956557478e-02
6.650312511211967648e-01,6.784706551299811705e-01,1.343940400878440578e-02,4.031821202635321733e-02,-1.128896429332559848e-01,-7.257143090690276743e-02
6.654002927878835960e-01,6.784706551299811705e-01,1.307036234209757453e-02,3.921108702629272358e-02,-1.107125000060493747e-01,-7.150141297975665111e-02
6.657621843132724981e-01,6.784706551299811705e-01,1.270847081670867240e-02,3.812541245012601721e-02,-1.085674576166706373e-01,-7.044204516654462012e-02
6.661170316341447073e-01,6.784706551299811705e-01,1.235362349583646324e-02,3.706087048750938973e-02,-1.064541962616627480e-01,-6.939332577415335823e-02
6.664649396224395783e-01,6.784706551299811705e-01,1.200571550754159222e-02,3.601714652262477667e-02,-1.043723964884613054e-01,-6.835524996583652868e-02
6.668060120857378648e-01,6.784706551299811705e-01,1.166464304424330578e-02,3.499392913272991734e-02,-1.023217389894859330e-01,-6.732780985675601571e-02
6.671403517680504214e-01,6.784706551299811705e-01,1.133030336193074916e-02,3.399091008579224749e-02,-1.003019046937669856e-01,-6.631099460797473810e-02
6.674680603509022259e-01,6.784706551299811705e-01,1.100259477907894468e-02,3.300778433723683403e-02,-9.831257485554134590e-02,-6.530479051830451187e-02
6.677892384547021720e-01,6.784706551299811705e-01,1.068141667527899852e-02,3.204425002583699555e-02,-9.635343113998384723e-02,-6.430918111414685168e-02
6.681039856403907518e-01,6.784706551299811705e-01,1.036666948959041878e-02,3.110000846877125635e-02,-9.442415570657392010e-02,-6.332414723780266375e-02
6.684124004113555229e-01,6.784706551299811705e-01,1.005825471862564768e-02,3.017476415587694305e-02,-9.252443128943133033e-02,-6.234966713355438728e-02
6.687145802156069241e-01,6.784706551299811705e-01,9.756074914374246454e-03,2.926822474312273936e-02,-9.065394127542036884e-02,-6.138571653229762948e-02
6.690106214482051117e-01,6.784706551299811705e-01,9.460033681776058856e-03,2.838010104532817657e-02,-8.881236977945627942e-02,-6.043226873412810285e-02
6.693006194539298237e-01,6.784706551299811705e-01,9.170035676051346840e-03,2.751010702815404052e-02,-8.699940171741360473e-02,-5.948929468925956421e-02
6.695846685301856116e-01,6.784706551299811705e-01,8.885986599795558938e-03,2.665795979938667681e-02,-8.521472287673637069e-02,-5.855676307734969388e-02
6.698628619301336684e-01,6.784706551299811705e-01,8.607793199847502130e-03,2.582337959954250639e-02,-8.345801998441704228e-02,-5.763464038487453589e-02
6.701352918660432589e-01,6.784706551299811705e-01,8.335363263937911604e-03,2.500608979181373481e-02,-8.172898077287715779e-02,-5.672289098106342298e-02
6.704020495128547585e-01,6.784706551299811705e-01,8.068605617126412000e-03,2.420581685137923600e-02,-8.002729404344988140e-02,-5.582147719207064540e-02
6.706632250119470839e-01,6.784706551299811705e-01,7.807430118034086597e-03,2.342229035410225979e-02,-7.835264972769762082e-02,-5.493035937359536103e-02
6.709189074751019666e-01,6.784706551299811705e-01,7.551747654879203964e-03,2.265524296463761189e-02,-7.670473894646478996e-02,-5.404949598182717807e-02
6.711691849886587402e-01,6.784706551299811705e-01,7.301470141322430329e-03,2.190441042396729099e-02,-7.508325406703209026e-02,-5.317884364306479927e-02
6.714141446178512052e-01,6.784706551299811705e-01,7.056510512129965385e-03,2.116953153638989615e-02,-7.348788875773948348e-02,-5.231835722134958733e-02
6.716538724113214620e-01,6.784706551299811705e-01,6.816782718659708529e-03,2.045034815597912559e-02,-7.191833804107705674e-02,-5.146798988509793116e-02
6.718884534058032765e-01,6.784706551299811705e-01,6.582201724177894064e-03,1.974660517253368219e-02,-7.037429834454433930e-02,-5.062769317201065711e-02
6.721179716309678698e-01,6.784706551299811705e-01,6.352683499013300761e-03,1.905805049703990228e-02,-6.885546754937799108e-02,-4.979741705233808879e-02
6.723425101144272498e-01,6.784706551299811705e-01,6.128145015553920771e-03,1.838443504666176231e-02,-6.736154503781399683e-02,-4.897710999115223451e-02
6.725621508868875331e-01,6.784706551299811705e-01,5.908504243093637420e-03,1.772551272928091226e-02,-6.589223173808500533e-02,-4.816671900880409307e-02
6.727769749874469296e-01,6.784706551299811705e-01,5.693680142534240929e-03,1.708104042760272279e-02,-6.444723016781894742e-02,-4.736618974021622464e-02
6.729870624690322822e-01,6.784706551299811705e-01,5.483592660948888309e-03,1.645077798284666493e-02,-6.302624447560578602e-02,-4.657546649275912110e-02
6.731924924039683900e-01,6.784706551299811705e-01,5.278162726012780581e-03,1.583448817803834174e-02,-6.162898048083231828e-02,-4.579449230279397653e-02
6.733933428896742290e-01,6.784706551299811705e-01,5.077312240306941504e-03,1.523193672092082451e-02,-6.025514571175172307e-02,-4.502320899083089856e-02
6.735896910544809657e-01,6.784706551299811705e-01,4.880964075500204835e-03,1.464289222650061451e-02,-5.890444944202100075e-02,-4.426155721552038624e-02
6.737816130635660983e-01,6.784706551299811705e-01,4.689042066415072263e-03,1.406712619924521679e-02,-5.757660272553977165e-02,-4.350947652629455487e-02
6.739691841249986215e-01,6.784706551299811705e-01,4.501471004982549040e-03,1.350441301494764712e-02,-5.627131842975696685e-02,-4.276690541480931973e-02
6.741524784958896621e-01,6.784706551299811705e-01,4.318176634091508426e-03,1.295452990227452528e-02,-5.498831126731218433e-02,-4.203378136503765905e-02
6.743315694886442557e-01,6.784706551299811705e-01,4.139085641336914811e-03,1.241725692401074443e-02,-5.372729782637808427e-02,-4.131004090236733983e-02
6.745065294773086029e-01,6.784706551299811705e-01,3.964125652672567668e-03,1.189237695801770300e-02,-5.248799659930414307e-02,-4.059561964128644007e-02
6.746774299040088074e-01,6.784706551299811705e-01,3.793225225972363113e-03,1.137967567791708934e-02,-5.127012801006136655e-02,-3.989045233214427721e-02
6.748443412854757684e-01,6.784706551299811705e-01,3.626313844505402173e-03,1.087894153351620652e-02,-5.007341444008828191e-02,-3.919447290657207539e-02
6.750073332196521170e-01,6.784706551299811705e-01,3.463321910329053566e-03,1.038996573098716070e-02,-4.889758025290458221e-02,-3.850761452191742151e-02
6.751664743923762035e-01,6.784706551299811705e-01,3.304180737604967000e-03,9.912542212814900999e-03,-4.774235181722596977e-02,-3.782980960441106877e-02
6.753218325841399139e-01,6.784706551299811705e-01,3.148822545841256648e-03,9.446467637523769945e-03,-4.660745752911310547e-02,-3.716098989158933552e-02
6.754734746769144316e-01,6.784706551299811705e-01,2.997180453066738970e-03,8.991541359200216910e-03,-4.549262783235530350e-02,-3.650108647315508659e-02
6.756214666610416142e-01,6.784706551299811705e-01,2.849188468939556351e-03,8.547565406818669054e-03,-4.439759523815478559e-02,-3.585002983133611654e-02
6.757658736421856549e-01,6.784706551299811705e-01,2.704781487795515638e-03,8.114344463386546913e-03,-4.332209434321221408e-02,-3.520774987982566717e-02
6.759067598483416983e-01,6.784706551299811705e-01,2.563895281639472223e-03,7.691685844918416670e-03,-4.226586184681302427e-02,-3.457417600189460760e-02
6.760441886368976361e-01,6.784706551299811705e-01,2.426466493083534459e-03,7.279399479250603378e-03,-4.122863656678132926e-02,-3.394923708753072589e-02
6.761782225017447523e-01,6.784706551299811705e-01,2.292432628236418246e-03,6.877297884709254738e-03,-4.021015945413486392e-02,-3.333286156942560918e-02
6.763089230804349983e-01,6.784706551299811705e-01,2.161732049546172263e-03,6.485196148638516789e-03,-3.921017360707379495e-02,-3.272497745843527817e-02
6.764363511613793456e-01,6.784706551299811705e-01,2.034303968601824941e-03,6.102911905805474824e-03,-3.822842428330419651e-02,-3.212551237749872168e-02
6.765605666910859961e-01,6.784706551299811705e-01,1.910088438895174434e-03,5.730265316685523302e-03,-3.726465891199515212e-02,-3.153439359530962882e-02
6.766816287814331199e-01,6.784706551299811705e-01,1.789026348548050649e-03,5.367079045644151947e-03,-3.631862710413713558e-02,-3.095154805849298363e-02
6.767995957169743448e-01,6.784706551299811705e-01,1.671059413006825700e-03,5.013178239020477100e-03,-3.539008066236748462e-02,-3.037690242334700752e-02
6.769145249622732230e-01,6.784706551299811705e-01,1.556130167707947543e-03,4.668390503123842628e-03,-3.447877358966344730e-02,-2.981038308653960467e-02
6.770264731692634541e-01,6.784706551299811705e-01,1.444181960717716429e-03,4.332545882153149286e-03,-3.358446209706933416e-02,-2.925191621491618488e-02
6.771354961846322018e-01,6.784706551299811705e-01,1.335158945348968729e-03,4.005476836046906186e-03,-3.270690461062430998e-02,-2.870142777457740380e-02
6.772416490572235048e-01,6.784706551299811705e-01,1.229006072757665713e-03,3.687018218272997139e-03,-3.184586177739090473e-02,-2.815884355911790760e-02
6.773449860454588967e-01,6.784706551299811705e-01,1.125669084522273877e-03,3.377007253566821632e-03,-3.100109647061755069e-02,-2.762408921705072906e-02
6.774455606247725692e-01,6.784706551299811705e-01,1.025094505208601348e-03,3.075283515625804043e-03,-3.017237379410175890e-02,-2.709709027847595486e-02
6.775434254950584156e-01,6.784706551299811705e-01,9.272296349227548973e-04,2.781688904768264692e-03,-2.935946108575393509e-02,-2.657777218098567040e-02
6.776386325881261774e-01,6.784706551299811705e-01,8.320225418549931362e-04,2.496067625564979409e-03,-2.856212792032852832e-02,-2.606606029476354891e-02
6.777312330751644742e-01,6.784706551299811705e-01,7.394220548166963169e-04,2.218266164450088951e-03,-2.778014611148904578e-02,-2.556187994703895683e-02
6.778212773742080532e-01,6.784706551299811705e-01,6.493777557731172934e-04,1.948133267319351880e-03,-2.701328971307370708e-02,-2.506515644575435520e-02
6.779088151576070365e-01,6.784706551299811705e-01,5.618399723741340779e-04,1.685519917122402234e-03,-2.626133501969496464e-02,-2.457581510257256241e-02
6.779938953594957241e-01,6.784706551299811705e-01,4.767597704854464880e-04,1.430279311456339464e-03,-2.552406056660627698e-02,-2.409378125514993751e-02
6.780765661832589553e-01,6.784706551299811705e-01,3.940889467222152831e-04,1.182266840166645849e-03,-2.480124712896936146e-02,-2.361898028880271561e-02
6.781568751089932512e-01,6.784706551299811705e-01,3.137800209879193503e-04,9.413400629637580508e-04,-2.409267772028877985e-02,-2.315133765732502180e-02
6.782348689009618514e-01,6.784706551299811705e-01,2.357862290193191157e-04,7.073586870579573471e-04,-2.339813759058007037e-02,-2.269077890352211302e-02
6.783105936150400916e-01,6.784706551299811705e-01,1.600615149410788973e-04,4.801845448232366920e-04,-2.271741422347206552e-02,-2.223722967864882882e-02
6.783840946061504562e-01,6.784706551299811705e-01,8.656052383071433098e-05,2.596815714921429930e-04,-2.205029733310936990e-02,-2.179061576161722691e-02
6.784554165356846411e-01,6.784706551299811705e-01,1.523859429652940634e-05,4.571578288958821901e-05,-2.139657886025547739e-02,-2.135086307736588918e-02
6.785246033789110731e-01,6.784706551299811705e-01,-5.394824892990257581e-05,-1.618447467897077274e-04,-2.075605296792959464e-02,-2.091789771471930237e-02
6.785916984323661083e-01,6.784706551299811705e-01,-1.210433023849377676e-04,-3.631299071548133028e-04,-2.012851603651055754e-02,-2.049164594366537084e-02
6.786567443212266904e-01,6.784706551299811705e-01,-1.860891912455198138e-04,-5.582675737365594415e-04,-1.951376665817461387e-02,-2.007203423191117331e-02
6.787197830066641346e-01,6.784706551299811705e-01,-2.491278766829641000e-04,-7.473836300488923001e-04,-1.891160563123328586e-02,-1.965898926128217816e-02
6.787808557931754860e-01,6.784706551299811705e-01,-3.102006631943154957e-04,-9.306019895829464872e-04,-1.832183595340541871e-02,-1.925243794298836519e-02
6.788400033358924501e-01,6.784706551299811705e-01,-3.693482059112795923e-04,-1.108044617733838777e-03,-1.774426281508922898e-02,-1.885230743282306776e-02
6.788972656478662326e-01,6.784706551299811705e-01,-4.266105178850621016e-04,-1.279831553655186305e-03,-1.717869359213475278e-02,-1.845852514578993908e-02
6.789526821073254004e-01,6.784706551299811705e-01,-4.820269773442298344e-04,-1.446080932032689503e-03,-1.662493783775031986e-02,-1.807101876978300936e-02
6.790062914649075410e-01,6.784706551299811705e-01,-5.356363349263704166e-04,-1.606909004779111250e-03,-1.608280727464217463e-02,-1.768971627942128588e-02
6.790581318508617237e-01,6.784706551299811705e-01,-5.874767208805531382e-04,-1.762430162641659415e-03,-1.555211578625481650e-02,-1.731454594889647591e-02
6.791082407822210953e-01,6.784706551299811705e-01,-6.375856522399248050e-04,-1.912756956719774415e-03,-1.503267940781150003e-02,-1.694543636453127444e-02
6.791566551699439458e-01,6.784706551299811705e-01,-6.860000399627752543e-04,-2.058000119888325763e-03,-1.452431631685513480e-02,-1.658231643674346056e-02
6.792034113260231321e-01,6.784706551299811705e-01,-7.327561960419615161e-04,-2.198268588125884548e-03,-1.402684682375587855e-02,-1.622511541188176309e-02
6.792485449705611966e-01,6.784706551299811705e-01,-7.778898405800260818e-04,-2.333669521740078245e-03,-1.354009336141936970e-02,-1.587376288315944795e-02
6.792920912388109578e-01,6.784706551299811705e-01,-8.214361088297872371e-04,-2.464308326489361711e-03,-1.306388047492834659e-02,-1.552818880141770830e-02
6.793340846881805728e-01,6.784706551299811705e-01,-8.634295581994022584e-04,-2.590288674598206775e-03,-1.259803481088450638e-02,-1.518832348548271316e-02
6.793745593052016307e-01,6.784706551299811705e-01,-9.039041752204601821e-04,-2.711712525661380546e-03,-1.214238510631737711e-02,-1.485409763197875765e-02
6.794135485124594975e-01,6.784706551299811705e-01,-9.428933824783269912e-04,-2.828680147434980974e-03,-1.169676217736004276e-02,-1.452544232479502373e-02
6.794510851754848035e-01,6.784706551299811705e-01,-9.804300455036329964e-04,-2.941290136510898989e-03,-1.126099890759180155e-02,-1.420228904410270054e-02
6.794872016096057399e-01,6.784706551299811705e-01,-1.016546479624569344e-03,-3.049639438873708031e-03,-1.083493023628090413e-02,-1.388456967515461216e-02
6.795219295867591658e-01,6.784706551299811705e-01,-1.051274456777995248e-03,-3.153823370333985743e-03,-1.041839314602777122e-02,-1.357221651636175697e-02
6.795553003422609706e-01,6.784706551299811705e-01,-1.084645212279800042e-03,-3.253935636839400125e-03,-1.001122665054143823e-02,-1.326516228738083836e-02
6.795873445815340252e-01,6.784706551299811705e-01,-1.116689451552854706e-03,-3.350068354658564118e-03,-9.613271781916399306e-03,-1.296334013657496342e-02
6.796180924867933903e-01,6.784706551299811705e-01,-1.147437356812219811e-03,-3.442312070436659432e-03,-9.224371577809531431e-03,-1.266668364824619086e-02
6.796475737236880033e-01,6.784706551299811705e-01,-1.176918593706832716e-03,-3.530755781120498149e-03,-8.844371068383871659e-03,-1.237512684950436981e-02
6.796758174478976233e-01,6.784706551299811705e-01,-1.205162317916452785e-03,-3.615486953749358356e-03,-8.473117262886020740e-03,-1.208860421663537910e-02
6.797028523116855903e-01,6.784706551299811705e-01,-1.232197181704419719e-03,-3.696591545113259158e-03,-8.110459136390080204e-03,-1.180705068150333936e-02
6.797287064704053972e-01,6.784706551299811705e-01,-1.258051340424226616e-03,-3.774154021272679849e-03,-7.756247615942069018e-03,-1.153040163721474887e-02
6.797534075889615224e-01,6.784706551299811705e-01,-1.282752458980351840e-03,-3.848257376941055519e-03,-7.410335566837567001e-03,-1.125859294377862252e-02
6.797769828482231880e-01,6.784706551299811705e-01,-1.306327718242017433e-03,-3.918983154726052298e-03,-7.072577778499677947e-03,-1.099156093322573025e-02
6.797994589513915997e-01,6.784706551299811705e-01,-1.328803821410429187e-03,-3.986411464231287560e-03,-6.742830950523526212e-03,-1.072924241475481377e-02
6.798208621303184485e-01,6.784706551299811705e-01,-1.350207000337277918e-03,-4.050621001011833755e-03,-6.420953678054619473e-03,-1.047157467906645323e-02
6.798412181517774489e-01,6.784706551299811705e-01,-1.370563021796278314e-03,-4.111689065388834941e-03,-6.106806437700118551e-03,-1.021849550308895349e-02
6.798605523236861403e-01,6.784706551299811705e-01,-1.389897193704969780e-03,-4.169691581114909340e-03,-5.800251572607439954e-03,-9.969943153722349294e-03
6.798788895012795042e-01,6.784706551299811705e-01,-1.408234371298333620e-03,-4.224703113895000861e-03,-5.501153278009152103e-03,-9.725856391904152964e-03
6.798962540932336207e-01,6.784706551299811705e-01,-1.425598963252450169e-03,-4.276796889757350506e-03,-5.209377586234964497e-03,-9.486174475992315003e-03
6.799126700677401436e-01,6.784706551299811705e-01,-1.442014937758973048e-03,-4.326044813276919143e-03,-4.924792351956863712e-03,-9.250837165233782855e-03
6.799281609585301478e-01,6.784706551299811705e-01,-1.457505828548977256e-03,-4.372517485646931767e-03,-4.647267237001262430e-03,-9.019784722648194197e-03
6.799427498708479067e-01,6.784706551299811705e-01,-1.472094740866736196e-03,-4.416284222600208587e-03,-4.376673695327681912e-03,-8.792957917927890499e-03
6.799564594873738210e-01,6.784706551299811705e-01,-1.485804357392650488e-03,-4.457413072177951463e-03,-4.112884957774287642e-03,-8.570298029952239105e-03
6.799693120740967212e-01,6.784706551299811705e-01,-1.498656944115550615e-03,-4.495970832346651846e-03,-3.855776016870038347e-03,-8.351746849216690194e-03
6.799813294861347668e-01,6.784706551299811705e-01,-1.510674356153596243e-03,-4.532023068460788728e-03,-3.605223611413688189e-03,-8.137246679874476918e-03
6.799925331735048317e-01,6.784706551299811705e-01,-1.521878043523661184e-03,-4.565634130570983551e-03,-3.361106211019482259e-03,-7.926740341590465810e-03
6.800029441868407076e-01,6.784706551299811705e-01,-1.532289056859537091e-03,-4.596867170578611272e-03,-3.123304000762772148e-03,-7.720171171341383420e-03
6.800125831830594603e-01,6.784706551299811705e-01,-1.541928053078289729e-03,-4.625784159234869186e-03,-2.891698865625791370e-03,-7.517483024860660556e-03
6.800214704309757163e-01,6.784706551299811705e-01,-1.550815300994545787e-03,-4.652445902983637360e-03,-2.666174374876817410e-03,-7.318620277860454770e-03
6.800296258168642138e-01,6.784706551299811705e-01,-1.558970686883043300e-03,-4.676912060649129899e-03,-2.446615766549253834e-03,-7.123527827198383733e-03
6.800370688499699501e-01,6.784706551299811705e-01,-1.566413719988779540e-03,-4.699241159966338621e-03,-2.232909931720872265e-03,-6.932151091687210887e-03
6.800438186679664820e-01,6.784706551299811705e-01,-1.573163537985311500e-03,-4.719490613955934499e-03,-2.024945398959587806e-03,-6.744436012915522305e-03
6.800498940423618244e-01,6.784706551299811705e-01,-1.579238912380653836e-03,-4.737716737141961509e-03,-1.822612318602701009e-03,-6.560329055744662519e-03
6.800553133838515008e-01,6.784706551299811705e-01,-1.584658253870330213e-03,-4.753974761610990640e-03,-1.625802446902913090e-03,-6.379777208513903730e-03
6.800600947476204139e-01,6.784706551299811705e-01,-1.589439617639243352e-03,-4.768318852917730055e-03,-1.434409130673941490e-03,-6.202727983591671546e-03
6.800642558385908698e-01,6.784706551299811705e-01,-1.593600708609699268e-03,-4.780802125829097804e-03,-1.248327291136774875e-03,-6.029129416965872679e-03
6.800678140166196428e-01,6.784706551299811705e-01,-1.597158886638472275e-03,-4.791476659915416825e-03,-1.067453408631902079e-03,-5.858930068547318903e-03
6.800707863016416388e-01,6.784706551299811705e-01,-1.600131171660468254e-03,-4.800393514981404763e-03,-8.916855065987938644e-04,-5.692079021580198628e-03
6.800731893787613780e-01,6.784706551299811705e-01,-1.602534248780207449e-03,-4.807602746340622346e-03,-7.209231359217582735e-04,-5.528525882262380620e-03
6.800750396032929634e-01,6.784706551299811705e-01,-1.604384473311792902e-03,-4.813153419935378707e-03,-5.550673594756361240e-04,-5.368220779411014831e-03
6.800763530057465367e-01,6.784706551299811705e-01,-1.605697875765366156e-03,-4.817093627296098468e-03,-3.940207360719760743e-04,-5.211114363368074542e-03
6.800771452967637742e-01,6.784706551299811705e-01,-1.606490166782603701e-03,-4.819470500347811104e-03,-2.376873051712635743e-04,-5.057157805519074678e-03
6.800774318720005374e-01,6.784706551299811705e-01,-1.606776742019366822e-03,-4.820330226058100465e-03,-8.597257102893607339e-05,-4.906302797087036538e-03
6.800772278169575635e-01,6.784706551299811705e-01,-1.606572686976392994e-03,-4.819718060929178982e-03,6.121651289214824487e-05,-4.758501548037030737e-03
6.800765479117597545e-01,6.784706551299811705e-01,-1.605892781778583966e-03,-4.817678345335751899e-03,2.039715593427082752e-04,-4.613706785993043624e-03
6.800754066358833949e-01,6.784706551299811705e-01,-1.604751505902224373e-03,-4.814254517706673120e-03,3.423827629078779466e-04,-4.471871754798795173e-03
6.800738181728315235e-01,6.784706551299811705e-01,-1.603163042850352937e-03,-4.809489128551058812e-03,4.765389155614307981e-04,-4.332950212989628014e-03
6.800717964147583450e-01,6.784706551299811705e-01,-1.601141284777174434e-03,-4.803423854331523302e-03,6.065274219535510269e-04,-4.196896432377972275e-03
6.800693549670419058e-01,6.784706551299811705e-01,-1.598699837060735263e-03,-4.796099511182205788e-03,7.324343149317513735e-04,-4.063665196250454414e-03
6.800665071528059213e-01,6.784706551299811705e-01,-1.595852022824750804e-03,-4.787556068474252413e-03,8.543442707953374793e-04,-3.933211797678914934e-03
6.800632660173900890e-01,6.784706551299811705e-01,-1.592610887408918430e-03,-4.777832662226755289e-03,9.723406247497123900e-04,-3.805492037477042899e-03
6.800596443327705520e-01,6.784706551299811705e-01,-1.588989202789381494e-03,-4.766967608368144482e-03,1.086505385861080697e-03,-3.680462222507063785e-03
6.800556546019287385e-01,6.784706551299811705e-01,-1.584999471947567962e-03,-4.754998415842703885e-03,1.196919252544059731e-03,-3.558079163298644154e-03
6.800513090631705726e-01,6.784706551299811705e-01,-1.580653933189402061e-03,-4.741961799568206182e-03,1.303661627449770322e-03,-3.438300172118435860e-03
6.800466196943952824e-01,6.784706551299811705e-01,-1.575964564414111813e-03,-4.727893693242335438e-03,1.406810632587074394e-03,-3.321083060655261043e-03
6.800415982173139140e-01,6.784706551299811705e-01,-1.570943087332743460e-03,-4.712829261998230379e-03,1.506443124410505874e-03,-3.206386137587724505e-03
6.800362561016187746e-01,6.784706551299811705e-01,-1.565600971637604033e-03,-4.696802914912812099e-03,1.602634708541827990e-03,-3.094168206370984109e-03
6.800306045691030254e-01,6.784706551299811705e-01,-1.559949439121854908e-03,-4.679848317365564725e-03,1.695459754724737422e-03,-2.984388562640827303e-03
6.800246545977309820e-01,6.784706551299811705e-01,-1.553999467749811458e-03,-4.661998403249434375e-03,1.784991411613034984e-03,-2.877006991636399391e-03
6.800184169256597855e-01,6.784706551299811705e-01,-1.547761795678614938e-03,-4.643285387035844813e-03,1.871301621358956169e-03,-2.771983765676888645e-03
6.800119020552120030e-01,6.784706551299811705e-01,-1.541246925230832510e-03,-4.623740775692497529e-03,1.954461134334728456e-03,-2.669279641357769073e-03
6.800051202568000441e-01,6.784706551299811705e-01,-1.534465126818873593e-03,-4.603395380456620778e-03,2.034539523587675092e-03,-2.568855856868945686e-03
6.799980815728023931e-01,6.784706551299811705e-01,-1.527426442821222530e-03,-4.582279328463667589e-03,2.111605199295318869e-03,-2.470674129168348720e-03
6.799907958213918802e-01,6.784706551299811705e-01,-1.520140691410709621e-03,-4.560422074232128864e-03,2.185725423153872526e-03,-2.374696651078256338e-03
6.799832726003162131e-01,6.784706551299811705e-01,-1.512617470335042569e-03,-4.537852411005127706e-03,2.256966322700115768e-03,-2.280886088305011938e-03
6.799755212906317681e-01,6.784706551299811705e-01,-1.504866160650597529e-03,-4.514598481951792586e-03,2.325392905333512061e-03,-2.189205576618280524e-03
6.799675510603896411e-01,6.784706551299811705e-01,-1.496895930408470576e-03,-4.490687791225411729e-03,2.391069072638085657e-03,-2.099618718587326072e-03
6.799593708682756255e-01,6.784706551299811705e-01,-1.488715738294454916e-03,-4.466147214883364747e-03,2.454057634204698246e-03,-2.012089580678666501e-03
6.799509894672035593e-01,6.784706551299811705e-01,-1.480334337222388719e-03,-4.441003011667166156e-03,2.514420321619859067e-03,-1.926582690047307089e-03
6.799424154078624882e-01,6.784706551299811705e-01,-1.471760277881317691e-03,-4.415280833643953073e-03,2.572217802321308255e-03,-1.843063031322644818e-03
6.799336570422183090e-01,6.784706551299811705e-01,-1.463001912237138491e-03,-4.389005736711415473e-03,2.627509693253760048e-03,-1.761496043457655425e-03
6.799247225269697825e-01,6.784706551299811705e-01,-1.454067396988611982e-03,-4.362202190965835946e-03,2.680354574557952674e-03,-1.681847616407883272e-03
6.799156198269595830e-01,6.784706551299811705e-01,-1.444964696978412455e-03,-4.334894090935237365e-03,2.730810003059858104e-03,-1.604084087875379261e-03
6.799063567185406054e-01,6.784706551299811705e-01,-1.435701588559434860e-03,-4.307104765678304581e-03,2.778932525693278421e-03,-1.528172239985026160e-03
6.798969407928976416e-01,3.737883283595324624e-01,-3.061086124333651792e-01,-9.183258373000955377e-01,0.000000000000000000e+00,-9.183258373000955377e-01
6.797956922835246552e-01,3.737883283595324624e-01,-3.060073639239921928e-01,-9.180220917719765783e-01,3.037455281189593848e-02,-8.876475389600806398e-01
6.796056790202557041e-01,3.737883283595324624e-01,-3.058173506607232417e-01,-9.174520519821697251e-01,5.700397898068532143e-02,-8.604480730014844037e-01
6.793296209496866300e-01,3.737883283595324624e-01,-3.055412925901541676e-01,-9.166238777704625029e-01,8.281742117072221632e-02,-8.338064565997402866e-01
6.789701822334575088e-01,3.737883283595324624e-01,-3.051818538739250464e-01,-9.155455616217751391e-01,1.078316148687363807e-01,-8.077139467530387584e-01
6.785299721225530600e-01,3.737883283595324624e-01,-3.047416437630205976e-01,-9.142249312890617929e-01,1.320630332713346178e-01,-7.821618980177271752e-01
6.780115458218468616e-01,3.737883283595324624e-01,-3.042232174623143992e-01,-9.126696523869431976e-01,1.555278902118595319e-01,-7.571417621750836657e-01
6.774174053449232291e-01,3.737883283595324624e-01,-3.036290769853907667e-01,-9.108872309561723002e-01,1.782421430770897430e-01,-7.326450878790825572e-01
6.767500003592116231e-01,3.737883283595324624e-01,-3.029616719996791607e-01,-9.088850159990374822e-01,2.002214957134818007e-01,-7.086635202855556814e-01
6.760117290214714414e-01,3.737883283595324624e-01,-3.022234006619389790e-01,-9.066702019858169370e-01,2.214814013220545164e-01,-6.851888006637624207e-01
6.752049388036649447e-01,3.737883283595324624e-01,-3.014166104441324823e-01,-9.042498313323974468e-01,2.420370653419490203e-01,-6.622127659904484265e-01
6.743319273092593935e-01,3.737883283595324624e-01,-3.005435989497269311e-01,-9.016307968491807934e-01,2.619034483216653442e-01,-6.397273485275154492e-01
6.733949430800010294e-01,3.737883283595324624e-01,-2.996066147204685670e-01,-8.988198441614057010e-01,2.810952687775092329e-01,-6.177245753838964681e-01
6.723961863932043093e-01,3.737883283595324624e-01,-2.986078580336718469e-01,-8.958235741010155406e-01,2.996270060390160417e-01,-5.961965680619994989e-01
6.713378100496013579e-01,3.737883283595324624e-01,-2.975494816900688955e-01,-8.926484450702066864e-01,3.175129030808854225e-01,-5.751355419893212639e-01
6.702219201517994884e-01,3.737883283595324624e-01,-2.964335917922670260e-01,-8.893007753768010781e-01,3.347669693405608271e-01,-5.545338060362402510e-01
6.690505768733939762e-01,3.737883283595324624e-01,-2.952622485138615138e-01,-8.857867455415845415e-01,3.514029835216536668e-01,-5.343837620199308747e-01
6.678257952187864888e-01,3.737883283595324624e-01,-2.940374668592540264e-01,-8.821124005777620791e-01,3.674344963822462340e-01,-5.146779041955158451e-01
6.665495457737594664e-01,3.737883283595324624e-01,-2.927612174142270041e-01,-8.782836522426810122e-01,3.828748335081066934e-01,-4.954088187345743188e-01
6.652237554468589664e-01,3.737883283595324624e-01,-2.914354270873265040e-01,-8.743062812619795121e-01,3.977370980701500081e-01,-4.765691831918295041e-01
6.638503082016393719e-01,3.737883283595324624e-01,-2.900619798421069095e-01,-8.701859395263207286e-01,4.120341735658783477e-01,-4.581517659604423809e-01
6.624310457798237017e-01,3.737883283595324624e-01,-2.886427174202912393e-01,-8.659281522608737180e-01,4.257787265447010583e-01,-4.401494257161726598e-01
6.609677684154363630e-01,3.737883283595324624e-01,-2.871794400559039007e-01,-8.615383201677117020e-01,4.389832093162016058e-01,-4.225551108515100962e-01
6.594622355399638591e-01,3.737883283595324624e-01,-2.856739071804313967e-01,-8.570217215412941902e-01,4.516598626417511753e-01,-4.053618588995430150e-01
6.579161664786014052e-01,3.737883283595324624e-01,-2.841278381190689428e-01,-8.523835143572068285e-01,4.638207184087361767e-01,-3.885627959484706517e-01
6.563312411376441835e-01,3.737883283595324624e-01,-2.825429127781117211e-01,-8.476287383343351634e-01,4.754776022871665120e-01,-3.721511360471686514e-01
6.547091006830821902e-01,3.737883283595324624e-01,-2.809207723235497278e-01,-8.427623169706491835e-01,4.866421363685979884e-01,-3.561201806020511951e-01
6.530513482104599587e-01,3.737883283595324624e-01,-2.792630198509274964e-01,-8.377890595527824891e-01,4.973257417866694396e-01,-3.404633177661130494e-01
6.513595494060611113e-01,3.737883283595324624e-01,-2.775712210465286489e-01,-8.327136631395859467e-01,5.075396413196542333e-01,-3.251740218199317134e-01
6.496352331994803553e-01,3.737883283595324624e-01,-2.758469048399478929e-01,-8.275407145198436787e-01,5.172948619742268050e-01,-3.102458525456168736e-01
6.478798924076449861e-01,3.737883283595324624e-01,-2.740915640481125237e-01,-8.222746921443375712e-01,5.266022375506107522e-01,-2.956724545937268189e-01
6.460949843703502893e-01,3.737883283595324624e-01,-2.723066560108178269e-01,-8.169199680324534807e-01,5.354724111884090476e-01,-2.814475568440444331e-01
6.442819315773711253e-01,3.737883283595324624e-01,-2.704936032178386629e-01,-8.114808096535159887e-01,5.439158378937491989e-01,-2.675649717597667898e-01
6.424421222872159776e-01,3.737883283595324624e-01,-2.686537939276835152e-01,-8.059613817830505456e-01,5.519427870465443142e-01,-2.540185947365062313e-01
6.405769111375871905e-01,3.737883283595324624e-01,-2.667885827780547281e-01,-8.003657483341641843e-01,5.595633448886361272e-01,-2.408024034455280571e-01
6.386876197476138994e-01,3.737883283595324624e-01,-2.648992913880814370e-01,-7.946978741642443111e-01,5.667874169919873140e-01,-2.279104571722569972e-01
6.367755373119233786e-01,3.737883283595324624e-01,-2.629872089523909162e-01,-7.889616268571727487e-01,5.736247307071562496e-01,-2.153368961500164991e-01
6.348419211866178635e-01,3.737883283595324624e-01,-2.610535928270854011e-01,-7.831607784812562034e-01,5.800848375916545230e-01,-2.030759408896016804e-01
6.328879974672233510e-01,3.737883283595324624e-01,-2.590996691076908887e-01,-7.772990073230726660e-01,5.861771158183537445e-01,-1.911218915047189215e-01
6.309149615586784332e-01,3.737883283595324624e-01,-2.571266331991459708e-01,-7.713798995974379125e-01,5.919107725634753514e-01,-1.794691270339625611e-01
6.289239787374301116e-01,3.737883283595324624e-01,-2.551356503778976492e-01,-7.654069511336929477e-01,5.972948463744964798e-01,-1.681121047591964679e-01
6.269161847057058701e-01,3.737883283595324624e-01,-2.531278563461734077e-01,-7.593835690385202231e-01,6.023382095172724604e-01,-1.570453595212477627e-01
6.248926861380295072e-01,3.737883283595324624e-01,-2.511043577784970449e-01,-7.533130733354911346e-01,6.070495703029088475e-01,-1.462635030325822871e-01
6.228545612200498960e-01,3.737883283595324624e-01,-2.490662328605174336e-01,-7.471986985815523008e-01,6.114374753938833784e-01,-1.357612231876689224e-01
6.208028601797515034e-01,3.737883283595324624e-01,-2.470145318202190410e-01,-7.410435954606571229e-01,6.155103120895177859e-01,-1.255332833711393370e-01
6.187386058111159493e-01,3.737883283595324624e-01,-2.449502774515834869e-01,-7.348508323547504606e-01,6.192763105906662346e-01,-1.155745217640842259e-01
6.166627939903039923e-01,3.737883283595324624e-01,-2.428744656307715299e-01,-7.286233968923145898e-01,6.227435462435870761e-01,-1.058798506487275137e-01
6.145763941844271105e-01,3.737883283595324624e-01,-2.407880658248946482e-01,-7.223641974746839445e-01,6.259199417630645357e-01,-9.644425571161940880e-02
6.124803499529791750e-01,3.737883283595324624e-01,-2.386920215934467127e-01,-7.160760647803401380e-01,6.288132694343806506e-01,-8.726279534595948739e-02
6.103755794419966074e-01,3.737883283595324624e-01,-2.365872510824641450e-01,-7.097617532473924351e-01,6.314311532947702865e-01,-7.833059995262214859e-02
6.082629758710187406e-01,3.737883283595324624e-01,-2.344746475114862783e-01,-7.034239425344588348e-01,6.337810712933600321e-01,-6.964287124109880267e-02
6.061434080129167734e-01,3.737883283595324624e-01,-2.323550796533843110e-01,-6.970652389601529331e-01,6.358703574305901718e-01,-6.119488152956276128e-02
6.040177206666618170e-01,3.737883283595324624e-01,-2.302293923071293547e-01,-6.906881769213880640e-01,6.377062038764869101e-01,-5.298197304490115389e-02
6.018867351231024232e-01,3.737883283595324624e-01,-2.280984067635699608e-01,-6.842952202907098824e-01,6.392956630678181540e-01,-4.499955722289172844e-02
5.997512496238207591e-01,3.737883283595324624e-01,-2.259629212642882967e-01,-6.778887637928648902e-01,6.406456497844992271e-01,-3.724311400836566310e-02
5.976120398131382627e-01,3.737883283595324624e-01,-2.238237114536058003e-01,-6.714711343608174010e-01,6.417629432047489146e-01,-2.970819115606848637e-02
5.954698591833401666e-01,3.737883283595324624e-01,-2.216815308238077042e-01,-6.650445924714231127e-01,6.426541889394288276e-01,-2.239040353199428512e-02
5.933254395131888348e-01,3.737883283595324624e-01,-2.195371111536563724e-01,-6.586113334609691172e-01,6.433259010453995508e-01,-1.528543241556956644e-02
5.911794912997959672e-01,3.737883283595324624e-01,-2.173911629402635048e-01,-6.521734888207905145e-01,6.437844640178602695e-01,-8.389024802930244995e-03
5.890327041839227284e-01,3.737883283595324624e-01,-2.152443758243902661e-01,-6.457331274731707982e-01,6.440361347619716348e-01,-1.696992711199163395e-03
5.868857473687784099e-01,3.737883283595324624e-01,-2.130974190092459475e-01,-6.392922570277378425e-01,6.440870445432955727e-01,4.794787515557730195e-03
5.847392700323856829e-01,3.737883283595324624e-01,-2.109509416728532205e-01,-6.328528250185596615e-01,6.439432009178180927e-01,1.109037589925843115e-02
5.825939017335828307e-01,3.737883283595324624e-01,-2.088055733740503683e-01,-6.264167201221511050e-01,6.436104896408556542e-01,1.719376951870454917e-02
5.804502528117319038e-01,3.737883283595324624e-01,-2.066619244521994414e-01,-6.199857733565983242e-01,6.430946765552780775e-01,2.310890319867975329e-02
5.783089147802008556e-01,3.737883283595324624e-01,-2.045205864206683932e-01,-6.135617592620051797e-01,6.424014094593144542e-01,2.883965019730927448e-02
5.761704607136894918e-01,3.737883283595324624e-01,-2.023821323541570294e-01,-6.071463970624710882e-01,6.415362199534091481e-01,3.438982289093805989e-02
5.740354456294671781e-01,3.737883283595324624e-01,-2.002471172699347157e-01,-6.007413518098041472e-01,6.405045252666941025e-01,3.976317345688995530e-02
5.719044068625905863e-01,3.737883283595324624e-01,-1.981160785030581239e-01,-5.943482355091743718e-01,6.393116300629775317e-01,4.496339455380315986e-02
5.697778644351694233e-01,3.737883283595324624e-01,-1.959895360756369609e-01,-5.879686082269108827e-01,6.379627282263489185e-01,4.999411999943803586e-02
5.676563214197481999e-01,3.737883283595324624e-01,-1.938679930602157375e-01,-5.816039791806472126e-01,6.364629046263670098e-01,5.485892544571979723e-02
5.655402642968715421e-01,3.737883283595324624e-01,-1.917519359373390797e-01,-5.752558078120172391e-01,6.348171368629973443e-01,5.956132905098010522e-02
5.634301633068999893e-01,3.737883283595324624e-01,-1.896418349473675269e-01,-5.689255048421025807e-01,6.330302969914658462e-01,6.410479214936326553e-02
5.613264727961433387e-01,3.737883283595324624e-01,-1.875381444366108763e-01,-5.626144333098326289e-01,6.311071532269951767e-01,6.849271991716254782e-02
5.592296315573783705e-01,3.737883283595324624e-01,-1.854413031978459081e-01,-5.563239095935377243e-01,6.290523716294904588e-01,7.272846203595273451e-02
5.571400631648170121e-01,3.737883283595324624e-01,-1.833517348052845497e-01,-5.500552044158536491e-01,6.268705177684075203e-01,7.681531335255387116e-02
5.550581763035908889e-01,3.737883283595324624e-01,-1.812698479440584265e-01,-5.438095438321752795e-01,6.245660583678369626e-01,8.075651453566168314e-02
5.529843650938184307e-01,3.737883283595324624e-01,-1.791960367342859684e-01,-5.375881102028579051e-01,6.221433629317374425e-01,8.455525272887953747e-02
5.509190094093188161e-01,3.737883283595324624e-01,-1.771306810497863538e-01,-5.313920431493590613e-01,6.196067053498843791e-01,8.821466220052531781e-02
5.488624751910392563e-01,3.737883283595324624e-01,-1.750741468315067939e-01,-5.252224404945203817e-01,6.169602654838679534e-01,9.173782498934757168e-02
5.468151147552585689e-01,3.737883283595324624e-01,-1.730267863957261065e-01,-5.190803591871783196e-01,6.142081307342062146e-01,9.512777154702789506e-02
5.447772670966326558e-01,3.737883283595324624e-01,-1.709889387371001934e-01,-5.129668162113005803e-01,6.113542975877739316e-01,9.838748137647335135e-02
5.427492581861443899e-01,3.737883283595324624e-01,-1.689609298266119275e-01,-5.068827894798357825e-01,6.084026731464797777e-01,1.015198836666439952e-01
5.407314012640227485e-01,3.737883283595324624e-01,-1.669430729044902861e-01,-5.008292187134708584e-01,6.053570766364924083e-01,1.045278579230215499e-01
5.387239971276934769e-01,3.737883283595324624e-01,-1.649356687681610145e-01,-4.948070063044830436e-01,6.022212408987814847e-01,1.074142345942984411e-01
5.367273344148235648e-01,3.737883283595324624e-01,-1.629390060552911024e-01,-4.888170181658733071e-01,5.989988138609736446e-01,1.101817956951003374e-01
5.347416898815231523e-01,3.737883283595324624e-01,-1.609533615219906899e-01,-4.828600845659720697e-01,5.956933599901237386e-01,1.128332754241516689e-01
5.327673286757651505e-01,3.737883283595324624e-01,-1.589790003162326881e-01,-4.769370009486980644e-01,5.923083617274005341e-01,1.153713607787024698e-01
5.308045046060850813e-01,3.737883283595324624e-01,-1.570161762465526190e-01,-4.710485287396578569e-01,5.888472209040207517e-01,1.177986921643628948e-01
5.288534604056214228e-01,3.737883283595324624e-01,-1.550651320460889604e-01,-4.651953961382668812e-01,5.853132601390975687e-01,1.201178640008306875e-01
5.269144279915578544e-01,3.737883283595324624e-01,-1.531260996320253920e-01,-4.593782988960761760e-01,5.817097242190705231e-01,1.223314253229943471e-01
5.249876287200265779e-01,3.737883283595324624e-01,-1.511993003604941155e-01,-4.535979010814823464e-01,5.780397814593829509e-01,1.244418803779006044e-01
5.230732736365331093e-01,3.737883283595324624e-01,-1.492849452770006469e-01,-4.478548358310019406e-01,5.743065250480405837e-01,1.264516892170386431e-01
5.211715637219613839e-01,3.737883283595324624e-01,-1.473832353624289215e-01,-4.421497060872867646e-01,5.705129743715176005e-01,1.283632682842308359e-01
5.192826901342180168e-01,3.737883283595324624e-01,-1.454943617746855544e-01,-4.364830853240566633e-01,5.666620763230101332e-01,1.301789909989534699e-01
5.174068344455745594e-01,3.737883283595324624e-01,-1.436185060860420970e-01,-4.308555182581262910e-01,5.627567065930372259e-01,1.319011883349109349e-01
5.155441688757645968e-01,3.737883283595324624e-01,-1.417558405162321344e-01,-4.252675215486964033e-01,5.587996709429887687e-01,1.335321493942923654e-01
5.136948565208940831e-01,3.737883283595324624e-01,-1.399065281613616207e-01,-4.197195844840848622e-01,5.547937064611541125e-01,1.350741219770692503e-01
5.118590515782212025e-01,3.737883283595324624e-01,-1.380707232186887401e-01,-4.142121696560662203e-01,5.507414828018641906e-01,1.365293131457979703e-01
5.100368995668629335e-01,3.737883283595324624e-01,-1.362485712073304711e-01,-4.087457136219914133e-01,5.466456034074806958e-01,1.378998897854892824e-01
5.082285375444832720e-01,3.737883283595324624e-01,-1.344402091849508096e-01,-4.033206275548524289e-01,5.425086067138984447e-01,1.391879791590460158e-01
5.064340943200195122e-01,3.737883283595324624e-01,-1.326457659604870498e-01,-3.979372978814611495e-01,5.383329673391279435e-01,1.403956694576667941e-01
5.046536906625014307e-01,3.737883283595324624e-01,-1.308653623029689683e-01,-3.925960869089069050e-01,5.341210972554244485e-01,1.415250103465175435e-01
5.028874395060179969e-01,3.737883283595324624e-01,-1.290991111464855345e-01,-3.872973334394566036e-01,5.298753469450301345e-01,1.425780135055735309e-01
5.011354461508851221e-01,3.737883283595324624e-01,-1.273471177913526597e-01,-3.820413533740579792e-01,5.255980065398624390e-01,1.435566531658044598e-01
4.993978084610689039e-01,3.737883283595324624e-01,-1.256094801015364415e-01,-3.768284403046093245e-01,5.212913069448654735e-01,1.444628666402561490e-01
4.976746170579167128e-01,3.737883283595324624e-01,-1.238862886983842504e-01,-3.716588660951527512e-01,5.169574209456573310e-01,1.452985548505045799e-01
4.959659555102495232e-01,3.737883283595324624e-01,-1.221776271507170608e-01,-3.665328814521511824e-01,5.125984643001568752e-01,1.460655828480056928e-01
4.942719005208671690e-01,3.737883283595324624e-01,-1.204835721613347066e-01,-3.614507164840041198e-01,5.082164968147062645e-01,1.467657803307021447e-01
4.925925221095178719e-01,3.737883283595324624e-01,-1.188041937499854095e-01,-3.564125812499562285e-01,5.038135234047891320e-01,1.474009421548329035e-01
4.909278837923840566e-01,3.737883283595324624e-01,-1.171395554328515942e-01,-3.514186662985547827e-01,4.993914951401445812e-01,1.479728288415897985e-01
4.892780427581344127e-01,3.737883283595324624e-01,-1.154897143986019503e-01,-3.464691431958058510e-01,4.949523102748931702e-01,1.484831670790873193e-01
4.876430500405926627e-01,3.737883283595324624e-01,-1.138547216810602003e-01,-3.415641650431806009e-01,4.904978152625250054e-01,1.489336502193444045e-01
4.860229506880728301e-01,3.737883283595324624e-01,-1.122346223285403677e-01,-3.367038669856211031e-01,4.860298057559497842e-01,1.493259387703286811e-01
4.844177839294300236e-01,3.737883283595324624e-01,-1.106294555698975612e-01,-3.318883667096926837e-01,4.815500275928419338e-01,1.496616608831492501e-01
4.828275833368755321e-01,3.737883283595324624e-01,-1.090392549773430697e-01,-3.271177649320292091e-01,4.770601777663474596e-01,1.499424128343182505e-01
4.812523769856045242e-01,3.737883283595324624e-01,-1.074640486260720618e-01,-3.223921458782161853e-01,4.725619053813023829e-01,1.501697595030861976e-01
4.796921876102838156e-01,3.737883283595324624e-01,-1.059038592507513532e-01,-3.177115777522540596e-01,4.680568125962125681e-01,1.503452348439585085e-01
4.781470327584474989e-01,3.737883283595324624e-01,-1.043587043989150365e-01,-3.130761131967451094e-01,4.635464555508950202e-01,1.504703423541499108e-01
4.766169249408465647e-01,3.737883283595324624e-01,-1.028285965813141023e-01,-3.084857897439423069e-01,4.590323452802802517e-01,1.505465555363379448e-01
4.751018717787993118e-01,3.737883283595324624e-01,-1.013135434192668494e-01,-3.039406302578005481e-01,4.545159486141758798e-01,1.505753183563753317e-01
4.736018761485876749e-01,3.737883283595324624e-01,-9.981354778905521252e-02,-2.994406433671656376e-01,4.499986890634910530e-01,1.505580456963254155e-01
4.721169363229456573e-01,3.737883283595324624e-01,-9.832860796341319487e-02,-2.949858238902395846e-01,4.454819476926052957e-01,1.504961238023657111e-01
4.706470461096838864e-01,3.737883283595324624e-01,-9.685871775015142404e-02,-2.905761532504542721e-01,4.409670639785312485e-01,1.503909107280769764e-01
4.691921949874949260e-01,3.737883283595324624e-01,-9.540386662796246364e-02,-2.862115998838873909e-01,4.364553366566881198e-01,1.502437367728007289e-01
4.677523682389832516e-01,3.737883283595324624e-01,-9.396403987945078917e-02,-2.818921196383523675e-01,4.319480245535023410e-01,1.500559049151499735e-01
4.663275470809630785e-01,3.737883283595324624e-01,-9.253921872143061611e-02,-2.776176561642918483e-01,4.274463474060519186e-01,1.498286912417600703e-01
4.649177087920670637e-01,3.737883283595324624e-01,-9.112938043253460130e-02,-2.733881412976038039e-01,4.229514866688044439e-01,1.495633453712006400e-01
4.635228268377081795e-01,3.737883283595324624e-01,-8.973449847817571712e-02,-2.692034954345271514e-01,4.184645863076652539e-01,1.492610908731381025e-01
4.621428709924366163e-01,3.737883283595324624e-01,-8.835454263290415389e-02,-2.650636278987124617e-01,4.139867535814689692e-01,1.489231256827565075e-01
4.607778074597333462e-01,3.737883283595324624e-01,-8.698947910020088381e-02,-2.609684373006026514e-01,4.095190598109810232e-01,1.485506225103783717e-01
4.594275989892810941e-01,3.737883283595324624e-01,-8.563927062974863169e-02,-2.569178118892458951e-01,4.050625411356756356e-01,1.481447292464297405e-01
4.580922049917535155e-01,3.737883283595324624e-01,-8.430387663222105310e-02,-2.529116298966631593e-01,4.006181992582735774e-01,1.477065693616104181e-01
4.567715816511620508e-01,3.737883283595324624e-01,-8.298325329162958841e-02,-2.489497598748887652e-01,3.961870021774394068e-01,1.472372423025506416e-01
4.554656820348008672e-01,3.737883283595324624e-01,-8.167735367526840484e-02,-2.450320610258052145e-01,3.917698849083550705e-01,1.467378238825498560e-01
4.541744562008279140e-01,3.737883283595324624e-01,-8.038612784129545163e-02,-2.411583835238863549e-01,3.873677501918859623e-01,1.462093666679996073e-01
4.528978513035217812e-01,3.737883283595324624e-01,-7.910952294398931883e-02,-2.373285688319679565e-01,3.829814691918398406e-01,1.456529003598718841e-01
4.516358116962516100e-01,3.737883283595324624e-01,-7.784748333671914766e-02,-2.335424500101574430e-01,3.786118821810513513e-01,1.450694321708939083e-01
4.503882790321985796e-01,3.737883283595324624e-01,-7.659995067266611724e-02,-2.297998520179983517e-01,3.742597992159091280e-01,1.444599471979107763e-01
4.491551923628653298e-01,3.737883283595324624e-01,-7.536686400333286739e-02,-2.261005920099986022e-01,3.699260007999749522e-01,1.438254087899763500e-01
4.479364882344110677e-01,3.737883283595324624e-01,-7.414815987487860527e-02,-2.224444796246358158e-01,3.656112385362786377e-01,1.431667589116428219e-01
4.467321007818479406e-01,3.737883283595324624e-01,-7.294377242231547820e-02,-2.188313172669464346e-01,3.613162357689381210e-01,1.424849185019916864e-01
4.455419618211350352e-01,3.737883283595324624e-01,-7.175363346160257283e-02,-2.152609003848077185e-01,3.570416882138716108e-01,1.417807878290638923e-01
4.443660009392050303e-01,3.737883283595324624e-01,-7.057767257967256791e-02,-2.117330177390177037e-01,3.527882645790014760e-01,1.410552468399837722e-01
4.432041455819590303e-01,3.737883283595324624e-01,-6.941581722242656793e-02,-2.082474516672797038e-01,3.485566071737999927e-01,1.403091555065202889e-01
4.420563211402636639e-01,3.737883283595324624e-01,-6.826799278073120147e-02,-2.048039783421936044e-01,3.443473325086099379e-01,1.395433541664163335e-01
4.409224510339849745e-01,3.737883283595324624e-01,-6.713412267445251214e-02,-2.014023680233575364e-01,3.401610318836068014e-01,1.387586638602492650e-01
4.398024567940923002e-01,3.737883283595324624e-01,-6.601412843455983781e-02,-1.980423853036795134e-01,3.359982719678022978e-01,1.379558866641227843e-01
4.386962581428660579e-01,3.737883283595324624e-01,-6.490792978333359553e-02,-1.947237893500007866e-01,3.318595953678726840e-01,1.371358060178718974e-01
4.376037730722415753e-01,3.737883283595324624e-01,-6.381544471270911290e-02,-1.914463341381273387e-01,3.277455211873447904e-01,1.362991870492174518e-01
4.365249179203219976e-01,3.737883283595324624e-01,-6.273658956078953519e-02,-1.882097686823686056e-01,3.236565455758733112e-01,1.354467768935047056e-01
4.354596074460918009e-01,3.737883283595324624e-01,-6.167127908655933854e-02,-1.850138372596780156e-01,3.195931422690589940e-01,1.345793050093809784e-01
4.344077549023625529e-01,3.737883283595324624e-01,-6.061942654283009047e-02,-1.818582796284902714e-01,3.155557631187744239e-01,1.336974834902841525e-01
4.333692721069822840e-01,3.737883283595324624e-01,-5.958094374744982158e-02,-1.787428312423494647e-01,3.115448386140806658e-01,1.328020073717312011e-01
4.323440695123392241e-01,3.737883283595324624e-01,-5.855574115280676173e-02,-1.756672234584202852e-01,3.075607783929179551e-01,1.318935549344976699e-01
4.313320562731896013e-01,3.737883283595324624e-01,-5.754372791365713891e-02,-1.726311837409714167e-01,3.036039717448868469e-01,1.309727880039154302e-01
4.303331403128403676e-01,3.737883283595324624e-01,-5.654481195330790522e-02,-1.696344358599237157e-01,2.996747881047701068e-01,1.300403522448463911e-01
4.293472283877156070e-01,3.737883283595324624e-01,-5.555890002818314466e-02,-1.666767000845494340e-01,2.957735775374281673e-01,1.290968774528787333e-01
4.283742261503361570e-01,3.737883283595324624e-01,-5.458589779080369464e-02,-1.637576933724110839e-01,2.919006712138350057e-01,1.281429778414239218e-01
4.274140382107408653e-01,3.737883283595324624e-01,-5.362570985120840295e-02,-1.608771295536252088e-01,2.880563818785875085e-01,1.271792523249622997e-01
4.264665681963780708e-01,3.737883283595324624e-01,-5.267823983684560840e-02,-1.580347195105368252e-01,2.842410043088383631e-01,1.262062847983015379e-01
4.255317188104950632e-01,3.737883283595324624e-01,-5.174339045096260081e-02,-1.552301713528878024e-01,2.804548157649022766e-01,1.252246444120144742e-01
4.246093918890532781e-01,3.737883283595324624e-01,-5.082106352952081574e-02,-1.524631905885624472e-01,2.766980764325355224e-01,1.242348858439730752e-01
4.236994884561958719e-01,3.737883283595324624e-01,-4.991116009666340947e-02,-1.497334802899902284e-01,2.729710298572218807e-01,1.232375495672316523e-01
4.228019087782952101e-01,3.737883283595324624e-01,-4.901358041876274774e-02,-1.470407412562882432e-01,2.692739033701985196e-01,1.222331621139102764e-01
4.219165524166059167e-01,3.737883283595324624e-01,-4.812822405707345430e-02,-1.443846721712203629e-01,2.656069085067880309e-01,1.212222363355676680e-01
4.210433182785501827e-01,3.737883283595324624e-01,-4.725498991901772028e-02,-1.417649697570531608e-01,2.619702414167202065e-01,1.202052716596670456e-01
4.201821046676604277e-01,3.737883283595324624e-01,-4.639377630812796527e-02,-1.391813289243838958e-01,2.583640832669265031e-01,1.191827543425426073e-01
4.193328093322049588e-01,3.737883283595324624e-01,-4.554448097267249640e-02,-1.366334429180174892e-01,2.547886006366406608e-01,1.181551577186231716e-01
4.184953295125213302e-01,3.737883283595324624e-01,-4.470700115298886779e-02,-1.341210034589666034e-01,2.512439459050885837e-01,1.171229424461219804e-01
4.176695619870823273e-01,3.737883283595324624e-01,-4.388123362754986490e-02,-1.316437008826495947e-01,2.477302576317008675e-01,1.160865567490512729e-01
4.168554031173182239e-01,3.737883283595324624e-01,-4.306707475778576155e-02,-1.292012242733572847e-01,2.442476609292310030e-01,1.150464366558737184e-01
4.160527488912196814e-01,3.737883283595324624e-01,-4.226442053168721902e-02,-1.267932615950616571e-01,2.407962678295627601e-01,1.140030062345011030e-01
4.152614949657446042e-01,3.737883283595324624e-01,-4.147316660621214179e-02,-1.244194998186364254e-01,2.373761776425231673e-01,1.129566778238867419e-01
4.144815367080519342e-01,3.737883283595324624e-01,-4.069320834851947177e-02,-1.220796250455584153e-01,2.339874773078010062e-01,1.119078522622425909e-01
4.137127692355854758e-01,3.737883283595324624e-01,-3.992444087605301339e-02,-1.197733226281590402e-01,2.306302417399375138e-01,1.108569191117784736e-01
4.129550874550301787e-01,3.737883283595324624e-01,-3.916675909549771628e-02,-1.175002772864931488e-01,2.273045341665891339e-01,1.098042568800959851e-01
4.122083861001629157e-01,3.737883283595324624e-01,-3.842005774063045331e-02,-1.152601732218913599e-01,2.240104064601788902e-01,1.087502332382875303e-01
4.114725597686194614e-01,3.737883283595324624e-01,-3.768423140908699898e-02,-1.130526942272609969e-01,2.207478994630363012e-01,1.076952052357753042e-01
4.107475029575995973e-01,3.737883283595324624e-01,-3.695917459806713490e-02,-1.108775237942014047e-01,2.175170433059592234e-01,1.066395195117578187e-01
4.100331100985308841e-01,3.737883283595324624e-01,-3.624478173899842171e-02,-1.087343452169952651e-01,2.143178577206139579e-01,1.055835125036186928e-01
4.093292755907125269e-01,3.737883283595324624e-01,-3.554094723118006449e-02,-1.066228416935401935e-01,2.111503523455071640e-01,1.045275106519669706e-01
4.086358938339593738e-01,3.737883283595324624e-01,-3.484756547442691144e-02,-1.045426964232807343e-01,2.080145270259459167e-01,1.034718306026651824e-01
4.079528592602664760e-01,3.737883283595324624e-01,-3.416453090073401366e-02,-1.024935927022020410e-01,2.049103721078693319e-01,1.024167794056672909e-01
4.072800663645141928e-01,3.737883283595324624e-01,-3.349173800498173037e-02,-1.004752140149451911e-01,2.018378687256849879e-01,1.013626547107397968e-01
4.066174097342329374e-01,3.737883283595324624e-01,-3.282908137470047505e-02,-9.848724412410142515e-02,1.987969890843765963e-01,1.003097449602751712e-01
4.059647840784477157e-01,3.737883283595324624e-01,-3.217645571891525336e-02,-9.652936715674576007e-02,1.957876967355665077e-01,9.925832957882074759e-02
4.053220842556203851e-01,3.737883283595324624e-01,-3.153375589608792273e-02,-9.460126768826376820e-02,1.928099468481991874e-01,9.820867915993541919e-02
4.046892053007090650e-01,3.737883283595324624e-01,-3.090087694117660266e-02,-9.270263082352980799e-02,1.898636864733960206e-01,9.716105564986621257e-02
4.040660424513627391e-01,3.737883283595324624e-01,-3.027771409183027673e-02,-9.083314227549083020e-02,1.869488548038977793e-01,9.611571252840694912e-02
4.034524911732692565e-01,3.737883283595324624e-01,-2.966416281373679409e-02,-8.899248844121038227e-02,1.840653834280447931e-01,9.507289498683441087e-02
4.028484471846744408e-01,3.737883283595324624e-01,-2.906011882514197842e-02,-8.718035647542593525e-02,1.812131965784447019e-01,9.403284010301876661e-02
4.022538064800899038e-01,3.737883283595324624e-01,-2.846547812055744142e-02,-8.539643436167232426e-02,1.783922113753610983e-01,9.299577701368877403e-02
4.016684653532067717e-01,3.737883283595324624e-01,-2.788013699367430931e-02,-8.364041098102292793e-02,1.756023380649396337e-01,9.196192708391670578e-02
4.010923204190320335e-01,3.737883283595324624e-01,-2.730399205949957109e-02,-8.191197617849871326e-02,1.728434802524214664e-01,9.093150407392275314e-02
4.005252686352646641e-01,3.737883283595324624e-01,-2.673694027573220167e-02,-8.021082082719660500e-02,1.701155351302108265e-01,8.990471430301422151e-02
3.999672073229276203e-01,3.737883283595324624e-01,-2.617887896339515796e-02,-7.853663689018547389e-02,1.674183937011131107e-01,8.888175681092763680e-02
3.994180341862716421e-01,3.737883283595324624e-01,-2.562970582673917974e-02,-7.688911748021753922e-02,1.647519409967934667e-01,8.786282351657592748e-02
3.988776473319673443e-01,3.737883283595324624e-01,-2.508931897243488196e-02,-7.526795691730464588e-02,1.621160562912893344e-01,8.684809937398468849e-02
3.983459452876004225e-01,3.737883283595324624e-01,-2.455761692806796015e-02,-7.367285078420388045e-02,1.595106133100765433e-01,8.583776252587266287e-02
3.978228270194861249e-01,3.737883283595324624e-01,-2.403449865995366252e-02,-7.210349597986098757e-02,1.569354804342892873e-01,8.483198445442829971e-02
3.973081919498172576e-01,3.737883283595324624e-01,-2.351986359028479523e-02,-7.055959077085438569e-02,1.543905209006601886e-01,8.383093012980580294e-02
3.968019399731613772e-01,3.737883283595324624e-01,-2.301361161362891483e-02,-6.904083484088674449e-02,1.518755929967641194e-01,8.283475815587737490e-02
3.963039714723210483e-01,3.737883283595324624e-01,-2.251564311278858588e-02,-6.754692933836575763e-02,1.493905502520986861e-01,8.184362091373292847e-02
3.958141873335720984e-01,3.737883283595324624e-01,-2.202585897403963600e-02,-6.607757692211890799e-02,1.469352416246849646e-01,8.085766470256605665e-02
3.953324889612934157e-01,3.737883283595324624e-01,-2.154416060176095327e-02,-6.463248180528285980e-02,1.445095116836048188e-01,7.987702987832195900e-02
3.948587782920025546e-01,3.737883283595324624e-01,-2.107044993247009224e-02,-6.321134979741027671e-02,1.421132007872583092e-01,7.890185098984803247e-02
3.943929578078106957e-01,3.737883283595324624e-01,-2.060462944827823328e-02,-6.181388834483469985e-02,1.397461452575576857e-01,7.793225691272298583e-02
3.939349305493101139e-01,3.737883283595324624e-01,-2.014660218977765149e-02,-6.043980656933295448e-02,1.374081775501745373e-01,7.696837098084158280e-02
3.934846001279075911e-01,3.737883283595324624e-01,-1.969627176837512872e-02,-5.908881530512538616e-02,1.350991264207568321e-01,7.601031111563144593e-02
3.930418707376166498e-01,3.737883283595324624e-01,-1.925354237808418745e-02,-5.776062713425256234e-02,1.328188170872823815e-01,7.505818995302981911e-02
3.926066471663209878e-01,3.737883283595324624e-01,-1.881831880678852542e-02,-5.645495642036557626e-02,1.305670713886986078e-01,7.411211496833303158e-02
3.921788348065221586e-01,3.737883283595324624e-01,-1.839050644698969617e-02,-5.517151934096908850e-02,1.283437079396487768e-01,7.317218859867968828e-02
3.917583396655832106e-01,3.737883283595324624e-01,-1.797001130605074826e-02,-5.391003391815224477e-02,1.261485422816843727e-01,7.223850836353212790e-02
3.913450683754806092e-01,3.737883283595324624e-01,-1.755674001594814682e-02,-5.267022004784444045e-02,1.239813870307804322e-01,7.131116698293599176e-02
3.909389282020763190e-01,3.737883283595324624e-01,-1.715059984254385661e-02,-5.145179952763156983e-02,1.218420520212870617e-01,7.039025249365549186e-02
3.905398270539213734e-01,3.737883283595324624e-01,-1.675149869438891104e-02,-5.025449608316673311e-02,1.197303444464836719e-01,6.947584836331693880e-02
3.901476734906027533e-01,3.737883283595324624e-01,-1.635934513107029087e-02,-4.907803539321087261e-02,1.176460689955860506e-01,6.856803360237517797e-02
3.897623767306443998e-01,3.737883283595324624e-01,-1.597404837111193743e-02,-4.792214511333581228e-02,1.155890279875060322e-01,6.766688287417021996e-02
3.893838466589734648e-01,3.737883283595324624e-01,-1.559551829944100243e-02,-4.678655489832300729e-02,1.135590215012804993e-01,6.677246660295749203e-02
3.890119938339627881e-01,3.737883283595324624e-01,-1.522366547443032569e-02,-4.567099642329097708e-02,1.115558475032030206e-01,6.588485107991204348e-02
3.886467294940601502e-01,3.737883283595324624e-01,-1.485840113452768785e-02,-4.457520340358306354e-02,1.095793019707913540e-01,6.500409856720829049e-02
3.882879655640142369e-01,3.737883283595324624e-01,-1.449963720448177451e-02,-4.349891161344532353e-02,1.076291790137740012e-01,6.413026740032867767e-02
3.879356146607083056e-01,3.737883283595324624e-01,-1.414728630117584318e-02,-4.244185890352752955e-02,1.057052709917793987e-01,6.326341208825186913e-02
3.875895900986112141e-01,3.737883283595324624e-01,-1.380126173907875176e-02,-4.140378521723625527e-02,1.038073686291274278e-01,6.240358341189117253e-02
3.872498058948553035e-01,3.737883283595324624e-01,-1.346147753532284108e-02,-4.038443260596852324e-02,1.019352611267732023e-01,6.155082852080467903e-02
3.869161767739515145e-01,3.737883283595324624e-01,-1.312784841441905215e-02,-3.938354524325715644e-02,1.000887362711366801e-01,6.070519102787952370e-02
3.865886181721505110e-01,3.737883283595324624e-01,-1.280028981261804866e-02,-3.840086943785414597e-02,9.826758054030104717e-02,5.986671110244690119e-02
3.862670462414597439e-01,3.737883283595324624e-01,-1.247871788192728149e-02,-3.743615364578184446e-02,9.647157920723015145e-02,5.903542556144830700e-02
3.859513778533251172e-01,3.737883283595324624e-01,-1.216304949379265476e-02,-3.648914848137796429e-02,9.470051644038801619e-02,5.821136795901005190e-02
3.856415306019863598e-01,3.737883283595324624e-01,-1.185320224245389742e-02,-3.555960672736169226e-02,9.295417540162720371e-02,5.739456867426551145e-02
3.853374228075150398e-01,3.737883283595324624e-01,-1.154909444798257745e-02,-3.464728334394773235e-02,9.123233834139599097e-02,5.658505499744825862e-02
3.850389735185434925e-01,3.737883283595324624e-01,-1.125064515901103013e-02,-3.375193547703309038e-02,8.953478669146419655e-02,5.578285121443110617e-02
3.847461025146933777e-01,3.737883283595324624e-01,-1.095777415516091535e-02,-3.287332246548274606e-02,8.786130115503443250e-02,5.498797868955168644e-02
3.844587303087121932e-01,3.737883283595324624e-01,-1.067040194917973084e-02,-3.201120584753919251e-02,8.621166179435535426e-02,5.420045594681616175e-02
3.841767781483257371e-01,3.737883283595324624e-01,-1.038844978879327474e-02,-3.116534936637982423e-02,8.458564811593682897e-02,5.342029874955700475e-02
3.839001680178142362e-01,3.737883283595324624e-01,-1.011183965828177378e-02,-3.033551897484532134e-02,8.298303915345028869e-02,5.264752017860496736e-02
3.836288226393205769e-01,3.737883283595324624e-01,-9.840494279788114529e-03,-2.952148283936434359e-02,8.140361354809777517e-02,5.188213070873343158e-02
3.833626654738978012e-01,3.737883283595324624e-01,-9.574337114365338852e-03,-2.872301134309601656e-02,7.984714962683270301e-02,5.112413828373668645e-02
3.831016207223033598e-01,3.737883283595324624e-01,-9.313292362770897448e-03,-2.793987708831269234e-02,7.831342547833242129e-02,5.037354839001972895e-02
3.828456133255479510e-01,3.737883283595324624e-01,-9.057284966015488603e-03,-2.717185489804646581e-02,7.680221902662265343e-02,4.963036412857618762e-02
3.825945689652053838e-01,3.737883283595324624e-01,-8.806240605672921440e-03,-2.641872181701876432e-02,7.531330810277014898e-02,4.889458628575138466e-02
3.823484140634914041e-01,3.737883283595324624e-01,-8.560085703958941750e-03,-2.568025711187682525e-02,7.384647051419390706e-02,4.816621340231708182e-02
3.821070757831176445e-01,3.737883283595324624e-01,-8.318747423585182155e-03,-2.495624227075554646e-02,7.240148411212787849e-02,4.744524184137233203e-02
3.818704820269280265e-01,3.737883283595324624e-01,-8.082153667395564067e-03,-2.424646100218669220e-02,7.097812685688542622e-02,4.673166585469873402e-02
3.816385614373238866e-01,3.737883283595324624e-01,-7.850233077791424208e-03,-2.355069923337427262e-02,6.957617688124195787e-02,4.602547764786768525e-02
3.814112433954845449e-01,3.737883283595324624e-01,-7.622915035952082530e-03,-2.286874510785624759e-02,6.819541255180250339e-02,4.532666744394625580e-02
3.811884580203895867e-01,3.737883283595324624e-01,-7.400129660857124314e-03,-2.220038898257137294e-02,6.683561252848746470e-02,4.463522354591609176e-02
3.809701361676492426e-01,3.737883283595324624e-01,-7.181807808116780212e-03,-2.154542342435034064e-02,6.549655582210323068e-02,4.395113239775289005e-02
3.807562094281486398e-01,3.737883283595324624e-01,-6.967881068616177398e-03,-2.090364320584853219e-02,6.417802185018084415e-02,4.327437864433231196e-02
3.805466101265124745e-01,3.737883283595324624e-01,-6.758281766980012151e-03,-2.027484530094003645e-02,6.287979049084957417e-02,4.260494518990953772e-02
3.803412713193953243e-01,3.737883283595324624e-01,-6.552942959862861905e-03,-1.965882887958858571e-02,6.160164213514507381e-02,4.194281325555648809e-02
3.801401267936037054e-01,3.737883283595324624e-01,-6.351798434071243005e-03,-1.905539530221372901e-02,6.034335773748567000e-02,4.128796243527194099e-02
3.799431110640555942e-01,3.737883283595324624e-01,-6.154782704523131809e-03,-1.846434811356939543e-02,5.910471886443335876e-02,4.064037075086396333e-02
3.797501593715825741e-01,3.737883283595324624e-01,-5.961831012050111678e-03,-1.788549303615033503e-02,5.788550774190603931e-02,4.000001470575570428e-02
3.795612076805801594e-01,3.737883283595324624e-01,-5.772879321047696966e-03,-1.731863796314309090e-02,5.668550730072441368e-02,3.936686933758132279e-02
3.793761926765115144e-01,3.737883283595324624e-01,-5.587864316979052060e-03,-1.676359295093715618e-02,5.550450122059347180e-02,3.874090826965631562e-02
3.791950517632697859e-01,3.737883283595324624e-01,-5.406723403737323519e-03,-1.622017021121197056e-02,5.434227397251856218e-02,3.812210376130659162e-02
3.790177230604042102e-01,3.737883283595324624e-01,-5.229394700871747848e-03,-1.568818410261524354e-02,5.319861085967270142e-02,3.751042675705745788e-02
3.788441454002143272e-01,3.737883283595324624e-01,-5.055817040681864771e-03,-1.516745112204559431e-02,5.207329805696492286e-02,3.690584693491932855e-02
3.786742583247179605e-01,3.737883283595324624e-01,-4.885929965185498158e-03,-1.465778989555649447e-02,5.096612264890998389e-02,3.630833275335348942e-02
3.785080020824969083e-01,3.737883283595324624e-01,-4.719673722964445872e-03,-1.415902116889333762e-02,4.987687266631568583e-02,3.571785149742234822e-02
3.783453176254256145e-01,3.737883283595324624e-01,-4.556989265893152119e-03,-1.367096779767945636e-02,4.880533712138812596e-02,3.513436932370866961e-02
3.781861466052867105e-01,3.737883283595324624e-01,-4.397818245754248068e-03,-1.319345473726274420e-02,4.775130604167121540e-02,3.455785130440847119e-02
3.780304313702782526e-01,3.737883283595324624e-01,-4.242103010745790215e-03,-1.272630903223737064e-02,4.671457050253735588e-02,3.398826147029998523e-02
3.778781149614168222e-01,3.737883283595324624e-01,-4.089786601884359829e-03,-1.226935980565307949e-02,4.569492265842911571e-02,3.342556285277603623e-02
3.777291411088406492e-01,3.737883283595324624e-01,-3.940812749308186813e-03,-1.182243824792456044e-02,4.469215577285190477e-02,3.286971752492734433e-02
3.775834542280169792e-01,3.737883283595324624e-01,-3.795125868484516829e-03,-1.138537760545355049e-02,4.370606424710099525e-02,3.232068664164744476e-02
3.774409994158574588e-01,3.737883283595324624e-01,-3.652671056324996446e-03,-1.095801316897498934e-02,4.273644364785611494e-02,3.177843047888112560e-02
3.773017224467458131e-01,3.737883283595324624e-01,-3.513394087213350669e-03,-1.054018226164005201e-02,4.178309073349373293e-02,3.124290847185368092e-02
3.771655697684813680e-01,3.737883283595324624e-01,-3.377241408948905566e-03,-1.013172422684671670e-02,4.084580347933353117e-02,3.071407925248681448e-02
3.770324884981421931e-01,3.737883283595324624e-01,-3.244160138609730737e-03,-9.732480415829192211e-03,3.992438110175244859e-02,3.019190068592325638e-02
3.769024264178715833e-01,3.737883283595324624e-01,-3.114098058339120900e-03,-9.342294175017362701e-03,3.901862408118295100e-02,2.967632990616558830e-02
3.767753319705915982e-01,3.737883283595324624e-01,-2.987003611059135810e-03,-8.961010833177407431e-03,3.812833418399552698e-02,2.916732335081811955e-02
3.766511542556467140e-01,3.737883283595324624e-01,-2.862825896114251645e-03,-8.588477688342754934e-03,3.725331448346524965e-02,2.866483679512249472e-02
3.765298430243813055e-01,3.737883283595324624e-01,-2.741514664848843097e-03,-8.224543994546529291e-03,3.639336937962256435e-02,2.816882538507603506e-02
3.764113486756544003e-01,3.737883283595324624e-01,-2.623020316121937867e-03,-7.869060948365813601e-03,3.554830461807156894e-02,2.767924366970575534e-02
3.762956222512944815e-01,3.737883283595324624e-01,-2.507293891762019111e-03,-7.521881675286057334e-03,3.471792730797562676e-02,2.719604563268956943e-02
3.761826154314978354e-01,3.737883283595324624e-01,-2.394287071965373048e-03,-7.182861215896119145e-03,3.390204593899381891e-02,2.671918472309769976e-02
3.760722805301734972e-01,3.737883283595324624e-01,-2.283952170641034840e-03,-6.851856511923104520e-03,3.310047039730146246e-02,2.624861388537835793e-02
3.759645704902376817e-01,3.737883283595324624e-01,-2.176242130705219324e-03,-6.528726392115657973e-03,3.231301198074465475e-02,2.578428558862899678e-02
3.758594388788607521e-01,3.737883283595324624e-01,-2.071110519328289712e-03,-6.213331557984869136e-03,3.153948341307888370e-02,2.532615185509401456e-02
3.757568398826693357e-01,3.737883283595324624e-01,-1.968511523136873276e-03,-5.905534569410619827e-03,3.077969885742493084e-02,2.487416428801431101e-02
3.756567283029066950e-01,3.737883283595324624e-01,-1.868399943374232652e-03,-5.605199830122697957e-03,3.003347392879218702e-02,2.442827409866948907e-02
3.755590595505539642e-01,3.737883283595324624e-01,-1.770731191021501783e-03,-5.312193573064505348e-03,2.930062570581926096e-02,2.398843213275475561e-02
3.754637896414144693e-01,3.737883283595324624e-01,-1.675461281882006936e-03,-5.026383845646020809e-03,2.858097274184845382e-02,2.355458889620243301e-02
3.753708751911646324e-01,3.737883283595324624e-01,-1.582546831632170026e-03,-4.747640494896510077e-03,2.787433507495107321e-02,2.312669458005456313e-02
3.752802734103727889e-01,3.737883283595324624e-01,-1.491945050840326470e-03,-4.475835152520979410e-03,2.718053423755306675e-02,2.270469908503208734e-02
3.751919420994894172e-01,3.737883283595324624e-01,-1.403613739956954820e-03,-4.210841219870864460e-03,2.649939326501149495e-02,2.228855204514063049e-02
3.751058396438105569e-01,3.737883283595324624e-01,-1.317511284278094497e-03,-3.952533852834283490e-03,2.583073670365809704e-02,2.187820285082381355e-02
3.750219250084168010e-01,3.737883283595324624e-01,-1.233596648884338620e-03,-3.700789946653015861e-03,2.517439061812676293e-02,2.147360067147374707e-02
3.749401577330901958e-01,3.737883283595324624e-01,-1.151829373557733405e-03,-3.455488120673200214e-03,2.453018259798156464e-02,2.107469447730836443e-02
3.748604979272113225e-01,3.737883283595324624e-01,-1.072169567678860069e-03,-3.216508703036580208e-03,2.389794176366200062e-02,2.068143306062542042e-02
3.747829062646385045e-01,3.737883283595324624e-01,-9.945779051060421594e-04,-2.983733715318126478e-03,2.327749877184537297e-02,2.029376505652724649e-02
3.747073439785713611e-01,3.737883283595324624e-01,-9.190156190388987234e-04,-2.757046857116696170e-03,2.266868582014303080e-02,1.991163896302633463e-02
3.746337728564004821e-01,3.737883283595324624e-01,-8.454444968680197015e-04,-2.536333490604059104e-03,2.207133665126370659e-02,1.953500316065964748e-02
3.745621552345456684e-01,3.737883283595324624e-01,-7.738268750132060170e-04,-2.321480625039618051e-03,2.148528655644410534e-02,1.916380593140448729e-02
3.744924539932840135e-01,3.737883283595324624e-01,-7.041256337515511277e-04,-2.112376901254653383e-03,2.091037237849646679e-02,1.879799547724181341e-02
3.744246325515701024e-01,3.737883283595324624e-01,-6.363041920376399929e-04,-1.908912576112919979e-03,2.034643251417334042e-02,1.843751993806042044e-02
3.743586548618499932e-01,3.737883283595324624e-01,-5.703265023175307924e-04,-1.710979506952592377e-03,1.979330691603276016e-02,1.808232740908016778e-02
3.742944854048707581e-01,3.737883283595324624e-01,-5.061570453382957524e-04,-1.518471136014887257e-03,1.925083709377051200e-02,1.773236595775562474e-02
3.742320891844873043e-01,3.737883283595324624e-01,-4.437608249548419259e-04,-1.331282474864525778e-03,1.871886611503614795e-02,1.738758364017162217e-02
3.741714317224678621e-01,3.737883283595324624e-01,-3.831033629353997050e-04,-1.149310088806199115e-03,1.819723860583266628e-02,1.704792851702646717e-02
3.741124790533001399e-01,3.737883283595324624e-01,-3.241506937676774669e-04,-9.724520813030324007e-04,1.768580075031667143e-02,1.671334866901363903e-02
3.740551977189993105e-01,3.737883283595324624e-01,-2.668693594668480884e-04,-8.006080784005442652e-04,1.718440029024881355e-02,1.638379221184826928e-02
3.739995547639196616e-01,3.737883283595324624e-01,-2.112264043871991959e-04,-6.336792131615975876e-04,1.669288652389466776e-02,1.605920731073307017e-02
3.739455177295710753e-01,3.737883283595324624e-01,-1.571893700386128856e-04,-4.715681101158386568e-04,1.621111030457589308e-02,1.573954219446005443e-02
3.738930546494419471e-01,3.737883283595324624e-01,-1.047262899094847377e-04,-3.141788697284542131e-04,1.573892403873844437e-02,1.542474516900999015e-02
3.738421340438297102e-01,3.737883283595324624e-01,-5.380568429724785773e-05,-1.614170528917435732e-04,1.527618168367106399e-02,1.511476463077932042e-02
3.737927249146805742e-01,3.737883283595324624e-01,-4.396555148111769284e-06,-1.318966544433530785e-05,1.482273874474082653e-02,1.480954907929649123e-02
3.737447967404393667e-01,3.737883283595324624e-01,4.353161909309566369e-05,1.305948572792869911e-04,1.437845227236222989e-02,1.450904712964151688e-02
3.736983194709111444e-01,3.737883283595324624e-01,9.000888862131795065e-05,2.700266658639538520e-04,1.394318085846668609e-02,1.421320752433063994e-02
3.736532635221353482e-01,3.737883283595324624e-01,1.350648373971141680e-04,4.051945121913425041e-04,1.351678463273886521e-02,1.392197914493020772e-02
3.736095997712740036e-01,3.737883283595324624e-01,1.787285882584588315e-04,5.361857647753764944e-04,1.309912525840339903e-02,1.363531102317877552e-02
3.735672995515150197e-01,3.737883283595324624e-01,2.210288080174427350e-04,6.630864240523282049e-04,1.269006592769517106e-02,1.335315235174749926e-02
3.735263346469911983e-01,3.737883283595324624e-01,2.619937125412641343e-04,7.859811376237924030e-04,1.228947135714641981e-02,1.307545249477021221e-02
3.734866772877168395e-01,3.737883283595324624e-01,3.016510718156228954e-04,9.049532154468686862e-04,1.189720778230762832e-02,1.280216099775449701e-02
3.734483001445422778e-01,3.737883283595324624e-01,3.400282149901845408e-04,1.020084644970553622e-03,1.151314295236849361e-02,1.253322759733904723e-02
3.734111763241274584e-01,3.737883283595324624e-01,3.771520354050039714e-04,1.131456106215011914e-03,1.113714612444582919e-02,1.226860223066084110e-02
3.733752793639356637e-01,3.737883283595324624e-01,4.130489955967986404e-04,1.239146986790395921e-03,1.076908805753840070e-02,1.200823504432879663e-02
3.733405832272483349e-01,3.737883283595324624e-01,4.477451322841274894e-04,1.343235396852382468e-03,1.040884100619865471e-02,1.175207640305103718e-02
3.733070622982013198e-01,3.737883283595324624e-01,4.812660613311425806e-04,1.443798183993427742e-03,1.005627871410452734e-02,1.150007689809795508e-02
3.732746913768441033e-01,3.737883283595324624e-01,5.136369826883591116e-04,1.540910948065077335e-03,9.711276407164959323e-03,1.125218735523003666e-02
3.732434456742224071e-01,3.737883283595324624e-01,5.448826853100552370e-04,1.634648055930165711e-03,9.373710786508837600e-03,1.100835884243900331e-02
3.732133008074849378e-01,3.737883283595324624e-01,5.750275520475245372e-04,1.725082656142573612e-03,9.043460021240790070e-03,1.076854267738336368e-02
3.731842327950152249e-01,3.737883283595324624e-01,6.040955645172374489e-04,1.812286693551712347e-03,8.720403740913873492e-03,1.053269043446558584e-02
3.731562180515889393e-01,3.737883283595324624e-01,6.321103079435230754e-04,1.896330923830569226e-03,8.404423027885687958e-03,1.030075395171625718e-02
3.731292333835578567e-01,3.737883283595324624e-01,6.590949759746056458e-04,1.977284927923816937e-03,8.095400409324771118e-03,1.007268533724858806e-02
3.731032559840604668e-01,3.737883283595324624e-01,6.850723754719956204e-04,2.055217126415986861e-03,7.793219849216992401e-03,9.848436975632979262e-03
3.730782634282606702e-01,3.737883283595324624e-01,7.100649312717921546e-04,2.130194793815376464e-03,7.497766739938960256e-03,9.627961533754336720e-03
3.730542336686142324e-01,3.737883283595324624e-01,7.340946909182299862e-04,2.202284072754689959e-03,7.208927893931349473e-03,9.411211966686039432e-03
3.730311450301644904e-01,3.737883283595324624e-01,7.571833293679719468e-04,2.271549988103915840e-03,6.926591534922588167e-03,9.198141523026504007e-03
3.730089762058670377e-01,3.737883283595324624e-01,7.793521536654246518e-04,2.338056460996273955e-03,6.650647289235811499e-03,8.988703750232085454e-03
3.729877062519446063e-01,3.737883283595324624e-01,8.006221075878561244e-04,2.401866322763568373e-03,6.380986176729441794e-03,8.782852499493010168e-03
3.729673145832720915e-01,3.737883283595324624e-01,8.210137762603708644e-04,2.463041328781112593e-03,6.117500601754422007e-03,8.580541930535534600e-03
3.729477809687926637e-01,3.737883283595324624e-01,8.405473907397986721e-04,2.521642172219396016e-03,5.860084343828342313e-03,8.381726516047738329e-03
3.729290855269648541e-01,3.737883283595324624e-01,8.592428325676082501e-04,2.577728497702824750e-03,5.608632548342873392e-03,8.186361046045698142e-03
3.729112087212416160e-01,3.737883283595324624e-01,8.771196382908463818e-04,2.631358914872539145e-03,5.363041716971439499e-03,7.994400631843978644e-03
3.728941313555815817e-01,3.737883283595324624e-01,8.941970039508806423e-04,2.682591011852641927e-03,5.123209698010278146e-03,7.805800709862920073e-03
3.728778345699925167e-01,3.737883283595324624e-01,9.104937895399456416e-04,2.731481368619836925e-03,4.889035676719499790e-03,7.620517045339336715e-03
3.728622998361079688e-01,3.737883283595324624e-01,9.260285234244935992e-04,2.778085570273480798e-03,4.660420165364387302e-03,7.438505735637868099e-03
3.728475089527970021e-01,3.737883283595324624e-01,9.408194067354602730e-04,2.822458220206380819e-03,4.437264993290002124e-03,7.259723213496382943e-03
3.728334440418074047e-01,3.737883283595324624e-01,9.548843177250576630e-04,2.864652953175172989e-03,4.219473296879217017e-03,7.084126250054390006e-03
3.728200875434428130e-01,3.737883283595324624e-01,9.682408160896494032e-04,2.904722448268948209e-03,4.006949509377522034e-03,6.911671957646470243e-03
3.728074222122739756e-01,3.737883283595324624e-01,9.809061472584867936e-04,2.942718441775460381e-03,3.799599350651217122e-03,6.742317792426677503e-03
3.727954311128843790e-01,3.737883283595324624e-01,9.928972466480834314e-04,2.978691739944250294e-03,3.597329816878991338e-03,6.576021556823241632e-03
3.727840976156504560e-01,3.737883283595324624e-01,1.004230743882006394e-03,3.012692231646019181e-03,3.400049170176888680e-03,6.412741401822907861e-03
3.727734053925567115e-01,3.737883283595324624e-01,1.014922966975750906e-03,3.044768900927252719e-03,3.207666928123353856e-03,6.252435829050606575e-03
3.727633384130458749e-01,3.737883283595324624e-01,1.024989946486587478e-03,3.074969839459762433e-03,3.020093853250971350e-03,6.095063692710733783e-03
3.727538809399043029e-01,3.737883283595324624e-01,1.034447419628159448e-03,3.103342258884478344e-03,2.837241942471591116e-03,5.940584201356069460e-03
3.727450175251828535e-01,3.737883283595324624e-01,1.043310834349608918e-03,3.129932503048826753e-03,2.659024416434840887e-03,5.788956919483667640e-03
3.727367330061533979e-01,3.737883283595324624e-01,1.051595353379064512e-03,3.154786060137193537e-03,2.485355708836678446e-03,5.640141768973871983e-03
3.727290125013008049e-01,3.737883283595324624e-01,1.059315858231657526e-03,3.177947574694972577e-03,2.316151455777903934e-03,5.494099030472876510e-03
3.727218414063512841e-01,3.737883283595324624e-01,1.066486953181178254e-03,3.199460859543534763e-03,2.151328484856218637e-03,5.350789344399753400e-03
3.727152053903362017e-01,3.737883283595324624e-01,1.073122969196260712e-03,3.219368907588782136e-03,1.990804804524737293e-03,5.210173712113519429e-03
3.727090903916923104e-01,3.737883283595324624e-01,1.079237967840152024e-03,3.237713903520456071e-03,1.834499593167393527e-03,5.072213496687849599e-03
3.727034826143981183e-01,3.737883283595324624e-01,1.084845745134344064e-03,3.254537235403032192e-03,1.682333188257612022e-03,4.936870423660644214e-03
3.726983685241462840e-01,3.737883283595324624e-01,1.089959835386178355e-03,3.269879506158535065e-03,1.534227075550287367e-03,4.804106581708822432e-03
3.726937348445525933e-01,3.737883283595324624e-01,1.094593514979869120e-03,3.283780544939607360e-03,1.390103878107229463e-03,4.673884423046836822e-03
3.726895685534012403e-01,3.737883283595324624e-01,1.098759806131222039e-03,3.296279418393666116e-03,1.249887345405875649e-03,4.546166763799541766e-03
3.726858568789262471e-01,3.737883283595324624e-01,1.102471480606215248e-03,3.307414441818645745e-03,1.113502342497962871e-03,4.420916784316608616e-03
3.726825872961296859e-01,3.737883283595324624e-01,1.105741063402776447e-03,3.317223190208329342e-03,9.808748389683596969e-04,4.298098029176689039e-03
3.726797475231360401e-01,3.737883283595324624e-01,1.108580836396422242e-03,3.325742509189266727e-03,8.519318980937384822e-04,4.177674407283005209e-03
3.726773255175831467e-01,3.737883283595324624e-01,1.111002841949315645e-03,3.333008525847946935e-03,7.266016658680207740e-04,4.059610191715967709e-03
3.726753094730493876e-01,3.737883283595324624e-01,1.113018886483074787e-03,3.339056659449224362e-03,6.048133601277427829e-04,3.943870019576967145e-03
3.726736878155176291e-01,3.737883283595324624e-01,1.114640544014833257e-03,3.343921632044499770e-03,4.864972595275407485e-04,3.830418891572040518e-03
3.726724491998750222e-01,3.737883283595324624e-01,1.115879159657440223e-03,3.347637478972320668e-03,3.715846927820898316e-04,3.719222171754410500e-03
3.726715825064495502e-01,3.737883283595324624e-01,1.116745853082912188e-03,3.350237559248736563e-03,2.600080276415894787e-04,3.610245586890326042e-03
3.726710768375827709e-01,3.737883283595324624e-01,1.117251521949691462e-03,3.351754565849074385e-03,1.517006600337822420e-04,3.503455225882856627e-03
3.726709215142385845e-01,3.737883283595324624e-01,1.117406845293877904e-03,3.352220535881633712e-03,4.659700325593263415e-05,3.398817539137566346e-03
3.726711060726483060e-01,3.737883283595324624e-01,1.117222286884156368e-03,3.351666860652469104e-03,-5.536752291646074298e-05,3.296299337736008361e-03
3.726716202609918205e-01,3.737883283595324624e-01,1.116708098540641902e-03,3.350124295621925707e-03,-1.542565030543396887e-04,3.195867792567586019e-03
3.726724540361145976e-01,3.737883283595324624e-01,1.115874323417864744e-03,3.347622970253594232e-03,-2.501325368331475119e-04,3.097490433420446720e-03
3.726735975602807338e-01,3.737883283595324624e-01,1.114730799251728577e-03,3.344192397755185731e-03,-3.430572498408501758e-04,3.001135147914335555e-03
3.726750411979616318e-01,3.737883283595324624e-01,1.113287161570830630e-03,3.339861484712491890e-03,-4.330913042693840254e-04,2.906770180443107865e-03
3.726767755126605963e-01,3.737883283595324624e-01,1.111552846871866063e-03,3.334658540615598188e-03,-5.202944096893702408e-04,2.814364130926227947e-03
3.726787912637726241e-01,3.737883283595324624e-01,1.109537095759838277e-03,3.328611287279514830e-03,-6.047253336083358022e-04,2.723885953671179028e-03
3.726810794034800534e-01,3.737883283595324624e-01,1.107248956052409028e-03,3.321746868157227084e-03,-6.864419122287745978e-04,2.635304955928452486e-03
3.726836310736830749e-01,3.737883283595324624e-01,1.104697285849387534e-03,3.314091857548162601e-03,-7.655010609064483162e-04,2.548590796641714284e-03
3.726864376029657144e-01,3.737883283595324624e-01,1.101890756566747953e-03,3.305672269700243859e-03,-8.419587847918741375e-04,2.463713484908369722e-03
3.726894905035968986e-01,3.737883283595324624e-01,1.098837855935563823e-03,3.296513567806691469e-03,-9.158701893552390061e-04,2.380643378451452463e-03
3.726927814685658813e-01,3.737883283595324624e-01,1.095546890966581088e-03,3.286640672899743265e-03,-9.872894906948204152e-04,2.299351182204922850e-03
3.726963023686530874e-01,3.737883283595324624e-01,1.092025990879375019e-03,3.276077972638125058e-03,-1.056270026161820752e-03,2.219807946476304306e-03
3.727000452495349836e-01,3.737883283595324624e-01,1.088283109997478793e-03,3.264849329992436378e-03,-1.122864264568868009e-03,2.141985065423568368e-03
3.727040023289234227e-01,3.737883283595324624e-01,1.084326030609039648e-03,3.252978091827118945e-03,-1.187123816531743259e-03,2.065854275295375686e-03
3.727081659937393487e-01,3.737883283595324624e-01,1.080162365793113644e-03,3.240487097379340931e-03,-1.249099444777801438e-03,1.991387652601539493e-03
3.727125287973205303e-01,3.737883283595324624e-01,1.075799562211932070e-03,3.227398686635796210e-03,-1.308841074354472056e-03,1.918557612281324154e-03
3.727170834566629343e-01,3.737883283595324624e-01,1.071244902869528115e-03,3.213734708608584345e-03,-1.366397802721186494e-03,1.847336905887397851e-03
3.727218228496959607e-01,3.737883283595324624e-01,1.066505509836501719e-03,3.199516529509505158e-03,-1.421817909907918676e-03,1.777698619601586483e-03
3.727267400125909291e-01,3.737883283595324624e-01,1.061588346941533256e-03,3.184765040824599769e-03,-1.475148868490538945e-03,1.709616172334060824e-03
3.727318281371031494e-01,3.737883283595324624e-01,1.056500222429312963e-03,3.169500667287938889e-03,-1.526437353666088015e-03,1.643063313621850874e-03
3.727370805679467436e-01,3.737883283595324624e-01,1.051247791585718794e-03,3.153743374757156381e-03,-1.575729253078250736e-03,1.578014121678905646e-03
3.727424908002024972e-01,3.737883283595324624e-01,1.045837559329965138e-03,3.137512677989895415e-03,-1.623069676726096588e-03,1.514443001263798827e-03
3.727480524767583514e-01,3.737883283595324624e-01,1.040275882774110983e-03,3.120827648322332948e-03,-1.668502966756246764e-03,1.452324681566086184e-03
3.727537593857823683e-01,3.737883283595324624e-01,1.034568973750094045e-03,3.103706921250282136e-03,-1.712072707205081201e-03,1.391634214045200935e-03
3.727596054582277829e-01,3.737883283595324624e-01,1.028722901304679471e-03,3.086168703914038414e-03,-1.753821733624372214e-03,1.332346970289666199e-03
3.727655847653702503e-01,3.737883283595324624e-01,1.022743594162212055e-03,3.068230782486636166e-03,-1.793792142740224804e-03,1.274438639746411361e-03
3.727716915163766798e-01,3.737883283595324624e-01,1.016636843155782621e-03,3.049910529467347864e-03,-1.832025301928830174e-03,1.217885227538517690e-03
3.727779200559058759e-01,3.737883283595324624e-01,1.010408303626586513e-03,3.031224910879759538e-03,-1.868561858758832628e-03,1.162663052120926910e-03
3.727842648617402666e-01,3.737883283595324624e-01,1.004063497792195836e-03,3.012190493376587508e-03,-1.903441750317202974e-03,1.108748743059384534e-03
3.727907205424489945e-01,3.737883283595324624e-01,9.976078170834679071e-04,2.992823451250403721e-03,-1.936704212618378662e-03,1.056119238632025059e-03
3.727972818350815398e-01,7.950976352049485829e-01,4.223003533698670431e-01,1.266901060109601129e+00,0.000000000000000000e+00,1.266901060109601129e+00
3.729305332337250478e-01,7.950976352049485829e-01,4.221671019712235351e-01,1.266501305913670716e+00,-3.997541959305239700e-02,1.226525886320618319e+00
3.731864372210006442e-01,7.950976352049485829e-01,4.219111979839479387e-01,1.265733593951843705e+00,-7.677119618267891354e-02,1.188962397769164792e+00
3.735612374480531406e-01,7.950976352049485829e-01,4.215363977568954423e-01,1.264609193270686216e+00,-1.124400681157489146e-01,1.152169125154937301e+00
3.740512545876211181e-01,7.950976352049485829e-01,4.210463806173274648e-01,1.263139141851982394e+00,-1.470051418703932633e-01,1.116133999981589131e+00
3.746528851271872518e-01,7.950976352049485829e-01,4.204447500777613311e-01,1.261334250233284049e+00,-1.804891618698400979e-01,1.080845088363443951e+00
3.753626001755897557e-01,7.950976352049485829e-01,4.197350350293588273e-01,1.259205105088076593e+00,-2.129145145207511636e-01,1.046290590567325429e+00
3.761769442830489862e-01,7.950976352049485829e-01,4.189206909218995967e-01,1.256762072765698735e+00,-2.443032322377691745e-01,1.012458840527929560e+00
3.770925342745610198e-01,7.950976352049485829e-01,4.180051009303875631e-01,1.254015302791162689e+00,-2.746769974536100722e-01,9.793383053375526170e-01
3.781060580966068008e-01,7.950976352049485829e-01,4.169915771083417821e-01,1.250974731325025235e+00,-3.040571466137342860e-01,9.469175847112909494e-01
3.792142736771237366e-01,7.950976352049485829e-01,4.158833615278248463e-01,1.247650084583474595e+00,-3.324646741550807416e-01,9.151854104283938529e-01
3.804140077986835067e-01,7.950976352049485829e-01,4.146836274062650762e-01,1.244050882218795229e+00,-3.599202364679310318e-01,8.841306457508641969e-01
3.817021549848183537e-01,7.950976352049485829e-01,4.133954802201302292e-01,1.240186440660390632e+00,-3.864441558404541066e-01,8.537422848199365255e-01
3.830756763994351832e-01,7.950976352049485829e-01,4.120219588055133997e-01,1.236065876416540199e+00,-4.120564243850488584e-01,8.240094520314913407e-01
3.845315987592551887e-01,7.950976352049485829e-01,4.105660364456933942e-01,1.231698109337080238e+00,-4.367767079460016522e-01,7.949214013910785859e-01
3.860670132592142756e-01,7.950976352049485829e-01,4.090306219457343073e-01,1.227091865837202977e+00,-4.606243499877260561e-01,7.664675158494769214e-01
3.876790745107583369e-01,7.950976352049485829e-01,4.074185606941902460e-01,1.222255682082570738e+00,-4.836183754632183973e-01,7.386373066193523407e-01
3.893649994929643254e-01,7.950976352049485829e-01,4.057326357119842575e-01,1.217197907135952661e+00,-5.057774946617965561e-01,7.114204124741561053e-01
3.911220665164177324e-01,7.950976352049485829e-01,4.039755686885308505e-01,1.211926706065592496e+00,-5.271201070360220786e-01,6.848065990295704175e-01
3.929476141997740868e-01,7.950976352049485829e-01,4.021500210051744961e-01,1.206450063015523488e+00,-5.476643050069063268e-01,6.587857580086171616e-01
3.948390404589313118e-01,7.950976352049485829e-01,4.002585947460172711e-01,1.200775784238051758e+00,-5.674278777471675195e-01,6.333479064908842382e-01
3.967938015087376091e-01,7.950976352049485829e-01,3.983038336962109738e-01,1.194911501088632866e+00,-5.864283149418891838e-01,6.084831861467436820e-01
3.988094108771585988e-01,7.950976352049485829e-01,3.962882243277899841e-01,1.188864672983370063e+00,-6.046828105262969100e-01,5.841818624570731533e-01
4.008834384318252786e-01,7.950976352049485829e-01,3.942141967731233043e-01,1.182642590319369802e+00,-6.222082664000039287e-01,5.604343239193658732e-01
4.030135094188839195e-01,7.950976352049485829e-01,3.920841257860646634e-01,1.176252377358193879e+00,-6.390212961175922857e-01,5.372310812406015934e-01
4.051973035140665758e-01,7.950976352049485829e-01,3.899003316908820072e-01,1.169700995072646021e+00,-6.551382285547968642e-01,5.145627665178491572e-01
4.074325538859010498e-01,7.950976352049485829e-01,3.876650813190475331e-01,1.162995243957142488e+00,-6.705751115503422177e-01,4.924201324068002705e-01
4.097170462709762151e-01,7.950976352049485829e-01,3.853805889339723678e-01,1.156141766801917159e+00,-6.853477155225495832e-01,4.707940512793675758e-01
4.120486180611793170e-01,7.950976352049485829e-01,3.830490171437692659e-01,1.149147051431307798e+00,-6.994715370609305705e-01,4.496755143703772273e-01
4.144251574028194329e-01,7.950976352049485829e-01,3.806724778021291500e-01,1.142017433406387505e+00,-7.129618024920347796e-01,4.290556309143527258e-01
4.168446023075509932e-01,7.950976352049485829e-01,3.782530328973975897e-01,1.134759098692192714e+00,-7.258334714194680792e-01,4.089256272727246344e-01
4.193049397750098217e-01,7.950976352049485829e-01,3.757926954299387612e-01,1.127378086289816395e+00,-7.381012402376485593e-01,3.892768460521678353e-01
4.218042049270738780e-01,7.950976352049485829e-01,3.732934302778747049e-01,1.119880290833624059e+00,-7.497795456192168917e-01,3.701007452144071674e-01
4.243404801536593829e-01,7.950976352049485829e-01,3.707571550512892000e-01,1.112271465153867656e+00,-7.608825679756514582e-01,3.513888971782161974e-01
4.269118942699626773e-01,7.950976352049485829e-01,3.681857409349859056e-01,1.104557222804957828e+00,-7.714242348909883251e-01,3.331329879139695027e-01
4.295166216850573870e-01,7.950976352049485829e-01,3.655810135198911959e-01,1.096743040559673643e+00,-7.814182245284129191e-01,3.153248160312607240e-01
4.321528815817551883e-01,7.950976352049485829e-01,3.629447536231933946e-01,1.088834260869580239e+00,-7.908779690093403758e-01,2.979562918602398636e-01
4.348189371076390253e-01,7.950976352049485829e-01,3.602786980973095576e-01,1.080836094291928617e+00,-7.998166577651510956e-01,2.810194365267775218e-01
4.375130945771755764e-01,7.950976352049485829e-01,3.575845406277730065e-01,1.072753621883319131e+00,-8.082472408609653325e-01,2.645063810223537981e-01
4.402337026848143209e-01,7.950976352049485829e-01,3.548639325201342620e-01,1.064591797560402675e+00,-8.161824322916233498e-01,2.484093652687793252e-01
4.429791517289799474e-01,7.950976352049485829e-01,3.521184834759686355e-01,1.056355450427906018e+00,-8.236347132496879553e-01,2.327207371782180623e-01
4.457478728468634022e-01,7.950976352049485829e-01,3.493497623580851807e-01,1.048049287074255487e+00,-8.306163353650364289e-01,2.174329517092190578e-01
4.485383372599177632e-01,7.950976352049485829e-01,3.465592979450308198e-01,1.039677893835092348e+00,-8.371393239163082978e-01,2.025385699187840505e-01
4.513490555299640161e-01,7.950976352049485829e-01,3.437485796749845668e-01,1.031245739024953645e+00,-8.432154810138758894e-01,1.880302580110777555e-01
4.541785768258113642e-01,7.950976352049485829e-01,3.409190583791372187e-01,1.022757175137411600e+00,-8.488563887542044384e-01,1.739007863832071621e-01
4.570254882002970365e-01,7.950976352049485829e-01,3.380721470046515464e-01,1.014216441013954695e+00,-8.540734123457016658e-01,1.601430286682530291e-01
4.598884138776495600e-01,7.950976352049485829e-01,3.352092213272990229e-01,1.005627663981897069e+00,-8.588777032057570704e-01,1.467499607761399982e-01
4.627660145510796852e-01,7.950976352049485829e-01,3.323316206538688977e-01,9.969948619616066932e-01,-8.632802020290375467e-01,1.337146599325691465e-01
4.656569866905030941e-01,7.950976352049485829e-01,3.294406485144454888e-01,9.883219455433365219e-01,-8.672916418270226746e-01,1.210303037163138473e-01
4.685600618602981382e-01,7.950976352049485829e-01,3.265375733446504447e-01,9.796127200339512786e-01,-8.709225509385132291e-01,1.086901690954380495e-01
4.714740060470026806e-01,7.950976352049485829e-01,3.236236291579459023e-01,9.708708874738376515e-01,-8.741832560113627082e-01,9.668763146247494333e-02
4.743976189968535095e-01,7.950976352049485829e-01,3.207000162080950734e-01,9.621000486242852201e-01,-8.770838849552486938e-01,8.501616366903652633e-02
4.773297335630712346e-01,7.950976352049485829e-01,3.177679016418773483e-01,9.533037049256321005e-01,-8.796343698653175114e-01,7.366933506031458911e-02
4.802692150627949630e-01,7.950976352049485829e-01,3.148284201421536199e-01,9.444852604264608598e-01,-8.818444499171185225e-01,6.264081050934233730e-02
4.832149606435696687e-01,7.950976352049485829e-01,3.118826745613789142e-01,9.356480236841366871e-01,-8.837236742324117156e-01,5.192434945172497152e-02
4.861658986592894971e-01,7.950976352049485829e-01,3.089317365456590858e-01,9.267952096369772574e-01,-8.852814047159485167e-01,4.151380492102874076e-02
4.891209880555014711e-01,7.950976352049485829e-01,3.059766471494471118e-01,9.179299414483412800e-01,-8.865268188635921920e-01,3.140312258474908802e-02
4.920792177639718989e-01,7.950976352049485829e-01,3.030184174409766840e-01,9.090552523229300519e-01,-8.874689125411283630e-01,2.158633978180168889e-02
4.950396061064205044e-01,7.950976352049485829e-01,3.000580290985280785e-01,9.001740872955842354e-01,-8.881165027345816476e-01,1.205758456100258780e-02
4.980012002073251898e-01,7.950976352049485829e-01,2.970964349976233931e-01,8.912893049928701794e-01,-8.884782302714056001e-01,2.811074721464579262e-03
5.009630754157020638e-01,7.950976352049485829e-01,2.941345597892465191e-01,8.824036793677395574e-01,-8.885625625130622041e-01,-6.158883145322646691e-03
5.039243347357643676e-01,7.950976352049485829e-01,2.911733004691842153e-01,8.735199014075526458e-01,-8.883777960186911571e-01,-1.485789461113851129e-02
5.068841082663655406e-01,7.950976352049485829e-01,2.882135269385830423e-01,8.646405808157491268e-01,-8.879320591803518958e-01,-2.329147836460276899e-02
5.098415526491303362e-01,7.950976352049485829e-01,2.852560825558182467e-01,8.557682476674547400e-01,-8.872333148294386795e-01,-3.146506716198393949e-02
5.127958505251788424e-01,7.950976352049485829e-01,2.823017846797697405e-01,8.469053540393092216e-01,-8.862893628145518399e-01,-3.938400877524261823e-02
5.157462100003498140e-01,7.950976352049485829e-01,2.793514252045987689e-01,8.380542756137963067e-01,-8.851078425512914905e-01,-4.705356693749518371e-02
5.186918641188270618e-01,7.950976352049485829e-01,2.764057710861215211e-01,8.292173132583645634e-01,-8.836962355431743354e-01,-5.447892228480977206e-02
5.216320703450758600e-01,7.950976352049485829e-01,2.734655648598727229e-01,8.203966945796181687e-01,-8.820618678746394714e-01,-6.166517329502130274e-02
5.245661100539951160e-01,7.950976352049485829e-01,2.705315251509534669e-01,8.115945754528604006e-01,-8.802119126757768086e-01,-6.861733722291640802e-02
5.274932880291921533e-01,7.950976352049485829e-01,2.676043471757564296e-01,8.028130415272692888e-01,-8.781533925591111789e-01,-7.534035103184189008e-02
5.304129319692859612e-01,7.950976352049485829e-01,2.646847032356626217e-01,7.940541097069878651e-01,-8.758931820281423697e-01,-8.183907232115450459e-02
5.333243920021476514e-01,7.950976352049485829e-01,2.617732432028009315e-01,7.853197296084027945e-01,-8.734380098585070584e-01,-8.811828025010426391e-02
5.362270402069843067e-01,7.950976352049485829e-01,2.588705949979642762e-01,7.766117849938928286e-01,-8.707944614509965930e-01,-9.418267645710376446e-02
5.391202701441752954e-01,7.950976352049485829e-01,2.559773650607732876e-01,7.679320951823198627e-01,-8.679689811572965930e-01,-1.000368859749767303e-01
5.420034963927687910e-01,7.950976352049485829e-01,2.530941388121797919e-01,7.592824164365393758e-01,-8.649678745780486899e-01,-1.056854581415093142e-01
5.448761540955481264e-01,7.950976352049485829e-01,2.502214811094004565e-01,7.506644433282013695e-01,-8.617973108338006227e-01,-1.111328675055992532e-01
5.477376985115769426e-01,7.950976352049485829e-01,2.473599366933716404e-01,7.420798100801149211e-01,-8.584633248086448454e-01,-1.163835147285299243e-01
5.505876045761328719e-01,7.950976352049485829e-01,2.445100306288157110e-01,7.335300918864471331e-01,-8.549718193667787958e-01,-1.214417274803316626e-01
5.534253664679407159e-01,7.950976352049485829e-01,2.416722687370078670e-01,7.250168062110236011e-01,-8.513285675423531984e-01,-1.263117613313295973e-01
5.562504971836155221e-01,7.950976352049485829e-01,2.388471380213330608e-01,7.165414140639991825e-01,-8.475392147024418676e-01,-1.309978006384426852e-01
5.590625281192264096e-01,7.950976352049485829e-01,2.360351070857221734e-01,7.081053212571665201e-01,-8.436092806832662383e-01,-1.355039594260997182e-01
5.618610086588946562e-01,7.950976352049485829e-01,2.332366265460539267e-01,6.997098796381617802e-01,-8.395441619004739842e-01,-1.398342822623122039e-01
5.646455057703366753e-01,7.950976352049485829e-01,2.304521294346119076e-01,6.913563883038357227e-01,-8.353491334326057505e-01,-1.439927451287700277e-01
5.674156036072658393e-01,7.950976352049485829e-01,2.276820315976827436e-01,6.830460947930482307e-01,-8.310293510787492011e-01,-1.479832562857009703e-01
5.701709031185664411e-01,7.950976352049485829e-01,2.249267320863821418e-01,6.747801962591464253e-01,-8.265898533901805401e-01,-1.518096571310341147e-01
5.729110216641539743e-01,7.950976352049485829e-01,2.221866135407946086e-01,6.665598406223838257e-01,-8.220355636762599616e-01,-1.554757230538761359e-01
5.756355926374361331e-01,7.950976352049485829e-01,2.194620425675124498e-01,6.583861277025373493e-01,-8.173712919846476410e-01,-1.589851642821102917e-01
5.783442650942900443e-01,7.950976352049485829e-01,2.167533701106585386e-01,6.502601103319756159e-01,-8.126017370561733344e-01,-1.623416267241977184e-01
5.810367033884715759e-01,7.950976352049485829e-01,2.140609318164770070e-01,6.421827954494310209e-01,-8.077314882544595065e-01,-1.655486928050284856e-01
5.837125868133725692e-01,7.950976352049485829e-01,2.113850483915760137e-01,6.341551451747280410e-01,-8.027650274702979871e-01,-1.686098822955699461e-01
5.863716092500440569e-01,7.950976352049485829e-01,2.087260259549045260e-01,6.261780778647135781e-01,-7.977067310014462898e-01,-1.715286531367327116e-01
5.890134788214018702e-01,7.950976352049485829e-01,2.060841563835467127e-01,6.182524691506401382e-01,-7.925608714073439920e-01,-1.743084022567038538e-01
5.916379175525339207e-01,7.950976352049485829e-01,2.034597176524146622e-01,6.103791529572439867e-01,-7.873316193396151519e-01,-1.769524663823711652e-01
5.942446610370277771e-01,7.950976352049485829e-01,2.008529741679208058e-01,6.025589225037624175e-01,-7.820230453481569199e-01,-1.794641228443945025e-01
5.968334581092371582e-01,7.950976352049485829e-01,1.982641770957114247e-01,5.947925312871342740e-01,-7.766391216628143468e-01,-1.818465903756800728e-01
5.994040705224089605e-01,7.950976352049485829e-01,1.956935646825396224e-01,5.870806940476188673e-01,-7.711837239515406672e-01,-1.841030299039217999e-01
6.019562726325904389e-01,7.950976352049485829e-01,1.931413625723581440e-01,5.794240877170744319e-01,-7.656606330544435401e-01,-1.862365453373691082e-01
6.044898510882381615e-01,7.950976352049485829e-01,1.906077841167104214e-01,5.718233523501312643e-01,-7.600735366943167648e-01,-1.882501843441855005e-01
6.070046045254514633e-01,7.950976352049485829e-01,1.880930306794971196e-01,5.642790920384913589e-01,-7.544260311639905403e-01,-1.901469391254991814e-01
6.095003432687522427e-01,7.950976352049485829e-01,1.855972919361963402e-01,5.567918758085890207e-01,-7.487216229902338149e-01,-1.919297471816447942e-01
6.119768890373348258e-01,7.950976352049485829e-01,1.831207461676137571e-01,5.493622385028412713e-01,-7.429637305747749387e-01,-1.936014920719336674e-01
6.144340746567101830e-01,7.950976352049485829e-01,1.806635605482383999e-01,5.419906816447151998e-01,-7.371556858126071532e-01,-1.951650041678919534e-01
6.168717437756687794e-01,7.950976352049485829e-01,1.782258914292798035e-01,5.346776742878394106e-01,-7.313007356875789178e-01,-1.966230613997395071e-01
6.192897505884874532e-01,7.950976352049485829e-01,1.758078846164611297e-01,5.274236538493833892e-01,-7.254020438456021402e-01,-1.979783899962187510e-01
6.216879595623064914e-01,7.950976352049485829e-01,1.734096756426420916e-01,5.202290269279262747e-01,-7.194626921457114577e-01,-1.992336652177851830e-01
6.240662451696037394e-01,7.950976352049485829e-01,1.710313900353448435e-01,5.130941701060345306e-01,-7.134856821891744083e-01,-2.003915120831398777e-01
6.264244916256926921e-01,7.950976352049485829e-01,1.686731435792558909e-01,5.060194307377676726e-01,-7.074739368266858008e-01,-2.014545060889181283e-01
6.287625926311727342e-01,7.950976352049485829e-01,1.663350425737758487e-01,4.990051277213275460e-01,-7.014303016440126548e-01,-2.024251739226851088e-01
6.310804511192604771e-01,7.950976352049485829e-01,1.640171840856881058e-01,4.920515522570643174e-01,-6.953575464263228589e-01,-2.033059941692585415e-01
6.333779790079313576e-01,7.950976352049485829e-01,1.617196561970172253e-01,4.851589685910516758e-01,-6.892583666012641608e-01,-2.040993980102124850e-01
6.356550969568012244e-01,7.950976352049485829e-01,1.594425382481473585e-01,4.783276147444420756e-01,-6.831353846609600211e-01,-2.048077699165179455e-01
6.379117341286794085e-01,7.950976352049485829e-01,1.571859010762691744e-01,4.715577032288075232e-01,-6.769911515634552401e-01,-2.054334483346477169e-01
6.401478279557241136e-01,7.950976352049485829e-01,1.549498072492244694e-01,4.648494217476734081e-01,-6.708281481134115154e-01,-2.059787263657381073e-01
6.423633239101322889e-01,7.950976352049485829e-01,1.527343112948162940e-01,4.582029338844488819e-01,-6.646487863224526116e-01,-2.064458524380037296e-01
6.445581752792965968e-01,7.950976352049485829e-01,1.505394599256519861e-01,4.516183797769559582e-01,-6.584554107492923691e-01,-2.068370309723364109e-01
6.467323429453636363e-01,7.950976352049485829e-01,1.483652922595849466e-01,4.450958767787548398e-01,-6.522502998201118452e-01,-2.071544230413570054e-01
6.488857951691265891e-01,7.950976352049485829e-01,1.462118400358219938e-01,4.386355201074659815e-01,-6.460356671288858266e-01,-2.074001470214198450e-01
6.510185073781874499e-01,7.950976352049485829e-01,1.440791278267611331e-01,4.322373834802833992e-01,-6.398136627182582359e-01,-2.075762792379748367e-01
6.531304619593244487e-01,7.950976352049485829e-01,1.419671732456241342e-01,4.259015197368724026e-01,-6.335863743410996562e-01,-2.076848546042272536e-01
6.552216480550010491e-01,7.950976352049485829e-01,1.398759871499475338e-01,4.196279614498426014e-01,-6.273558287029801228e-01,-2.077278672531375214e-01
6.572920613639523513e-01,7.950976352049485829e-01,1.378055738409962316e-01,4.134167215229886949e-01,-6.211239926853906468e-01,-2.077072711624019519e-01
6.593417039457873940e-01,7.950976352049485829e-01,1.357559312591611889e-01,4.072677937774835666e-01,-6.148927745505128328e-01,-2.076249807730292662e-01
6.613705840295450722e-01,7.950976352049485829e-01,1.337270511754035107e-01,4.011811535262105322e-01,-6.086640251273034430e-01,-2.074828716010929108e-01
6.633787158261427175e-01,7.950976352049485829e-01,1.317189193788058654e-01,3.951567581364175963e-01,-6.024395389792935873e-01,-2.072827808428759910e-01
6.653661193446560596e-01,7.950976352049485829e-01,1.297315158602925234e-01,3.891945475808775701e-01,-5.962210555540026213e-01,-2.070265079731250513e-01
6.673328202123720576e-01,7.950976352049485829e-01,1.277648149925765253e-01,3.832944449777295759e-01,-5.900102603147994174e-01,-2.067158153370698415e-01
6.692788494985544290e-01,7.950976352049485829e-01,1.258187857063941539e-01,3.774563571191824618e-01,-5.838087858547114095e-01,-2.063524287355289477e-01
6.712042435418631436e-01,7.950976352049485829e-01,1.238933916630854393e-01,3.716801749892563178e-01,-5.776182129926143993e-01,-2.059380380033580815e-01
6.731090437813715965e-01,7.950976352049485829e-01,1.219885914235769864e-01,3.659657742707309591e-01,-5.714400718525358691e-01,-2.054742975818049100e-01
6.749932965911218385e-01,7.950976352049485829e-01,1.201043386138267444e-01,3.603130158414802331e-01,-5.652758429250726024e-01,-2.049628270835923693e-01
6.768570531181636873e-01,7.950976352049485829e-01,1.182405820867848956e-01,3.547217462603546867e-01,-5.591269581125546395e-01,-2.044052118521999528e-01
6.787003691240203196e-01,7.950976352049485829e-01,1.163972660809282633e-01,3.491917982427847900e-01,-5.529948017569896734e-01,-2.038030035142048835e-01
6.805233048295256104e-01,7.950976352049485829e-01,1.145743303754229725e-01,3.437229911262689175e-01,-5.468807116515872480e-01,-2.031577205253183305e-01
6.823259247629783752e-01,7.950976352049485829e-01,1.127717104419702077e-01,3.383151313259106230e-01,-5.407859800358294500e-01,-2.024708487099188270e-01
6.841082976115601122e-01,7.950976352049485829e-01,1.109893375933884707e-01,3.329680127801654121e-01,-5.347118545745210838e-01,-2.017438417943556717e-01
6.858704960759623992e-01,7.950976352049485829e-01,1.092271391289861837e-01,3.276814173869585511e-01,-5.286595393206861004e-01,-2.009781219337275493e-01
6.876125967281713214e-01,7.950976352049485829e-01,1.074850384767772615e-01,3.224551154303317846e-01,-5.226301956626766554e-01,-2.001750802323448708e-01
6.893346798723569702e-01,7.950976352049485829e-01,1.057629553325916127e-01,3.172888659977748382e-01,-5.166249432556946353e-01,-1.993360772579197970e-01
6.910368294088168328e-01,7.950976352049485829e-01,1.040608057961317501e-01,3.121824173883952502e-01,-5.106448609379588000e-01,-1.984624435495635497e-01
6.927191327009217803e-01,7.950976352049485829e-01,1.023785025040268026e-01,3.071355075120804079e-01,-5.046909876314842336e-01,-1.975554801194038257e-01
6.943816804450148039e-01,7.950976352049485829e-01,1.007159547599337790e-01,3.021478642798013370e-01,-4.987643232279070915e-01,-1.966164589481057545e-01
6.960245665432129858e-01,7.950976352049485829e-01,9.907306866173559712e-02,2.972192059852067914e-01,-4.928658294594545630e-01,-1.956466234742477717e-01
6.976478879790637411e-01,7.950976352049485829e-01,9.744974722588484184e-02,2.923492416776545255e-01,-4.869964307552265836e-01,-1.946471890775720581e-01
6.992517446960067051e-01,7.950976352049485829e-01,9.584589050894187778e-02,2.875376715268256334e-01,-4.811570150828892167e-01,-1.936193435560635834e-01
7.008362394785940808e-01,7.950976352049485829e-01,9.426139572635450214e-02,2.827841871790635064e-01,-4.753484347762126916e-01,-1.925642475971491852e-01
7.024014778364217060e-01,7.950976352049485829e-01,9.269615736852687693e-02,2.780884721055806308e-01,-4.695715073482875646e-01,-1.914830352427069338e-01
7.039475678907251011e-01,7.950976352049485829e-01,9.115006731422348185e-02,2.734502019426704456e-01,-4.638270162910185235e-01,-1.903768143483480779e-01
7.054746202635936436e-01,7.950976352049485829e-01,8.962301494135493929e-02,2.688690448240648179e-01,-4.581157118605627687e-01,-1.892466670364979509e-01
7.069827479697585737e-01,7.950976352049485829e-01,8.811488723519000921e-02,2.643446617055700276e-01,-4.524383118494790246e-01,-1.880936501439089970e-01
7.084720663109090877e-01,7.950976352049485829e-01,8.662556889403949523e-02,2.598767066821184857e-01,-4.467955023451541940e-01,-1.869187956630357084e-01
7.099426927724933334e-01,7.950976352049485829e-01,8.515494243245524952e-02,2.554648272973657486e-01,-4.411879384752737110e-01,-1.857231111779079624e-01
7.113947469229597864e-01,7.950976352049485829e-01,8.370288828198879649e-02,2.511086648459663895e-01,-4.356162451399359092e-01,-1.845075802939695198e-01
7.128283503153968192e-01,7.950976352049485829e-01,8.226928488955176366e-02,2.468078546686552910e-01,-4.300810177311098492e-01,-1.832731630624545582e-01
7.142436263915276085e-01,7.950976352049485829e-01,8.085400881342097446e-02,2.425620264402629234e-01,-4.245828228392367620e-01,-1.820207963989738387e-01
7.156407003880185247e-01,7.950976352049485829e-01,7.945693481693005822e-02,2.383708044507901747e-01,-4.191221989472748710e-01,-1.807513944964846964e-01
7.170196992450598161e-01,7.950976352049485829e-01,7.807793595988876678e-02,2.342338078796663003e-01,-4.136996571123874311e-01,-1.794658492327211308e-01
7.183807515171778402e-01,7.950976352049485829e-01,7.671688368777074274e-02,2.301506510633122282e-01,-4.083156816354072127e-01,-1.781650305720949845e-01
7.197239872862386534e-01,7.950976352049485829e-01,7.537364791870992953e-02,2.261209437561297886e-01,-4.029707307182439635e-01,-1.768497869621141749e-01
7.210495380766032136e-01,7.950976352049485829e-01,7.404809712834536928e-02,2.221442913850361078e-01,-3.976652371093680749e-01,-1.755209457243319671e-01
7.223575367723953367e-01,7.950976352049485829e-01,7.274009843255324625e-02,2.182202952976597388e-01,-3.923996087376369069e-01,-1.741793134399771681e-01
7.236481175368434382e-01,7.950976352049485829e-01,7.144951766810514471e-02,2.143485530043154341e-01,-3.871742293344304642e-01,-1.728256763301150301e-01
7.249214157336585362e-01,7.950976352049485829e-01,7.017621947129004667e-02,2.105286584138701400e-01,-3.819894590445294114e-01,-1.714608006306592713e-01
7.261775678504105436e-01,7.950976352049485829e-01,6.892006735453803934e-02,2.067602020636141180e-01,-3.768456350256021992e-01,-1.700854329619880811e-01
7.274167114238664356e-01,7.950976352049485829e-01,6.768092378108214735e-02,2.030427713432464421e-01,-3.717430720367675967e-01,-1.687003006935211546e-01
7.286389849672529895e-01,7.950976352049485829e-01,6.645865023769559343e-02,1.993759507130867803e-01,-3.666820630159661754e-01,-1.673061123028793951e-01
7.298445278994092345e-01,7.950976352049485829e-01,6.525310730553934846e-02,1.957593219166180454e-01,-3.616628796468734919e-01,-1.659035577302554465e-01
7.310334804757924188e-01,7.950976352049485829e-01,6.406415472915616416e-02,1.921924641874684925e-01,-3.566857729149552902e-01,-1.644933087274867978e-01
7.322059837213028555e-01,7.950976352049485829e-01,6.289165148364572744e-02,1.886749544509371823e-01,-3.517509736531310161e-01,-1.630760192021938337e-01
7.333621793648931186e-01,7.950976352049485829e-01,6.173545584005546427e-02,1.852063675201663928e-01,-3.468586930770789500e-01,-1.616523255569125572e-01
7.345022097759276170e-01,7.950976352049485829e-01,6.059542542902096596e-02,1.817862762870628979e-01,-3.420091233103494943e-01,-1.602228470232865964e-01
7.356262179022597936e-01,7.950976352049485829e-01,5.947141730268878934e-02,1.784142519080663680e-01,-3.372024378996529848e-01,-1.587881859915866167e-01
7.367343472099928681e-01,7.950976352049485829e-01,5.836328799495571484e-02,1.750898639848671445e-01,-3.324387923199223493e-01,-1.573489283350552048e-01
7.378267416248923682e-01,7.950976352049485829e-01,5.727089358005621467e-02,1.718126807401686440e-01,-3.277183244698500530e-01,-1.559056437296814090e-01
7.389035454754189214e-01,7.950976352049485829e-01,5.619408972952966153e-02,1.685822691885889846e-01,-3.230411551579659424e-01,-1.544588859693769578e-01
7.399649034373485534e-01,7.950976352049485829e-01,5.513273176760002947e-02,1.653981953028000884e-01,-3.184073885788896163e-01,-1.530091932760895279e-01
7.410109604799505201e-01,7.950976352049485829e-01,5.408667472499806284e-02,1.622600241749941885e-01,-3.138171127805899907e-01,-1.515570886055958022e-01
7.420418618136920275e-01,7.950976352049485829e-01,5.305577339125655545e-02,1.591673201737696663e-01,-3.092704001224522159e-01,-1.501030799486825495e-01
7.430577528394386455e-01,7.950976352049485829e-01,5.203988236550993740e-02,1.561196470965298122e-01,-3.047673077239854145e-01,-1.486476606274556023e-01
7.440587790991224360e-01,7.950976352049485829e-01,5.103885610582614696e-02,1.531165683174784409e-01,-3.003078779051371328e-01,-1.471913095876586919e-01
7.450450862278474862e-01,7.950976352049485829e-01,5.005254897710109674e-02,1.501576469313032902e-01,-2.958921386175150658e-01,-1.457344916862117756e-01
7.460168199074039830e-01,7.950976352049485829e-01,4.908081529754459993e-02,1.472424458926337998e-01,-2.915201038669490430e-01,-1.442776579743152432e-01
7.469741258211629598e-01,7.950976352049485829e-01,4.812350938378562315e-02,1.443705281513568695e-01,-2.871917741276930336e-01,-1.428212459763361641e-01
7.479171496103244055e-01,7.950976352049485829e-01,4.718048559462417746e-02,1.415414567838725324e-01,-2.829071367484337074e-01,-1.413656799645611750e-01
7.488460368314893145e-01,7.950976352049485829e-01,4.625159837345926839e-02,1.387547951203778052e-01,-2.786661663494727215e-01,-1.399113712290949163e-01
7.497609329155313640e-01,7.950976352049485829e-01,4.533670228941721891e-02,1.360101068682516567e-01,-2.744688252126148420e-01,-1.384587183443631853e-01
7.506619831277389077e-01,7.950976352049485829e-01,4.443565207720967525e-02,1.333069562316290257e-01,-2.703150636622630998e-01,-1.370081074306340740e-01
7.515493325292034177e-01,7.950976352049485829e-01,4.354830267574516522e-02,1.306449080272354957e-01,-2.662048204393530071e-01,-1.355599124121175114e-01
7.524231259394267290e-01,7.950976352049485829e-01,4.267450926552185386e-02,1.280235277965655616e-01,-2.621380230669934086e-01,-1.341144952704278470e-01
7.532835079001229950e-01,7.950976352049485829e-01,4.181412730482558793e-02,1.254423819144767638e-01,-2.581145882088797805e-01,-1.326722062944030167e-01
7.541306226401898183e-01,7.950976352049485829e-01,4.096701256475876463e-02,1.229010376942762939e-01,-2.541344220200469906e-01,-1.312333843257706967e-01
7.549646140418240226e-01,7.950976352049485829e-01,4.013302116312456036e-02,1.203990634893736811e-01,-2.501974204902612797e-01,-1.297983570008875986e-01
7.557856256077581936e-01,7.950976352049485829e-01,3.931200959719038934e-02,1.179360287915711680e-01,-2.463034697802513051e-01,-1.283674409886801371e-01
7.565938004295934549e-01,7.950976352049485829e-01,3.850383477535512800e-02,1.155115043260653840e-01,-2.424524465505784043e-01,-1.269409422245130203e-01
7.573892811572062733e-01,7.950976352049485829e-01,3.770835404774230959e-02,1.131250621432269288e-01,-2.386442182838455217e-01,-1.255191561406185929e-01
7.581722099692050909e-01,7.950976352049485829e-01,3.692542523574349200e-02,1.107762757072304760e-01,-2.348786435996452759e-01,-1.241023678924147999e-01
7.589427285444145799e-01,7.950976352049485829e-01,3.615490666053400304e-02,1.084647199816020091e-01,-2.311555725628466895e-01,-1.226908525812446804e-01
7.597009780343659813e-01,7.950976352049485829e-01,3.539665717058260164e-02,1.061899715117478049e-01,-2.274748469854204203e-01,-1.212848754736726153e-01
7.604470990367699912e-01,7.950976352049485829e-01,3.465053616817859172e-02,1.039516085045357752e-01,-2.238363007212029743e-01,-1.198846922166671991e-01
7.611812315699524323e-01,7.950976352049485829e-01,3.391640363499615063e-02,1.017492109049884519e-01,-2.202397599547323281e-01,-1.184905490497438763e-01
7.619035150482298402e-01,7.950976352049485829e-01,3.319412015671874272e-02,9.958236047015622816e-02,-2.166850434832223726e-01,-1.171026830130661445e-01
7.626140882582059799e-01,7.950976352049485829e-01,3.248354694674260301e-02,9.745064084022780904e-02,-2.131719629928419124e-01,-1.157213221526141034e-01
7.633130893359668656e-01,7.950976352049485829e-01,3.178454586898171730e-02,9.535363760694515189e-02,-2.097003233282657142e-01,-1.143466857213205623e-01
7.640006557451556324e-01,7.950976352049485829e-01,3.109697945979295053e-02,9.329093837937885159e-02,-2.062699227566300308e-01,-1.129789843772511793e-01
7.646769242559066093e-01,7.950976352049485829e-01,3.042071094904197359e-02,9.126213284712592078e-02,-2.028805532252930810e-01,-1.116184203781671602e-01
7.653420309246198316e-01,7.950976352049485829e-01,2.975560428032875127e-02,8.926681284098625380e-02,-1.995320006139666980e-01,-1.102651877729804442e-01
7.659961110745556745e-01,7.950976352049485829e-01,2.910152413039290842e-02,8.730457239117872525e-02,-1.962240449807528542e-01,-1.089194725895741289e-01
7.666392992772326220e-01,7.950976352049485829e-01,2.845833592771596088e-02,8.537500778314788263e-02,-1.929564608030842621e-01,-1.075814530199363794e-01
7.672717293346075218e-01,7.950976352049485829e-01,2.782590587034106111e-02,8.347771761102318333e-02,-1.897290172124699303e-01,-1.062512996014467470e-01
7.678935342620223370e-01,7.950976352049485829e-01,2.720410094292624592e-02,8.161230282877873776e-02,-1.865414782244445568e-01,-1.049291753956658191e-01
7.685048462718975237e-01,7.950976352049485829e-01,2.659278893305105917e-02,7.977836679915317752e-02,-1.833936029625560238e-01,-1.036152361634028463e-01
7.691057967581563792e-01,7.950976352049485829e-01,2.599183844679220368e-02,7.797551534037661103e-02,-1.802851458776566496e-01,-1.023096305372800385e-01
7.696965162813614869e-01,7.950976352049485829e-01,2.540111892358709600e-02,7.620335677076128800e-02,-1.772158569615323032e-01,-1.010125001907710152e-01
7.702771345545476045e-01,7.950976352049485829e-01,2.482050065040097842e-02,7.446150195120293525e-02,-1.741854819558352752e-01,-9.972398000463233991e-02
7.708477804297332314e-01,7.950976352049485829e-01,2.424985477521535149e-02,7.274956432564605446e-02,-1.711937625556880782e-01,-9.844419823004202375e-02
7.714085818850958676e-01,7.950976352049485829e-01,2.368905331985271534e-02,7.106715995955814602e-02,-1.682404366087908443e-01,-9.717327664923269825e-02
7.719596660127935328e-01,7.950976352049485829e-01,2.313796919215505010e-02,6.941390757646515031e-02,-1.653252383092995714e-01,-9.591133073283442112e-02
7.725011590074178924e-01,7.950976352049485829e-01,2.259647619753069048e-02,6.778942859259207143e-02,-1.624478983873078874e-01,-9.465846979471581601e-02
7.730331861550627792e-01,7.950976352049485829e-01,2.206444904988580369e-02,6.619334714965741107e-02,-1.596081442934660366e-01,-9.341479714380862553e-02
7.735558718229933461e-01,7.950976352049485829e-01,2.154176338195523677e-02,6.462529014586571030e-02,-1.568057003791700765e-01,-9.218041023330436623e-02
7.740693394499005286e-01,7.950976352049485829e-01,2.102829575504805426e-02,6.308488726514416278e-02,-1.540402880721547518e-01,-9.095540080701058905e-02
7.745737115367270498e-01,7.950976352049485829e-01,2.052392366822153313e-02,6.157177100466459940e-02,-1.513116260479563380e-01,-8.973985504329173857e-02
7.750691096380492029e-01,7.950976352049485829e-01,2.002852556689938002e-02,6.008557670069814005e-02,-1.486194303966459351e-01,-8.853385369594779508e-02
7.755556543540017556e-01,7.950976352049485829e-01,1.954198085094682735e-02,5.862594255284048206e-02,-1.459634147857657993e-01,-8.733747223292531725e-02
7.760334653227310975e-01,7.950976352049485829e-01,1.906416988221748543e-02,5.719250964665245629e-02,-1.433432906188025768e-01,-8.615078097215012054e-02
7.765026612133631989e-01,7.950976352049485829e-01,1.859497399158538400e-02,5.578492197475615200e-02,-1.407587671896304293e-01,-8.497384521487427733e-02
7.769633597194738339e-01,7.950976352049485829e-01,1.813427548547474899e-02,5.440282645642424697e-02,-1.382095518331905026e-01,-8.380672537676625566e-02
7.774156775530467467e-01,7.950976352049485829e-01,1.768195765190183621e-02,5.304587295570550864e-02,-1.356953500718738326e-01,-8.264947711616832393e-02
7.778597304389079925e-01,7.950976352049485829e-01,1.723790476604059041e-02,5.171371429812177123e-02,-1.332158657583737416e-01,-8.150215146025197033e-02
7.782956331096232416e-01,7.950976352049485829e-01,1.680200209532534128e-02,5.040600628597602384e-02,-1.307708012145747389e-01,-8.036479492859871510e-02
7.787234993008456119e-01,7.950976352049485829e-01,1.637413590410297104e-02,4.912240771230891312e-02,-1.283598573667110720e-01,-7.923744965440215893e-02
7.791434417471025942e-01,7.950976352049485829e-01,1.595419345784598875e-02,4.786258037353796624e-02,-1.259827338770946881e-01,-7.812015350355672183e-02
7.795555721780091929e-01,7.950976352049485829e-01,1.554206302693939001e-02,4.662618908081817004e-02,-1.236391292719796198e-01,-7.701294019116144973e-02
7.799600013148967337e-01,7.950976352049485829e-01,1.513763389005184923e-02,4.541290167015554768e-02,-1.213287410662622356e-01,-7.591583939610668796e-02
7.803568388678445711e-01,7.950976352049485829e-01,1.474079633710401183e-02,4.422238901131203548e-02,-1.190512658843512206e-01,-7.482887687303918511e-02
7.807461935331051484e-01,7.950976352049485829e-01,1.435144167184343456e-02,4.305432501553030367e-02,-1.168063995781731812e-01,-7.375207456264287753e-02
7.811281729909094196e-01,7.950976352049485829e-01,1.396946221403916333e-02,4.190838664211748998e-02,-1.145938373412813682e-01,-7.268545069916387824e-02
7.815028839036438635e-01,7.950976352049485829e-01,1.359475130130471943e-02,4.078425390391415828e-02,-1.124132738203331705e-01,-7.162901991641901223e-02
7.818704319143866543e-01,7.950976352049485829e-01,1.322720329056192856e-02,3.968160987168578568e-02,-1.102644032228372595e-01,-7.058279335115147379e-02
7.822309216457943304e-01,7.950976352049485829e-01,1.286671355915425252e-02,3.860014067746275757e-02,-1.081469194223028119e-01,-6.954677874484005429e-02
7.825844566993275242e-01,7.950976352049485829e-01,1.251317850562105871e-02,3.753953551686317613e-02,-1.060605160599581431e-01,-6.852098054309496700e-02
7.829311396548064295e-01,7.950976352049485829e-01,1.216649555014215345e-02,3.649948665042646034e-02,-1.040048866436715791e-01,-6.750539999324511875e-02
7.832710720702859009e-01,7.950976352049485829e-01,1.182656313466268205e-02,3.547968940398804616e-02,-1.019797246438414184e-01,-6.650003523985337228e-02
7.836043544822414164e-01,7.950976352049485829e-01,1.149328072270716650e-02,3.447984216812149949e-02,-9.998472358665466686e-02,-6.550488141853316737e-02
7.839310864060551332e-01,7.950976352049485829e-01,1.116654879889344976e-02,3.349964639668034927e-02,-9.801957714411502209e-02,-6.451993074743467282e-02
7.842513663367940424e-01,7.950976352049485829e-01,1.084626886815454050e-02,3.253880660446362150e-02,-9.608397922167277727e-02,-6.354517261720915577e-02
7.845652917502712320e-01,7.950976352049485829e-01,1.053234345467735089e-02,3.159703036403205267e-02,-9.417762404315688229e-02,-6.258059367912482962e-02
7.848729591043805964e-01,7.950976352049485829e-01,1.022467610056798648e-02,3.067402830170395944e-02,-9.230020623280932313e-02,-6.162617793110536368e-02
7.851744638406967791e-01,7.950976352049485829e-01,9.923171364251803794e-03,2.976951409275541138e-02,-9.045142089485480597e-02,-6.068190680209939458e-02
7.854699003863327977e-01,7.950976352049485829e-01,9.627734818615785173e-03,2.888320445584735552e-02,-8.863096369080558645e-02,-5.974775923495823093e-02
7.857593621560452490e-01,7.950976352049485829e-01,9.338273048903333873e-03,2.801481914671000162e-02,-8.683853091373539002e-02,-5.882371176702538840e-02
7.860429415545809873e-01,7.950976352049485829e-01,9.054693650367595659e-03,2.716408095110278698e-02,-8.507381956072146423e-02,-5.790973860961867725e-02
7.863207299792558391e-01,7.950976352049485829e-01,8.776905225692743784e-03,2.633071567707823135e-02,-8.333652740245556245e-02,-5.700581172537733110e-02
7.865928178227581391e-01,7.950976352049485829e-01,8.504817382190443809e-03,2.551445214657133143e-02,-8.162635305068999259e-02,-5.611190090411866116e-02
7.868592944761699792e-01,7.950976352049485829e-01,8.238340728778603683e-03,2.471502218633581105e-02,-7.994299602355203760e-02,-5.522797383721622655e-02
7.871202483321981802e-01,7.950976352049485829e-01,7.977386872750402702e-03,2.393216061825120811e-02,-7.828615680846029434e-02,-5.435399619020908624e-02
7.873757667886073230e-01,7.950976352049485829e-01,7.721868416341259866e-03,2.316560524902377960e-02,-7.665553692274285069e-02,-5.348993167371907109e-02
7.876259362518490681e-01,7.950976352049485829e-01,7.471698953099514817e-03,2.241509685929854445e-02,-7.505083897252351477e-02,-5.263574211322497032e-02
7.878708421408795459e-01,7.950976352049485829e-01,7.226793064069036987e-03,2.168037919220711096e-02,-7.347176670914334906e-02,-5.179138751693623810e-02
7.881105688911582696e-01,7.950976352049485829e-01,6.987066313790313288e-03,2.096119894137093986e-02,-7.191802508361710977e-02,-5.095682614224616991e-02
7.883451999588227954e-01,7.950976352049485829e-01,6.752435246125787494e-03,2.025730573837736248e-02,-7.038932029935773826e-02,-5.013201456098037578e-02
7.885748178250312490e-01,7.950976352049485829e-01,6.522817379917333902e-03,1.956845213975200171e-02,-6.888535986253607746e-02,-4.931690772278407575e-02
7.887995040004673886e-01,7.950976352049485829e-01,6.298131204481194345e-03,1.889439361344358304e-02,-6.740585263084186707e-02,-4.851145901739828403e-02
7.890193390300017651e-01,7.950976352049485829e-01,6.078296174946817843e-03,1.823488852484045353e-02,-6.595050886031295079e-02,-4.771562033547249726e-02
7.892344024975026517e-01,7.950976352049485829e-01,5.863232707445931169e-03,1.758969812233779351e-02,-6.451904025026600209e-02,-4.692934212792820858e-02
7.894447730307907474e-01,7.950976352049485829e-01,5.652862174157835540e-03,1.695858652247350662e-02,-6.311115998642868874e-02,-4.615257346395518212e-02
7.896505283067324354e-01,7.950976352049485829e-01,5.447106898216147464e-03,1.634132069464844239e-02,-6.172658278250642283e-02,-4.538526208785798044e-02
7.898517450564652709e-01,7.950976352049485829e-01,5.245890148483312032e-03,1.573767044544993610e-02,-6.036502491985062946e-02,-4.462735447440069336e-02
7.900484990707506983e-01,7.950976352049485829e-01,5.049136134197884651e-03,1.514740840259365395e-02,-5.902620428562821431e-02,-4.387879588303456035e-02
7.902408652054478955e-01,7.950976352049485829e-01,4.856769999500687440e-03,1.457030999850206232e-02,-5.770984040915916324e-02,-4.313953041065710092e-02
7.904289173871039687e-01,7.950976352049485829e-01,4.668717817844614260e-03,1.400615345353384278e-02,-5.641565449682195421e-02,-4.240950104328811143e-02
7.906127286186557246e-01,7.950976352049485829e-01,4.484906586292858321e-03,1.345471975887857496e-02,-5.514336946552678143e-02,-4.168864970664820646e-02
7.907923709852368033e-01,7.950976352049485829e-01,4.305264219711779639e-03,1.291579265913533892e-02,-5.389270997432360488e-02,-4.097691731518826597e-02
7.909679156600863958e-01,7.950976352049485829e-01,4.129719544862187064e-03,1.238915863458656119e-02,-5.266340245487777239e-02,-4.027424382029121119e-02
7.911394329105538858e-01,7.950976352049485829e-01,3.958202294394697063e-03,1.187460688318409119e-02,-5.145517514024700034e-02,-3.958056825706290915e-02
7.913069921041957500e-01,7.950976352049485829e-01,3.790643100752832950e-03,1.137192930225849885e-02,-5.026775809255923377e-02,-3.889582879030073492e-02
7.914706617149585011e-01,7.950976352049485829e-01,3.626973489990081845e-03,1.088092046997024553e-02,-4.910088322882533163e-02,-3.821996275885508609e-02
7.916305093294454531e-01,7.950976352049485829e-01,3.467125875503129784e-03,1.040137762650938935e-02,-4.795428434608561830e-02,-3.755290671957622894e-02
7.917866016532604245e-01,7.950976352049485829e-01,3.311033551688158383e-03,9.933100655064475148e-03,-4.682769714449142029e-02,-3.689459648942694514e-02
7.919390045174264925e-01,7.950976352049485829e-01,3.158630687522090419e-03,9.475892062566271257e-03,-4.572085924982038918e-02,-3.624496718725411792e-02
7.920877828848738034e-01,7.950976352049485829e-01,3.009852320074779541e-03,9.029556960224338624e-03,-4.463351023419326324e-02,-3.560395327396892462e-02
7.922330008569936632e-01,7.950976352049485829e-01,2.864634347954919669e-03,8.593903043864759006e-03,-4.356539163595796182e-02,-3.497148859209320282e-02
7.923747216802543569e-01,7.950976352049485829e-01,2.722913524694225984e-03,8.168740574082677952e-03,-4.251624697820810539e-02,-3.434750640412542744e-02
7.925130077528745876e-01,7.950976352049485829e-01,2.584627452073995357e-03,7.753882356221986072e-03,-4.148582178606918802e-02,-3.373193942984720195e-02
7.926479206315518722e-01,7.950976352049485829e-01,2.449714573396710726e-03,7.349143720190132179e-03,-4.047386360318538934e-02,-3.312471988299525716e-02
7.927795210382408975e-01,7.950976352049485829e-01,2.318114166707685442e-03,6.954342500123056325e-03,-3.948012200670758531e-02,-3.252577950658452899e-02
7.929078688669791708e-01,7.950976352049485829e-01,2.189766337969412113e-03,6.569299013908236340e-03,-3.850434862148199855e-02,-3.193504960757376221e-02
7.930330231907567473e-01,7.950976352049485829e-01,2.064612014191835598e-03,6.193836042575506795e-03,-3.754629713327295448e-02,-3.135246109069744769e-02
7.931550422684252588e-01,7.950976352049485829e-01,1.942592936523324099e-03,5.827778809569972296e-03,-3.660572330055344992e-02,-3.077794449098347762e-02
7.932739835516446902e-01,7.950976352049485829e-01,1.823651653303892672e-03,5.470954959911678017e-03,-3.568238496582942787e-02,-3.021143000591774985e-02
7.933899036918634629e-01,7.950976352049485829e-01,1.707731513085120056e-03,5.123194539255360169e-03,-3.477604206563178479e-02,-2.965284752637642463e-02
7.935028585473296037e-01,7.950976352049485829e-01,1.594776657618979243e-03,4.784329972856937729e-03,-3.388645663984224399e-02,-2.910212666698530626e-02
7.936129031901291153e-01,7.950976352049485829e-01,1.484732014819467594e-03,4.454196044458402781e-03,-3.301339283985349482e-02,-2.855919679539509204e-02
7.937200919132491039e-01,7.950976352049485829e-01,1.377543291699478978e-03,4.132629875098436933e-03,-3.215661693599658477e-02,-2.802398706089814784e-02
7.938244782376630004e-01,7.950976352049485829e-01,1.273156967285582475e-03,3.819470901856747425e-03,-3.131589732416895089e-02,-2.749642642231220346e-02
7.939261149194346556e-01,7.950976352049485829e-01,1.171520285513927284e-03,3.514560856541781853e-03,-3.049100453149655721e-02,-2.697644367495477535e-02
7.940250539568387556e-01,7.950976352049485829e-01,1.072581248109827357e-03,3.217743744329482070e-03,-2.968171122122997829e-02,-2.646396747690049622e-02
7.941213465974952257e-01,7.950976352049485829e-01,9.762886074533572156e-04,2.928865822360071647e-03,-2.888779219694104228e-02,-2.595892637458097063e-02
7.942150433455141822e-01,7.950976352049485829e-01,8.825918594344006607e-04,2.647775578303201982e-03,-2.810902440568696647e-02,-2.546124882738376449e-02
7.943061939686504314e-01,7.950976352049485829e-01,7.914412362981515514e-04,2.374323708894454654e-03,-2.734518694087473278e-02,-2.497086323198027813e-02
7.943948475054635194e-01,7.950976352049485829e-01,7.027876994850634773e-04,2.108363098455190432e-03,-2.659606104392642223e-02,-2.448769794547123180e-02
7.944810522724820023e-01,7.950976352049485829e-01,6.165829324665805800e-04,1.849748797399741740e-03,-2.586143010554486921e-02,-2.401168130814512747e-02
7.945648558713697129e-01,7.950976352049485829e-01,5.327793335788699736e-04,1.598338000736609921e-03,-2.514107966631318192e-02,-2.354274166557657200e-02
7.946463051960908075e-01,7.950976352049485829e-01,4.513300088577754110e-04,1.353990026573326233e-03,-2.443479741632836877e-02,-2.308080738975504254e-02
7.947254464400729246e-01,7.950976352049485829e-01,3.721887648756583289e-04,1.116566294626974987e-03,-2.374237319463512463e-02,-2.262580690000814965e-02
7.948023251033650149e-01,7.950976352049485829e-01,2.953101015835679632e-04,8.859303047507038897e-04,-2.306359898762710969e-02,-2.217766868287640580e-02
7.948769859997888432e-01,7.950976352049485829e-01,2.206492051597397364e-04,6.619476154792192091e-04,-2.239826892714846807e-02,-2.173632131166924886e-02
7.949494732640814965e-01,7.950976352049485829e-01,1.481619408670864502e-04,4.444858226012593505e-04,-2.174617928779598586e-02,-2.130169346519472651e-02
7.950198303590276794e-01,7.950976352049485829e-01,7.780484592090353146e-05,2.334145377627105944e-04,-2.110712848385487561e-02,-2.087371394609216502e-02
7.950881000825792411e-01,7.950976352049485829e-01,9.535122369341841875e-06,2.860536710802552562e-05,-2.048091706546850688e-02,-2.045231169836048135e-02
7.951543245749609357e-01,7.950976352049485829e-01,-5.668937001235274664e-05,-1.700681100370582399e-04,-1.986734771450837655e-02,-2.003741582454543479e-02
7.952185453257601955e-01,7.950976352049485829e-01,-1.209101208116125648e-04,-3.627303624348376943e-04,-1.926622523977794543e-02,-1.962895560221278313e-02
7.952808031809992517e-01,7.950976352049485829e-01,-1.831679760506688126e-04,-5.495039281520064378e-04,-1.867735657171687436e-02,-1.922686049986888079e-02
7.953411383501882703e-01,7.950976352049485829e-01,-2.435031452396874130e-04,-7.305094357190622389e-04,-1.810055075670558011e-02,-1.883106019242464235e-02
7.953995904133580597e-01,7.950976352049485829e-01,-3.019552084094767608e-04,-9.058656252284302823e-04,-1.753561895093680434e-02,-1.844148457616523462e-02
7.954561983280702409e-01,7.950976352049485829e-01,-3.585631231216579451e-04,-1.075689369364973835e-03,-1.698237441365435529e-02,-1.805806378301932913e-02
7.955110004364041032e-01,7.950976352049485829e-01,-4.133652314555202878e-04,-1.240095694366560863e-03,-1.644063250015870281e-02,-1.768072819452526367e-02
7.955640344719185908e-01,7.950976352049485829e-01,-4.663992669700078864e-04,-1.399197800910023659e-03,-1.591021065434627957e-02,-1.730940845525630323e-02
7.956153375665875327e-01,7.950976352049485829e-01,-5.177023616389497818e-04,-1.553107084916849345e-03,-1.539092840068256862e-02,-1.694403548559941797e-02
7.956649462577078946e-01,7.950976352049485829e-01,-5.673110527593117070e-04,-1.701933158277935121e-03,-1.488260733610857756e-02,-1.658454049438651268e-02
7.957128964947788319e-01,7.950976352049485829e-01,-6.152612898302489697e-04,-1.845783869490746909e-03,-1.438507112128117882e-02,-1.623085499077192573e-02
7.957592236463506552e-01,7.950976352049485829e-01,-6.615884414020722915e-04,-1.984765324206216874e-03,-1.389814547154699653e-02,-1.588291079575321341e-02
7.958039625068429324e-01,7.950976352049485829e-01,-7.063273018943494463e-04,-2.118981905683048339e-03,-1.342165814768314647e-02,-1.554064005336619481e-02
7.958471473033298382e-01,7.950976352049485829e-01,-7.495120983812553206e-04,-2.248536295143765962e-03,-1.295543894607176227e-02,-1.520397524121552824e-02
7.958888117022926423e-01,7.950976352049485829e-01,-7.911764973440593707e-04,-2.373529492032178112e-03,-1.249931968884121503e-02,-1.487284918087339314e-02
7.959289888163373350e-01,7.950976352049485829e-01,-8.313536113887520784e-04,-2.494060834166256235e-03,-1.205313421340781233e-02,-1.454719504757406856e-02
7.959677112108772823e-01,7.950976352049485829e-01,-8.700760059286993808e-04,-2.610228017786098142e-03,-1.161671836198419072e-02,-1.422694637977028886e-02
7.960050109107792426e-01,7.950976352049485829e-01,-9.073757058306597401e-04,-2.722127117491979220e-03,-1.118990997058810777e-02,-1.391203708808008699e-02
7.960409194069724137e-01,7.950976352049485829e-01,-9.432842020238307867e-04,-2.829852606071492360e-03,-1.077254885795131401e-02,-1.360240146402280637e-02
7.960754676630191762e-01,7.950976352049485829e-01,-9.778324580705932689e-04,-2.933497374211779807e-03,-1.036447681402874466e-02,-1.329797418824052446e-02
7.961086861216470911e-01,7.950976352049485829e-01,-1.011050916698508217e-03,-3.033152750095524652e-03,-9.965537588374484557e-03,-1.299869033847000921e-02
7.961406047112411510e-01,7.950976352049485829e-01,-1.042969506292568127e-03,-3.128908518877704381e-03,-9.575576878217972876e-03,-1.270448539709567726e-02
7.961712528522955079e-01,7.950976352049485829e-01,-1.073617647346924997e-03,-3.220852942040774991e-03,-9.194442316307060992e-03,-1.241529525834783598e-02
7.962006594638241230e-01,7.950976352049485829e-01,-1.103024258875540120e-03,-3.309072776626620360e-03,-8.821983458584536919e-03,-1.213105623521115728e-02
7.962288529697291173e-01,7.950976352049485829e-01,-1.131217764780534374e-03,-3.393653294341603122e-03,-8.458051771498276139e-03,-1.185170506583987926e-02
7.962558613051275991e-01,7.950976352049485829e-01,-1.158226100179016171e-03,-3.474678300537048514e-03,-8.102500619544539262e-03,-1.157717892008158778e-02
7.962817119226340834e-01,7.950976352049485829e-01,-1.184076717685500491e-03,-3.552230153056501472e-03,-7.755185251945295732e-03,-1.130741540500179720e-02
7.963064317986000562e-01,7.950976352049485829e-01,-1.208796593651473295e-03,-3.626389780954419884e-03,-7.415962789791841203e-03,-1.104235257074626109e-02
7.963300474393089079e-01,7.950976352049485829e-01,-1.232412234360324987e-03,-3.697236703080974962e-03,-7.084692212655507859e-03,-1.078192891573648282e-02
7.963525848871262358e-01,7.950976352049485829e-01,-1.254949682177652903e-03,-3.764849046532958710e-03,-6.761234345198374740e-03,-1.052608339173133345e-02
7.963740697266044055e-01,7.950976352049485829e-01,-1.276434521655822607e-03,-3.829303564967467821e-03,-6.445451843450911156e-03,-1.027475540841837898e-02
7.963945270905417040e-01,7.950976352049485829e-01,-1.296891885593121074e-03,-3.890675656779363223e-03,-6.137209181189540175e-03,-1.002788483796890340e-02
7.964139816659951965e-01,7.950976352049485829e-01,-1.316346461046613570e-03,-3.949039383139840709e-03,-5.836372636047748585e-03,-9.785412019187589294e-03
7.964324577002467320e-01,7.950976352049485829e-01,-1.334822495298149114e-03,-4.004467485894447343e-03,-5.542810275460663405e-03,-9.547277761355110748e-03
7.964499790067222085e-01,7.950976352049485829e-01,-1.352343801773625565e-03,-4.057031405320876694e-03,-5.256391942642935078e-03,-9.313423347963811771e-03
7.964665689708628760e-01,7.950976352049485829e-01,-1.368933765914293055e-03,-4.106801297742879164e-03,-4.976989242200247077e-03,-9.083790539943126241e-03
7.964822505559495669e-01,7.950976352049485829e-01,-1.384615351000983985e-03,-4.153846053002951955e-03,-4.704475526007279029e-03,-8.858321579010230984e-03
7.964970463088782981e-01,7.950976352049485829e-01,-1.399411103929715239e-03,-4.198233311789145716e-03,-4.438725878619376175e-03,-8.636959190408521891e-03
7.965109783658880227e-01,7.950976352049485829e-01,-1.413343160939439791e-03,-4.240029482818319373e-03,-4.179617102917365656e-03,-8.419646585735685029e-03
7.965240684582391983e-01,7.950976352049485829e-01,-1.426433253290615433e-03,-4.279299759871846298e-03,-3.927027705352692522e-03,-8.206327465224538820e-03
7.965363379178438397e-01,7.950976352049485829e-01,-1.438702712895256752e-03,-4.316108138685770257e-03,-3.680837881392395872e-03,-7.996946020078166129e-03
7.965478076828463871e-01,7.950976352049485829e-01,-1.450172477897804235e-03,-4.350517433693412706e-03,-3.440929500764244864e-03,-7.791446934457657569e-03
7.965584983031555044e-01,7.950976352049485829e-01,-1.460863098206921507e-03,-4.382589294620764520e-03,-3.207186092735181404e-03,-7.589775387355945924e-03
7.965684299459259154e-01,7.950976352049485829e-01,-1.470794740977332538e-03,-4.412384222931997613e-03,-2.979492831123309315e-03,-7.391877054055306928e-03
7.965776224009909479e-01,7.950976352049485829e-01,-1.479987196042364950e-03,-4.439961588127094849e-03,-2.757736519509723649e-03,-7.197698107636818499e-03
7.965860950862452272e-01,7.950976352049485829e-01,-1.488459881296644305e-03,-4.465379643889932915e-03,-2.541805576283806545e-03,-7.007185220173739459e-03
7.965938670529774113e-01,7.950976352049485829e-01,-1.496231848028828360e-03,-4.488695544086485079e-03,-2.331590019655216395e-03,-6.820285563741701473e-03
7.966009569911532973e-01,7.950976352049485829e-01,-1.503321786204714350e-03,-4.509965358614143049e-03,-2.126981452765797087e-03,-6.636946811379940137e-03
7.966073832346479699e-01,7.950976352049485829e-01,-1.509748029699387040e-03,-4.529244089098161119e-03,-1.927873048401806955e-03,-6.457117137499968074e-03
7.966131637664289888e-01,7.950976352049485829e-01,-1.515528561480405934e-03,-4.546585684441217801e-03,-1.734159534305668160e-03,-6.280745218746885961e-03
7.966183162236880611e-01,7.950976352049485829e-01,-1.520681018739478141e-03,-4.562043056218434423e-03,-1.545737177721662192e-03,-6.107780233940096615e-03
7.966228579029237533e-01,7.950976352049485829e-01,-1.525222697975170405e-03,-4.575668093925511215e-03,-1.362503770707679251e-03,-5.938171864633190467e-03
7.966268057649730228e-01,7.950976352049485829e-01,-1.529170560024439851e-03,-4.587511680073319553e-03,-1.184358614780833818e-03,-5.771870294854153371e-03
7.966301764399927876e-01,7.950976352049485829e-01,-1.532541235044204697e-03,-4.597623705132614091e-03,-1.011202505929453821e-03,-5.608826211062067912e-03
7.966329862323914268e-01,7.950976352049485829e-01,-1.535351027442843908e-03,-4.606053082328531723e-03,-8.429377195917631127e-04,-5.448990801920294835e-03
7.966352511257098756e-01,7.950976352049485829e-01,-1.537615920761292720e-03,-4.612847762283878161e-03,-6.794679955346438760e-04,-5.292315757818522037e-03
7.966369867874525390e-01,7.950976352049485829e-01,-1.539351582503956095e-03,-4.618054747511868285e-03,-5.206985227990124088e-04,-5.138753270310880694e-03
7.966382085738681340e-01,7.950976352049485829e-01,-1.540573368919551100e-03,-4.621720106758653301e-03,-3.665359246785016012e-04,-4.988256031437154903e-03
7.966389315346805722e-01,7.950976352049485829e-01,-1.541296329731989267e-03,-4.623888989195967802e-03,-2.168882437314501033e-04,-4.840777232927417906e-03
7.966391704177697708e-01,7.950976352049485829e-01,-1.541535212821187883e-03,-4.624605638463563650e-03,-7.166492675958480163e-05,-4.696270565223148452e-03
7.966389396738025042e-01,7.950976352049485829e-01,-1.541304468853921250e-03,-4.623913406561763750e-03,6.922319017999001289e-05,-4.554690216381773737e-03
7.966382534608135169e-01,7.950976352049485829e-01,-1.540618255864933950e-03,-4.621854767594801849e-03,2.058638966961900962e-04,-4.415990870898611753e-03
7.966371256487374541e-01,7.950976352049485829e-01,-1.539490443788871232e-03,-4.618471331366613697e-03,3.383436228188152484e-04,-4.280127708547798449e-03
7.966355698238904992e-01,7.950976352049485829e-01,-1.537934618941916298e-03,-4.613803856825748895e-03,4.667474540864802179e-04,-4.147056402739268677e-03
7.966335992934032717e-01,7.950976352049485829e-01,-1.535964088454688792e-03,-4.607892265364066375e-03,5.911591461682519366e-04,-4.016733119195814439e-03
7.966312270896042103e-01,7.950976352049485829e-01,-1.533591884655627346e-03,-4.600775653966882039e-03,7.116611397184335885e-04,-3.889114514248448451e-03
7.966284659743536611e-01,7.950976352049485829e-01,-1.530830769405078229e-03,-4.592492308215234686e-03,8.283345751647352984e-04,-3.764157733050499388e-03
7.966253284433297832e-01,7.950976352049485829e-01,-1.527693238381200302e-03,-4.583079715143600907e-03,9.412593071633779118e-04,-3.641820407980222996e-03
7.966218267302651590e-01,7.950976352049485829e-01,-1.524191525316576090e-03,-4.572574575949728271e-03,1.050513919387263684e-03,-3.522060656562464587e-03
7.966179728111348890e-01,7.950976352049485829e-01,-1.520337606186306090e-03,-4.561012818558918269e-03,1.156175739081000131e-03,-3.404837079477918138e-03
7.966137784082966133e-01,7.950976352049485829e-01,-1.516143203348030433e-03,-4.548429610044091298e-03,1.258320851482697122e-03,-3.290108758561394176e-03
7.966092549945825718e-01,7.950976352049485829e-01,-1.511619789633988908e-03,-4.534859368901966725e-03,1.357024114212457278e-03,-3.177835254689509448e-03
7.966044137973430361e-01,7.950976352049485829e-01,-1.506778592394453220e-03,-4.520335777183359660e-03,1.452359171860706510e-03,-3.067976605322653150e-03
7.965992658024430018e-01,7.950976352049485829e-01,-1.501630597494418851e-03,-4.504891792483256552e-03,1.544398470010310831e-03,-2.960493322472945721e-03
7.965938217582106962e-01,7.950976352049485829e-01,-1.496186553262113250e-03,-4.488559659786339751e-03,1.633213269691680125e-03,-2.855346390094659625e-03
7.965880921793393465e-01,7.950976352049485829e-01,-1.490456974390763634e-03,-4.471370923172290901e-03,1.718873661404884956e-03,-2.752497261767405945e-03
7.965820873507418742e-01,7.950976352049485829e-01,-1.484452145793291322e-03,-4.453356437379873967e-03,1.801448579241693437e-03,-2.651907858138180529e-03
7.965758173313585155e-01,7.950976352049485829e-01,-1.478182126409932629e-03,-4.434546379229797886e-03,1.881005815007608106e-03,-2.553540564222189779e-03
7.965692919579188125e-01,7.950976352049485829e-01,-1.471656752970229576e-03,-4.414970258910688727e-03,1.957612031910915817e-03,-2.457358226999772910e-03
7.965625208486563080e-01,7.950976352049485829e-01,-1.464885643707725116e-03,-4.394656931123175347e-03,2.031332778751337997e-03,-2.363324152371837350e-03
7.965555134069786103e-01,7.950976352049485829e-01,-1.457878202030027381e-03,-4.373634606090082144e-03,2.102232503309320322e-03,-2.271402102780761822e-03
7.965482788250906054e-01,7.950976352049485829e-01,-1.450643620142022527e-03,-4.351930860426067582e-03,2.170374566401456207e-03,-2.181556294024611375e-03
7.965408260875732616e-01,7.950976352049485829e-01,-1.443190882624678650e-03,-4.329572647874035951e-03,2.235821255203163105e-03,-2.093751392670872846e-03
7.965331639749165804e-01,7.950976352049485829e-01,-1.435528769967997498e-03,-4.306586309903992493e-03,2.298633797004345780e-03,-2.007952512899646713e-03
7.965253010670086953e-01,7.950976352049485829e-01,-1.427665862060112367e-03,-4.282997586180337102e-03,2.358872372365539150e-03,-1.924125213814797952e-03
7.965172457465793387e-01,7.950976352049485829e-01,-1.419610541630755840e-03,-4.258831624892267520e-03,2.416596128806958177e-03,-1.842235496085309343e-03
7.965090062026004558e-01,7.950976352049485829e-01,-1.411370997651872905e-03,-4.234112992955618715e-03,2.471863193664880498e-03,-1.762249799290738217e-03
7.965005904336416309e-01,7.950976352049485829e-01,-1.402955228693048007e-03,-4.208865686079144020e-03,2.524730687647469551e-03,-1.684134998431674468e-03
7.964920062511828824e-01,7.950976352049485829e-01,-1.394371046234299527e-03,-4.183113138702898581e-03,2.575254737624543822e-03,-1.607858401078354760e-03
7.964832612828840475e-01,7.950976352049485829e-01,-1.385626077935464551e-03,-4.156878233806393652e-03,2.623490489650492918e-03,-1.533387744155900734e-03
7.964743629758108678e-01,7.950976352049485829e-01,-1.376727770862284927e-03,-4.130183312586854782e-03,2.669492121953886965e-03,-1.460691190632967817e-03
7.964653185996185547e-01,2.331720834123760522e-01,-5.632932351872425025e-01,-1.689879705561727619e+00,0.000000000000000000e+00,-1.689879705561727619e+00
7.962872862528701523e-01,2.331720834123760522e-01,-5.631152028404941001e-01,-1.689345608521482411e+00,5.340970402452072108e-02,-1.635935904496961690e+00
7.959456603156720433e-01,2.331720834123760522e-01,-5.627735769032959912e-01,-1.688320730709887973e+00,1.024877811594326893e-01,-1.585832949550455284e+00
7.954454510835188286e-01,2.331720834123760522e-01,-5.622733676711427764e-01,-1.686820103013428440e+00,1.500627696459644334e-01,-1.536757333367464007e+00
7.947915661180289248e-01,2.331720834123760522e-01,-5.616194827056528727e-01,-1.684858448116958618e+00,1.961654896469711140e-01,-1.488692958469987504e+00
7.939888118566920117e-01,2.331720834123760522e-01,-5.608167284443159595e-01,-1.682450185332947878e+00,2.408262784010739566e-01,-1.441623906931873922e+00
7.930418952046618397e-01,2.331720834123760522e-01,-5.598698117922857875e-01,-1.679609435376857363e+00,2.840749956090515838e-01,-1.395534439767805779e+00
7.919554251086549090e-01,2.331720834123760522e-01,-5.587833416962788569e-01,-1.676350025088836571e+00,3.259410288020792024e-01,-1.350408996286757368e+00
7.907339141130192983e-01,2.331720834123760522e-01,-5.575618307006432461e-01,-1.672685492101929849e+00,3.664532986906832157e-01,-1.306232193411246634e+00
7.893817798980425904e-01,2.331720834123760522e-01,-5.562096964856665382e-01,-1.668629089456999726e+00,4.056402644930123813e-01,-1.262988824963987344e+00
7.879033468005695040e-01,2.331720834123760522e-01,-5.547312633881934518e-01,-1.664193790164580466e+00,4.435299292419259132e-01,-1.220663860922654553e+00
7.863028473170041721e-01,2.331720834123760522e-01,-5.531307639046281199e-01,-1.659392291713884360e+00,4.801498450695995679e-01,-1.179242446644284792e+00
7.845844235887743379e-01,2.331720834123760522e-01,-5.514123401763982857e-01,-1.654237020529194968e+00,5.155271184689502739e-01,-1.138709902060244694e+00
7.827521288703385149e-01,2.331720834123760522e-01,-5.495800454579624628e-01,-1.648740136373887388e+00,5.496884155307468767e-01,-1.099051720843140512e+00
7.808099289798183795e-01,2.331720834123760522e-01,-5.476378455674423273e-01,-1.642913536702327093e+00,5.826599671560406257e-01,-1.060253569546286467e+00
7.787617037323436575e-01,2.331720834123760522e-01,-5.455896203199676053e-01,-1.636768860959902927e+00,6.144675742424166032e-01,-1.022301286717486324e+00
7.766112483561971036e-01,2.331720834123760522e-01,-5.434391649438210514e-01,-1.630317494831463154e+00,6.451366128439661729e-01,-9.851808819874969814e-01
7.743622748918518317e-01,2.331720834123760522e-01,-5.411901914794757795e-01,-1.623570574438427450e+00,6.746920393035815700e-01,-9.488785351348458796e-01
7.720184135739930342e-01,2.331720834123760522e-01,-5.388463301616169820e-01,-1.616538990484850835e+00,7.031583953576392432e-01,-9.133805951272115919e-01
7.695832141966215678e-01,2.331720834123760522e-01,-5.364111307842455156e-01,-1.609233392352736658e+00,7.305598132114399235e-01,-8.786735791412967345e-01
7.670601474613359949e-01,2.331720834123760522e-01,-5.338880640489599427e-01,-1.601664192146879717e+00,7.569200205856718711e-01,-8.447441715612078461e-01
7.644526063088942225e-01,2.331720834123760522e-01,-5.312805228965181703e-01,-1.593841568689554400e+00,7.822623457325317275e-01,-8.115792229570226723e-01
7.617639072341567674e-01,2.331720834123760522e-01,-5.285918238217807152e-01,-1.585775471465342257e+00,8.066097224212365191e-01,-7.791657490441057377e-01
7.589972915845148993e-01,2.331720834123760522e-01,-5.258252081721388471e-01,-1.577475624516416541e+00,8.299846948925604373e-01,-7.474909296238561041e-01
7.561559268419106861e-01,2.331720834123760522e-01,-5.229838434295346339e-01,-1.568951530288603902e+00,8.524094227812639701e-01,-7.165421075073399315e-01
7.532429078885557461e-01,2.331720834123760522e-01,-5.200708244761796939e-01,-1.560212473428538971e+00,8.739056860064819965e-01,-6.863067874220569742e-01
7.502612582564586186e-01,2.331720834123760522e-01,-5.170891748440825664e-01,-1.551267524532247588e+00,8.944948896291382567e-01,-6.567726349031093314e-01
7.472139313608711086e-01,2.331720834123760522e-01,-5.140418479484950565e-01,-1.542125543845485058e+00,9.141980686762529729e-01,-6.279274751692320855e-01
7.441038117177667388e-01,2.331720834123760522e-01,-5.109317283053906866e-01,-1.532795184916172060e+00,9.330358929313109506e-01,-5.997592919848611093e-01
7.409337161454638832e-01,2.331720834123760522e-01,-5.077616327330878310e-01,-1.523284898199263493e+00,9.510286716908566973e-01,-5.722562265084067956e-01
7.377063949505101581e-01,2.331720834123760522e-01,-5.045343115381341059e-01,-1.513602934614402429e+00,9.681963584861175143e-01,-5.454065761282849145e-01
7.344245330979436437e-01,2.331720834123760522e-01,-5.012524496855675915e-01,-1.503757349056702886e+00,9.845585557699543244e-01,-5.191987932867485611e-01
7.310907513660483970e-01,2.331720834123760522e-01,-4.979186679536723448e-01,-1.493756003861017145e+00,1.000134519568574021e+00,-4.936214842924431245e-01
7.277076074857239396e-01,2.331720834123760522e-01,-4.945355240733478874e-01,-1.483606572220043773e+00,1.014943164097337203e+00,-4.686634081227065707e-01
7.242775972645871807e-01,2.331720834123760522e-01,-4.911055138522111285e-01,-1.473316541556633386e+00,1.029003066341027672e+00,-4.443134752156057132e-01
7.208031556959288988e-01,2.331720834123760522e-01,-4.876310722835528466e-01,-1.462893216850658540e+00,1.042332470597484573e+00,-4.205607462531739671e-01
7.172866580526452429e-01,2.331720834123760522e-01,-4.841145746402691907e-01,-1.452343723920807683e+00,1.054949292985096765e+00,-3.973944309357109184e-01
7.137304209662680421e-01,2.331720834123760522e-01,-4.805583375538919899e-01,-1.441675012661675970e+00,1.066871125913160245e+00,-3.748038867485157244e-01
7.101367034912160481e-01,2.331720834123760522e-01,-4.769646200788399959e-01,-1.430893860236519988e+00,1.078115242515598204e+00,-3.527786177209217833e-01
7.065077081543919002e-01,2.331720834123760522e-01,-4.733356247420158480e-01,-1.420006874226047433e+00,1.088698601047244363e+00,-3.313082731788030699e-01
7.028455819902499346e-01,2.331720834123760522e-01,-4.696734985778738825e-01,-1.409020495733621647e+00,1.098637849242589670e+00,-3.103826464910319771e-01
6.991524175614588499e-01,2.331720834123760522e-01,-4.659803341490827977e-01,-1.397941002447248504e+00,1.107949328637325426e+00,-2.899916738099230784e-01
6.954302539652867932e-01,2.331720834123760522e-01,-4.622581705529107410e-01,-1.386774511658732223e+00,1.116649078851617016e+00,-2.701254328071152067e-01
6.916810778258339898e-01,2.331720834123760522e-01,-4.585089944134579376e-01,-1.375526983240373813e+00,1.124752841835841011e+00,-2.507741414045328021e-01
6.879068242722407023e-01,2.331720834123760522e-01,-4.547347408598646501e-01,-1.364204222579593839e+00,1.132276066077986254e+00,-2.319281565016075852e-01
6.841093779029973065e-01,2.331720834123760522e-01,-4.509372944906212544e-01,-1.352811883471863652e+00,1.139233910773018721e+00,-2.135779726988449312e-01
6.802905737364839389e-01,2.331720834123760522e-01,-4.471184903241078867e-01,-1.341355470972323660e+00,1.145641249954010288e+00,-1.957142210183133724e-01
6.764521981478688328e-01,2.331720834123760522e-01,-4.432801147354927807e-01,-1.329840344206478342e+00,1.151512676584531825e+00,-1.783276676219465173e-01
6.725959897924914666e-01,2.331720834123760522e-01,-4.394239063801154144e-01,-1.318271719140346132e+00,1.156862506613209884e+00,-1.614092125271362477e-01
6.687236405158614172e-01,2.331720834123760522e-01,-4.355515571034853650e-01,-1.306654671310456095e+00,1.161704782989014806e+00,-1.449498883214412892e-01
6.648367962503992645e-01,2.331720834123760522e-01,-4.316647128380232123e-01,-1.294994138514069526e+00,1.166053279638645801e+00,-1.289408588754237250e-01
6.609370578990495515e-01,2.331720834123760522e-01,-4.277649744866734993e-01,-1.283294923460020609e+00,1.169921505404913908e+00,-1.133734180551067006e-01
6.570259822058942545e-01,2.331720834123760522e-01,-4.238538987935182023e-01,-1.271561696380554718e+00,1.173322707946589105e+00,-9.823898843396561276e-02
6.531050826138955490e-01,2.331720834123760522e-01,-4.199329992015194968e-01,-1.259798997604558490e+00,1.176269877599611657e+00,-8.352912000494683298e-02
6.491758301098964345e-01,2.331720834123760522e-01,-4.160037466975203824e-01,-1.248011240092561147e+00,1.178775751199734323e+00,-6.923548889282682417e-02
6.452396540570080052e-01,2.331720834123760522e-01,-4.120675706446319531e-01,-1.236202711933895859e+00,1.180852815866528793e+00,-5.534989606736706591e-02
6.412979430145128168e-01,2.331720834123760522e-01,-4.081258596021367646e-01,-1.224377578806410405e+00,1.182513312748556533e+00,-4.186426605785387167e-02
6.373520455454119160e-01,2.331720834123760522e-01,-4.041799621330358638e-01,-1.212539886399107480e+00,1.183769240730270234e+00,-2.877064566883724694e-02
6.334032710117440956e-01,2.331720834123760522e-01,-4.002311875993680435e-01,-1.200693562798104130e+00,1.184632360100346116e+00,-1.606120269775801468e-02
6.294528903578064938e-01,2.331720834123760522e-01,-3.962808069454304416e-01,-1.188842420836291325e+00,1.185114196181280555e+00,-3.728224655010770050e-03
6.255021368814033256e-01,2.331720834123760522e-01,-3.923300534690272734e-01,-1.176990160407081820e+00,1.185226042920950462e+00,8.235882513868642008e-03
6.215522069932516436e-01,2.331720834123760522e-01,-3.883801235808755914e-01,-1.165140370742626885e+00,1.184978966445504600e+00,1.983859570287771490e-02
6.176042609646702486e-01,2.331720834123760522e-01,-3.844321775522941964e-01,-1.153296532656882700e+00,1.184383808574418495e+00,3.108727591753579489e-02
6.136594236636805366e-01,2.331720834123760522e-01,-3.804873402513044844e-01,-1.141462020753913453e+00,1.183451190296913591e+00,4.198916954300013771e-02
6.097187852796451812e-01,2.331720834123760522e-01,-3.765467018672691291e-01,-1.129640105601807498e+00,1.182191515210606614e+00,5.255140960879911560e-02
6.057834020365706618e-01,2.331720834123760522e-01,-3.726113186241946096e-01,-1.117833955872583829e+00,1.180614972922355843e+00,6.278101704977201436e-02
6.018542968952010908e-01,2.331720834123760522e-01,-3.686822134828250386e-01,-1.106046640448475227e+00,1.178731542410871302e+00,7.268490196239607570e-02
5.979324602440277969e-01,2.331720834123760522e-01,-3.647603768316517447e-01,-1.094281130494955345e+00,1.176550995351988149e+00,8.226986485703280394e-02
5.940188505793402296e-01,2.331720834123760522e-01,-3.608467671669641774e-01,-1.082540301500892532e+00,1.174082899406270197e+00,9.154259790537766506e-02
5.901143951744431959e-01,2.331720834123760522e-01,-3.569423117620671437e-01,-1.070826935286201431e+00,1.171336621469110106e+00,1.005096861829086752e-01
5.862199907381644426e-01,2.331720834123760522e-01,-3.530479073257883904e-01,-1.059143721977365171e+00,1.168321330883625997e+00,1.091776089062608257e-01
5.823365040627762612e-01,2.331720834123760522e-01,-3.491644206504002090e-01,-1.047493261951200516e+00,1.165046002616454413e+00,1.175527406652538964e-01
5.784647726614546848e-01,2.331720834123760522e-01,-3.452926892490786326e-01,-1.035878067747235898e+00,1.161519420396472935e+00,1.256413526492370369e-01
5.746056053953979559e-01,2.331720834123760522e-01,-3.414335219830219037e-01,-1.024300565949065600e+00,1.157750179817018665e+00,1.334496138679530652e-01
5.707597830907280567e-01,2.331720834123760522e-01,-3.375876996783520045e-01,-1.012763099035056014e+00,1.153746691400969748e+00,1.409835923659137347e-01
5.669280591452947604e-01,2.331720834123760522e-01,-3.337559757329187082e-01,-1.001267927198756125e+00,1.149517183629988892e+00,1.482492564312327676e-01
5.631111601255045507e-01,2.331720834123760522e-01,-3.299390767131284985e-01,-9.898172301393854955e-01,1.145069705937062920e+00,1.552524757976774250e-01
5.593097863532940917e-01,2.331720834123760522e-01,-3.261377029409180395e-01,-9.784131088227541184e-01,1.140412131663137707e+00,1.619990228403835886e-01
5.555246124833677079e-01,2.331720834123760522e-01,-3.223525290709916558e-01,-9.670575872129749673e-01,1.135552160977915115e+00,1.684945737649401476e-01
5.517562880708178907e-01,2.331720834123760522e-01,-3.185842046584418386e-01,-9.557526139753255157e-01,1.130497323764945161e+00,1.747447097896196455e-01
5.480054381292469579e-01,2.331720834123760522e-01,-3.148333547168709057e-01,-9.445000641506127170e-01,1.125254982471279863e+00,1.807549183206671461e-01
5.442726636795081063e-01,2.331720834123760522e-01,-3.111005802671320541e-01,-9.333017408013961624e-01,1.119832334921655459e+00,1.865305941202592965e-01
5.405585422891813208e-01,2.331720834123760522e-01,-3.073864588768052686e-01,-9.221593766304158057e-01,1.114236417098035670e+00,1.920770404676198639e-01
5.368636286029012661e-01,2.331720834123760522e-01,-3.036915451905252139e-01,-9.110746355715756417e-01,1.108474105884016403e+00,1.973994703124407613e-01
5.331884548636524057e-01,2.331720834123760522e-01,-3.000163714512763535e-01,-9.000491143538290606e-01,1.102552121774658112e+00,2.025030074208290509e-01
5.295335314251456982e-01,2.331720834123760522e-01,-2.963614480127696460e-01,-8.890843440383089380e-01,1.096477031552012260e+00,2.073926875137033221e-01
5.258993472553903370e-01,2.331720834123760522e-01,-2.927272638430142848e-01,-8.781817915290428544e-01,1.090255250926608355e+00,2.120734593975655002e-01
5.222863704315747757e-01,2.331720834123760522e-01,-2.891142870191987235e-01,-8.673428610575961706e-01,1.083893047144668387e+00,2.165501860870722162e-01
5.186950486263678384e-01,2.331720834123760522e-01,-2.855229652139917862e-01,-8.565688956419753586e-01,1.077396541562081200e+00,2.208276459201058417e-01
5.151258095857529362e-01,2.331720834123760522e-01,-2.819537261733768840e-01,-8.458611785201306521e-01,1.070771712184470648e+00,2.249105336643399955e-01
5.115790615985045253e-01,2.331720834123760522e-01,-2.784069781861284731e-01,-8.352209345583854194e-01,1.064024396174523268e+00,2.288034616161378487e-01
5.080551939574177167e-01,2.331720834123760522e-01,-2.748831105450416645e-01,-8.246493316351249936e-01,1.057160292326042583e+00,2.325109606909175897e-01
5.045545774123999516e-01,2.331720834123760522e-01,-2.713824940000238994e-01,-8.141474820000716983e-01,1.050184963505329527e+00,2.360374815052578290e-01
5.010775646155327667e-01,2.331720834123760522e-01,-2.679054812031567145e-01,-8.037164436094701436e-01,1.043103839060155469e+00,2.393873954506853252e-01
4.976244905582106193e-01,2.331720834123760522e-01,-2.644524071458345671e-01,-7.933572214375037568e-01,1.035922217196644235e+00,2.425649957591404782e-01
4.941956730004644083e-01,2.331720834123760522e-01,-2.610235895880883561e-01,-7.830707687642650683e-01,1.028645267323863299e+00,2.455744985595982310e-01
4.907914128925741082e-01,2.331720834123760522e-01,-2.576193294801980560e-01,-7.728579884405941680e-01,1.021278032367090027e+00,2.484200439264958593e-01
4.874119947890764859e-01,2.331720834123760522e-01,-2.542399113767004337e-01,-7.627197341301013012e-01,1.013825431049286685e+00,2.511056969191853838e-01
4.840576872552707632e-01,2.331720834123760522e-01,-2.508856038428947111e-01,-7.526568115286841332e-01,1.006292260141716799e+00,2.536354486130326658e-01
4.807287432663263638e-01,2.331720834123760522e-01,-2.475566598539503116e-01,-7.426699795618509903e-01,9.986831966833198404e-01,2.560132171214688501e-01
4.774254005990941074e-01,2.331720834123760522e-01,-2.442533171867180553e-01,-7.327599515601541658e-01,9.910028001696769007e-01,2.582428486095227349e-01
4.741478822167228269e-01,2.331720834123760522e-01,-2.409757988043467747e-01,-7.229273964130402685e-01,9.832555147113841709e-01,2.603281182983439024e-01
4.708963966461813810e-01,2.331720834123760522e-01,-2.377243132338053289e-01,-7.131729397014159311e-01,9.754456711624337473e-01,2.622727314610178162e-01
4.676711383487859863e-01,2.331720834123760522e-01,-2.344990549364099341e-01,-7.034971648092298580e-01,9.675774892186184140e-01,2.640803244093885560e-01
4.644722880838315637e-01,2.331720834123760522e-01,-2.313002046714555116e-01,-6.939006140143665347e-01,9.596550794863267786e-01,2.657544654719602439e-01
4.613000132654243579e-01,2.331720834123760522e-01,-2.281279298530483057e-01,-6.843837895591449172e-01,9.516824455221617463e-01,2.672986559630168291e-01
4.581544683126134165e-01,2.331720834123760522e-01,-2.249823849002373644e-01,-6.749471547007120931e-01,9.436634858432824124e-01,2.687163311425703194e-01
4.550357949929167423e-01,2.331720834123760522e-01,-2.218637115805406901e-01,-6.655911347416221258e-01,9.356019959090022819e-01,2.700108611673801562e-01
4.519441227593368193e-01,2.331720834123760522e-01,-2.187720393469607671e-01,-6.563161180408823014e-01,9.275016700739768805e-01,2.711855520330945790e-01
4.488795690809602168e-01,2.331720834123760522e-01,-2.157074856685841646e-01,-6.471224570057525494e-01,9.193661035129807590e-01,2.722436465072282097e-01
4.458422397672343052e-01,2.331720834123760522e-01,-2.126701563548582530e-01,-6.380104690645747034e-01,9.111987941177734918e-01,2.731883250531987883e-01
4.428322292860137344e-01,2.331720834123760522e-01,-2.096601458736376822e-01,-6.289804376209130465e-01,9.030031443661712398e-01,2.740227067452581933e-01
4.398496210754676561e-01,2.331720834123760522e-01,-2.066775376630916039e-01,-6.200326129892748117e-01,8.947824631638234827e-01,2.747498501745486710e-01
4.368944878499390616e-01,2.331720834123760522e-01,-2.037224044375630094e-01,-6.111672133126890838e-01,8.865399676585783428e-01,2.753727543458892590e-01
4.339668918998450531e-01,2.331720834123760522e-01,-2.007948084874690009e-01,-6.023844254624070027e-01,8.782787850282025577e-01,2.758943595657955550e-01
4.310668853857076432e-01,2.331720834123760522e-01,-1.978948019733315911e-01,-5.936844059199948287e-01,8.700019542412229523e-01,2.763175483212281236e-01
4.281945106264023471e-01,2.331720834123760522e-01,-1.950224272140262949e-01,-5.850672816420788847e-01,8.617124277915888531e-01,2.766451461495099684e-01
4.253498003817119955e-01,2.331720834123760522e-01,-1.921777169693359433e-01,-5.765331509080078298e-01,8.534130734071054825e-01,2.768799224990976526e-01
4.225327781292715357e-01,2.331720834123760522e-01,-1.893606947168954835e-01,-5.680820841506863950e-01,8.451066757321379352e-01,2.770245915814515403e-01
4.197434583359892502e-01,2.331720834123760522e-01,-1.865713749236131980e-01,-5.597141247708395939e-01,8.367959379846856560e-01,2.770818132138460621e-01
4.169818467240283266e-01,2.331720834123760522e-01,-1.838097633116522744e-01,-5.514292899349568788e-01,8.284834835882770587e-01,2.770541936533201799e-01
4.142479405314327123e-01,2.331720834123760522e-01,-1.810758571190566601e-01,-5.432275713571699249e-01,8.201718577786842879e-01,2.769442864215143629e-01
4.115417287674792979e-01,2.331720834123760522e-01,-1.783696453551032457e-01,-5.351089360653097371e-01,8.118635291860243353e-01,2.767545931207145982e-01
4.088631924628379211e-01,2.331720834123760522e-01,-1.756911090504618689e-01,-5.270733271513856621e-01,8.035608913924130459e-01,2.764875642410273837e-01
4.062123049146206810e-01,2.331720834123760522e-01,-1.730402215022446288e-01,-5.191206645067338865e-01,7.952662644651720125e-01,2.761455999584381260e-01
4.035890319263992776e-01,2.331720834123760522e-01,-1.704169485140232254e-01,-5.112508455420696762e-01,7.869818964664210270e-01,2.757310509243513508e-01
4.009933320432703119e-01,2.331720834123760522e-01,-1.678212486308942597e-01,-5.034637458926827236e-01,7.787099649386897138e-01,2.752462190460069902e-01
3.984251567820459305e-01,2.331720834123760522e-01,-1.652530733696698784e-01,-4.957592201090096351e-01,7.704525783673144002e-01,2.746933582583047651e-01
3.958844508566473630e-01,2.331720834123760522e-01,-1.627123674442713108e-01,-4.881371023328139325e-01,7.622117776195702632e-01,2.740746752867563307e-01
3.933711523987774572e-01,2.331720834123760522e-01,-1.601990689864014050e-01,-4.805972069592042151e-01,7.539895373609717399e-01,2.733923304017675249e-01
3.908851931739477648e-01,2.331720834123760522e-01,-1.577131097615717126e-01,-4.731393292847151377e-01,7.457877674489077346e-01,2.726484381641925969e-01
3.884264987929345048e-01,2.331720834123760522e-01,-1.552544153805584526e-01,-4.657632461416753578e-01,7.376083143039779966e-01,2.718450681623026388e-01
3.859949889187374583e-01,2.331720834123760522e-01,-1.528229055063614061e-01,-4.584687165190842184e-01,7.294529622591139351e-01,2.709842457400297167e-01
3.835905774691144021e-01,2.331720834123760522e-01,-1.504184940567383499e-01,-4.512554821702150498e-01,7.213234348869168588e-01,2.700679527167018090e-01
3.812131728147630239e-01,2.331720834123760522e-01,-1.480410894023869717e-01,-4.441232682071609150e-01,7.132213963054134798e-01,2.690981280982525647e-01
3.788626779732214844e-01,2.331720834123760522e-01,-1.456905945608454322e-01,-4.370717836825362967e-01,7.051484524624618277e-01,2.680766687799255310e-01
3.765389907985579043e-01,2.331720834123760522e-01,-1.433669073861818521e-01,-4.301007221585455564e-01,6.971061523990740305e-01,2.670054302405284741e-01
3.742420041669183850e-01,2.331720834123760522e-01,-1.410699207545423328e-01,-4.232097622636269985e-01,6.890959894918557982e-01,2.658862272282287997e-01
3.719716061580016775e-01,2.331720834123760522e-01,-1.387995227456256253e-01,-4.163985682368768759e-01,6.811194026750122532e-01,2.647208344381353773e-01
3.697276802325288325e-01,2.331720834123760522e-01,-1.365555968201527803e-01,-4.096667904604583410e-01,6.731777776418534920e-01,2.635109871813951510e-01
3.675101054057741123e-01,2.331720834123760522e-01,-1.343380219933980602e-01,-4.030140659801941805e-01,6.652724480264160523e-01,2.622583820462218718e-01
3.653187564172239998e-01,2.331720834123760522e-01,-1.321466730048479477e-01,-3.964400190145438430e-01,6.574046965650337526e-01,2.609646775504899097e-01
3.631535038964289197e-01,2.331720834123760522e-01,-1.299814204840528675e-01,-3.899442614521586026e-01,6.495757562385240380e-01,2.596314947863654354e-01
3.610142145251125090e-01,2.331720834123760522e-01,-1.278421311127364568e-01,-3.835263933382093704e-01,6.417868113949232178e-01,2.582604180567138474e-01
3.589007511956017749e-01,2.331720834123760522e-01,-1.257286677832257227e-01,-3.771860033496771680e-01,6.340389988532202370e-01,2.568529955035430690e-01
3.568129731656413672e-01,2.331720834123760522e-01,-1.236408897532653151e-01,-3.709226692597959452e-01,6.263334089881222866e-01,2.554107397283263414e-01
3.547507362096538053e-01,2.331720834123760522e-01,-1.215786527972777531e-01,-3.647359583918332593e-01,6.186710867962685878e-01,2.539351284044353285e-01
3.527138927665066648e-01,2.331720834123760522e-01,-1.195418093541306126e-01,-3.586254280623918378e-01,6.110530329441421493e-01,2.524276048817503115e-01
3.507022920838477331e-01,2.331720834123760522e-01,-1.175302086714716809e-01,-3.525906260144150428e-01,6.034802047976794981e-01,2.508895787832644553e-01
3.487157803590670846e-01,2.331720834123760522e-01,-1.155436969466910324e-01,-3.466310908400730972e-01,5.959535174341945574e-01,2.493224265941214601e-01
3.467542008769458617e-01,2.331720834123760522e-01,-1.135821174645698095e-01,-3.407463523937094285e-01,5.884738446363668718e-01,2.477274922426574433e-01
3.448173941440489387e-01,2.331720834123760522e-01,-1.116453107316728866e-01,-3.349359321950186597e-01,5.810420198690768867e-01,2.461060876740582271e-01
3.429051980199194216e-01,2.331720834123760522e-01,-1.097331146075433694e-01,-3.291993438226301083e-01,5.736588372388551349e-01,2.444594934162250266e-01
3.410174478451314939e-01,2.331720834123760522e-01,-1.078453644327554417e-01,-3.235360932982663251e-01,5.663250524363783178e-01,2.427889591381119927e-01
3.391539765662573980e-01,2.331720834123760522e-01,-1.059818931538813458e-01,-3.179456794616440374e-01,5.590413836622287747e-01,2.410957042005847373e-01
3.373146148578033410e-01,2.331720834123760522e-01,-1.041425314454272888e-01,-3.124275943362818664e-01,5.518085125362170995e-01,2.393809181999352331e-01
3.354991912411692812e-01,2.331720834123760522e-01,-1.023271078287932290e-01,-3.069813234863796869e-01,5.446270849902179467e-01,2.376457615038382598e-01
3.337075322006856082e-01,2.331720834123760522e-01,-1.005354487883095560e-01,-3.016063463649286680e-01,5.374977121451018913e-01,2.358913657801732233e-01
3.319394622967799524e-01,2.331720834123760522e-01,-9.876737888440390023e-02,-2.963021366532117007e-01,5.304209711716967313e-01,2.341188345184850306e-01
3.301948042763261371e-01,2.331720834123760522e-01,-9.702272086395008488e-02,-2.910681625918502546e-01,5.233974061361446051e-01,2.323292435442943504e-01
3.284733791802267877e-01,2.331720834123760522e-01,-9.530129576785073553e-02,-2.859038873035522066e-01,5.164275288298048050e-01,2.305236415262525984e-01
3.267750064482800587e-01,2.331720834123760522e-01,-9.360292303590400653e-02,-2.808087691077120196e-01,5.095118195840186992e-01,2.287030504763066796e-01
3.250995040213809362e-01,2.331720834123760522e-01,-9.192742060900488399e-02,-2.757822618270146520e-01,5.026507280697367630e-01,2.268684662427221110e-01
3.234466884411060783e-01,2.331720834123760522e-01,-9.027460502873002612e-02,-2.708238150861900784e-01,4.958446740824573595e-01,2.250208589962672812e-01
3.218163749467308765e-01,2.331720834123760522e-01,-8.864429153435482434e-02,-2.659328746030644730e-01,4.890940483125605365e-01,2.231611737094960635e-01
3.202083775697265877e-01,2.331720834123760522e-01,-8.703629415735053554e-02,-2.611088824720516066e-01,4.823992131012866391e-01,2.212903306292350325e-01
3.186225092257852221e-01,2.331720834123760522e-01,-8.545042581340916987e-02,-2.563512774402275096e-01,4.757605031824096997e-01,2.194092257421821901e-01
3.170585818044180937e-01,2.331720834123760522e-01,-8.388649839204204151e-02,-2.516594951761261245e-01,4.691782264101385103e-01,2.175187312340123857e-01
3.155164062561743865e-01,2.331720834123760522e-01,-8.234432284379833433e-02,-2.470329685313950030e-01,4.626526644731121518e-01,2.156196959417171488e-01
3.139957926775248098e-01,2.331720834123760522e-01,-8.082370926514875764e-02,-2.424711277954462729e-01,4.561840735948730075e-01,2.137129457994267345e-01
3.124965503934551969e-01,2.331720834123760522e-01,-7.932446698107914473e-02,-2.379734009432374342e-01,4.497726852208838721e-01,2.117992842776464379e-01
3.110184880378133454e-01,2.331720834123760522e-01,-7.784640462543729322e-02,-2.335392138763118797e-01,4.434187066925554532e-01,2.098794928162435736e-01
3.095614136314531195e-01,2.331720834123760522e-01,-7.638933021907706733e-02,-2.291679906572312020e-01,4.371223219080677680e-01,2.079543312508365660e-01
3.081251346582180028e-01,2.331720834123760522e-01,-7.495305124584195067e-02,-2.248591537375258520e-01,4.308836919705349988e-01,2.060245382330091468e-01
3.067094581388061791e-01,2.331720834123760522e-01,-7.353737472643012696e-02,-2.206121241792903809e-01,4.247029558235471125e-01,2.040908316442567316e-01
3.053141907025587742e-01,2.331720834123760522e-01,-7.214210729018272206e-02,-2.164263218705481662e-01,4.185802308742214706e-01,2.021539090036733044e-01
3.039391386572117271e-01,2.331720834123760522e-01,-7.076705524483567489e-02,-2.123011657345070247e-01,4.125156136041141508e-01,2.002144478696071261e-01
3.025841080566516461e-01,2.331720834123760522e-01,-6.941202464427559393e-02,-2.082360739328267818e-01,4.065091801680242867e-01,1.982731062351975049e-01
3.012489047667150643e-01,2.331720834123760522e-01,-6.807682135433901216e-02,-2.042304640630170365e-01,4.005609869809745316e-01,1.963305229179574951e-01
2.999333345290702835e-01,2.331720834123760522e-01,-6.676125111669423129e-02,-2.002837533500826939e-01,3.946710712934342613e-01,1.943873179433515674e-01
2.986372030232198327e-01,2.331720834123760522e-01,-6.546511961084378051e-02,-1.963953588325313415e-01,3.888394517551352347e-01,1.924440929226038932e-01
2.973603159266616780e-01,2.331720834123760522e-01,-6.418823251428562582e-02,-1.925646975428568775e-01,3.830661289674464065e-01,1.905014314245895291e-01
2.961024789732459861e-01,2.331720834123760522e-01,-6.293039556086993391e-02,-1.887911866826098017e-01,3.773510860247075716e-01,1.885598993420977698e-01
2.948634980097644687e-01,2.331720834123760522e-01,-6.169141459738841649e-02,-1.850742437921652495e-01,3.716942890444552283e-01,1.866200452522899789e-01
2.936431790508081674e-01,2.331720834123760522e-01,-6.047109563843211522e-02,-1.814132869152963456e-01,3.660956876868903809e-01,1.846824007715940352e-01
2.924413283319290402e-01,2.331720834123760522e-01,-5.926924491955298802e-02,-1.778077347586589640e-01,3.605552156637381600e-01,1.827474809050791960e-01
2.912577523611404318e-01,2.331720834123760522e-01,-5.808566894876437958e-02,-1.742570068462931387e-01,3.550727912365825301e-01,1.808157843902893913e-01
2.900922579687908454e-01,2.331720834123760522e-01,-5.692017455641479318e-02,-1.707605236692443795e-01,3.496483177048759217e-01,1.788877940356315421e-01
2.889446523558448221e-01,2.331720834123760522e-01,-5.577256894346876992e-02,-1.673177068304063098e-01,3.442816838838069771e-01,1.769639770534006673e-01
2.878147431406041235e-01,2.331720834123760522e-01,-5.464265972822807127e-02,-1.639279791846842138e-01,3.389727645722095950e-01,1.750447853875253812e-01
2.867023384039021905e-01,2.331720834123760522e-01,-5.353025499152613831e-02,-1.605907649745784149e-01,3.337214210105798884e-01,1.731306560360014735e-01
2.856072467328038544e-01,2.331720834123760522e-01,-5.243516332042780226e-02,-1.573054899612834068e-01,3.285275013295008151e-01,1.712220113682174083e-01
2.845292772628423283e-01,2.331720834123760522e-01,-5.135719385046627616e-02,-1.540715815513988285e-01,3.233908409884578283e-01,1.693192594370589998e-01
2.834682397188245107e-01,2.331720834123760522e-01,-5.029615630644845847e-02,-1.508884689193453754e-01,3.183112632053453073e-01,1.674227942859999319e-01
2.824239444542352984e-01,2.331720834123760522e-01,-4.925186104185924618e-02,-1.477555831255777385e-01,3.132885793767636873e-01,1.655329962511859487e-01
2.813962024892712188e-01,2.331720834123760522e-01,-4.822411907689516664e-02,-1.446723572306854999e-01,3.083225894892238639e-01,1.636502322585383640e-01
2.803848255475329676e-01,2.331720834123760522e-01,-4.721274213515691542e-02,-1.416382264054707463e-01,3.034130825214753635e-01,1.617748561160046172e-01
2.793896260914063290e-01,2.331720834123760522e-01,-4.621754267903027680e-02,-1.386526280370908304e-01,2.985598368379915879e-01,1.599072088009007575e-01
2.784104173561597895e-01,2.331720834123760522e-01,-4.523833394378373729e-02,-1.357150018313512119e-01,2.937626205739618523e-01,1.580476187426106405e-01
2.774470133827875440e-01,2.331720834123760522e-01,-4.427492997041149181e-02,-1.328247899112344754e-01,2.890211920116736444e-01,1.561964021004391689e-01
2.764992290496253169e-01,2.331720834123760522e-01,-4.332714563724926471e-02,-1.299814369117477941e-01,2.843352999486681298e-01,1.543538630369203357e-01
2.755668801027667536e-01,2.331720834123760522e-01,-4.239479669039070142e-02,-1.271843900711721043e-01,2.797046840575689863e-01,1.525202939863968821e-01
2.746497831853068616e-01,2.331720834123760522e-01,-4.147769977293080945e-02,-1.244330993187924284e-01,2.751290752379675908e-01,1.506959759191751624e-01
2.737477558654388687e-01,2.331720834123760522e-01,-4.057567245306281656e-02,-1.217270173591884497e-01,2.706081959603978682e-01,1.488811786012094185e-01
2.728606166634310326e-01,2.331720834123760522e-01,-3.968853325105498042e-02,-1.190655997531649413e-01,2.661417606023508409e-01,1.470761608491858996e-01
2.719881850775081045e-01,2.331720834123760522e-01,-3.881610166513205229e-02,-1.164483049953961569e-01,2.617294757768784397e-01,1.452811707814822828e-01
2.711302816086633150e-01,2.331720834123760522e-01,-3.795819819628726277e-02,-1.138745945888617883e-01,2.573710406534368555e-01,1.434964460645750672e-01
2.702867277844249738e-01,2.331720834123760522e-01,-3.711464437204892164e-02,-1.113439331161467649e-01,2.530661472715023397e-01,1.417222141553555748e-01
2.694573461816021642e-01,2.331720834123760522e-01,-3.628526276922611205e-02,-1.088557883076783361e-01,2.488144808468428781e-01,1.399586925391645420e-01
2.686419604480332901e-01,2.331720834123760522e-01,-3.546987703565723793e-02,-1.064096311069717138e-01,2.446157200706622348e-01,1.382060889636905210e-01
2.678403953233607915e-01,2.331720834123760522e-01,-3.466831191098473930e-02,-1.040049357329542179e-01,2.404695374017495890e-01,1.364646016687953711e-01
2.670524766588551757e-01,2.331720834123760522e-01,-3.388039324647912354e-02,-1.016411797394373706e-01,2.363755993516847287e-01,1.347344196122473581e-01
2.662780314363107914e-01,2.331720834123760522e-01,-3.310594802393473923e-02,-9.931784407180421770e-02,2.323335667633152912e-01,1.330157226915110735e-01
2.655168877860355492e-01,2.331720834123760522e-01,-3.234480437365949701e-02,-9.703441312097849103e-02,2.283430950825726669e-01,1.313086819615941758e-01
2.647688750039564609e-01,2.331720834123760522e-01,-3.159679159158040873e-02,-9.479037477474122619e-02,2.244038346237264836e-01,1.296134598489852574e-01
2.640338235678622580e-01,2.331720834123760522e-01,-3.086174015548620586e-02,-9.258522046645861758e-02,2.205154308282608611e-01,1.279302103618022435e-01
2.633115651528042389e-01,2.331720834123760522e-01,-3.013948174042818673e-02,-9.041844522128456019e-02,2.166775245174057396e-01,1.262590792961211794e-01
2.626019326456758285e-01,2.331720834123760522e-01,-2.942984923329977631e-02,-8.828954769989932894e-02,2.128897521385231251e-01,1.246002044386237961e-01
2.619047601589912788e-01,2.331720834123760522e-01,-2.873267674661522664e-02,-8.619803023984567991e-02,2.091517460053649025e-01,1.229537157655192225e-01
2.612198830438832720e-01,2.331720834123760522e-01,-2.804779963150721978e-02,-8.414339889452165933e-02,2.054631345324020586e-01,1.213197356378803993e-01
2.605471379023390766e-01,2.331720834123760522e-01,-2.737505448996302437e-02,-8.212516346988907312e-02,2.018235424632586206e-01,1.196983789933695475e-01
2.598863625986941872e-01,2.331720834123760522e-01,-2.671427918631813503e-02,-8.014283755895440509e-02,1.982325910934668034e-01,1.180897535345123983e-01
2.592373962704027646e-01,2.331720834123760522e-01,-2.606531285802671238e-02,-7.819593857408013715e-02,1.946898984874267935e-01,1.164939599133466563e-01
2.586000793381026952e-01,2.331720834123760522e-01,-2.542799592572664302e-02,-7.628398777717992907e-02,1.911950796900208083e-01,1.149110919128408792e-01
2.579742535149939231e-01,2.331720834123760522e-01,-2.480217010261787092e-02,-7.440651030785361275e-02,1.877477469326316317e-01,1.133412366247780190e-01
2.573597618155475941e-01,2.331720834123760522e-01,-2.418767840317154194e-02,-7.256303520951462582e-02,1.843475098338986928e-01,1.117844746243840670e-01
2.567564485635637217e-01,2.331720834123760522e-01,-2.358436515118766952e-02,-7.075309545356300855e-02,1.809939755951617268e-01,1.102408801415987183e-01
2.561641593995940269e-01,2.331720834123760522e-01,-2.299207598721797474e-02,-6.897622796165392423e-02,1.776867491909084329e-01,1.087105212292545087e-01
2.555827412877472171e-01,2.331720834123760522e-01,-2.241065787537116494e-02,-6.723197362611349481e-02,1.744254335540429413e-01,1.071934599279294464e-01
2.550120425218931897e-01,2.331720834123760522e-01,-2.183995910951713748e-02,-6.551987732855141244e-02,1.712096297562082370e-01,1.056897524276568245e-01
2.544519127312819262e-01,2.331720834123760522e-01,-2.127982931890587404e-02,-6.383948795671762211e-02,1.680389371833790335e-01,1.041994492266614114e-01
2.539022028855933422e-01,2.331720834123760522e-01,-2.073011947321728998e-02,-6.219035841965186995e-02,1.649129537065752160e-01,1.027225952869233461e-01
2.533627652994334678e-01,2.331720834123760522e-01,-2.019068188705741562e-02,-6.057204566117224687e-02,1.618312758479623081e-01,1.012592301867900613e-01
2.528334536362922824e-01,2.331720834123760522e-01,-1.966137022391623024e-02,-5.898411067174869071e-02,1.587934989423556154e-01,9.980938827060692464e-02
2.523141229119781337e-01,2.331720834123760522e-01,-1.914203949960208151e-02,-5.742611849880624453e-02,1.557992172942446185e-01,9.837309879543837399e-02
2.518046294975435639e-01,2.331720834123760522e-01,-1.863254608516751176e-02,-5.589763825550253529e-02,1.528480243303709241e-01,9.695038607486838877e-02
2.513048311217164765e-01,2.331720834123760522e-01,-1.813274770934042435e-02,-5.439824312802127304e-02,1.499395127481262247e-01,9.554126962010495161e-02
2.508145868728513528e-01,2.331720834123760522e-01,-1.764250346047530060e-02,-5.292751038142590181e-02,1.470732746595371232e-01,9.414576427811122139e-02
2.503337572004140643e-01,2.331720834123760522e-01,-1.716167378803801213e-02,-5.148502136411403640e-02,1.442489017311865407e-01,9.276388036707250428e-02
2.498622039160134922e-01,2.331720834123760522e-01,-1.669012050363744004e-02,-5.007036151091232012e-02,1.414659853201716277e-01,9.139562380925930762e-02
2.493997901939938311e-01,2.331720834123760522e-01,-1.622770678161777891e-02,-4.868312034485333673e-02,1.387241166058983399e-01,9.004099626104500320e-02
2.489463805716002898e-01,2.331720834123760522e-01,-1.577429715922423759e-02,-4.732289147767271276e-02,1.360228867180623968e-01,8.869999524038968408e-02
2.485018409487307900e-01,2.331720834123760522e-01,-1.532975753635473781e-02,-4.598927260906421344e-02,1.333618868608499319e-01,8.737261425178571850e-02
2.480660385872864582e-01,2.331720834123760522e-01,-1.489395517491040599e-02,-4.468186552473121798e-02,1.307407084332995462e-01,8.605884290856832819e-02
2.476388421101329840e-01,2.331720834123760522e-01,-1.446675869775693180e-02,-4.340027609327079539e-02,1.281589431460422590e-01,8.475866705277146362e-02
2.472201214996847807e-01,2.331720834123760522e-01,-1.404803808730872849e-02,-4.214411426192618548e-02,1.256161831344609903e-01,8.347206887253480478e-02
2.468097480961238266e-01,2.331720834123760522e-01,-1.363766468374777441e-02,-4.091299405124332322e-02,1.231120210682862259e-01,8.219902701704290271e-02
2.464075945952645952e-01,2.331720834123760522e-01,-1.323551118288854300e-02,-3.970653354866562901e-02,1.206460502577694216e-01,8.093951670910379259e-02
2.460135350460762593e-01,2.331720834123760522e-01,-1.284145163370020715e-02,-3.852435490110062144e-02,1.182178647565007568e-01,7.969350985540013532e-02
2.456274448478734662e-01,2.331720834123760522e-01,-1.245536143549741404e-02,-3.736608430649224211e-02,1.158270594608379334e-01,7.846097515434569125e-02
2.452492007471861191e-01,2.331720834123760522e-01,-1.207711733481006688e-02,-3.623135200443020065e-02,1.134732302062041454e-01,7.724187820177394470e-02
2.448786808343189347e-01,2.331720834123760522e-01,-1.170659742194288255e-02,-3.511979226582864766e-02,1.111559738601552993e-01,7.603618159432665169e-02
2.445157645396111856e-01,2.331720834123760522e-01,-1.134368112723513344e-02,-3.403104338170540033e-02,1.088748884123247329e-01,7.484384503061933258e-02
2.441603326294065068e-01,2.331720834123760522e-01,-1.098824921703045465e-02,-3.296474765109136396e-02,1.066295730614036374e-01,7.366482541031227349e-02
2.438122672017428438e-01,2.331720834123760522e-01,-1.064018378936679166e-02,-3.192055136810037497e-02,1.044196282990988989e-01,7.249907693099852390e-02
2.434714516817722829e-01,2.331720834123760522e-01,-1.029936826939623074e-02,-3.089810480818869221e-02,1.022446559911682762e-01,7.134655118297958398e-02
2.431377708169200347e-01,2.331720834123760522e-01,-9.965687404543982497e-03,-2.989706221363194749e-02,1.001042594556744714e-01,7.020719724204252388e-02
2.428111106717919798e-01,2.331720834123760522e-01,-9.639027259415927640e-03,-2.891708177824778292e-02,9.799804353841645721e-02,6.908096176016867429e-02
2.424913586228399365e-01,2.331720834123760522e-01,-9.319275210463884296e-03,-2.795782563139165289e-02,9.592561468561300320e-02,6.796778905422135031e-02
2.421784033527933366e-01,2.331720834123760522e-01,-9.006319940417284453e-03,-2.701895982125185336e-02,9.388658101397995281e-02,6.686762119272809946e-02
2.418721348448659991e-01,2.331720834123760522e-01,-8.700051432489946945e-03,-2.610015429746984084e-02,9.188055237820125232e-02,6.578039808073141148e-02
2.415724443767467422e-01,2.331720834123760522e-01,-8.400360964370690020e-03,-2.520108289311207006e-02,8.990714043577707759e-02,6.470605754266500753e-02
2.412792245143817460e-01,2.331720834123760522e-01,-8.107141102005693822e-03,-2.432142330601708147e-02,8.796595870949885931e-02,6.364453540348177785e-02
2.409923691055571027e-01,2.331720834123760522e-01,-7.820285693181050490e-03,-2.346085707954315147e-02,8.605662264739299960e-02,6.259576556784984813e-02
2.407117732732892423e-01,2.331720834123760522e-01,-7.539689860913190156e-03,-2.261906958273957047e-02,8.417874968035810035e-02,6.155968009761852988e-02
2.404373334090311454e-01,2.331720834123760522e-01,-7.265249996655093190e-03,-2.179574998996527957e-02,8.233195927742908982e-02,6.053620928746381025e-02
2.401689471657017794e-01,2.331720834123760522e-01,-6.996863753325727187e-03,-2.099059125997718156e-02,8.051587299880980098e-02,5.952528173883261942e-02
2.399065134505463104e-01,2.331720834123760522e-01,-6.734430038170258204e-03,-2.020329011451077461e-02,7.873011454664069486e-02,5.852682443212992025e-02
2.396499324178340551e-01,2.331720834123760522e-01,-6.477849005458002907e-03,-1.943354701637400872e-02,7.697430981367658909e-02,5.754076279730258037e-02
2.393991054614015290e-01,2.331720834123760522e-01,-6.227022049025476846e-03,-1.868106614707643054e-02,7.524808692975781810e-02,5.656702078268138756e-02
2.391539352070472801e-01,2.331720834123760522e-01,-5.981851794671227962e-03,-1.794555538401368389e-02,7.355107630627466531e-02,5.560552092226098142e-02
2.389143255047852521e-01,2.331720834123760522e-01,-5.742242092409199916e-03,-1.722672627722759975e-02,7.188291067860841377e-02,5.465618440138081402e-02
2.386801814209633665e-01,2.331720834123760522e-01,-5.508098008587314354e-03,-1.652429402576194306e-02,7.024322514656566874e-02,5.371893112080372568e-02
2.384514092302535415e-01,2.331720834123760522e-01,-5.279325817877489335e-03,-1.583797745363246801e-02,6.863165721294750554e-02,5.279367975931503754e-02
2.382279164075196687e-01,2.331720834123760522e-01,-5.055832995143616504e-03,-1.516749898543084951e-02,6.704784682016184938e-02,5.188034783473099987e-02
2.380096116195692668e-01,2.331720834123760522e-01,-4.837528207193214635e-03,-1.451258462157964391e-02,6.549143638512056054e-02,5.097885176354091663e-02
2.377964047167951955e-01,2.331720834123760522e-01,-4.624321304419143353e-03,-1.387296391325743006e-02,6.396207083222138490e-02,5.008910691896395484e-02
2.375882067247130358e-01,2.331720834123760522e-01,-4.416123312336983631e-03,-1.324836993701095089e-02,6.245939762464791656e-02,4.921102768763696567e-02
2.373849298353996329e-01,2.331720834123760522e-01,-4.212846423023580700e-03,-1.263853926907074210e-02,6.098306679402087926e-02,4.834452752495013717e-02
2.371864873988387412e-01,2.331720834123760522e-01,-4.014403986462689033e-03,-1.204321195938806710e-02,5.953273096826749988e-02,4.748951900887943278e-02
2.369927939141787121e-01,2.331720834123760522e-01,-3.820710501802659920e-03,-1.146213150540797976e-02,5.810804539800873414e-02,4.664591389260075438e-02
2.368037650209079692e-01,2.331720834123760522e-01,-3.631681608531917016e-03,-1.089504482559575105e-02,5.670866798122287111e-02,4.581362315562712006e-02
2.366193174899527685e-01,2.331720834123760522e-01,-3.447234077576716293e-03,-1.034170223273014888e-02,5.533425928656021675e-02,4.499255705383006787e-02
2.364393692147029602e-01,2.331720834123760522e-01,-3.267285802326908017e-03,-9.801857406980724052e-03,5.398448257494248281e-02,4.418262516796175876e-02
2.362638392019699440e-01,2.331720834123760522e-01,-3.091755789593891857e-03,-9.275267368781675570e-03,5.265900381990484824e-02,4.338373645112317267e-02
2.360926475628820354e-01,2.331720834123760522e-01,-2.920564150505983170e-03,-8.761692451517949509e-03,5.135749172637260607e-02,4.259579927485465656e-02
2.359257155037216280e-01,2.331720834123760522e-01,-2.753632091345575850e-03,-8.260896274036727549e-03,5.007961774812219602e-02,4.181872147408546847e-02
2.357629653167086226e-01,2.331720834123760522e-01,-2.590881904332570373e-03,-7.772645712997711120e-03,4.882505610390164286e-02,4.105241039090393174e-02
2.356043203707346989e-01,2.331720834123760522e-01,-2.432236958358646728e-03,-7.296710875075940184e-03,4.759348379217709368e-02,4.029677291710115350e-02
2.354497051020524867e-01,2.331720834123760522e-01,-2.277621689676434524e-03,-6.832865069029303573e-03,4.638458060466366106e-02,3.955171553563435749e-02
2.352990450049238513e-01,2.331720834123760522e-01,-2.126961592547799151e-03,-6.380884777643397454e-03,4.519802913859061189e-02,3.881714436094721443e-02
2.351522666222312929e-01,2.331720834123760522e-01,-1.980183209855240767e-03,-5.940549629565722300e-03,4.403351480776751536e-02,3.809296517820179306e-02
2.350092975360565661e-01,2.331720834123760522e-01,-1.837214123680513955e-03,-5.511642371041541866e-03,4.289072585241804347e-02,3.737908348137650161e-02
2.348700663582299619e-01,2.331720834123760522e-01,-1.697982945853909742e-03,-5.093948837561729226e-03,4.176935334798126398e-02,3.667540451041953475e-02
2.347345027208544155e-01,2.331720834123760522e-01,-1.562419308478363300e-03,-4.687257925435089900e-03,4.066909121266393257e-02,3.598183328722884267e-02
2.346025372668075759e-01,2.331720834123760522e-01,-1.430453854431523730e-03,-4.291361563294571191e-03,3.958963621405187094e-02,3.529827465075729975e-02
2.344741016402258349e-01,2.331720834123760522e-01,-1.302018227849782717e-03,-3.906054683549348150e-03,3.853068797452230410e-02,3.462463329097295595e-02
2.343491284769731731e-01,2.331720834123760522e-01,-1.177045064597120883e-03,-3.531135193791362648e-03,3.749194897579855024e-02,3.396081378200718759e-02
2.342275513950987098e-01,2.331720834123760522e-01,-1.055467982722657627e-03,-3.166403948167972882e-03,3.647312456233897660e-02,3.330672061417100371e-02
2.341093049852856767e-01,2.331720834123760522e-01,-9.372215729096244896e-04,-2.811664718728873469e-03,3.547392294390994127e-02,3.266225822518106781e-02
2.339943248012951726e-01,2.331720834123760522e-01,-8.222413889191204639e-04,-2.466724166757361392e-03,3.449405519715120771e-02,3.202733103039384632e-02
2.338825473504076990e-01,2.331720834123760522e-01,-7.104639380316468689e-04,-2.131391814094940607e-03,3.353323526624207851e-02,3.140184345214713790e-02
2.337739100838654438e-01,2.331720834123760522e-01,-6.018266714893916181e-04,-1.805480014468174854e-03,3.259117996267657524e-02,3.078569994820840039e-02
2.336683513873180074e-01,2.331720834123760522e-01,-4.962679749419551811e-04,-1.488803924825865543e-03,3.166760896423093108e-02,3.017880503940506554e-02
2.335658105712745125e-01,2.331720834123760522e-01,-3.937271588984603277e-04,-1.181181476695380983e-03,3.076224481304845604e-02,2.958106333635307506e-02
2.334662278615646513e-01,2.331720834123760522e-01,-2.941444491885991663e-04,-8.824333475657974990e-04,2.987481291295834840e-02,2.899237956539255090e-02
2.333695443898113342e-01,2.331720834123760522e-01,-1.974609774352820146e-04,-5.923829323058460439e-04,2.900504152599514551e-02,2.841265859368929947e-02
2.332757021839173828e-01,2.331720834123760522e-01,-1.036187715413305899e-04,-3.108563146239917696e-04,2.815266176818542743e-02,2.784180545356143566e-02
2.331846441585687935e-01,2.331720834123760522e-01,-1.256074619274127890e-05,-3.768223857822383671e-05,2.731740760457679329e-02,2.727972536599856945e-02
2.330963141057567911e-01,2.331720834123760522e-01,7.576930661926106758e-05,2.273079198577832027e-04,2.649901584360070395e-02,2.672632376345848715e-02
2.330106566853211436e-01,2.331720834123760522e-01,1.614267270549085698e-04,4.842801811647257093e-04,2.569722613069425066e-02,2.618150631185897637e-02
2.329276174155166801e-01,2.331720834123760522e-01,2.444659968593720922e-04,7.333979905781162767e-04,2.491178094133905674e-02,2.564517893191717302e-02
2.328471426636053998e-01,2.331720834123760522e-01,3.249407487706523767e-04,9.748222463119571302e-04,2.414242557338408535e-02,2.511724781969604248e-02
2.327691796364760868e-01,2.331720834123760522e-01,4.029037758999653995e-04,1.208711327699896199e-03,2.338890813879390684e-02,2.459761946649380304e-02
2.326936763712934286e-01,2.331720834123760522e-01,4.784070410826235520e-04,1.435221123247870656e-03,2.265097955479744574e-02,2.408620067804531639e-02
2.326205817261785824e-01,2.331720834123760522e-01,5.515016861974697537e-04,1.654505058592409261e-03,2.192839353445386052e-02,2.358289859304626979e-02
2.325498453709230195e-01,2.331720834123760522e-01,6.222380414530326309e-04,1.866714124359097893e-03,2.122090657666886315e-02,2.308762070102796105e-02
2.324814177777375646e-01,2.331720834123760522e-01,6.906656346384876244e-04,2.071996903915462873e-03,2.052827795563649804e-02,2.260027485955196092e-02
2.324152502120380714e-01,2.331720834123760522e-01,7.568332003379807382e-04,2.270499601013942215e-03,1.985026970984793415e-02,2.212076931086187637e-02
2.323512947232696524e-01,2.331720834123760522e-01,8.207886891063997936e-04,2.462366067319199381e-03,1.918664663052571662e-02,2.164901269784491600e-02
2.322895041357710411e-01,2.331720834123760522e-01,8.825792766050111204e-04,2.647737829815033361e-03,1.853717624958339805e-02,2.118491407939843141e-02
2.322298320396803673e-01,2.331720834123760522e-01,9.422513726956849300e-04,2.826754118087054790e-03,1.790162882720214288e-02,2.072838294528919767e-02
2.321722327818842024e-01,2.331720834123760522e-01,9.998506304918497456e-04,2.999551891475549237e-03,1.727977733884944467e-02,2.027932923032499390e-02
2.321166614570110698e-01,2.331720834123760522e-01,1.055421955364982400e-03,3.166265866094947201e-03,1.667139746193979644e-02,1.983766332803474364e-02
2.320630738984707508e-01,2.331720834123760522e-01,1.109009513905301336e-03,3.327028541715904009e-03,1.607626756209568075e-02,1.940329610381158476e-02
2.320114266695408045e-01,2.331720834123760522e-01,1.160656742835247668e-03,3.481970228505743004e-03,1.549416867898389949e-02,1.897613890748964249e-02
2.319616770545016304e-01,2.331720834123760522e-01,1.210406357874421746e-03,3.631219073623265237e-03,1.492488451175222330e-02,1.855610358537548854e-02
2.319137830498209929e-01,2.331720834123760522e-01,1.258300362555059282e-03,3.774901087665177846e-03,1.436820140419126091e-02,1.814310249185643875e-02
2.318677033553895317e-01,2.331720834123760522e-01,1.304380056986520486e-03,3.913140170959561459e-03,1.382390832943836134e-02,1.773704850039792280e-02
2.318233973658081204e-01,2.331720834123760522e-01,1.348686046567931784e-03,4.046058139703795353e-03,1.329179687442338942e-02,1.733785501412718477e-02
2.317808251617280990e-01,2.331720834123760522e-01,1.391258250647953165e-03,4.173774751943859496e-03,1.277166122400641424e-02,1.694543597595027373e-02
2.317399475012456855e-01,2.331720834123760522e-01,1.432135911130366646e-03,4.296407733391099937e-03,1.226329814472404411e-02,1.655970587811514405e-02
2.317007258113510937e-01,2.331720834123760522e-01,1.471357601024958495e-03,4.414072803074875484e-03,1.176650696837755472e-02,1.618057977145243020e-02
2.316631221794336337e-01,2.331720834123760522e-01,1.508961232942418462e-03,4.526883698827255387e-03,1.128108957523799027e-02,1.580797327406524566e-02
2.316270993448435733e-01,2.331720834123760522e-01,1.544984067532478855e-03,4.634952202597436566e-03,1.080685037701811790e-02,1.544180257961555447e-02
2.315926206905114804e-01,2.331720834123760522e-01,1.579462721864571817e-03,4.738388165593715451e-03,1.034359629962788851e-02,1.508198446522160396e-02
2.315596502346259078e-01,2.331720834123760522e-01,1.612433177750144386e-03,4.837299533250433159e-03,9.891136765671770803e-03,1.472843629892220396e-02
2.315281526223702258e-01,2.331720834123760522e-01,1.643930790005826426e-03,4.931792370017479277e-03,9.449283676704611779e-03,1.438107604672209106e-02
2.314980931177192114e-01,2.331720834123760522e-01,1.673990294656840794e-03,5.021970883970522381e-03,9.017851395304310458e-03,1.403982227927483284e-02
2.314694375952961458e-01,2.331720834123760522e-01,1.702645817079906365e-03,5.107937451239719095e-03,8.596656726919671421e-03,1.370459417815939052e-02
2.314421525322908901e-01,2.331720834123760522e-01,1.729930880085162048e-03,5.189792640255486145e-03,8.185518901576704920e-03,1.337531154183219106e-02
2.314162050004398008e-01,2.331720834123760522e-01,1.755878411936251382e-03,5.267635235808754146e-03,7.784259555326800140e-03,1.305189479113555429e-02
2.313915626580678453e-01,2.331720834123760522e-01,1.780520754308206888e-03,5.341562262924620663e-03,7.392702711586651709e-03,1.273426497451127237e-02
2.313681937421933343e-01,2.331720834123760522e-01,1.803889670182717841e-03,5.411669010548153524e-03,7.010674762353286127e-03,1.242234377290143965e-02
2.313460670606961034e-01,2.331720834123760522e-01,1.826016351679948801e-03,5.478049055039846404e-03,6.638004449169288002e-03,1.211605350420913441e-02
2.313251519845493098e-01,2.331720834123760522e-01,1.846931427826742356e-03,5.540794283480227067e-03,6.274522844038066260e-03,1.181531712751829333e-02
2.313054184401152624e-01,2.331720834123760522e-01,1.866664972260789757e-03,5.599994916782369270e-03,5.920063330214220265e-03,1.152005824699658953e-02
2.312868369015059211e-01,2.331720834123760522e-01,1.885246510870131065e-03,5.655739532610393194e-03,5.574461582802392456e-03,1.123020111541278565e-02
2.312693783830081229e-01,2.331720834123760522e-01,1.902705029367929290e-03,5.708115088103787871e-03,5.237555549339467653e-03,1.094567063744325552e-02
2.312530144315740610e-01,2.331720834123760522e-01,1.919068980801991176e-03,5.757206942405973527e-03,4.909185430218565571e-03,1.066639237262453910e-02
2.312377171193772674e-01,2.331720834123760522e-01,1.934366292998784820e-03,5.803098878996354459e-03,4.589193659038093287e-03,1.039229253803444775e-02
2.312234590364342646e-01,2.331720834123760522e-01,1.948624375941787612e-03,5.845873127825362836e-03,4.277424882900837666e-03,1.012329801072620050e-02
2.312102132832923318e-01,2.331720834123760522e-01,1.961870129083720382e-03,5.885610387251161146e-03,3.973725942579831028e-03,9.859336329830992174e-03
2.311979534637833844e-01,2.331720834123760522e-01,1.974129948592667771e-03,5.922389845778003314e-03,3.677945852684216810e-03,9.600335698462220124e-03
2.311866536778443004e-01,2.331720834123760522e-01,1.985429734531751755e-03,5.956289203595255266e-03,3.389935781725195163e-03,9.346224985320450429e-03
2.311762885144037216e-01,2.331720834123760522e-01,1.995794897972330562e-03,5.987384693916991685e-03,3.109549032173641869e-03,9.096933726090633554e-03
2.311668330443357733e-01,2.331720834123760522e-01,2.005250368040278897e-03,6.015751104120836690e-03,2.836641020384500500e-03,8.852392124505337190e-03
2.311582628134802586e-01,2.331720834123760522e-01,2.013820598895793568e-03,6.041461796687380703e-03,2.571069256654401336e-03,8.612531053341782039e-03
2.311505538357300771e-01,2.331720834123760522e-01,2.021529576645975101e-03,6.064588729937925304e-03,2.312693325054460125e-03,8.377282054992385429e-03
2.311436825861853950e-01,2.331720834123760522e-01,2.028400826190657202e-03,6.085202478571971607e-03,2.061374863404630275e-03,8.146577341976601883e-03
2.311376259943749290e-01,2.331720834123760522e-01,2.034457418001123230e-03,6.103372254003369690e-03,1.816977543139808304e-03,7.920349797143177994e-03
2.311323614375441760e-01,2.331720834123760522e-01,2.039721974831876228e-03,6.119165924495628683e-03,1.579367049225899322e-03,7.698532973721528005e-03
2.311278667340107840e-01,2.331720834123760522e-01,2.044216678365268214e-03,6.132650035095804641e-03,1.348411060017595808e-03,7.481061095113400450e-03
2.311241201365868969e-01,2.331720834123760522e-01,2.047963275789155269e-03,6.143889827367465806e-03,1.123979227166116424e-03,7.267869054533582229e-03
2.311211003260684738e-01,2.331720834123760522e-01,2.050983086307578418e-03,6.152949258922735254e-03,9.059431555269448211e-04,7.058892414449680075e-03
2.311187864047914986e-01,2.331720834123760522e-01,2.053297007584553580e-03,6.159891022753660739e-03,6.941763830925484768e-04,6.854067405846209216e-03
2.311171578902551094e-01,2.331720834123760522e-01,2.054925522120942816e-03,6.164776566362828447e-03,4.885543609167708468e-04,6.653330927279599294e-03
2.311161947088114510e-01,2.331720834123760522e-01,2.055888703564601183e-03,6.167666110693803549e-03,2.889544330975102326e-04,6.456620543791313782e-03
2.311158771894221697e-01,2.331720834123760522e-01,2.056206222953882445e-03,6.168618668861647336e-03,9.525581678437866628e-05,6.263874485646026002e-03
2.311161860574814375e-01,2.331720834123760522e-01,2.055897354894614670e-03,6.167692064683844011e-03,-9.266041778033251575e-05,6.075031646903511495e-03
2.311171024287053954e-01,2.331720834123760522e-01,2.054980983670656736e-03,6.164942951011970207e-03,-2.749113671873804066e-04,5.890031583824589800e-03
2.311186078030877389e-01,2.331720834123760522e-01,2.053475609288313297e-03,6.160426827864939892e-03,-4.516123147030315366e-04,5.708814513161908355e-03
2.311206840589214162e-01,2.331720834123760522e-01,2.051399353454635976e-03,6.154198060363907929e-03,-6.228767501031962084e-04,5.531321310260711721e-03
2.311233134468861083e-01,2.331720834123760522e-01,2.048769965489943834e-03,6.146309896469831502e-03,-7.888163894076427596e-04,5.357493507062188742e-03
2.311264785842015168e-01,2.331720834123760522e-01,2.045604828174535372e-03,6.136814484523606117e-03,-9.495411946225384980e-04,5.187273289901067619e-03
2.311301624488459050e-01,2.331720834123760522e-01,2.041920963530147182e-03,6.125762890590441545e-03,-1.105159393316457184e-03,5.020603497273984361e-03
2.311343483738400317e-01,2.331720834123760522e-01,2.037735038536020449e-03,6.113205115608061346e-03,-1.255777498238019874e-03,4.857427617370041473e-03
2.311390200415958940e-01,2.331720834123760522e-01,2.033063370780158197e-03,6.099190112340474590e-03,-1.401500326758675641e-03,4.697689785581798949e-03
2.311441614783303067e-01,2.331720834123760522e-01,2.027921934045745500e-03,6.083765802137236500e-03,-1.542431020323808966e-03,4.541334781813427535e-03
2.311497570485429032e-01,2.331720834123760522e-01,2.022326363833149010e-03,6.066979091499447030e-03,-1.678671063778947037e-03,4.388308027720499993e-03
2.311557914495582788e-01,2.331720834123760522e-01,2.016291962817773342e-03,6.048875888453320027e-03,-1.810320304612700326e-03,4.238555583840619700e-03
2.311622497061320280e-01,2.331720834123760522e-01,2.009833706244024132e-03,6.029501118732072396e-03,-1.937476972124763108e-03,4.092024146607309287e-03
2.311691171651204246e-01,2.331720834123760522e-01,2.002966247255627552e-03,6.008898741766882656e-03,-2.060237696518973927e-03,3.948661045247908730e-03
2.311763794902133573e-01,2.331720834123760522e-01,1.995703922162694877e-03,5.987111766488084630e-03,-2.178697527879802642e-03,3.808414238608281988e-03
2.311840226567301593e-01,2.331720834123760522e-01,1.988060755645892907e-03,5.964182266937678722e-03,-2.292949955040590737e-03,3.671232311897087985e-03
2.311920329464781376e-01,2.331720834123760522e-01,1.980050465897914558e-03,5.940151397693743673e-03,-2.403086924393504908e-03,3.537064473300238765e-03
2.312003969426734418e-01,2.331720834123760522e-01,1.971686469702610411e-03,5.915059409107831234e-03,-2.509198858591243919e-03,3.405860550516587315e-03
2.312091015249237991e-01,2.331720834123760522e-01,1.962981887452253105e-03,5.888945662356759314e-03,-2.611374675107192012e-03,3.277570987249567303e-03
2.312181338642728956e-01,2.331720834123760522e-01,1.953949548103156575e-03,5.861848644309469725e-03,-2.709701804728958940e-03,3.152146839580510784e-03
2.312274814183059579e-01,2.331720834123760522e-01,1.944601994070094264e-03,5.833805982210282792e-03,-2.804266209918693242e-03,3.029539772291589550e-03
2.312371319263162306e-01,2.331720834123760522e-01,1.934951486059821590e-03,5.804854458179464771e-03,-2.895152403081802106e-03,2.909702055097662665e-03
2.312470734045320164e-01,2.331720834123760522e-01,1.925010007844035753e-03,5.775030023532107259e-03,-2.982443464735751171e-03,2.792586558796356089e-03
2.312572941414036964e-01,2.331720834123760522e-01,1.914789270972355739e-03,5.744367812917067218e-03,-3.066221061504004197e-03,2.678146751413063020e-03
2.312677826929505076e-01,2.331720834123760522e-01,1.904300719425544575e-03,5.712902158276633724e-03,-3.146565464043349358e-03,2.566336694233284366e-03
2.312785278781667453e-01,2.331720834123760522e-01,1.893555534209306890e-03,5.680666602627920669e-03,-3.223555564871305457e-03,2.457111037756615213e-03
2.312895187744867520e-01,2.331720834123760522e-01,1.882564637889300174e-03,5.647693913667900523e-03,-3.297268896002014671e-03,2.350425017665885852e-03
2.313007447133085259e-01,2.331720834123760522e-01,1.871338699067526257e-03,5.614016097202578770e-03,-3.367781646532175266e-03,2.246234450670403504e-03
2.313121952755753663e-01,2.331720834123760522e-01,1.859888136800685876e-03,5.579664410402057628e-03,-3.435168680052114176e-03,2.144495730349943452e-03
2.313238602874152505e-01,2.331720834123760522e-01,1.848223124960801655e-03,5.544669374882404966e-03,-3.499503551965266190e-03,2.045165822917138776e-03
2.313357298158374153e-01,2.331720834123760522e-01,1.836353596538636834e-03,5.509060789615910503e-03,-3.560858526649446354e-03,1.948202262966464149e-03
2.313477941644858926e-01,8.085363697305305575e-01,5.771885755660446371e-01,1.731565726698133911e+00,0.000000000000000000e+00,1.731565726698133911e+00
2.315330150858041780e-01,8.085363697305305575e-01,5.770033546447264072e-01,1.731010063934179222e+00,-5.556627639546896091e-02,1.675443787538710261e+00
2.318857803858763167e-01,8.085363697305305575e-01,5.766505893446542963e-01,1.729951768033962889e+00,-1.058295900216332797e-01,1.624122178012329609e+00
2.324009579037497053e-01,8.085363697305305575e-01,5.761354118267808522e-01,1.728406235480342445e+00,-1.545532553620332372e-01,1.573852980118309208e+00
2.330735207196349135e-01,8.085363697305305575e-01,5.754628490108956163e-01,1.726388547032686738e+00,-2.017688447655707762e-01,1.524619702267115962e+00
2.338985455057468466e-01,8.085363697305305575e-01,5.746378242247837109e-01,1.723913472674351244e+00,-2.475074358335715985e-01,1.476406036840779645e+00
2.348712108955428590e-01,8.085363697305305575e-01,5.736651588349876985e-01,1.720995476504963095e+00,-2.917996169388037409e-01,1.429195859566159355e+00
2.359867958712954794e-01,8.085363697305305575e-01,5.725495738592351058e-01,1.717648721577705206e+00,-3.346754927257777901e-01,1.382973228851927416e+00
2.372406781699333000e-01,8.085363697305305575e-01,5.712956915605972297e-01,1.713887074681791578e+00,-3.761646895913628441e-01,1.337722385090428734e+00
2.386283327070801430e-01,8.085363697305305575e-01,5.699080370234503867e-01,1.709724111070351160e+00,-4.162963611440528844e-01,1.293427749926298276e+00
2.401453300192196161e-01,8.085363697305305575e-01,5.683910397113109969e-01,1.705173119133932991e+00,-4.550991936418169459e-01,1.250073925492116045e+00
2.417873347239083148e-01,8.085363697305305575e-01,5.667490350066222149e-01,1.700247105019866645e+00,-4.926014114066346039e-01,1.207645693613232041e+00
2.435501039979583449e-01,8.085363697305305575e-01,5.649862657325721571e-01,1.694958797197716471e+00,-5.288307822150173365e-01,1.166128014982699135e+00
2.454294860735066475e-01,8.085363697305305575e-01,5.631068836570238823e-01,1.689320650971071647e+00,-5.638146226644824566e-01,1.125506028306589190e+00
2.474214187518855856e-01,8.085363697305305575e-01,5.611149509786449441e-01,1.683344852935934721e+00,-5.975798035136814512e-01,1.085765049422253270e+00
2.495219279352067498e-01,8.085363697305305575e-01,5.590144417953237799e-01,1.677043325385971340e+00,-6.301527549963492625e-01,1.046890570389622077e+00
2.517271261755668621e-01,8.085363697305305575e-01,5.568092435549636399e-01,1.670427730664890920e+00,-6.615594721080420015e-01,1.008868258556848918e+00
2.540332112417826860e-01,8.085363697305305575e-01,5.545031584887478715e-01,1.663509475466243615e+00,-6.918255198647305093e-01,9.716839556015131052e-01
2.564364647035586309e-01,8.085363697305305575e-01,5.520999050269719266e-01,1.656299715080915780e+00,-7.209760385327834697e-01,9.353236765481323101e-01
2.589332505329894341e-01,8.085363697305305575e-01,5.496031191975411234e-01,1.648809357592623481e+00,-7.490357488292409549e-01,8.997736087633825264e-01
2.615200137232965849e-01,8.085363697305305575e-01,5.470163560072339726e-01,1.641049068021701807e+00,-7.760289570921452551e-01,8.650201109295565516e-01
2.641932789246966840e-01,8.085363697305305575e-01,5.443430908058338735e-01,1.633029272417501510e+00,-8.019795604200297134e-01,8.310497119974717961e-01
2.669496490972965153e-01,8.085363697305305575e-01,5.415867206332340977e-01,1.624760161899702293e+00,-8.269110517799327376e-01,7.978491101197695556e-01
2.697858041809083063e-01,8.085363697305305575e-01,5.387505655496223067e-01,1.616251696648866920e+00,-8.508465250835373084e-01,7.654051715653296117e-01
2.726984997816766509e-01,8.085363697305305575e-01,5.358378699488539620e-01,1.607513609846561886e+00,-8.738086802305033984e-01,7.337049296160584877e-01
2.756845658754065731e-01,8.085363697305305575e-01,5.328518038551239844e-01,1.598555411565371953e+00,-8.958198281189932999e-01,7.027355834463786532e-01
2.787409055274811531e-01,8.085363697305305575e-01,5.297954642030493488e-01,1.589386392609148047e+00,-9.169018956223906613e-01,6.724844969867573852e-01
2.818644936292544201e-01,8.085363697305305575e-01,5.266718761012760819e-01,1.580015628303828246e+00,-9.370764305319800869e-01,6.429391977718481588e-01
2.850523756508048789e-01,8.085363697305305575e-01,5.234839940797256785e-01,1.570451982239176925e+00,-9.563646064651210033e-01,6.140873757740559213e-01
2.883016664099327109e-01,8.085363697305305575e-01,5.202347033205978466e-01,1.560704109961793540e+00,-9.747872277383495820e-01,5.859168822234439578e-01
2.916095488572829075e-01,8.085363697305305575e-01,5.169268208732475944e-01,1.550780462619742783e+00,-9.923647342050756492e-01,5.584157284146671341e-01
2.949732728774745460e-01,8.085363697305305575e-01,5.135630968530560114e-01,1.540689290559168034e+00,-1.009117206057474903e+00,5.315720845016931317e-01
2.983901541061163565e-01,8.085363697305305575e-01,5.101462156244142010e-01,1.530438646873242714e+00,-1.025064368592543129e+00,5.053742782806995848e-01
3.018575727625862348e-01,8.085363697305305575e-01,5.066787969679442671e-01,1.520036390903832801e+00,-1.040225596940980157e+00,4.798107939628526442e-01
3.053729724984524108e-01,8.085363697305305575e-01,5.031633972320781467e-01,1.509490191696234440e+00,-1.054619920759836127e+00,4.548702709363983132e-01
3.089338592614122581e-01,8.085363697305305575e-01,4.996025104691182994e-01,1.498807531407354787e+00,-1.068266028887954189e+00,4.305415025194005985e-01
3.125378001746240142e-01,8.085363697305305575e-01,4.959985695559065433e-01,1.487995708667719574e+00,-1.081182273963526841e+00,4.068134347041927334e-01
3.161824224313061760e-01,8.085363697305305575e-01,4.923539472992243815e-01,1.477061841897673089e+00,-1.093386677004648533e+00,3.836751648930245562e-01
3.198654122044776726e-01,8.085363697305305575e-01,4.886709575260528848e-01,1.466012872578158710e+00,-1.104896931951449002e+00,3.611159406267097083e-01
3.235845135717118071e-01,8.085363697305305575e-01,4.849518561588187504e-01,1.454855568476456362e+00,-1.115730410170240328e+00,3.391251583062160346e-01
3.273375274547765668e-01,8.085363697305305575e-01,4.811988422757539907e-01,1.443596526827261917e+00,-1.125904164919427908e+00,3.176923619078340089e-01
3.311223105740321304e-01,8.085363697305305575e-01,4.774140591564984271e-01,1.432242177469495337e+00,-1.135434935776669096e+00,2.968072416928262403e-01
3.349367744174569506e-01,8.085363697305305575e-01,4.735995953130736069e-01,1.420798785939220821e+00,-1.144339153027446043e+00,2.764596329117747775e-01
3.387788842241729603e-01,8.085363697305305575e-01,4.697574855063575971e-01,1.409272456519072847e+00,-1.152632942014802930e+00,2.566395145042699166e-01
3.426466579823393976e-01,8.085363697305305575e-01,4.658897117481911598e-01,1.397669135244573368e+00,-1.160332127449931194e+00,2.373370077946421741e-01
3.465381654412852952e-01,8.085363697305305575e-01,4.619982042892452623e-01,1.385994612867735842e+00,-1.167452237683769267e+00,2.185423751839665751e-01
3.504515271377496299e-01,8.085363697305305575e-01,4.580848425927809275e-01,1.374254527778342894e+00,-1.174008508939300421e+00,2.002460188390424722e-01
3.543849134360978481e-01,8.085363697305305575e-01,4.541514562944327094e-01,1.362454368883298184e+00,-1.180015889504465454e+00,1.824384793788327297e-01
3.583365435823839262e-01,8.085363697305305575e-01,4.501998261481466312e-01,1.350599478444439949e+00,-1.185489043885823435e+00,1.651104345586165145e-01
3.623046847721259067e-01,8.085363697305305575e-01,4.462316849584046508e-01,1.338695054875213897e+00,-1.190442356922594147e+00,1.482526979526197497e-01
3.662876512316631250e-01,8.085363697305305575e-01,4.422487184988674325e-01,1.326746155496602242e+00,-1.194889937861165485e+00,1.318562176354367566e-01
3.702838033129638995e-01,8.085363697305305575e-01,4.382525664175666580e-01,1.314757699252699918e+00,-1.198845624390232345e+00,1.159120748624675734e-01
3.742915466017509019e-01,8.085363697305305575e-01,4.342448231287796556e-01,1.302734469386338967e+00,-1.202322986636100710e+00,1.004114827502382568e-01
3.783093310388129238e-01,8.085363697305305575e-01,4.302270386917176337e-01,1.290681116075152790e+00,-1.205335331118606579e+00,8.534578495654621122e-02
3.823356500543705905e-01,8.085363697305305575e-01,4.262007196761599670e-01,1.278602159028479957e+00,-1.207895704667300008e+00,7.070645436117994898e-02
3.863690397153644041e-01,8.085363697305305575e-01,4.221673300151661534e-01,1.266501990045498349e+00,-1.210016898298144072e+00,5.648509174735427685e-02
3.904080778855329448e-01,8.085363697305305575e-01,4.181282918449976127e-01,1.254384875534992894e+00,-1.211711451050562216e+00,4.267342448443067759e-02
3.944513833981499462e-01,8.085363697305305575e-01,4.140849863323806113e-01,1.242254958997141889e+00,-1.212991653785100432e+00,2.926330521204145718e-02
3.984976152412881278e-01,8.085363697305305575e-01,4.100387544892424296e-01,1.230116263467727400e+00,-1.213869552941454488e+00,1.624671052627291168e-02
4.025454717554789452e-01,8.085363697305305575e-01,4.059908979750516123e-01,1.217972693925154726e+00,-1.214356954257245214e+00,3.615739667909512178e-03
4.065936898436365299e-01,8.085363697305305575e-01,4.019426798868940276e-01,1.205828039660682194e+00,-1.214465426447275398e+00,-8.637386786593204135e-03
4.106410441931154787e-01,8.085363697305305575e-01,3.978953255374150788e-01,1.193685976612245181e+00,-1.214206304843684636e+00,-2.052032823143945528e-02
4.146863465097712642e-01,8.085363697305305575e-01,3.938500232207592933e-01,1.181550069662277824e+00,-1.213590694996735664e+00,-3.204062533445783956e-02
4.187284447638936480e-01,8.085363697305305575e-01,3.898079249666369095e-01,1.169423774899910784e+00,-1.212629476236715131e+00,-4.320570133680434743e-02
4.227662224478823116e-01,8.085363697305305575e-01,3.857701472826482458e-01,1.157310441847944738e+00,-1.211333305196599097e+00,-5.402286334865435968e-02
4.267985978455361429e-01,8.085363697305305575e-01,3.817377718849944146e-01,1.145213315654983299e+00,-1.209712619296149372e+00,-6.449930364116607251e-02
4.308245233128258356e-01,8.085363697305305575e-01,3.777118464177047219e-01,1.133135539253114166e+00,-1.207777640186907808e+00,-7.464210093379364253e-02
4.348429845700221286e-01,8.085363697305305575e-01,3.736933851605084289e-01,1.121080155481525287e+00,-1.205538377158887897e+00,-8.445822167736261044e-02
4.388530000050507307e-01,8.085363697305305575e-01,3.696833697254798268e-01,1.109050109176439536e+00,-1.203004630508580641e+00,-9.395452133214110546e-02
4.428536199879460900e-01,8.085363697305305575e-01,3.656827497425844675e-01,1.097048249227753347e+00,-1.200185994868607775e+00,-1.031377456408544280e-01
4.468439261962773856e-01,8.085363697305305575e-01,3.616924435342531718e-01,1.085077330602759460e+00,-1.197091862499388704e+00,-1.120145318966292436e-01
4.508230309514190126e-01,8.085363697305305575e-01,3.577133387791115449e-01,1.073140016337334579e+00,-1.193731426542488094e+00,-1.205914102051535153e-01
4.547900765655401023e-01,8.085363697305305575e-01,3.537462931649904552e-01,1.061238879494971421e+00,-1.190113684236326907e+00,-1.288748047413554865e-01
4.587442346991870701e-01,8.085363697305305575e-01,3.497921350313434874e-01,1.049376405094030407e+00,-1.186247440094090333e+00,-1.368710350000599263e-01
4.626847057293340115e-01,8.085363697305305575e-01,3.458516640011965460e-01,1.037554992003589582e+00,-1.182141309044082433e+00,-1.445863170404928510e-01
4.666107181277769356e-01,8.085363697305305575e-01,3.419256516027536219e-01,1.025776954808260921e+00,-1.177803719532877214e+00,-1.520267647246162923e-01
4.705215278497473785e-01,8.085363697305305575e-01,3.380148418807831789e-01,1.014044525642349592e+00,-1.173242916591132889e+00,-1.591983909487832971e-01
4.744164177326229415e-01,8.085363697305305575e-01,3.341199519979076160e-01,1.002359855993722793e+00,-1.168466964862668878e+00,-1.661071088689460851e-01
4.782946969046116270e-01,8.085363697305305575e-01,3.302416728259189305e-01,9.907250184777567359e-01,-1.163483751596605664e+00,-1.727587331188489284e-01
4.821557002032884065e-01,8.085363697305305575e-01,3.263806695272421510e-01,9.791420085817263974e-01,-1.158300989603033848e+00,-1.791589810213074507e-01
4.859987876038630583e-01,8.085363697305305575e-01,3.225375821266674992e-01,9.676127463800024975e-01,-1.152926220172395544e+00,-1.853134737923930464e-01
4.898233436570584853e-01,8.085363697305305575e-01,3.187130260734720721e-01,9.561390782204162164e-01,-1.147366815958628106e+00,-1.912277377382118893e-01
4.936287769364801070e-01,8.085363697305305575e-01,3.149075927940504505e-01,9.447227783821513514e-01,-1.141629983826486505e+00,-1.969072054443351538e-01
4.974145194953572546e-01,8.085363697305305575e-01,3.111218502351733028e-01,9.333655507055198530e-01,-1.135722767663144284e+00,-2.023572169576244306e-01
5.011800263325386640e-01,8.085363697305305575e-01,3.073563433979918935e-01,9.220690301939756806e-01,-1.129652051154422798e+00,-2.075830209604471177e-01
5.049247748676239933e-01,8.085363697305305575e-01,3.036115948629065642e-01,9.108347845887196925e-01,-1.123424560525598803e+00,-2.125897759368791107e-01
5.086482644251156815e-01,8.085363697305305575e-01,2.998881053054148760e-01,8.996643159162446279e-01,-1.117046867247506459e+00,-2.173825513312618307e-01
5.123500157274741840e-01,8.085363697305305575e-01,2.961863540030563735e-01,8.885590620091691205e-01,-1.110525390707550741e+00,-2.219663286983816208e-01
5.160295703969628445e-01,8.085363697305305575e-01,2.925067993335677130e-01,8.775203980007031390e-01,-1.103866400846598150e+00,-2.263460028458950113e-01
5.196864904661669948e-01,8.085363697305305575e-01,2.888498792643635626e-01,8.665496377930906879e-01,-1.097076020761245108e+00,-2.305263829681544197e-01
5.233203578970743175e-01,8.085363697305305575e-01,2.852160118334562400e-01,8.556480355003687199e-01,-1.090160229272196801e+00,-2.345121937718280813e-01
5.269307741086044494e-01,8.085363697305305575e-01,2.816055956219261081e-01,8.448167868657783242e-01,-1.083124863459039577e+00,-2.383080765932612533e-01
5.305173595124752506e-01,8.085363697305305575e-01,2.780190102180553069e-01,8.340570306541659207e-01,-1.075975621161240348e+00,-2.419185905070744269e-01
5.340797530572953811e-01,8.085363697305305575e-01,2.744566166732351764e-01,8.233698500197055292e-01,-1.068718063446039146e+00,-2.453482134263336167e-01
5.376176117807728305e-01,8.085363697305305575e-01,2.709187579497577270e-01,8.127562738492731809e-01,-1.061357617043234836e+00,-2.486013431939616547e-01
5.411306103699309311e-01,8.085363697305305575e-01,2.674057593605996264e-01,8.022172780817988791e-01,-1.053899576747430178e+00,-2.516822986656312988e-01
5.446184407292223861e-01,8.085363697305305575e-01,2.639179290013081713e-01,7.917537870039245140e-01,-1.046349107787436505e+00,-2.545953207835119914e-01
5.480808115564355099e-01,8.085363697305305575e-01,2.604555581740950476e-01,7.813666745222851429e-01,-1.038711248163937118e+00,-2.573445736416519747e-01
5.515174479262845431e-01,8.085363697305305575e-01,2.570189218042460144e-01,7.710567654127380433e-01,-1.030990910954709960e+00,-2.599341455419719171e-01
5.549280908815793500e-01,8.085363697305305575e-01,2.536082788489512074e-01,7.608248365468536223e-01,-1.023192886588442096e+00,-2.623680500415884742e-01
5.583124970318700253e-01,8.085363697305305575e-01,2.502238726986605322e-01,7.506716180959815965e-01,-1.015321845087202579e+00,-2.646502269912209826e-01
5.616704381594614937e-01,8.085363697305305575e-01,2.468659315710690638e-01,7.405977947132071915e-01,-1.007382338277440503e+00,-2.667845435642333118e-01
5.650017008326965184e-01,8.085363697305305575e-01,2.435346688978340390e-01,7.306040066935021171e-01,-9.993788019705074355e-01,-2.687747952770053184e-01
5.683060860264038672e-01,8.085363697305305575e-01,2.402302837041266903e-01,7.206908511123800709e-01,-9.913155581122046200e-01,-2.706247069998245491e-01
5.715834087494112703e-01,8.085363697305305575e-01,2.369529609811192872e-01,7.108588829433578615e-01,-9.831968169022209381e-01,-2.723379339588630765e-01
5.748334976790228090e-01,8.085363697305305575e-01,2.337028720515077485e-01,7.011086161545232454e-01,-9.750266788834616172e-01,-2.739180627289383718e-01
5.780561948023613672e-01,8.085363697305305575e-01,2.304801749281691903e-01,6.914405247845075708e-01,-9.668091370015674535e-01,-2.753686122170598827e-01
5.812513550644782256e-01,8.085363697305305575e-01,2.272850146660523318e-01,6.818550439981569955e-01,-9.585480786350575322e-01,-2.766930346369005367e-01
5.844188460231314330e-01,8.085363697305305575e-01,2.241175237073991244e-01,6.723525711221973733e-01,-9.502472875959622201e-01,-2.778947164737648468e-01
5.875585475101372523e-01,8.085363697305305575e-01,2.209778222203933051e-01,6.629334666611799154e-01,-9.419104461017457908e-01,-2.789769794405658754e-01
5.906703512991990923e-01,8.085363697305305575e-01,2.178660184313314652e-01,6.535980552939943955e-01,-9.335411367185519893e-01,-2.799430814245575938e-01
5.937541607801184451e-01,8.085363697305305575e-01,2.147822089504121124e-01,6.443466268512363371e-01,-9.251428442758058424e-01,-2.807962174245695053e-01
5.968098906392953484e-01,8.085363697305305575e-01,2.117264790912352090e-01,6.351794372737056271e-01,-9.167189577530709954e-01,-2.815395204793653683e-01
5.998374665464243360e-01,8.085363697305305575e-01,2.086989031841062214e-01,6.260967095523186643e-01,-9.082727721386962827e-01,-2.821760625863776184e-01
6.028368248472946167e-01,8.085363697305305575e-01,2.056995448832359408e-01,6.170986346497078223e-01,-8.998074902610841974e-01,-2.827088556113763751e-01
6.058079122626037760e-01,8.085363697305305575e-01,2.027284574679267815e-01,6.081853724037803444e-01,-8.913262245927477956e-01,-2.831408521889674512e-01
6.087506855926940741e-01,8.085363697305305575e-01,1.997856841378364834e-01,5.993570524135094502e-01,-8.828319990270894202e-01,-2.834749466135799700e-01
6.116651114281229651e-01,8.085363697305305575e-01,1.968712583024075924e-01,5.906137749072227772e-01,-8.743277506286672995e-01,-2.837139757214445224e-01
6.145511658659796872e-01,8.085363697305305575e-01,1.939852038645508703e-01,5.819556115936526108e-01,-8.658163313570166331e-01,-2.838607197633640222e-01
6.174088342318601041e-01,8.085363697305305575e-01,1.911275354986704533e-01,5.733826064960113600e-01,-8.573005097641250849e-01,-2.839179032681137249e-01
6.202381108074137561e-01,8.085363697305305575e-01,1.882982589231168014e-01,5.648947767693504041e-01,-8.487829726660955920e-01,-2.838881958967451880e-01
6.230389985633777439e-01,8.085363697305305575e-01,1.854973711671528136e-01,5.564921135014584408e-01,-8.402663267891963272e-01,-2.837742132877378864e-01
6.258115088980129581e-01,8.085363697305305575e-01,1.827248608325175994e-01,5.481745824975527981e-01,-8.317531003905642706e-01,-2.835785178930114725e-01
6.285556613808588322e-01,8.085363697305305575e-01,1.799807083496717253e-01,5.399421250490151758e-01,-8.232457448537622291e-01,-2.833036198047470533e-01
6.312714835017242399e-01,8.085363697305305575e-01,1.772648862288063176e-01,5.317946586864189529e-01,-8.147466362596222922e-01,-2.829519775732033393e-01
6.339590104248322699e-01,8.085363697305305575e-01,1.745773593056982875e-01,5.237320779170948626e-01,-8.062580769324090291e-01,-2.825259990153141665e-01
6.366182847480388318e-01,8.085363697305305575e-01,1.719180849824917257e-01,5.157542549474751770e-01,-7.977822969619685622e-01,-2.820280420144933853e-01
6.392493562670439333e-01,8.085363697305305575e-01,1.692870134634866242e-01,5.078610403904598725e-01,-7.893214557015304500e-01,-2.814604153110705775e-01
6.418522817445179163e-01,8.085363697305305575e-01,1.666840879860126412e-01,5.000522639580379236e-01,-7.808776432421948854e-01,-2.808253792841569618e-01
6.444271246840634904e-01,8.085363697305305575e-01,1.641092450464670671e-01,4.923277351394012014e-01,-7.724528818636722249e-01,-2.801251467242710236e-01
6.469739551089366270e-01,8.085363697305305575e-01,1.615624146215939305e-01,4.846872438647817916e-01,-7.640491274619409801e-01,-2.793618835971591885e-01
6.494928493454500407e-01,8.085363697305305575e-01,1.590435203850805168e-01,4.771305611552415504e-01,-7.556682709540241127e-01,-2.785377097987825623e-01
6.519838898109835412e-01,8.085363697305305575e-01,1.565524799195470163e-01,4.696574397586410488e-01,-7.473121396600501676e-01,-2.776546999014091188e-01
6.544471648065269820e-01,8.085363697305305575e-01,1.540892049240035755e-01,4.622676147720107265e-01,-7.389824986630322279e-01,-2.767148838910215014e-01
6.568827683136813089e-01,8.085363697305305575e-01,1.516536014168492486e-01,4.549608042505477457e-01,-7.306810521462980823e-01,-2.757202478957503367e-01
6.592907997960459898e-01,8.085363697305305575e-01,1.492455699344845677e-01,4.477367098034537030e-01,-7.224094447094042692e-01,-2.746727349059505663e-01
6.616713640049201040e-01,8.085363697305305575e-01,1.468650057256104535e-01,4.405950171768313606e-01,-7.141692626622342388e-01,-2.735742454854028782e-01
6.640245707892457050e-01,8.085363697305305575e-01,1.445117989412848525e-01,4.335353968238545574e-01,-7.059620352976803126e-01,-2.724266384738257551e-01
6.663505349097239572e-01,8.085363697305305575e-01,1.421858348208066003e-01,4.265575044624198009e-01,-6.977892361434756552e-01,-2.712317316810558543e-01
6.686493758570341006e-01,8.085363697305305575e-01,1.398869938734964569e-01,4.196609816204893706e-01,-6.896522841930430303e-01,-2.699913025725536597e-01
6.709212176740869671e-01,8.085363697305305575e-01,1.376151520564435904e-01,4.128454561693307712e-01,-6.815525451158599424e-01,-2.687070889465291712e-01
6.731661887822452117e-01,8.085363697305305575e-01,1.353701809482853458e-01,4.061105428448560373e-01,-6.734913324474733898e-01,-2.673807896026173525e-01
6.753844218114430920e-01,8.085363697305305575e-01,1.331519479190874655e-01,3.994558437572623966e-01,-6.654699087593640705e-01,-2.660140650021016739e-01
6.775760534341408459e-01,8.085363697305305575e-01,1.309603162963897116e-01,3.928809488891691348e-01,-6.574894868093261735e-01,-2.646085379201570387e-01
6.797412242030465013e-01,8.085363697305305575e-01,1.287951455274840562e-01,3.863854365824521686e-01,-6.495512306716966222e-01,-2.631657940892444536e-01
6.818800783925432762e-01,8.085363697305305575e-01,1.266562913379872812e-01,3.799688740139618437e-01,-6.416562568490324914e-01,-2.616873828350706477e-01
6.839927638437565127e-01,8.085363697305305575e-01,1.245436058867740448e-01,3.736308176603221343e-01,-6.338056353639709428e-01,-2.601748177036488086e-01
6.860794318131994141e-01,8.085363697305305575e-01,1.224569379173311434e-01,3.673708137519934303e-01,-6.260003908328704014e-01,-2.586295770808769712e-01
6.881402368249341928e-01,8.085363697305305575e-01,1.203961329055963647e-01,3.611883987167890941e-01,-6.182415035204336107e-01,-2.570531048036445165e-01
6.901753365261886763e-01,8.085363697305305575e-01,1.183610332043418811e-01,3.550830996130256434e-01,-6.105299103763450752e-01,-2.554468107633194318e-01
6.921848915463667540e-01,8.085363697305305575e-01,1.163514781841638035e-01,3.490544345524914105e-01,-6.028665060534232900e-01,-2.538120715009318795e-01
6.941690653593948213e-01,8.085363697305305575e-01,1.143673043711357362e-01,3.431019131134072087e-01,-5.952521439084201837e-01,-2.521502307950129751e-01
6.961280241493433829e-01,8.085363697305305575e-01,1.124083455811871746e-01,3.372250367435615237e-01,-5.876876369845684955e-01,-2.504626002410069718e-01
6.980619366792678582e-01,8.085363697305305575e-01,1.104744330512626993e-01,3.314232991537880979e-01,-5.801737589773425796e-01,-2.487504598235544817e-01
6.999709741632099691e-01,8.085363697305305575e-01,1.085653955673205884e-01,3.256961867019617651e-01,-5.727112451826332773e-01,-2.470150584806715122e-01
7.018553101413039785e-01,8.085363697305305575e-01,1.066810595892265789e-01,3.200431787676797368e-01,-5.653007934282028302e-01,-2.452576146605230933e-01
7.037151203579319336e-01,8.085363697305305575e-01,1.048212493725986239e-01,3.144637481177958716e-01,-5.579430649883865279e-01,-2.434793168705906563e-01
7.055505826428728477e-01,8.085363697305305575e-01,1.029857870876577097e-01,3.089573612629731292e-01,-5.506386854822742372e-01,-2.416813242193011080e-01
7.073618767953918640e-01,8.085363697305305575e-01,1.011744929351386935e-01,3.035234788054160804e-01,-5.433882457557048795e-01,-2.398647669502887991e-01
7.091491844712157766e-01,8.085363697305305575e-01,9.938718525931478087e-02,2.981615557779443426e-01,-5.361923027471737768e-01,-2.380307469692294342e-01
7.109126890723428405e-01,8.085363697305305575e-01,9.762368065818771701e-02,2.928710419745631510e-01,-5.290513803381191593e-01,-2.361803383635560083e-01
7.126525756396334677e-01,8.085363697305305575e-01,9.588379409089708982e-02,2.876513822726912695e-01,-5.219659701871881552e-01,-2.343145879144968857e-01
7.143690307481326274e-01,8.085363697305305575e-01,9.416733898239793010e-02,2.825020169471937903e-01,-5.149365325497479162e-01,-2.324345156025541259e-01
7.160622424050715473e-01,8.085363697305305575e-01,9.247412732545901015e-02,2.774223819763770305e-01,-5.079634970816759854e-01,-2.305411151052989549e-01
7.177323999504999774e-01,8.085363697305305575e-01,9.080396978003058006e-02,2.724119093400917402e-01,-5.010472636285290271e-01,-2.286353542884372869e-01
7.193796939604996110e-01,8.085363697305305575e-01,8.915667577003094646e-02,2.674700273100928394e-01,-4.941882029998900805e-01,-2.267181756897972411e-01
7.210043161529302580e-01,8.085363697305305575e-01,8.753205357760029948e-02,2.625961607328008984e-01,-4.873866577291940949e-01,-2.247904969963931965e-01
7.226064592956612520e-01,8.085363697305305575e-01,8.592991043486930547e-02,2.577897313046079164e-01,-4.806429428192982023e-01,-2.228532115146902859e-01
7.241863171172407965e-01,8.085363697305305575e-01,8.435005261328976101e-02,2.530501578398692830e-01,-4.739573464738633390e-01,-2.209071886339940560e-01
7.257440842199568420e-01,8.085363697305305575e-01,8.279228551057371543e-02,2.483768565317211463e-01,-4.673301308148136712e-01,-2.189532742830925249e-01
7.272799559952446424e-01,8.085363697305305575e-01,8.125641373528591505e-02,2.437692412058577451e-01,-4.607615325863401168e-01,-2.169922913804823716e-01
7.287941285413943593e-01,8.085363697305305575e-01,7.974224118913619819e-02,2.392267235674085946e-01,-4.542517638449150574e-01,-2.150250402775064629e-01
7.302867985835163056e-01,8.085363697305305575e-01,7.824957114701425187e-02,2.347487134410427556e-01,-4.478010126365838950e-01,-2.130522991955411394e-01
7.317581633957187526e-01,8.085363697305305575e-01,7.677820633481180490e-02,2.303346190044354147e-01,-4.414094436607340910e-01,-2.110748246562986763e-01
7.332084207254555563e-01,8.085363697305305575e-01,7.532794900507500113e-02,2.259838470152250034e-01,-4.350771989210411306e-01,-2.090933519058161272e-01
7.346377687200017492e-01,8.085363697305305575e-01,7.389860101052880825e-02,2.216958030315864248e-01,-4.288043983638578638e-01,-2.071085953322714390e-01
7.360464058550147959e-01,8.085363697305305575e-01,7.248996387551576159e-02,2.174698916265472848e-01,-4.225911405039139979e-01,-2.051212488773667131e-01
7.374345308651401032e-01,8.085363697305305575e-01,7.110183886539045428e-02,2.133055165961713628e-01,-4.164375030375921938e-01,-2.031319864414208309e-01
7.388023426766212598e-01,8.085363697305305575e-01,6.973402705390929768e-02,2.092020811617278930e-01,-4.103435434443469809e-01,-2.011414622826190879e-01
7.401500403418741492e-01,8.085363697305305575e-01,6.838632938865640831e-02,2.051589881659692249e-01,-4.043092995758668096e-01,-1.991503114098975846e-01
7.414778229759859673e-01,8.085363697305305575e-01,6.705854675454459013e-02,2.011756402636337704e-01,-3.983347902335454549e-01,-1.971591499699116845e-01
7.427858896951008427e-01,8.085363697305305575e-01,6.575048003542971475e-02,1.972514401062891443e-01,-3.924200157344626128e-01,-1.951685756281734685e-01
7.440744395566528668e-01,8.085363697305305575e-01,6.446193017387769064e-02,1.933857905216330719e-01,-3.865649584656072335e-01,-1.931791679439741616e-01
7.453436715014105651e-01,8.085363697305305575e-01,6.319269822911999235e-02,1.895780946873599770e-01,-3.807695834273094881e-01,-1.911914887399495111e-01
7.465937842972941718e-01,8.085363697305305575e-01,6.194258543323638566e-02,1.858277562997091570e-01,-3.750338387650820060e-01,-1.892060824653728490e-01
7.478249764849312919e-01,8.085363697305305575e-01,6.071139324559926553e-02,1.821341797367977966e-01,-3.693576562911360384e-01,-1.872234765543382418e-01
7.490374463249129811e-01,8.085363697305305575e-01,5.949892340561757642e-02,1.784967702168527293e-01,-3.637409519945067338e-01,-1.852441817776540045e-01
7.502313917467169357e-01,8.085363697305305575e-01,5.830497798381362173e-02,1.749149339514408652e-01,-3.581836265411864062e-01,-1.832686925897455410e-01
7.514070102992619349e-01,8.085363697305305575e-01,5.712935943126862259e-02,1.713880782938058678e-01,-3.526855657634997421e-01,-1.812974874696938743e-01
7.525644991030598918e-01,8.085363697305305575e-01,5.597187062747066566e-02,1.679156118824119970e-01,-3.472466411393870800e-01,-1.793310292569750830e-01
7.537040548039322108e-01,8.085363697305305575e-01,5.483231492659834672e-02,1.644969447797950401e-01,-3.418667102616956832e-01,-1.773697654819006431e-01
7.548258735282562526e-01,8.085363697305305575e-01,5.371049620227430488e-02,1.611314886068229146e-01,-3.365456172972125515e-01,-1.754141286903896368e-01
7.559301508397112679e-01,8.085363697305305575e-01,5.260621889081928959e-02,1.578186566724578688e-01,-3.312831934365045861e-01,-1.734645367640467173e-01
7.570170816974899353e-01,8.085363697305305575e-01,5.151928803304062221e-02,1.545578640991218666e-01,-3.260792573336002143e-01,-1.715213932344783476e-01
7.580868604159450852e-01,8.085363697305305575e-01,5.044950931458547227e-02,1.513485279437564168e-01,-3.209336155365449805e-01,-1.695850875927885637e-01
7.591396806256409668e-01,8.085363697305305575e-01,4.939668910488959064e-02,1.481900673146687719e-01,-3.158460629087644911e-01,-1.676559955940957192e-01
7.601757352357775277e-01,8.085363697305305575e-01,4.836063449475302978e-02,1.450819034842590893e-01,-3.108163830409682582e-01,-1.657344795567091689e-01
7.611952163979583963e-01,8.085363697305305575e-01,4.734115333257216118e-02,1.420234599977164835e-01,-3.058443486542605783e-01,-1.638208886565440947e-01
7.621983154712735908e-01,8.085363697305305575e-01,4.633805425925696664e-02,1.390141627777708999e-01,-3.009297219945583635e-01,-1.619155592167874635e-01
7.631852229886670891e-01,8.085363697305305575e-01,4.535114674186346839e-02,1.360534402255904052e-01,-2.960722552180494738e-01,-1.600188149924590686e-01
7.641561286245613926e-01,8.085363697305305575e-01,4.438024110596916483e-02,1.331407233179074945e-01,-2.912716907682910694e-01,-1.581309674503835749e-01
7.651112211637106642e-01,8.085363697305305575e-01,4.342514856681989333e-02,1.302754457004596800e-01,-2.865277617447814507e-01,-1.562523160443217707e-01
7.660506884712554587e-01,8.085363697305305575e-01,4.248568125927509875e-02,1.274570437778252963e-01,-2.818401922634383716e-01,-1.543831484856130754e-01
7.669747174639517384e-01,8.085363697305305575e-01,4.156165226657881906e-02,1.246849567997364572e-01,-2.772086978088839082e-01,-1.525237410091474510e-01
7.678834940825470801e-01,8.085363697305305575e-01,4.065287564798347741e-02,1.219586269439504322e-01,-2.726329855786024936e-01,-1.506743586346520614e-01
7.687772032652789855e-01,8.085363697305305575e-01,3.975916646525157194e-02,1.192774993957547158e-01,-2.681127548195716415e-01,-1.488352554238169256e-01
7.696560289224684270e-01,8.085363697305305575e-01,3.888034080806213044e-02,1.166410224241863913e-01,-2.636476971568324501e-01,-1.470066747326460588e-01
7.705201539121846466e-01,8.085363697305305575e-01,3.801621581834591090e-02,1.140486474550377327e-01,-2.592374969148658614e-01,-1.451888494598281287e-01
7.713697600169548974e-01,8.085363697305305575e-01,3.716660971357566012e-02,1.114998291407269804e-01,-2.548818314310752342e-01,-1.433820022903482538e-01
7.722050279214960344e-01,8.085363697305305575e-01,3.633134180903452304e-02,1.089940254271035691e-01,-2.505803713623411255e-01,-1.415863459352375564e-01
7.730261371914437518e-01,8.085363697305305575e-01,3.551023253908680566e-02,1.065306976172604170e-01,-2.463327809843152139e-01,-1.398020833670547969e-01
7.738332662530547079e-01,8.085363697305305575e-01,3.470310347747584956e-02,1.041093104324275487e-01,-2.421387184832868300e-01,-1.380294080508592813e-01
7.746265923738605563e-01,8.085363697305305575e-01,3.390977735667000115e-02,1.017293320700100034e-01,-2.379978362417545235e-01,-1.362685041717445200e-01
7.754062916442492348e-01,8.085363697305305575e-01,3.313007808628132267e-02,9.939023425884396801e-02,-2.339097811166035434e-01,-1.345195468577595754e-01
7.761725389599521963e-01,8.085363697305305575e-01,3.236383077057836122e-02,9.709149231173508365e-02,-2.298741947108884354e-01,-1.327827023991533517e-01
7.769255080054151552e-01,8.085363697305305575e-01,3.161086172511540227e-02,9.483258517534620680e-02,-2.258907136388876857e-01,-1.310581284635414789e-01
7.776653712380318106e-01,8.085363697305305575e-01,3.087099849249874683e-02,9.261299547749624050e-02,-2.219589697849966292e-01,-1.293459743075003887e-01
7.783922998732176746e-01,8.085363697305305575e-01,3.014406985731288291e-02,9.043220957193864873e-02,-2.180785905557591775e-01,-1.276463809838205288e-01
7.791064638703052436e-01,8.085363697305305575e-01,2.942990586022531385e-02,8.828971758067594156e-02,-2.142491991262707174e-01,-1.259594815455947758e-01
7.798080319192381982e-01,8.085363697305305575e-01,2.872833781129235931e-02,8.618501343387707792e-02,-2.104704146798863640e-01,-1.242854012460092861e-01
7.804971714280465322e-01,8.085363697305305575e-01,2.803919830248402523e-02,8.411759490745207568e-02,-2.067418526425002234e-01,-1.226242577350481477e-01
7.811740485110814092e-01,8.085363697305305575e-01,2.736232121944914830e-02,8.208696365834744491e-02,-2.030631249104630776e-01,-1.209761612521156326e-01
7.818388279779910910e-01,8.085363697305305575e-01,2.669754175253946649e-02,8.009262525761839946e-02,-1.994338400729045446e-01,-1.193412148152861452e-01
7.824916733234191790e-01,8.085363697305305575e-01,2.604469640711137846e-02,7.813408922133413537e-02,-1.958536036284264092e-01,-1.177195144070922739e-01
7.831327467174066248e-01,8.085363697305305575e-01,2.540362301312393267e-02,7.621086903937179802e-02,-1.923220181962337350e-01,-1.161111491568619369e-01
7.837622089964783045e-01,8.085363697305305575e-01,2.477416073405225294e-02,7.432248220215675882e-02,-1.888386837215039193e-01,-1.145162015193471605e-01
7.843802196553980588e-01,8.085363697305305575e-01,2.415615007513249868e-02,7.246845022539749603e-02,-1.854031976759262790e-01,-1.129347474505287829e-01
7.849869368395727687e-01,8.085363697305305575e-01,2.354943289095778880e-02,7.064829867287336640e-02,-1.820151552524129634e-01,-1.113668565795395970e-01
7.855825173380895921e-01,8.085363697305305575e-01,2.295385239244096542e-02,6.886155717732289627e-02,-1.786741495550470127e-01,-1.098125923777241164e-01
7.861671165773685965e-01,8.085363697305305575e-01,2.236925315316196095e-02,6.710775945948588284e-02,-1.753797717837013437e-01,-1.082720123242154608e-01
7.867408886154151348e-01,8.085363697305305575e-01,2.179548111511542263e-02,6.538644334534626790e-02,-1.721316114139614939e-01,-1.067451680686152260e-01
7.873039861366548653e-01,8.085363697305305575e-01,2.123238359387569218e-02,6.369715078162707655e-02,-1.689292563719191342e-01,-1.052321055902920577e-01
7.878565604473355410e-01,8.085363697305305575e-01,2.067980928319501643e-02,6.203942784958504930e-02,-1.657722932042027253e-01,-1.037328653546176760e-01
7.883987614714808023e-01,8.085363697305305575e-01,2.013760825904975515e-02,6.041282477714926546e-02,-1.626603072435783837e-01,-1.022474824664291182e-01
7.889307377473794292e-01,8.085363697305305575e-01,1.960563198315112832e-02,5.881689594945338495e-02,-1.595928827695880514e-01,-1.007759868201346665e-01
7.894526364245959549e-01,8.085363697305305575e-01,1.908373330593460260e-02,5.725119991780380779e-02,-1.565696031649577158e-01,-9.931840324715390800e-02
7.899646032614877633e-01,8.085363697305305575e-01,1.857176646904279416e-02,5.571529940712838247e-02,-1.535900510675425323e-01,-9.787475166041414987e-02
7.904667826232135708e-01,8.085363697305305575e-01,1.806958710731698670e-02,5.420876132195096009e-02,-1.506538085177422381e-01,-9.644504719579127805e-02
7.909593174802198590e-01,8.085363697305305575e-01,1.757705225031069851e-02,5.273115675093209553e-02,-1.477604571018864554e-01,-9.502930035095435990e-02
7.914423494071910481e-01,8.085363697305305575e-01,1.709402032333950938e-02,5.128206097001852815e-02,-1.449095780913567388e-01,-9.362751712133821069e-02
7.919160185824500875e-01,8.085363697305305575e-01,1.662035114808046998e-02,4.986105344424140995e-02,-1.421007525777118197e-01,-9.223969913347040972e-02
7.923804637877956969e-01,8.085363697305305575e-01,1.615590594273486058e-02,4.846771782820458174e-02,-1.393335616036828206e-01,-9.086584377547823888e-02
7.928358224087638240e-01,8.085363697305305575e-01,1.570054732176673351e-02,4.710164196530020053e-02,-1.366075862904381211e-01,-8.950594432513792054e-02
7.932822304352994403e-01,8.085363697305305575e-01,1.525413929523111722e-02,4.576241788569335167e-02,-1.339224079606848861e-01,-8.815999007499153439e-02
7.937198224628275733e-01,8.085363697305305575e-01,1.481654726770298414e-02,4.444964180310895241e-02,-1.312776082584399262e-01,-8.682796645533097379e-02
7.941487316937101415e-01,8.085363697305305575e-01,1.438763803682041598e-02,4.316291411046124793e-02,-1.286727692647704480e-01,-8.550985515430920003e-02
7.945690899390772666e-01,8.085363697305305575e-01,1.396727979145329090e-02,4.190183937435987271e-02,-1.261074736101375215e-01,-8.420563423577764883e-02
7.949810276210208526e-01,8.085363697305305575e-01,1.355534210950970486e-02,4.066602632852911459e-02,-1.235813045830758128e-01,-8.291527825454669820e-02
7.953846737751389950e-01,8.085363697305305575e-01,1.315169595539156244e-02,3.945508786617468733e-02,-1.210938462354427259e-01,-8.163875836926803853e-02
7.957801560534202290e-01,8.085363697305305575e-01,1.275621367711032850e-02,3.826864103133098549e-02,-1.186446834843701836e-01,-8.037604245303919814e-02
7.961676007274560707e-01,8.085363697305305575e-01,1.236876900307448679e-02,3.710630700922346037e-02,-1.162334022107525122e-01,-7.912709520152905185e-02
7.965471326919717487e-01,8.085363697305305575e-01,1.198923703855880873e-02,3.596771111567642620e-02,-1.138595893547034166e-01,-7.789187823902699037e-02
7.969188754686635789e-01,8.085363697305305575e-01,1.161749426186697853e-02,3.485248278560093560e-02,-1.115228330075490604e-01,-7.667035022194812477e-02
7.972829512103332128e-01,8.085363697305305575e-01,1.125341852019734468e-02,3.376025556059203403e-02,-1.092227225008901570e-01,-7.546246694029812296e-02
7.976394807053087677e-01,8.085363697305305575e-01,1.089688902522178982e-02,3.269066707566536945e-02,-1.069588484926664584e-01,-7.426818141700108900e-02
7.979885833821426244e-01,8.085363697305305575e-01,1.054778634838793305e-02,3.164335904516379916e-02,-1.047308030501570286e-01,-7.308744400499322946e-02
7.983303773145760118e-01,8.085363697305305575e-01,1.020599241595454565e-02,3.061797724786363695e-02,-1.025381797300162212e-01,-7.192020248215258427e-02
7.986649792267611625e-01,8.085363697305305575e-01,9.871390503769394975e-03,2.961417151130818493e-02,-1.003805736555452022e-01,-7.076640214423701725e-02
7.989925044987319369e-01,8.085363697305305575e-01,9.543865231798620563e-03,2.863159569539586169e-02,-9.825758159123232360e-02,-6.962598589583646191e-02
7.993130671721131453e-01,8.085363697305305575e-01,9.223302558417412200e-03,2.766990767525223660e-02,-9.616880201436250886e-02,-6.849889433911027226e-02
7.996267799560603518e-01,8.085363697305305575e-01,8.909589774470205725e-03,2.672876932341061718e-02,-9.411383518416194249e-02,-6.738506586075132532e-02
7.999337542334215012e-01,8.085363697305305575e-01,8.602615497109056264e-03,2.580784649132716879e-02,-9.209228320834483839e-02,-6.628443671701766959e-02
8.002341000671109317e-01,8.085363697305305575e-01,8.302269663419625800e-03,2.490680899025887740e-02,-9.010375010682913910e-02,-6.519694111657026170e-02
8.005279262066887780e-01,8.085363697305305575e-01,8.008443523841779488e-03,2.402533057152533846e-02,-8.814784187335389376e-02,-6.412251130182855530e-02
8.008153400951364409e-01,8.085363697305305575e-01,7.721029635394116575e-03,2.316308890618234972e-02,-8.622416653429887390e-02,-6.306107762811652417e-02
8.010964478758212381e-01,8.085363697305305575e-01,7.439921854709319327e-03,2.231976556412795798e-02,-8.433233420543917447e-02,-6.201256864131121649e-02
8.013713543996419109e-01,8.085363697305305575e-01,7.165015330888646616e-03,2.149504599266593985e-02,-8.247195714620181306e-02,-6.097691115353587321e-02
8.016401632323472137e-01,8.085363697305305575e-01,6.896206498183343747e-03,2.068861949455003124e-02,-8.064264981159086076e-02,-5.995403031704082952e-02
8.019029766620208166e-01,8.085363697305305575e-01,6.633393068509740864e-03,1.990017920552922259e-02,-7.884402890208086490e-02,-5.894384969655164230e-02
8.021598957067248570e-01,8.085363697305305575e-01,6.376474023805700497e-03,1.912942207141710149e-02,-7.707571341121211006e-02,-5.794629133979500857e-02
8.024110201222948158e-01,8.085363697305305575e-01,6.125349608235741705e-03,1.837604882470722512e-02,-7.533732467098763763e-02,-5.696127584628041252e-02
8.026564484102801655e-01,8.085363697305305575e-01,5.879921320250391936e-03,1.763976396075117581e-02,-7.362848639560493069e-02,-5.598872243485375488e-02
8.028962778260220201e-01,8.085363697305305575e-01,5.640091904508537368e-03,1.692027571352561210e-02,-7.194882472255637040e-02,-5.502854900903075830e-02
8.031306043868630118e-01,8.085363697305305575e-01,5.405765343667545686e-03,1.621729603100263706e-02,-7.029796825229750468e-02,-5.408067222129486762e-02
8.033595228804818467e-01,8.085363697305305575e-01,5.176846850048710813e-03,1.553054055014613244e-02,-6.867554808565046187e-02,-5.314500753550432943e-02
8.035831268733472088e-01,8.085363697305305575e-01,4.953242857183348669e-03,1.485972857155004601e-02,-6.708119785960864334e-02,-5.222146928805859734e-02
8.038015087192836861e-01,8.085363697305305575e-01,4.734861011246871421e-03,1.420458303374061426e-02,-6.551455378094317439e-02,-5.130997074720256013e-02
8.040147595681454984e-01,8.085363697305305575e-01,4.521610162385059084e-03,1.356483048715517725e-02,-6.397525465854370097e-02,-5.041042417138852372e-02
8.042229693745901464e-01,8.085363697305305575e-01,4.313400355940411046e-03,1.294020106782123314e-02,-6.246294193339441136e-02,-4.952274086557317823e-02
8.044262269069482052e-01,8.085363697305305575e-01,4.110142823582352278e-03,1.233042847074705683e-02,-6.097725970741763035e-02,-4.864683123667057352e-02
8.046246197561826019e-01,8.085363697305305575e-01,3.911749974347955572e-03,1.173524992304386672e-02,-5.951785477031901195e-02,-4.778260484727514523e-02
8.048182343449322707e-01,8.085363697305305575e-01,3.718135385598286824e-03,1.115440615679486047e-02,-5.808437662490062436e-02,-4.692997046810576389e-02
8.050071559366351881e-01,8.085363697305305575e-01,3.529213793895369378e-03,1.058764138168610813e-02,-5.667647751087523389e-02,-4.608883612918912576e-02
8.051914686447251279e-01,8.085363697305305575e-01,3.344901085805429553e-03,1.003470325741628866e-02,-5.529381242698194754e-02,-4.525910916956565888e-02
8.053712554418981373e-01,8.085363697305305575e-01,3.165114288632420170e-03,9.495342865897260509e-03,-5.393603915190281484e-02,-4.444069628600555433e-02
8.055465981694425182e-01,8.085363697305305575e-01,2.989771561088039320e-03,8.969314683264117960e-03,-5.260281826331425492e-02,-4.363350358005013696e-02
8.057175775466288714e-01,8.085363697305305575e-01,2.818792183901686066e-03,8.456376551705058198e-03,-5.129381315590597623e-02,-4.283743660420091803e-02
8.058842731801548753e-01,8.085363697305305575e-01,2.652096550375682149e-03,7.956289651127046447e-03,-5.000869005780117504e-02,-4.205240040667412860e-02
8.060467635736402459e-01,8.085363697305305575e-01,2.489606156890311617e-03,7.468818470670934850e-03,-4.874711804561115969e-02,-4.127829957494022484e-02
8.062051261371681043e-01,8.085363697305305575e-01,2.331243593362453126e-03,6.993730780087359378e-03,-4.750876905835754727e-02,-4.051503827827018789e-02
8.063594371968680896e-01,8.085363697305305575e-01,2.176932533662467861e-03,6.530797600987403584e-03,-4.629331790999557938e-02,-3.976252030900817580e-02
8.065097720045372176e-01,8.085363697305305575e-01,2.026597725993339871e-03,6.079793177980019614e-03,-4.510044230073839699e-02,-3.902064912275837738e-02
8.066562047472940478e-01,8.085363697305305575e-01,1.880164983236509713e-03,5.640494949709529138e-03,-4.392982282704904762e-02,-3.828932787733951848e-02
8.067988085572631585e-01,8.085363697305305575e-01,1.737561173267399006e-03,5.212683519802197019e-03,-4.278114299073321192e-02,-3.756845947093101490e-02
8.069376555212851576e-01,8.085363697305305575e-01,1.598714209245399864e-03,4.796142627736199593e-03,-4.165408920659974257e-02,-3.685794657886354297e-02
8.070728166906492307e-01,8.085363697305305575e-01,1.463553039881326789e-03,4.390659119643980368e-03,-4.054835080922192247e-02,-3.615769168957794211e-02
8.072043620908443406e-01,8.085363697305305575e-01,1.332007639686216827e-03,3.996022919058650480e-03,-3.946362005853298882e-02,-3.546759713947433834e-02
8.073323607313255268e-01,8.085363697305305575e-01,1.204008999205030683e-03,3.612026997615092050e-03,-3.839959214435584300e-02,-3.478756514674075095e-02
8.074568806152920830e-01,8.085363697305305575e-01,1.079489115238474461e-03,3.238467345715423384e-03,-3.735596518996686655e-02,-3.411749784425144316e-02
8.075779887494741738e-01,8.085363697305305575e-01,9.583809810563836962e-04,2.875142943169151089e-03,-3.633244025462722959e-02,-3.345729731145807850e-02
8.076957511539251122e-01,8.085363697305305575e-01,8.406185766054452557e-04,2.521855729816335767e-03,-3.532872133528153213e-02,-3.280686560546519637e-02
8.078102328718155256e-01,8.085363697305305575e-01,7.261368587150318632e-04,2.178410576145095590e-03,-3.434451536712401776e-02,-3.216610479097892217e-02
8.079214979792268547e-01,8.085363697305305575e-01,6.148717513037027516e-04,1.844615253911108255e-03,-3.337953222339873349e-02,-3.153491696948762524e-02
8.080296095949411894e-01,8.085363697305305575e-01,5.067601355893680548e-04,1.520280406768104164e-03,-3.243348471430040902e-02,-3.091320430753230486e-02
8.081346298902247760e-01,8.085363697305305575e-01,4.017398403057814704e-04,1.205219520917344411e-03,-3.150608858507597532e-02,-3.030086906415863091e-02
8.082366200986019766e-01,8.085363697305305575e-01,2.997496319285808397e-04,8.992488957857425191e-04,-3.059706251316018921e-02,-2.969781361737444669e-02
8.083356405256174604e-01,8.085363697305305575e-01,2.007292049130970923e-04,6.021876147392912770e-04,-2.970612810464512421e-02,-2.910394048990583293e-02
8.084317505585839614e-01,8.085363697305305575e-01,1.046191719465960901e-04,3.138575158397882703e-04,-2.883300988995030067e-02,-2.851915237411051240e-02
8.085250086763130506e-01,8.085363697305305575e-01,1.136105421750688294e-05,3.408316265252064881e-05,-2.797743531872676215e-02,-2.794335215607424150e-02
8.086154724588264786e-01,8.085363697305305575e-01,-7.910272829592113197e-05,-2.373081848877633959e-04,-2.713913475402840447e-02,-2.737644293891616787e-02
8.087031985970459802e-01,8.085363697305305575e-01,-1.668288665154227246e-04,-5.004865995462681738e-04,-2.631784146585047779e-02,-2.681832806539674596e-02
8.087882429024589870e-01,8.085363697305305575e-01,-2.518731719284295067e-04,-7.556195157852885202e-04,-2.551329162390203464e-02,-2.626891113968732316e-02
8.088706603167580278e-01,8.085363697305305575e-01,-3.342905862274703210e-04,-1.002871758682410963e-03,-2.472522428971224429e-02,-2.572809604839465525e-02
8.089505049214522625e-01,8.085363697305305575e-01,-4.141351909217050320e-04,-1.242405572765115096e-03,-2.395338140827041329e-02,-2.519578698103552838e-02
8.090278299474483736e-01,8.085363697305305575e-01,-4.914602169178161617e-04,-1.474380650753448485e-03,-2.319750779883333891e-02,-2.467188844958678740e-02
8.091026877845994836e-01,8.085363697305305575e-01,-5.663180540689261022e-04,-1.698954162206778307e-03,-2.245735114533298216e-02,-2.415630530753976046e-02
8.091751299912198769e-01,8.085363697305305575e-01,-6.387602606893194590e-04,-1.916280782067958377e-03,-2.173266198611800704e-02,-2.364894276818596541e-02
8.092452073035634186e-01,8.085363697305305575e-01,-7.088375730328611013e-04,-2.126512719098583304e-03,-2.102319370306249269e-02,-2.314970642216107599e-02
8.093129696452647792e-01,8.085363697305305575e-01,-7.765999147342217412e-04,-2.329799744202665224e-03,-2.032870251040819198e-02,-2.265850225461085721e-02
8.093784661367406930e-01,8.085363697305305575e-01,-8.420964062101354841e-04,-2.526289218630406452e-03,-1.964894744277412286e-02,-2.217523666140452931e-02
8.094417451045504697e-01,8.085363697305305575e-01,-9.053753740199121935e-04,-2.716126122059736581e-03,-1.898369034293301283e-02,-2.169981646499274941e-02
8.095028540907137637e-01,8.085363697305305575e-01,-9.664843601832062703e-04,-2.899453080549618811e-03,-1.833269584898822302e-02,-2.123214892953784183e-02
8.095618398619840450e-01,8.085363697305305575e-01,-1.025470131453487532e-03,-3.076410394360462597e-03,-1.769573138108437860e-02,-2.077214177544484119e-02
8.096187484190767725e-01,8.085363697305305575e-01,-1.082378688546214995e-03,-3.247136065638644986e-03,-1.707256712781823893e-02,-2.031970319345688392e-02
8.096736250058501616e-01,8.085363697305305575e-01,-1.137255275319604131e-03,-3.411765825958812393e-03,-1.646297603201674065e-02,-1.987474185797555304e-02
8.097265141184377679e-01,8.085363697305305575e-01,-1.190144387907210444e-03,-3.570433163721631331e-03,-1.586673377628189385e-02,-1.943716694000352518e-02
8.097774595143313325e-01,8.085363697305305575e-01,-1.241089783800775059e-03,-3.723269351402325178e-03,-1.528361876806938469e-02,-1.900688811947170986e-02
8.098265042214130016e-01,8.085363697305305575e-01,-1.290134490882444140e-03,-3.870403472647332421e-03,-1.471341212450072433e-02,-1.858381559714805675e-02
8.098736905469349212e-01,8.085363697305305575e-01,-1.337320816404363732e-03,-4.011962449213091197e-03,-1.415589765657587762e-02,-1.816786010578896882e-02
8.099190600864463185e-01,8.085363697305305575e-01,-1.382690355915761060e-03,-4.148071067747283180e-03,-1.361086185341919830e-02,-1.775893292116648148e-02
8.099626537326656273e-01,8.085363697305305575e-01,-1.426284002135069784e-03,-4.278852006405209352e-03,-1.307809386579261712e-02,-1.735694587219782647e-02
8.100045116842976567e-01,8.085363697305305575e-01,-1.468141953767099217e-03,-4.404425861301297651e-03,-1.255738548960882994e-02,-1.696181135091012759e-02
8.100446734547945837e-01,8.085363697305305575e-01,-1.508303724264026258e-03,-4.524911172792078773e-03,-1.204853114907811218e-02,-1.657344232187019095e-02
8.100831778810593242e-01,8.085363697305305575e-01,-1.546808150528766745e-03,-4.640424451586300236e-03,-1.155132787942214634e-02,-1.619175233100844657e-02
8.101200631320909507e-01,8.085363697305305575e-01,-1.583693401560393177e-03,-4.751080204681179531e-03,-1.106557530948792945e-02,-1.581665551416910898e-02
8.101553667175711571e-01,8.085363697305305575e-01,-1.618996987040599578e-03,-4.856990961121798733e-03,-1.059107564406192026e-02,-1.544806660518371899e-02
8.101891254963908828e-01,8.085363697305305575e-01,-1.652755765860325354e-03,-4.958267297580976063e-03,-1.012763364591773296e-02,-1.508590094349870903e-02
8.102213756851162074e-01,8.085363697305305575e-01,-1.685005954585649945e-03,-5.055017863756949836e-03,-9.675056617597377340e-03,-1.473007448135432718e-02
8.102521528663934047e-01,8.085363697305305575e-01,-1.715783135862847253e-03,-5.147349407588541759e-03,-9.233154383159192236e-03,-1.438050379074773399e-02
8.102814919972916030e-01,8.085363697305305575e-01,-1.745122266761045537e-03,-5.235366800283136612e-03,-8.801739269459485371e-03,-1.403710606974262198e-02
8.103094274175828282e-01,8.085363697305305575e-01,-1.773057687052270737e-03,-5.319173061156812210e-03,-8.380626087367559762e-03,-1.369979914852437197e-02
8.103359928579592086e-01,8.085363697305305575e-01,-1.799623127428651159e-03,-5.398869382285953478e-03,-7.969632112914126765e-03,-1.336850149520008024e-02
8.103612214481860088e-01,8.085363697305305575e-01,-1.824851717655451289e-03,-5.474555152966353866e-03,-7.568577068040038824e-03,-1.304313222100639269e-02
8.103851457251907142e-01,8.085363697305305575e-01,-1.848775994660156741e-03,-5.546327983980470222e-03,-7.177283101411635613e-03,-1.272361108539210584e-02
8.104077976410868356e-01,8.085363697305305575e-01,-1.871427910556278107e-03,-5.614283731668834321e-03,-6.795574768836409874e-03,-1.240985850050524419e-02
8.104292085711329863e-01,8.085363697305305575e-01,-1.892838840602428796e-03,-5.678516521807286388e-03,-6.423279013845206720e-03,-1.210179553565249311e-02
8.104494093216255690e-01,8.085363697305305575e-01,-1.913039591095011538e-03,-5.739118773285034614e-03,-6.060225147774822574e-03,-1.179934392105985719e-02
8.104684301377260702e-01,8.085363697305305575e-01,-1.932060407195512752e-03,-5.796181221586538257e-03,-5.706244830150364322e-03,-1.150242605173690258e-02
8.104863007112212969e-01,8.085363697305305575e-01,-1.949930980690739446e-03,-5.849792942072218338e-03,-5.361172048568008108e-03,-1.121096499064022645e-02
8.105030501882175553e-01,8.085363697305305575e-01,-1.966680457686997840e-03,-5.900041373060993521e-03,-5.024843098877518344e-03,-1.092488447193851187e-02
8.105187071767665508e-01,8.085363697305305575e-01,-1.982337446235993283e-03,-5.947012338707979850e-03,-4.697096564698632903e-03,-1.064410890340661275e-02
8.105332997544252294e-01,8.085363697305305575e-01,-1.996930023894671891e-03,-5.990790071684015672e-03,-4.377773297603582137e-03,-1.036856336928759781e-02
8.105468554757470079e-01,8.085363697305305575e-01,-2.010485745216450404e-03,-6.031457235649351212e-03,-4.066716396533553990e-03,-1.009817363218290520e-02
8.105594013797055020e-01,8.085363697305305575e-01,-2.023031649174944491e-03,-6.069094947524833472e-03,-3.763771187548226038e-03,-9.832866135073059510e-03
8.105709639970505309e-01,8.085363697305305575e-01,-2.034594266519973438e-03,-6.103782799559920313e-03,-3.468785203508684134e-03,-9.572568003068604447e-03
8.105815693575952885e-01,8.085363697305305575e-01,-2.045199627064731018e-03,-6.135598881194193055e-03,-3.181608163427274150e-03,-9.317207044621467205e-03
8.105912429974355682e-01,8.085363697305305575e-01,-2.054873266905010709e-03,-6.164619800715032127e-03,-2.902091952083907245e-03,-9.066711752798939372e-03
8.106000099661005986e-01,8.085363697305305575e-01,-2.063640235570041170e-03,-6.190920706710123511e-03,-2.630090599509138372e-03,-8.821011306219261883e-03
8.106078948336349344e-01,8.085363697305305575e-01,-2.071525103104376875e-03,-6.214575309313130624e-03,-2.365460260300711326e-03,-8.580035569613841950e-03
8.106149216976122895e-01,8.085363697305305575e-01,-2.078551967081732066e-03,-6.235655901245196198e-03,-2.108059193206557325e-03,-8.343715094451753522e-03
8.106211141900802053e-01,8.085363697305305575e-01,-2.084744459549647821e-03,-6.254233378648943464e-03,-1.857747740374726675e-03,-8.111981119023670139e-03
8.106264954844362158e-01,8.085363697305305575e-01,-2.090125753905658357e-03,-6.270377261716975070e-03,-1.614388306803160589e-03,-7.884765568520135659e-03
8.106310883022354030e-01,8.085363697305305575e-01,-2.094718571704845544e-03,-6.284155715114536633e-03,-1.377845339756156307e-03,-7.662001054870692940e-03
8.106349149199291171e-01,8.085363697305305575e-01,-2.098545189398559607e-03,-6.295635568195678822e-03,-1.147985308114218839e-03,-7.443620876309897660e-03
8.106379971755351965e-01,8.085363697305305575e-01,-2.101627445004639050e-03,-6.304882335013917150e-03,-9.246766818238327801e-04,-7.229559016837749930e-03
8.106403564752395763e-01,8.085363697305305575e-01,-2.103986744709018808e-03,-6.311960234127056424e-03,-7.077899113139274334e-04,-7.019750145440983857e-03
8.106420137999293951e-01,8.085363697305305575e-01,-2.105644069398837637e-03,-6.316932208196512910e-03,-4.971974069456486234e-04,-6.814129615142161533e-03
8.106429897116577132e-01,8.085363697305305575e-01,-2.106619981127155761e-03,-6.319859943381467282e-03,-2.927735184954372016e-04,-6.612633461876904484e-03
8.106433043600398403e-01,8.085363697305305575e-01,-2.106934629509282786e-03,-6.320803888527848358e-03,-9.439451463810755172e-05,-6.415198403165955909e-03
8.106429774885817174e-01,8.085363697305305575e-01,-2.106607758051159962e-03,-6.319823274153479886e-03,9.806143743684714309e-05,-6.221761836716632743e-03
8.106420284409399102e-01,8.085363697305305575e-01,-2.105658710409352707e-03,-6.316976131228058122e-03,2.847142925421763948e-04,-6.032261838685881727e-03
8.106404761671142101e-01,8.085363697305305575e-01,-2.104106436583652595e-03,-6.312319309750957785e-03,4.656821477100336892e-04,-5.846637162040924096e-03
8.106383392295722912e-01,8.085363697305305575e-01,-2.101969499041733691e-03,-6.305908497125201073e-03,6.410812625756712180e-04,-5.664827234549529855e-03
8.106356358093069758e-01,8.085363697305305575e-01,-2.099266078776418354e-03,-6.297798236329255062e-03,8.110260795946011569e-04,-5.486772156734653905e-03
8.106323837118258879e-01,8.085363697305305575e-01,-2.096013981295330453e-03,-6.288041943885991358e-03,9.756292443263703262e-04,-5.312412699559621032e-03
8.106286003730749368e-01,8.085363697305305575e-01,-2.092230642544379293e-03,-6.276691927633137880e-03,1.135001625285347870e-03,-5.141690302347790009e-03
8.106243028652937443e-01,8.085363697305305575e-01,-2.087933134763186871e-03,-6.263799404289560613e-03,1.289252334357726681e-03,-4.974547069931833931e-03
8.106195079028055694e-01,8.085363697305305575e-01,-2.083138172275011968e-03,-6.249414516825035903e-03,1.438488746452470934e-03,-4.810925770372564969e-03
8.106142318477402853e-01,8.085363697305305575e-01,-2.077862117209727799e-03,-6.233586351629183397e-03,1.582816519585250603e-03,-4.650769832043932794e-03
8.106084907156918540e-01,8.085363697305305575e-01,-2.072120985161296502e-03,-6.216362955483889507e-03,1.722339614529388996e-03,-4.494023340954500512e-03
8.106023001813092987e-01,8.085363697305305575e-01,-2.065930450778741267e-03,-6.197791352336223802e-03,1.857160314766570508e-03,-4.340631037569653294e-03
8.105956755838229499e-01,8.085363697305305575e-01,-2.059305853292392463e-03,-6.177917559877177389e-03,1.987379245904641323e-03,-4.190538313972536066e-03
8.105886319325051881e-01,8.085363697305305575e-01,-2.052262201974630607e-03,-6.156786605923891820e-03,2.113095395328556947e-03,-4.043691210595334873e-03
8.105811839120664608e-01,8.085363697305305575e-01,-2.044814181535903330e-03,-6.134442544607709991e-03,2.234406131618182911e-03,-3.900036412989527079e-03
8.105733458879863518e-01,8.085363697305305575e-01,-2.036976157455794301e-03,-6.110928472367382902e-03,2.351407224032708854e-03,-3.759521248334674048e-03
8.105651319117814779e-01,8.085363697305305575e-01,-2.028762181250920449e-03,-6.086286543752761347e-03,2.464192861462155548e-03,-3.622093682290605798e-03
8.105565557262083276e-01,8.085363697305305575e-01,-2.020185995677770130e-03,-6.060557987033310390e-03,2.572855671945095679e-03,-3.487702315088214711e-03
8.105476307704037042e-01,8.085363697305305575e-01,-2.011261039873146750e-03,-6.033783119619440249e-03,2.677486741387014035e-03,-3.356296378232426214e-03
8.105383701849612210e-01,8.085363697305305575e-01,-2.002000454430663545e-03,-6.006001363291990636e-03,2.778175632744961376e-03,-3.227825730547029259e-03
8.105287868169457344e-01,8.085363697305305575e-01,-1.992417086415176897e-03,-5.977251259245530690e-03,2.875010404645994555e-03,-3.102240854599536135e-03
8.105188932248447164e-01,8.085363697305305575e-01,-1.982523494314158974e-03,-5.947570482942476922e-03,2.968077630305376857e-03,-2.979492852637100064e-03
8.105087016834584546e-01,8.085363697305305575e-01,-1.972331952927897092e-03,-5.916995858783691276e-03,3.057462415878564599e-03,-2.859533442905126677e-03
8.104982241887279670e-01,8.085363697305305575e-01,-1.961854458197409556e-03,-5.885563374592228669e-03,3.143248419146260630e-03,-2.742314955445968039e-03
8.104874724625018567e-01,8.085363697305305575e-01,-1.951102731971299242e-03,-5.853308195913897727e-03,3.225517867833094243e-03,-2.627790328080803484e-03
8.104764579572429906e-01,8.085363697305305575e-01,-1.940088226712433084e-03,-5.820264680137299251e-03,3.304351577659847550e-03,-2.515913102477451702e-03
8.104651918606738947e-01,8.085363697305305575e-01,-1.928822130143337255e-03,-5.786466390430011764e-03,3.379828970728748772e-03,-2.406637419701262992e-03
8.104536851003627529e-01,8.085363697305305575e-01,-1.917315369832195415e-03,-5.751946109496586246e-03,3.452028093342551784e-03,-2.299918016154034461e-03
8.104419483482500075e-01,8.085363697305305575e-01,-1.905578617719450030e-03,-5.716735853158350089e-03,3.521025633823615664e-03,-2.195710219334734425e-03
8.104299920251153422e-01,8.085363697305305575e-01,-1.893622294584784704e-03,-5.680866883754354113e-03,3.586896940399597611e-03,-2.093969943354756502e-03
8.104178263049863773e-01,8.085363697305305575e-01,-1.881456574455819819e-03,-5.644369723367459457e-03,3.649716038689465591e-03,-1.994653684677993866e-03
8.104054611194889679e-01,6.329066632539507298e-01,-1.774987978655382381e-01,-5.324963935966147144e-01,0.000000000000000000e+00,-5.324963935966147144e-01
8.103398462946318492e-01,6.329066632539507298e-01,-1.774331830406811195e-01,-5.322995491220433584e-01,1.968444745713560096e-02,-5.126151016649077574e-01
8.102229699596081858e-01,6.329066632539507298e-01,-1.773163067056574560e-01,-5.319489201169723680e-01,3.506290050709903738e-02,-4.968860196098733306e-01
8.100564050226235491e-01,6.329066632539507298e-01,-1.771497417686728193e-01,-5.314492253060184579e-01,4.996948109539101068e-02,-4.814797442106274472e-01
8.098416921112179256e-01,6.329066632539507298e-01,-1.769350288572671959e-01,-5.308050865718015876e-01,6.441387342168702901e-02,-4.663912131501145586e-01
8.095803400784972181e-01,6.329066632539507298e-01,-1.766736768245464884e-01,-5.300210304736394651e-01,7.840560981621225167e-02,-4.516154206574272134e-01
8.092738265037108247e-01,6.329066632539507298e-01,-1.763671632497600950e-01,-5.291014897492802849e-01,9.195407243591802171e-02,-4.371474173133622632e-01
8.089235981871930603e-01,6.329066632539507298e-01,-1.760169349332423305e-01,-5.280508047997269916e-01,1.050684949553293279e-01,-4.229823098443976637e-01
8.085310716396908459e-01,6.329066632539507298e-01,-1.756244083857401161e-01,-5.268732251572203484e-01,1.177579642506643154e-01,-4.091152609065560330e-01
8.080976335660979837e-01,6.329066632539507298e-01,-1.751909703121472539e-01,-5.255729109364417617e-01,1.300314220778586716e-01,-3.955414888585830901e-01
8.076246413436193317e-01,6.329066632539507298e-01,-1.747179780896686019e-01,-5.241539342690058056e-01,1.418976667435956074e-01,-3.822562675254101983e-01
8.071134234943880825e-01,6.329066632539507298e-01,-1.742067602404373527e-01,-5.226202807213120582e-01,1.533653547693747399e-01,-3.692549259519373184e-01
8.065652801525616811e-01,6.329066632539507298e-01,-1.736586168986109513e-01,-5.209758506958328539e-01,1.644430025479204360e-01,-3.565328481479124179e-01
8.059814835259204724e-01,6.329066632539507298e-01,-1.730748202719697426e-01,-5.192244608159092278e-01,1.751389879923626047e-01,-3.440854728235466231e-01
8.053632783519968363e-01,6.329066632539507298e-01,-1.724566150980461066e-01,-5.173698452941383197e-01,1.854615521770908160e-01,-3.319082931170475037e-01
8.047118823487615646e-01,6.329066632539507298e-01,-1.718052190948108349e-01,-5.154156572844325046e-01,1.954188009705815077e-01,-3.199968563138509969e-01
8.040284866598949032e-01,6.329066632539507298e-01,-1.711218234059441734e-01,-5.133654702178325202e-01,2.050187066599984398e-01,-3.083467635578340804e-01
8.033142562946724574e-01,6.329066632539507298e-01,-1.704075930407217276e-01,-5.112227791221651829e-01,2.142691095667337287e-01,-2.969536695554314543e-01
8.025703305624944939e-01,6.329066632539507298e-01,-1.696636673085437641e-01,-5.089910019256312923e-01,2.231777196533890617e-01,-2.858132822722422306e-01
8.017978235020892797e-01,6.329066632539507298e-01,-1.688911602481385499e-01,-5.066734807444156496e-01,2.317521181215642656e-01,-2.749213626228513840e-01
8.009978243054217684e-01,6.329066632539507298e-01,-1.680911610514710386e-01,-5.042734831544131158e-01,2.399997590002533876e-01,-2.642737241541597282e-01
8.001713977363388297e-01,6.329066632539507298e-01,-1.672647344823880999e-01,-5.017942034471642998e-01,2.479279707248815967e-01,-2.538662327222827031e-01
7.993195845439836633e-01,6.329066632539507298e-01,-1.664129212900329335e-01,-4.992387638700988006e-01,2.555439577065499179e-01,-2.436948061635488827e-01
7.984434018710121483e-01,6.329066632539507298e-01,-1.655367386170614186e-01,-4.966102158511842557e-01,2.628548018914544926e-01,-2.337554139597297631e-01
7.975438436566446576e-01,6.329066632539507298e-01,-1.646371804026939278e-01,-4.939115412080817835e-01,2.698674643102472182e-01,-2.240440768978345654e-01
7.966218810345874202e-01,6.329066632539507298e-01,-1.637152177806366904e-01,-4.911456533419100712e-01,2.765887866171712339e-01,-2.145568667247388372e-01
7.956784627258576270e-01,6.329066632539507298e-01,-1.627717994719068972e-01,-4.883153984157206917e-01,2.830254926189379461e-01,-2.052899057967827456e-01
7.947145154265482514e-01,6.329066632539507298e-01,-1.618078521725975216e-01,-4.854235565177925649e-01,2.891841897928126848e-01,-1.962393667249798801e-01
7.937309441905663343e-01,6.329066632539507298e-01,-1.608242809366156045e-01,-4.824728428098468136e-01,2.950713707945751274e-01,-1.874014720152716862e-01
7.927286328073829269e-01,6.329066632539507298e-01,-1.598219695534321971e-01,-4.794659086602965914e-01,3.006934149550222202e-01,-1.787724937052743712e-01
7.917084441748289958e-01,6.329066632539507298e-01,-1.588017809208782660e-01,-4.764053427626347981e-01,3.060565897661793322e-01,-1.703487529964554659e-01
7.906712206669753717e-01,6.329066632539507298e-01,-1.577645574130246420e-01,-4.732936722390739259e-01,3.111670523560872148e-01,-1.621266198829867111e-01
7.896177844971334903e-01,6.329066632539507298e-01,-1.567111212431827605e-01,-4.701333637295482815e-01,3.160308509525644460e-01,-1.541025127769838354e-01
7.885489380760138944e-01,6.329066632539507298e-01,-1.556422748220631647e-01,-4.669268244661894940e-01,3.206539263358787473e-01,-1.462728981303107467e-01
7.874654643650812469e-01,6.329066632539507298e-01,-1.545588011111305171e-01,-4.636764033333915513e-01,3.250421132797942647e-01,-1.386342900535972866e-01
7.863681272251432652e-01,6.329066632539507298e-01,-1.534614639711925355e-01,-4.603843919135776064e-01,3.292011419813944961e-01,-1.311832499321831103e-01
7.852576717602119949e-01,6.329066632539507298e-01,-1.523510085062612651e-01,-4.570530255187837954e-01,3.331366394793811025e-01,-1.239163860394026928e-01
7.841348246566768321e-01,6.329066632539507298e-01,-1.512281614027261023e-01,-4.536844842081783069e-01,3.368541310605488448e-01,-1.168303531476294621e-01
7.830002945178269336e-01,6.329066632539507298e-01,-1.500936312638762038e-01,-4.502808937916286114e-01,3.403590416549695519e-01,-1.099218521366590595e-01
7.818547721937633144e-01,6.329066632539507298e-01,-1.489481089398125846e-01,-4.468443268194377538e-01,3.436566972190857605e-01,-1.031876296003519933e-01
7.806989311067397130e-01,6.329066632539507298e-01,-1.477922678527889833e-01,-4.433768035583669498e-01,3.467523261070803997e-01,-9.662447745128655008e-02
7.795334275719709716e-01,6.329066632539507298e-01,-1.466267643180202418e-01,-4.398802929540607254e-01,3.496510604306224401e-01,-9.022923252343828526e-02
7.783589011139498970e-01,6.329066632539507298e-01,-1.454522378599991672e-01,-4.363567135799975016e-01,3.523579374063223746e-01,-8.399877617367512705e-02
7.771759747783114625e-01,6.329066632539507298e-01,-1.442693115243607327e-01,-4.328079345730821981e-01,3.548779006915303569e-01,-7.793003388155184119e-02
7.759852554392848711e-01,6.329066632539507298e-01,-1.430785921853341414e-01,-4.292357765560024241e-01,3.572158017079773984e-01,-7.201997484802502569e-02
7.747873341027734506e-01,6.329066632539507298e-01,-1.418806708488227208e-01,-4.256420125464681625e-01,3.593764009534261561e-01,-6.626561159304200643e-02
7.735827862051026793e-01,6.329066632539507298e-01,-1.406761229511519495e-01,-4.220283688534558486e-01,3.613643693012313918e-01,-6.066399955222445683e-02
7.723721719074767567e-01,6.329066632539507298e-01,-1.394655086535260269e-01,-4.183965259605780806e-01,3.631842892877767959e-01,-5.521223667280128478e-02
7.711560363861835743e-01,6.329066632539507298e-01,-1.382493731322328445e-01,-4.147481193966985336e-01,3.648406563879547093e-01,-4.990746300874382424e-02
7.699349101185894995e-01,6.329066632539507298e-01,-1.370282468646387697e-01,-4.110847405939163091e-01,3.663378802782224497e-01,-4.474686031569385936e-02
7.687093091649638277e-01,6.329066632539507298e-01,-1.358026459110130979e-01,-4.074079377330392937e-01,3.676802860877015355e-01,-3.972765164533775817e-02
7.674797354461736498e-01,6.329066632539507298e-01,-1.345730721922229201e-01,-4.037192165766687602e-01,3.688721156370533549e-01,-3.484710093961540522e-02
7.662466770172894348e-01,6.329066632539507298e-01,-1.333400137633387050e-01,-4.000200412900161151e-01,3.699175286652645056e-01,-3.010251262475160949e-02
7.650106083371427390e-01,6.329066632539507298e-01,-1.321039450831920092e-01,-3.963118352495760277e-01,3.708206040440087392e-01,-2.549123120556728850e-02
7.637719905338755666e-01,6.329066632539507298e-01,-1.308653272799248368e-01,-3.925959818397745105e-01,3.715853409801517238e-01,-2.101064085962278671e-02
7.625312716665223478e-01,6.329066632539507298e-01,-1.296246084125716180e-01,-3.888738252377148541e-01,3.722156602059656372e-01,-1.665816503174921692e-02
7.612888869826660576e-01,6.329066632539507298e-01,-1.283822237287153278e-01,-3.851466711861459835e-01,3.727154051568870585e-01,-1.243126602925892499e-02
7.600452591722067774e-01,6.329066632539507298e-01,-1.271385959182560477e-01,-3.814157877547681430e-01,3.730883431377840509e-01,-8.327444616984092107e-03
7.588007986172857766e-01,6.329066632539507298e-01,-1.258941353633350468e-01,-3.776824060900051405e-01,3.733381664763002483e-01,-4.344239613704892200e-03
7.575559036384034162e-01,6.329066632539507298e-01,-1.246492403844526864e-01,-3.739477211533580592e-01,3.734684936647081344e-01,-4.792274886499248154e-04
7.563109607367721754e-01,6.329066632539507298e-01,-1.234042974828214456e-01,-3.702128924484643369e-01,3.734828704893722318e-01,3.269978040907894901e-03
7.550663448329451022e-01,6.329066632539507298e-01,-1.221596815789943724e-01,-3.664790447369831172e-01,3.733847711481219633e-01,6.905726411138846110e-03
7.538224195017591001e-01,6.329066632539507298e-01,-1.209157562478083703e-01,-3.627472687434251108e-01,3.731775993558006377e-01,1.043033061237552683e-02
7.525795372036343522e-01,6.329066632539507298e-01,-1.196728739496836225e-01,-3.590186218490508674e-01,3.728646894374243459e-01,1.384606758837347851e-02
7.513380395122684074e-01,6.329066632539507298e-01,-1.184313762583176777e-01,-3.552941287749530330e-01,3.724493074097834366e-01,1.715517863483040362e-02
7.500982573387660057e-01,6.329066632539507298e-01,-1.171915940848152760e-01,-3.515747822544458279e-01,3.719346520507205156e-01,2.035986979627468774e-02
7.488605111522431690e-01,6.329066632539507298e-01,-1.159538478982924392e-01,-3.478615436948773176e-01,3.713238559568510233e-01,2.346231226197370567e-02
7.476251111969465235e-01,6.329066632539507298e-01,-1.147184479429957937e-01,-3.441553438289873812e-01,3.706199865889936440e-01,2.646464276000626281e-02
7.463923577059259351e-01,6.329066632539507298e-01,-1.134856944519752053e-01,-3.404570833559256160e-01,3.698260473061765197e-01,2.936896395025090367e-02
7.451625411113003139e-01,6.329066632539507298e-01,-1.122558778573495841e-01,-3.367676335720487524e-01,3.689449783876863620e-01,3.217734481563760962e-02
7.439359422511563347e-01,6.329066632539507298e-01,-1.110292789972056049e-01,-3.330878369916168147e-01,3.679796580431937691e-01,3.489182105157695446e-02
7.427128325731174874e-01,6.329066632539507298e-01,-1.098061693191667576e-01,-3.294185079575002728e-01,3.669329034116541877e-01,3.751439545415391486e-02
7.414934743346239809e-01,6.329066632539507298e-01,-1.085868110806732512e-01,-3.257604332420197535e-01,3.658074715480519323e-01,4.004703830603217884e-02
7.402781207999611368e-01,6.329066632539507298e-01,-1.073714575460104070e-01,-3.221143726380312211e-01,3.646060603988532378e-01,4.249168776082201671e-02
7.390670164340743531e-01,6.329066632539507298e-01,-1.061603531801236233e-01,-3.184810595403708700e-01,3.633313097660351154e-01,4.485025022566424546e-02
7.378603970932101630e-01,6.329066632539507298e-01,-1.049537338392594332e-01,-3.148612015177782997e-01,3.619858022592570279e-01,4.712460074147872824e-02
7.366584902124201362e-01,6.329066632539507298e-01,-1.037518269584694064e-01,-3.112554808754082192e-01,3.605720642370080498e-01,4.931658336159983058e-02
7.354615149899662585e-01,6.329066632539507298e-01,-1.025548517360155287e-01,-3.076645552080465862e-01,3.590925667361632989e-01,5.142801152811671273e-02
7.342696825686652051e-01,6.329066632539507298e-01,-1.013630193147144753e-01,-3.040890579441434260e-01,3.575497263903160139e-01,5.346066844617258784e-02
7.330831962142086988e-01,6.329066632539507298e-01,-1.001765329602579691e-01,-3.005295988807739072e-01,3.559459063369518894e-01,5.541630745617798226e-02
7.319022514904978127e-01,6.329066632539507298e-01,-9.899558823654708295e-02,-2.969867647096412488e-01,3.542834171132658305e-01,5.729665240362458167e-02
7.307270364320272993e-01,6.329066632539507298e-01,-9.782037317807656951e-02,-2.934611195342297085e-01,3.525645175411540322e-01,5.910339800692432366e-02
7.295577317133574713e-01,6.329066632539507298e-01,-9.665106845940674152e-02,-2.899532053782202246e-01,3.507914156009483975e-01,6.083821022272817292e-02
7.283945108157099391e-01,6.329066632539507298e-01,-9.548784756175920929e-02,-2.864635426852776279e-01,3.489662692942596678e-01,6.250272660898203991e-02
7.272375401907232861e-01,6.329066632539507298e-01,-9.433087693677255636e-02,-2.829926308103176691e-01,3.470911874959958787e-01,6.409855668567820963e-02
7.260869794214052098e-01,6.329066632539507298e-01,-9.318031616745447998e-02,-2.795409485023634399e-01,3.451682307954229145e-01,6.562728229305947458e-02
7.249429813803164313e-01,6.329066632539507298e-01,-9.203631812636570153e-02,-2.761089543790971046e-01,3.431994123266335350e-01,6.709045794753643044e-02
7.238056923850224589e-01,6.329066632539507298e-01,-9.089902913107172910e-02,-2.726970873932151873e-01,3.411866985881917280e-01,6.848961119497654071e-02
7.226752523508479520e-01,6.329066632539507298e-01,-8.976858909689722221e-02,-2.693057672906916666e-01,3.391320102523520674e-01,6.982624296166040079e-02
7.215517949409696596e-01,6.329066632539507298e-01,-8.864513168701892987e-02,-2.659353950610567896e-01,3.370372229634877037e-01,7.110182790243091411e-02
7.204354477138815716e-01,6.329066632539507298e-01,-8.752878445993084178e-02,-2.625863533797925253e-01,3.349041681264264270e-01,7.231781474663390163e-02
7.193263322682681427e-01,6.329066632539507298e-01,-8.641966901431741288e-02,-2.592590070429522386e-01,3.327346336840286689e-01,7.347562664107643027e-02
7.182245643853187866e-01,6.329066632539507298e-01,-8.531790113136805687e-02,-2.559537033941041706e-01,3.305303648848068043e-01,7.457666149070263373e-02
7.171302541685184995e-01,6.329066632539507298e-01,-8.422359091456776969e-02,-2.526707727437033091e-01,3.282930650400861516e-01,7.562229229638284256e-02
7.160435061809479196e-01,6.329066632539507298e-01,-8.313684292699718981e-02,-2.494105287809915694e-01,3.260243962711739663e-01,7.661386749018239684e-02
7.149644195801263535e-01,6.329066632539507298e-01,-8.205775632617562376e-02,-2.461732689785268713e-01,3.237259802464698133e-01,7.755271126794294201e-02
7.138930882504315178e-01,6.329066632539507298e-01,-8.098642499648078807e-02,-2.429592749894423642e-01,3.213993989084507064e-01,7.844012391900834213e-02
7.128296009331286376e-01,6.329066632539507298e-01,-7.992293767917790781e-02,-2.397688130375337234e-01,3.190461951908640792e-01,7.927738215333035576e-02
7.117740413540410982e-01,6.329066632539507298e-01,-7.886737810009036842e-02,-2.366021343002711053e-01,3.166678737262618171e-01,8.006573942599071181e-02
7.107264883488961793e-01,6.329066632539507298e-01,-7.781982509494544953e-02,-2.334594752848363486e-01,3.142659015434756675e-01,8.080642625863931894e-02
7.096870159863770677e-01,6.329066632539507298e-01,-7.678035273242633796e-02,-2.303410581972790139e-01,3.118417087557334710e-01,8.150065055845445716e-02
7.086556936889137903e-01,6.329066632539507298e-01,-7.574903043496306054e-02,-2.272470913048891816e-01,3.093966892389832246e-01,8.214959793409404298e-02
7.076325863512439307e-01,6.329066632539507298e-01,-7.472592309729320093e-02,-2.241777692918796028e-01,3.069322013009578853e-01,8.275443200907828256e-02
7.066177544567749935e-01,6.329066632539507298e-01,-7.371109120282426375e-02,-2.211332736084727912e-01,3.044495683406811537e-01,8.331629473220836246e-02
7.056112541917792802e-01,6.329066632539507298e-01,-7.270459093782855042e-02,-2.181137728134856513e-01,3.019500794987139969e-01,8.383630668522834561e-02
7.046131375574521405e-01,6.329066632539507298e-01,-7.170647430350141072e-02,-2.151194229105042321e-01,2.994349902981419120e-01,8.431556738763767989e-02
7.036234524798636869e-01,6.329066632539507298e-01,-7.071678922591295713e-02,-2.121503676777388714e-01,2.969055232765360763e-01,8.475515559879720495e-02
7.026422429178351692e-01,6.329066632539507298e-01,-6.973557966388443941e-02,-2.092067389916533182e-01,2.943628686085553170e-01,8.515612961690199878e-02
7.016695489687683196e-01,6.329066632539507298e-01,-6.876288571481758982e-02,-2.062886571444527695e-01,2.918081847200548751e-01,8.551952757560210561e-02
7.007054069724589773e-01,6.329066632539507298e-01,-6.779874371850824755e-02,-2.033962311555247426e-01,2.892425988928026825e-01,8.584636773727793990e-02
6.997498496129234136e-01,6.329066632539507298e-01,-6.684318635897268379e-02,-2.005295590769180514e-01,2.866672078606691265e-01,8.613764878375107514e-02
6.988029060182662233e-01,6.329066632539507298e-01,-6.589624276431549355e-02,-1.976887282929464806e-01,2.840830783971570739e-01,8.639435010421059324e-02
6.978646018586194266e-01,6.329066632539507298e-01,-6.495793860466869685e-02,-1.948738158140060905e-01,2.814912478940390095e-01,8.661743208003291894e-02
6.969349594421806460e-01,6.329066632539507298e-01,-6.402829618822991620e-02,-1.920848885646897486e-01,2.788927249316341950e-01,8.680783636694444638e-02
6.960139978093785595e-01,6.329066632539507298e-01,-6.310733455542782977e-02,-1.893220036662834893e-01,2.762884898406259282e-01,8.696648617434243889e-02
6.951017328251939409e-01,6.329066632539507298e-01,-6.219506957124321112e-02,-1.865852087137296333e-01,2.736794952553855964e-01,8.709428654165596306e-02
6.941981772696634856e-01,6.329066632539507298e-01,-6.129151401571275581e-02,-1.838745420471382674e-01,2.710666666591365903e-01,8.719212461199832287e-02
6.933033409265941804e-01,6.329066632539507298e-01,-6.039667767264345066e-02,-1.811900330179303520e-01,2.684509029207915454e-01,8.726086990286119338e-02
6.924172306705151936e-01,6.329066632539507298e-01,-5.951056741656446381e-02,-1.785317022496933914e-01,2.658330768236960573e-01,8.730137457400266587e-02
6.915398505518935979e-01,6.329066632539507298e-01,-5.863318729794286810e-02,-1.758995618938286043e-01,2.632140355864787118e-01,8.731447369265010749e-02
6.906712018806412390e-01,6.329066632539507298e-01,-5.776453862669050920e-02,-1.732936158800715276e-01,2.605946013757076685e-01,8.730098549563614085e-02
6.898112833079385053e-01,6.329066632539507298e-01,-5.690462005398777556e-02,-1.707138601619633267e-01,2.579755718108200924e-01,8.726171164885676568e-02
6.889600909064006462e-01,6.329066632539507298e-01,-5.605342765244991643e-02,-1.681602829573497493e-01,2.553577204613577400e-01,8.719743750400799076e-02
6.881176182486131720e-01,6.329066632539507298e-01,-5.521095499466244227e-02,-1.656328649839873268e-01,2.527417973362422465e-01,8.710893235225491971e-02
6.872838564840608733e-01,6.329066632539507298e-01,-5.437719323011014350e-02,-1.631315796903304305e-01,2.501285293656896336e-01,8.699694967535920309e-02
6.864587944144762144e-01,6.329066632539507298e-01,-5.355213116052548461e-02,-1.606563934815764538e-01,2.475186208753976658e-01,8.686222739382121194e-02
6.856424185676308625e-01,6.329066632539507298e-01,-5.273575531368013269e-02,-1.582072659410403981e-01,2.449127540536055747e-01,8.670548811256517663e-02
6.848347132695967732e-01,6.329066632539507298e-01,-5.192805001564604339e-02,-1.557841500469381302e-01,2.423115894102267909e-01,8.652743936328866070e-02
6.840356607154990387e-01,6.329066632539507298e-01,-5.112899746154830893e-02,-1.533869923846449268e-01,2.397157662293203373e-01,8.632877384467541049e-02
6.832452410387858110e-01,6.329066632539507298e-01,-5.033857778483508127e-02,-1.510157333545052438e-01,2.371259030139682977e-01,8.611016965946305390e-02
6.824634323790385038e-01,6.329066632539507298e-01,-4.955676912508777399e-02,-1.486703073752633220e-01,2.345425979241921866e-01,8.587229054892886460e-02
6.816902109483460315e-01,6.329066632539507298e-01,-4.878354769439530170e-02,-1.463506430831859051e-01,2.319664292077416867e-01,8.561578612455578163e-02
6.809255510962660685e-01,6.329066632539507298e-01,-4.801888784231533869e-02,-1.440566635269460161e-01,2.293979556239889028e-01,8.534129209704288677e-02
6.801694253733957529e-01,6.329066632539507298e-01,-4.726276211944502315e-02,-1.417882863583350694e-01,2.268377168610946626e-01,8.504943050275959315e-02
6.794218045935757067e-01,6.329066632539507298e-01,-4.651514133962497688e-02,-1.395454240188749306e-01,2.242862339460138799e-01,8.474080992713894922e-02
6.786826578947484645e-01,6.329066632539507298e-01,-4.577599464079773472e-02,-1.373279839223932042e-01,2.217440096481726464e-01,8.441602572577944219e-02
6.779519527984937399e-01,6.329066632539507298e-01,-4.504528954454301015e-02,-1.351358686336290305e-01,2.192115288764173719e-01,8.407566024278834149e-02
6.772296552682632864e-01,6.329066632539507298e-01,-4.432299201431255664e-02,-1.329689760429376699e-01,2.166892590691360532e-01,8.372028302619838325e-02
6.765157297663354496e-01,6.329066632539507298e-01,-4.360906651238471987e-02,-1.308271995371541596e-01,2.141776505783510309e-01,8.335045104119687132e-02
6.758101393095117260e-01,6.329066632539507298e-01,-4.290347605556099619e-02,-1.287104281666829886e-01,2.116771370471171032e-01,8.296670888043411463e-02
6.751128455235760883e-01,6.329066632539507298e-01,-4.220618226962535857e-02,-1.266185468088760757e-01,2.091881357806912867e-01,8.256958897181521095e-02
6.744238086965376189e-01,6.329066632539507298e-01,-4.151714544258688910e-02,-1.245514363277606673e-01,2.067110481115408405e-01,8.215961178378017316e-02
6.737429878306775421e-01,6.329066632539507298e-01,-4.083632457672681237e-02,-1.225089737301804371e-01,2.042462597580230188e-01,8.173728602784258168e-02
6.730703406934201993e-01,6.329066632539507298e-01,-4.016367743946946955e-02,-1.204910323184084087e-01,2.017941411772028459e-01,8.130310885879443727e-02
6.724058238670487242e-01,6.329066632539507298e-01,-3.949916061309799442e-02,-1.184974818392939833e-01,1.993550479114425400e-01,8.085756607214855674e-02
6.717493927972845169e-01,6.329066632539507298e-01,-3.884272954333378713e-02,-1.165281886300013614e-01,1.969293209292621860e-01,8.040113229926082461e-02
6.711010018407502775e-01,6.329066632539507298e-01,-3.819433858679954774e-02,-1.145830157603986432e-01,1.945172869602718180e-01,7.993427119987317475e-02
6.704606043113360281e-01,6.329066632539507298e-01,-3.755394105738529831e-02,-1.126618231721558949e-01,1.921192588242748300e-01,7.945743565211893511e-02
6.698281525254869972e-01,6.329066632539507298e-01,-3.692148927153626747e-02,-1.107644678146088024e-01,1.897355357547092503e-01,7.897106794010044784e-02
6.692035978464319079e-01,6.329066632539507298e-01,-3.629693459248117815e-02,-1.088908037774435345e-01,1.873664037165267970e-01,7.847559993908326259e-02
6.685868907273707640e-01,6.329066632539507298e-01,-3.568022747342003420e-02,-1.070406824202601026e-01,1.850121357183431847e-01,7.797145329808308212e-02
6.679779807536394554e-01,6.329066632539507298e-01,-3.507131749968872558e-02,-1.052139524990661767e-01,1.826729921193925854e-01,7.745903962032640866e-02
6.673768166838701665e-01,6.329066632539507298e-01,-3.447015342991943676e-02,-1.034104602897583103e-01,1.803492209307866467e-01,7.693876064102833645e-02
6.667833464901649076e-01,6.329066632539507298e-01,-3.387668323621417787e-02,-1.016300497086425336e-01,1.780410581115776658e-01,7.641100840293513219e-02
6.661975173972999320e-01,6.329066632539507298e-01,-3.329085414334920223e-02,-9.987256243004760670e-02,1.757487278594926927e-01,7.587616542944508602e-02
6.656192759209779153e-01,6.329066632539507298e-01,-3.271261266702718551e-02,-9.813783800108155653e-02,1.734724428966050169e-01,7.533460489552346040e-02
6.650485679051454380e-01,6.329066632539507298e-01,-3.214190465119470819e-02,-9.642571395358412456e-02,1.712124047497431967e-01,7.478669079615907211e-02
6.644853385583926464e-01,6.329066632539507298e-01,-3.157867530444191662e-02,-9.473602591332574985e-02,1.689688040258374713e-01,7.423277811251172142e-02
6.639295324894510797e-01,6.329066632539507298e-01,-3.102286923550034992e-02,-9.306860770650104975e-02,1.667418206824700100e-01,7.367321297596896024e-02
6.633810937418070930e-01,6.329066632539507298e-01,-3.047443048785636321e-02,-9.142329146356908964e-02,1.645316242931960105e-01,7.310833282962692081e-02
6.628399658274460871e-01,6.329066632539507298e-01,-2.993330257349535728e-02,-8.979990772048607184e-02,1.623383743083017805e-01,7.253846658781570866e-02
6.623060917597438646e-01,6.329066632539507298e-01,-2.939942850579313482e-02,-8.819828551737940447e-02,1.601622203106667364e-01,7.196393479328733189e-02
6.617794140855209895e-01,6.329066632539507298e-01,-2.887275083157025968e-02,-8.661825249471077903e-02,1.580033022668625442e-01,7.138504977215176517e-02
6.612598749162753586e-01,6.329066632539507298e-01,-2.835321166232462886e-02,-8.505963498697388658e-02,1.558617507736892449e-01,7.080211578671535833e-02
6.607474159586083085e-01,6.329066632539507298e-01,-2.784075270465757868e-02,-8.352225811397273603e-02,1.537376873001150557e-01,7.021542918614231965e-02
6.602419785438599087e-01,6.329066632539507298e-01,-2.733531528990917892e-02,-8.200594586972753675e-02,1.516312244245199281e-01,6.962527855479239136e-02
6.597435036569669897e-01,6.329066632539507298e-01,-2.683684040301625995e-02,-8.051052120904877984e-02,1.495424660678756901e-01,6.903194485882691023e-02
6.592519319645600007e-01,6.329066632539507298e-01,-2.634526871060927089e-02,-7.903580613182781267e-02,1.474715077220967174e-01,6.843570159026890476e-02
6.587672038423120213e-01,6.329066632539507298e-01,-2.586054058836129155e-02,-7.758162176508387464e-02,1.454184366743938028e-01,6.783681490930992819e-02
6.582892594015549159e-01,6.329066632539507298e-01,-2.538259614760418614e-02,-7.614778844281255843e-02,1.433833322271316213e-01,6.723554378431906287e-02
6.578180385151762843e-01,6.329066632539507298e-01,-2.491137526122555457e-02,-7.473412578367666370e-02,1.413662659135894728e-01,6.663214012991280910e-02
6.573534808428106446e-01,6.329066632539507298e-01,-2.444681758885991485e-02,-7.334045276657974455e-02,1.393673017096919153e-01,6.602684894311217079e-02
6.568955258553392795e-01,6.329066632539507298e-01,-2.398886260138854976e-02,-7.196658780416564927e-02,1.373864962414095281e-01,6.541990843724387883e-02
6.564441128587116259e-01,6.329066632539507298e-01,-2.353744960476089609e-02,-7.061234881428268828e-02,1.354238989882960986e-01,6.481155017401341034e-02
6.559991810171014182e-01,6.329066632539507298e-01,-2.309251776315068838e-02,-6.927755328945206514e-02,1.334795524830623137e-01,6.420199919361024854e-02
6.555606693754105763e-01,6.329066632539507298e-01,-2.265400612145984649e-02,-6.796201836437953947e-02,1.315534925072525674e-01,6.359147414287302791e-02
6.551285168811340487e-01,6.329066632539507298e-01,-2.222185362718331891e-02,-6.666556088154995674e-02,1.296457482829582730e-01,6.298018740140831628e-02
6.547026624055976018e-01,6.329066632539507298e-01,-2.179599915164687207e-02,-6.538799745494061622e-02,1.277563426609340524e-01,6.236834520599343623e-02
6.542830447645817671e-01,6.329066632539507298e-01,-2.137638151063103731e-02,-6.412914453189311192e-02,1.258852923047504291e-01,6.175614777285731716e-02
6.538696027383432696e-01,6.329066632539507298e-01,-2.096293948439253985e-02,-6.288881845317761954e-02,1.240326078715492386e-01,6.114378941837161907e-02
6.534622750910465960e-01,6.329066632539507298e-01,-2.055561183709586626e-02,-6.166683551128759877e-02,1.221982941890020768e-01,6.053145867771447808e-02
6.530610005896176906e-01,6.329066632539507298e-01,-2.015433733566696084e-02,-6.046301200700088252e-02,1.203823504286716251e-01,5.991933842167074253e-02
6.526657180220308829e-01,6.329066632539507298e-01,-1.975905476808015315e-02,-5.927716430424045946e-02,1.185847702760423061e-01,5.930760597180184668e-02
6.522763662150412589e-01,6.329066632539507298e-01,-1.936970296109052914e-02,-5.810910888327158741e-02,1.168055420968872049e-01,5.869643321361561750e-02
6.518928840513730227e-01,6.329066632539507298e-01,-1.898622079742229296e-02,-5.695866239226687888e-02,1.150446491004708527e-01,5.808598670820397381e-02
6.515152104863756177e-01,6.329066632539507298e-01,-1.860854723242488795e-02,-5.582564169727466385e-02,1.133020694992215027e-01,5.747642780194683887e-02
6.511432845641583755e-01,6.329066632539507298e-01,-1.823662131020764576e-02,-5.470986393062293729e-02,1.115777766651726566e-01,5.686791273454971929e-02
6.507770454332145738e-01,6.329066632539507298e-01,-1.787038217926384398e-02,-5.361114653779153194e-02,1.098717392831405348e-01,5.626059274534900290e-02
6.504164323615453380e-01,6.329066632539507298e-01,-1.750976910759460825e-02,-5.252930732278382475e-02,1.081839215007707189e-01,5.565461417798689414e-02
6.500613847512939358e-01,6.329066632539507298e-01,-1.715472149734320606e-02,-5.146416449202961818e-02,1.065142830754206571e-01,5.505011858339103892e-02
6.497118421529008980e-01,6.329066632539507298e-01,-1.680517889895016825e-02,-5.041553669685050476e-02,1.048627795179113420e-01,5.444724282106083724e-02
6.493677442787899601e-01,6.329066632539507298e-01,-1.646108102483923030e-02,-4.938324307451769091e-02,1.032293622332813854e-01,5.384611915876369448e-02
6.490290310165948151e-01,6.329066632539507298e-01,-1.612236776264408533e-02,-4.836710328793225599e-02,1.016139786585434912e-01,5.324687537061123521e-02
6.486956424419367817e-01,6.329066632539507298e-01,-1.578897918798605193e-02,-4.736693756395815580e-02,1.000165723974100196e-01,5.264963483345186379e-02
6.483675188307620463e-01,6.329066632539507298e-01,-1.546085557681131650e-02,-4.638256673043394951e-02,9.843708335242062901e-02,5.205451662198667950e-02
6.480446006712495821e-01,6.329066632539507298e-01,-1.513793741729885234e-02,-4.541381225189655702e-02,9.687544785373924938e-02,5.146163560184269237e-02
6.477268286752972948e-01,6.329066632539507298e-01,-1.482016542134656500e-02,-4.446049626403969501e-02,9.533159878568620016e-02,5.087110252164650515e-02
6.474141437895971629e-01,6.329066632539507298e-01,-1.450748053564643314e-02,-4.352244160693929942e-02,9.380546571003955947e-02,5.028302410310026005e-02
6.471064872063073681e-01,6.329066632539507298e-01,-1.419982395235663830e-02,-4.259947185706991490e-02,9.229697498693845148e-02,4.969750312986853658e-02
6.468038003733305175e-01,6.329066632539507298e-01,-1.389713711937978768e-02,-4.169141135813936305e-02,9.080604989305518515e-02,4.911463853491582210e-02
6.465060250042071743e-01,6.329066632539507298e-01,-1.359936175025644456e-02,-4.079808525076933368e-02,8.933261073700293764e-02,4.853452548623360396e-02
6.462131030876324678e-01,6.329066632539507298e-01,-1.330643983368173799e-02,-3.991931950104521398e-02,8.787657497241196936e-02,4.795725547136675537e-02
6.459249768966048855e-01,6.329066632539507298e-01,-1.301831364265415569e-02,-3.905494092796246708e-02,8.643785730827469038e-02,4.738291638031222330e-02
6.456415889972153543e-01,6.329066632539507298e-01,-1.273492574326462456e-02,-3.820477722979387369e-02,8.501636981685933847e-02,4.681159258706546478e-02
6.453628822570844914e-01,6.329066632539507298e-01,-1.245621900313376162e-02,-3.736865700940128487e-02,8.361202203925888199e-02,4.624336502985759711e-02
6.450887998534565737e-01,6.329066632539507298e-01,-1.218213659950584393e-02,-3.654640979851753180e-02,8.222472108837530769e-02,4.567831128985777589e-02
6.448192852809576658e-01,6.329066632539507298e-01,-1.191262202700693607e-02,-3.573786608102080820e-02,8.085437174967236018e-02,4.511650566865155199e-02
6.445542823590256765e-01,6.329066632539507298e-01,-1.164761910507494669e-02,-3.494285731522484006e-02,7.950087657959681309e-02,4.455801926437197302e-02
6.442937352390201156e-01,6.329066632539507298e-01,-1.138707198506938578e-02,-3.416121595520815735e-02,7.816413600166827180e-02,4.400292004646011446e-02
6.440375884110192128e-01,6.329066632539507298e-01,-1.113092515706848307e-02,-3.339277547120544920e-02,7.684404840027081462e-02,4.345127292906536542e-02
6.437857867103111698e-01,6.329066632539507298e-01,-1.087912345636043998e-02,-3.263737036908131994e-02,7.554051021241292574e-02,4.290313984333160580e-02
6.435382753235874276e-01,6.329066632539507298e-01,-1.063161206963669780e-02,-3.189483620891009341e-02,7.425341601712265316e-02,4.235857980821255975e-02
6.432949997948445020e-01,6.329066632539507298e-01,-1.038833654089377223e-02,-3.116500962268131669e-02,7.298265862287767192e-02,4.181764900019635522e-02
6.430559060310016006e-01,6.329066632539507298e-01,-1.014924277705087086e-02,-3.044772833115261257e-02,7.172812915287041236e-02,4.128040082171779979e-02
6.428209403072409067e-01,6.329066632539507298e-01,-9.914277053290176944e-03,-2.974283115987053083e-02,7.048971712820817359e-02,4.074688596833764276e-02
6.425900492720770796e-01,6.329066632539507298e-01,-9.683386018126349803e-03,-2.905015805437904941e-02,6.926731054914814223e-02,4.021715249476909282e-02
6.423631799521627439e-01,6.329066632539507298e-01,-9.456516698212014127e-03,-2.836955009463604238e-02,6.806079597430070294e-02,3.969124587966466056e-02
6.421402797568362963e-01,6.329066632539507298e-01,-9.233616502885566568e-03,-2.770084950865669970e-02,6.687005859793426765e-02,3.916920908927756795e-02
6.419212964824188017e-01,6.329066632539507298e-01,-9.014633228468071913e-03,-2.704389968540421574e-02,6.569498232524839665e-02,3.865108263984418091e-02
6.417061783162653077e-01,6.329066632539507298e-01,-8.799515062314577918e-03,-2.639854518694373375e-02,6.453544984604819845e-02,3.813690465910446470e-02
6.414948738405776840e-01,6.329066632539507298e-01,-8.588210586626954246e-03,-2.576463175988086274e-02,6.339134270628710155e-02,3.762671094640623881e-02
6.412873320359847584e-01,6.329066632539507298e-01,-8.380668782034028652e-03,-2.514200634610208596e-02,6.226254137787767817e-02,3.712053503177559222e-02
6.410835022848949682e-01,6.329066632539507298e-01,-8.176839030944238473e-03,-2.453051709283271542e-02,6.114892532693705363e-02,3.661840823410433821e-02
6.408833343746286326e-01,6.329066632539507298e-01,-7.976671120677902849e-03,-2.393001336203370855e-02,6.005037307990068740e-02,3.612035971786697885e-02
6.406867785003340643e-01,6.329066632539507298e-01,-7.780115246383334515e-03,-2.334034573915000355e-02,5.896676228837050004e-02,3.562641654922049650e-02
6.404937852676944043e-01,6.329066632539507298e-01,-7.587122013743674565e-03,-2.276136604123102369e-02,5.789796979189798520e-02,3.513660375066696151e-02
6.403043056954298429e-01,6.329066632539507298e-01,-7.397642441479113096e-03,-2.219292732443733929e-02,5.684387167936844065e-02,3.465094435493110137e-02
6.401182912176007767e-01,6.329066632539507298e-01,-7.211627963650046880e-03,-2.163488389095014064e-02,5.580434334871986479e-02,3.416945945776972415e-02
6.399356936857174549e-01,6.329066632539507298e-01,-7.029030431766725151e-03,-2.108709129530017545e-02,5.477925956499651861e-02,3.369216826969634315e-02
6.397564653706611093e-01,6.329066632539507298e-01,-6.849802116710379529e-03,-2.054940635013113859e-02,5.376849451690368653e-02,3.321908816677254794e-02
6.395805589644214528e-01,6.329066632539507298e-01,-6.673895710470723053e-03,-2.002168713141216916e-02,5.277192187189694295e-02,3.275023474048477379e-02
6.394079275816558772e-01,6.329066632539507298e-01,-6.501264327705147394e-03,-1.950379298311544218e-02,5.178941482967269749e-02,3.228562184655725531e-02
6.392385247610748999e-01,6.329066632539507298e-01,-6.331861507124170174e-03,-1.899558452137251052e-02,5.082084617429316609e-02,3.182526165292065556e-02
6.390723044666591912e-01,6.329066632539507298e-01,-6.165641212708461438e-03,-1.849692363812538431e-02,4.986608832471262076e-02,3.136916468658723645e-02
6.389092210887121759e-01,6.329066632539507298e-01,-6.002557834761446109e-03,-1.800767350428433833e-02,4.892501338410459866e-02,3.091733987982026033e-02
6.387492294447530972e-01,6.329066632539507298e-01,-5.842566190802367387e-03,-1.752769857240710216e-02,4.799749318772361661e-02,3.046979461531651445e-02
6.385922847802556479e-01,6.329066632539507298e-01,-5.685621526304918127e-03,-1.705686457891475438e-02,4.708339934923477799e-02,3.002653477032002360e-02
6.384383427692351676e-01,6.329066632539507298e-01,-5.531679515284437798e-03,-1.659503854585331339e-02,4.618260330614409881e-02,2.958756476029078542e-02
6.382873595146907331e-01,6.329066632539507298e-01,-5.380696260740003289e-03,-1.614208878222000987e-02,4.529497636333035260e-02,2.915288758111034273e-02
6.381392915489043638e-01,6.329066632539507298e-01,-5.232628294953634018e-03,-1.569788488486090205e-02,4.442038973591078133e-02,2.872250485104987927e-02
6.379940958336031143e-01,6.329066632539507298e-01,-5.087432579652384490e-03,-1.526229773895715347e-02,4.355871459037485849e-02,2.829641685141770502e-02
6.378517297599870517e-01,6.329066632539507298e-01,-4.945066506036321918e-03,-1.483519951810896575e-02,4.270982208481877151e-02,2.787462256670980576e-02
6.377121511486276706e-01,6.329066632539507298e-01,-4.805487894676940819e-03,-1.441646368403082246e-02,4.187358340781432986e-02,2.745711972378350740e-02
6.375753182492406301e-01,6.329066632539507298e-01,-4.668654995289900356e-03,-1.400596498586970107e-02,4.104986981611213892e-02,2.704390483024243785e-02
6.374411897403365890e-01,6.329066632539507298e-01,-4.534526486385859201e-03,-1.360357945915757760e-02,4.023855267121234647e-02,2.663497321205476887e-02
6.373097247287538014e-01,6.329066632539507298e-01,-4.403061474803071640e-03,-1.320918442440921492e-02,3.943950347483626828e-02,2.623031905042705336e-02
6.371808827490760274e-01,6.329066632539507298e-01,-4.274219495125297641e-03,-1.282265848537589292e-02,3.865259390333219969e-02,2.582993541795630676e-02
6.370546237629400865e-01,6.329066632539507298e-01,-4.147960508989356754e-03,-1.244388152696807026e-02,3.787769584078226615e-02,2.543381431381419588e-02
6.369309081582354981e-01,6.329066632539507298e-01,-4.024244904284768332e-03,-1.207273471285430499e-02,3.711468141137652665e-02,2.504194669852222166e-02
6.368096967482007598e-01,6.329066632539507298e-01,-3.903033494250029989e-03,-1.170910048275008997e-02,3.636342301042150282e-02,2.465432252767141286e-02
6.366909507704188176e-01,6.329066632539507298e-01,-3.784287516468087809e-03,-1.135286254940426343e-02,3.562379333458265407e-02,2.427093078517839064e-02
6.365746318857153918e-01,6.329066632539507298e-01,-3.667968631764662035e-03,-1.100390589529398611e-02,3.489566541102773201e-02,2.389175951573374590e-02
6.364607021769634887e-01,6.329066632539507298e-01,-3.554038923012758922e-03,-1.066211676903827676e-02,3.417891262557093413e-02,2.351679585653265736e-02
6.363491241477973182e-01,6.329066632539507298e-01,-3.442460893846588377e-03,-1.032738268153976513e-02,3.347340874985116344e-02,2.314602606831139830e-02
6.362398607212379487e-01,6.329066632539507298e-01,-3.333197467287218885e-03,-9.999592401861656654e-03,3.277902796781084760e-02,2.277943556594919094e-02
6.361328752382351404e-01,6.329066632539507298e-01,-3.226211984284410583e-03,-9.678635952853231750e-03,3.209564490084249044e-02,2.241700894798925869e-02
6.360281314561271326e-01,6.329066632539507298e-01,-3.121468202176402862e-03,-9.364404606529208586e-03,3.142313463240231641e-02,2.205873002587310783e-02
6.359255935470217169e-01,6.329066632539507298e-01,-3.018930293070987148e-03,-9.056790879212961443e-03,3.076137273162471431e-02,2.170458185241175286e-02
6.358252260961015923e-01,6.329066632539507298e-01,-2.918562842150862480e-03,-8.755688526452587439e-03,3.011023527603740035e-02,2.135454674958481291e-02
6.357269940998563351e-01,6.329066632539507298e-01,-2.820330845905605344e-03,-8.460992537716816031e-03,2.946959887357714081e-02,2.100860633586032478e-02
6.356308629642447583e-01,6.329066632539507298e-01,-2.724199710294028520e-03,-8.172599130882085561e-03,2.883934068347304702e-02,2.066674155259096146e-02
6.355367985027884359e-01,6.329066632539507298e-01,-2.630135248837706108e-03,-7.890405746513118324e-03,2.821933843689672372e-02,2.032893269038360540e-02
6.354447669346011685e-01,6.329066632539507298e-01,-2.538103680650438676e-03,-7.614311041951316028e-03,2.760947045618022955e-02,1.999515941422891352e-02
6.353547348823552765e-01,6.329066632539507298e-01,-2.448071628404546729e-03,-7.344214885213640187e-03,2.700961567376758410e-02,1.966540078855394391e-02
6.352666693701882750e-01,6.329066632539507298e-01,-2.360006116237545193e-03,-7.080018348712635579e-03,2.641965365010046085e-02,1.933963530138782527e-02
6.351805378215513720e-01,6.329066632539507298e-01,-2.273874567600642216e-03,-6.821623702801926648e-03,2.583946459107089311e-02,1.901784088826896646e-02
6.350963080570033448e-01,6.329066632539507298e-01,-2.189644803052614996e-03,-6.568934409157844989e-03,2.526892936440816584e-02,1.869999495525032085e-02
6.350139482919507916e-01,6.329066632539507298e-01,-2.107285038000061839e-03,-6.321855114000185516e-03,2.470792951576594731e-02,1.838607440176576180e-02
6.349334271343384239e-01,6.329066632539507298e-01,-2.026763880387694172e-03,-6.080291641163082517e-03,2.415634728371029993e-02,1.807605564254721742e-02
6.348547135822902865e-01,6.329066632539507298e-01,-1.948050328339556714e-03,-5.844150985018670141e-03,2.361406561444123753e-02,1.776991462942256739e-02
6.347777770217051252e-01,6.329066632539507298e-01,-1.871113767754395418e-03,-5.613341303263186255e-03,2.308096817554838864e-02,1.746762687228520239e-02
6.347025872238071242e-01,6.329066632539507298e-01,-1.795923969856394464e-03,-5.387771909569183393e-03,2.255693936940028621e-02,1.716916745983110282e-02
6.346291143426551207e-01,6.329066632539507298e-01,-1.722451088704390898e-03,-5.167353266113172694e-03,2.204186434560106989e-02,1.687451107948789719e-02
6.345573289126110739e-01,6.329066632539507298e-01,-1.650665658660344093e-03,-4.951996975981032278e-03,2.153562901321404155e-02,1.658363203723300927e-02
6.344872018457707874e-01,6.329066632539507298e-01,-1.580538591820057626e-03,-4.741615775460172877e-03,2.103812005208594016e-02,1.629650427662576728e-02
6.344187044293581046e-01,6.329066632539507298e-01,-1.512041175407374816e-03,-4.536123526222124447e-03,2.054922492380484300e-02,1.601310139758271855e-02
6.343518083230852422e-01,6.329066632539507298e-01,-1.445145069134512461e-03,-4.335435207403537383e-03,2.006883188185870637e-02,1.573339667445516898e-02
6.342864855564798177e-01,6.329066632539507298e-01,-1.379822302529087885e-03,-4.139466907587263655e-03,1.959682998162737277e-02,1.545736307404010912e-02
6.342227085261817887e-01,6.329066632539507298e-01,-1.316045272231058938e-03,-3.948135816693176814e-03,1.913310908940868416e-02,1.518497327271550734e-02
6.341604499932110839e-01,6.329066632539507298e-01,-1.253786739260354111e-03,-3.761360217781062332e-03,1.867755989121144822e-02,1.491619967343038589e-02
6.340996830802076989e-01,6.329066632539507298e-01,-1.193019826256969118e-03,-3.579059478770907354e-03,1.823007390101549774e-02,1.465101442224459038e-02
6.340403812686464802e-01,6.329066632539507298e-01,-1.133718014695750398e-03,-3.401154044087251194e-03,1.779054346836561606e-02,1.438938942427836487e-02
6.339825183960277055e-01,6.329066632539507298e-01,-1.075855142076975746e-03,-3.227565426230927237e-03,1.735886178563239568e-02,1.413129635940146844e-02
6.339260686530449052e-01,6.329066632539507298e-01,-1.019405399094175380e-03,-3.058216197282526139e-03,1.693492289484010982e-02,1.387670669755758368e-02
6.338710065807318106e-01,6.329066632539507298e-01,-9.643433267810808118e-04,-2.893029980343242435e-03,1.651862169392837032e-02,1.362559171358512788e-02
6.338173070675900966e-01,6.329066632539507298e-01,-9.106438136393668614e-04,-2.731931440918100584e-03,1.610985394251418512e-02,1.337792250159608454e-02
6.337649453466985827e-01,6.329066632539507298e-01,-8.582820927478529427e-04,-2.574846278243558828e-03,1.570851626745417562e-02,1.313366998921061679e-02
6.337138969928060028e-01,6.329066632539507298e-01,-8.072337388552730530e-04,-2.421701216565819159e-03,1.531450616777396689e-02,1.289280495120814773e-02
6.336641379194084545e-01,6.329066632539507298e-01,-7.574746654577246829e-04,-2.272423996373174049e-03,1.492772201926451103e-02,1.265529802289133698e-02
6.336156443758131918e-01,6.329066632539507298e-01,-7.089811218624619826e-04,-2.126943365587385948e-03,1.454806307857881009e-02,1.242111971299142414e-02
6.335683929441893181e-01,6.329066632539507298e-01,-6.617296902385882973e-04,-1.985189070715764892e-03,1.417542948716210560e-02,1.219024041644634071e-02
6.335223605366070432e-01,6.329066632539507298e-01,-6.156972826563134049e-04,-1.847091847968940215e-03,1.380972227468246771e-02,1.196263042671352750e-02
6.334775243920673926e-01,6.329066632539507298e-01,-5.708611381166628362e-04,-1.712583414349988509e-03,1.345084336189517060e-02,1.173825994754518209e-02
6.334338620735225911e-01,6.329066632539507298e-01,-5.271988195718613213e-04,-1.581596458715583964e-03,1.309869556344045449e-02,1.151709910472487053e-02
6.333913514648882304e-01,6.329066632539507298e-01,-4.846882109375005854e-04,-1.454064632812501756e-03,1.275318259030822077e-02,1.129911795749571901e-02
6.333499707680496638e-01,6.329066632539507298e-01,-4.433075140989339857e-04,-1.329922542296801957e-03,1.241420905156997989e-02,1.108428650927317793e-02
6.333096984998619616e-01,6.329066632539507298e-01,-4.030352459112318542e-04,-1.209105737733695562e-03,1.208168045631063947e-02,1.087257471857694391e-02
6.332705134891460919e-01,6.329066632539507298e-01,-3.638502351953620817e-04,-1.091550705586086245e-03,1.175550321476093174e-02,1.066395250917484550e-02
6.332323948736812147e-01,6.329066632539507298e-01,-3.257316197304849226e-04,-9.771948591914547677e-04,1.143558463946314774e-02,1.045838978027169297e-02
6.331953220971943130e-01,6.329066632539507298e-01,-2.886588432435832630e-04,-8.659765297307497889e-04,1.112183294607049788e-02,1.025585641633974809e-02
6.331592749063490455e-01,6.329066632539507298e-01,-2.526116523983157336e-04,-7.578349571949472008e-04,1.081415725358025881e-02,1.005632229638531161e-02
6.331242333477333784e-01,6.329066632539507298e-01,-2.175700937826485770e-04,-6.527102813479457311e-04,1.051246758470014697e-02,9.859757303352201241e-03
6.330901777648481055e-01,6.329066632539507298e-01,-1.835145108973756933e-04,-5.505435326921270800e-04,1.021667486558186511e-02,9.666131332889738026e-03
6.330570887950961456e-01,6.329066632539507298e-01,-1.504255411454158420e-04,-4.512766234362475259e-04,9.926690925587955405e-03,9.475414302151707879e-03
6.330249473667743931e-01,6.329066632539507298e-01,-1.182841128236633566e-04,-3.548523384709900697e-04,9.642428496525745629e-03,9.287576158054755560e-03
6.329937346960684552e-01,6.329066632539507298e-01,-8.707144211772543940e-05,-2.612143263531763182e-04,9.363801211781375144e-03,9.102586885428198826e-03
6.329634322840510530e-01,6.329066632539507298e-01,-5.676903010032319230e-05,-1.703070903009695769e-04,9.090723605220674131e-03,8.920416514919704554e-03
6.329340219136850854e-01,6.329066632539507298e-01,-2.735865973435558374e-05,-8.207597920306675121e-05,8.823111109790282569e-03,8.741035130587215818e-03
6.329054856468322443e-01,6.329066632539507298e-01,1.177607118485468618e-06,3.532821355456405854e-06,8.560880055852315706e-03,8.564412877207772112e-03
6.328778058212670699e-01,6.329066632539507298e-01,2.885743268365992265e-05,8.657229805097976794e-05,8.303947669552336208e-03,8.390519967603315976e-03
6.328509650476986659e-01,6.329066632539507298e-01,5.569820625206389764e-05,1.670946187561916929e-04,8.052232070521192497e-03,8.219326689277384190e-03
6.328249462067991882e-01,6.329066632539507298e-01,8.171704715154159970e-05,2.451511414546247991e-04,7.805652269843310620e-03,8.050803411297935419e-03
6.327997324462408812e-01,6.329066632539507298e-01,1.069308077098485299e-04,3.207924231295455897e-04,7.564128167492079058e-03,7.884920590621624648e-03
6.327753071777415528e-01,6.329066632539507298e-01,1.313560762091769973e-04,3.940682286275309920e-04,7.327580549798540233e-03,7.721648778426071225e-03
6.327516540741201512e-01,6.329066632539507298e-01,1.550091798305786028e-04,4.650275394917358085e-04,7.095931086420481648e-03,7.560958625912217457e-03
6.327287570663613359e-01,6.329066632539507298e-01,1.779061875893939160e-04,5.337185627681817479e-04,6.869102327644593942e-03,7.402820890412775690e-03
6.327066003406914829e-01,6.329066632539507298e-01,2.000629132592468551e-04,6.001887397777405653e-04,6.647017700955881736e-03,7.247206440733622301e-03
6.326851683356657929e-01,6.329066632539507298e-01,2.214949182849368370e-04,6.644847548548105109e-04,6.429601507706994568e-03,7.094086262561805079e-03
6.326644457392662790e-01,6.329066632539507298e-01,2.422175146844507410e-04,7.266525440533522229e-04,6.216778919854171193e-03,6.943431463907523415e-03
6.326444174860131886e-01,6.329066632539507298e-01,2.622457679375411743e-04,7.867373038126235230e-04,6.008475975927130008e-03,6.795213279739753531e-03
6.326250687540880824e-01,6.329066632539507298e-01,2.815944998626473961e-04,8.447834995879421882e-04,5.804619577531866526e-03,6.649403077119808714e-03
6.326063849624706803e-01,6.329066632539507298e-01,3.002782914800494751e-04,9.008348744401484254e-04,5.605137485220623716e-03,6.505972359660772142e-03
6.325883517680892520e-01,6.329066632539507298e-01,3.183114858614777276e-04,9.549344575844331828e-04,5.409958314428475745e-03,6.364892772012908928e-03
6.325709550629849964e-01,6.329066632539507298e-01,3.357081909657333441e-04,1.007124572897200032e-03,5.219011531276684934e-03,6.226136104173884966e-03
6.325541809714911867e-01,6.329066632539507298e-01,3.524822824595430504e-04,1.057446847378629151e-03,5.032227448142911896e-03,6.089674295521541048e-03
6.325380158474269710e-01,6.329066632539507298e-01,3.686474065237588249e-04,1.105942219571276475e-03,4.849537219264732357e-03,5.955479438836008832e-03
6.325224462713066043e-01,6.329066632539507298e-01,3.842169826441255154e-04,1.152650947932376546e-03,4.670872836110007142e-03,5.823523784042383689e-03
6.325074590475646685e-01,6.329066632539507298e-01,3.992042063860612444e-04,1.197612619158183733e-03,4.496167122580718711e-03,5.693779741738902445e-03
6.324930412017968351e-01,6.329066632539507298e-01,4.136220521538946926e-04,1.240866156461684078e-03,4.325353730350034454e-03,5.566219886811718531e-03
6.324791799780177248e-01,6.329066632539507298e-01,4.274832759330049470e-04,1.282449827799014841e-03,4.158367133733076315e-03,5.440816961532091156e-03
6.324658628359347556e-01,6.329066632539507298e-01,4.408004180159741381e-04,1.322401254047922414e-03,3.995142624890757332e-03,5.317543878938679747e-03
6.324530774482396422e-01,6.329066632539507298e-01,4.535858057110875308e-04,1.360757417133262592e-03,3.835616308534017804e-03,5.196373725667280397e-03
6.324408116979171046e-01,6.329066632539507298e-01,4.658515560336251582e-04,1.397554668100875475e-03,3.679725096761288228e-03,5.077279764862163702e-03
6.324290536755711178e-01,6.329066632539507298e-01,4.776095783796119321e-04,1.432828735138835796e-03,3.527406703796032161e-03,4.960235438934867958e-03
6.324177916767690366e-01,6.329066632539507298e-01,4.888715771816931621e-04,1.466614731545079486e-03,3.378599640624369016e-03,4.845214372169448502e-03
6.324070141994041494e-01,6.329066632539507298e-01,4.996490545465803734e-04,1.498947163639741120e-03,3.233243209466163393e-03,4.732190373105904513e-03
6.323967099410765513e-01,6.329066632539507298e-01,5.099533128741784438e-04,1.529859938622535331e-03,3.091277498279421110e-03,4.621137436901956441e-03
6.323868677964926688e-01,6.329066632539507298e-01,5.197954574580609943e-04,1.559386372374182983e-03,2.952643375164765160e-03,4.512029747538948143e-03
6.323774768548835468e-01,6.329066632539507298e-01,5.291863990671830109e-04,1.587559197201549033e-03,2.817282482736604976e-03,4.404841679938154009e-03
6.323685263974423432e-01,6.329066632539507298e-01,5.381368565083866073e-04,1.614410569525159822e-03,2.685137232361078929e-03,4.299547801886238751e-03
6.323600058947813629e-01,6.329066632539507298e-01,5.466573591693668632e-04,1.639972077508100590e-03,2.556150798294076765e-03,4.196122875802177354e-03
6.323519050044079659e-01,6.329066632539507298e-01,5.547582495427638705e-04,1.664274748628291611e-03,2.430267112019102171e-03,4.094541860647393783e-03
6.323442135682206811e-01,6.329066632539507298e-01,5.624496857300487207e-04,1.687349057190146162e-03,2.307430856185455070e-03,3.994779913375601232e-03
6.323369216100247492e-01,6.329066632539507298e-01,5.697416439259805898e-04,1.709224931777941769e-03,2.187587458779560734e-03,3.896812390557502503e-03
6.323300193330678720e-01,6.329066632539507298e-01,5.766439208828577634e-04,1.729931762648573290e-03,2.070683087063152072e-03,3.800614849711725363e-03
6.323234971175959451e-01,6.329066632539507298e-01,5.831661363547846477e-04,1.749498409064353943e-03,1.956664641578065300e-03,3.706163050642419243e-03
6.323173455184289971e-01,6.329066632539507298e-01,5.893177355217327218e-04,1.767953206565198165e-03,1.845479750084422221e-03,3.613432956649620387e-03
6.323115552625577784e-01,6.329066632539507298e-01,5.951079913929513410e-04,1.785323974178854023e-03,1.737076761365585753e-03,3.522400735544439776e-03
6.323061172467601132e-01,6.329066632539507298e-01,6.005460071906165709e-04,1.801638021571849713e-03,1.631404739299568973e-03,3.433042760871418686e-03
6.323010225352385660e-01,6.329066632539507298e-01,6.056407187121637392e-04,1.816922156136491218e-03,1.528413456464150499e-03,3.345335612600641717e-03
6.322962623572782048e-01,6.329066632539507298e-01,6.104008966725249508e-04,1.831202690017574852e-03,1.428053388108363464e-03,3.259256078125938316e-03
6.322918281049256795e-01,6.329066632539507298e-01,6.148351490250503204e-04,1.844505447075150961e-03,1.330275705757610893e-03,3.174781152832761855e-03
6.322877113306883956e-01,6.329066632539507298e-01,6.189519232623341694e-04,1.856855769787002508e-03,1.235032271185154684e-03,3.091888040972157192e-03
6.322839037452552269e-01,6.329066632539507298e-01,6.227595086955028947e-04,1.868278526086508684e-03,1.142275629950617599e-03,3.010554156037126283e-03
6.322803972152376550e-01,6.329066632539507298e-01,6.262660387130747353e-04,1.878798116139224206e-03,1.051959005271552172e-03,2.930757121410776378e-03
6.322771837609322265e-01,6.329066632539507298e-01,6.294794930185032555e-04,1.888438479055509767e-03,9.640362916285560857e-04,2.852474770684065852e-03
6.322742555541038811e-01,6.329066632539507298e-01,6.324076998468486366e-04,1.897223099540545910e-03,8.784620485036143123e-04,2.775685148044160222e-03
6.322716049157903750e-01,6.329066632539507298e-01,6.350583381603547295e-04,1.905175014481064188e-03,7.951914940518278740e-04,2.700366508532892063e-03
6.322692243141276869e-01,6.329066632539507298e-01,6.374389398230428938e-04,1.912316819469128681e-03,7.141804988064492932e-04,2.626497318275577975e-03
6.322671063621968512e-01,6.329066632539507298e-01,6.395568917538785314e-04,1.918670675261635594e-03,6.353855792506912792e-04,2.554056254512326873e-03
6.322652438158914423e-01,6.329066632539507298e-01,6.414194380592874722e-04,1.924258314177862417e-03,5.587638916226822516e-04,2.483022205800544668e-03
6.322636295718065957e-01,6.329066632539507298e-01,6.430336821441340334e-04,1.929101046432402100e-03,4.842732254539683368e-04,2.413374271886370437e-03
6.322622566651490139e-01,6.329066632539507298e-01,6.444065888017158628e-04,1.933219766405147588e-03,4.118719972745488178e-04,2.345091763679696406e-03
6.322611182676677322e-01,6.329066632539507298e-01,6.455449862829976126e-04,1.936634958848992838e-03,3.415192443845249670e-04,2.278154203233517805e-03
6.322602076856067566e-01,6.329066632539507298e-01,6.464555683439732192e-04,1.939366705031919658e-03,2.731746182926819699e-04,2.212541323324601628e-03
6.322595183576781297e-01,6.329066632539507298e-01,6.471448962726000786e-04,1.941434688817800236e-03,2.067983785880578296e-04,2.148233067405858066e-03
6.322590438530563128e-01,6.329066632539507298e-01,6.476194008944169411e-04,1.942858202683250823e-03,1.423513865450587446e-04,2.085209589228309568e-03
6.322587778693933291e-01,6.329066632539507298e-01,6.478853845574006343e-04,1.943656153672201903e-03,7.979509889510794096e-05,2.023451252567309844e-03
6.322587142308556674e-01,6.329066632539507298e-01,6.479490230950624152e-04,1.943847069285187246e-03,1.909156129853428752e-05,1.962938630583721533e-03
6.322588468861810584e-01,6.329066632539507298e-01,6.478163677696713307e-04,1.943449103309013992e-03,-3.979659761732534662e-05,1.903652505691688646e-03
6.322591699067570126e-01,6.329066632539507298e-01,6.474933471937172058e-04,1.942480041581151617e-03,-9.690617278623747666e-05,1.845573868794914141e-03
6.322596774847198953e-01,6.329066632539507298e-01,6.469857692308345065e-04,1.940957307692503520e-03,-1.522733888648097889e-04,1.788683918827693731e-03
6.322603639310746537e-01,6.329066632539507298e-01,6.462993228760760545e-04,1.938897968628228163e-03,-2.059339064275356179e-04,1.732964062200692545e-03
6.322612236738356373e-01,6.329066632539507298e-01,6.454395801150925038e-04,1.936318740345277511e-03,-2.579228282950651874e-04,1.678395912050212324e-03
6.322622512561877350e-01,6.329066632539507298e-01,6.444119977629947371e-04,1.933235993288984211e-03,-3.082747056293300147e-04,1.624961287659654197e-03
6.322634413346686078e-01,6.329066632539507298e-01,6.432219192821220233e-04,1.929665757846366070e-03,-3.570235442618141519e-04,1.572642213584551918e-03
6.322647886773709036e-01,6.329066632539507298e-01,6.418745765798261615e-04,1.925623729739478485e-03,-4.042028106887585182e-04,1.521420919050719966e-03
6.322662881621651243e-01,6.329066632539507298e-01,6.403750917856054770e-04,1.921125275356816431e-03,-4.498454382662053774e-04,1.471279837090611053e-03
6.322679347749430301e-01,6.329066632539507298e-01,6.387284790076996899e-04,1.916185437023099070e-03,-4.939838333717361252e-04,1.422201603651362944e-03
6.322697236078812510e-01,6.329066632539507298e-01,6.369396460694787265e-04,1.910818938208436180e-03,-5.366498814662890027e-04,1.374169056742147177e-03
6.322716498577252153e-01,6.329066632539507298e-01,6.350133962255144482e-04,1.905040188676543345e-03,-5.778749531892835023e-04,1.327165235487259842e-03
6.322737088240927283e-01,6.329066632539507298e-01,6.329544298580014328e-04,1.898863289574004298e-03,-6.176899102539046282e-04,1.281173379320099670e-03
6.322758959077980911e-01,6.329066632539507298e-01,6.307673461526386305e-04,1.892302038457915891e-03,-6.561251116088406832e-04,1.236176926849075208e-03
6.322782066091962028e-01,6.329066632539507298e-01,6.284566447545270051e-04,1.885369934263581015e-03,-6.932104194334876013e-04,1.192159514830093414e-03
6.322806365265457584e-01,6.329066632539507298e-01,6.260267274049713393e-04,1.878080182214914018e-03,-7.289752048666997553e-04,1.149104977348214263e-03
6.322831813543930979e-01,6.329066632539507298e-01,6.234818995576318912e-04,1.870445698672895674e-03,-7.634483542018344338e-04,1.106997344471061240e-03
6.322858368819748165e-01,6.329066632539507298e-01,6.208263719759132826e-04,1.862479115927739848e-03,-7.966582745155825762e-04,1.065820841412157272e-03
6.322885989916406935e-01,6.329066632539507298e-01,6.180642623100363053e-04,1.854192786930108916e-03,-8.286328997630931781e-04,1.025559887167015738e-03
6.322914636572952718e-01,6.329066632539507298e-01,6.151995966554579809e-04,1.845598789966373943e-03,-8.593996963734973349e-04,9.861990935928766078e-04
6.322944269428592001e-01,6.329066632539507298e-01,6.122363110915296502e-04,1.836708933274588951e-03,-8.889856691784991938e-04,9.477232640960897569e-04
6.322974850007495595e-01,6.329066632539507298e-01,6.091782532011702500e-04,1.827534759603510750e-03,-9.174173671078200698e-04,9.101173924956906802e-04
6.323006340703791750e-01,6.329066632539507298e-01,6.060291835715547748e-04,1.818087550714664324e-03,-9.447208888846425623e-04,8.733666618300217621e-04
6.323038704766750229e-01,6.329066632539507298e-01,6.027927772757069036e-04,1.808378331827120711e-03,-9.709218887543613619e-04,8.374564430727593489e-04
6.323071906286151789e-01,6.329066632539507298e-01,5.994726253355509016e-04,1.798417876006652705e-03,-9.960455820468006038e-04,8.023722939598521009e-04
6.323105910177846400e-01,6.329066632539507298e-01,5.960722361660897306e-04,1.788216708498269192e-03,-1.020116750838351294e-03,7.680999576599178980e-04
6.323140682169499094e-01,6.329066632539507298e-01,5.925950370008203905e-04,1.777785111002461171e-03,-1.043159749580802043e-03,7.346253614216591288e-04
6.323176188786513441e-01,6.329066632539507298e-01,5.890443752993856918e-04,1.767133125898157076e-03,-1.065198510430409584e-03,7.019346154677474914e-04
6.323212397338142665e-01,6.329066632539507298e-01,5.854235201364632601e-04,1.756270560409389780e-03,-1.086256548876729511e-03,6.700140115326602697e-04
6.323249275903783939e-01,6.329066632539507298e-01,5.817356635723358593e-04,1.745206990717007578e-03,-1.106356969238220245e-03,6.388500214787873333e-04
6.323286793319446986e-01,6.329066632539507298e-01,5.779839220060312144e-04,1.733951766018093643e-03,-1.125522469891393484e-03,6.084292961267001587e-04
6.323324919164405866e-01,4.002601192034273003e-01,-2.320723727130132863e-01,-6.962171181390398589e-01,0.000000000000000000e+00,-6.962171181390398589e-01
6.322666827891225694e-01,4.002601192034273003e-01,-2.320065635856952690e-01,-6.960196907570858071e-01,1.974273819540517394e-02,-6.762769525616806332e-01
6.321332459665484071e-01,4.002601192034273003e-01,-2.318731267631211068e-01,-6.956193802893633205e-01,4.003104677224866847e-02,-6.555883335171146520e-01
6.319342503106225584e-01,4.002601192034273003e-01,-2.316741311071952580e-01,-6.950223933215857741e-01,5.969869677775463401e-02,-6.353236965438311401e-01
6.316717222850423141e-01,4.002601192034273003e-01,-2.314116030816150138e-01,-6.942348092448450414e-01,7.875840767407327192e-02,-6.154764015707717695e-01
6.313476466193049808e-01,4.002601192034273003e-01,-2.310875274158776804e-01,-6.932625822476330413e-01,9.722269972120001214e-02,-5.960398825264330291e-01
6.309639669653149818e-01,4.002601192034273003e-01,-2.307038477618876815e-01,-6.921115432856630445e-01,1.151038961969996777e-01,-5.770076470886633668e-01
6.305225865466160817e-01,4.002601192034273003e-01,-2.302624673431887814e-01,-6.907874020295663442e-01,1.324141256096700303e-01,-5.583732764198963139e-01
6.300253688002752650e-01,4.002601192034273003e-01,-2.297652495968479647e-01,-6.892957487905438940e-01,1.491653239022450173e-01,-5.401304248882988768e-01
6.294741380114455831e-01,4.002601192034273003e-01,-2.292140188080182828e-01,-6.876420564240548483e-01,1.653692366489045718e-01,-5.222728197751502766e-01
6.288706799406383885e-01,4.002601192034273003e-01,-2.286105607372110882e-01,-6.858316822116332645e-01,1.810374212421583806e-01,-5.047942609694748839e-01
6.282167424437342662e-01,4.002601192034273003e-01,-2.279566232403069659e-01,-6.838698697209208976e-01,1.961812490712366852e-01,-4.876886206496842124e-01
6.275140360847651921e-01,4.002601192034273003e-01,-2.272539168813378918e-01,-6.817617506440136754e-01,2.108119076907222222e-01,-4.709498429532914532e-01
6.267642347415007809e-01,4.002601192034273003e-01,-2.265041155380734805e-01,-6.795123466142204416e-01,2.249404029793233839e-01,-4.545719436348970577e-01
6.259689762038728178e-01,4.002601192034273003e-01,-2.257088570004455175e-01,-6.771265710013365524e-01,2.385775612883889174e-01,-4.385490097129476350e-01
6.251298627652736029e-01,4.002601192034273003e-01,-2.248697435618463025e-01,-6.746092306855389076e-01,2.517340315797644834e-01,-4.228751991057744242e-01
6.242484618067637436e-01,4.002601192034273003e-01,-2.239883426033364433e-01,-6.719650278100093299e-01,2.644202875529577668e-01,-4.075447402570515631e-01
6.233263063742282561e-01,4.002601192034273003e-01,-2.230661871708009558e-01,-6.691985615124028675e-01,2.766466297606462454e-01,-3.925519317517566220e-01
6.223648957485176103e-01,4.002601192034273003e-01,-2.221047765450903100e-01,-6.663143296352709299e-01,2.884231877131937516e-01,-3.778911419220771784e-01
6.213656960086146874e-01,4.002601192034273003e-01,-2.211055768051873871e-01,-6.633167304155621613e-01,2.997599219708768636e-01,-3.635568084446852977e-01
6.203301405878672847e-01,4.002601192034273003e-01,-2.200700213844399844e-01,-6.602100641533199532e-01,3.106666262242208099e-01,-3.495434379290991433e-01
6.192596308233270230e-01,4.002601192034273003e-01,-2.189995116198997227e-01,-6.569985348596991681e-01,3.211529293620785097e-01,-3.358456054976206584e-01
6.181555364982369571e-01,4.002601192034273003e-01,-2.178954172948096568e-01,-6.536862518844289704e-01,3.312282975270197660e-01,-3.224579543574092044e-01
6.170191963777111877e-01,4.002601192034273003e-01,-2.167590771742838873e-01,-6.502772315228516620e-01,3.409020361577308478e-01,-3.093751953651208142e-01
6.158519187376488846e-01,4.002601192034273003e-01,-2.155917995342215843e-01,-6.467753986026647528e-01,3.501832920186909170e-01,-2.965921065839738358e-01
6.146549818869282422e-01,4.002601192034273003e-01,-2.143948626835009419e-01,-6.431845880505028257e-01,3.590810552161927127e-01,-2.841035328343101130e-01
6.134296346829241076e-01,4.002601192034273003e-01,-2.131695154794968072e-01,-6.395085464384904217e-01,3.676041612012403981e-01,-2.719043852372500236e-01
6.121770970403962453e-01,4.002601192034273003e-01,-2.119169778369689450e-01,-6.357509335109068349e-01,3.757612927583586782e-01,-2.599896407525481568e-01
6.108985604337930919e-01,4.002601192034273003e-01,-2.106384412303657916e-01,-6.319153236910973748e-01,3.835609819809460141e-01,-2.483543417101513606e-01
6.095951883930189608e-01,4.002601192034273003e-01,-2.093350691895916604e-01,-6.280052075687749813e-01,3.910116122322393473e-01,-2.369935953365356340e-01
6.082681169927112164e-01,4.002601192034273003e-01,-2.080079977892839160e-01,-6.240239933678517481e-01,3.981214200923233193e-01,-2.259025732755284288e-01
6.069184553350759348e-01,4.002601192034273003e-01,-2.066583361316486345e-01,-6.199750083949459034e-01,4.048984972905844693e-01,-2.150765111043614342e-01
6.055472860263301227e-01,4.002601192034273003e-01,-2.052871668229028224e-01,-6.158615004687084671e-01,4.113507926237436330e-01,-2.045107078449648341e-01
6.041556656467998998e-01,4.002601192034273003e-01,-2.038955464433725995e-01,-6.116866393301177984e-01,4.174861138590668652e-01,-1.942005254710509332e-01
6.027446252147224959e-01,4.002601192034273003e-01,-2.024845060112951955e-01,-6.074535180338855866e-01,4.233121296232211783e-01,-1.841413884106644083e-01
6.013151706438040200e-01,4.002601192034273003e-01,-2.010550514403767197e-01,-6.031651543211301592e-01,4.288363712755427493e-01,-1.743287830455874099e-01
5.998682831945810756e-01,4.002601192034273003e-01,-1.996081639911537753e-01,-5.988244919734613259e-01,4.340662347668833299e-01,-1.647582572065779960e-01
5.984049199196374014e-01,4.002601192034273003e-01,-1.981448007162101010e-01,-5.944344021486303031e-01,4.390089824831022725e-01,-1.554254196655280307e-01
5.969260141027271649e-01,4.002601192034273003e-01,-1.966658948992998646e-01,-5.899976846978995937e-01,4.436717450730709444e-01,-1.463259396248286492e-01
5.954324756918545347e-01,4.002601192034273003e-01,-1.951723564884272344e-01,-5.855170694652817032e-01,4.480615232617890520e-01,-1.374555462034926512e-01
5.939251917263614899e-01,4.002601192034273003e-01,-1.936650725229341896e-01,-5.809952175688025688e-01,4.521851896479134325e-01,-1.288100279208891363e-01
5.924050267580763807e-01,4.002601192034273003e-01,-1.921449075546490803e-01,-5.764347226639472410e-01,4.560494904855327825e-01,-1.203852321784144586e-01
5.908728232665734215e-01,4.002601192034273003e-01,-1.906127040631461211e-01,-5.718381121894383634e-01,4.596610474508877608e-01,-1.121770647385506026e-01
5.893294020685966306e-01,4.002601192034273003e-01,-1.890692828651693302e-01,-5.672078485955079907e-01,4.630263593930372679e-01,-1.041814892024707229e-01
5.877755627216996182e-01,4.002601192034273003e-01,-1.875154435182723178e-01,-5.625463305548169535e-01,4.661518040691037257e-01,-9.639452648571322779e-02
5.862120839221539592e-01,4.002601192034273003e-01,-1.859519647187266589e-01,-5.578558941561799767e-01,4.690436398636976811e-01,-8.881225429248229553e-02
5.846397238971791088e-01,4.002601192034273003e-01,-1.843796046937518085e-01,-5.531388140812554255e-01,4.717080074924551170e-01,-8.143080658880030853e-02
5.830592207915453740e-01,4.002601192034273003e-01,-1.827991015881180736e-01,-5.483973047643542209e-01,4.741509316901204585e-01,-7.424637307423376242e-02
5.814712930486042319e-01,4.002601192034273003e-01,-1.812111738451769316e-01,-5.436335215355307948e-01,4.763783228823426086e-01,-6.725519865318818624e-02
5.798766397857977317e-01,4.002601192034273003e-01,-1.796165205823704314e-01,-5.388495617471112942e-01,4.783959788419500647e-01,-6.045358290516122945e-02
5.782759411647007131e-01,4.002601192034273003e-01,-1.780158219612734127e-01,-5.340474658838202382e-01,4.802095863291055977e-01,-5.383787955471464048e-02
5.766698587556482458e-01,4.002601192034273003e-01,-1.764097395522209455e-01,-5.292292186566628365e-01,4.818247227157401724e-01,-4.740449594092266405e-02
5.750590358970016913e-01,4.002601192034273003e-01,-1.747989166935743910e-01,-5.243967500807231730e-01,4.832468575939663502e-01,-4.114989248675682276e-02
5.734440980491064543e-01,4.002601192034273003e-01,-1.731839788456791540e-01,-5.195519365370374620e-01,4.844813543685710933e-01,-3.507058216846636878e-02
5.718256531429943834e-01,4.002601192034273003e-01,-1.715655339395670831e-01,-5.146966018187012493e-01,4.855334718336212774e-01,-2.916312998507997190e-02
5.702042919238837770e-01,4.002601192034273003e-01,-1.699441727204564767e-01,-5.098325181613694301e-01,4.864083657331819133e-01,-2.342415242818751686e-02
5.685805882895303975e-01,4.002601192034273003e-01,-1.683204690861030972e-01,-5.049614072583092916e-01,4.871110903060138497e-01,-1.785031695229544191e-02
5.669550996234817841e-01,4.002601192034273003e-01,-1.666949804200544838e-01,-5.000849412601634514e-01,4.876465998145840253e-01,-1.243834144557942611e-02
5.653283671232885998e-01,4.002601192034273003e-01,-1.650682479198612995e-01,-4.952047437595838986e-01,4.880197500579552816e-01,-7.184993701628616947e-03
5.637009161237251931e-01,4.002601192034273003e-01,-1.634407969202978927e-01,-4.903223907608936782e-01,4.882352998690220325e-01,-2.087090891871645759e-03
5.620732564150726640e-01,4.002601192034273003e-01,-1.618131372116453637e-01,-4.854394116349360910e-01,4.882979125957587208e-01,2.858500960822629722e-03
5.604458825565161728e-01,4.002601192034273003e-01,-1.601857633530888725e-01,-4.805572900592666175e-01,4.882121575669473579e-01,7.654867507680740424e-03
5.588192741847104461e-01,4.002601192034273003e-01,-1.585591549812831458e-01,-4.756774649438494373e-01,4.879825115417180115e-01,1.230504659786857413e-02
5.571938963175645521e-01,4.002601192034273003e-01,-1.569337771141372517e-01,-4.708013313424117552e-01,4.876133601437682152e-01,1.681202880135646005e-02
5.555701996532987907e-01,4.002601192034273003e-01,-1.553100804498714904e-01,-4.659302413496144712e-01,4.871089992797283941e-01,2.117875793011392282e-02
5.539486208648259913e-01,4.002601192034273003e-01,-1.536885016613986910e-01,-4.610655049841960729e-01,4.864736365418398378e-01,2.540813155764376496e-02
5.523295828895089521e-01,4.002601192034273003e-01,-1.520694636860816518e-01,-4.562083910582449553e-01,4.857113925951117572e-01,2.950300153686680193e-02
5.507134952143456497e-01,4.002601192034273003e-01,-1.504533760109183493e-01,-4.513601280327550480e-01,4.848263025489907285e-01,3.346617451623568051e-02
5.491007541566339523e-01,4.002601192034273003e-01,-1.488406349532066519e-01,-4.465219048596199558e-01,4.838223173135092203e-01,3.730041245388926452e-02
5.474917431401675749e-01,4.002601192034273003e-01,-1.472316239367402746e-01,-4.416948718102208238e-01,4.827033049399132025e-01,4.100843312969237875e-02
5.458868329670142350e-01,4.002601192034273003e-01,-1.456267137635869346e-01,-4.368801412907608039e-01,4.814730519460019842e-01,4.459291065524118025e-02
5.442863820849264123e-01,4.002601192034273003e-01,-1.440262628814991119e-01,-4.320787886444973358e-01,4.801352646263468138e-01,4.805647598184947800e-02
5.426907368504367835e-01,4.002601192034273003e-01,-1.424306176470094831e-01,-4.272918529410284494e-01,4.786935703468886416e-01,5.140171740586019222e-02
5.411002317876877354e-01,4.002601192034273003e-01,-1.408401125842604351e-01,-4.225203377527813053e-01,4.771515188247144046e-01,5.463118107193309925e-02
5.395151898430459170e-01,4.002601192034273003e-01,-1.392550706396186166e-01,-4.177652119188558499e-01,4.755125833925455403e-01,5.774737147368969037e-02
5.379359226355514556e-01,4.002601192034273003e-01,-1.376758034321241553e-01,-4.130274102963724658e-01,4.737801622483384101e-01,6.075275195196594424e-02
5.363627307032521330e-01,4.002601192034273003e-01,-1.361026114998248326e-01,-4.083078344994744979e-01,4.719575796897967912e-01,6.364974519032229328e-02
5.347959037454718123e-01,4.002601192034273003e-01,-1.345357845420445120e-01,-4.036073536261335359e-01,4.700480873340961985e-01,6.644073370796266254e-02
5.332357208610623012e-01,4.002601192034273003e-01,-1.329756016576350008e-01,-3.989268049729050025e-01,4.680548653228533418e-01,6.912806034994833926e-02
5.316824507826878321e-01,4.002601192034273003e-01,-1.314223315792605318e-01,-3.942669947377815953e-01,4.659810235123407196e-01,7.171402877455912428e-02
5.301363521071907892e-01,4.002601192034273003e-01,-1.298762329037634888e-01,-3.896286987112904665e-01,4.638296026491128821e-01,7.420090393782241556e-02
5.285976735220875300e-01,4.002601192034273003e-01,-1.283375543186602297e-01,-3.850126629559806890e-01,4.616035755309777500e-01,7.659091257499706096e-02
5.270666540282418211e-01,4.002601192034273003e-01,-1.268065348248145208e-01,-3.804196044744435623e-01,4.593058481537126703e-01,7.888624367926910796e-02
5.255435231587639588e-01,4.002601192034273003e-01,-1.252834039553366585e-01,-3.758502118660099756e-01,4.569392608433586744e-01,8.108904897734869888e-02
5.240285011941838711e-01,4.002601192034273003e-01,-1.237683819907565708e-01,-3.713051459722697123e-01,4.545065893740263263e-01,8.320144340175661402e-02
5.225217993739439404e-01,4.002601192034273003e-01,-1.222616801705166401e-01,-3.667850405115499202e-01,4.520105460719792134e-01,8.522550556042929326e-02
5.210236201042600657e-01,4.002601192034273003e-01,-1.207635009008327653e-01,-3.622905027024982960e-01,4.494537809051624144e-01,8.716327820266411841e-02
5.195341571623964816e-01,4.002601192034273003e-01,-1.192740379589691813e-01,-3.578221138769075438e-01,4.468388825590752234e-01,8.901676868216767957e-02
5.180535958974010757e-01,4.002601192034273003e-01,-1.177934766939737754e-01,-3.533804300819213262e-01,4.441683794986217571e-01,9.078794941670043084e-02
5.165821134273473891e-01,4.002601192034273003e-01,-1.163219942239200888e-01,-3.489659826717602664e-01,4.414447410161059793e-01,9.247875834434571285e-02
5.151198788331281531e-01,4.002601192034273003e-01,-1.148597596297008527e-01,-3.445792788891025582e-01,4.386703782657708217e-01,9.409109937666826351e-02
5.136670533488465473e-01,4.002601192034273003e-01,-1.134069341454192470e-01,-3.402208024362577410e-01,4.358476452844817217e-01,9.562684284822398073e-02
5.122237905488498111e-01,4.002601192034273003e-01,-1.119636713454225108e-01,-3.358910140362675323e-01,4.329788399990208703e-01,9.708782596275333798e-02
5.107902365314492821e-01,4.002601192034273003e-01,-1.105301173280219817e-01,-3.315903519840659452e-01,4.300662052201587038e-01,9.847585323609275854e-02
5.093665300993723832e-01,4.002601192034273003e-01,-1.091064108959450829e-01,-3.273192326878352487e-01,4.271119296230696527e-01,9.979269693523440399e-02
5.079528029369889675e-01,4.002601192034273003e-01,-1.076926837335616671e-01,-3.230780512006850014e-01,4.241181487150247342e-01,1.010400975143397329e-01
5.065491797843569843e-01,4.002601192034273003e-01,-1.062890605809296840e-01,-3.188671817427890520e-01,4.210869457895949353e-01,1.022197640468058832e-01
5.051557786081297685e-01,4.002601192034273003e-01,-1.048956594047024682e-01,-3.146869782141074046e-01,4.180203528681647462e-01,1.033333746540573417e-01
5.037727107693679152e-01,4.002601192034273003e-01,-1.035125915659406148e-01,-3.105377746978218445e-01,4.149203516285560056e-01,1.043825769307341611e-01
5.024000811882991524e-01,4.002601192034273003e-01,-1.021399619848718521e-01,-3.064198859546155562e-01,4.117888743206288282e-01,1.053689883660132720e-01
5.010379885060669558e-01,4.002601192034273003e-01,-1.007778693026396555e-01,-3.023336079079189664e-01,4.086278046696589783e-01,1.062941967617400119e-01
4.996865252435109261e-01,4.002601192034273003e-01,-9.942640604008362581e-02,-2.982792181202508774e-01,4.054389787668088996e-01,1.071597606465580221e-01
4.983457779570195645e-01,4.002601192034273003e-01,-9.808565875359226416e-02,-2.942569762607767925e-01,4.022241859474084968e-01,1.079672096866317044e-01
4.970158273914968561e-01,4.002601192034273003e-01,-9.675570818806955575e-02,-2.902671245642086673e-01,3.989851696568125217e-01,1.087180450926038544e-01
4.956967486304834081e-01,4.002601192034273003e-01,-9.543662942705610774e-02,-2.863098882811683232e-01,3.957236283040344027e-01,1.094137400228660795e-01
4.943886112434722757e-01,4.002601192034273003e-01,-9.412849204004497539e-02,-2.823854761201349262e-01,3.924412161033397073e-01,1.100557399832047811e-01
4.930914794304594451e-01,4.002601192034273003e-01,-9.283136022703214474e-02,-2.784940806810964342e-01,3.891395439038491944e-01,1.106454632227527601e-01
4.918054121637688847e-01,4.002601192034273003e-01,-9.154529296034158437e-02,-2.746358788810247531e-01,3.858201800071681120e-01,1.111843011261433589e-01
4.905304633271909687e-01,4.002601192034273003e-01,-9.027034412376366834e-02,-2.708110323712910050e-01,3.824846509733748068e-01,1.116736186020838018e-01
4.892666818524732397e-01,4.002601192034273003e-01,-8.900656264904593939e-02,-2.670196879471378182e-01,3.791344424153186843e-01,1.121147544681808661e-01
4.880141118532023148e-01,4.002601192034273003e-01,-8.775399264977501446e-02,-2.632619779493250434e-01,3.757709997812774816e-01,1.125090218319524382e-01
4.867727927561146251e-01,4.002601192034273003e-01,-8.651267355268732473e-02,-2.595380206580619742e-01,3.723957291263069180e-01,1.128577084682449438e-01
4.855427594298737382e-01,4.002601192034273003e-01,-8.528264022644643783e-02,-2.558479206793393135e-01,3.690099978722660712e-01,1.131620771929267577e-01
4.843240423113521764e-01,4.002601192034273003e-01,-8.406392310792487610e-02,-2.521917693237746283e-01,3.656151355564685179e-01,1.134233662326938896e-01
4.831166675294538693e-01,4.002601192034273003e-01,-8.285654832602656894e-02,-2.485696449780797068e-01,3.622124345694921477e-01,1.136427895914124409e-01
4.819206570265147094e-01,4.002601192034273003e-01,-8.166053782308740905e-02,-2.449816134692622271e-01,3.588031508817479676e-01,1.138215374124857404e-01
4.807360286773167957e-01,4.002601192034273003e-01,-8.047590947388949534e-02,-2.414277284216684860e-01,3.553885047593741131e-01,1.139607763377056271e-01
4.795627964057526116e-01,4.002601192034273003e-01,-7.930267720232531126e-02,-2.379080316069759338e-01,3.519696814692552245e-01,1.140616498622792907e-01
4.784009702991746660e-01,4.002601192034273003e-01,-7.814085109574736565e-02,-2.344225532872420970e-01,3.485478319733836816e-01,1.141252786861415847e-01
4.772505567204653465e-01,4.002601192034273003e-01,-7.699043751703804617e-02,-2.309713125511141385e-01,3.451240736127958453e-01,1.141527610616817068e-01
4.761115584178621796e-01,4.002601192034273003e-01,-7.585143921443487924e-02,-2.275543176433046377e-01,3.416994907809500770e-01,1.141451731376454393e-01
4.749839746325728029e-01,4.002601192034273003e-01,-7.472385542914550260e-02,-2.241715662874365078e-01,3.382751355868129917e-01,1.141035692993764838e-01
4.738678012042133458e-01,4.002601192034273003e-01,-7.360768200078604551e-02,-2.208230460023581365e-01,3.348520285078371295e-01,1.140289825054789929e-01
4.727630306741044675e-01,4.002601192034273003e-01,-7.250291147067716713e-02,-2.175087344120315014e-01,3.314311590326635137e-01,1.139224246206320124e-01
4.716696523864576385e-01,4.002601192034273003e-01,-7.140953318303033814e-02,-2.142285995490910144e-01,3.280134862940486951e-01,1.137848867449576806e-01
4.705876525874853056e-01,4.002601192034273003e-01,-7.032753338405800525e-02,-2.109826001521740158e-01,3.245999396916998680e-01,1.136173395395258523e-01
4.695170145224669134e-01,4.002601192034273003e-01,-6.925689531903961305e-02,-2.077706859571188391e-01,3.211914195055176613e-01,1.134207335483988222e-01
4.684577185308033687e-01,4.002601192034273003e-01,-6.819759932737606833e-02,-2.045927979821282050e-01,3.177887974990634135e-01,1.131959995169352085e-01
4.674097421390915330e-01,4.002601192034273003e-01,-6.714962293566423268e-02,-2.014488688069926980e-01,3.143929175135506959e-01,1.129440487065579979e-01
4.663730601522503294e-01,4.002601192034273003e-01,-6.611294094882302907e-02,-1.983388228464690872e-01,3.110045960523610820e-01,1.126657732058919947e-01
4.653476447427297158e-01,4.002601192034273003e-01,-6.508752553930241547e-02,-1.952625766179072464e-01,3.076246228561840823e-01,1.123620462382768359e-01
4.643334655378329456e-01,4.002601192034273003e-01,-6.407334633440564531e-02,-1.922200390032169359e-01,3.042537614690310477e-01,1.120337224658141118e-01
4.633304897051827576e-01,4.002601192034273003e-01,-6.307037050175545723e-02,-1.892111115052663717e-01,3.008927497950564245e-01,1.116816382897900528e-01
4.623386820363615257e-01,4.002601192034273003e-01,-6.207856283293422539e-02,-1.862356884988026762e-01,2.975423006463695508e-01,1.113066121475668746e-01
4.613580050287550693e-01,4.002601192034273003e-01,-6.109788582532776902e-02,-1.832936574759833070e-01,2.942031022819369124e-01,1.109094448059536053e-01
4.603884189656292092e-01,4.002601192034273003e-01,-6.012829976220190886e-02,-1.803848992866057266e-01,2.908758189377580461e-01,1.104909196511523195e-01
4.594298819944684364e-01,4.002601192034273003e-01,-5.916976279104113612e-02,-1.775092883731234084e-01,2.875610913482318232e-01,1.100518029751084148e-01
4.584823502036051712e-01,4.002601192034273003e-01,-5.822223100017787090e-02,-1.746666930005336127e-01,2.842595372589795666e-01,1.095928442584459539e-01
4.575457776971677548e-01,4.002601192034273003e-01,-5.728565849374045449e-02,-1.718569754812213635e-01,2.809717519312249223e-01,1.091147764500035588e-01
4.566201166683753754e-01,4.002601192034273003e-01,-5.635999746494807505e-02,-1.690799923948442252e-01,2.776983086377138310e-01,1.086183162428696058e-01
4.557053174712072385e-01,4.002601192034273003e-01,-5.544519826777993821e-02,-1.663355948033398146e-01,2.744397591504410538e-01,1.081041643471012392e-01
4.548013286904738495e-01,4.002601192034273003e-01,-5.454120948704654914e-02,-1.636236284611396474e-01,2.711966342200167190e-01,1.075730057588770716e-01
4.539080972103163303e-01,4.002601192034273003e-01,-5.364797800688902996e-02,-1.609439340206670899e-01,2.679694440472557559e-01,1.070255100265886661e-01
4.530255682811614726e-01,4.002601192034273003e-01,-5.276544907773417226e-02,-1.582963472332025168e-01,2.647586787464573099e-01,1.064623315132547932e-01
4.521536855851579495e-01,4.002601192034273003e-01,-5.189356638173064917e-02,-1.556806991451919475e-01,2.615648088010569250e-01,1.058841096558649775e-01
4.512923913001199994e-01,4.002601192034273003e-01,-5.103227209669269904e-02,-1.530968162900780971e-01,2.583882855113850407e-01,1.052914692213069436e-01
4.504416261620041717e-01,4.002601192034273003e-01,-5.018150695857687138e-02,-1.505445208757306141e-01,2.552295414347482971e-01,1.046850205590176830e-01
4.496013295259442821e-01,4.002601192034273003e-01,-4.934121032251698180e-02,-1.480236309675509454e-01,2.520889908179668737e-01,1.040653598504159283e-01
4.487714394258693895e-01,4.002601192034273003e-01,-4.851132022244208919e-02,-1.455339606673262676e-01,2.489670300224677835e-01,1.034330693551415159e-01
4.479518926327300532e-01,4.002601192034273003e-01,-4.769177342930275287e-02,-1.430753202879082586e-01,2.458640379418008948e-01,1.027887176538926362e-01
4.471426247113560737e-01,4.002601192034273003e-01,-4.688250550792877336e-02,-1.406475165237863201e-01,2.427803764121938546e-01,1.021328598884075345e-01
4.463435700759709746e-01,4.002601192034273003e-01,-4.608345087254367423e-02,-1.382503526176310227e-01,2.397163906155297397e-01,1.014660379978987170e-01
4.455546620443856520e-01,4.002601192034273003e-01,-4.529454284095835170e-02,-1.358836285228750551e-01,2.366724094755967567e-01,1.007887809527217016e-01
4.447758328908956171e-01,4.002601192034273003e-01,-4.451571368746831681e-02,-1.335471410624049504e-01,2.336487460470104693e-01,1.001016049846055189e-01
4.440070138979040348e-01,4.002601192034273003e-01,-4.374689469447673451e-02,-1.312406840834302035e-01,2.306456978974746885e-01,9.940501381404448500e-02
4.432481354062938195e-01,4.002601192034273003e-01,-4.298801620286651914e-02,-1.289640486085995574e-01,2.276635474830646100e-01,9.869949887446505254e-02
4.424991268645710463e-01,4.002601192034273003e-01,-4.223900766114374594e-02,-1.267170229834312378e-01,2.247025625168319607e-01,9.798553953340072287e-02
4.417599168768016615e-01,4.002601192034273003e-01,-4.149979767337436121e-02,-1.244993930201230836e-01,2.217629963308154206e-01,9.726360331069233700e-02
4.410304332493633073e-01,4.002601192034273003e-01,-4.077031404593600694e-02,-1.223109421378080208e-01,2.188450882315062795e-01,9.653414609369825872e-02
4.403106030365343537e-01,4.002601192034273003e-01,-4.005048383310705340e-02,-1.201514514993211602e-01,2.159490638486860625e-01,9.579761234936490233e-02
4.396003525849403459e-01,4.002601192034273003e-01,-3.934023338151304561e-02,-1.180207001445391368e-01,2.130751354782023377e-01,9.505443533366320086e-02
4.388996075768796801e-01,4.002601192034273003e-01,-3.863948837345237974e-02,-1.159184651203571392e-01,2.102235024181997591e-01,9.430503729784261990e-02
4.382082930725487713e-01,4.002601192034273003e-01,-3.794817386912147095e-02,-1.138445216073644128e-01,2.073943512992726390e-01,9.354982969190822617e-02
4.375263335511870855e-01,4.002601192034273003e-01,-3.726621434775978514e-02,-1.117986430432793554e-01,2.045878564085057416e-01,9.278921336522638619e-02
4.368536529511619082e-01,4.002601192034273003e-01,-3.659353374773460787e-02,-1.097806012432038236e-01,2.018041800075531800e-01,9.202357876434935635e-02
4.361901747090131676e-01,4.002601192034273003e-01,-3.593005550558586725e-02,-1.077901665167576017e-01,1.990434726446221880e-01,9.125330612786458628e-02
4.355358217974772406e-01,4.002601192034273003e-01,-3.527570259404994024e-02,-1.058271077821498207e-01,1.963058734607781020e-01,9.047876567862828123e-02
4.348905167625091717e-01,4.002601192034273003e-01,-3.463039755908187134e-02,-1.038911926772456140e-01,1.935915104904206707e-01,8.970031781317505670e-02
4.342541817593223996e-01,4.002601192034273003e-01,-3.399406255589509929e-02,-1.019821876676852979e-01,1.909005009560316157e-01,8.891831328834631787e-02
4.336267385874644775e-01,4.002601192034273003e-01,-3.336661938403717720e-02,-1.000998581521115316e-01,1.882329515573766265e-01,8.813309340526509494e-02
4.330081087249470495e-01,4.002601192034273003e-01,-3.274798952151974918e-02,-9.824396856455924754e-02,1.855889587552284059e-01,8.734499019066915837e-02
4.323982133614487355e-01,4.002601192034273003e-01,-3.213809415802143521e-02,-9.641428247406430563e-02,1.829686090494941908e-01,8.655432657542988517e-02
4.317969734306079110e-01,4.002601192034273003e-01,-3.153685422718061071e-02,-9.461056268154183213e-02,1.803719792522473497e-01,8.576141657070551760e-02
4.312043096414241994e-01,4.002601192034273003e-01,-3.094419043799689906e-02,-9.283257131399069717e-02,1.777991367551134960e-01,8.496656544112279885e-02
4.306201425087846091e-01,4.002601192034273003e-01,-3.036002330535730875e-02,-9.108006991607192626e-02,1.752501397918770909e-01,8.417006987580516464e-02
4.300443923831325788e-01,4.002601192034273003e-01,-2.978427317970527843e-02,-8.935281953911583530e-02,1.727250376956090960e-01,8.337221815649326073e-02
4.294769794792961948e-01,4.002601192034273003e-01,-2.921686027586889445e-02,-8.765058082760668334e-02,1.702238711509151958e-01,8.257329032330851248e-02
4.289178239044921237e-01,4.002601192034273003e-01,-2.865770470106482337e-02,-8.597311410319447011e-02,1.677466724412213228e-01,8.177355833802685270e-02
4.283668456855218576e-01,4.002601192034273003e-01,-2.810672648209455726e-02,-8.432017944628367179e-02,1.652934656910798328e-01,8.097328624479616099e-02
4.278239647951760927e-01,4.002601192034273003e-01,-2.756384559174879234e-02,-8.269153677524637702e-02,1.628642671037294765e-01,8.017273032848309944e-02
4.272891011778631731e-01,4.002601192034273003e-01,-2.702898197443587280e-02,-8.108694592330761841e-02,1.604590851938758611e-01,7.937213927056824270e-02
4.267621747744773097e-01,4.002601192034273003e-01,-2.650205557105000942e-02,-7.950616671315002826e-02,1.580779210157590153e-01,7.857175430260898708e-02
4.262431055465217278e-01,4.002601192034273003e-01,-2.598298634309442745e-02,-7.794895902928328235e-02,1.557207683866745906e-01,7.777180935739130829e-02
4.257318134995018433e-01,4.002601192034273003e-01,-2.547169429607454294e-02,-7.641508288822362882e-02,1.533876141059653531e-01,7.697253121774172424e-02
4.252282187056037333e-01,4.002601192034273003e-01,-2.496809950217643292e-02,-7.490429850652929877e-02,1.510784381694330047e-01,7.617413966290370597e-02
4.247322413256719442e-01,4.002601192034273003e-01,-2.447212212224464389e-02,-7.341636636673393168e-02,1.487932139795367092e-01,7.537684761280277757e-02
4.242438016305014048e-01,4.002601192034273003e-01,-2.398368242707410447e-02,-7.195104728122231341e-02,1.465319085511618269e-01,7.458086126993951348e-02
4.237628200214578755e-01,4.002601192034273003e-01,-2.350270081803057520e-02,-7.050810245409172561e-02,1.442944827130587804e-01,7.378638025896705477e-02
4.232892170504402585e-01,4.002601192034273003e-01,-2.302909784701295814e-02,-6.908729354103887443e-02,1.420808913052851175e-01,7.299359776424624302e-02
4.228229134391990329e-01,4.002601192034273003e-01,-2.256279423577173260e-02,-6.768838270731519779e-02,1.398910833723676639e-01,7.220270066505246609e-02
4.223638300980243065e-01,4.002601192034273003e-01,-2.210371089459700622e-02,-6.631113268379101866e-02,1.377250023524179134e-01,7.141386966862689478e-02
4.219118881438164714e-01,4.002601192034273003e-01,-2.165176894038917110e-02,-6.495530682116751331e-02,1.355825862623505351e-01,7.062727944118302181e-02
4.214670089175527323e-01,4.002601192034273003e-01,-2.120688971412543200e-02,-6.362066914237629600e-02,1.334637678791217308e-01,6.984309873674543478e-02
4.210291140011626632e-01,4.002601192034273003e-01,-2.076899479773536283e-02,-6.230698439320608850e-02,1.313684749170207500e-01,6.906149052381466147e-02
4.205981252338250043e-01,4.002601192034273003e-01,-2.033800603039770394e-02,-6.101401809119311181e-02,1.292966302012976687e-01,6.828261211010455689e-02
4.201739647276983569e-01,4.002601192034273003e-01,-1.991384552427105659e-02,-5.974153657281316976e-02,1.272481518379942056e-01,6.750661526518103583e-02
4.197565548830982096e-01,4.002601192034273003e-01,-1.949643567967090929e-02,-5.848930703901272787e-02,1.252229533800441885e-01,6.673364634103146065e-02
4.193458184031321756e-01,4.002601192034273003e-01,-1.908569919970487527e-02,-5.725709759911462582e-02,1.232209439898102055e-01,6.596384639069557965e-02
4.189416783078052098e-01,4.002601192034273003e-01,-1.868155910437790945e-02,-5.604467731313372836e-02,1.212420285980897461e-01,6.519735128495601773e-02
4.185440579476067402e-01,4.002601192034273003e-01,-1.828393874417943987e-02,-5.485181623253831962e-02,1.192861080595408740e-01,6.443429182700255442e-02
4.181528810165909826e-01,4.002601192034273003e-01,-1.789276181316368231e-02,-5.367828543949104692e-02,1.173530793047272702e-01,6.367479386523622331e-02
4.177680715649617627e-01,4.002601192034273003e-01,-1.750795236153446233e-02,-5.252385708460338698e-02,1.154428354887659935e-01,6.291897840416260657e-02
4.173895540111729474e-01,4.002601192034273003e-01,-1.712943480774564708e-02,-5.138830442323694125e-02,1.135552661366445726e-01,6.216696171340763133e-02
4.170172531535554783e-01,4.002601192034273003e-01,-1.675713395012817797e-02,-5.027140185038453390e-02,1.116902572852407349e-01,6.141885543485620103e-02
4.166510941814814961e-01,4.002601192034273003e-01,-1.639097497805419579e-02,-4.917292493416258736e-02,1.098476916221946542e-01,6.067476668803206685e-02
4.162910026860762724e-01,4.002601192034273003e-01,-1.603088348264897212e-02,-4.809265044794691635e-02,1.080274486215671015e-01,5.993479817362018514e-02
4.159369046704884387e-01,4.002601192034273003e-01,-1.567678546706113840e-02,-4.703035640118341520e-02,1.062294046763501143e-01,5.919904827516669910e-02
4.155887265597281166e-01,4.002601192034273003e-01,-1.532860735630081628e-02,-4.598582206890244883e-02,1.044534332280966371e-01,5.846761115919418828e-02
4.152463952100837186e-01,4.002601192034273003e-01,-1.498627600665641824e-02,-4.495882801996925471e-02,1.026994048933194126e-01,5.774057687335015787e-02
4.149098379181266338e-01,4.002601192034273003e-01,-1.464971871469933351e-02,-4.394915614409800053e-02,1.009671875871254176e-01,5.701803144302741710e-02
4.145789824293138470e-01,4.002601192034273003e-01,-1.431886322588654670e-02,-4.295658967765964009e-02,9.925664664383604396e-02,5.630005696617640387e-02
4.142537569461977043e-01,4.002601192034273003e-01,-1.399363774277040395e-02,-4.198091322831121186e-02,9.756764493484282319e-02,5.558673170653161133e-02
4.139340901362522085e-01,4.002601192034273003e-01,-1.367397093282490816e-02,-4.102191279847472449e-02,9.590004298364873669e-02,5.487813018517401220e-02
4.136199111393252248e-01,4.002601192034273003e-01,-1.335979193589792446e-02,-4.007937580769377339e-02,9.425369907809511005e-02,5.417432327040133666e-02
4.133111495747253117e-01,4.002601192034273003e-01,-1.305103037129801136e-02,-3.915309111389403407e-02,9.262846937997393226e-02,5.347537826607989819e-02
4.130077355479520040e-01,4.002601192034273003e-01,-1.274761634452470371e-02,-3.824284903357411114e-02,9.102420803199229304e-02,5.278135899841818190e-02
4.127095996570785408e-01,4.002601192034273003e-01,-1.244948045365124045e-02,-3.734844136095372136e-02,8.944076726203897820e-02,5.209232590108525685e-02
4.124166729987951419e-01,4.002601192034273003e-01,-1.215655379536784153e-02,-3.646966138610352459e-02,8.787799748501967656e-02,5.140833609891615197e-02
4.121288871741216608e-01,4.002601192034273003e-01,-1.186876797069436051e-02,-3.560630391208308154e-02,8.633574740204430498e-02,5.072944348996122343e-02
4.118461742937971626e-01,4.002601192034273003e-01,-1.158605509036986225e-02,-3.475816527110958676e-02,8.481386409734947840e-02,5.005569882623989164e-02
4.115684669833553078e-01,4.002601192034273003e-01,-1.130834777992800744e-02,-3.392504333978402231e-02,8.331219313255644465e-02,4.938714979277242234e-02
4.112956983878927053e-01,4.002601192034273003e-01,-1.103557918446540498e-02,-3.310673755339621493e-02,8.183057863878073768e-02,4.872384108538452274e-02
4.110278021765386702e-01,4.002601192034273003e-01,-1.076768297311136990e-02,-3.230304891933410971e-02,8.036886340621052227e-02,4.806581448687641256e-02
4.107647125466333260e-01,4.002601192034273003e-01,-1.050459334320602567e-02,-3.151378002961807701e-02,7.892688897160327066e-02,4.741310894198519366e-02
4.105063642276221558e-01,4.002601192034273003e-01,-1.024624502419485550e-02,-3.073873507258456650e-02,7.750449570335105065e-02,4.676576063076648415e-02
4.102526924846740530e-01,4.002601192034273003e-01,-9.992573281246752703e-03,-2.997771984374025811e-02,7.610152288443083890e-02,4.612380304069058079e-02
4.100036331220300312e-01,4.002601192034273003e-01,-9.743513918602730861e-03,-2.923054175580819258e-02,7.471780879320655266e-02,4.548726703739836008e-02
4.097591224860897552e-01,4.002601192034273003e-01,-9.499003282662454861e-03,-2.849700984798736458e-02,7.335319078208279997e-02,4.485618093409543539e-02
4.095190974682428875e-01,4.002601192034273003e-01,-9.258978264815587167e-03,-2.777693479444676150e-02,7.200750535406030828e-02,4.423057055961354678e-02
4.092834955074519665e-01,4.002601192034273003e-01,-9.023376304024666172e-03,-2.707012891207399852e-02,7.068058823727629836e-02,4.361045932520229984e-02
4.090522545925935893e-01,4.002601192034273003e-01,-8.792135389166289006e-03,-2.637640616749886702e-02,6.937227445751315003e-02,4.299586829001428301e-02
4.088253132645642274e-01,4.002601192034273003e-01,-8.565194061136927051e-03,-2.569558218341078115e-02,6.808239840880858651e-02,4.238681622539780536e-02
4.086026106181573914e-01,4.002601192034273003e-01,-8.342491414730091037e-03,-2.502747424419027311e-02,6.681079392205080403e-02,4.178331967786053092e-02
4.083840863037183078e-01,4.002601192034273003e-01,-8.123967100291007437e-03,-2.437190130087302231e-02,6.555729433172508003e-02,4.118539303085205772e-02
4.081696805285823237e-01,4.002601192034273003e-01,-7.909561325155023415e-03,-2.372868397546507024e-02,6.432173254079520675e-02,4.059304856533013650e-02
4.079593340583028693e-01,4.002601192034273003e-01,-7.699214854875569003e-03,-2.309764456462670701e-02,6.310394108383632350e-02,4.000629651920961649e-02
4.077529882176753606e-01,4.002601192034273003e-01,-7.492869014248060289e-03,-2.247860704274418087e-02,6.190375218825261427e-02,3.942514514550843341e-02
4.075505848915623730e-01,4.002601192034273003e-01,-7.290465688135072675e-03,-2.187139706440521802e-02,6.072099783389628413e-02,3.884960076949106611e-02
4.073520665255263573e-01,4.002601192034273003e-01,-7.091947322099056983e-03,-2.127584196629717095e-02,5.955550981080470763e-02,3.827966784450753668e-02
4.071573761262747837e-01,4.002601192034273003e-01,-6.897256922847483374e-03,-2.069177076854245012e-02,5.840711977547208278e-02,3.771534900692963266e-02
4.069664572619239307e-01,4.002601192034273003e-01,-6.706338058496630339e-03,-2.011901417548989102e-02,5.727565930525591043e-02,3.715664512976601941e-02
4.067792540620860375e-01,4.002601192034273003e-01,-6.519134858658737208e-03,-1.955740457597621162e-02,5.616095995136793917e-02,3.660355537539172754e-02
4.065957112177857047e-01,4.002601192034273003e-01,-6.335592014358404356e-03,-1.900677604307521307e-02,5.506285329009985574e-02,3.605607724702464267e-02
4.064157739812100378e-01,4.002601192034273003e-01,-6.155654777782737508e-03,-1.846696433334821252e-02,5.398117097270005438e-02,3.551420663935184185e-02
4.062393881652983096e-01,4.002601192034273003e-01,-5.979268961871009314e-03,-1.793780688561302794e-02,5.291574477351845829e-02,3.497793788790543035e-02
4.060665001431753574e-01,4.002601192034273003e-01,-5.806380939748057024e-03,-1.741914281924417107e-02,5.186640663688568686e-02,3.444726381764151579e-02
4.058970568474342122e-01,4.002601192034273003e-01,-5.636937644006911885e-03,-1.691081293202073565e-02,5.083298872234354171e-02,3.392217579032280605e-02
4.057310057692720684e-01,4.002601192034273003e-01,-5.470886565844768068e-03,-1.641265969753430420e-02,4.981532344864314510e-02,3.340266375110884089e-02
4.055682949574850316e-01,4.002601192034273003e-01,-5.308175754057731233e-03,-1.592452726217319370e-02,4.881324353611105060e-02,3.288871627393785690e-02
4.054088730173254218e-01,4.002601192034273003e-01,-5.148753813898121479e-03,-1.544626144169436444e-02,4.782658204788292622e-02,3.238032060618856178e-02
4.052526891092264050e-01,4.002601192034273003e-01,-4.992569905799104646e-03,-1.497770971739731394e-02,4.685517242970504981e-02,3.187746271230773587e-02
4.050996929473986152e-01,4.002601192034273003e-01,-4.839573743971314901e-03,-1.451872123191394470e-02,4.589884854833692351e-02,3.138012731642297881e-02
4.049498347983024882e-01,4.002601192034273003e-01,-4.689715594875187854e-03,-1.406914678462556356e-02,4.495744472883811405e-02,3.088829794421255048e-02
4.048030654790007454e-01,4.002601192034273003e-01,-4.542946275573445103e-03,-1.362883882672033531e-02,4.403079579052282533e-02,3.040195696380249002e-02
4.046593363553954159e-01,4.002601192034273003e-01,-4.399217151968115580e-03,-1.319765145590434674e-02,4.311873708159885688e-02,2.992108562569451014e-02
4.045185993403526692e-01,4.002601192034273003e-01,-4.258480136925368864e-03,-1.277544041077610659e-02,4.222110451282401478e-02,2.944566410204790818e-02
4.043808068917201237e-01,4.002601192034273003e-01,-4.120687688292823392e-03,-1.236206306487847018e-02,4.133773458976364168e-02,2.897567152488517150e-02
4.042459120102400716e-01,4.002601192034273003e-01,-3.985792806812771261e-03,-1.195737842043831378e-02,4.046846444401563936e-02,2.851108602357732558e-02
4.041138682373623392e-01,4.002601192034273003e-01,-3.853749033935038870e-03,-1.156124710180511661e-02,3.961313186331971714e-02,2.805188476151460053e-02
4.039846296529607805e-01,4.002601192034273003e-01,-3.724510449533480205e-03,-1.117353134860044062e-02,3.877157532046759947e-02,2.759804397186715885e-02
4.038581508729564007e-01,4.002601192034273003e-01,-3.598031669529100363e-03,-1.079409500858730109e-02,3.794363400131395281e-02,2.714953899272665172e-02
4.037343870468512730e-01,4.002601192034273003e-01,-3.474267843423972657e-03,-1.042280353027191797e-02,3.712914783153831166e-02,2.670634430126639369e-02
4.036132938551763027e-01,4.002601192034273003e-01,-3.353174651749002422e-03,-1.005952395524700727e-02,3.632795750249107058e-02,2.626843354724406332e-02
4.034948275068560575e-01,4.002601192034273003e-01,-3.234708303428757148e-03,-9.704124910286271444e-03,3.553990449607358215e-02,2.583577958578731071e-02
4.033789447364943825e-01,4.002601192034273003e-01,-3.118825533067082212e-03,-9.356476599201246636e-03,3.476483110850248082e-02,2.540835450930123418e-02
4.032656028015836336e-01,4.002601192034273003e-01,-3.005483598156333258e-03,-9.016450794468999774e-03,3.400258047322468613e-02,2.498612967875568636e-02
4.031547594796407452e-01,4.002601192034273003e-01,-2.894640276213444885e-03,-8.683920828640334655e-03,3.325299658286651194e-02,2.456907575422617729e-02
4.030463730652733001e-01,4.002601192034273003e-01,-2.786253861845999769e-03,-8.358761585537999306e-03,3.251592431023353491e-02,2.415716272469553560e-02
4.029404023671783186e-01,4.002601192034273003e-01,-2.680283163751018272e-03,-8.040849491253054815e-03,3.179120942849444909e-02,2.375035993724139427e-02
4.028368067050770440e-01,4.002601192034273003e-01,-2.576687501649743695e-03,-7.730062504949231084e-03,3.107869863038237312e-02,2.334863612543314204e-02
4.027355459065883325e-01,4.002601192034273003e-01,-2.475426703161032194e-03,-7.426280109483096581e-03,3.037823954661345027e-02,2.295195943713035369e-02
4.026365803040433122e-01,4.002601192034273003e-01,-2.376461100616011901e-03,-7.129383301848035703e-03,2.968968076350608776e-02,2.256029746165805205e-02
4.025398707312444757e-01,4.002601192034273003e-01,-2.279751527817175383e-03,-6.839254583451526148e-03,2.901287183965095551e-02,2.217361725619942936e-02
4.024453785201712597e-01,4.002601192034273003e-01,-2.185259316743959346e-03,-6.555777950231878037e-03,2.834766332196481109e-02,2.179188537173293305e-02
4.023530654976352205e-01,4.002601192034273003e-01,-2.092946294207920221e-03,-6.278838882623760664e-03,2.769390676081173730e-02,2.141506787818797664e-02
4.022628939818870264e-01,4.002601192034273003e-01,-2.002774778459726068e-03,-6.008324335379178205e-03,2.705145472445824595e-02,2.104313038907906774e-02
4.021748267791777076e-01,4.002601192034273003e-01,-1.914707575750407287e-03,-5.744122727251221860e-03,2.642016081279563444e-02,2.067603808554441258e-02
4.020888271802769420e-01,4.002601192034273003e-01,-1.828707976849641703e-03,-5.486123930548925109e-03,2.579987967022967510e-02,2.031375573968074999e-02
4.020048589569501507e-01,4.002601192034273003e-01,-1.744739753522850378e-03,-5.234219260568551135e-03,2.519046699803739742e-02,1.995624773746884628e-02
4.019228863583971245e-01,4.002601192034273003e-01,-1.662767154969824190e-03,-4.988301464909472571e-03,2.459177956590785641e-02,1.960347810099838384e-02
4.018428741076541799e-01,4.002601192034273003e-01,-1.582754904226879589e-03,-4.748264712680638766e-03,2.400367522288338051e-02,1.925541051020274175e-02
4.017647873979622308e-01,4.002601192034273003e-01,-1.504668194534930503e-03,-4.514004583604791510e-03,2.342601290758472565e-02,1.891200832397993414e-02
4.016885918891027196e-01,4.002601192034273003e-01,-1.428472685675419296e-03,-4.285418057026257888e-03,2.285865265785336220e-02,1.857323460082710431e-02
4.016142537037032945e-01,4.002601192034273003e-01,-1.354134500275994135e-03,-4.062403500827982405e-03,2.230145561982754820e-02,1.823905211899956580e-02
4.015417394235157311e-01,4.002601192034273003e-01,-1.281620220088430795e-03,-3.844860660265292385e-03,2.175428405626900208e-02,1.790942339600370969e-02
4.014710160856677645e-01,4.002601192034273003e-01,-1.210896882240464212e-03,-3.632690646721392635e-03,2.121700135438997492e-02,1.758431070766858229e-02
4.014020511788906065e-01,4.002601192034273003e-01,-1.141931975463306159e-03,-3.425795926389918478e-03,2.068947203314741579e-02,1.726367610675749731e-02
4.013348126397240923e-01,4.002601192034273003e-01,-1.074693436296791926e-03,-3.224080308890375779e-03,2.017156174995426987e-02,1.694748144106389409e-02
4.012692688487016768e-01,4.002601192034273003e-01,-1.009149645274376450e-03,-3.027448935823129350e-03,1.966313730672464288e-02,1.663568837090151353e-02
4.012053886265163904e-01,4.002601192034273003e-01,-9.452694230890901217e-04,-2.835808269267270365e-03,1.916406665558589850e-02,1.632825838631862814e-02
4.011431412301696975e-01,4.002601192034273003e-01,-8.830220267423971592e-04,-2.649066080227191478e-03,1.867421890400788875e-02,1.602515282378069728e-02
4.010824963491054218e-01,4.002601192034273003e-01,-8.223771456781214795e-04,-2.467131437034364438e-03,1.819346431928270391e-02,1.572633288224833947e-02
4.010234241013293510e-01,4.002601192034273003e-01,-7.633048979020506941e-04,-2.289914693706152082e-03,1.772167433282123561e-02,1.543175963911508353e-02
4.009658950295171831e-01,4.002601192034273003e-01,-7.057758260898827629e-04,-2.117327478269648289e-03,1.725872154365037936e-02,1.514139406538073107e-02
4.009098800971115928e-01,4.002601192034273003e-01,-6.497608936842924621e-04,-1.949282681052877386e-03,1.680447972167709025e-02,1.485519704062421287e-02
4.008553506844100278e-01,4.002601192034273003e-01,-5.952314809827274900e-04,-1.785694442948182470e-03,1.635882381046949163e-02,1.457312936752130916e-02
4.008022785846452329e-01,4.002601192034273003e-01,-5.421593812179326122e-04,-1.626478143653797837e-03,1.592162992943846334e-02,1.429515178578466550e-02
4.007506360000590018e-01,4.002601192034273003e-01,-4.905167966317014461e-04,-1.471550389895104338e-03,1.549277537586934983e-02,1.402122498597424549e-02
4.007003955379713767e-01,4.002601192034273003e-01,-4.402763345440763310e-04,-1.320829003632228993e-03,1.507213862628753454e-02,1.375130962265530554e-02
4.006515302068460183e-01,4.002601192034273003e-01,-3.914110034187179288e-04,-1.174233010256153786e-03,1.465959933760752065e-02,1.348536632735136687e-02
4.006040134123534102e-01,4.002601192034273003e-01,-3.438942089261098900e-04,-1.031682626778329670e-03,1.425503834778241163e-02,1.322335572100408196e-02
4.005578189534328981e-01,4.002601192034273003e-01,-2.976997500055977852e-04,-8.930992500167933557e-04,1.385833767615363143e-02,1.296523842613683808e-02
4.005129210183550059e-01,4.002601192034273003e-01,-2.528018149277055926e-04,-7.584054447831167778e-04,1.346938052336765779e-02,1.271097507858454101e-02
4.004692941807849738e-01,4.002601192034273003e-01,-2.091749773576734306e-04,-6.275249320730202918e-04,1.308805127100964860e-02,1.246052633893662831e-02
4.004269133958487936e-01,4.002601192034273003e-01,-1.667941924214932925e-04,-5.003825772644798775e-04,1.271423548085404143e-02,1.221385290358956155e-02
4.003857539962029644e-01,4.002601192034273003e-01,-1.256347927756640281e-04,-3.769043783269920844e-04,1.234781989374877931e-02,1.197091551542178722e-02
4.003457916881086875e-01,4.002601192034273003e-01,-8.567248468138721762e-05,-2.570174540441616529e-04,1.198869242828304316e-02,1.173167497423888150e-02
4.003070025475118365e-01,4.002601192034273003e-01,-4.688334408453620483e-05,-1.406500322536086145e-04,1.163674217905530384e-02,1.149609214680169522e-02
4.002693630161296978e-01,4.002601192034273003e-01,-9.243812702397491421e-06,-2.773143810719247426e-05,1.129185941464161402e-02,1.126412797653442155e-02
4.002328498975452065e-01,4.002601192034273003e-01,2.726930588209386386e-05,8.180791764628159157e-05,1.095393557534740658e-02,1.103574349299368818e-02
4.001974403533100078e-01,4.002601192034273003e-01,6.267885011729257272e-05,1.880365503518777182e-04,1.062286327055961266e-02,1.081089982091149038e-02
4.001631118990569003e-01,4.002601192034273003e-01,9.700730437040006038e-05,2.910219131112001811e-04,1.029853627593224630e-02,1.058955818904344648e-02
4.001298424006227150e-01,4.002601192034273003e-01,1.302768028045853121e-04,3.908304084137559364e-04,9.980849530255575530e-03,1.037167993866933147e-02
4.000976100701823523e-01,4.002601192034273003e-01,1.625091332449479786e-04,4.875273997348439359e-04,9.669699132108799944e-03,1.015722653184364388e-02
4.000663934623951978e-01,4.002601192034273003e-01,1.937257410321024942e-04,5.811772230963074826e-04,9.364982336146354669e-03,9.946159559242662151e-03
4.000361714705639726e-01,4.002601192034273003e-01,2.239477328633276976e-04,6.718431985899830927e-04,9.066597549367561015e-03,9.738440747957544108e-03
4.000069233228075172e-01,4.002601192034273003e-01,2.531958806197831535e-04,7.595876418593494606e-04,8.774444326936636784e-03,9.534031968795986245e-03
3.999786285782479522e-01,4.002601192034273003e-01,2.814906251793480862e-04,8.444718755380442587e-04,8.488423367869479819e-03,9.332895243407524077e-03
3.999512671232127170e-01,4.002601192034273003e-01,3.088520802145833244e-04,9.265562406437499732e-04,8.208436510570571443e-03,9.134992751214321416e-03
3.999248191674526498e-01,4.002601192034273003e-01,3.353000359746505232e-04,1.005900107923951570e-03,7.934386728020159651e-03,8.940286835944111221e-03
3.998992652403761672e-01,4.002601192034273003e-01,3.608539630511331531e-04,1.082561889153399459e-03,7.666178122944788953e-03,8.748740012098188412e-03
3.998745861873008733e-01,4.002601192034273003e-01,3.855330161264269861e-04,1.156599048379280958e-03,7.403715922588149922e-03,8.560314970967430881e-03
3.998507631657226558e-01,4.002601192034273003e-01,4.093560377046445709e-04,1.228068113113933713e-03,7.146906473465275411e-03,8.374974586579209124e-03
3.998277776416030993e-01,4.002601192034273003e-01,4.323415618242010261e-04,1.297024685472603078e-03,6.895657235866936574e-03,8.192681921339539652e-03
3.998056113856757188e-01,4.002601192034273003e-01,4.545078177515815554e-04,1.363523453254744666e-03,6.649876778214158790e-03,8.013400231468903456e-03
3.997842464697714537e-01,4.002601192034273003e-01,4.758727336558465915e-04,1.427618200967539774e-03,6.409474771279510819e-03,7.837092972247050593e-03
3.997636652631644250e-01,4.002601192034273003e-01,4.964539402628753706e-04,1.489361820788626112e-03,6.174361982108633740e-03,7.663723802897259851e-03
3.997438504289376748e-01,4.002601192034273003e-01,5.162687744896254927e-04,1.548806323468876478e-03,5.944450268025036621e-03,7.493256591493913099e-03
3.997247849203700576e-01,4.002601192034273003e-01,5.353342830572427324e-04,1.606002849171728197e-03,5.719652570285171933e-03,7.325655419456900130e-03
3.997064519773443902e-01,4.002601192034273003e-01,5.536672260829100800e-04,1.661001678248730240e-03,5.499882907700204271e-03,7.160884585948934511e-03
3.996888351227773639e-01,4.002601192034273003e-01,5.712840806499364099e-04,1.713852241949809230e-03,5.285056370107898971e-03,6.998908612057708201e-03
3.996719181590714931e-01,4.002601192034273003e-01,5.882010443558072232e-04,1.764603133067421670e-03,5.075089111761243998e-03,6.839692244828665668e-03
3.996556851645901576e-01,4.002601192034273003e-01,6.044340388371427508e-04,1.813302116511428252e-03,4.869898344400658274e-03,6.683200460912086527e-03
3.996401204901549042e-01,4.002601192034273003e-01,6.199987132723960848e-04,1.859996139817188254e-03,4.669402330576000182e-03,6.529398470393188436e-03
3.996252087555666743e-01,4.002601192034273003e-01,6.349104478606260038e-04,1.904731343581878011e-03,4.473520376468975712e-03,6.378251720050853724e-03
3.996109348461504562e-01,4.002601192034273003e-01,6.491843572768440929e-04,1.947553071830532279e-03,4.282172824865426719e-03,6.229725896695958998e-03
3.995972839093239193e-01,4.002601192034273003e-01,6.628352941033810453e-04,1.988505882310143136e-03,4.095281047961085719e-03,6.083786930271228854e-03
3.995842413511904168e-01,4.002601192034273003e-01,6.758778522368835695e-04,2.027633556710650709e-03,3.912767440050757273e-03,5.940400996761407981e-03
3.995717928331565805e-01,4.002601192034273003e-01,6.883263702707198561e-04,2.064979110812159568e-03,3.734555410150885990e-03,5.799534520963045559e-03
3.995599242685748398e-01,4.002601192034273003e-01,7.001949348524605377e-04,2.100584804557381613e-03,3.560569374522204456e-03,5.661154179079586068e-03
3.995486218194109762e-01,4.002601192034273003e-01,7.114973840163241192e-04,2.134492152048972358e-03,3.390734749159074468e-03,5.525226901208046826e-03
3.995378718929372686e-01,4.002601192034273003e-01,7.222473104900317686e-04,2.166741931470095306e-03,3.224977942112294826e-03,5.391719873582390132e-03
3.995276611384508958e-01,4.002601192034273003e-01,7.324580649764045326e-04,2.197374194929213598e-03,3.063226345911829185e-03,5.260600540841042783e-03
3.995179764440185965e-01,4.002601192034273003e-01,7.421427594087037782e-04,2.226428278226111335e-03,2.905408329689773694e-03,5.131836607915885029e-03
3.995088049332470859e-01,4.002601192034273003e-01,7.513142701802144607e-04,2.253942810540643382e-03,2.751453231453204751e-03,5.005396041993848133e-03
3.995001339620797842e-01,4.002601192034273003e-01,7.599852413475161050e-04,2.279955724042548315e-03,2.601291350190493290e-03,4.881247074233041605e-03
3.994919511156199143e-01,4.002601192034273003e-01,7.681680878073859908e-04,2.304504263422157972e-03,2.454853937960965737e-03,4.759358201383123710e-03
3.994842442049801878e-01,4.002601192034273003e-01,7.758749984471124961e-04,2.327624995341337488e-03,2.312073191917951576e-03,4.639698187259289064e-03
3.994770012641591928e-01,4.002601192034273003e-01,7.831179392681075768e-04,2.349353817804322730e-03,2.172882246298524223e-03,4.522236064102846953e-03
3.994702105469445930e-01,4.002601192034273003e-01,7.899086564827073609e-04,2.369725969448122083e-03,2.037215164379935217e-03,4.406941133828057300e-03
3.994638605238433615e-01,4.002601192034273003e-01,7.962586795839388110e-04,2.388776038751816433e-03,1.905006930369435025e-03,4.293782969121251458e-03
3.994579398790390479e-01,4.002601192034273003e-01,8.021793243882524571e-04,2.406537973164757371e-03,1.776193441294093844e-03,4.182731414458851216e-03
3.994524375073761902e-01,4.002601192034273003e-01,8.076816960511101762e-04,2.423045088153330529e-03,1.650711498857315718e-03,4.073756587010646246e-03
3.994473425113720388e-01,4.002601192034273003e-01,8.127766920552614849e-04,2.438330076165784455e-03,1.528498801245392613e-03,3.966828877411177068e-03
3.994426441982556475e-01,4.002601192034273003e-01,8.174750051716528354e-04,2.452425015514958506e-03,1.409493934917405156e-03,3.861918950432363662e-03
3.994383320770342749e-01,4.002601192034273003e-01,8.217871263930254244e-04,2.465361379179076273e-03,1.293636366411776706e-03,3.758997745590852979e-03
3.994343958555874874e-01,4.002601192034273003e-01,8.257233478398129378e-04,2.477170043519438813e-03,1.180866434036254020e-03,3.658036477555692834e-03
3.994308254377884060e-01,4.002601192034273003e-01,8.292937656388943424e-04,2.487881296916683027e-03,1.071125339724421366e-03,3.559006636641104393e-03
3.994276109206529868e-01,4.002601192034273003e-01,8.325082827743135461e-04,2.497524848322940638e-03,9.643551406257611092e-04,3.461879988948701747e-03
3.994247425915165017e-01,4.002601192034273003e-01,8.353766119107985944e-04,2.506129835732395783e-03,8.604987409455144842e-04,3.366628576677910267e-03
3.994222109252376640e-01,4.002601192034273003e-01,8.379082781896363130e-04,2.513724834568908939e-03,7.594998836513155993e-04,3.273224718220224538e-03
3.994200065814306755e-01,4.002601192034273003e-01,8.401126219966248421e-04,2.520337865989874526e-03,6.613031420965587159e-04,3.181641008086433242e-03
3.994181204017244746e-01,4.002601192034273003e-01,8.419988017028257055e-04,2.525996405108477116e-03,5.658539118602590179e-04,3.091850316968736134e-03
3.994165434070499621e-01,4.002601192034273003e-01,8.435757963773382606e-04,2.530727389132014782e-03,4.730984023537665450e-04,3.003825791485781327e-03
3.994152667949545932e-01,4.002601192034273003e-01,8.448524084727071504e-04,2.534557225418121451e-03,3.829836286106669263e-04,2.917540854028788377e-03
3.994142819369446706e-01,4.002601192034273003e-01,8.458372664826296905e-04,2.537511799447889072e-03,2.954574029767620402e-04,2.832969202424651112e-03
3.994135803758549486e-01,4.002601192034273003e-01,8.465388275723517708e-04,2.539616482717055312e-03,2.104683269166240933e-04,2.750084809633679406e-03
3.994131538232462142e-01,4.002601192034273003e-01,8.469653801810861360e-04,2.540896140543258408e-03,1.279657826203095539e-04,2.668861923163567962e-03
3.994129941568297926e-01,4.002601192034273003e-01,8.471250465975077582e-04,2.541375139792523274e-03,4.789992492648664779e-05,2.589275064719009922e-03
3.994130934179198622e-01,4.002601192034273003e-01,8.470257855074381226e-04,2.541077356522314368e-03,-2.977832702089067141e-05,2.511299029501423696e-03
3.994134438089128603e-01,4.002601192034273003e-01,8.466753945144400717e-04,2.540026183543320215e-03,-1.051172978994152629e-04,2.434908885643904952e-03
3.994140376907944212e-01,4.002601192034273003e-01,8.460815126328791180e-04,2.538244537898637354e-03,-1.781645644682861018e-04,2.360079973430351252e-03
3.994148675806733495e-01,4.002601192034273003e-01,8.452516227539508264e-04,2.535754868261852479e-03,-2.489669636784874740e-04,2.286787904583365005e-03
3.994159261493427371e-01,4.002601192034273003e-01,8.441930540845632436e-04,2.532579162253689731e-03,-3.175706008162748617e-04,2.215008561437414869e-03
3.994172062188682260e-01,4.002601192034273003e-01,8.429129845590743741e-04,2.528738953677223122e-03,-3.840208576466608292e-04,2.144718096030562293e-03
3.994187007602033601e-01,4.002601192034273003e-01,8.414184432239402156e-04,2.524255329671820647e-03,-4.483624005402475632e-04,2.075892929131573084e-03
3.994204028908313608e-01,4.002601192034273003e-01,8.397163125959394847e-04,2.519148937787818454e-03,-5.106391884002192683e-04,2.008509749387599186e-03
3.994223058724343245e-01,4.002601192034273003e-01,8.378133309929758354e-04,2.513439992978927506e-03,-5.708944808890947797e-04,1.942545512089832727e-03
3.994244031085885105e-01,4.002601192034273003e-01,8.357160948387898358e-04,2.507148284516369507e-03,-6.291708462557998871e-04,1.877977438260569620e-03
3.994266881424864968e-01,4.002601192034273003e-01,8.334310609408035475e-04,2.500293182822410643e-03,-6.855101693958864928e-04,1.814783013426524150e-03
3.994291546546858140e-01,4.002601192034273003e-01,8.309645487414862863e-04,2.492893646224458859e-03,-7.399536597951783534e-04,1.752939986429280506e-03
3.994317964608837812e-01,4.002601192034273003e-01,8.283227425435191194e-04,2.484968227630557358e-03,-7.925418593901500941e-04,1.692426368240407264e-03
3.994346075097185977e-01,4.002601192034273003e-01,8.255116937087025875e-04,2.476535081126107762e-03,-8.433146504449595682e-04,1.633220430681148194e-03
3.994375818805964706e-01,4.002601192034273003e-01,8.225373228308296980e-04,2.467611968492489094e-03,-8.923112633618668355e-04,1.575300705130622259e-03
3.994407137815448317e-01,4.002601192034273003e-01,8.194054218824686764e-04,2.458216265647406029e-03,-9.395702845083064858e-04,1.518645981139099543e-03
3.994439975470913118e-01,4.002601192034273003e-01,8.161216563359885434e-04,2.448364969007965630e-03,-9.851296639440398906e-04,1.463235305063925740e-03
3.994474276361683063e-01,4.002601192034273003e-01,8.126915672589940520e-04,2.438074701776982156e-03,-1.029026723098347418e-03,1.409047978678634738e-03
3.994509986300431859e-01,4.002601192034273003e-01,8.091205733841144720e-04,2.427361720152343416e-03,-1.071298162463873993e-03,1.356063557688469423e-03
3.994547052302738210e-01,4.002601192034273003e-01,8.054139731534792901e-04,2.416241919460437870e-03,-1.111980069190554588e-03,1.304261850269883283e-03
3.994585422566894750e-01,4.002601192034273003e-01,8.015769467378253132e-04,2.404730840213475940e-03,-1.151107924696193052e-03,1.253622915517282888e-03
3.994625046453966766e-01,4.002601192034273003e-01,7.976145580306237548e-04,2.392843674091871264e-03,-1.188716612160467534e-03,1.204127061931403730e-03
3.994665874468100730e-01,4.002601192034273003e-01,7.935317566172273018e-04,2.380595269851681905e-03,-1.224840424018935892e-03,1.155754845832746014e-03
3.994707858237080966e-01,4.002601192034273003e-01,7.893333797192036982e-04,2.368000139157611095e-03,-1.259513069407081076e-03,1.108487069750530019e-03
3.994750950493130559e-01,4.002601192034273003e-01,7.850241541142444213e-04,2.355072462342733264e-03,-1.292767681487783094e-03,1.062304780854950170e-03
3.994795105053960960e-01,4.002601192034273003e-01,7.806086980312043622e-04,2.341826094093613086e-03,-1.324636824912017730e-03,1.017189269181595357e-03
3.994840276804060841e-01,4.002601192034273003e-01,7.760915230212162008e-04,2.328274569063648602e-03,-1.355152502996448405e-03,9.731220660672001976e-04
3.994886421676226429e-01,4.002601192034273003e-01,7.714770358046574295e-04,2.314431107413972288e-03,-1.384346164967631410e-03,9.300849424463408788e-04
3.994933496633334968e-01,4.002601192034273003e-01,7.667695400938034922e-04,2.300308620281410477e-03,-1.412248713256181176e-03,8.880599070252293004e-04
3.994981459650350231e-01,4.002601192034273003e-01,7.619732383922772634e-04,2.285919715176831790e-03,-1.438890510457868643e-03,8.470292047189631468e-04
3.995030269696570047e-01,4.002601192034273003e-01,7.570922337702956639e-04,2.271276701310886992e-03,-1.464301386594479837e-03,8.069753147164071549e-04
3.995079886718104767e-01,8.235191162632182760e-01,4.240111275914077993e-01,1.272033382774223398e+00,0.000000000000000000e+00,1.272033382774223398e+00
3.996401537122413750e-01,8.235191162632182760e-01,4.238789625509769010e-01,1.271636887652930703e+00,-3.964951212926948187e-02,1.231987375523661221e+00
3.998955174902246168e-01,8.235191162632182760e-01,4.236235987729936592e-01,1.270870796318980922e+00,-7.660913339497255059e-02,1.194261662924008371e+00
4.002703074345002610e-01,8.235191162632182760e-01,4.232488088287180150e-01,1.269746426486153990e+00,-1.124369832826932480e-01,1.157309443203460742e+00
4.007608283230962853e-01,8.235191162632182760e-01,4.227582879401219906e-01,1.268274863820366027e+00,-1.471562665788073154e-01,1.121118597241558712e+00
4.013634610714164608e-01,8.235191162632182760e-01,4.221556551918018152e-01,1.266466965575405501e+00,-1.807898244960526313e-01,1.085677141079352870e+00
4.020746615338445795e-01,8.235191162632182760e-01,4.214444547293736965e-01,1.264333364188121145e+00,-2.133601387284356221e-01,1.050973225459685523e+00
4.028909593188186311e-01,8.235191162632182760e-01,4.206281569443996449e-01,1.261884470833198879e+00,-2.448893354922154764e-01,1.016995135340983403e+00
4.038089566173267975e-01,8.235191162632182760e-01,4.197101596458914785e-01,1.259130478937674491e+00,-2.753991895524499078e-01,9.837312893852245832e-01
4.048253270447734753e-01,8.235191162632182760e-01,4.186937892184448007e-01,1.256081367655334402e+00,-3.049111282340033480e-01,9.511702394213310541e-01
4.059368144961623126e-01,8.235191162632182760e-01,4.175823017670559634e-01,1.252746905301167946e+00,-3.334462354166511933e-01,9.193006698845167524e-01
4.071402320145395826e-01,8.235191162632182760e-01,4.163788842486786934e-01,1.249136652746036136e+00,-3.610252555131809871e-01,8.881113972328551487e-01
4.084324606726401630e-01,8.235191162632182760e-01,4.150866555905781130e-01,1.245259966771734339e+00,-3.876685974301741222e-01,8.575913693415602168e-01
4.098104484676748926e-01,8.235191162632182760e-01,4.137086677955433833e-01,1.241126003386630039e+00,-4.133963385104189037e-01,8.277296648762111353e-01
4.112712092291972432e-01,8.235191162632182760e-01,4.122479070340210328e-01,1.236743721102063098e+00,-4.382282284567051711e-01,7.985154926453579272e-01
4.128118215399841362e-01,8.235191162632182760e-01,4.107072947232341398e-01,1.232121884169702364e+00,-4.621836932360678940e-01,7.699381909336344698e-01
4.144294276698643475e-01,8.235191162632182760e-01,4.090896885933539284e-01,1.227269065780061785e+00,-4.852818389640634056e-01,7.419872268159983797e-01
4.161212325224261654e-01,8.235191162632182760e-01,4.073978837407921105e-01,1.222193651222376332e+00,-5.075414557685453687e-01,7.146521954538309629e-01
4.178845025945333580e-01,8.235191162632182760e-01,4.056346136686849180e-01,1.216903841006054865e+00,-5.289810216321577663e-01,6.879228193738970987e-01
4.197165649485779526e-01,8.235191162632182760e-01,4.038025513146403234e-01,1.211407653943920915e+00,-5.496187062133783829e-01,6.617889477305425316e-01
4.216148061973956085e-01,8.235191162632182760e-01,4.019043100658226675e-01,1.205712930197468058e+00,-5.694723746452967639e-01,6.362405555521712941e-01
4.235766715017684758e-01,8.235191162632182760e-01,3.999424447614498002e-01,1.199827334284349512e+00,-5.885595913118601974e-01,6.112677429724893141e-01
4.255996635804386030e-01,8.235191162632182760e-01,3.979194526827796730e-01,1.193758358048339074e+00,-6.068976236010381609e-01,5.868607344473009135e-01
4.276813417325534550e-01,8.235191162632182760e-01,3.958377745306648210e-01,1.187513323591994574e+00,-6.245034456344555895e-01,5.630098779575389845e-01
4.298193208724640502e-01,8.235191162632182760e-01,3.936997953907542258e-01,1.181099386172262733e+00,-6.413937419731785550e-01,5.397056441990841780e-01
4.320112705767945593e-01,8.235191162632182760e-01,3.915078456864237166e-01,1.174523537059271039e+00,-6.575849112991527523e-01,5.169386257601182866e-01
4.342549141437010984e-01,8.235191162632182760e-01,3.892642021195171775e-01,1.167792606358551533e+00,-6.730930700719617299e-01,4.946995362865898027e-01
4.365480276642362822e-01,8.235191162632182760e-01,3.869710885989819937e-01,1.160913265796946092e+00,-6.879340561605551407e-01,4.729792096363909515e-01
4.388884391057351064e-01,8.235191162632182760e-01,3.846306771574831695e-01,1.153892031472449453e+00,-7.021234324496472556e-01,4.517685990228021975e-01
4.412740274071362268e-01,8.235191162632182760e-01,3.822450888560820492e-01,1.146735266568246203e+00,-7.156764904203360977e-01,4.310587761479101054e-01
4.437027215861521490e-01,8.235191162632182760e-01,3.798163946770661270e-01,1.139449184031198437e+00,-7.286082537047766650e-01,4.108409303264217716e-01
4.461724998582006774e-01,8.235191162632182760e-01,3.773466164050175986e-01,1.132039849215052740e+00,-7.409334816145585201e-01,3.911063676004942202e-01
4.486813887670092482e-01,8.235191162632182760e-01,3.748377274962090278e-01,1.124513182488627194e+00,-7.526666726425712550e-01,3.718465098460559393e-01
4.512274623268024420e-01,8.235191162632182760e-01,3.722916539364158339e-01,1.116874961809247502e+00,-7.638220679379581490e-01,3.530528938712893527e-01
4.538088411759827467e-01,8.235191162632182760e-01,3.697102750872355292e-01,1.109130825261706477e+00,-7.744136547540914073e-01,3.347171705076150694e-01
4.564236917422138107e-01,8.235191162632182760e-01,3.670954245210044653e-01,1.101286273563013340e+00,-7.844551698693191799e-01,3.168311036936941605e-01
4.590702254188142595e-01,8.235191162632182760e-01,3.644488908444040165e-01,1.093346672533212161e+00,-7.939601029801346410e-01,2.993865695530775195e-01
4.617466977523700389e-01,8.235191162632182760e-01,3.617724185108482371e-01,1.085317255532544767e+00,-8.029417000667338211e-01,2.823755554658109457e-01
4.644514076414724135e-01,8.235191162632182760e-01,3.590677086217458625e-01,1.077203125865237698e+00,-8.114129667307123928e-01,2.657901591345253056e-01
4.671826965464881964e-01,8.235191162632182760e-01,3.563364197167300795e-01,1.069009259150190294e+00,-8.193866715047348759e-01,2.496225876454554182e-01
4.699389477102685619e-01,8.235191162632182760e-01,3.535801685529497140e-01,1.060740505658849031e+00,-8.268753491341096495e-01,2.338651565247393815e-01
4.727185853897014067e-01,8.235191162632182760e-01,3.508005308735168692e-01,1.052401592620550552e+00,-8.338913038298534364e-01,2.185102887906971159e-01
4.755200740980132790e-01,8.235191162632182760e-01,3.479990421652049970e-01,1.043997126495614935e+00,-8.404466124935616733e-01,2.035505140020532622e-01
4.783419178577253961e-01,8.235191162632182760e-01,3.451771984054928799e-01,1.035531595216478529e+00,-8.465531279136351284e-01,1.889784673028434003e-01
4.811826594641677723e-01,8.235191162632182760e-01,3.423364567990505036e-01,1.027009370397151455e+00,-8.522224819327128831e-01,1.747868884644385723e-01
4.840408797594565882e-01,8.235191162632182760e-01,3.394782365037616878e-01,1.018434709511285119e+00,-8.574660885866447479e-01,1.609686209246403710e-01
4.869151969168378780e-01,8.235191162632182760e-01,3.366039193463803980e-01,1.009811758039141250e+00,-8.622951472143869367e-01,1.475166108247543129e-01
4.898042657353016138e-01,8.235191162632182760e-01,3.337148505279166621e-01,1.001144551583750042e+00,-8.667206455391207598e-01,1.344239060446292822e-01
4.927067769443698175e-01,8.235191162632182760e-01,3.308123393188484584e-01,9.924370179565453753e-01,-8.707533627204611104e-01,1.216836552360842649e-01
4.956214565189616672e-01,8.235191162632182760e-01,3.278976597442566088e-01,9.836929792327697708e-01,-8.744038723775549027e-01,1.092891068552148681e-01
4.985470650042390095e-01,8.235191162632182760e-01,3.249720512589792665e-01,9.749161537769377439e-01,-8.776825455832026890e-01,9.723360819373505493e-02
5.014823968503356877e-01,8.235191162632182760e-01,3.220367194128825883e-01,9.661101582386477649e-01,-8.805995538290034563e-01,8.551060440964430853e-02
5.044262797568733747e-01,8.235191162632182760e-01,3.190928365063449013e-01,9.572785095190347038e-01,-8.831648719613061083e-01,7.411363755772859552e-02
5.073775740271668777e-01,8.235191162632182760e-01,3.161415422360513983e-01,9.484246267081541948e-01,-8.853882810880508991e-01,6.303634562010329567e-02
5.103351719320223800e-01,8.235191162632182760e-01,3.131839443311958959e-01,9.395518329935876878e-01,-8.872793714566507006e-01,5.227246153693698716e-02
5.132979970830315875e-01,8.235191162632182760e-01,3.102211191801866885e-01,9.306633575405600656e-01,-8.888475453027622208e-01,4.181581223779784473e-02
5.162650038152645227e-01,8.235191162632182760e-01,3.072541124479537533e-01,9.217623373438612600e-01,-8.901020196698805620e-01,3.166031767398069796e-02
5.192351765792648788e-01,8.235191162632182760e-01,3.042839396839533972e-01,9.128518190518601916e-01,-8.910518292001068374e-01,2.179998985175335413e-02
5.222075293422504538e-01,8.235191162632182760e-01,3.013115869209678221e-01,9.039347607629034664e-01,-8.917058288956725143e-01,1.222893186723095216e-02
5.251811049984227431e-01,8.235191162632182760e-01,2.983380112647955329e-01,8.950140337943865987e-01,-8.920726968516867750e-01,2.941336942699823709e-03
5.281549747882892110e-01,8.235191162632182760e-01,2.953641414749290650e-01,8.860924244247871950e-01,-8.921609369599403649e-01,-6.068512535153169907e-03
5.311282377269022081e-01,8.235191162632182760e-01,2.923908785363160678e-01,8.771726356089482035e-01,-8.919788815838991525e-01,-1.480624597495094896e-02
5.341000200409177223e-01,8.235191162632182760e-01,2.894190962223005537e-01,8.682572886669016610e-01,-8.915346942046542544e-01,-2.327740553775259347e-02
5.370694746143794829e-01,8.235191162632182760e-01,2.864496416488387931e-01,8.593489249465163793e-01,-8.908363720385281681e-01,-3.148744709201178882e-02
5.400357804431320519e-01,8.235191162632182760e-01,2.834833358200862241e-01,8.504500074602586723e-01,-8.898917486257706955e-01,-3.944174116551202314e-02
5.429981420977679774e-01,8.235191162632182760e-01,2.805209741654502986e-01,8.415629224963508959e-01,-8.887084963907776469e-01,-4.714557389442675106e-02
5.459557891950145292e-01,8.235191162632182760e-01,2.775633270682037468e-01,8.326899812046112404e-01,-8.872941291739655512e-01,-5.460414796935431081e-02
5.489079758774640938e-01,8.235191162632182760e-01,2.746111403857541822e-01,8.238334211572625465e-01,-8.856560047348693843e-01,-6.182258357760683776e-02
5.518539803015559686e-01,8.235191162632182760e-01,2.716651359616623074e-01,8.149954078849869221e-01,-8.838013272275624388e-01,-6.880591934257551667e-02
5.547931041337135216e-01,8.235191162632182760e-01,2.687260121295047544e-01,8.061780363885142631e-01,-8.817371496472659054e-01,-7.555911325875164231e-02
5.577246720545452341e-01,8.235191162632182760e-01,2.657944442086730419e-01,7.973833326260191257e-01,-8.794703762495137411e-01,-8.208704362349461547e-02
5.606480312710145908e-01,8.235191162632182760e-01,2.628710849922036852e-01,7.886132549766110555e-01,-8.770077649408070108e-01,-8.839450996419595530e-02
5.635625510364875579e-01,8.235191162632182760e-01,2.599565652267307181e-01,7.798696956801921543e-01,-8.743559296418901283e-01,-9.448623396169797406e-02
5.664676221785642785e-01,8.235191162632182760e-01,2.570514940846539975e-01,7.711544822539619926e-01,-8.715213426230161708e-01,-1.003668603690541783e-01
5.693626566346041695e-01,8.235191162632182760e-01,2.541564596286141064e-01,7.624693788858423193e-01,-8.685103368119673206e-01,-1.060409579261250013e-01
5.722470869948513839e-01,8.235191162632182760e-01,2.512720292683668921e-01,7.538160878051006764e-01,-8.653291080741642993e-01,-1.115130202690636230e-01
5.751203660530717077e-01,8.235191162632182760e-01,2.483987502101465683e-01,7.451962506304397049e-01,-8.619837174660971435e-01,-1.167874668356574386e-01
5.779819663646085237e-01,8.235191162632182760e-01,2.455371498986097523e-01,7.366114496958292568e-01,-8.584800934610448131e-01,-1.218686437652155563e-01
5.808313798117687998e-01,8.235191162632182760e-01,2.426877364514494761e-01,7.280632093543484284e-01,-8.548240341480828342e-01,-1.267608247937344057e-01
5.836681171764497300e-01,8.235191162632182760e-01,2.398509990867685460e-01,7.195529972603056379e-01,-8.510212094042790554e-01,-1.314682121439734175e-01
5.864917077199162110e-01,8.235191162632182760e-01,2.370274085433020650e-01,7.110822256299061950e-01,-8.470771630399442920e-01,-1.359949374100380970e-01
5.893016987696416686e-01,8.235191162632182760e-01,2.342174174935766073e-01,7.026522524807298220e-01,-8.429973149176372971e-01,-1.403450624369074751e-01
5.920976553131234166e-01,8.235191162632182760e-01,2.314214609500948594e-01,6.942643828502845782e-01,-8.387869630445243807e-01,-1.445225801942398025e-01
5.948791595985858383e-01,8.235191162632182760e-01,2.286399566646324377e-01,6.859198699938973132e-01,-8.344512856387265032e-01,-1.485314156448291900e-01
5.976458107424836852e-01,8.235191162632182760e-01,2.258733055207345908e-01,6.776199165622037723e-01,-8.299953431693540828e-01,-1.523754266071503105e-01
6.003972243437208922e-01,8.235191162632182760e-01,2.231218919194973838e-01,6.693656757584921513e-01,-8.254240803711621055e-01,-1.560584046126699542e-01
6.031330321044967580e-01,8.235191162632182760e-01,2.203860841587215180e-01,6.611582524761645541e-01,-8.207423282327597214e-01,-1.595840757565951673e-01
6.058528814576970012e-01,8.235191162632182760e-01,2.176662348055212748e-01,6.529987044165638244e-01,-8.159548059600729708e-01,-1.629561015435091464e-01
6.085564352007428734e-01,8.235191162632182760e-01,2.149626810624754025e-01,6.448880431874262076e-01,-8.110661229137616779e-01,-1.661780797263354703e-01
6.112433711358161714e-01,8.235191162632182760e-01,2.122757451274021046e-01,6.368272353822063137e-01,-8.060807805219893929e-01,-1.692535451397830792e-01
6.139133817163754392e-01,8.235191162632182760e-01,2.096057345468428368e-01,6.288172036405285104e-01,-8.010031741677803296e-01,-1.721859705272518193e-01
6.165661736998819809e-01,8.235191162632182760e-01,2.069529425633362951e-01,6.208588276900088854e-01,-7.958375950519624986e-01,-1.749787673619536132e-01
6.192014678066523059e-01,8.235191162632182760e-01,2.043176484565659701e-01,6.129529453696979102e-01,-7.905882320310975153e-01,-1.776352866613996051e-01
6.218189983847565161e-01,8.235191162632182760e-01,2.017001178784617599e-01,6.051003536353852796e-01,-7.852591734312630578e-01,-1.801588197958777782e-01
6.244185130808811435e-01,8.235191162632182760e-01,1.991006031823371325e-01,5.973018095470113975e-01,-7.798544088373882133e-01,-1.825525992903768158e-01
6.269997725170767255e-01,8.235191162632182760e-01,1.965193437461415504e-01,5.895580312384246513e-01,-7.743778308586746206e-01,-1.848197996202499693e-01
6.295625499733102926e-01,8.235191162632182760e-01,1.939565662899079834e-01,5.818696988697239503e-01,-7.688332368700701025e-01,-1.869635380003461522e-01
6.321066310757438300e-01,8.235191162632182760e-01,1.914124851874744460e-01,5.742374555624233379e-01,-7.632243307300612400e-01,-1.889868751676379022e-01
6.346318134906605568e-01,8.235191162632182760e-01,1.888873027725577192e-01,5.666619083176731575e-01,-7.575547244750180376e-01,-1.908928161573448801e-01
6.371379066239616362e-01,8.235191162632182760e-01,1.863812096392566398e-01,5.591436289177699193e-01,-7.518279399903238236e-01,-1.926843110725539043e-01
6.396247313261553824e-01,8.235191162632182760e-01,1.838943849370628936e-01,5.516831548111886807e-01,-7.460474106581238551e-01,-1.943642558469351744e-01
6.420921196027644662e-01,8.235191162632182760e-01,1.814269966604538098e-01,5.442809899813614294e-01,-7.402164829827251324e-01,-1.959354930013637031e-01
6.445399143300734046e-01,8.235191162632182760e-01,1.789792019331448714e-01,5.369376057994346141e-01,-7.343384181926815302e-01,-1.974008123932469161e-01
6.469679689761430597e-01,8.235191162632182760e-01,1.765511472870752163e-01,5.296534418612256490e-01,-7.284163938208965128e-01,-1.987629519596708638e-01
6.493761473270167617e-01,8.235191162632182760e-01,1.741429689362015143e-01,5.224289068086045429e-01,-7.224535052621106068e-01,-2.000245984535060639e-01
6.517643232180451163e-01,8.235191162632182760e-01,1.717547930451731597e-01,5.152643791355194791e-01,-7.164527673085063775e-01,-2.011883881729868984e-01
6.541323802702561085e-01,8.235191162632182760e-01,1.693867359929621674e-01,5.081602079788865023e-01,-7.104171156632976825e-01,-2.022569076844111802e-01
6.564802116316986735e-01,8.235191162632182760e-01,1.670389046315196024e-01,5.011167138945588073e-01,-7.043494084327694971e-01,-2.032326945382106897e-01
6.588077197236874571e-01,8.235191162632182760e-01,1.647113965395308188e-01,4.941341896185924565e-01,-6.982524275966350835e-01,-2.041182379780426270e-01
6.611148159918783795e-01,8.235191162632182760e-01,1.624043002713398964e-01,4.872129008140196893e-01,-6.921288804572767184e-01,-2.049159796432570291e-01
6.634014206621049459e-01,8.235191162632182760e-01,1.601176956011133301e-01,4.803530868033399903e-01,-6.859814010679698981e-01,-2.056283142646299078e-01
6.656674625009051383e-01,8.235191162632182760e-01,1.578516537623131377e-01,4.735549612869394132e-01,-6.798125516400577162e-01,-2.062575903531183030e-01
6.679128785806699442e-01,8.235191162632182760e-01,1.556062376825483318e-01,4.668187130476449953e-01,-6.736248239294417850e-01,-2.068061108817967897e-01
6.701376140493465750e-01,8.235191162632182760e-01,1.533815022138717010e-01,4.601445066416151031e-01,-6.674206406029892236e-01,-2.072761339613741205e-01
6.723416219046270959e-01,8.235191162632182760e-01,1.511774943585911801e-01,4.535324830757735404e-01,-6.612023565841562700e-01,-2.076698735083827296e-01
6.745248627725567436e-01,8.235191162632182760e-01,1.489942534906615323e-01,4.469827604719845970e-01,-6.549722603788943331e-01,-2.079894999069097361e-01
6.766873046904957612e-01,8.235191162632182760e-01,1.468318115727225148e-01,4.404954347181675445e-01,-6.487325753817052565e-01,-2.082371406635377120e-01
6.788289228943683584e-01,8.235191162632182760e-01,1.446901933688499176e-01,4.340705801065497527e-01,-6.424854611617791811e-01,-2.084148810552294284e-01
6.809496996101355171e-01,8.235191162632182760e-01,1.425694166530827589e-01,4.277082499592482767e-01,-6.362330147301475947e-01,-2.085247647708993179e-01
6.830496238494255801e-01,8.235191162632182760e-01,1.404694924137926959e-01,4.214084772413780877e-01,-6.299772717870188998e-01,-2.085687945456408121e-01
6.851286912092610093e-01,8.235191162632182760e-01,1.383904250539572667e-01,4.151712751618718000e-01,-6.237202079506287689e-01,-2.085489327887569688e-01
6.871869036758175842e-01,8.235191162632182760e-01,1.363322125874006918e-01,4.089966377622020755e-01,-6.174637399669724580e-01,-2.084671022047703826e-01
6.892242694321536467e-01,8.235191162632182760e-01,1.342948468310646293e-01,4.028845404931938878e-01,-6.112097269008187617e-01,-2.083251864076248738e-01
6.912408026698489971e-01,8.235191162632182760e-01,1.322783135933692789e-01,3.968349407801078366e-01,-6.049599713086051267e-01,-2.081250305284972901e-01
6.932365234044914892e-01,8.235191162632182760e-01,1.302825928587267867e-01,3.908477785761803602e-01,-5.987162203927476334e-01,-2.078684418165672732e-01
6.952114572949523730e-01,8.235191162632182760e-01,1.283076589682659030e-01,3.849229769047977090e-01,-5.924801671382651236e-01,-2.075571902334674146e-01
6.971656354663898769e-01,8.235191162632182760e-01,1.263534807968283991e-01,3.790604423904851972e-01,-5.862534514312511824e-01,-2.071930090407659852e-01
6.990990943369232991e-01,8.235191162632182760e-01,1.244200219262949769e-01,3.732600657788849308e-01,-5.800376611600266408e-01,-2.067775953811417100e-01
7.010118754479186531e-01,8.235191162632182760e-01,1.225072408152996228e-01,3.675217224458988685e-01,-5.738343332986062251e-01,-2.063126108527073566e-01
7.029040252978286940e-01,8.235191162632182760e-01,1.206150909653895820e-01,3.618452728961687459e-01,-5.676449549730122612e-01,-2.057996820768435153e-01
7.047755951795310336e-01,8.235191162632182760e-01,1.187435210836872423e-01,3.562305632510617270e-01,-5.614709645107018865e-01,-2.052404012596401595e-01
7.066266410211073934e-01,8.235191162632182760e-01,1.168924752421108826e-01,3.506774257263326477e-01,-5.553137524729079288e-01,-2.046363267465752811e-01
7.084572232300091477e-01,8.235191162632182760e-01,1.150618930332091283e-01,3.451856790996273849e-01,-5.491746626705262813e-01,-2.039889835708988963e-01
7.102674065405537585e-01,8.235191162632182760e-01,1.132517097226645175e-01,3.397551291679935526e-01,-5.430549931633832372e-01,-2.032998639953896847e-01
7.120572598646988105e-01,8.235191162632182760e-01,1.114618563985194655e-01,3.343855691955583964e-01,-5.369559972435156148e-01,-2.025704280479572184e-01
7.138268561460391348e-01,8.235191162632182760e-01,1.096922601171791412e-01,3.290767803515374235e-01,-5.308788844020972952e-01,-2.018021040505598718e-01
7.155762722169743961e-01,8.235191162632182760e-01,1.079428440462438799e-01,3.238285321387316396e-01,-5.248248212805783908e-01,-2.009962891418467512e-01
7.173055886589954078e-01,8.235191162632182760e-01,1.062135276042228682e-01,3.186405828126686046e-01,-5.187949326063034938e-01,-2.001543497936348892e-01
7.190148896660371047e-01,8.235191162632182760e-01,1.045042265971811712e-01,3.135126797915435137e-01,-5.127903021125090888e-01,-1.992776223209655750e-01
7.207042629108466603e-01,8.235191162632182760e-01,1.028148533523716157e-01,3.084445600571148471e-01,-5.068119734428666590e-01,-1.983674133857518118e-01
7.223737994143176744e-01,8.235191162632182760e-01,1.011453168489006016e-01,3.034359505467018048e-01,-5.008609510413042365e-01,-1.974250004946024317e-01
7.240235934177392529e-01,8.235191162632182760e-01,9.949552284547902303e-02,2.984865685364370691e-01,-4.949382010264735676e-01,-1.964516324900364985e-01
7.256537422579117935e-01,8.235191162632182760e-01,9.786537400530648245e-02,2.935961220159194474e-01,-4.890446520517621742e-01,-1.954485300358427269e-01
7.272643462450807395e-01,8.235191162632182760e-01,9.625477001813753652e-02,2.887643100544126096e-01,-4.831811961506837783e-01,-1.944168860962711687e-01
7.288555085436401182e-01,8.235191162632182760e-01,9.466360771957815778e-02,2.839908231587344734e-01,-4.773486895678136221e-01,-1.933578664090791488e-01
7.304273350555585687e-01,8.235191162632182760e-01,9.309178120765970732e-02,2.792753436229791220e-01,-4.715479535755351392e-01,-1.922726099525560173e-01
7.319799343064817831e-01,8.235191162632182760e-01,9.153918195673649283e-02,2.746175458702094785e-01,-4.657797752769643473e-01,-1.911622294067548689e-01
7.335134173344642905e-01,8.235191162632182760e-01,9.000569892875398548e-02,2.700170967862619564e-01,-4.600449083947522055e-01,-1.900278116084902491e-01
7.350278975812859494e-01,8.235191162632182760e-01,8.849121868193232654e-02,2.654736560457969796e-01,-4.543440740464976813e-01,-1.888704180007007016e-01
7.365234907863075220e-01,8.235191162632182760e-01,8.699562547691075398e-02,2.609868764307322619e-01,-4.486779615064717674e-01,-1.876910850757395055e-01
7.380003148828215842e-01,8.235191162632182760e-01,8.551880138039669177e-02,2.565564041411900753e-01,-4.430472289542186637e-01,-1.864908248130285884e-01
7.394584898968542541e-01,8.235191162632182760e-01,8.406062636636402186e-02,2.521818790990920656e-01,-4.374525042098009742e-01,-1.852706251107089086e-01
7.408981378483758817e-01,8.235191162632182760e-01,8.262097841484239424e-02,2.478629352445271827e-01,-4.318943854564882834e-01,-1.840314502119611006e-01
7.423193826548762919e-01,8.235191162632182760e-01,8.119973360834198406e-02,2.435992008250259522e-01,-4.263734419501230555e-01,-1.827742411250971033e-01
7.437223500372642793e-01,8.235191162632182760e-01,7.979676622595399671e-02,2.393902986778619901e-01,-4.208902147163962049e-01,-1.814999160385342147e-01
7.451071674280483892e-01,8.235191162632182760e-01,7.841194883516988678e-02,2.352358465055096604e-01,-4.154452172352329775e-01,-1.802093707297233172e-01
7.464739638817594614e-01,8.235191162632182760e-01,7.704515238145881462e-02,2.311354571443764438e-01,-4.100389361133216504e-01,-1.789034789689452065e-01
7.478228699875736352e-01,8.235191162632182760e-01,7.569624627564464081e-02,2.270887388269339224e-01,-4.046718317442521418e-01,-1.775830929173182193e-01
7.491540177840960713e-01,8.235191162632182760e-01,7.436509847912220472e-02,2.230952954373666142e-01,-3.993443389567308266e-01,-1.762490435193642124e-01
7.504675406762666423e-01,8.235191162632182760e-01,7.305157558695163367e-02,2.191547267608549010e-01,-3.940568676511713164e-01,-1.749021408903164154e-01
7.517635733543481802e-01,8.235191162632182760e-01,7.175554290887009579e-02,2.152666287266102874e-01,-3.888098034244613643e-01,-1.735431746978510770e-01
7.530422517149598649e-01,8.235191162632182760e-01,7.047686454825841107e-02,2.114305936447752332e-01,-3.836035081835054150e-01,-1.721729145387301818e-01
7.543037127841176748e-01,8.235191162632182760e-01,6.921540347910060120e-02,2.076462104373018036e-01,-3.784383207473429600e-01,-1.707921103100411564e-01
7.555480946422444832e-01,8.235191162632182760e-01,6.797102162097379274e-02,2.039130648629213782e-01,-3.733145574380425380e-01,-1.694014925751211598e-01
7.567755363511138311e-01,8.235191162632182760e-01,6.674357991210444485e-02,2.002307397363133346e-01,-3.682325126608043675e-01,-1.680017729244910329e-01
7.579861778826907370e-01,8.235191162632182760e-01,6.553293838052753895e-02,1.965988151415826168e-01,-3.631924594730717715e-01,-1.665936443314891546e-01
7.591801600498344627e-01,8.235191162632182760e-01,6.433895621338381332e-02,1.930168686401514400e-01,-3.581946501431176877e-01,-1.651777815029662477e-01
7.603576244388279282e-01,8.235191162632182760e-01,6.316149182439034782e-02,1.894844754731710434e-01,-3.532393166980396515e-01,-1.637548412248686081e-01
7.615187133436989164e-01,8.235191162632182760e-01,6.200040291951935956e-02,1.860012087585580787e-01,-3.483266714612964776e-01,-1.623254627027383989e-01
7.626635697022996485e-01,8.235191162632182760e-01,6.085554656091862746e-02,1.825666396827558824e-01,-3.434569075802196281e-01,-1.608902678974637457e-01
7.637923370341106466e-01,8.235191162632182760e-01,5.972677922910762938e-02,1.791803376873228881e-01,-3.386301995432994261e-01,-1.594498618559765379e-01
7.649051593797360216e-01,8.235191162632182760e-01,5.861395688348225441e-02,1.758418706504467632e-01,-3.338467036876124894e-01,-1.580048330371657261e-01
7.660021812420576559e-01,8.235191162632182760e-01,5.751693502116062007e-02,1.725508050634818602e-01,-3.291065586964903034e-01,-1.565557536330084432e-01
7.670835475290159744e-01,8.235191162632182760e-01,5.643556873420230158e-02,1.693067062026069047e-01,-3.244098860874955470e-01,-1.551031798848886423e-01
7.681494034979857721e-01,8.235191162632182760e-01,5.536971276523250385e-02,1.661091382956975115e-01,-3.197567906909393187e-01,-1.536476523952418072e-01
7.691998947017161248e-01,8.235191162632182760e-01,5.431922156150215120e-02,1.629576646845064536e-01,-3.151473611191057955e-01,-1.521896964345993419e-01
7.702351669358029618e-01,8.235191162632182760e-01,5.328394932741531420e-02,1.598518479822459426e-01,-3.105816702260510986e-01,-1.507298222438051560e-01
7.712553661876654365e-01,8.235191162632182760e-01,5.226375007555283947e-02,1.567912502266585184e-01,-3.060597755587424196e-01,-1.492685253320839012e-01
7.722606385869946743e-01,8.235191162632182760e-01,5.125847767622360163e-02,1.537754330286708049e-01,-3.015817197987713527e-01,-1.478062867701005478e-01
7.732511303576469208e-01,8.235191162632182760e-01,5.026798590557135515e-02,1.508039577167140655e-01,-2.971475311956739418e-01,-1.463435734789598763e-01
7.742269877709513359e-01,8.235191162632182760e-01,4.929212849226694004e-02,1.478763854768008201e-01,-2.927572239913245333e-01,-1.448808385145237132e-01
7.751883571004042350e-01,8.235191162632182760e-01,4.833075916281404094e-02,1.449922774884421228e-01,-2.884107988358697305e-01,-1.434185213474276077e-01
7.761353845777223537e-01,8.235191162632182760e-01,4.738373168549592229e-02,1.421511950564877669e-01,-2.841082431954355947e-01,-1.419570481389478278e-01
7.770682163502266038e-01,8.235191162632182760e-01,4.645089991299167220e-02,1.393526997389750166e-01,-2.798495317512750269e-01,-1.404968320123000103e-01
7.779869984395296756e-01,8.235191162632182760e-01,4.553211782368860039e-02,1.365963534710658012e-01,-2.756346267909215442e-01,-1.390382733198557430e-01
7.788918767015007294e-01,8.235191162632182760e-01,4.462723956171754658e-02,1.338817186851526397e-01,-2.714634785913161430e-01,-1.375817599061635033e-01
7.797829967874811974e-01,8.235191162632182760e-01,4.373611947573707859e-02,1.312083584272112358e-01,-2.673360257941403972e-01,-1.361276673669291615e-01
7.806605041067249395e-01,8.235191162632182760e-01,4.285861215649333644e-02,1.285758364694800093e-01,-2.632521957731226436e-01,-1.346763593036426343e-01
7.815245437900383285e-01,8.235191162632182760e-01,4.199457247317994746e-02,1.259837174195398424e-01,-2.592119049940166953e-01,-1.332281875744768529e-01
7.823752606545942845e-01,8.235191162632182760e-01,4.114385560862399149e-02,1.234315668258719745e-01,-2.552150593667867895e-01,-1.317834925409148150e-01
7.832127991698961678e-01,8.235191162632182760e-01,4.030631709332210821e-02,1.209189512799663246e-01,-2.512615545905649839e-01,-1.303426033105986592e-01
7.840373034248669937e-01,8.235191162632182760e-01,3.948181283835128230e-02,1.184454385150538469e-01,-2.473512764912477735e-01,-1.289058379761939266e-01
7.848489170960402106e-01,8.235191162632182760e-01,3.867019916717806538e-02,1.160105975015341961e-01,-2.434841013519650765e-01,-1.274735038504308804e-01
7.856477834168282826e-01,8.235191162632182760e-01,3.787133284638999342e-02,1.136139985391699803e-01,-2.396598962364215879e-01,-1.260458976972516076e-01
7.864340451478466498e-01,8.235191162632182760e-01,3.708507111537162615e-02,1.112552133461148784e-01,-2.358785193055101814e-01,-1.246233059593953030e-01
7.872078445482690867e-01,8.235191162632182760e-01,3.631127171494918926e-02,1.089338151448475678e-01,-2.321398201267310668e-01,-1.232060049818834990e-01
7.879693233481933623e-01,8.235191162632182760e-01,3.554979291502491368e-02,1.066493787450747410e-01,-2.284436399772826753e-01,-1.217942612322079343e-01
7.887186227219944445e-01,8.235191162632182760e-01,3.480049354122383143e-02,1.044014806236714943e-01,-2.247898121403246741e-01,-1.203883315166531798e-01
7.894558832626438205e-01,8.235191162632182760e-01,3.406323300057445547e-02,1.021896990017233664e-01,-2.211781621948127885e-01,-1.189884631930894221e-01
7.901812449569739494e-01,8.235191162632182760e-01,3.333787130624432660e-02,1.000136139187329798e-01,-2.176085082990386610e-01,-1.175948943803056812e-01
7.908948471618659770e-01,8.235191162632182760e-01,3.262426910135229896e-02,9.787280730405689688e-02,-2.140806614676082908e-01,-1.162078541635513940e-01
7.915968285813416161e-01,8.235191162632182760e-01,3.192228768187665988e-02,9.576686304562997964e-02,-2.105944258426917237e-01,-1.148275627970617441e-01
7.922873272445376536e-01,8.235191162632182760e-01,3.123178901868062241e-02,9.369536705604186722e-02,-2.071495989588112430e-01,-1.134542319027693758e-01
7.929664804845433235e-01,8.235191162632182760e-01,3.055263577867495250e-02,9.165790733602485751e-02,-2.037459720017009701e-01,-1.120880646656761126e-01
7.936344249180824484e-01,8.235191162632182760e-01,2.988469134513582759e-02,8.965407403540748277e-02,-2.003833300617374746e-01,-1.107292560263299919e-01
7.942912964260189224e-01,8.235191162632182760e-01,2.922781983719935361e-02,8.768345951159806084e-02,-1.970614523809421925e-01,-1.093779928693441317e-01
7.949372301346684377e-01,8.235191162632182760e-01,2.858188612854983823e-02,8.574565838564951470e-02,-1.937801125948546144e-01,-1.080344542092050997e-01
7.955723603978971381e-01,8.235191162632182760e-01,2.794675586532113787e-02,8.384026759596341360e-02,-1.905390789686101094e-01,-1.066988113726466958e-01
7.961968207799885455e-01,8.235191162632182760e-01,2.732229548322973045e-02,8.196688644968919135e-02,-1.873381146274222253e-01,-1.053712281777330340e-01
7.968107440392621088e-01,8.235191162632182760e-01,2.670837222395616717e-02,8.012511667186850151e-02,-1.841769777820689846e-01,-1.040518611102004831e-01
7.974142621124247210e-01,8.235191162632182760e-01,2.610485415079355498e-02,7.831456245238066494e-02,-1.810554219487836569e-01,-1.027408594964029920e-01
7.980075060996376646e-01,8.235191162632182760e-01,2.551161016358061140e-02,7.653483049074183420e-02,-1.779731961638830740e-01,-1.014383656731412398e-01
7.985906062502833302e-01,8.235191162632182760e-01,2.492851001293494573e-02,7.478553003880483718e-02,-1.749300451936997014e-01,-1.001445151548948642e-01
7.991636919494135016e-01,8.235191162632182760e-01,2.435542431380477435e-02,7.306627294141432305e-02,-1.719257097390514133e-01,-9.885943679763709024e-02
7.997268917048638848e-01,8.235191162632182760e-01,2.379222455835439121e-02,7.137667367506317362e-02,-1.689599266351149431e-01,-9.758325296005176952e-02
8.002803331350182292e-01,8.235191162632182760e-01,2.323878312820004677e-02,6.971634938460014030e-02,-1.660324290463033314e-01,-9.631607966170319113e-02
8.008241429572063863e-01,8.235191162632182760e-01,2.269497330601188967e-02,6.808491991803566901e-02,-1.631429466564471298e-01,-9.505802673841146078e-02
8.013584469767207619e-01,8.235191162632182760e-01,2.216066928649751411e-02,6.648200785949254232e-02,-1.602912058543126683e-01,-9.380919799482012600e-02
8.018833700764356198e-01,8.235191162632182760e-01,2.163574618678265615e-02,6.490723856034796846e-02,-1.574769299144573864e-01,-9.256969135410941796e-02
8.023990362070151372e-01,8.235191162632182760e-01,2.112008005620313877e-02,6.336024016860941632e-02,-1.546998391738552137e-01,-9.133959900524579734e-02
8.029055683776941121e-01,8.235191162632182760e-01,2.061354788552416384e-02,6.184064365657249152e-02,-1.519596512036924807e-01,-9.011900754711998918e-02
8.034030886476183353e-01,8.235191162632182760e-01,2.011602761559994068e-02,6.034808284679982204e-02,-1.492560809772669472e-01,-8.890799813046712519e-02
8.038917181177295257e-01,8.235191162632182760e-01,1.962739814548875028e-02,5.888219443646625084e-02,-1.465888410333571201e-01,-8.770664659689086928e-02
8.043715769231810642e-01,8.235191162632182760e-01,1.914753934003721181e-02,5.744261802011163542e-02,-1.439576416354615418e-01,-8.651502361534990637e-02
8.048427842262709797e-01,8.235191162632182760e-01,1.867633203694729627e-02,5.602899611084188880e-02,-1.413621909269746624e-01,-8.533319481613277357e-02
8.053054582098793102e-01,8.235191162632182760e-01,1.821365805333896581e-02,5.464097416001689744e-02,-1.388021950824991357e-01,-8.416122092248223829e-02
8.057597160713954043e-01,8.235191162632182760e-01,1.775940019182287166e-02,5.327820057546861499e-02,-1.362773584548282457e-01,-8.299915787935963074e-02
8.062056740171236191e-01,8.235191162632182760e-01,1.731344224609465687e-02,5.194032673828397062e-02,-1.337873837184644366e-01,-8.184705698018046593e-02
8.066434472571537562e-01,8.235191162632182760e-01,1.687566900606451981e-02,5.062700701819355942e-02,-1.313319720090411202e-01,-8.070496499084756081e-02
8.070731500006848025e-01,8.235191162632182760e-01,1.644596626253347349e-02,4.933789878760042047e-02,-1.289108230593138948e-01,-7.957292427171347438e-02
8.074948954517886524e-01,8.235191162632182760e-01,1.602422081142962362e-02,4.807266243428887087e-02,-1.265236353311549600e-01,-7.845097289686608910e-02
8.079087958056028196e-01,8.235191162632182760e-01,1.561032045761545639e-02,4.683096137284636917e-02,-1.241701061442501697e-01,-7.733914477140380050e-02
8.083149622449399274e-01,8.235191162632182760e-01,1.520415401827834856e-02,4.561246205483504568e-02,-1.218499318011323496e-01,-7.623746974629730389e-02
8.087135049373023188e-01,8.235191162632182760e-01,1.480561132591595719e-02,4.441683397774787156e-02,-1.195628077087174113e-01,-7.514597373096953969e-02
8.091045330322916840e-01,8.235191162632182760e-01,1.441458323092659199e-02,4.324374969277977598e-02,-1.173084284968095581e-01,-7.406467880402978210e-02
8.094881546594006050e-01,8.235191162632182760e-01,1.403096160381767099e-02,4.209288481145301297e-02,-1.150864881326763012e-01,-7.299360332122328821e-02
8.098644769261774679e-01,8.235191162632182760e-01,1.365463933704080812e-02,4.096391801112242437e-02,-1.128966800330588605e-01,-7.193276202193643609e-02
8.102336059167520865e-01,8.235191162632182760e-01,1.328551034646618945e-02,3.985653103939856834e-02,-1.107386971723856028e-01,-7.088216613298703450e-02
8.105956466907133784e-01,8.235191162632182760e-01,1.292346957250489758e-02,3.877040871751469275e-02,-1.086122321883875586e-01,-6.984182347087286580e-02
8.109507032823276562e-01,8.235191162632182760e-01,1.256841298089061976e-02,3.770523894267185927e-02,-1.065169774842833483e-01,-6.881173854161148906e-02
8.112988787000877666e-01,8.235191162632182760e-01,1.222023756313050935e-02,3.666071268939152805e-02,-1.044526253280331218e-01,-6.779191263864159378e-02
8.116402749265839711e-01,8.235191162632182760e-01,1.187884133663430486e-02,3.563652400990291458e-02,-1.024188679488613474e-01,-6.678234393895843279e-02
8.119749929186862447e-01,8.235191162632182760e-01,1.154412334453203126e-02,3.463237003359609378e-02,-1.004153976306820795e-01,-6.578302759708598568e-02
8.123031326080288883e-01,8.235191162632182760e-01,1.121598365518938767e-02,3.364795096556816301e-02,-9.844190680279307770e-02,-6.479395583722491470e-02
8.126247929017877958e-01,8.235191162632182760e-01,1.089432336143048019e-02,3.268297008429144057e-02,-9.649808812767224353e-02,-6.381511804338080296e-02
8.129400716837423824e-01,8.235191162632182760e-01,1.057904457947589361e-02,3.173713373842768082e-02,-9.458363458637597532e-02,-6.284650084794829450e-02
8.132490658156121821e-01,8.235191162632182760e-01,1.027005044760609387e-02,3.081015134281828161e-02,-9.269823956093992123e-02,-6.188808821812163963e-02
8.135518711386601209e-01,8.235191162632182760e-01,9.967245124558155034e-03,2.990173537367446510e-02,-9.084159691438165041e-02,-6.093986154070718531e-02
8.138485824755540277e-01,8.235191162632182760e-01,9.670533787664248315e-03,2.901160136299274495e-02,-8.901340106817201558e-02,-6.000179970517927064e-02
8.141392936324773899e-01,8.235191162632182760e-01,9.379822630740886069e-03,2.813946789222265821e-02,-8.721334707700867384e-02,-5.907387918478601563e-02
8.144240974014822498e-01,8.235191162632182760e-01,9.095018861736026139e-03,2.728505658520807842e-02,-8.544113070145797906e-02,-5.815607411624990064e-02
8.147030855630754687e-01,8.235191162632182760e-01,8.816030700142807319e-03,2.644809210042842196e-02,-8.369644847796564591e-02,-5.724835637753722395e-02
8.149763488890309215e-01,8.235191162632182760e-01,8.542767374187354434e-03,2.562830212256206330e-02,-8.197899778663586545e-02,-5.635069566407380215e-02
8.152439771454199624e-01,8.235191162632182760e-01,8.275139117798313571e-03,2.482541735339494071e-02,-8.028847691671225917e-02,-5.546305956331731846e-02
8.155060590958527200e-01,8.235191162632182760e-01,8.013057167365555955e-03,2.403917150209666787e-02,-7.862458512982728465e-02,-5.458541362773061678e-02
8.157626825049226760e-01,8.235191162632182760e-01,7.756433758295600001e-03,2.326930127488680000e-02,-7.698702272098678634e-02,-5.371772144609998634e-02
8.160139341418480852e-01,8.235191162632182760e-01,7.505182121370190806e-03,2.251554636411057242e-02,-7.537549107762275824e-02,-5.285994471351218582e-02
8.162598997843021342e-01,8.235191162632182760e-01,7.259216478916141746e-03,2.177764943674842524e-02,-7.378969273621471814e-02,-5.201204329946629290e-02
8.165006642224261757e-01,8.235191162632182760e-01,7.018452040792100277e-03,2.105535612237630083e-02,-7.222933143721244065e-02,-5.117397531483613982e-02
8.167363112630187105e-01,8.235191162632182760e-01,6.782805000199565448e-03,2.034841500059869634e-02,-7.069411217776044865e-02,-5.034569717716175230e-02
8.169669237338935686e-01,8.235191162632182760e-01,6.552192529324707415e-03,1.965657758797412225e-02,-6.918374126245740996e-02,-4.952716367448328771e-02
8.171925834884009587e-01,8.235191162632182760e-01,6.326532774817317240e-03,1.897959832445195172e-02,-6.769792635221705268e-02,-4.871832802776510096e-02
8.174133714101056158e-01,8.235191162632182760e-01,6.105744853112660131e-03,1.831723455933798039e-02,-6.623637651139713256e-02,-4.791914195205915217e-02
8.176293674176150494e-01,8.235191162632182760e-01,5.889748845603226535e-03,1.766924653680967960e-02,-6.479880225283007888e-02,-4.712955571602039928e-02
8.178406504695528989e-01,8.235191162632182760e-01,5.678465793665377070e-03,1.703539738099613121e-02,-6.338491558135483928e-02,-4.634951820035870806e-02
8.180472985696707333e-01,8.235191162632182760e-01,5.471817693547542660e-03,1.641545308064262798e-02,-6.199443003535032304e-02,-4.557897695470769506e-02
8.182493887720930781e-01,8.235191162632182760e-01,5.269727491125197893e-03,1.580918247337559368e-02,-6.062706072670343005e-02,-4.481787825332783637e-02
8.184469971866901172e-01,8.235191162632182760e-01,5.072119076528158743e-03,1.521635722958447623e-02,-5.928252437911174511e-02,-4.406616714952726888e-02
8.186401989845721872e-01,8.235191162632182760e-01,4.878917278646088818e-03,1.463675183593826645e-02,-5.796053936462097766e-02,-4.332378752868271121e-02
8.188290684037013989e-01,8.235191162632182760e-01,4.690047859516877082e-03,1.407014357855063125e-02,-5.666082573876352058e-02,-4.259068216021288933e-02
8.190136787546145047e-01,8.235191162632182760e-01,4.505437508603771235e-03,1.351631252581131371e-02,-5.538310527393175420e-02,-4.186679274812044049e-02
8.191941024262529014e-01,8.235191162632182760e-01,4.325013836965374558e-03,1.297504151089612368e-02,-5.412710149151900296e-02,-4.115205998062287929e-02
8.193704108918932194e-01,8.235191162632182760e-01,4.148705371325056568e-03,1.244611611397516970e-02,-5.289253969209539719e-02,-4.044642357812022748e-02
8.195426747151757230e-01,8.235191162632182760e-01,3.976441548042553009e-03,1.192932464412765903e-02,-5.167914698475106761e-02,-3.974982234062340858e-02
8.197109635562240815e-01,8.235191162632182760e-01,3.808152706994194503e-03,1.142445812098258351e-02,-5.048665231450755186e-02,-3.906219419352496836e-02
8.198753461778531815e-01,8.235191162632182760e-01,3.643770085365094502e-03,1.093131025609528351e-02,-4.931478648873000026e-02,-3.838347623263471675e-02
8.200358904518589842e-01,8.235191162632182760e-01,3.483225811359291768e-03,1.044967743407787530e-02,-4.816328220174082020e-02,-3.771360476766294489e-02
8.201926633653879861e-01,8.235191162632182760e-01,3.326452897830289857e-03,9.979358693490869570e-03,-4.703187405870057347e-02,-3.705251536520970390e-02
8.203457310273805092e-01,8.235191162632182760e-01,3.173385235837766771e-03,9.520155707513300314e-03,-4.592029859775692557e-02,-3.640014289024362526e-02
8.204951586750840464e-01,8.235191162632182760e-01,3.023957588134229546e-03,9.071872764402688638e-03,-4.482829431106116758e-02,-3.575642154665847894e-02
8.206410106806328875e-01,8.235191162632182760e-01,2.878105582585388511e-03,8.634316747756165533e-03,-4.375560166465231049e-02,-3.512128491689614496e-02
8.207833505576900279e-01,8.235191162632182760e-01,2.735765705528248048e-03,8.207297116584744145e-03,-4.270196311714213877e-02,-3.449466600055739463e-02
8.209222409681471433e-01,8.235191162632182760e-01,2.596875295071132683e-03,7.790625885213398050e-03,-4.166712313713460958e-02,-3.387649725192121153e-02
8.210577437288790748e-01,8.235191162632182760e-01,2.461372534339201223e-03,7.384117603017603670e-03,-4.065082821957943793e-02,-3.326671061656183426e-02
8.211899198185492743e-01,8.235191162632182760e-01,2.329196444669001664e-03,6.987589334007004993e-03,-3.965282690105986774e-02,-3.266523756705286274e-02
8.213188293844627674e-01,8.235191162632182760e-01,2.200286878755508546e-03,6.600860636266525638e-03,-3.867286977404793546e-02,-3.207200913778140983e-02
8.214445317494625254e-01,8.235191162632182760e-01,2.074584513755750592e-03,6.223753541267251777e-03,-3.771070949992738619e-02,-3.148695595866013441e-02
8.215670854188663608e-01,8.235191162632182760e-01,1.952030844351915206e-03,5.856092533055745619e-03,-3.676610082115061573e-02,-3.091000828809487011e-02
8.216865480874414596e-01,8.235191162632182760e-01,1.832568175776816410e-03,5.497704527330449231e-03,-3.583880057252963880e-02,-3.034109604519918957e-02
8.218029766464119978e-01,8.235191162632182760e-01,1.716139616806278134e-03,5.148418850418834403e-03,-3.492856769116148286e-02,-2.978014884074264845e-02
8.219164271904985108e-01,8.235191162632182760e-01,1.602689072719765129e-03,4.808067218159295386e-03,-3.403516322595390164e-02,-2.922709600779460626e-02
8.220269550249842405e-01,8.235191162632182760e-01,1.492161238234035459e-03,4.476483714702106376e-03,-3.315835034571890105e-02,-2.868186663101679468e-02
8.221346146728067961e-01,8.235191162632182760e-01,1.384501590411479910e-03,4.153504771234439730e-03,-3.229789434676666460e-02,-2.814438957553222487e-02
8.222394598816717970e-01,8.235191162632182760e-01,1.279656381546478983e-03,3.838969144639436948e-03,-3.145356265950027819e-02,-2.761459351486084124e-02
8.223415436311853899e-01,8.235191162632182760e-01,1.177572632032886091e-03,3.532717896098658272e-03,-3.062512485407786755e-02,-2.709240695797920928e-02
8.224409181400031965e-01,8.235191162632182760e-01,1.078198123215079463e-03,3.234594369645238388e-03,-2.981235264534198848e-02,-2.657775827569675009e-02
8.225376348729933618e-01,8.235191162632182760e-01,9.814813902249142075e-04,2.944444170674742622e-03,-2.901501989704957651e-02,-2.607057572637483389e-02
8.226317445484109259e-01,8.235191162632182760e-01,8.873717148073501093e-04,2.662115144422050328e-03,-2.823290262526922945e-02,-2.557078748084717912e-02
8.227232971450804122e-01,8.235191162632182760e-01,7.958191181378637680e-04,2.387457354413591304e-03,-2.746577900084590240e-02,-2.507832164643231110e-02
8.228123419095851876e-01,8.235191162632182760e-01,7.067743536330883813e-04,2.120323060899265144e-03,-2.671342935143261599e-02,-2.459310629053335084e-02
8.228989273634609303e-01,8.235191162632182760e-01,6.201888997573457019e-04,1.860566699272037106e-03,-2.597563616272280385e-02,-2.411506946345076674e-02
8.229831013103903192e-01,8.235191162632182760e-01,5.360149528279567477e-04,1.608044858483870243e-03,-2.525218407881668625e-02,-2.364413922033281601e-02
8.230649108433977235e-01,8.235191162632182760e-01,4.542054198205525140e-04,1.362616259461657542e-03,-2.454285990222127012e-02,-2.318024364275961258e-02
8.231444023520407827e-01,8.235191162632182760e-01,3.747139111774933085e-04,1.124141733532479925e-03,-2.384745259291776165e-02,-2.272331085938528172e-02
8.232216215295979911e-01,8.235191162632182760e-01,2.974947336202848902e-04,8.924842008608546706e-04,-2.316575326716252547e-02,-2.227326906630167080e-02
8.232966133802485098e-01,8.235191162632182760e-01,2.225028829697661692e-04,6.675086489092985076e-04,-2.249755519515561630e-02,-2.183004654624631780e-02
8.233694222262444296e-01,8.235191162632182760e-01,1.496940369738464227e-04,4.490821109215392681e-04,-2.184265379877592395e-02,-2.139357168785438468e-02
8.234400917150715982e-01,8.235191162632182760e-01,7.902454814667780880e-05,2.370736444400334264e-04,-2.120084664815058417e-02,-2.096377300371055075e-02
8.235086648265983467e-01,8.235191162632182760e-01,1.045143661992931072e-05,3.135430985978793217e-05,-2.057193345802454942e-02,-2.054057914816476149e-02
8.235751838802103375e-01,8.235191162632182760e-01,-5.606761699206153082e-05,-1.682028509761845925e-04,-1.995571608359725246e-02,-2.012391893457343706e-02
8.236396905419288705e-01,8.235191162632182760e-01,-1.205742787105945624e-04,-3.617228361317836871e-04,-1.935199851555990946e-02,-1.971372135169169315e-02
8.237022258315122025e-01,8.235191162632182760e-01,-1.831095682939265501e-04,-5.493287048817796503e-04,-1.876058687499959632e-02,-1.930991557988137597e-02
8.237628301295375488e-01,8.235191162632182760e-01,-2.437138663192728316e-04,-7.311415989578184949e-04,-1.818128940760388446e-02,-1.891243100656170295e-02
8.238215431844622127e-01,8.235191162632182760e-01,-3.024269212439367749e-04,-9.072807637318103247e-04,-1.761391647739918298e-02,-1.852119724113099331e-02
8.238784041196627328e-01,8.235191162632182760e-01,-3.592878564444568212e-04,-1.077863569333370464e-03,-1.705828056015601391e-02,-1.813614412948938437e-02
8.239334514404503818e-01,8.235191162632182760e-01,-4.143351772321057780e-04,-1.243005531696317334e-03,-1.651419623629468703e-02,-1.775720176799100436e-02
8.239867230410612420e-01,8.235191162632182760e-01,-4.676067778429660038e-04,-1.402820333528898011e-03,-1.598148018325806774e-02,-1.738430051678696575e-02
8.240382562116204124e-01,8.235191162632182760e-01,-5.191399484021363975e-04,-1.557419845206409192e-03,-1.545995116775111811e-02,-1.701737101295752730e-02
8.240880876450782377e-01,8.235191162632182760e-01,-5.689713818599617667e-04,-1.706914145579885300e-03,-1.494943003734761078e-02,-1.665634418292749608e-02
8.241362534441177834e-01,8.235191162632182760e-01,-6.171371808995074204e-04,-1.851411542698522261e-03,-1.444973971186369610e-02,-1.630115125456221836e-02
8.241827891280318896e-01,8.235191162632182760e-01,-6.636728648136136499e-04,-1.991018594440840950e-03,-1.396070517423186885e-02,-1.595172376867270980e-02
8.242277296395691399e-01,8.235191162632182760e-01,-7.086133763508639660e-04,-2.125840129052591898e-03,-1.348215346117509483e-02,-1.560799359022768673e-02
8.242711093517472998e-01,8.235191162632182760e-01,-7.519930885290238010e-04,-2.255979265587071403e-03,-1.301391365344795048e-02,-1.526989291903502188e-02
8.243129620746335595e-01,8.235191162632182760e-01,-7.938458114152835421e-04,-2.381537434245850626e-03,-1.255581686587792234e-02,-1.493735430012377297e-02
8.243533210620898055e-01,8.235191162632182760e-01,-8.342047988715295403e-04,-2.502614396614588621e-03,-1.210769623687379948e-02,-1.461031063348838810e-02
8.243922190184826970e-01,8.235191162632182760e-01,-8.731027552644210488e-04,-2.619308265793263146e-03,-1.166938691786745252e-02,-1.428869518366071567e-02
8.244296881053572168e-01,8.235191162632182760e-01,-9.105718421389408235e-04,-2.731715526416822470e-03,-1.124072606235593241e-02,-1.397244158877275488e-02
8.244657599480729182e-01,8.235191162632182760e-01,-9.466436848546422311e-04,-2.839931054563926693e-03,-1.082155281471042230e-02,-1.366148386927434899e-02
8.245004656424016476e-01,8.235191162632182760e-01,-9.813493791833716173e-04,-2.944048137550114852e-03,-1.041170829861881586e-02,-1.335575643616893071e-02
8.245338357610867419e-01,8.235191162632182760e-01,-1.014719497868465936e-03,-3.044158493605397808e-03,-1.001103560552829563e-02,-1.305519409913369344e-02
8.245659003603619253e-01,8.235191162632182760e-01,-1.046784097143649284e-03,-3.140352291430947851e-03,-9.619379782555004255e-03,-1.275973207398595211e-02
8.245966889864297933e-01,8.235191162632182760e-01,-1.077572723211517314e-03,-3.232718169634551941e-03,-9.236587820360409040e-03,-1.246930598999496098e-02
8.246262306818986643e-01,8.235191162632182760e-01,-1.107114418680388290e-03,-3.321343256041164871e-03,-8.862508640661292958e-03,-1.218385189670245783e-02
8.246545539921777968e-01,8.235191162632182760e-01,-1.135437728959520776e-03,-3.406313186878562327e-03,-8.496993083739745600e-03,-1.190330627061830793e-02
8.246816869718298637e-01,8.235191162632182760e-01,-1.162570708611587733e-03,-3.487712125834763199e-03,-8.139893895620087250e-03,-1.162760602145485045e-02
8.247076571908797948e-01,8.235191162632182760e-01,-1.188540927661518865e-03,-3.565622782984556594e-03,-7.791065714979339418e-03,-1.135668849796389601e-02
8.247324917410799872e-01,8.235191162632182760e-01,-1.213375477861711182e-03,-3.640126433585133547e-03,-7.450365060057695388e-03,-1.109049149364282894e-02
8.247562172421307736e-01,8.235191162632182760e-01,-1.237100978912497595e-03,-3.711302936737492786e-03,-7.117650315235923841e-03,-1.082895325197341663e-02
8.247788598478563715e-01,8.235191162632182760e-01,-1.259743584638095548e-03,-3.779230753914286645e-03,-6.792781717679385878e-03,-1.057201247159367252e-02
8.248004452523347574e-01,8.235191162632182760e-01,-1.281328989116481409e-03,-3.843986967349444228e-03,-6.475621343515758355e-03,-1.031960831086520258e-02
8.248209986959821327e-01,8.235191162632182760e-01,-1.301882432763856734e-03,-3.905647298291570202e-03,-6.166033094212597376e-03,-1.007168039250416758e-02
8.248405449715902060e-01,8.235191162632182760e-01,-1.321428708371930050e-03,-3.964286125115790149e-03,-5.863882682421994730e-03,-9.828168807537784879e-03
8.248591084303175114e-01,8.235191162632182760e-01,-1.339992167099235409e-03,-4.019976501297706228e-03,-5.569037618191607919e-03,-9.589014119489314147e-03
8.248767129876328763e-01,8.235191162632182760e-01,-1.357596724414600331e-03,-4.072790173243800993e-03,-5.281367194609476456e-03,-9.354157367853277449e-03
8.248933821292114832e-01,8.235191162632182760e-01,-1.374265865993207214e-03,-4.122797597979621642e-03,-5.000742473582064918e-03,-9.123540071561686560e-03
8.249091389167829691e-01,8.235191162632182760e-01,-1.390022653564693123e-03,-4.170067960694079368e-03,-4.727036271445772542e-03,-8.897104232139851909e-03
8.249240059939312308e-01,8.235191162632182760e-01,-1.404889730712954865e-03,-4.214669192138864595e-03,-4.460123144478522761e-03,-8.674792336617387356e-03
8.249380055918458243e-01,8.235191162632182760e-01,-1.418889328627548352e-03,-4.256667985882645056e-03,-4.199879374378046037e-03,-8.456547360260691093e-03
8.249511595350244031e-01,8.235191162632182760e-01,-1.432043271806127116e-03,-4.296129815418381348e-03,-3.946182953573629248e-03,-8.242312768992010596e-03
8.249634892469260850e-01,8.235191162632182760e-01,-1.444372983707808977e-03,-4.333118951123426932e-03,-3.698913570504558379e-03,-8.032032521627985311e-03
8.249750157555755248e-01,8.235191162632182760e-01,-1.455899492357248803e-03,-4.367698477071746410e-03,-3.457952594831947835e-03,-7.825651071903694245e-03
8.249857596991178044e-01,8.235191162632182760e-01,-1.466643435899528392e-03,-4.399930307698585175e-03,-3.223183062683876443e-03,-7.623113370382461618e-03
8.249957413313230292e-01,8.235191162632182760e-01,-1.476625068104753247e-03,-4.429875204314259740e-03,-2.994489661567456551e-03,-7.424364865881716291e-03
8.250049805270417425e-01,8.235191162632182760e-01,-1.485864263823466480e-03,-4.457592791470399440e-03,-2.771758715613970026e-03,-7.229351507084369466e-03
8.250134967876097125e-01,8.235191162632182760e-01,-1.494380524391436538e-03,-4.483141573174309613e-03,-2.554878170391017278e-03,-7.038019743565326891e-03
8.250213092462033160e-01,8.235191162632182760e-01,-1.502192982985040004e-03,-4.506578948955120012e-03,-2.343737578081039885e-03,-6.850316527036159897e-03
8.250284366731441832e-01,8.235191162632182760e-01,-1.509320409925907214e-03,-4.527961229777721641e-03,-2.138228082260162921e-03,-6.666189312037884562e-03
8.250348974811538838e-01,8.235191162632182760e-01,-1.515781217935607827e-03,-4.547343653806823482e-03,-1.938242402910184126e-03,-6.485586056717007608e-03
8.250407097305578752e-01,8.235191162632182760e-01,-1.521593467339599215e-03,-4.564780402018797645e-03,-1.743674821197416236e-03,-6.308455223216213881e-03
8.250458911344396018e-01,8.235191162632182760e-01,-1.526774871221325824e-03,-4.580324613663977473e-03,-1.554421164517982845e-03,-6.134745778181960318e-03
8.250504590637435243e-01,8.235191162632182760e-01,-1.531342800525248293e-03,-4.594028401575744880e-03,-1.370378791176740663e-03,-5.964407192752485543e-03
8.250544305523281885e-01,8.235191162632182760e-01,-1.535314289109912522e-03,-4.605942867329737567e-03,-1.191446575399268681e-03,-5.797389442729006248e-03
8.250578223019685575e-01,8.235191162632182760e-01,-1.538706038750281557e-03,-4.616118116250844672e-03,-1.017524892110710510e-03,-5.633643008361555182e-03
8.250606506873080503e-01,8.235191162632182760e-01,-1.541534424089774369e-03,-4.624603272269323107e-03,-8.485156018478434703e-04,-5.473118874117166577e-03
8.250629317607601765e-01,8.235191162632182760e-01,-1.543815497541900505e-03,-4.631446492625701516e-03,-6.843220356378409974e-04,-5.315768528263542514e-03
8.250646812573594335e-01,8.235191162632182760e-01,-1.545564994141157555e-03,-4.636694982423472666e-03,-5.248489797771149767e-04,-5.161543962200587643e-03
8.250659145995624666e-01,8.235191162632182760e-01,-1.546798336344190616e-03,-4.640395009032571849e-03,-3.700026609099182906e-04,-5.010397669942490140e-03
8.250666469019984905e-01,8.235191162632182760e-01,-1.547530638780214574e-03,-4.642591916340643721e-03,-2.196907308071871512e-04,-4.862282647147830872e-03
8.250668929761698633e-01,8.235191162632182760e-01,-1.547776712951587363e-03,-4.643330138854762090e-03,-7.382225141183695882e-05,-4.717152390266599049e-03
8.250666673351021441e-01,8.235191162632182760e-01,-1.547551071883868090e-03,-4.642653215651604270e-03,6.769232031578198416e-05,-4.574960895335822286e-03
8.250659841979449682e-01,8.235191162632182760e-01,-1.546867934726692262e-03,-4.640603804180076786e-03,2.049411471527484707e-04,-4.435662657027328315e-03
8.250648574945220748e-01,8.235191162632182760e-01,-1.545741231303798813e-03,-4.637223693911396438e-03,3.380110268680347474e-04,-4.299212667043361691e-03
8.250633008698324833e-01,8.235191162632182760e-01,-1.544184606614207311e-03,-4.632553819842621934e-03,4.669874068774504394e-04,-4.165566412965171494e-03
8.250613276885016001e-01,8.235191162632182760e-01,-1.542211425283324111e-03,-4.626634275849972333e-03,5.919543992649600739e-04,-4.034679876585012259e-03
8.250589510391830306e-01,8.235191162632182760e-01,-1.539834775964754598e-03,-4.619504327894263795e-03,7.129947955708537677e-04,-3.906509532323410028e-03
8.250561837389112085e-01,8.235191162632182760e-01,-1.537067475692932561e-03,-4.611202427078797683e-03,8.301900815466112249e-04,-3.781012345532186458e-03
8.250530383374048427e-01,8.235191162632182760e-01,-1.533922074186566675e-03,-4.601766222559700026e-03,9.436204519097657339e-04,-3.658145770649934292e-03
8.250495271213214021e-01,8.235191162632182760e-01,-1.530410858103126159e-03,-4.591232574309378478e-03,1.053364825032154783e-03,-3.537867749277223695e-03
8.250456621184630857e-01,8.235191162632182760e-01,-1.526545855244809680e-03,-4.579637565734429039e-03,1.159500857494943915e-03,-3.420136708239485124e-03
8.250414551019339404e-01,8.235191162632182760e-01,-1.522338838715664444e-03,-4.567016516146993332e-03,1.262104958743570648e-03,-3.304911557403422684e-03
8.250369175942490196e-01,8.235191162632182760e-01,-1.517801331030743661e-03,-4.553403993092230984e-03,1.361252305476234881e-03,-3.192151687615996103e-03
8.250320608713953563e-01,8.235191162632182760e-01,-1.512944608177080319e-03,-4.538833824531240957e-03,1.457016856099002666e-03,-3.081816968432238291e-03
8.250268959668448643e-01,8.235191162632182760e-01,-1.507779703626588308e-03,-4.523339110879764924e-03,1.549471365147603308e-03,-2.973867745732161616e-03
8.250214336755197220e-01,8.235191162632182760e-01,-1.502317412301445998e-03,-4.506952236904337994e-03,1.638687397542692992e-03,-2.868264839361645002e-03
8.250156845577106823e-01,8.235191162632182760e-01,-1.496568294492406359e-03,-4.489704883477219077e-03,1.724735342711891661e-03,-2.764969540765327416e-03
8.250096589429475324e-01,8.235191162632182760e-01,-1.490542679729256470e-03,-4.471628039187769410e-03,1.807684428944966726e-03,-2.663943610242802684e-03
8.250033669338233677e-01,8.235191162632182760e-01,-1.484250670605091749e-03,-4.452752011815275246e-03,1.887602737249416407e-03,-2.565149274565858839e-03
8.249968184097717927e-01,8.235191162632182760e-01,-1.477702146553516727e-03,-4.433106439660550180e-03,1.964557215472506613e-03,-2.468549224188043567e-03
8.249900230307978255e-01,8.235191162632182760e-01,-1.470906767579549523e-03,-4.412720302738648570e-03,2.038613692190160975e-03,-2.374106610548487595e-03
8.249829902411627280e-01,8.235191162632182760e-01,-1.463873977944452065e-03,-4.391621933833356195e-03,2.109836890529237508e-03,-2.281785043304118688e-03
8.249757292730233171e-01,8.235191162632182760e-01,-1.456613009805041159e-03,-4.369839029415123477e-03,2.178290441823271806e-03,-2.191548587591851671e-03
8.249682491500252013e-01,8.235191162632182760e-01,-1.449132886806925313e-03,-4.347398660420775940e-03,2.244036899434753707e-03,-2.103361760986022233e-03
8.249605586908509425e-01,8.235191162632182760e-01,-1.441442427632666501e-03,-4.324327282897999503e-03,2.307137752277643727e-03,-2.017189530620355775e-03
8.249526665127235869e-01,8.235191162632182760e-01,-1.433550249505310958e-03,-4.300650748515932875e-03,2.367653438206662742e-03,-1.932997310309270134e-03
8.249445810348652319e-01,8.235191162632182760e-01,-1.425464771646955953e-03,-4.276394314940867858e-03,2.425643357506501729e-03,-1.850750957434366128e-03
8.249363104819111836e-01,8.235191162632182760e-01,-1.417194218692907626e-03,-4.251582656078722877e-03,2.481165886214498073e-03,-1.770416769864224804e-03
8.249278628872801500e-01,8.235191162632182760e-01,-1.408746624061874009e-03,-4.226239872185622026e-03,2.534278389310085089e-03,-1.691961482875536937e-03
8.249192460965008022e-01,8.235191162632182760e-01,-1.400129833282526270e-03,-4.200389499847578811e-03,2.585037233804321488e-03,-1.615352266043257323e-03
8.249104677704948152e-01,8.235191162632182760e-01,-1.391351507276539223e-03,-4.174054521829617670e-03,2.633497801796114146e-03,-1.540556720033503524e-03
8.249015353888168312e-01,8.235191162632182760e-01,-1.382419125598555176e-03,-4.147257376795665529e-03,2.679714503395214109e-03,-1.467542873400451420e-03
8.248924562528515692e-01,3.422532475050118483e-01,-4.826392087478397208e-01,-1.447917626243519162e+00,0.000000000000000000e+00,-1.447917626243519162e+00
8.247385853542619216e-01,3.422532475050118483e-01,-4.824853378492500733e-01,-1.447456013547750331e+00,4.616126957689425936e-02,-1.401294743970856072e+00
8.244445849812751526e-01,3.422532475050118483e-01,-4.821913374762633042e-01,-1.446574012428790024e+00,8.820011189603071955e-02,-1.358373900532759304e+00
8.240147472182350885e-01,3.422532475050118483e-01,-4.817614997132232402e-01,-1.445284499139669609e+00,1.289513289120192141e-01,-1.316333170227650395e+00
8.234532761381723187e-01,3.422532475050118483e-01,-4.812000286331604704e-01,-1.443600085899481300e+00,1.684413240188309402e-01,-1.275158761880650360e+00
8.227642891819214599e-01,3.422532475050118483e-01,-4.805110416769096116e-01,-1.441533125030728835e+00,2.066960868752576452e-01,-1.234837038155471189e+00
8.219518185218550599e-01,3.422532475050118483e-01,-4.796985710168432115e-01,-1.439095713050529746e+00,2.437411980199200023e-01,-1.195354515030609743e+00
8.210198124102855433e-01,3.422532475050118483e-01,-4.787665649052736949e-01,-1.436299694715821085e+00,2.796018334708549880e-01,-1.156697861244966097e+00
8.199721365125915984e-01,3.422532475050118483e-01,-4.777188890075797501e-01,-1.433156667022739139e+00,3.143027693081834606e-01,-1.118853897714555679e+00
8.188125752251261824e-01,3.422532475050118483e-01,-4.765593277201143341e-01,-1.429677983160343002e+00,3.478683862396247939e-01,-1.081809596920718208e+00
8.175448329779686496e-01,3.422532475050118483e-01,-4.752915854729568013e-01,-1.425874756418870515e+00,3.803226741472598427e-01,-1.045552082271610672e+00
8.161725355225839529e-01,3.422532475050118483e-01,-4.739192880175721045e-01,-1.421757864052716425e+00,4.116892366154090155e-01,-1.010068627437307409e+00
8.146992312044555318e-01,3.422532475050118483e-01,-4.724459836994436834e-01,-1.417337951098331050e+00,4.419912954385263326e-01,-9.753466556598047177e-01
8.131283922207611647e-01,3.422532475050118483e-01,-4.708751447157493164e-01,-1.412625434147247949e+00,4.712516951083101091e-01,-9.413737390389378401e-01
8.114634158631629512e-01,3.422532475050118483e-01,-4.692101683581511029e-01,-1.407630505074453309e+00,4.994929072794640490e-01,-9.081375977949892597e-01
8.097076257457851423e-01,3.422532475050118483e-01,-4.674543782407732939e-01,-1.402363134722319771e+00,5.267370352133426969e-01,-8.756260995089770738e-01
8.078642730184565357e-01,3.422532475050118483e-01,-4.656110255134446874e-01,-1.396833076540334062e+00,5.530058181985819665e-01,-8.438272583417520956e-01
8.059365375652937091e-01,3.422532475050118483e-01,-4.636832900602818608e-01,-1.391049870180845582e+00,5.783206359488479720e-01,-8.127292342319976104e-01
8.039275291887076902e-01,3.422532475050118483e-01,-4.616742816836958418e-01,-1.385022845051087526e+00,6.027025129758056821e-01,-7.823203320752818435e-01
8.018402887789141120e-01,3.422532475050118483e-01,-4.595870412739022637e-01,-1.378761123821706791e+00,6.261721229380734499e-01,-7.525890008836333411e-01
7.996777894690322297e-01,3.422532475050118483e-01,-4.574245419640203814e-01,-1.372273625892061144e+00,6.487497929645646977e-01,-7.235238329274964464e-01
7.974429377758575077e-01,3.422532475050118483e-01,-4.551896902708456594e-01,-1.365569070812536978e+00,6.704555079524165961e-01,-6.951135628601203820e-01
7.951385747263968184e-01,3.422532475050118483e-01,-4.528853272213849701e-01,-1.358655981664155021e+00,6.913089148382067783e-01,-6.673470668259482430e-01
7.927674769702535151e-01,3.422532475050118483e-01,-4.505142294652416668e-01,-1.351542688395725111e+00,7.113293268429909944e-01,-6.402133615527341171e-01
7.903323578779549718e-01,3.422532475050118483e-01,-4.480791103729431235e-01,-1.344237331118829371e+00,7.305357276895629859e-01,-6.137016034292663846e-01
7.878358686253135179e-01,3.422532475050118483e-01,-4.455826211203016696e-01,-1.336747863360904898e+00,7.489467757924361813e-01,-5.878010875684687164e-01
7.852805992639152466e-01,3.422532475050118483e-01,-4.430273517589033982e-01,-1.329082055276710195e+00,7.665808084194813965e-01,-5.625012468572287982e-01
7.826690797778311781e-01,3.422532475050118483e-01,-4.404158322728193298e-01,-1.321247496818457989e+00,7.834558458252205426e-01,-5.377916509932374467e-01
7.800037811266478105e-01,3.422532475050118483e-01,-4.377505336216359622e-01,-1.313251600864907775e+00,7.995895953550102853e-01,-5.136620055098974902e-01
7.772871162749134255e-01,3.422532475050118483e-01,-4.350338687699015772e-01,-1.305101606309704732e+00,8.149994555203154967e-01,-4.901021507893892348e-01
7.745214412081001809e-01,3.422532475050118483e-01,-4.322681937030883326e-01,-1.296804581109264998e+00,8.297025200439733794e-01,-4.671020610652916183e-01
7.717090559351803547e-01,3.422532475050118483e-01,-4.294558084301685064e-01,-1.288367425290505519e+00,8.437155818759478620e-01,-4.446518434145576570e-01
7.688522054779191039e-01,3.422532475050118483e-01,-4.265989579729072556e-01,-1.279796873918721767e+00,8.570551371783752259e-01,-4.227417367403465409e-01
7.659530808469837693e-01,3.422532475050118483e-01,-4.236998333419719209e-01,-1.271099500025915763e+00,8.697373892806004037e-01,-4.013621107453153591e-01
7.630138200049739750e-01,3.422532475050118483e-01,-4.207605724999621266e-01,-1.262281717499886380e+00,8.817782526029382950e-01,-3.805034648969480848e-01
7.600365088164744432e-01,3.422532475050118483e-01,-4.177832613114625948e-01,-1.253349783934387673e+00,8.931933565498595406e-01,-3.601564273845281328e-01
7.570231819852364374e-01,3.422532475050118483e-01,-4.147699344802245891e-01,-1.244309803440673878e+00,9.039980493714017129e-01,-3.403117540692721654e-01
7.539758239785915306e-01,3.422532475050118483e-01,-4.117225764735796822e-01,-1.235167729420739047e+00,9.142074019934720575e-01,-3.209603274272669893e-01
7.508963699392038338e-01,3.422532475050118483e-01,-4.086431224341919854e-01,-1.225929367302575956e+00,9.238362118163090386e-01,-3.020931554862669177e-01
7.477867065842676020e-01,3.422532475050118483e-01,-4.055334590792557536e-01,-1.216600377237767372e+00,9.328990064808695415e-01,-2.837013707568978305e-01
7.446486730922556863e-01,3.422532475050118483e-01,-4.023954255872438379e-01,-1.207186276761731403e+00,9.414100476035747178e-01,-2.657762291581566849e-01
7.414840619773278574e-01,3.422532475050118483e-01,-3.992308144723160090e-01,-1.197692443416948027e+00,9.493833344783486616e-01,-2.483091089385993655e-01
7.382946199515062480e-01,3.422532475050118483e-01,-3.960413724464943996e-01,-1.188124117339483199e+00,9.568326077464828217e-01,-2.312915095930003773e-01
7.350820487747252718e-01,3.422532475050118483e-01,-3.928288012697134235e-01,-1.178486403809140270e+00,9.637713530342928436e-01,-2.147150507748474269e-01
7.318480060928668207e-01,3.422532475050118483e-01,-3.895947585878549724e-01,-1.168784275763564917e+00,9.702128045575353354e-01,-1.985714712060295817e-01
7.285941062638877641e-01,3.422532475050118483e-01,-3.863408587588759158e-01,-1.159022576276627747e+00,9.761699486937169823e-01,-1.828526275829107650e-01
7.253219211721504411e-01,3.422532475050118483e-01,-3.830686736671385928e-01,-1.149206021001415667e+00,9.816555275211968912e-01,-1.675504934802187762e-01
7.220329810310650576e-01,3.422532475050118483e-01,-3.797797335260532092e-01,-1.139339200578159517e+00,9.866820423256150718e-01,-1.526571582525444448e-01
7.187287751741544550e-01,3.422532475050118483e-01,-3.764755276691426067e-01,-1.129426583007427709e+00,9.912617570731807604e-01,-1.381648259342469487e-01
7.154107528346503875e-01,3.422532475050118483e-01,-3.731575053296385391e-01,-1.119472515988915617e+00,9.954067018512202658e-01,-1.240658141376953516e-01
7.120803239137325491e-01,3.422532475050118483e-01,-3.698270764087207008e-01,-1.109481229226162213e+00,9.991286762753515127e-01,-1.103525529508107006e-01
7.087388597375197108e-01,3.422532475050118483e-01,-3.664856122325078625e-01,-1.099456836697523698e+00,1.002439252863851493e+00,-9.701758383367220517e-02
7.053876938029234323e-01,3.422532475050118483e-01,-3.631344462979115839e-01,-1.089403338893734752e+00,1.005349780378883562e+00,-8.405355851485118990e-02
7.020281225124757052e-01,3.422532475050118483e-01,-3.597748750074638568e-01,-1.079324625022391571e+00,1.007871387134318120e+00,-7.145323788807345089e-02
6.986614058982392184e-01,3.422532475050118483e-01,-3.564081583932273700e-01,-1.069224475179681999e+00,1.010014984270946048e+00,-5.920949090873595111e-02
6.952887683349118220e-01,3.422532475050118483e-01,-3.530355208298999736e-01,-1.059106562489700032e+00,1.011791268998218918e+00,-4.731529349148111407e-02
6.919113992422352144e-01,3.422532475050118483e-01,-3.496581517372233661e-01,-1.048974455211669987e+00,1.013210727802982269e+00,-3.576372740868771771e-02
6.885304537768177635e-01,3.422532475050118483e-01,-3.462772062718059152e-01,-1.038831618815417634e+00,1.014283639625235267e+00,-2.454797919018236740e-02
6.851470535134813744e-01,3.422532475050118483e-01,-3.428938060084695261e-01,-1.028681418025408689e+00,1.015020079000916731e+00,-1.366133902449195858e-02
6.817622871162425380e-01,3.422532475050118483e-01,-3.395090396112306896e-01,-1.018527118833691958e+00,1.015429919171650930e+00,-3.097199662041028034e-03
6.783772109990374721e-01,3.422532475050118483e-01,-3.361239634940256238e-01,-1.008371890482076871e+00,1.015522835161519755e+00,7.150944679442883256e-03
6.749928499763002687e-01,3.422532475050118483e-01,-3.327396024712884204e-01,-9.982188074138652611e-01,1.015308306821161022e+00,1.708949940729576067e-02
6.716101979035038472e-01,3.422532475050118483e-01,-3.293569503984919988e-01,-9.880708511954759965e-01,1.014795621838926465e+00,2.672477064345046838e-02
6.682302183077717395e-01,3.422532475050118483e-01,-3.259769708027598911e-01,-9.779309124082796734e-01,1.013993878719632313e+00,3.606296631135263997e-02
6.648538450086708407e-01,3.422532475050118483e-01,-3.226005975036589923e-01,-9.678017925109769770e-01,1.012911989730269635e+00,4.511019721929265813e-02
6.614819827292918175e-01,3.422532475050118483e-01,-3.192287352242799692e-01,-9.576862056728399075e-01,1.011558683813706949e+00,5.387247814086704167e-02
6.581155076977268648e-01,3.422532475050118483e-01,-3.158622601927150164e-01,-9.475867805781450492e-01,1.009942509469485827e+00,6.235572889134077812e-02
6.547552682390510581e-01,3.422532475050118483e-01,-3.125020207340392098e-01,-9.375060622021176293e-01,1.008071837602741994e+00,7.056577540062436427e-02
6.514020853579153281e-01,3.422532475050118483e-01,-3.091488378529034797e-01,-9.274465135587104392e-01,1.005954864340719013e+00,7.850835078200857353e-02
6.480567533118577472e-01,3.422532475050118483e-01,-3.058035058068458989e-01,-9.174105174205376967e-01,1.003599613817274250e+00,8.618909639673655310e-02
6.447200401754399346e-01,3.422532475050118483e-01,-3.024667926704280863e-01,-9.074003780112842588e-01,1.001013940925343793e+00,9.361356291405953378e-02
6.413926883953134928e-01,3.422532475050118483e-01,-2.991394408903016444e-01,-8.974183226709049332e-01,9.982055340379325514e-01,1.007872113670276182e-01
6.380754153363237258e-01,3.422532475050118483e-01,-2.958221678313118774e-01,-8.874665034939356323e-01,9.951819176969300962e-01,1.077154142029944639e-01
6.347689138187543323e-01,3.422532475050118483e-01,-2.925156663137424840e-01,-8.775469989412274519e-01,9.919504552708180434e-01,1.144034563295905915e-01
6.314738526468178792e-01,3.422532475050118483e-01,-2.892206051418060309e-01,-8.676618154254180926e-01,9.885183515809359278e-01,1.208565361555178352e-01
6.281908771284969717e-01,3.422532475050118483e-01,-2.859376296234851234e-01,-8.578128888704553701e-01,9.848926554962722513e-01,1.270797666258168812e-01
6.249206095868385935e-01,3.422532475050118483e-01,-2.826673620818267452e-01,-8.480020862454802355e-01,9.810802624975134556e-01,1.330781762520332201e-01
6.216636498628054230e-01,3.422532475050118483e-01,-2.794104023577935747e-01,-8.382312070733807241e-01,9.770879172099511401e-01,1.388567101365704159e-01
6.184205758097859329e-01,3.422532475050118483e-01,-2.761673283047740846e-01,-8.285019849143222537e-01,9.729222159058470432e-01,1.444202309915247895e-01
6.151919437798656354e-01,3.422532475050118483e-01,-2.729386962748537870e-01,-8.188160888245613611e-01,9.685896089760892558e-01,1.497735201515278947e-01
6.119782891019603932e-01,3.422532475050118483e-01,-2.697250415969485449e-01,-8.091751247908456346e-01,9.640964033715726522e-01,1.549212785807270176e-01
6.087801265519132699e-01,3.422532475050118483e-01,-2.665268790469014215e-01,-7.995806371407042645e-01,9.594487650141370061e-01,1.598681278734327416e-01
6.055979508146535073e-01,3.422532475050118483e-01,-2.633447033096416590e-01,-7.900341099289249769e-01,9.546527211779287647e-01,1.646186112490037878e-01
6.024322369385186615e-01,3.422532475050118483e-01,-2.601789894335068132e-01,-7.805369683005204395e-01,9.497141628404537350e-01,1.691771945399332955e-01
5.992834407818378173e-01,3.422532475050118483e-01,-2.570301932768259690e-01,-7.710905798304779069e-01,9.446388470042532681e-01,1.735482671737753613e-01
5.961519994518743593e-01,3.422532475050118483e-01,-2.538987519468625109e-01,-7.616962558405875328e-01,9.394323989890374094e-01,1.777361431484498766e-01
5.930383317362256657e-01,3.422532475050118483e-01,-2.507850842312138173e-01,-7.523552526936414520e-01,9.341003146946080804e-01,1.817450620009666284e-01
5.899428385267770913e-01,3.422532475050118483e-01,-2.476895910217652430e-01,-7.430687730652957290e-01,9.286479628345722936e-01,1.855791897692765646e-01
5.868659032363054973e-01,3.422532475050118483e-01,-2.446126557312936489e-01,-7.338379671938809468e-01,9.230805871414782260e-01,1.892426199475972792e-01
5.838078922078285826e-01,3.422532475050118483e-01,-2.415546447028167343e-01,-7.246639341084502028e-01,9.174033085430743917e-01,1.927393744346241888e-01
5.807691551167951660e-01,3.422532475050118483e-01,-2.385159076117833177e-01,-7.155477228353499530e-01,9.116211273100249812e-01,1.960734044746750282e-01
5.777500253662092300e-01,3.422532475050118483e-01,-2.354967778611973817e-01,-7.064903335835921450e-01,9.057389251757808069e-01,1.992485915921886619e-01
5.747508204747825422e-01,3.422532475050118483e-01,-2.324975729697706939e-01,-6.974927189093120816e-01,8.997614674280063340e-01,2.022687485186942524e-01
5.717718424582076686e-01,3.422532475050118483e-01,-2.295185949531958203e-01,-6.885557848595874608e-01,8.936934049724620799e-01,2.051376201128746191e-01
5.688133782036440822e-01,3.422532475050118483e-01,-2.265601306986322339e-01,-6.796803920958967016e-01,8.875392763690759246e-01,2.078588842731792230e-01
5.658756998375078506e-01,3.422532475050118483e-01,-2.236224523324960023e-01,-6.708673569974880069e-01,8.813035098408694701e-01,2.104361528433814632e-01
5.629590650866559409e-01,3.422532475050118483e-01,-2.207058175816440926e-01,-6.621174527449322778e-01,8.749904252555729123e-01,2.128729725106406345e-01
5.600637176330550693e-01,3.422532475050118483e-01,-2.178104701280432209e-01,-6.534314103841296628e-01,8.686042360802614937e-01,2.151728256961318309e-01
5.571898874620238029e-01,3.422532475050118483e-01,-2.149366399570119546e-01,-6.448099198710358637e-01,8.621490513093799102e-01,2.173391314383440465e-01
5.543377912041363986e-01,3.422532475050118483e-01,-2.120845436991245503e-01,-6.362536310973736509e-01,8.556288773662212854e-01,2.193752462688476346e-01
5.515076324708758637e-01,3.422532475050118483e-01,-2.092543849658640154e-01,-6.277631548975920461e-01,8.490476199781604727e-01,2.212844650805684266e-01
5.486996021841233917e-01,3.422532475050118483e-01,-2.064463546791115434e-01,-6.193390640373346301e-01,8.424090860257416047e-01,2.230700219884069746e-01
5.459138788995697711e-01,3.422532475050118483e-01,-2.036606313945579227e-01,-6.109818941836737682e-01,8.357169853660861847e-01,2.247350911824124164e-01
5.431506291241343654e-01,3.422532475050118483e-01,-2.008973816191225170e-01,-6.026921448573675510e-01,8.289749326306217192e-01,2.262827877732541682e-01
5.404100076274762632e-01,3.422532475050118483e-01,-1.981567601224644148e-01,-5.944702803673932445e-01,8.221864489974306522e-01,2.277161686300374077e-01
5.376921577476811986e-01,3.422532475050118483e-01,-1.954389102426693503e-01,-5.863167307280080509e-01,8.153549639385193615e-01,2.290382332105113106e-01
5.349972116912071751e-01,3.422532475050118483e-01,-1.927439641861953268e-01,-5.782318925585859803e-01,8.084838169422070564e-01,2.302519243836210761e-01
5.323252908271715045e-01,3.422532475050118483e-01,-1.900720433221596561e-01,-5.702161299664789684e-01,8.015762592107011919e-01,2.313601292442222235e-01
5.296765059760603078e-01,3.422532475050118483e-01,-1.874232584710484595e-01,-5.622697754131453785e-01,7.946354553333589976e-01,2.323656799202136192e-01
5.270509576929410800e-01,3.422532475050118483e-01,-1.847977101879292317e-01,-5.543931305637876950e-01,7.876644849357683498e-01,2.332713543719806548e-01
5.244487365452591421e-01,3.422532475050118483e-01,-1.821954890402472937e-01,-5.465864671207418812e-01,7.806663443045813722e-01,2.340798771838394909e-01
5.218699233852955865e-01,3.422532475050118483e-01,-1.796166758802837382e-01,-5.388500276408512146e-01,7.736439479890666604e-01,2.347939203482154458e-01
5.193145896173667619e-01,3.422532475050118483e-01,-1.770613421123549136e-01,-5.311840263370647408e-01,7.666001303786473819e-01,2.354161040415826411e-01
5.167827974598421248e-01,3.422532475050118483e-01,-1.745295499548302764e-01,-5.235886498644908293e-01,7.595376472573911464e-01,2.359489973929003170e-01
5.142746002020568419e-01,3.422532475050118483e-01,-1.720213526970449935e-01,-5.160640580911349806e-01,7.524591773355848723e-01,2.363951192444498917e-01
5.117900424561959705e-01,3.422532475050118483e-01,-1.695367949511841221e-01,-5.086103848535523664e-01,7.453673237582614242e-01,2.367569389047090578e-01
5.093291604042256004e-01,3.422532475050118483e-01,-1.670759128992137521e-01,-5.012277386976412563e-01,7.382646155911110064e-01,2.370368768934697501e-01
5.068919820399445664e-01,3.422532475050118483e-01,-1.646387345349327180e-01,-4.939162036047981541e-01,7.311535092843102213e-01,2.372373056795120672e-01
5.044785274062314473e-01,3.422532475050118483e-01,-1.622252799012195990e-01,-4.866758397036587969e-01,7.240363901139357239e-01,2.373605504102769270e-01
5.020888088275593519e-01,3.422532475050118483e-01,-1.598355613225475036e-01,-4.795066839676425108e-01,7.169155736016286085e-01,2.374088896339860977e-01
4.997228311378506538e-01,3.422532475050118483e-01,-1.574695836328388054e-01,-4.724087508985164163e-01,7.097933069126094452e-01,2.373845560140930289e-01
4.973805919037433410e-01,3.422532475050118483e-01,-1.551273443987314926e-01,-4.653820331961944778e-01,7.026717702321938486e-01,2.372897370359993707e-01
4.950620816433396465e-01,3.422532475050118483e-01,-1.528088341383277982e-01,-4.584265024149833945e-01,6.955530781211083369e-01,2.371265757061249424e-01
4.927672840405065702e-01,3.422532475050118483e-01,-1.505140365354947218e-01,-4.515421096064841655e-01,6.884392808499228966e-01,2.368971712434387311e-01
4.904961761547978472e-01,3.422532475050118483e-01,-1.482429286497859988e-01,-4.447287859493579965e-01,6.813323657126169053e-01,2.366035797632589088e-01
4.882487286270654203e-01,3.422532475050118483e-01,-1.459954811220535720e-01,-4.379864433661607159e-01,6.742342583197280526e-01,2.362478149535673366e-01
4.860249058808283618e-01,3.422532475050118483e-01,-1.437716583758165134e-01,-4.313149751274495403e-01,6.671468238711175669e-01,2.358318487436680266e-01
4.838246663194656905e-01,3.422532475050118483e-01,-1.415714188144538421e-01,-4.247142564433615264e-01,6.600718684088013877e-01,2.353576119654398613e-01
4.816479625192995329e-01,3.422532475050118483e-01,-1.393947150142876845e-01,-4.181841450428630536e-01,6.530111400498472829e-01,2.348269950069842293e-01
4.794947414186340739e-01,3.422532475050118483e-01,-1.372414939136222256e-01,-4.117244817408666768e-01,6.459663301996376727e-01,2.342418484587709959e-01
4.773649445028145255e-01,3.422532475050118483e-01,-1.351116969978026772e-01,-4.053350909934080315e-01,6.389390747458645325e-01,2.336039837524565010e-01
4.752585079853702266e-01,3.422532475050118483e-01,-1.330052604803583782e-01,-3.990157814410751347e-01,6.319309552332896818e-01,2.329151737922145471e-01
4.731753629853051035e-01,3.422532475050118483e-01,-1.309221154802932552e-01,-3.927663464408797656e-01,6.249435000195369128e-01,2.321771535786571472e-01
4.711154357005978843e-01,3.422532475050118483e-01,-1.288621881955860360e-01,-3.865865645867581080e-01,6.179781854121657592e-01,2.313916208254076512e-01
4.690786475779731846e-01,3.422532475050118483e-01,-1.268254000729613362e-01,-3.804762002188840087e-01,6.110364367874099312e-01,2.305602365685259225e-01
4.670649154790053603e-01,3.422532475050118483e-01,-1.248116679739935120e-01,-3.744350039219805359e-01,6.041196296903472707e-01,2.296846257683667347e-01
4.650741518426143584e-01,3.422532475050118483e-01,-1.228209043376025100e-01,-3.684627130128075301e-01,5.972290909173005868e-01,2.287663779044930568e-01
4.631062648440137930e-01,3.422532475050118483e-01,-1.208530173390019447e-01,-3.625590520170058340e-01,5.903660995801696121e-01,2.278070475631637781e-01
4.611611585501695365e-01,3.422532475050118483e-01,-1.189079110451576882e-01,-3.567237331354730645e-01,5.835318881532769453e-01,2.268081550178038808e-01
4.592387330718271099e-01,3.422532475050118483e-01,-1.169854855668152616e-01,-3.509564567004457847e-01,5.767276435027279824e-01,2.257711868022821977e-01
4.573388847121648837e-01,3.422532475050118483e-01,-1.150856372071530354e-01,-3.452569116214591061e-01,5.699545078986678615e-01,2.246975962772087554e-01
4.554615061121303765e-01,3.422532475050118483e-01,-1.132082586071185282e-01,-3.396247758213555845e-01,5.632135800103521550e-01,2.235888041889965705e-01
4.536064863925147739e-01,3.422532475050118483e-01,-1.113532388875029255e-01,-3.340597166625087766e-01,5.565059158846807907e-01,2.224461992221720141e-01
4.517737112928214005e-01,3.422532475050118483e-01,-1.095204637878095522e-01,-3.285613913634286565e-01,5.498325299080120132e-01,2.212711385445833567e-01
4.499630633069824914e-01,3.422532475050118483e-01,-1.077098158019706431e-01,-3.231294474059119293e-01,5.431943957516727206e-01,2.200649483457607913e-01
4.481744218159781634e-01,3.422532475050118483e-01,-1.059211743109663151e-01,-3.177635229328989452e-01,5.365924473012984031e-01,2.188289243683994578e-01
4.464076632174106551e-01,3.422532475050118483e-01,-1.041544157123988068e-01,-3.124632471371964204e-01,5.300275795702524828e-01,2.175643324330560624e-01
4.446626610520864609e-01,3.422532475050118483e-01,-1.024094135470746125e-01,-3.072282406412238376e-01,5.235006495972582830e-01,2.162724089560344454e-01
4.429392861276578719e-01,3.422532475050118483e-01,-1.006860386226460236e-01,-3.020581158679380707e-01,5.170124773285766917e-01,2.149543614606386210e-01
4.412374066393753291e-01,3.422532475050118483e-01,-9.898415913436348079e-02,-2.969524774030904424e-01,5.105638464847628288e-01,2.136113690816723865e-01
4.395568882880009354e-01,3.422532475050118483e-01,-9.730364078298908703e-02,-2.919109223489672611e-01,5.041555054123181279e-01,2.122445830633508668e-01
4.378975943949329208e-01,3.422532475050118483e-01,-9.564434688992107247e-02,-2.869330406697632174e-01,4.977881679204043675e-01,2.108551272506411500e-01
4.362593860145899671e-01,3.422532475050118483e-01,-9.400613850957811879e-02,-2.820184155287343564e-01,4.914625141028861055e-01,2.094440985741517491e-01
4.346421220441044064e-01,3.422532475050118483e-01,-9.238887453909255809e-02,-2.771666236172776743e-01,4.851791911456682094e-01,2.080125675283905351e-01
4.330456593303717017e-01,3.422532475050118483e-01,-9.079241182535985333e-02,-2.723772354760795600e-01,4.789388141198114290e-01,2.065615786437318691e-01
4.314698527745033374e-01,3.422532475050118483e-01,-8.921660526949148906e-02,-2.676498158084744672e-01,4.727419667605092801e-01,2.050921509520348129e-01
4.299145554337301944e-01,3.422532475050118483e-01,-8.766130792871834609e-02,-2.629839237861550383e-01,4.665892022319428900e-01,2.036052784457878517e-01
4.283796186208016499e-01,3.422532475050118483e-01,-8.612637111578980154e-02,-2.583791133473694046e-01,4.604810438785633675e-01,2.021019305311939629e-01
4.268648920009261993e-01,3.422532475050118483e-01,-8.461164449591435099e-02,-2.538349334877430530e-01,4.544179859626351625e-01,2.005830524748921095e-01
4.253702236862982322e-01,3.422532475050118483e-01,-8.311697618128638387e-02,-2.493509285438591516e-01,4.484004943883901362e-01,1.990495658445309846e-01
4.238954603282547029e-01,3.422532475050118483e-01,-8.164221282324285456e-02,-2.449266384697285637e-01,4.424290074130587946e-01,1.975023689433302310e-01
4.224404472071055516e-01,3.422532475050118483e-01,-8.018719970209370329e-02,-2.405615991062811099e-01,4.365039363447453802e-01,1.959423372384642703e-01
4.210050283196802301e-01,3.422532475050118483e-01,-7.875178081466838176e-02,-2.362553424440051453e-01,4.306256662275964597e-01,1.943703237835913145e-01
4.195890464646332418e-01,3.422532475050118483e-01,-7.733579895962139350e-02,-2.320073968788641805e-01,4.247945565140964774e-01,1.927871596352322969e-01
4.181923433255497757e-01,3.422532475050118483e-01,-7.593909582053792739e-02,-2.278172874616137822e-01,4.190109417250398316e-01,1.911936542634260494e-01
4.168147595518926773e-01,3.422532475050118483e-01,-7.456151204688082901e-02,-2.236845361406424870e-01,4.132751320971295161e-01,1.895905959564870291e-01
4.154561348378312258e-01,3.422532475050118483e-01,-7.320288733281937743e-02,-2.196086619984581323e-01,4.075874142184354731e-01,1.879787522199773409e-01
4.141163079989917950e-01,3.422532475050118483e-01,-7.186306049397994666e-02,-2.155891814819398400e-01,4.019480516518292301e-01,1.863588701698893901e-01
4.127951170471693132e-01,3.422532475050118483e-01,-7.054186954215746486e-02,-2.116256086264723946e-01,3.963572855467445422e-01,1.847316769202721476e-01
4.114923992630388772e-01,3.422532475050118483e-01,-6.923915175802702882e-02,-2.077174552740810864e-01,3.908153352391308122e-01,1.830978799650497257e-01
4.102079912669049366e-01,3.422532475050118483e-01,-6.795474376189308829e-02,-2.038642312856792649e-01,3.853223988401821565e-01,1.814581675545028916e-01
4.089417290875264621e-01,3.422532475050118483e-01,-6.668848158251461378e-02,-2.000654447475438413e-01,3.798786538135423552e-01,1.798132090659985138e-01
4.076934482290545669e-01,3.422532475050118483e-01,-6.544020072404271859e-02,-1.963206021721281558e-01,3.744842575415685548e-01,1.781636553694403990e-01
4.064629837361196096e-01,3.422532475050118483e-01,-6.420973623110776130e-02,-1.926292086933232839e-01,3.691393478804871897e-01,1.765101391871639058e-01
4.052501702571034148e-01,3.422532475050118483e-01,-6.299692275209156644e-02,-1.889907682562746993e-01,3.638440437048584553e-01,1.748532754485837559e-01
4.040548421056320283e-01,3.422532475050118483e-01,-6.180159460062017995e-02,-1.854047838018605399e-01,3.585984454414159472e-01,1.731936616395554074e-01
4.028768333203246454e-01,3.422532475050118483e-01,-6.062358581531279711e-02,-1.818707574459383913e-01,3.534026355922148532e-01,1.715318781462764619e-01
4.017159777228318518e-01,3.422532475050118483e-01,-5.946273021782000345e-02,-1.783881906534600104e-01,3.482566792478380968e-01,1.698684885943780865e-01
4.005721089741985375e-01,3.422532475050118483e-01,-5.831886146918668912e-02,-1.749565844075600674e-01,3.431606245899943008e-01,1.682040401824342335e-01
3.994450606295834594e-01,3.422532475050118483e-01,-5.719181312457161104e-02,-1.715754393737148331e-01,3.381145033845234238e-01,1.665390640108085907e-01
3.983346661913694242e-01,3.422532475050118483e-01,-5.608141868635757588e-02,-1.682442560590727276e-01,3.331183314642105486e-01,1.648740754051378210e-01
3.972407591606958999e-01,3.422532475050118483e-01,-5.498751165568405153e-02,-1.649625349670521546e-01,3.281721092020573050e-01,1.632095742350051504e-01
3.961631730874459190e-01,3.422532475050118483e-01,-5.390992558243407062e-02,-1.617297767473022119e-01,3.232758219749942707e-01,1.615460452276920589e-01
3.951017416187186937e-01,3.422532475050118483e-01,-5.284849411370684535e-02,-1.585454823411205361e-01,3.184294406181675807e-01,1.598839582770470447e-01
3.940562985458191392e-01,3.422532475050118483e-01,-5.180305104080729084e-02,-1.554091531224218725e-01,3.136329218698663546e-01,1.582237687474444821e-01
3.930266778497943370e-01,3.422532475050118483e-01,-5.077343034478248862e-02,-1.523202910343474659e-01,3.088862088074406653e-01,1.565659177730931995e-01
3.920127137455468591e-01,3.422532475050118483e-01,-4.975946624053501077e-02,-1.492783987216050323e-01,3.041892312742433546e-01,1.549108325526383223e-01
3.910142407245546514e-01,3.422532475050118483e-01,-4.876099321954280308e-02,-1.462829796586284092e-01,2.995419062976623081e-01,1.532589266390338989e-01
3.900310935962263414e-01,3.422532475050118483e-01,-4.777784609121449311e-02,-1.433335382736434793e-01,2.949441384984929915e-01,1.516106002248495122e-01
3.890631075279205042e-01,3.422532475050118483e-01,-4.680986002290865589e-02,-1.404295800687259677e-01,2.903958204917511665e-01,1.499662404230251989e-01
3.881101180836569742e-01,3.422532475050118483e-01,-4.585687057864512584e-02,-1.375706117359353775e-01,2.858968332790590150e-01,1.483262215431236375e-01
3.871719612615477923e-01,3.422532475050118483e-01,-4.491871375653594400e-02,-1.347561412696078320e-01,2.814470466327545495e-01,1.466909053631467175e-01
3.862484735299748784e-01,3.422532475050118483e-01,-4.399522602496303003e-02,-1.319856780748890901e-01,2.770463194718741917e-01,1.450606413969851016e-01
3.853394918625416832e-01,3.422532475050118483e-01,-4.308624435752983484e-02,-1.292587330725895045e-01,2.726945002299585585e-01,1.434357671573690540e-01
3.844448537718242465e-01,3.422532475050118483e-01,-4.219160626681239812e-02,-1.265748188004371944e-01,2.683914272152310154e-01,1.418166084147938211e-01
3.835643973419482489e-01,3.422532475050118483e-01,-4.131114983693640053e-02,-1.239334495108092016e-01,2.641369289627992778e-01,1.402034794519900762e-01
3.826979612600174829e-01,3.422532475050118483e-01,-4.044471375500563459e-02,-1.213341412650169038e-01,2.599308245792297800e-01,1.385966833142128762e-01
3.818453848464181122e-01,3.422532475050118483e-01,-3.959213734140626384e-02,-1.187764120242187915e-01,2.557729240798112258e-01,1.369965120555924343e-01
3.810065080840243090e-01,3.422532475050118483e-01,-3.875326057901246068e-02,-1.162597817370373821e-01,2.516630287181409464e-01,1.354032469811035644e-01
3.801811716463286417e-01,3.422532475050118483e-01,-3.792792414131679335e-02,-1.137837724239503800e-01,2.476009313087002006e-01,1.338171588847498206e-01
3.793692169245214130e-01,3.422532475050118483e-01,-3.711596941950956463e-02,-1.113479082585286939e-01,2.435864165421686156e-01,1.322385082836399217e-01
3.785704860535425431e-01,3.422532475050118483e-01,-3.631723854853069477e-02,-1.089517156455920843e-01,2.396192612936609567e-01,1.306675456480688724e-01
3.777848219371284788e-01,3.422532475050118483e-01,-3.553157443211663047e-02,-1.065947232963498914e-01,2.356992349242192919e-01,1.291045116278694005e-01
3.770120682718772209e-01,3.422532475050118483e-01,-3.475882076686537259e-02,-1.042764623005961178e-01,2.318260995753773646e-01,1.275496372747812468e-01
3.762520695703534535e-01,3.422532475050118483e-01,-3.399882206534160511e-02,-1.019964661960248153e-01,2.279996104571302418e-01,1.260031442611054264e-01
3.755046711832558115e-01,3.422532475050118483e-01,-3.325142367824396317e-02,-9.975427103473188950e-02,2.242195161292925842e-01,1.244652450945606947e-01
3.747697193206676047e-01,3.422532475050118483e-01,-3.251647181565575639e-02,-9.754941544696726918e-02,2.204855587764620317e-01,1.229361433294947625e-01
3.740470610724123679e-01,3.422532475050118483e-01,-3.179381356740051956e-02,-9.538144070220155868e-02,2.167974744765710504e-01,1.214160337743694917e-01
3.733365444275345557e-01,3.422532475050118483e-01,-3.108329692252270737e-02,-9.324989076756812212e-02,2.131549934633436560e-01,1.199051026957755339e-01
3.726380182929263096e-01,3.422532475050118483e-01,-3.038477078791446129e-02,-9.115431236374338386e-02,2.095578403824738256e-01,1.184035280187304418e-01
3.719513325111199475e-01,3.422532475050118483e-01,-2.969808500610809920e-02,-8.909425501832429761e-02,2.060057345419086250e-01,1.169114795235843274e-01
3.712763378772659384e-01,3.422532475050118483e-01,-2.902309037225409005e-02,-8.706927111676227016e-02,2.024983901562027455e-01,1.154291190394404754e-01
3.706128861553158460e-01,3.422532475050118483e-01,-2.835963865030399766e-02,-8.507891595091199299e-02,1.990355165850277164e-01,1.139566006341157234e-01
3.699608300934291716e-01,3.422532475050118483e-01,-2.770758258841732324e-02,-8.312274776525196973e-02,1.956168185660023262e-01,1.124940708007503565e-01
3.693200234386225800e-01,3.422532475050118483e-01,-2.706677593361073164e-02,-8.120032780083219492e-02,1.922419964419774807e-01,1.110416686411452858e-01
3.686903209506801060e-01,3.422532475050118483e-01,-2.643707344566825768e-02,-7.931122033700477303e-02,1.889107463827421896e-01,1.095995260457374165e-01
3.680715784153422154e-01,3.422532475050118483e-01,-2.581833091033036709e-02,-7.745499273099110127e-02,1.856227606013671760e-01,1.081677678703760748e-01
3.674636526567913730e-01,3.422532475050118483e-01,-2.521040515177952468e-02,-7.563121545533857404e-02,1.823777275652527230e-01,1.067465121099141490e-01
3.668664015494514929e-01,3.422532475050118483e-01,-2.461315404443964461e-02,-7.383946213331893382e-02,1.791753322019640216e-01,1.053358700686450877e-01
3.662796840291184797e-01,3.422532475050118483e-01,-2.402643652410663133e-02,-7.207930957231989400e-02,1.760152560999039828e-01,1.039359465275840888e-01
3.657033601034382353e-01,3.422532475050118483e-01,-2.345011259842638696e-02,-7.035033779527916087e-02,1.728971777040733127e-01,1.025468399087941518e-01
3.651372908617488977e-01,3.422532475050118483e-01,-2.288404335673704937e-02,-6.865213007021114811e-02,1.698207725068012763e-01,1.011686424365901282e-01
3.645813384843031857e-01,3.422532475050118483e-01,-2.232809097929133735e-02,-6.698427293787401204e-02,1.667857132337136061e-01,9.980144029583959409e-02
3.640353662508870602e-01,3.422532475050118483e-01,-2.178211874587521191e-02,-6.534635623762563572e-02,1.637916700248376323e-01,9.844531378721199655e-02
3.634992385488496347e-01,3.422532475050118483e-01,-2.124599104383778636e-02,-6.373797313151335908e-02,1.608383106112276639e-01,9.710033747971430484e-02
3.629728208805602097e-01,3.422532475050118483e-01,-2.071957337554836132e-02,-6.215872012664508395e-02,1.579253004868275134e-01,9.576658036018242948e-02
3.624559798703068103e-01,3.422532475050118483e-01,-2.020273236529496197e-02,-6.060819709588488591e-02,1.550523030760198040e-01,9.444410598013491809e-02
3.619485832706514361e-01,3.422532475050118483e-01,-1.969533576563958777e-02,-5.908600729691876330e-02,1.522189798966122609e-01,9.313297259969349762e-02
3.614504999682560116e-01,3.422532475050118483e-01,-1.919725246324416323e-02,-5.759175738973248970e-02,1.494249907186273596e-01,9.183323332889486990e-02
3.609615999891934712e-01,3.422532475050118483e-01,-1.870835248418162289e-02,-5.612505745254486866e-02,1.466699937187621039e-01,9.054493626621723523e-02
3.604817545037575788e-01,3.422532475050118483e-01,-1.822850699874573044e-02,-5.468552099623719132e-02,1.439536456307677348e-01,8.926812463453054347e-02
3.600108358307851364e-01,3.422532475050118483e-01,-1.775758832577328805e-02,-5.327276497731986415e-02,1.412756018917327161e-01,8.800283691441285194e-02
3.595487174415041287e-01,3.422532475050118483e-01,-1.729546993649228037e-02,-5.188640980947684112e-02,1.386355167843023040e-01,8.674910697482546285e-02
3.590952739629205692e-01,3.422532475050118483e-01,-1.684202645790872088e-02,-5.052607937372616265e-02,1.360330435750678468e-01,8.550696420134168418e-02
3.586503811807571496e-01,3.422532475050118483e-01,-1.639713367574530123e-02,-4.919140102723590369e-02,1.334678346490258960e-01,8.427643362178999231e-02
3.582139160419559043e-01,3.422532475050118483e-01,-1.596066853694405596e-02,-4.788200561083216789e-02,1.309395416403735801e-01,8.305753602954141224e-02
3.577857566567576586e-01,3.422532475050118483e-01,-1.553250915174581026e-02,-4.659752745523743078e-02,1.284478155594737103e-01,8.185028810423627954e-02
3.573657823003698053e-01,3.422532475050118483e-01,-1.511253479535795696e-02,-4.533760438607387089e-02,1.259923069163559894e-01,8.065470253028211856e-02
3.569538734142350123e-01,3.422532475050118483e-01,-1.470062590922316392e-02,-4.410187772766949177e-02,1.235726658404379119e-01,7.947078811276842014e-02
3.565499116069114627e-01,3.422532475050118483e-01,-1.429666410189961434e-02,-4.288999230569884302e-02,1.211885421970648746e-01,7.829854989136603161e-02
3.561537796545770629e-01,3.422532475050118483e-01,-1.390053214956521455e-02,-4.170159644869564364e-02,1.188395857003199385e-01,7.713798925162429487e-02
3.557653615011678316e-01,3.422532475050118483e-01,-1.351211399615598330e-02,-4.053634198846794989e-02,1.165254460227693745e-01,7.598910403430142457e-02
3.553845422581620173e-01,3.422532475050118483e-01,-1.313129475315016892e-02,-3.939388425945050676e-02,1.142457729017443135e-01,7.485188864229380679e-02
3.550112082040204342e-01,3.422532475050118483e-01,-1.275796069900858587e-02,-3.827388209702575761e-02,1.120002162424749148e-01,7.372633414544915720e-02
3.546452467832933997e-01,3.422532475050118483e-01,-1.239199927828155134e-02,-3.717599783484465403e-02,1.097884262181103576e-01,7.261242838326570359e-02
3.542865466054047063e-01,3.422532475050118483e-01,-1.203329910039285799e-02,-3.609989730117857398e-02,1.076100533666080050e-01,7.151015606542943104e-02
3.539349974431225121e-01,3.422532475050118483e-01,-1.168174993811066376e-02,-3.504524981433199127e-02,1.054647486846582716e-01,7.041949887032628030e-02
3.535904902307273612e-01,3.422532475050118483e-01,-1.133724272571551284e-02,-3.401172817714653851e-02,1.033521637185452757e-01,6.934043554139873722e-02
3.532529170618863845e-01,3.422532475050118483e-01,-1.099966955687453618e-02,-3.299900867062360854e-02,1.012719506522929969e-01,6.827294198166938832e-02
3.529221711872435607e-01,3.422532475050118483e-01,-1.066892368223171239e-02,-3.200677104669513717e-02,9.922376239284713684e-02,6.721699134615199966e-02
3.525981470117353633e-01,3.422532475050118483e-01,-1.034489950672351499e-02,-3.103469852017054498e-02,9.720725265245921953e-02,6.617255413228867456e-02
3.522807400916403986e-01,3.422532475050118483e-01,-1.002749258662855025e-02,-3.008247775988565076e-02,9.522207602848942187e-02,6.513959826860377111e-02
3.519698471313722488e-01,3.422532475050118483e-01,-9.716599626360400421e-03,-2.914979887908120126e-02,9.326788808044494949e-02,6.411808920136374823e-02
3.516653659800242360e-01,3.422532475050118483e-01,-9.412118475012387631e-03,-2.823635542503716289e-02,9.134434540440383721e-02,6.310798997936667432e-02
3.513671956276741559e-01,3.422532475050118483e-01,-9.113948122662307583e-03,-2.734184436798692275e-02,8.945110570502401437e-02,6.210926133703709162e-02
3.510752362014578076e-01,3.422532475050118483e-01,-8.821988696445959288e-03,-2.646596608933787786e-02,8.758782786490448835e-02,6.112186177556661049e-02
3.507893889614190353e-01,3.422532475050118483e-01,-8.536141456407186912e-03,-2.560842436922156073e-02,8.575417201163171299e-02,6.014574764241015226e-02
3.505095562961444977e-01,3.422532475050118483e-01,-8.256308791132649372e-03,-2.476892637339794812e-02,8.394979958236126194e-02,5.918087320896331383e-02
3.502356417181908266e-01,3.422532475050118483e-01,-7.982394213178978237e-03,-2.394718263953693471e-02,8.217437338610134034e-02,5.822719074656440563e-02
3.499675498593118328e-01,3.422532475050118483e-01,-7.714302354299984454e-03,-2.314290706289995336e-02,8.042755766369813486e-02,5.728465060079818150e-02
3.497051864654929232e-01,3.422532475050118483e-01,-7.451938960481074847e-03,-2.235581688144322454e-02,7.870901814567288213e-02,5.635320126422965759e-02
3.494484583918004428e-01,3.422532475050118483e-01,-7.195210886788594440e-03,-2.158563266036578332e-02,7.701842210774412223e-02,5.543278944737833891e-02
3.491972735970526598e-01,3.422532475050118483e-01,-6.944026092040811449e-03,-2.083207827612243435e-02,7.535543842433489736e-02,5.452336014821246302e-02
3.489515411383197208e-01,3.422532475050118483e-01,-6.698293633307872419e-03,-2.009488089992361726e-02,7.371973761988170892e-02,5.362485671995809167e-02
3.487111711652587931e-01,3.422532475050118483e-01,-6.457923660246944753e-03,-1.937377098074083426e-02,7.211099191827829991e-02,5.273722093753746565e-02
3.484760749142916114e-01,3.422532475050118483e-01,-6.222827409279763078e-03,-1.866848222783928923e-02,7.052887529015450241e-02,5.186039306231521318e-02
3.482461647026306450e-01,3.422532475050118483e-01,-5.992917197618796710e-03,-1.797875159285639013e-02,6.897306349828991046e-02,5.099431190543352033e-02
3.480213539221602148e-01,3.422532475050118483e-01,-5.768106417148366472e-03,-1.730431925144509941e-02,6.744323414112907145e-02,5.013891488968397203e-02
3.478015570331787765e-01,3.422532475050118483e-01,-5.548309528166928128e-03,-1.664492858450078439e-02,6.593906669443150292e-02,4.929413810993071854e-02
3.475866895580083105e-01,3.422532475050118483e-01,-5.333442052996462124e-03,-1.600032615898938637e-02,6.446024255113980139e-02,4.845991639215041502e-02
3.473766680744770907e-01,3.422532475050118483e-01,-5.123420569465242380e-03,-1.537026170839572714e-02,6.300644505936592310e-02,4.763618335097019596e-02
3.471714102092809395e-01,3.422532475050118483e-01,-4.918162704269091190e-03,-1.475448811280727357e-02,6.157735955884535706e-02,4.682287144603808349e-02
3.469708346312294078e-01,3.422532475050118483e-01,-4.717587126217559490e-03,-1.415276137865267847e-02,6.017267341545950998e-02,4.601991203680683151e-02
3.467748610443815438e-01,3.422532475050118483e-01,-4.521613539369695456e-03,-1.356484061810908637e-02,5.879207605435921025e-02,4.522723543625012388e-02
3.465834101810773005e-01,3.422532475050118483e-01,-4.330162676065452132e-03,-1.299048802819635640e-02,5.743525899127299716e-02,4.444477096307664077e-02
3.463964037948693564e-01,3.422532475050118483e-01,-4.143156289857508057e-03,-1.242946886957252417e-02,5.610191586238322259e-02,4.367244699281069842e-02
3.462137646533607338e-01,3.422532475050118483e-01,-3.960517148348885463e-03,-1.188155144504665639e-02,5.479174245258677800e-02,4.291019100754012161e-02
3.460354165309528218e-01,3.422532475050118483e-01,-3.782169025940973484e-03,-1.134650707782292045e-02,5.350443672237359394e-02,4.215792964455067349e-02
3.458612842015094113e-01,3.422532475050118483e-01,-3.608036696497562978e-03,-1.082411008949268894e-02,5.223969883302315154e-02,4.141558874353046260e-02
3.456912934309403496e-01,3.422532475050118483e-01,-3.438045925928501223e-03,-1.031413777778550367e-02,5.099723117071852663e-02,4.068309339293302296e-02
3.455253709697105879e-01,3.422532475050118483e-01,-3.272123464698739603e-03,-9.816370394096218810e-03,4.977673836892848591e-02,3.996036797483226710e-02
3.453634445452782864e-01,3.422532475050118483e-01,-3.110197040266438062e-03,-9.330591120799314186e-03,4.857792732969046234e-02,3.924733620889114816e-02
3.452054428544668596e-01,3.422532475050118483e-01,-2.952195349455011275e-03,-8.856586048365033825e-03,4.740050724342803612e-02,3.854392119506300229e-02
3.450512955557749617e-01,3.422532475050118483e-01,-2.798048050763113359e-03,-8.394144152289340077e-03,4.624418960756937480e-02,3.785004545528003472e-02
3.449009332616285728e-01,3.422532475050118483e-01,-2.647685756616724451e-03,-7.943057269850173352e-03,4.510868824391667253e-02,3.716563097406649918e-02
3.447542875305795729e-01,3.422532475050118483e-01,-2.501040025567724534e-03,-7.503120076703173602e-03,4.399371931469997499e-02,3.649059923799680139e-02
3.446112908594544111e-01,3.422532475050118483e-01,-2.358043354442562745e-03,-7.074130063327688234e-03,4.289900133754853684e-02,3.582487127422084860e-02
3.444718766754566452e-01,3.422532475050118483e-01,-2.218629170444796905e-03,-6.655887511334390716e-03,4.182425519932975178e-02,3.516836768799536106e-02
3.443359793282276815e-01,3.422532475050118483e-01,-2.082731823215833167e-03,-6.248195469647499500e-03,4.076920416868912156e-02,3.452100869904162206e-02
3.442035340818686562e-01,3.422532475050118483e-01,-1.950286576856807841e-03,-5.850859730570423523e-03,3.973357390770759778e-02,3.388271417713717426e-02
3.440744771069273455e-01,3.422532475050118483e-01,-1.821229601915497209e-03,-5.463688805746491628e-03,3.871709248239318946e-02,3.325340367664669783e-02
3.439487454723536564e-01,3.422532475050118483e-01,-1.695497967341808021e-03,-5.086493902025424063e-03,3.771949037210675648e-02,3.263299647008133242e-02
3.438262771374269722e-01,3.422532475050118483e-01,-1.573029632415123835e-03,-4.719088897245371506e-03,3.674050047800525576e-02,3.202141158075988425e-02
3.437070109436584087e-01,3.422532475050118483e-01,-1.453763438646560324e-03,-4.361290315939680973e-03,3.577985813056905329e-02,3.141856781462937231e-02
3.435908866066713085e-01,3.422532475050118483e-01,-1.337639101659460206e-03,-4.012917304978380617e-03,3.483730109613003556e-02,3.082438379115165494e-02
3.434778447080633068e-01,3.422532475050118483e-01,-1.224597203051458472e-03,-3.673791609154375415e-03,3.391256958240052022e-02,3.023877797324614480e-02
3.433678266872526308e-01,3.422532475050118483e-01,-1.114579182240782451e-03,-3.343737546722347354e-03,3.300540624320280614e-02,2.966166869648045878e-02
3.432607748333115771e-01,3.422532475050118483e-01,-1.007527328299728797e-03,-3.022581984899186391e-03,3.211555618231609621e-02,2.909297419741690982e-02
3.431566322767902744e-01,3.422532475050118483e-01,-9.033847717784260212e-04,-2.710154315335278064e-03,3.124276695639083279e-02,2.853261264105555473e-02
3.430553429815330624e-01,3.422532475050118483e-01,-8.020954765212140458e-04,-2.406286429563642137e-03,3.038678857716359261e-02,2.798050214759995047e-02
3.429568517364906532e-01,3.422532475050118483e-01,-7.036042314788049090e-04,-2.110812694436414727e-03,2.954737351272274104e-02,2.743656081828632631e-02
3.428611041475300714e-01,3.422532475050118483e-01,-6.078566425182230226e-04,-1.823569927554669068e-03,2.872427668817456592e-02,2.690070676061989685e-02
3.427680466292455375e-01,3.422532475050118483e-01,-5.147991242336891204e-04,-1.544397372701067361e-03,2.791725548536017065e-02,2.637285811265910329e-02
3.426776263967722946e-01,3.422532475050118483e-01,-4.243788917604462974e-04,-1.273136675281338892e-03,2.712606974197284693e-02,2.585293306669150804e-02
3.425897914576057079e-01,3.422532475050118483e-01,-3.365439525938596077e-04,-1.009631857781578823e-03,2.635048174997600690e-02,2.534084989219442807e-02
3.425044906034283021e-01,3.422532475050118483e-01,-2.512430984164537584e-04,-7.537292952493612752e-04,2.559025625322175479e-02,2.483652695797239351e-02
3.424216734019467356e-01,3.422532475050118483e-01,-1.684258969348872981e-04,-5.052776908046618942e-04,2.484516044446993810e-02,2.433988275366527620e-02
3.423412901887405435e-01,3.422532475050118483e-01,-8.804268372869517023e-05,-2.641280511860855107e-04,2.411496396185763835e-02,2.385083591067155284e-02
3.422632920591253680e-01,3.422532475050118483e-01,-1.004455411351967697e-05,-3.013366234055903092e-05,2.339943888455264798e-02,2.336930522221208895e-02
3.421876308600324545e-01,3.422532475050118483e-01,6.561664497939379004e-05,1.968499349381813701e-04,2.269835972787404010e-02,2.289520966281222147e-02
3.421142591819057999e-01,3.422532475050118483e-01,1.389883231060484725e-04,4.169649693181454175e-04,2.201150343799640474e-02,2.242846840731455016e-02
3.420431303506198950e-01,3.422532475050118483e-01,2.101171543919533313e-04,6.303514631758599940e-04,2.133864938577145764e-02,2.196900084894731764e-02
3.419741984194188955e-01,3.422532475050118483e-01,2.790490855929528280e-04,8.371472567788584840e-04,2.067957936029984900e-02,2.151672661707870748e-02
3.419074181608796059e-01,3.422532475050118483e-01,3.458293441322424222e-04,1.037488032396727267e-03,2.003407756178687826e-02,2.107156559418360553e-02
3.418427450588997218e-01,3.422532475050118483e-01,4.105024461121264956e-04,1.231507338336379487e-03,1.940193059396522202e-02,2.063343793230160150e-02
3.417801353007130505e-01,3.422532475050118483e-01,4.731122042987978560e-04,1.419336612896393568e-03,1.878292745600140812e-02,2.020226406889780169e-02
3.417195457689332638e-01,3.422532475050118483e-01,5.337017360785845099e-04,1.601105208235753530e-03,1.817685953393599618e-02,1.977796474217174971e-02
3.416609340336276834e-01,3.422532475050118483e-01,5.923134713841649024e-04,1.776940414152494707e-03,1.758352059167411774e-02,1.936046100582661245e-02
3.416042583444227065e-01,3.422532475050118483e-01,6.489891605891418003e-04,1.946967481767425401e-03,1.700270676149306937e-02,1.894967424326049477e-02
3.415494776226420393e-01,3.422532475050118483e-01,7.037698823698090855e-04,2.111309647109427257e-03,1.643421653420018558e-02,1.854552618130961283e-02
3.414965514534795132e-01,3.422532475050118483e-01,7.566960515323351011e-04,2.270088154597005303e-03,1.587785074875780467e-02,1.814793890335480997e-02
3.414454400782073185e-01,3.422532475050118483e-01,8.078074268045298822e-04,2.423422280413589647e-03,1.533341258165843435e-02,1.775683486207202399e-02
3.413961043864213174e-01,3.422532475050118483e-01,8.571431185905309391e-04,2.571429355771592817e-03,1.480070753580031706e-02,1.737213689157190988e-02
3.413485059083244955e-01,3.422532475050118483e-01,9.047415966873528781e-04,2.714224790062058634e-03,1.427954342904658169e-02,1.699376821910864033e-02
3.413026068070496022e-01,3.422532475050118483e-01,9.506406979622461506e-04,2.851922093886738452e-03,1.376973038246798176e-02,1.662165247635472021e-02
3.412583698710223157e-01,3.422532475050118483e-01,9.948776339895326615e-04,2.984632901968597984e-03,1.327108080818595326e-02,1.625571371015455124e-02
3.412157585063660403e-01,3.422532475050118483e-01,1.037488998645808014e-03,3.112466995937424041e-03,1.278340939688260569e-02,1.589587639282002973e-02
3.411747367293490596e-01,3.422532475050118483e-01,1.078510775662788745e-03,3.235532326988366236e-03,1.230653310509421949e-02,1.554206543208258573e-02
3.411352691588752650e-01,3.422532475050118483e-01,1.117978346136583312e-03,3.353935038409749936e-03,1.184027114213836995e-02,1.519420618054811989e-02
3.410973210090195717e-01,3.422532475050118483e-01,1.155926495992276593e-03,3.467779487976829778e-03,1.138444495670798418e-02,1.485222444468481395e-02
3.410608580816083535e-01,3.422532475050118483e-01,1.192389423403494852e-03,3.577168270210484557e-03,1.093887822336547799e-02,1.451604649357596255e-02
3.410258467588464515e-01,3.422532475050118483e-01,1.227400746165396850e-03,3.682202238496190549e-03,1.050339682857059920e-02,1.418559906706678975e-02
3.409922539959912569e-01,3.422532475050118483e-01,1.260993509020591485e-03,3.782980527061774456e-03,1.007782885655839067e-02,1.386080938362016512e-02
3.409600473140744215e-01,3.422532475050118483e-01,1.293200190937426886e-03,3.879600572812280657e-03,9.662004575050620048e-03,1.354160514786290070e-02
3.409291947926723632e-01,3.422532475050118483e-01,1.324052712339485183e-03,3.972158137018455548e-03,9.255756420617489155e-03,1.322791455763594470e-02
3.408996650627261205e-01,3.422532475050118483e-01,1.353582442285727883e-03,4.060747326857183648e-03,8.858918983872809960e-03,1.291966631072999361e-02
3.408714272994109451e-01,3.422532475050118483e-01,1.381820205600903240e-03,4.145460616802709719e-03,8.471328994552607128e-03,1.261678961135531685e-02
3.408444512150569095e-01,3.422532475050118483e-01,1.408796289954938885e-03,4.226388869864816655e-03,8.092825306210693626e-03,1.231921417607551028e-02
3.408187070521204731e-01,3.422532475050118483e-01,1.434540452891375217e-03,4.303621358674125652e-03,7.723248880930899674e-03,1.202687023960502533e-02
3.407941655762080080e-01,3.422532475050118483e-01,1.459081928803840356e-03,4.377245786411521067e-03,7.362442773739541479e-03,1.173968856015106255e-02
3.407707980691515592e-01,3.422532475050118483e-01,1.482449435860289100e-03,4.447348307580867299e-03,7.010252116934623245e-03,1.145760042451549054e-02
3.407485763221375086e-01,3.422532475050118483e-01,1.504671182874339763e-03,4.514013548623019290e-03,6.666524104215199031e-03,1.118053765283821832e-02
3.407274726288887501e-01,3.422532475050118483e-01,1.525774876123098256e-03,4.577324628369294768e-03,6.331107974627547819e-03,1.090843260299684259e-02
3.407074597789003234e-01,3.422532475050118483e-01,1.545787726111524929e-03,4.637363178334574787e-03,6.003854996528001919e-03,1.064121817486257671e-02
3.406885110507293923e-01,3.422532475050118483e-01,1.564736454282456002e-03,4.694209362847368006e-03,5.684618451279321860e-03,1.037882781412668987e-02
3.406706002053398463e-01,3.422532475050118483e-01,1.582647299672002017e-03,4.747941899016006051e-03,5.373253616863804538e-03,1.012119551587981059e-02
3.406537014795019136e-01,3.422532475050118483e-01,1.599546025509934744e-03,4.798638076529804231e-03,5.069617751379817960e-03,9.868255827909622191e-03
3.406377895792467303e-01,3.422532475050118483e-01,1.615457925765118041e-03,4.846373777295354124e-03,4.773570076554989328e-03,9.619943853850343451e-03
3.406228396733769759e-01,3.422532475050118483e-01,1.630407831634872462e-03,4.891223494904617386e-03,4.484971760926326212e-03,9.376195255830943598e-03
3.406088273870327976e-01,3.422532475050118483e-01,1.644420117979050744e-03,4.933260353937152232e-03,4.203685903253484568e-03,9.136946257190636800e-03
3.405957287953143009e-01,3.422532475050118483e-01,1.657518709697547443e-03,4.972556129092642330e-03,3.929577515549009803e-03,8.902133644641652133e-03
3.405835204169602726e-01,3.422532475050118483e-01,1.669727088051575770e-03,5.009181264154727309e-03,3.662513506208497915e-03,8.671694770363225224e-03
3.405721792080833032e-01,3.422532475050118483e-01,1.681068296928545092e-03,5.043204890785635275e-03,3.402362663090796602e-03,8.445567553876431877e-03
3.405616825559616978e-01,3.422532475050118483e-01,1.691564949050150535e-03,5.074694847150451604e-03,3.148995636481632943e-03,8.223690483632084547e-03
3.405520082728884512e-01,3.422532475050118483e-01,1.701239232123397116e-03,5.103717696370191348e-03,2.902284921973974363e-03,8.006002618344165711e-03
3.405431345900770679e-01,3.422532475050118483e-01,1.710112914934780459e-03,5.130338744804341378e-03,2.662104843415002975e-03,7.792443588219344353e-03
3.405350401516245018e-01,3.422532475050118483e-01,1.718207353387346537e-03,5.154622060162039610e-03,2.428331535769823191e-03,7.582953595931862800e-03
3.405277040085315510e-01,3.422532475050118483e-01,1.725543496480297367e-03,5.176630489440892102e-03,2.200842927885249267e-03,7.377473417326141369e-03
3.405211056127803171e-01,3.422532475050118483e-01,1.732141892231531255e-03,5.196425676694593765e-03,1.979518725370166266e-03,7.175944402064760030e-03
3.405152248114692859e-01,3.422532475050118483e-01,1.738022693542562447e-03,5.214068080627687340e-03,1.764240393309357557e-03,6.978308473937044898e-03
3.405100418410056395e-01,3.422532475050118483e-01,1.743205664006208799e-03,5.229616992018626398e-03,1.554891139093905750e-03,6.784508131112532148e-03
3.405055373213551340e-01,3.422532475050118483e-01,1.747710183656714378e-03,5.243130550970143133e-03,1.351355895151673536e-03,6.594486446121816670e-03
3.405016922503492083e-01,3.422532475050118483e-01,1.751555254662640060e-03,5.254665763987920180e-03,1.153521301777704622e-03,6.408187065765624801e-03
3.404984879980498813e-01,3.422532475050118483e-01,1.754759506961967030e-03,5.264278520885901091e-03,9.612756897980911930e-04,6.225554210683992284e-03
3.404959063011716025e-01,3.422532475050118483e-01,1.757341203840245836e-03,5.272023611520737507e-03,7.745090634836415688e-04,6.046532675004379076e-03
3.404939292575608345e-01,3.422532475050118483e-01,1.759318247451013839e-03,5.277954742353041517e-03,5.931130832304010170e-04,5.871067825583442534e-03
3.404925393207326456e-01,3.422532475050118483e-01,1.760708184279202726e-03,5.282124552837608178e-03,4.169810484566660591e-04,5.699105601294274237e-03
3.404917192944645343e-01,3.422532475050118483e-01,1.761528210547314011e-03,5.284584631641942032e-03,2.460078804333853952e-04,5.530592512075327427e-03
3.404914523274476523e-01,3.422532475050118483e-01,1.761795177564196013e-03,5.285385532692588040e-03,8.009010506460079171e-05,5.365475637757188832e-03
3.404917219079945379e-01,3.422532475050118483e-01,1.761525597017310485e-03,5.284576791051931455e-03,-8.087416406565850480e-05,5.203702626986272950e-03
3.404925118588041366e-01,3.422532475050118483e-01,1.760735646207711724e-03,5.282206938623135173e-03,-2.369852428796281885e-04,5.045221695743506984e-03
3.404938063317833330e-01,3.422532475050118483e-01,1.759441173228515343e-03,5.278323519685546028e-03,-3.883418937589144804e-04,4.889981625926631548e-03
3.404955898029251027e-01,3.422532475050118483e-01,1.757657702086745655e-03,5.272973106260236964e-03,-5.350413425309064053e-04,4.737931763729330559e-03
3.404978470672432311e-01,3.422532475050118483e-01,1.755400437768617206e-03,5.266201313305851617e-03,-6.771792954385347230e-04,4.589022017867316894e-03
3.405005632337631538e-01,3.422532475050118483e-01,1.752684271248694525e-03,5.258052813746083576e-03,-8.148499559768040967e-04,4.443202857769279479e-03
3.405037237205688627e-01,3.422532475050118483e-01,1.749523784442985619e-03,5.248571353328956857e-03,-9.481460417126719165e-04,4.300425311616284940e-03
3.405073142499057126e-01,3.422532475050118483e-01,1.745933255106135729e-03,5.237799765318407186e-03,-1.077158801054967086e-03,4.160640964263440100e-03
3.405113208433390160e-01,3.422532475050118483e-01,1.741926661672832388e-03,5.225779985018497165e-03,-1.201978029991002117e-03,4.023801955027495048e-03
3.405157298169678159e-01,3.422532475050118483e-01,1.737517688044032393e-03,5.212553064132097180e-03,-1.322692088639998431e-03,3.889860975492098749e-03
3.405205277766941707e-01,3.422532475050118483e-01,1.732719728317677621e-03,5.198159184953032863e-03,-1.439387917906431724e-03,3.758771267046601139e-03
3.405257016135472270e-01,3.422532475050118483e-01,1.727545891464621342e-03,5.182637674393864025e-03,-1.552151055916883848e-03,3.630486618476980176e-03
3.405312384990621388e-01,3.422532475050118483e-01,1.722009005949709515e-03,5.166027017849128544e-03,-1.661065654473548037e-03,3.504961363375580508e-03
3.405371258807133872e-01,3.422532475050118483e-01,1.716121624298461157e-03,5.148364872895383471e-03,-1.766214495374507365e-03,3.382150377520876106e-03
3.405433514774023895e-01,3.422532475050118483e-01,1.709896027609458802e-03,5.129688082828376405e-03,-1.867679006700706523e-03,3.262009076127669882e-03
3.405499032749990107e-01,3.422532475050118483e-01,1.703344230012837635e-03,5.110032690038512904e-03,-1.965539278986350169e-03,3.144493411052162735e-03
3.405567695219366975e-01,3.422532475050118483e-01,1.696477983075150853e-03,5.089433949225452558e-03,-2.059874081306034554e-03,3.029559867919418004e-03
3.405639387248611816e-01,3.422532475050118483e-01,1.689308780150666767e-03,5.067926340452000300e-03,-2.150760877345225808e-03,2.917165463106774492e-03
3.405713996443319735e-01,3.422532475050118483e-01,1.681847860679874795e-03,5.045543582039624386e-03,-2.238275841237591379e-03,2.807267740802033007e-03
3.405791412905768700e-01,3.422532475050118483e-01,1.674106214434978313e-03,5.022318643304934938e-03,-2.322493873468944869e-03,2.699824769835990068e-03
3.405871529192987524e-01,3.422532475050118483e-01,1.666094585713095988e-03,4.998283757139287964e-03,-2.403488616564697367e-03,2.594795140574590597e-03
3.405954240275346767e-01,3.422532475050118483e-01,1.657823477477171625e-03,4.973470432431514876e-03,-2.481332470777308785e-03,2.492137961654206091e-03
3.406039443495667562e-01,3.422532475050118483e-01,1.649303155445092095e-03,4.947909466335276285e-03,-2.556096609623859095e-03,2.391812856711417190e-03
3.406127038528845019e-01,3.422532475050118483e-01,1.640543652127346430e-03,4.921630956382039290e-03,-2.627850995323699479e-03,2.293779961058339811e-03
3.406216927341983447e-01,3.422532475050118483e-01,1.631554770813503641e-03,4.894664312440510923e-03,-2.696664394152836763e-03,2.197999918287674159e-03
3.406309014155040615e-01,3.422532475050118483e-01,1.622346089507786804e-03,4.867038268523360411e-03,-2.762604391715051122e-03,2.104433876808309289e-03
3.406403205401974388e-01,3.422532475050118483e-01,1.612926964814409558e-03,4.838780894443228675e-03,-2.825737408013173635e-03,2.013043486430055040e-03
3.406499409692394509e-01,3.422532475050118483e-01,1.603306535772397456e-03,4.809919607317192369e-03,-2.886128712603630575e-03,1.923790894713561794e-03
3.406597537773709550e-01,3.422532475050118483e-01,1.593493727640893365e-03,4.780481182922680095e-03,-2.943842439451227477e-03,1.836638743471452617e-03
3.406697502493767904e-01,3.422532475050118483e-01,1.583497255635057943e-03,4.750491766905173829e-03,-2.998941601750626518e-03,1.751550165154547312e-03
3.406799218763991166e-01,3.422532475050118483e-01,1.573325628612731730e-03,4.719976885838195191e-03,-3.051488106697863856e-03,1.668488779140331335e-03
3.406902603522993789e-01,8.785813131933597475e-01,5.378910528410603131e-01,1.613673158523180939e+00,0.000000000000000000e+00,1.613673158523180939e+00
3.408619661440519533e-01,8.785813131933597475e-01,5.377193470493077943e-01,1.613158041147923383e+00,-5.151173752575566311e-02,1.561646303622167720e+00
3.411898365661667487e-01,8.785813131933597475e-01,5.373914766271929988e-01,1.612174429881578996e+00,-9.836112663443863369e-02,1.513813303247140363e+00
3.416690883186062622e-01,8.785813131933597475e-01,5.369122248747535409e-01,1.610736674624260623e+00,-1.437755257318373836e-01,1.466961148892423239e+00
3.422950361859350421e-01,8.785813131933597475e-01,5.362862770074247054e-01,1.608858831022274227e+00,-1.877843601986506350e-01,1.421074470823623592e+00
3.430630915003461401e-01,8.785813131933597475e-01,5.355182216930136629e-01,1.606554665079040989e+00,-2.304165943233127400e-01,1.376138070755728249e+00
3.439687606218328475e-01,8.785813131933597475e-01,5.346125525715268445e-01,1.603837657714580534e+00,-2.717007364460455321e-01,1.332136921268535001e+00
3.450076434354463761e-01,8.785813131933597475e-01,5.335736697579134269e-01,1.600721009273740281e+00,-3.116648440840252832e-01,1.289056165189714998e+00
3.461754318655789198e-01,8.785813131933597475e-01,5.324058813277807722e-01,1.597217643983342317e+00,-3.503365290397963960e-01,1.246881114943545921e+00
3.474679084072058166e-01,8.785813131933597475e-01,5.311134047861538754e-01,1.593340214358461626e+00,-3.877429624880690540e-01,1.205597251870392572e+00
3.488809446740197551e-01,8.785813131933597475e-01,5.297003685193399924e-01,1.589101105558019977e+00,-4.239108800441648839e-01,1.165190225513855093e+00
3.504104999633850248e-01,8.785813131933597475e-01,5.281708132299747227e-01,1.584512439689924168e+00,-4.588665868095809230e-01,1.125645852880343245e+00
3.520526198380383720e-01,8.785813131933597475e-01,5.265286933553213755e-01,1.579586080065964016e+00,-4.926359623960041567e-01,1.086950117669959859e+00
3.538034347244586875e-01,8.785813131933597475e-01,5.247778784689010045e-01,1.574333635406703014e+00,-5.252444659261112925e-01,1.049089169480591721e+00
3.556591585278270906e-01,8.785813131933597475e-01,5.229221546655327124e-01,1.568766463996598137e+00,-5.567171410104876372e-01,1.012049322986110500e+00
3.576160872634940868e-01,8.785813131933597475e-01,5.209652259298656052e-01,1.562895677789596816e+00,-5.870786207001321699e-01,9.758170570894646456e-01
3.596705977048700320e-01,8.785813131933597475e-01,5.189107154884897710e-01,1.556732146465469313e+00,-6.163531324127502486e-01,9.403790140527190644e-01
3.618191460476512522e-01,8.785813131933597475e-01,5.167621671457085508e-01,1.550286501437125652e+00,-6.445645028343660599e-01,9.057219986027595926e-01
3.640582665902927229e-01,8.785813131933597475e-01,5.145230466030670247e-01,1.543569139809201074e+00,-6.717361627924578471e-01,8.718329770167432269e-01
3.663845704306358808e-01,8.785813131933597475e-01,5.121967427627238667e-01,1.536590228288171600e+00,-6.978911521029473874e-01,8.386990761852242127e-01
3.687947441785975888e-01,8.785813131933597475e-01,5.097865690147621587e-01,1.529359707044286587e+00,-7.230521243885124072e-01,8.063075826557741799e-01
3.712855486848248288e-01,8.785813131933597475e-01,5.072957645085349743e-01,1.521887293525604923e+00,-7.472413518681553235e-01,7.746459416574495993e-01
3.738538177852178679e-01,8.785813131933597475e-01,5.047274954081418796e-01,1.514182486224425528e+00,-7.704807301179283918e-01,7.437017561064971360e-01
3.764964570612215344e-01,8.785813131933597475e-01,5.020848561321382686e-01,1.506254568396414806e+00,-7.927917828010833112e-01,7.134627855953314945e-01
3.792104426157847374e-01,8.785813131933597475e-01,4.993708705775750101e-01,1.498112611732725030e+00,-8.141956663689775553e-01,6.839169453637474749e-01
3.819928198648843143e-01,8.785813131933597475e-01,4.965884933284754332e-01,1.489765479985426300e+00,-8.347131747298730531e-01,6.550523052555532466e-01
3.848407023445094555e-01,8.785813131933597475e-01,4.937406108488502920e-01,1.481221832546550932e+00,-8.543647438875423550e-01,6.268570886590085767e-01
3.877512705330004583e-01,8.785813131933597475e-01,4.908300426603592892e-01,1.472490127981077812e+00,-8.731704565473008550e-01,5.993196714337769571e-01
3.907217706886348396e-01,8.785813131933597475e-01,4.878595425047249079e-01,1.463578627514174668e+00,-8.911500466903143902e-01,5.724285808238602780e-01
3.937495137023516167e-01,8.785813131933597475e-01,4.848317994910081308e-01,1.454495398473024448e+00,-9.083229041150331362e-01,5.461724943579913116e-01
3.968318739655041782e-01,8.785813131933597475e-01,4.817494392278555693e-01,1.445248317683566652e+00,-9.247080789457684524e-01,5.205402387377981999e-01
3.999662882525305552e-01,8.785813131933597475e-01,4.786150249408291923e-01,1.435845074822487577e+00,-9.403242861079130765e-01,4.955207887145745005e-01
4.031502546184284053e-01,8.785813131933597475e-01,4.754310585749313423e-01,1.426293175724794082e+00,-9.551899097693550278e-01,4.711032659554390545e-01
4.063813313109218006e-01,8.785813131933597475e-01,4.721999818824379469e-01,1.416599945647313952e+00,-9.693230077480186058e-01,4.472769378992953460e-01
4.096571356972050770e-01,8.785813131933597475e-01,4.689241774961546705e-01,1.406772532488464122e+00,-9.827413158849829244e-01,4.240312166034811980e-01
4.129753432051487261e-01,8.785813131933597475e-01,4.656059699882110214e-01,1.396817909964632953e+00,-9.954622523830947145e-01,4.013556575815382388e-01
4.163336862788505344e-01,8.785813131933597475e-01,4.622476269145092131e-01,1.386742880743527584e+00,-1.007502922110542487e+00,3.792399586329850969e-01
4.197299533484156187e-01,8.785813131933597475e-01,4.588513598449441289e-01,1.376554079534832331e+00,-1.018880120869525285e+00,3.576739586653070457e-01
4.231619878138472290e-01,8.785813131933597475e-01,4.554193253795125185e-01,1.366257976138537611e+00,-1.029610339629483118e+00,3.366476365090544931e-01
4.266276870429297485e-01,8.785813131933597475e-01,4.519536261504299990e-01,1.355860878451289997e+00,-1.039709768724755845e+00,3.161511097265341519e-01
4.301250013829849284e-01,8.785813131933597475e-01,4.484563118103748192e-01,1.345368935431124457e+00,-1.049194302016553948e+00,2.961746334145705095e-01
4.336519331863815663e-01,8.785813131933597475e-01,4.449293800069781812e-01,1.334788140020934488e+00,-1.058079541018991376e+00,2.767085990019431119e-01
4.372065358496783904e-01,8.785813131933597475e-01,4.413747773436813571e-01,1.324124332031044071e+00,-1.066380798989047252e+00,2.577435330419968196e-01
4.407869128662794123e-01,8.785813131933597475e-01,4.377944003270803353e-01,1.313383200981240950e+00,-1.074113104980306543e+00,2.392700960009344069e-01
4.443912168924805672e-01,8.785813131933597475e-01,4.341900963008791803e-01,1.302570288902637596e+00,-1.081291207860346493e+00,2.212790810422911036e-01
4.480176488267859081e-01,8.785813131933597475e-01,4.305636643665738394e-01,1.291690993099721574e+00,-1.087929580291602250e+00,2.037614128081193243e-01
4.516644569023720579e-01,8.785813131933597475e-01,4.269168562909876896e-01,1.280750568872963013e+00,-1.094042422675844950e+00,1.867081461971180634e-01
4.553299357925779667e-01,8.785813131933597475e-01,4.232513774007817808e-01,1.269754132202345343e+00,-1.099643667061772634e+00,1.701104651405727086e-01
4.590124257292979015e-01,8.785813131933597475e-01,4.195688874640618460e-01,1.258706662392185649e+00,-1.104746981015980456e+00,1.539596813762051930e-01
4.627103116341554911e-01,8.785813131933597475e-01,4.158710015592042564e-01,1.247613004677612825e+00,-1.109365771457276884e+00,1.382472332203359411e-01
4.664220222623350898e-01,8.785813131933597475e-01,4.121592909310246577e-01,1.236477872793074084e+00,-1.113513188453879588e+00,1.229646843391944966e-01
4.701460293589486139e-01,8.785813131933597475e-01,4.084352838344111336e-01,1.225305851503233345e+00,-1.117202128984057241e+00,1.081037225191761042e-01
4.738808468278140618e-01,8.785813131933597475e-01,4.047004663655456858e-01,1.214101399096636946e+00,-1.120445240659634356e+00,9.365615843700259013e-02
4.776250299125232024e-01,8.785813131933597475e-01,4.009562832808365451e-01,1.202868849842509746e+00,-1.123254925412742189e+00,7.961392442976755746e-02
4.813771743896753108e-01,8.785813131933597475e-01,3.972041388036844367e-01,1.191612416411053310e+00,-1.125643343145632524e+00,6.596907326542078565e-02
4.851359157741539918e-01,8.785813131933597475e-01,3.934453974192057557e-01,1.180336192257617212e+00,-1.127622415343604301e+00,5.271377691401291088e-02
4.888999285363240244e-01,8.785813131933597475e-01,3.896813846570357232e-01,1.169044153971107169e+00,-1.129203828651009767e+00,3.984032532009740279e-02
4.926679253310261020e-01,8.785813131933597475e-01,3.859133878623336456e-01,1.157740163587000826e+00,-1.130399038410623280e+00,2.734112517637754536e-02
4.964386562382457901e-01,8.785813131933597475e-01,3.821426569551139574e-01,1.146427970865341983e+00,-1.131219272165906453e+00,1.520869869943552999e-02
5.002109080153354093e-01,8.785813131933597475e-01,3.783704051780243383e-01,1.135111215534073015e+00,-1.131675533126885735e+00,3.435682407187279352e-03
5.039835033606657744e-01,8.785813131933597475e-01,3.745978098326939731e-01,1.123793429498082030e+00,-1.131778603599109534e+00,-7.985174101027503468e-03
5.077553001885860562e-01,8.785813131933597475e-01,3.708260130047736913e-01,1.112478039014320963e+00,-1.131539048376084544e+00,-1.906100936176358118e-02
5.115251909155701382e-01,8.785813131933597475e-01,3.670561222777896093e-01,1.101168366833368939e+00,-1.130967218095224602e+00,-2.979885126185566335e-02
5.152921017574280116e-01,8.785813131933597475e-01,3.632892114359317359e-01,1.089867634307795097e+00,-1.130073252557362018e+00,-4.020561824956692121e-02
5.190549920374609716e-01,8.785813131933597475e-01,3.595263211558987759e-01,1.078578963467696328e+00,-1.128867084009888000e+00,-5.028812054219167216e-02
5.228128535054397119e-01,8.785813131933597475e-01,3.557684596879200356e-01,1.067305379063760107e+00,-1.127358440393622097e+00,-6.005306132986198975e-02
5.265647096672854133e-01,8.785813131933597475e-01,3.520166035260743342e-01,1.056049810578223003e+00,-1.125556848553710410e+00,-6.950703797548740681e-02
5.303096151253335888e-01,8.785813131933597475e-01,3.482716980680261587e-01,1.044815094204078587e+00,-1.123471637414452662e+00,-7.865654321037407470e-02
5.340466549290607823e-01,8.785813131933597475e-01,3.445346582642989652e-01,1.033603974792896896e+00,-1.121111941118158040e+00,-8.750796632526114394e-02
5.377749439361554362e-01,8.785813131933597475e-01,3.408063692572043113e-01,1.022419107771612934e+00,-1.118486702128396182e+00,-9.606759435678324799e-02
5.414936261838143583e-01,8.785813131933597475e-01,3.370876870095453892e-01,1.011263061028636168e+00,-1.115604674297676624e+00,-1.043416132690404563e-01
5.452018742701464360e-01,8.785813131933597475e-01,3.333794389232133115e-01,1.000138316769640046e+00,-1.112474425899623309e+00,-1.123361091299832637e-01
5.488988887455654719e-01,8.785813131933597475e-01,3.296824244477942756e-01,9.890472733433828267e-01,-1.109104342625710782e+00,-1.200570692823279551e-01
5.525838975140562326e-01,8.785813131933597475e-01,3.259974156793035149e-01,9.779922470379105448e-01,-1.105502630547228193e+00,-1.275103835093176485e-01
5.562561552441961377e-01,8.785813131933597475e-01,3.223251579491636098e-01,9.669754738474908295e-01,-1.101677319041971526e+00,-1.347018451944806960e-01
5.599149427898165721e-01,8.785813131933597475e-01,3.186663704035431754e-01,9.559991112106295263e-01,-1.097636263686130320e+00,-1.416371524755007938e-01
5.635595666201894671e-01,8.785813131933597475e-01,3.150217465731702804e-01,9.450652397195108412e-01,-1.093387149111868517e+00,-1.483219093923576759e-01
5.671893582596231331e-01,8.785813131933597475e-01,3.113919549337366144e-01,9.341758648012098432e-01,-1.088937491830099802e+00,-1.547616270288899587e-01
5.708036737363538782e-01,8.785813131933597475e-01,3.077776394570058693e-01,9.233329183710176080e-01,-1.084294643019223514e+00,-1.609617246482059061e-01
5.744018930406198375e-01,8.785813131933597475e-01,3.041794201527399100e-01,9.125382604582197299e-01,-1.079465791279787812e+00,-1.669275308215680820e-01
5.779834195918036599e-01,8.785813131933597475e-01,3.005978936015560876e-01,9.017936808046682629e-01,-1.074457965355146705e+00,-1.726642845504784418e-01
5.815476797145323617e-01,8.785813131933597475e-01,2.970336334788273858e-01,8.911009004364821573e-01,-1.069278036818610556e+00,-1.781771363821283982e-01
5.850941221236228840e-01,8.785813131933597475e-01,2.934871910697368635e-01,8.804615732092105906e-01,-1.063932722727156666e+00,-1.834711495179460750e-01
5.886222174177616617e-01,8.785813131933597475e-01,2.899590957755980858e-01,8.698772873267942574e-01,-1.058428588241633328e+00,-1.885513009148390706e-01
5.921314575818088510e-01,8.785813131933597475e-01,2.864498556115508965e-01,8.593495668346526895e-01,-1.052772049214156791e+00,-1.934224823795041015e-01
5.956213554976181879e-01,8.785813131933597475e-01,2.829599576957415596e-01,8.488798730872246789e-01,-1.046969374742801051e+00,-1.980895016555763721e-01
5.990914444632619018e-01,8.785813131933597475e-01,2.794898687300978457e-01,8.384696061902935371e-01,-1.041026689693114182e+00,-2.025570835028206451e-01
6.025412777205553239e-01,8.785813131933597475e-01,2.760400354728044237e-01,8.281201064184132710e-01,-1.034949977188026615e+00,-2.068298707696133443e-01
6.059704279907718316e-01,8.785813131933597475e-01,2.726108852025879159e-01,8.178326556077637477e-01,-1.028745081064952327e+00,-2.109124254571885793e-01
6.093784870184425495e-01,8.785813131933597475e-01,2.692028261749171980e-01,8.076084785247515940e-01,-1.022417708301215367e+00,-2.148092297764637726e-01
6.127650651231356660e-01,8.785813131933597475e-01,2.658162480702240815e-01,7.974487442106722446e-01,-1.015973431407934946e+00,-2.185246871972627014e-01
6.161297907591091194e-01,8.785813131933597475e-01,2.624515224342506281e-01,7.873545673027518843e-01,-1.009417690792036026e+00,-2.220631234892841421e-01
6.194723100827336237e-01,8.785813131933597475e-01,2.591090031106261238e-01,7.773270093318783713e-01,-1.002755797087351297e+00,-2.254287877554729258e-01
6.227922865275825615e-01,8.785813131933597475e-01,2.557890266657771861e-01,7.673670799973315582e-01,-9.959929334546813173e-01,-2.286258534573497592e-01
6.260894003870857150e-01,8.785813131933597475e-01,2.524919128062740326e-01,7.574757384188220977e-01,-9.891341578509460497e-01,-2.316584194321239520e-01
6.293633484046456950e-01,8.785813131933597475e-01,2.492179647887140526e-01,7.476538943661421577e-01,-9.821844052679939985e-01,-2.345305109018518408e-01
6.326138433711154807e-01,8.785813131933597475e-01,2.459674698222442668e-01,7.379024094667328004e-01,-9.751484899409357254e-01,-2.372460804742029250e-01
6.358406137295378180e-01,8.785813131933597475e-01,2.427406994638219295e-01,7.282220983914657886e-01,-9.680311075267011844e-01,-2.398090091352353959e-01
6.390434031870466658e-01,8.785813131933597475e-01,2.395379100063130817e-01,7.186137300189392452e-01,-9.608368372526543411e-01,-2.422231072337150959e-01
6.422219703338321040e-01,8.785813131933597475e-01,2.363593428595276436e-01,7.090780285785829307e-01,-9.535701440356314507e-01,-2.444921154570485200e-01
6.453760882690718903e-01,8.785813131933597475e-01,2.332052249242878572e-01,6.996156747728635716e-01,-9.462353805719359023e-01,-2.466197057990723307e-01
6.485055442337317455e-01,8.785813131933597475e-01,2.300757689596280020e-01,6.902273068788840060e-01,-9.388367893979565615e-01,-2.486094825190725555e-01
6.516101392501396639e-01,8.785813131933597475e-01,2.269711739432200837e-01,6.809135218296602510e-01,-9.313785049223755053e-01,-2.504649830927152543e-01
6.546896877682383264e-01,8.785813131933597475e-01,2.238916254251214211e-01,6.716748762753642632e-01,-9.238645554295987772e-01,-2.521896791542345140e-01
6.577440173184215810e-01,8.785813131933597475e-01,2.208372958749381665e-01,6.625118876248144995e-01,-9.162988650549763747e-01,-2.537869774301618753e-01
6.607729681708618408e-01,8.785813131933597475e-01,2.178083450224979067e-01,6.534250350674937202e-01,-9.086852557320779233e-01,-2.552602206645842031e-01
6.637763930012355873e-01,8.785813131933597475e-01,2.148049201921241602e-01,6.444147605763724806e-01,-9.010274491121239571e-01,-2.566126885357514764e-01
6.667541565627558287e-01,8.785813131933597475e-01,2.118271566306039189e-01,6.354814698918117566e-01,-8.933290684560724060e-01,-2.578475985642606494e-01
6.697061353644195858e-01,8.785813131933597475e-01,2.088751778289401617e-01,6.266255334868204852e-01,-8.855936404991271438e-01,-2.589681070123066586e-01
6.726322173553821449e-01,8.785813131933597475e-01,2.059490958379776027e-01,6.178472875139328080e-01,-8.778245972887677162e-01,-2.599773097748349082e-01
6.755323016153672588e-01,8.785813131933597475e-01,2.030490115779924887e-01,6.091470347339774660e-01,-8.700252779955341964e-01,-2.608782432615567304e-01
6.784062980510261465e-01,8.785813131933597475e-01,2.001750151423336010e-01,6.005250454270008031e-01,-8.621989306976662881e-01,-2.616738852706654850e-01
6.812541270981580244e-01,8.785813131933597475e-01,1.973271860952017231e-01,5.919815582856051694e-01,-8.543487141395633699e-01,-2.623671558539582005e-01
6.840757194297044652e-01,8.785813131933597475e-01,1.945055937636552823e-01,5.835167812909658469e-01,-8.464776994639322538e-01,-2.629609181729664069e-01
6.868710156694336488e-01,8.785813131933597475e-01,1.917102975239260987e-01,5.751308925717782961e-01,-8.385888719187550855e-01,-2.634579793469767894e-01
6.896399661112281310e-01,8.785813131933597475e-01,1.889413470821316166e-01,5.668240412463948497e-01,-8.306851325383446394e-01,-2.638610912919497897e-01
6.923825304438934181e-01,8.785813131933597475e-01,1.861987827494663295e-01,5.585963482483989884e-01,-8.227692997995861290e-01,-2.641729515511871407e-01
6.950986774814035263e-01,8.785813131933597475e-01,1.834826357119562212e-01,5.504479071358686637e-01,-8.148441112530324659e-01,-2.643962041171638022e-01
6.977883848985019233e-01,8.785813131933597475e-01,1.807929282948578242e-01,5.423787848845734727e-01,-8.069122251295191006e-01,-2.645334402449456279e-01
7.004516389715758073e-01,8.785813131933597475e-01,1.781296742217839402e-01,5.343890226653518205e-01,-7.989762219221652195e-01,-2.645871992568133990e-01
7.030884343247240098e-01,8.785813131933597475e-01,1.754928788686357377e-01,5.264786366059072131e-01,-7.910386059444607376e-01,-2.645599693385535245e-01
7.056987736809383627e-01,8.785813131933597475e-01,1.728825395124213848e-01,5.186476185372641545e-01,-7.831018068643058605e-01,-2.644541883270417060e-01
7.082826676183200387e-01,8.785813131933597475e-01,1.702986455750397088e-01,5.108959367251191264e-01,-7.751681812145028161e-01,-2.642722444893836897e-01
7.108401343312528153e-01,8.785813131933597475e-01,1.677411788621069322e-01,5.032235365863207965e-01,-7.672400138798329827e-01,-2.640164772935121862e-01
7.133711993964562126e-01,8.785813131933597475e-01,1.652101137969035349e-01,4.956303413907106048e-01,-7.593195195610191739e-01,-2.636891781703085691e-01
7.158758955438425664e-01,8.785813131933597475e-01,1.627054176495171811e-01,4.881162529485515433e-01,-7.514088442159061465e-01,-2.632925912673546032e-01
7.183542624321022085e-01,8.785813131933597475e-01,1.602270507612575390e-01,4.806811522837726169e-01,-7.435100664778926394e-01,-2.628289141941200224e-01
7.208063464289424793e-01,8.785813131933597475e-01,1.577749667644172682e-01,4.733249002932518046e-01,-7.356251990520812356e-01,-2.623002987588294310e-01
7.232322003959068546e-01,8.785813131933597475e-01,1.553491127974528929e-01,4.660473383923586788e-01,-7.277561900893125824e-01,-2.617088516969539036e-01
7.256318834777014670e-01,8.785813131933597475e-01,1.529494297156582805e-01,4.588482891469748415e-01,-7.199049245383837281e-01,-2.610566353914088866e-01
7.280054608959569684e-01,8.785813131933597475e-01,1.505758522974027791e-01,4.517275568922083373e-01,-7.120732254766504177e-01,-2.603456685844420804e-01
7.303530037473540126e-01,8.785813131933597475e-01,1.482283094460057349e-01,4.446849283380172047e-01,-7.042628554191132650e-01,-2.595779270810960604e-01
7.326745888060429701e-01,8.785813131933597475e-01,1.459067243873167774e-01,4.377201731619503322e-01,-6.964755176066872444e-01,-2.587553444447369122e-01
7.349702983302874859e-01,8.785813131933597475e-01,1.436110148630722616e-01,4.308330445892167848e-01,-6.887128572733547394e-01,-2.578798126841379545e-01
7.372402198732636025e-01,8.785813131933597475e-01,1.413410933200961450e-01,4.240232799602884350e-01,-6.809764628928349772e-01,-2.569531829325465422e-01
7.394844460979463907e-01,8.785813131933597475e-01,1.390968670954133568e-01,4.172906012862400704e-01,-6.732678674048364620e-01,-2.559772661185963916e-01
7.417030745960173643e-01,8.785813131933597475e-01,1.368782385973423832e-01,4.106347157920271496e-01,-6.655885494212920861e-01,-2.549538336292649365e-01
7.438962077107253990e-01,8.785813131933597475e-01,1.346851054826343486e-01,4.040553164479030457e-01,-6.579399344124103877e-01,-2.538846179645073420e-01
7.460639523636369841e-01,8.785813131933597475e-01,1.325173608297227634e-01,3.975520824891682903e-01,-6.503233958734755404e-01,-2.527713133843072502e-01
7.482064198852100834e-01,8.785813131933597475e-01,1.303748933081496642e-01,3.911246799244489925e-01,-6.427402564719297828e-01,-2.516155765474807904e-01
7.503237258491284312e-01,8.785813131933597475e-01,1.282575873442313164e-01,3.847727620326939491e-01,-6.351917891755043399e-01,-2.504190271428103909e-01
7.524159899103325388e-01,8.785813131933597475e-01,1.261653232830272087e-01,3.784959698490816260e-01,-6.276792183612323051e-01,-2.491832485121506791e-01
7.544833356466854601e-01,8.785813131933597475e-01,1.240979775466742874e-01,3.722939326400228621e-01,-6.202037209058763878e-01,-2.479097882658535257e-01
7.565258904042118093e-01,8.785813131933597475e-01,1.220554227891479382e-01,3.661662683674438146e-01,-6.127664272579047555e-01,-2.466001588904609410e-01
7.585437851458490810e-01,8.785813131933597475e-01,1.200375280475106665e-01,3.601125841425319996e-01,-6.053684224911815015e-01,-2.452558383486495019e-01
7.605371543036514304e-01,8.785813131933597475e-01,1.180441588897083172e-01,3.541324766691249515e-01,-5.980107473407048069e-01,-2.438782706715798554e-01
7.625061356343866281e-01,8.785813131933597475e-01,1.160751775589731194e-01,3.482255326769193582e-01,-5.906943992205593297e-01,-2.424688665436399715e-01
7.644508700784674593e-01,8.785813131933597475e-01,1.141304431148922882e-01,3.423913293446768646e-01,-5.834203332242493545e-01,-2.410290038795724898e-01
7.663715016221603893e-01,8.785813131933597475e-01,1.122098115711993582e-01,3.366294347135980747e-01,-5.761894631078789963e-01,-2.395600283942809217e-01
7.682681771630138767e-01,8.785813131933597475e-01,1.103131360303458708e-01,3.309394080910376124e-01,-5.690026622560462322e-01,-2.380632541650086198e-01
7.701410463784508220e-01,8.785813131933597475e-01,1.084402668149089255e-01,3.253208004447267765e-01,-5.618607646310835868e-01,-2.365399641863568103e-01
7.719902615974691962e-01,8.785813131933597475e-01,1.065910515958905513e-01,3.197731547876716540e-01,-5.547645657055122470e-01,-2.349914109178405930e-01
7.738159776753957830e-01,8.785813131933597475e-01,1.047653355179639645e-01,3.142960065538918935e-01,-5.477148233779760567e-01,-2.334188168240841632e-01
7.756183518716399661e-01,8.785813131933597475e-01,1.029629613217197814e-01,3.088888839651593443e-01,-5.407122588732549140e-01,-2.318233749080955697e-01
7.773975437303932701e-01,8.785813131933597475e-01,1.011837694629664774e-01,3.035513083888994323e-01,-5.337575576259911969e-01,-2.302062492370917646e-01
7.791537149642229210e-01,8.785813131933597475e-01,9.942759822913682655e-02,2.982827946874104796e-01,-5.268513701488952705e-01,-2.285685754614847909e-01
7.808870293405064666e-01,8.785813131933597475e-01,9.769428385285328087e-02,2.930828515585598426e-01,-5.199943128850637031e-01,-2.269114613265038605e-01
7.825976525706572762e-01,8.785813131933597475e-01,9.598366062270247134e-02,2.879509818681074140e-01,-5.131869690452428578e-01,-2.252359871771354438e-01
7.842857522020904026e-01,8.785813131933597475e-01,9.429556099126934487e-02,2.828866829738080346e-01,-5.064298894299379405e-01,-2.235432064561299059e-01
7.859514975128779612e-01,8.785813131933597475e-01,9.262981568048178627e-02,2.778894470414453588e-01,-4.997235932362675825e-01,-2.218341461948222237e-01
7.875950594090459500e-01,8.785813131933597475e-01,9.098625378431379751e-02,2.729587613529413925e-01,-4.930685688503966269e-01,-2.201098074974552343e-01
7.892166103244642184e-01,8.785813131933597475e-01,8.936470286889552916e-02,2.680941086066865875e-01,-4.864652746254805038e-01,-2.183711660187939163e-01
7.908163241232806229e-01,8.785813131933597475e-01,8.776498907007912464e-02,2.632949672102373739e-01,-4.799141396449213559e-01,-2.166191724346839820e-01
7.923943760048535179e-01,8.785813131933597475e-01,8.618693718850622965e-02,2.585608115655186889e-01,-4.734155644718684997e-01,-2.148547529063498107e-01
7.939509424111358404e-01,8.785813131933597475e-01,8.463037078222390708e-02,2.538911123466717212e-01,-4.669699218846967703e-01,-2.130788095380250491e-01
7.954862009364643827e-01,8.785813131933597475e-01,8.309511225689536484e-02,2.492853367706860945e-01,-4.605775575985626702e-01,-2.112922208278765757e-01
7.970003302397100642e-01,8.785813131933597475e-01,8.158098295364968333e-02,2.447429488609490500e-01,-4.542387909737044538e-01,-2.094958421127554038e-01
7.984935099587444629e-01,8.785813131933597475e-01,8.008780323461528461e-02,2.402634097038458538e-01,-4.479539157103196167e-01,-2.076905060064737629e-01
7.999659206271783063e-01,8.785813131933597475e-01,7.861539256618144123e-02,2.358461776985443237e-01,-4.417232005301530151e-01,-2.058770228316086914e-01
8.014177435933289573e-01,8.785813131933597475e-01,7.716356960003079024e-02,2.314907088000923707e-01,-4.355468898451952953e-01,-2.040561810451029245e-01
8.028491609413750396e-01,8.785813131933597475e-01,7.573215225198470790e-02,2.271964567559541237e-01,-4.294252044138247015e-01,-2.022287476578705778e-01
8.042603554146553479e-01,8.785813131933597475e-01,7.432095777870439957e-02,2.229628733361131987e-01,-4.233583419840925011e-01,-2.003954686479793024e-01
8.056515103410708534e-01,8.785813131933597475e-01,7.292980285228889414e-02,2.187894085568666824e-01,-4.173464779246516265e-01,-1.985570693677849441e-01
8.070228095605496144e-01,8.785813131933597475e-01,7.155850363281013315e-02,2.146755108984303995e-01,-4.113897658436282967e-01,-1.967142549451978972e-01
8.083744373545338480e-01,8.785813131933597475e-01,7.020687583882589955e-02,2.106206275164776986e-01,-4.054883381952700816e-01,-1.948677106787923830e-01
8.097065783774501924e-01,8.785813131933597475e-01,6.887473481590955515e-02,2.066242044477286655e-01,-3.996423068749033192e-01,-1.930181024271746537e-01
8.110194175901238589e-01,8.785813131933597475e-01,6.756189560323588861e-02,2.026856868097076658e-01,-3.938517638020999634e-01,-1.911660769923922976e-01
8.123131401950982600e-01,8.785813131933597475e-01,6.626817299826148755e-02,1.988045189947844626e-01,-3.881167814923203174e-01,-1.893122624975358548e-01
8.135879315738229201e-01,8.785813131933597475e-01,6.499338161953682746e-02,1.949801448586104824e-01,-3.824374136173980254e-01,-1.874572687587875430e-01
8.148439772256717006e-01,8.785813131933597475e-01,6.373733596768804688e-02,1.912120079030641406e-01,-3.768136955546341760e-01,-1.856016876515700353e-01
8.160814627087553674e-01,8.785813131933597475e-01,6.249985048460438009e-02,1.874995514538131403e-01,-3.712456449251000379e-01,-1.837460934712868976e-01
8.173005735824918627e-01,8.785813131933597475e-01,6.128073961086788479e-02,1.838422188326036544e-01,-3.657332621209485879e-01,-1.818910432883449335e-01
8.185014953518995329e-01,8.785813131933597475e-01,6.007981784146021464e-02,1.802394535243806439e-01,-3.602765308223010443e-01,-1.800370772979204004e-01
8.196844134135774507e-01,8.785813131933597475e-01,5.889689977978229685e-02,1.766906993393468905e-01,-3.548754185033753394e-01,-1.781847191640284489e-01
8.208495130033388598e-01,8.785813131933597475e-01,5.773180019002088770e-02,1.731954005700626631e-01,-3.495298769284227447e-01,-1.763344763583600816e-01
8.219969791454644348e-01,8.785813131933597475e-01,5.658433404789531274e-02,1.697530021436859382e-01,-3.442398426376724885e-01,-1.744868404939865503e-01
8.231269966035407171e-01,8.785813131933597475e-01,5.545431658981903045e-02,1.663629497694570913e-01,-3.390052374228846865e-01,-1.726422876534275952e-01
8.242397498328516425e-01,8.785813131933597475e-01,5.434156336050810499e-02,1.630246900815243150e-01,-3.338259687932776387e-01,-1.708012787117533238e-01
8.253354229342912962e-01,8.785813131933597475e-01,5.324589025906845130e-02,1.597376707772053539e-01,-3.287019304318961055e-01,-1.689642596546907516e-01
8.264141996097655873e-01,8.785813131933597475e-01,5.216711358359416018e-02,1.565013407507824805e-01,-3.236330026422873374e-01,-1.671316618915048569e-01
8.274762631190506479e-01,8.785813131933597475e-01,5.110505007430909963e-02,1.533151502229272989e-01,-3.186190527855181642e-01,-1.653039025625908653e-01
8.285217962380795331e-01,8.785813131933597475e-01,5.005951695528021439e-02,1.501785508658406432e-01,-3.136599357086655715e-01,-1.634813848428249283e-01
8.295509812186240284e-01,8.785813131933597475e-01,4.903033197473571914e-02,1.470909959242071574e-01,-3.087554941633485761e-01,-1.616644982391414187e-01
8.305639997493446947e-01,8.785813131933597475e-01,4.801731344401505286e-02,1.440519403320451586e-01,-3.039055592161998831e-01,-1.598536188841547245e-01
8.315610329181769567e-01,8.785813131933597475e-01,4.702028027518279085e-02,1.410608408255483726e-01,-2.991099506496786020e-01,-1.580491098241302295e-01
8.325422611760268099e-01,8.785813131933597475e-01,4.603905201733293762e-02,1.381171560519988128e-01,-2.943684773549559708e-01,-1.562513213029571579e-01
8.335078643017462818e-01,8.785813131933597475e-01,4.507344889161346568e-02,1.352203466748403970e-01,-2.896809377158415799e-01,-1.544605910410011829e-01
8.344580213683616687e-01,8.785813131933597475e-01,4.412329182499807878e-02,1.323698754749942363e-01,-2.850471199846160708e-01,-1.526772445096218345e-01
8.353929107105261265e-01,8.785813131933597475e-01,4.318840248283362104e-02,1.295652074485008631e-01,-2.804668026493373212e-01,-1.509015952008364581e-01
8.363127098931705250e-01,8.785813131933597475e-01,4.226860330018922252e-02,1.268058099005676675e-01,-2.759397547933195582e-01,-1.491339448927518907e-01
8.372175956813255882e-01,8.785813131933597475e-01,4.136371751203415936e-02,1.240911525361024781e-01,-2.714657364465189460e-01,-1.473745839104164679e-01
8.381077440110896726e-01,8.785813131933597475e-01,4.047356918227007494e-02,1.214207075468102248e-01,-2.670444989292253268e-01,-1.456237913824151020e-01
8.389833299617154294e-01,8.785813131933597475e-01,3.959798323164431810e-02,1.187939496949329543e-01,-2.626757851877270511e-01,-1.438818354927940968e-01
8.398445277287919231e-01,8.785813131933597475e-01,3.873678546456782446e-02,1.162103563937034734e-01,-2.583593301229480943e-01,-1.421489737292446209e-01
8.406915105984955616e-01,8.785813131933597475e-01,3.788980259486418589e-02,1.136694077845925577e-01,-2.540948609110915690e-01,-1.404254531264990113e-01
8.415244509228865244e-01,8.785813131933597475e-01,3.705686227047322312e-02,1.111705868114196694e-01,-2.498820973172888316e-01,-1.387115105058691622e-01
8.423435200962269276e-01,8.785813131933597475e-01,3.623779309713281993e-02,1.087133792913984598e-01,-2.457207520021209568e-01,-1.370073727107224970e-01
8.431488885322961924e-01,8.785813131933597475e-01,3.543242466106355515e-02,1.062972739831906654e-01,-2.416105308207794344e-01,-1.353132568375887690e-01
8.439407256426817439e-01,8.785813131933597475e-01,3.464058755067800366e-02,1.039217626520340110e-01,-2.375511331156654471e-01,-1.336293704636314361e-01
8.447191998160209492e-01,8.785813131933597475e-01,3.386211337733879834e-02,1.015863401320163950e-01,-2.335422520017615966e-01,-1.319559118697452016e-01
8.454844783981732004e-01,8.785813131933597475e-01,3.309683479518654714e-02,9.929050438555964142e-02,-2.295835746456753590e-01,-1.302930702601157176e-01
8.462367276732993826e-01,8.785813131933597475e-01,3.234458552006036491e-02,9.703375656018109474e-02,-2.256747825378546679e-01,-1.286410259776735732e-01
8.469761128458277444e-01,8.785813131933597475e-01,3.160520034753200314e-02,9.481560104259600941e-02,-2.218155517585085335e-01,-1.269999507159125240e-01
8.477027980232845206e-01,8.785813131933597475e-01,3.087851517007522695e-02,9.263554551022568084e-02,-2.180055532370328564e-01,-1.253700077268071755e-01
8.484169461999686579e-01,8.785813131933597475e-01,3.016436699339108962e-02,9.049310098017326887e-02,-2.142444530052411977e-01,-1.237513520250679289e-01
8.491187192414503260e-01,8.785813131933597475e-01,2.946259395190942154e-02,8.838778185572826462e-02,-2.105319124445004242e-01,-1.221441305887721596e-01
8.498082778698731188e-01,8.785813131933597475e-01,2.877303532348662873e-02,8.631910597045988620e-02,-2.068675885268378423e-01,-1.205484825563779561e-01
8.504857816500402956e-01,8.785813131933597475e-01,2.809553154331945191e-02,8.428659462995835572e-02,-2.032511340501530483e-01,-1.189645394201946926e-01
8.511513889762654106e-01,8.785813131933597475e-01,2.742992421709433692e-02,8.228977265128301077e-02,-1.996821978675344944e-01,-1.173924252162514836e-01
8.518052570599689011e-01,8.785813131933597475e-01,2.677605613339084645e-02,8.032816840017253934e-02,-1.961604251110471431e-01,-1.158322567108746037e-01
8.524475419180013169e-01,8.785813131933597475e-01,2.613377127535843059e-02,7.840131382607529176e-02,-1.926854574097247585e-01,-1.142841435836494668e-01
8.530783983616753163e-01,8.785813131933597475e-01,2.550291483168443119e-02,7.650874449505329356e-02,-1.892569331021998202e-01,-1.127481886071465267e-01
8.536979799864886642e-01,8.785813131933597475e-01,2.488333320687108330e-02,7.464999962061324990e-02,-1.858744874440043660e-01,-1.112244878233911161e-01
8.543064391625195819e-01,8.785813131933597475e-01,2.427487403084016560e-02,7.282462209252049679e-02,-1.825377528092753110e-01,-1.097131307167548142e-01
8.549039270254789047e-01,8.785813131933597475e-01,2.367738616788084283e-02,7.103215850364252848e-02,-1.792463588877968306e-01,-1.082142003841543021e-01
8.554905934683998403e-01,8.785813131933597475e-01,2.309071972495990721e-02,6.927215917487972163e-02,-1.759999328762806847e-01,-1.067277737014009631e-01
8.560665871339505628e-01,8.785813131933597475e-01,2.251472605940918470e-02,6.754417817822755410e-02,-1.727980996652167534e-01,-1.052539214869891993e-01
8.566320554073526550e-01,8.785813131933597475e-01,2.194925778600709254e-02,6.584777335802127762e-02,-1.696404820206276476e-01,-1.037927086626063700e-01
8.571871444098884130e-01,8.785813131933597475e-01,2.139416878347133455e-02,6.418250635041400365e-02,-1.665267007607273975e-01,-1.023441944103133938e-01
8.577319989929831356e-01,8.785813131933597475e-01,2.084931420037661187e-02,6.254794260112983562e-02,-1.634563749284168033e-01,-1.009084323272869677e-01
8.582667627328451898e-01,8.785813131933597475e-01,2.031455046051455771e-02,6.094365138154367312e-02,-1.604291219586162498e-01,-9.948547057707257668e-02
8.587915779256495297e-01,8.785813131933597475e-01,1.978973526771021785e-02,5.936920580313065354e-02,-1.574445578413019575e-01,-9.807535203817130398e-02
8.593065855832500155e-01,8.785813131933597475e-01,1.927472761010973201e-02,5.782418283032919604e-02,-1.545022972801457506e-01,-9.667811444981655455e-02
8.598119254294055436e-01,8.785813131933597475e-01,1.876938776395420394e-02,5.630816329186261182e-02,-1.516019538466584216e-01,-9.529379055479580973e-02
8.603077358965055543e-01,8.785813131933597475e-01,1.827357729685419319e-02,5.482073189056257956e-02,-1.487431401300032263e-01,-9.392240823944064676e-02
8.607941541227815963e-01,8.785813131933597475e-01,1.778715907057815127e-02,5.336147721173445380e-02,-1.459254678828125762e-01,-9.256399067107812240e-02
8.612713159499906235e-01,8.785813131933597475e-01,1.730999724336912404e-02,5.192999173010737213e-02,-1.431485481627081668e-01,-9.121855643260079471e-02
8.617393559215563714e-01,8.785813131933597475e-01,1.684195727180337609e-02,5.052587181541012828e-02,-1.404119914697243843e-01,-8.988611965431425599e-02
8.621984072811567090e-01,8.785813131933597475e-01,1.638290591220303849e-02,4.914871773660911547e-02,-1.377154078801012815e-01,-8.856669014349216607e-02
8.626486019717426457e-01,8.785813131933597475e-01,1.593271122161710185e-02,4.779813366485130555e-02,-1.350584071757809923e-01,-8.726027351092968676e-02
8.630900706349774465e-01,8.785813131933597475e-01,1.549124255838230102e-02,4.647372767514690306e-02,-1.324405989704402486e-01,-8.596687129529334559e-02
8.635229426110827555e-01,8.785813131933597475e-01,1.505837058227699199e-02,4.517511174683097597e-02,-1.298615928315927093e-01,-8.468648108476173331e-02
8.639473459390796251e-01,8.785813131933597475e-01,1.463396725428012246e-02,4.390190176284036738e-02,-1.273209983990608585e-01,-8.341909663622049109e-02
8.643634073574127941e-01,8.785813131933597475e-01,1.421790583594695345e-02,4.265371750784086036e-02,-1.248184254999507026e-01,-8.216470799210984222e-02
8.647712523049467803e-01,8.785813131933597475e-01,1.381006088841296719e-02,4.143018266523890158e-02,-1.223534842601958772e-01,-8.092330159495697561e-02
8.651710049223213517e-01,8.785813131933597475e-01,1.341030827103839584e-02,4.023092481311518753e-02,-1.199257852123714052e-01,-7.969486039925621768e-02
8.655627880536559404e-01,8.785813131933597475e-01,1.301852513970380709e-02,3.905557541911142128e-02,-1.175349394003766257e-01,-7.847936398126520441e-02
8.659467232485924537e-01,8.785813131933597475e-01,1.263458994476729380e-02,3.790376983430188140e-02,-1.151805584809539873e-01,-7.727678864665210590e-02
8.663229307646642674e-01,8.785813131933597475e-01,1.225838242869548012e-02,3.677514728608644035e-02,-1.128622548215441057e-01,-7.608710753545766536e-02
8.666915295699825217e-01,8.785813131933597475e-01,1.188978362337722583e-02,3.566935087013167749e-02,-1.105796415954762857e-01,-7.491029072534460820e-02
8.670526373462282832e-01,8.785813131933597475e-01,1.152867584713146432e-02,3.458602754139439295e-02,-1.083323328737284541e-01,-7.374630533233406116e-02
8.674063704919408035e-01,8.785813131933597475e-01,1.117494270141894397e-02,3.352482810425683191e-02,-1.061199437137561041e-01,-7.259511560949927222e-02
8.677528441260923264e-01,8.785813131933597475e-01,1.082846906726742109e-02,3.248540720180226327e-02,-1.039420902454568640e-01,-7.145668304365460077e-02
8.680921720919394513e-01,8.785813131933597475e-01,1.048914110142029621e-02,3.146742330426088863e-02,-1.017983897541374638e-01,-7.033096644987657520e-02
8.684244669611416167e-01,8.785813131933597475e-01,1.015684623221813077e-02,3.047053869665439230e-02,-9.968846076064963313e-02,-6.921792206399524083e-02
8.687498400381373775e-01,8.785813131933597475e-01,9.831473155222369975e-03,2.949441946566710993e-02,-9.761192309872823714e-02,-6.811750363306112721e-02
8.690684013647698158e-01,8.785813131933597475e-01,9.512911828589931673e-03,2.853873548576979502e-02,-9.556839798973149058e-02,-6.702966250396169556e-02
8.693802597251518716e-01,8.785813131933597475e-01,9.201053468207875952e-03,2.760316040462362785e-02,-9.355750811461671645e-02,-6.595434770999308860e-02
8.696855226507629322e-01,8.785813131933597475e-01,8.895790542596815342e-03,2.668737162779044603e-02,-9.157887768331818279e-02,-6.489150605552773676e-02
8.699842964257684663e-01,8.785813131933597475e-01,8.597016767591281194e-03,2.579105030277384358e-02,-8.963213250166024437e-02,-6.384108219888640079e-02
8.702766860925541526e-01,8.785813131933597475e-01,8.304627100805594964e-03,2.491388130241678489e-02,-8.771690003570586924e-02,-6.280301873328908435e-02
8.705627954574665095e-01,8.785813131933597475e-01,8.018517735893238019e-03,2.405555320767971406e-02,-8.583280947370708347e-02,-6.177725626602736941e-02
8.708427270967522560e-01,8.785813131933597475e-01,7.738586096607491527e-03,2.321575828982247458e-02,-8.397949178572394757e-02,-6.076373349590147299e-02
8.711165823626884075e-01,8.785813131933597475e-01,7.464730830671340023e-03,2.239419249201402007e-02,-8.215657978084545121e-02,-5.976238728883143114e-02
8.713844613898956704e-01,8.785813131933597475e-01,7.196851803464077157e-03,2.159055541039223147e-02,-8.036370816217885960e-02,-5.877315275178662812e-02
8.716464631018276954e-01,8.785813131933597475e-01,6.934850091532052119e-03,2.080455027459615636e-02,-7.860051357960751162e-02,-5.779596330501135526e-02
8.719026852174291964e-01,8.785813131933597475e-01,6.678627975930551131e-03,2.003588392779165339e-02,-7.686663468045029646e-02,-5.683075075265864307e-02
8.721532242579554950e-01,8.785813131933597475e-01,6.428088935404252524e-03,1.928426680621275757e-02,-7.516171215788958193e-02,-5.587744535167682436e-02
8.723981755539466088e-01,8.785813131933597475e-01,6.183137639413138764e-03,1.854941291823941629e-02,-7.348538879733412799e-02,-5.493597587909471169e-02
8.726376332523497759e-01,8.785813131933597475e-01,5.943679941009971657e-03,1.783103982302991497e-02,-7.183730952095013222e-02,-5.400626969792021725e-02
8.728716903237832003e-01,8.785813131933597475e-01,5.709622869576547188e-03,1.712886860872964156e-02,-7.021712143002734052e-02,-5.308825282129769896e-02
8.731004385699344672e-01,8.785813131933597475e-01,5.480874623425280312e-03,1.644262387027584094e-02,-6.862447384538006290e-02,-5.218184997510422196e-02
8.733239686310882988e-01,8.785813131933597475e-01,5.257344562271448751e-03,1.577203368681434625e-02,-6.705901834614946821e-02,-5.128698465933512196e-02
8.735423699937761022e-01,8.785813131933597475e-01,5.038943199583645338e-03,1.511682959875093601e-02,-6.552040880634102393e-02,-5.040357920759008792e-02
8.737557309985432008e-01,8.785813131933597475e-01,4.825582194816546711e-03,1.447674658444964013e-02,-6.400830143012958828e-02,-4.953155484567994815e-02
8.739641388478257555e-01,8.785813131933597475e-01,4.617174345533991975e-03,1.385152303660197592e-02,-6.252235478476642072e-02,-4.867083174816444480e-02
8.741676796139334904e-01,8.785813131933597475e-01,4.413633579426257114e-03,1.324090073827877134e-02,-6.106222983232045820e-02,-4.782132909404168686e-02
8.743664382471317831e-01,8.785813131933597475e-01,4.214874946227964436e-03,1.264462483868389331e-02,-5.962758995948780338e-02,-4.698296512080391008e-02
8.745604985838180134e-01,8.785813131933597475e-01,4.020814609541734086e-03,1.206244382862520226e-02,-5.821810100586910508e-02,-4.615565717724390282e-02
8.747499433547865078e-01,8.785813131933597475e-01,3.831369838573239761e-03,1.149410951571971928e-02,-5.683343129054829745e-02,-4.533932177482857817e-02
8.749348541935775270e-01,8.785813131933597475e-01,3.646458999782220545e-03,1.093937699934666163e-02,-5.547325163730576492e-02,-4.453387463795910328e-02
8.751153116449047475e-01,8.785813131933597475e-01,3.466001548454999970e-03,1.039800464536499991e-02,-5.413723539816617247e-02,-4.373923075280117256e-02
8.752913951731566833e-01,8.785813131933597475e-01,3.289918020203064231e-03,9.869754060609192692e-03,-5.282505847558072176e-02,-4.295530441497152907e-02
8.754631831709671630e-01,8.785813131933597475e-01,3.118130022392584522e-03,9.354390067177753565e-03,-5.153639934314391269e-02,-4.218200927596615912e-02
8.756307529678499790e-01,8.785813131933597475e-01,2.950560225509768486e-03,8.851680676529305458e-03,-5.027093906484481067e-02,-4.141925838831550521e-02
8.757941808388940430e-01,8.785813131933597475e-01,2.787132354465704509e-03,8.361397063397113527e-03,-4.902836131321919311e-02,-4.066696424982207958e-02
8.759535420135130535e-01,8.785813131933597475e-01,2.627771179846694061e-03,7.883313539540082182e-03,-4.780835238570313450e-02,-3.992503884616305232e-02
8.761089106842474550e-01,8.785813131933597475e-01,2.472402509112292535e-03,7.417207527336877604e-03,-4.661060122032045783e-02,-3.919339369298358022e-02
8.762603600156125827e-01,8.785813131933597475e-01,2.320953177747164808e-03,6.962859533241494425e-03,-4.543479940953831786e-02,-3.847193987629682344e-02
8.764079621529901054e-01,8.785813131933597475e-01,2.173351040369642106e-03,6.520053121108926319e-03,-4.428064121325681057e-02,-3.776058809214788425e-02
8.765517882315583265e-01,8.785813131933597475e-01,2.029524961801421057e-03,6.088574885404263171e-03,-4.314782357046631489e-02,-3.705924868506205172e-02
8.766919083852581229e-01,8.785813131933597475e-01,1.889404808101624589e-03,5.668214424304873766e-03,-4.203604610993894042e-02,-3.636783168563406665e-02
8.768283917557893048e-01,8.785813131933597475e-01,1.752921437570442720e-03,5.258764312711328159e-03,-4.094501115935456070e-02,-3.568624684664323254e-02
8.769613065016358400e-01,8.785813131933597475e-01,1.620006691723907544e-03,4.860020075171722631e-03,-3.987442375396055283e-02,-3.501440367878883020e-02
8.770907198071145050e-01,8.785813131933597475e-01,1.490593386245242513e-03,4.471780158735727539e-03,-3.882399164359950916e-02,-3.435221148486378162e-02
8.772166978914446300e-01,8.785813131933597475e-01,1.364615301915117485e-03,4.093845905745352454e-03,-3.779342529903750858e-02,-3.369957939329215613e-02
8.773393060178354963e-01,8.785813131933597475e-01,1.242007175524251217e-03,3.726021526572753650e-03,-3.678243791725988032e-02,-3.305641639068712667e-02
8.774586085025872784e-01,8.785813131933597475e-01,1.122704690772469149e-03,3.368114072317407448e-03,-3.579074542553462024e-02,-3.242263135321721279e-02
8.775746687242037547e-01,8.785813131933597475e-01,1.006644469155992816e-03,3.019933407467978448e-03,-3.481806648494290002e-02,-3.179813307747492157e-02
8.776875491325124568e-01,8.785813131933597475e-01,8.937640608472907644e-04,2.681292182541872293e-03,-3.386412249261061547e-02,-3.118283031006874317e-02
8.777973112577901471e-01,8.785813131933597475e-01,7.840019355696004055e-04,2.352005806708801217e-03,-3.292863758330710766e-02,-3.057663177659830644e-02
8.779040157198901850e-01,8.785813131933597475e-01,6.772974734695624832e-04,2.031892420408687450e-03,-3.201133863001137669e-02,-2.997944620960268924e-02
8.780077222373692258e-01,8.785813131933597475e-01,5.735909559905216781e-04,1.720772867971565034e-03,-3.111195524371224153e-02,-2.939118237574067649e-02
8.781084896366107007e-01,8.785813131933597475e-01,4.728235567490468583e-04,1.418470670247140575e-03,-3.023021977244244596e-02,-2.881174910219530538e-02
8.782063758609419679e-01,8.785813131933597475e-01,3.749373324177796007e-04,1.124811997253338802e-03,-2.936586729938017726e-02,-2.824105530212683846e-02
8.783014379797430271e-01,8.785813131933597475e-01,2.798752136167204085e-04,8.396256408501612256e-04,-2.851863564031775766e-02,-2.767900999946759644e-02
8.783937321975441304e-01,8.785813131933597475e-01,1.875809958156171575e-04,5.627429874468514726e-04,-2.768826534033097531e-02,-2.712552235288412383e-02
8.784833138631099603e-01,8.785813131933597475e-01,9.799933024978724205e-05,2.939979907493617262e-04,-2.687449966974897464e-02,-2.658050167899961291e-02
8.785702374785079316e-01,8.785813131933597475e-01,1.107571485181590987e-05,3.322714455544772960e-05,-2.607708461939139966e-02,-2.604385747483595193e-02
8.786545567081583963e-01,8.785813131933597475e-01,-7.324351479864876779e-05,-2.197305443959463034e-04,-2.529576889513940330e-02,-2.551549943953534960e-02
8.787363243878648644e-01,8.785813131933597475e-01,-1.550111945051169116e-04,-4.650335835153507347e-04,-2.453030391194044313e-02,-2.499533749545579386e-02
8.788155925338217989e-01,8.785813131933597475e-01,-2.342793404620513442e-04,-7.028380213861540327e-04,-2.378044378708032980e-02,-2.448328180846648383e-02
8.788924123515978737e-01,8.785813131933597475e-01,-3.110991582381261722e-04,-9.332974747143785166e-04,-2.304594533282244839e-02,-2.397924280753682691e-02
8.789668342450932537e-01,8.785813131933597475e-01,-3.855210517335061482e-04,-1.156563155200518445e-03,-2.232656804861399280e-02,-2.348313120381451125e-02
8.790389078254682298e-01,8.785813131933597475e-01,-4.575946321084822799e-04,-1.372783896325446840e-03,-2.162207411249283950e-02,-2.299485800881828634e-02
8.791086819200423230e-01,8.785813131933597475e-01,-5.273687266825755060e-04,-1.582106180047726518e-03,-2.093222837222796784e-02,-2.251433455227569436e-02
8.791762045811611914e-01,8.785813131933597475e-01,-5.948913878014439049e-04,-1.784674163404331715e-03,-2.025679833566051968e-02,-2.204147249906485140e-02
8.792415230950301197e-01,8.785813131933597475e-01,-6.602099016703721901e-04,-1.980629705011116570e-03,-1.959555416067848554e-02,-2.157618386568960211e-02
8.793046839905125367e-01,8.785813131933597475e-01,-7.233707971527891800e-04,-2.170112391458367540e-03,-1.894826864472509698e-02,-2.111838103618346452e-02
8.793657330478913403e-01,8.785813131933597475e-01,-7.844198545315927973e-04,-2.353259563594778392e-03,-1.831471721364108518e-02,-2.066797677723586357e-02
8.794247153075923640e-01,8.785813131933597475e-01,-8.434021142326164622e-04,-2.530206342697849387e-03,-1.769467791030709947e-02,-2.022488425300494885e-02
8.794816750788680970e-01,8.785813131933597475e-01,-9.003618855083495021e-04,-2.701085656525048506e-03,-1.708793138271991197e-02,-1.978901703924496047e-02
8.795366559484398827e-01,8.785813131933597475e-01,-9.553427550801352197e-04,-2.866028265240405659e-03,-1.649426087153571530e-02,-1.936028913677612096e-02
8.795897007890980390e-01,8.785813131933597475e-01,-1.008387595738291509e-03,-3.025162787214874527e-03,-1.591345219744688677e-02,-1.893861498466176130e-02
8.796408517682576811e-01,8.785813131933597475e-01,-1.059538574897933572e-03,-3.178615724693800715e-03,-1.534529374789261880e-02,-1.852390947258641951e-02
8.796901503564701352e-01,8.785813131933597475e-01,-1.108837163110387714e-03,-3.326511489331163141e-03,-1.478957646373624257e-02,-1.811608795306740571e-02
8.797376373358872792e-01,8.785813131933597475e-01,-1.156324142527531684e-03,-3.468972427582595053e-03,-1.424609382514319122e-02,-1.771506625272578628e-02
8.797833528086791421e-01,8.785813131933597475e-01,-1.202039615319394628e-03,-3.606118845958183883e-03,-1.371464183755888300e-02,-1.732076068351706688e-02
8.798273362054026547e-01,8.785813131933597475e-01,-1.246023012042907219e-03,-3.738069036128721656e-03,-1.319501901705377733e-02,-1.693308805318249899e-02
8.798696262933207723e-01,8.785813131933597475e-01,-1.288313099961024832e-03,-3.864939299883074497e-03,-1.268702637543528411e-02,-1.655196567531835861e-02
8.799102611846714161e-01,8.785813131933597475e-01,-1.328947991311668630e-03,-3.986843973935005891e-03,-1.219046740519313943e-02,-1.617731137912814532e-02
8.799492783448841227e-01,8.785813131933597475e-01,-1.367965151524375145e-03,-4.103895454573125434e-03,-1.170514806381195427e-02,-1.580904351838507971e-02
8.799867146007449570e-01,8.785813131933597475e-01,-1.405401407385209467e-03,-4.216204222155628401e-03,-1.123087675825029663e-02,-1.544708098040592503e-02
8.800226061485078022e-01,8.785813131933597475e-01,-1.441292955148054666e-03,-4.323878865444163999e-03,-1.076746432885355986e-02,-1.509134319429772386e-02
8.800569885619512478e-01,8.785813131933597475e-01,-1.475675368591500281e-03,-4.427026105774500842e-03,-1.031472403303368424e-02,-1.474175013880818508e-02
8.800898968003807443e-01,8.785813131933597475e-01,-1.508583607020996809e-03,-4.525750821062990426e-03,-9.872471528848958400e-03,-1.439822234991194883e-02
8.801213652165752466e-01,8.785813131933597475e-01,-1.540052023215499055e-03,-4.620156069646497166e-03,-9.440524858350674009e-03,-1.406068092799717117e-02
8.801514275646770136e-01,8.785813131933597475e-01,-1.570114371317266055e-03,-4.710343113951798166e-03,-9.018704430530100069e-03,-1.372904754448189824e-02
8.801801170080243431e-01,8.785813131933597475e-01,-1.598803814664595535e-03,-4.796411443993786605e-03,-8.606833004198843895e-03,-1.340324444819263050e-02
8.802074661269267963e-01,8.785813131933597475e-01,-1.626152933567048819e-03,-4.878458800701146458e-03,-8.204735670735985309e-03,-1.308319447143713177e-02
8.802335069263821365e-01,8.785813131933597475e-01,-1.652193733022389033e-03,-4.956581199067167098e-03,-7.812239836602064003e-03,-1.276882103566923110e-02
8.802582708437338699e-01,8.785813131933597475e-01,-1.676957650374122366e-03,-5.030872951122367098e-03,-7.429175205519999992e-03,-1.246004815664236709e-02
8.802817887562699450e-01,8.785813131933597475e-01,-1.700475562910197525e-03,-5.101426688730592574e-03,-7.055373760822547524e-03,-1.215680044955314010e-02
8.803040909887610566e-01,8.785813131933597475e-01,-1.722777795401309042e-03,-5.168333386203927127e-03,-6.690669747333455319e-03,-1.185900313353738245e-02
8.803252073209388850e-01,8.785813131933597475e-01,-1.743894127579137532e-03,-5.231682382737412595e-03,-6.334899653348546877e-03,-1.156658203608595947e-02
8.803451669949130531e-01,8.785813131933597475e-01,-1.763853801553305622e-03,-5.291561404659916867e-03,-5.987902192250427191e-03,-1.127946359691034406e-02
8.803639987225275743e-01,8.785813131933597475e-01,-1.782685529167826743e-03,-5.348056587503480230e-03,-5.649518284356336295e-03,-1.099757487185981653e-02
8.803817306926549069e-01,8.785813131933597475e-01,-1.800417499295159374e-03,-5.401252497885478121e-03,-5.319591038199789068e-03,-1.072084353608526719e-02
8.803983905784286135e-01,8.785813131933597475e-01,-1.817077385068865958e-03,-5.451232155206597874e-03,-4.997965732111975257e-03,-1.044919788731857313e-02
8.804140055444136248e-01,8.785813131933597475e-01,-1.832692351053877289e-03,-5.498077053161631866e-03,-4.684489795503399279e-03,-1.018256684866503115e-02
8.804286022537136658e-01,8.785813131933597475e-01,-1.847289060353918266e-03,-5.541867181061754799e-03,-4.379012790012293266e-03,-9.920879971074048065e-03
8.804422068750166197e-01,8.785813131933597475e-01,-1.860893681656872189e-03,-5.582681044970616568e-03,-4.081386390886176940e-03,-9.664067435856793509e-03
8.804548450895760547e-01,8.785813131933597475e-01,-1.873531896216307224e-03,-5.620595688648921673e-03,-3.791464367830510440e-03,-9.412060056479432113e-03
8.804665420981298007e-01,8.785813131933597475e-01,-1.885228904770053227e-03,-5.655686714310159680e-03,-3.509102566123800671e-03,-9.164789280433960350e-03
8.804773226277554654e-01,8.785813131933597475e-01,-1.896009434395717896e-03,-5.688028303187153689e-03,-3.234158887699400964e-03,-8.922187190886554653e-03
8.804872109386621126e-01,8.785813131933597475e-01,-1.905897745302365109e-03,-5.717693235907095328e-03,-2.966493271994163905e-03,-8.684186507901259233e-03
8.804962308309179919e-01,8.785813131933597475e-01,-1.914917637558244401e-03,-5.744752912674733203e-03,-2.705967676763787466e-03,-8.450720589438520669e-03
8.805044056511148742e-01,8.785813131933597475e-01,-1.923092457755126716e-03,-5.769277373265380149e-03,-2.452446059064694595e-03,-8.221723432330074743e-03
8.805117582989685499e-01,8.785813131933597475e-01,-1.930445105608802336e-03,-5.791335316826407009e-03,-2.205794356102686038e-03,-7.997129672929093047e-03
8.805183112338549334e-01,8.785813131933597475e-01,-1.936998040495185869e-03,-5.810994121485557606e-03,-1.965880465915059716e-03,-7.776874587400617322e-03
8.805240864812825530e-01,8.785813131933597475e-01,-1.942773287922805459e-03,-5.828319863768416376e-03,-1.732574228285876927e-03,-7.560894092054293303e-03
8.805291056393009796e-01,8.785813131933597475e-01,-1.947792445941232131e-03,-5.843377337823696394e-03,-1.505747405528001792e-03,-7.349124743351698186e-03
8.805333898848450858e-01,8.785813131933597475e-01,-1.952076691485338245e-03,-5.856230074456014734e-03,-1.285273663231834007e-03,-7.141503737687848741e-03
8.805369599800153546e-01,8.785813131933597475e-01,-1.955646786655607094e-03,-5.866940359966821283e-03,-1.071028551080654978e-03,-6.937968911047476261e-03
8.805398362782945743e-01,8.785813131933597475e-01,-1.958523084934826741e-03,-5.875569254804480224e-03,-8.628894837658940276e-04,-6.738458738570374251e-03
8.805420387306999164e-01,8.785813131933597475e-01,-1.960725537340168856e-03,-5.882176612020506568e-03,-6.607357216026343849e-04,-6.542912333623140952e-03
8.805435868918719544e-01,8.785813131933597475e-01,-1.962273698512206899e-03,-5.886821095536620696e-03,-4.644483516114128463e-04,-6.351269447148033542e-03
8.805444999260991779e-01,8.785813131933597475e-01,-1.963186732739430340e-03,-5.889560198218291021e-03,-2.739102681670324557e-04,-6.163470466385323476e-03
8.805447966132797788e-01,8.785813131933597475e-01,-1.963483419920031281e-03,-5.890450259760093843e-03,-8.900615418028223758e-05,-5.979456413940376081e-03
8.805444953548190457e-01,8.785813131933597475e-01,-1.963182161459298136e-03,-5.889546484377894409e-03,9.037753821994343184e-05,-5.799168946157950977e-03
8.805436141794636962e-01,8.785813131933597475e-01,-1.962300986103948652e-03,-5.886902958311845957e-03,2.643526066048451639e-04,-5.622550351707000793e-03
8.805421707490731498e-01,8.785813131933597475e-01,-1.960857555713402256e-03,-5.882572667140206768e-03,4.330291171639188974e-04,-5.449543549976287871e-03
8.805401823643276282e-01,8.785813131933597475e-01,-1.958869170967880713e-03,-5.876607512903642139e-03,5.965154236564629286e-04,-5.280092089247179210e-03
8.805376659703731956e-01,8.785813131933597475e-01,-1.956352777013448119e-03,-5.869058331040344356e-03,7.549181863297782513e-04,-5.114140144710566105e-03
8.805346381624042928e-01,8.785813131933597475e-01,-1.953324969044545334e-03,-5.859974907133636002e-03,9.083423906708354423e-04,-4.951632516462800560e-03
8.805311151911836554e-01,8.785813131933597475e-01,-1.949801997823907840e-03,-5.849405993471723519e-03,1.056891366191248238e-03,-4.792514627280475281e-03
8.805271129685003917e-01,8.785813131933597475e-01,-1.945799775140644172e-03,-5.837399325421932517e-03,1.200666804979100277e-03,-4.636732520442832239e-03
8.805226470725650012e-01,8.785813131933597475e-01,-1.941333879205253687e-03,-5.824001637615761062e-03,1.339768780617145438e-03,-4.484232856998615624e-03
8.805177327533439957e-01,8.785813131933597475e-01,-1.936419559984248195e-03,-5.809258679952744586e-03,1.474295766301647603e-03,-4.334962913651096983e-03
8.805123849378315715e-01,8.785813131933597475e-01,-1.931071744471823948e-03,-5.793215233415471843e-03,1.604344653727274306e-03,-4.188870579688197537e-03
8.805066182352612181e-01,8.785813131933597475e-01,-1.925305041901470560e-03,-5.775915125704411679e-03,1.730010771106016421e-03,-4.045904354598395258e-03
8.805004469422553770e-01,8.785813131933597475e-01,-1.919133748895629488e-03,-5.757401246686888463e-03,1.851387901752321596e-03,-3.906013344934566867e-03
8.804938850479150370e-01,8.785813131933597475e-01,-1.912571854555289441e-03,-5.737715563665868324e-03,1.968568302102013945e-03,-3.769147261563854379e-03
8.804869462388484891e-01,8.785813131933597475e-01,-1.905633045488741573e-03,-5.716899136466224718e-03,2.081642719964360566e-03,-3.635256416501864152e-03
8.804796439041403522e-01,8.785813131933597475e-01,-1.898330710780604669e-03,-5.694992132341814006e-03,2.190700412441071165e-03,-3.504291719900742841e-03
8.804719911402602017e-01,8.785813131933597475e-01,-1.890677946900454209e-03,-5.672033840701362628e-03,2.295829164045137816e-03,-3.376204676656224812e-03
8.804640007559123571e-01,8.785813131933597475e-01,-1.882687562552609606e-03,-5.648062687657828818e-03,2.397115304353381049e-03,-3.250947383304447769e-03
8.804556852768262720e-01,8.785813131933597475e-01,-1.874372083466524508e-03,-5.623116250399573524e-03,2.494643725825529401e-03,-3.128472524574044122e-03
8.804470569504876387e-01,8.785813131933597475e-01,-1.865743757127891200e-03,-5.597231271383673601e-03,2.588497901589992267e-03,-3.008733369793681334e-03
8.804381277508120940e-01,8.785813131933597475e-01,-1.856814557452346470e-03,-5.570443672357039411e-03,2.678759902663419012e-03,-2.891683769693620398e-03
8.804289093827595281e-01,8.785813131933597475e-01,-1.847596189399780542e-03,-5.542788568199341626e-03,2.765510415769778518e-03,-2.777278152429563107e-03
8.804194132868917722e-01,8.785813131933597475e-01,-1.838100093532024637e-03,-5.514300280596073911e-03,2.848828760326771459e-03,-2.665471520269302452e-03
8.804096506438719993e-01,8.785813131933597475e-01,-1.828337450512251827e-03,-5.485012351536755482e-03,2.928792905931842938e-03,-2.556219445604912544e-03
8.803996323789076150e-01,8.785813131933597475e-01,-1.818319185547867534e-03,-5.454957556643602601e-03,3.005479489315288077e-03,-2.449478067328314523e-03
8.803893691661365262e-01,8.785813131933597475e-01,-1.808055972776778653e-03,-5.424167918330335958e-03,3.078963831326664291e-03,-2.345204087003671667e-03
8.803788714329566778e-01,8.785813131933597475e-01,-1.797558239596930285e-03,-5.392674718790790855e-03,3.149319953954510254e-03,-2.243354764836280602e-03
8.803681493643004119e-01,8.785813131933597475e-01,-1.786836170940664381e-03,-5.360508512821993143e-03,3.216620596879771199e-03,-2.143887915942221944e-03
8.803572129068525376e-01,8.785813131933597475e-01,-1.775899713492790077e-03,-5.327699140478370232e-03,3.280937234362291122e-03,-2.046761906116079111e-03
8.803460717732140006e-01,8.785813131933597475e-01,-1.764758579854253107e-03,-5.294275739562759320e-03,3.342340091561091242e-03,-1.951935648001668078e-03
8.803347354460107077e-01,8.785813131933597475e-01,-1.753422252650960189e-03,-5.260266757952880567e-03,3.400898160987875229e-03,-1.859368596965005338e-03
8.803232131819477280e-01,5.026063217286581564e-01,-3.777168914532895716e-01,-1.133150674359868715e+00,0.000000000000000000e+00,-1.133150674359868715e+00
8.801983758504487998e-01,5.026063217286581564e-01,-3.775920541217906434e-01,-1.132776162365372041e+00,3.745119944967845171e-02,-1.095324962915693590e+00
8.799640060226582294e-01,5.026063217286581564e-01,-3.773576842940000731e-01,-1.132073052882000219e+00,7.031094833717110859e-02,-1.061762104544829111e+00
8.796234599844131585e-01,5.026063217286581564e-01,-3.770171382557550022e-01,-1.131051414767265006e+00,1.021638114735212710e-01,-1.028887603293743735e+00
8.791800251858387094e-01,5.026063217286581564e-01,-3.765737034571805530e-01,-1.129721110371541659e+00,1.330304395723347355e-01,-9.966906707992069236e-01
8.786369213201843387e-01,5.026063217286581564e-01,-3.760305995915261823e-01,-1.128091798774578436e+00,1.629311596963112230e-01,-9.651606390782672129e-01
8.779973013906221535e-01,5.026063217286581564e-01,-3.753909796619639971e-01,-1.126172938985892102e+00,1.918859788686555490e-01,-9.342869601172365535e-01
8.772642527650482691e-01,5.026063217286581564e-01,-3.746579310363901127e-01,-1.123973793109170227e+00,2.199145876721653181e-01,-9.040592054370049091e-01
8.764407982189307278e-01,5.026063217286581564e-01,-3.738344764902725714e-01,-1.121503429470817714e+00,2.470363638352623958e-01,-8.744670656355553184e-01
8.755298969662496100e-01,5.026063217286581564e-01,-3.729235752375914537e-01,-1.118770725712774361e+00,2.732703758043353304e-01,-8.455003499084390306e-01
8.745344456785776321e-01,5.026063217286581564e-01,-3.719281239499194758e-01,-1.115784371849758427e+00,2.986353863015933641e-01,-8.171489855481650633e-01
8.734572794923508576e-01,5.026063217286581564e-01,-3.708509577636927013e-01,-1.112552873291078104e+00,3.231498558680323541e-01,-7.894030174230457497e-01
8.723011730043818135e-01,5.026063217286581564e-01,-3.696948512757236571e-01,-1.109084553827170971e+00,3.468319463907132416e-01,-7.622526074364577298e-01
8.710688412556690796e-01,5.026063217286581564e-01,-3.684625195270109232e-01,-1.105387558581032881e+00,3.696995246138201630e-01,-7.356880339672127178e-01
8.697629407035596394e-01,5.026063217286581564e-01,-3.671566189749014830e-01,-1.101469856924704338e+00,3.917701656328320681e-01,-7.096996912918722700e-01
8.683860701823209460e-01,5.026063217286581564e-01,-3.657797484536627897e-01,-1.097339245360988258e+00,4.130611563716080070e-01,-6.842780889893802510e-01
8.669407718521833228e-01,5.026063217286581564e-01,-3.643344501235251665e-01,-1.093003350370575610e+00,4.335894990412869632e-01,-6.594138513292886472e-01
8.654295321369127603e-01,5.026063217286581564e-01,-3.628232104082546039e-01,-1.088469631224763923e+00,4.533719145811687667e-01,-6.350977166435951560e-01
8.638547826499778370e-01,5.026063217286581564e-01,-3.612484609213196807e-01,-1.083745382763959153e+00,4.724248460804769678e-01,-6.113205366834821852e-01
8.622189011093746025e-01,5.026063217286581564e-01,-3.596125793807164461e-01,-1.078837738142149227e+00,4.907644621809703622e-01,-5.880732759611788651e-01
8.605242122411752570e-01,5.026063217286581564e-01,-3.579178905125171006e-01,-1.073753671537551302e+00,5.084066604598036498e-01,-5.653470110777476521e-01
8.587729886718681316e-01,5.026063217286581564e-01,-3.561666669432099752e-01,-1.068500000829629926e+00,5.253670707921376248e-01,-5.431329300374923008e-01
8.569674518095572457e-01,5.026063217286581564e-01,-3.543611300808990894e-01,-1.063083390242697268e+00,5.416610586932657512e-01,-5.214223315494315170e-01
8.551097727140913873e-01,5.026063217286581564e-01,-3.525034509854332310e-01,-1.057510352956299693e+00,5.573037286397575230e-01,-5.002066243165421700e-01
8.532020729561938799e-01,5.026063217286581564e-01,-3.505957512275357235e-01,-1.051787253682607171e+00,5.723099273692522360e-01,-4.794773263133549346e-01
8.512464254656650908e-01,5.026063217286581564e-01,-3.486401037370069345e-01,-1.045920311211020692e+00,5.866942471586367169e-01,-4.592260640523839754e-01
8.492448553687310664e-01,5.026063217286581564e-01,-3.466385336400729100e-01,-1.039915600920218619e+00,6.004710290802073303e-01,-4.394445718400112888e-01
8.471993408146130111e-01,5.026063217286581564e-01,-3.445930190859548548e-01,-1.033779057257864675e+00,6.136543662354165818e-01,-4.201246910224480935e-01
8.451118137913927741e-01,5.026063217286581564e-01,-3.425054920627346178e-01,-1.027516476188203853e+00,6.262581069660710931e-01,-4.012583692221327603e-01
8.429841609312502815e-01,5.026063217286581564e-01,-3.403778392025921251e-01,-1.021133517607776486e+00,6.382958580427477990e-01,-3.828376595650286873e-01
8.408182243051512961e-01,5.026063217286581564e-01,-3.382119025764931397e-01,-1.014635707729479419e+00,6.497809878296956221e-01,-3.648547198997837970e-01
8.386158022070623330e-01,5.026063217286581564e-01,-3.360094804784041767e-01,-1.008028441435212530e+00,6.607266294266889162e-01,-3.473018120085236138e-01
8.363786499277725550e-01,5.026063217286581564e-01,-3.337723281991143987e-01,-1.001316984597343307e+00,6.711456837869334002e-01,-3.301713008104099067e-01
8.341084805184016959e-01,5.026063217286581564e-01,-3.315021587897435396e-01,-9.945064763692306187e-01,6.810508228112577278e-01,-3.134556535579728909e-01
8.318069655436750587e-01,5.026063217286581564e-01,-3.292006438150169023e-01,-9.876019314450507069e-01,6.904544924179911725e-01,-2.971474390270595345e-01
8.294757358250456347e-01,5.026063217286581564e-01,-3.268694140963874784e-01,-9.806082422891624351e-01,6.993689155888271891e-01,-2.812393267003352459e-01
8.271163821737462785e-01,5.026063217286581564e-01,-3.245100604450881221e-01,-9.735301813352643663e-01,7.078060953898068774e-01,-2.657240859454574888e-01
8.247304561138523171e-01,5.026063217286581564e-01,-3.221241343851941608e-01,-9.663724031555824823e-01,7.157778179681884012e-01,-2.505945851873940811e-01
8.223194705954396388e-01,5.026063217286581564e-01,-3.197131488667814825e-01,-9.591394466003444474e-01,7.232956555238034824e-01,-2.358437910765409651e-01
8.198849006979193055e-01,5.026063217286581564e-01,-3.172785789692611491e-01,-9.518357369077834473e-01,7.303709692561000111e-01,-2.214647676516834363e-01
8.174281843236337330e-01,5.026063217286581564e-01,-3.148218625949755767e-01,-9.444655877849267300e-01,7.370149122856717305e-01,-2.074506754992549995e-01
8.149507228817982618e-01,5.026063217286581564e-01,-3.123444011531401054e-01,-9.370332034594203163e-01,7.432384325506413703e-01,-1.937947709087789461e-01
8.124538819628719377e-01,5.026063217286581564e-01,-3.098475602342137813e-01,-9.295426807026413440e-01,7.490522756778972280e-01,-1.804904050247441161e-01
8.099389920034431034e-01,5.026063217286581564e-01,-3.073326702747849470e-01,-9.219980108243548411e-01,7.544669878286502929e-01,-1.675310229957045483e-01
8.074073489417147309e-01,5.026063217286581564e-01,-3.048010272130565745e-01,-9.144030816391697236e-01,7.594929185185117504e-01,-1.549101631206579732e-01
8.048602148636743170e-01,5.026063217286581564e-01,-3.022538931350161606e-01,-9.067616794050484819e-01,7.641402234121241754e-01,-1.426214559929243064e-01
8.022988186400346056e-01,5.026063217286581564e-01,-2.996924969113764492e-01,-8.990774907341293476e-01,7.684188670919134267e-01,-1.306586236422159208e-01
7.997243565540306243e-01,5.026063217286581564e-01,-2.971180348253724679e-01,-8.913541044761174037e-01,7.723386258011943895e-01,-1.190154786749230142e-01
7.971379929201591885e-01,5.026063217286581564e-01,-2.945316711915010321e-01,-8.835950135745030964e-01,7.759090901614307256e-01,-1.076859234130723708e-01
7.945408606939464713e-01,5.026063217286581564e-01,-2.919345389652883149e-01,-8.758036168958649448e-01,7.791396678638151663e-01,-9.666394903204977851e-02
7.919340620728305691e-01,5.026063217286581564e-01,-2.893277403441724127e-01,-8.679832210325172381e-01,7.820395863347706644e-01,-8.594363469774657371e-02
7.893186690882448842e-01,5.026063217286581564e-01,-2.867123473595867278e-01,-8.601370420787601834e-01,7.846178953757054764e-01,-7.551914670305470700e-02
7.866957241889888097e-01,5.026063217286581564e-01,-2.840894024603306534e-01,-8.522682073809919601e-01,7.868834697768223307e-01,-6.538473760416962932e-02
7.840662408159723151e-01,5.026063217286581564e-01,-2.814599190873141588e-01,-8.443797572619424763e-01,7.888450119049483789e-01,-5.553474535699409742e-02
7.814312039684201405e-01,5.026063217286581564e-01,-2.788248822397619842e-01,-8.364746467192859525e-01,7.905110542656523798e-01,-4.596359245363357271e-02
7.787915707616226424e-01,5.026063217286581564e-01,-2.761852490329644860e-01,-8.285557470988934581e-01,7.918899620392494398e-01,-3.666578505964401824e-02
7.761482709763192211e-01,5.026063217286581564e-01,-2.735419492476610648e-01,-8.206258477429831943e-01,7.929899355910263736e-01,-2.763591215195682071e-02
7.735022075998005953e-01,5.026063217286581564e-01,-2.708958858711424389e-01,-8.126876576134273167e-01,7.938190129555877661e-01,-1.886864465783955058e-02
7.708542573588161861e-01,5.026063217286581564e-01,-2.682479356301580298e-01,-8.047438068904740893e-01,7.943850722953227361e-01,-1.035873459515135320e-02
7.682052712443722120e-01,5.026063217286581564e-01,-2.655989495157140556e-01,-7.967968485471421669e-01,7.946958343331922414e-01,-2.101014213949925491e-03
7.655560750285068661e-01,5.026063217286581564e-01,-2.629497532998487097e-01,-7.888492598995461291e-01,7.947588647596037781e-01,5.909604860057648956e-03
7.629074697731275112e-01,5.026063217286581564e-01,-2.603011480444693548e-01,-7.809034441334080645e-01,7.945815766138064618e-01,1.367813248039839724e-02
7.602602323309961552e-01,5.026063217286581564e-01,-2.576539106023379988e-01,-7.729617318070139964e-01,7.941712326394068100e-01,2.120950083239281359e-02
7.576151158389480278e-01,5.026063217286581564e-01,-2.550087941102898714e-01,-7.650263823308696143e-01,7.935349476144382130e-01,2.850856528356859876e-02
7.549728502034283029e-01,5.026063217286581564e-01,-2.523665284747701465e-01,-7.570995854243104395e-01,7.926796906559174793e-01,3.558010523160703986e-02
7.523341425784317860e-01,5.026063217286581564e-01,-2.497278208497736296e-01,-7.491834625493208888e-01,7.916122874989550695e-01,4.242882494963418072e-02
7.496996778359301672e-01,5.026063217286581564e-01,-2.470933561072720108e-01,-7.412800683218160325e-01,7.903394227504856318e-01,4.905935442866959928e-02
7.470701190288714377e-01,5.026063217286581564e-01,-2.444637973002132814e-01,-7.333913919006398441e-01,7.888676421176188391e-01,5.547625021697899506e-02
7.444461078468344040e-01,5.026063217286581564e-01,-2.418397861181762476e-01,-7.255193583545287428e-01,7.872033546111101288e-01,6.168399625658138596e-02
7.418282650644230092e-01,5.026063217286581564e-01,-2.392219433357648528e-01,-7.176658300072945584e-01,7.853528347234184359e-01,6.768700471612387748e-02
7.392171909824832854e-01,5.026063217286581564e-01,-2.366108692538251290e-01,-7.098326077614753871e-01,7.833222245819171370e-01,7.348961682044174992e-02
7.366134658622255360e-01,5.026063217286581564e-01,-2.340071441335673796e-01,-7.020214324007021389e-01,7.811175360773248144e-01,7.909610367662267549e-02
7.340176503523354601e-01,5.026063217286581564e-01,-2.314113286236773037e-01,-6.942339858710319112e-01,7.787446529670227768e-01,8.451066709599086568e-02
7.314302859091550424e-01,5.026063217286581564e-01,-2.288239641804968860e-01,-6.864718925414906581e-01,7.762093329541253084e-01,8.973744041263465032e-02
7.288518952100158099e-01,5.026063217286581564e-01,-2.262455734813576536e-01,-6.787367204440729607e-01,7.735172097417697401e-01,9.478048929769677944e-02
7.262829825598063893e-01,5.026063217286581564e-01,-2.236766608311482329e-01,-6.710299824934446988e-01,7.706737950628261835e-01,9.964381256938148468e-02
7.237240342908538571e-01,5.026063217286581564e-01,-2.211177125621957007e-01,-6.633531376865871021e-01,7.676844806857596737e-01,1.043313429991725716e-01
7.211755191562012612e-01,5.026063217286581564e-01,-2.185691974275431049e-01,-6.557075922826293146e-01,7.645545403957787478e-01,1.088469481131494332e-01
7.186378887163600293e-01,5.026063217286581564e-01,-2.160315669877018729e-01,-6.480947009631056188e-01,7.612891319523695799e-01,1.131944309892639611e-01
7.161115777196177534e-01,5.026063217286581564e-01,-2.135052559909595971e-01,-6.405157679728787912e-01,7.578932990226827648e-01,1.173775310498039737e-01
7.135970044759804010e-01,5.026063217286581564e-01,-2.109906827473222446e-01,-6.329720482419667338e-01,7.543719730912057386e-01,1.213999248492390048e-01
7.110945712248279982e-01,5.026063217286581564e-01,-2.084882494961698418e-01,-6.254647484885095254e-01,7.507299753457208347e-01,1.252652268572113092e-01
7.086046644963612806e-01,5.026063217286581564e-01,-2.059983427677031242e-01,-6.179950283031093727e-01,7.469720185400152701e-01,1.289769902369058974e-01
7.061276554669182470e-01,5.026063217286581564e-01,-2.035213337382600907e-01,-6.105640012147802720e-01,7.431027088329100749e-01,1.325387076181298029e-01
7.036639003082370003e-01,5.026063217286581564e-01,-2.010575785795788439e-01,-6.031727357387365318e-01,7.391265476043740179e-01,1.359538118656374861e-01
7.012137405307423688e-01,5.026063217286581564e-01,-1.986074188020842124e-01,-5.958222564062526372e-01,7.350479332483894623e-01,1.392256768421368252e-01
6.987775033209319142e-01,5.026063217286581564e-01,-1.961711815922737578e-01,-5.885135447768212735e-01,7.308711629431363654e-01,1.423576181663150919e-01
6.963555018729381541e-01,5.026063217286581564e-01,-1.937491801442799977e-01,-5.812475404328399931e-01,7.266004343981280478e-01,1.453528939652880547e-01
6.939480357143409384e-01,5.026063217286581564e-01,-1.913417139856827820e-01,-5.740251419570483460e-01,7.222398475791647066e-01,1.482147056221163606e-01
6.915553910263059212e-01,5.026063217286581564e-01,-1.889490692976477648e-01,-5.668472078929432945e-01,7.177934064105051526e-01,1.509461985175618581e-01
6.891778409581226228e-01,5.026063217286581564e-01,-1.865715192294644664e-01,-5.597145576883933993e-01,7.132650204549895179e-01,1.535504627665961186e-01
6.868156459362160238e-01,5.026063217286581564e-01,-1.842093242075578674e-01,-5.526279726226736022e-01,7.086585065719797072e-01,1.560305339493061050e-01
6.844690539677042995e-01,5.026063217286581564e-01,-1.818627322390461432e-01,-5.455881967171384295e-01,7.039775905535172740e-01,1.583893938363788445e-01
6.821383009385761920e-01,5.026063217286581564e-01,-1.795319792099180356e-01,-5.385959376297541068e-01,6.992259087384322669e-01,1.606299711086781601e-01
6.798236109065589616e-01,5.026063217286581564e-01,-1.772172891779008053e-01,-5.316518675337024158e-01,6.944070096051691010e-01,1.627551420714666852e-01
6.775251963887488627e-01,5.026063217286581564e-01,-1.749188746600907063e-01,-5.247566239802721189e-01,6.895243553430296934e-01,1.647677313627575746e-01
6.752432586440750839e-01,5.026063217286581564e-01,-1.726369369154169275e-01,-5.179108107462507826e-01,6.845813234021336235e-01,1.666705126558828409e-01
6.729779879506668783e-01,5.026063217286581564e-01,-1.703716662220087219e-01,-5.111149986660261657e-01,6.795812080224616913e-01,1.684662093564355256e-01
6.707295638781943792e-01,5.026063217286581564e-01,-1.681232421495362228e-01,-5.043697264486086684e-01,6.745272217417497274e-01,1.701574952931410589e-01
6.684981555552511612e-01,5.026063217286581564e-01,-1.658918338265930048e-01,-4.976755014797790144e-01,6.694224968829654010e-01,1.717469954031863866e-01
6.662839219318482664e-01,5.026063217286581564e-01,-1.636776002031901101e-01,-4.910328006095703302e-01,6.642700870208684272e-01,1.732372864112980970e-01
6.640870120370865326e-01,5.026063217286581564e-01,-1.614806903084283762e-01,-4.844420709252851287e-01,6.590729684285201451e-01,1.746308975032350164e-01
6.619075652320750569e-01,5.026063217286581564e-01,-1.593012435034169005e-01,-4.779037305102507016e-01,6.538340415034427089e-01,1.759303109931920073e-01
6.597457114581629645e-01,5.026063217286581564e-01,-1.571393897295048081e-01,-4.714181691885144243e-01,6.485561321736277307e-01,1.771379629851133064e-01
6.576015714805493184e-01,5.026063217286581564e-01,-1.549952497518911620e-01,-4.649857492556734861e-01,6.432419932840938159e-01,1.782562440284203298e-01
6.554752571273385620e-01,5.026063217286581564e-01,-1.528689353986804056e-01,-4.586068061960412168e-01,6.378943059632269375e-01,1.792874997671857207e-01
6.533668715241045533e-01,5.026063217286581564e-01,-1.507605497954463969e-01,-4.522816493863391907e-01,6.325156809702026095e-01,1.802340315838634188e-01
6.512765093240289183e-01,5.026063217286581564e-01,-1.486701875953707619e-01,-4.460105627861122857e-01,6.271086600226905006e-01,1.810980972365782149e-01
6.492042569336768931e-01,5.026063217286581564e-01,-1.465979352050187368e-01,-4.397938056150562103e-01,6.216757171056075393e-01,1.818819114905513290e-01
6.471501927344739391e-01,5.026063217286581564e-01,-1.445438710058157827e-01,-4.336316130174473482e-01,6.162192597608862066e-01,1.825876467434388584e-01
6.451143872999453022e-01,5.026063217286581564e-01,-1.425080655712871458e-01,-4.275241967138614374e-01,6.107416303585910811e-01,1.832174336447296437e-01
6.430969036087811341e-01,5.026063217286581564e-01,-1.404905818801229778e-01,-4.214717456403689333e-01,6.052451073492504108e-01,1.837733617088814775e-01
6.410977972537879044e-01,5.026063217286581564e-01,-1.384914755251297480e-01,-4.154744265753892440e-01,5.997319064979689252e-01,1.842574799225796811e-01
6.391171166467869424e-01,5.026063217286581564e-01,-1.365107949181287861e-01,-4.095323847543863582e-01,5.942041821002885804e-01,1.846717973459022222e-01
6.371549032195205076e-01,5.026063217286581564e-01,-1.345485814908623512e-01,-4.036457444725870536e-01,5.886640281799304653e-01,1.850182837073434117e-01
6.352111916206247821e-01,5.026063217286581564e-01,-1.326048698919666258e-01,-3.978146096758998773e-01,5.831134796687176269e-01,1.852988699928177496e-01
6.332860099087284089e-01,5.026063217286581564e-01,-1.306796881800702526e-01,-3.920390645402107577e-01,5.775545135689119647e-01,1.855154490287012070e-01
6.313793797417348586e-01,5.026063217286581564e-01,-1.287730580130767022e-01,-3.863191740392301066e-01,5.719890500980651105e-01,1.856698760588350039e-01
6.294913165623472473e-01,5.026063217286581564e-01,-1.268849948336890909e-01,-3.806549845010672728e-01,5.664189538162833770e-01,1.857639693152161042e-01
6.276218297798911161e-01,5.026063217286581564e-01,-1.250155080512329597e-01,-3.750465241536988792e-01,5.608460347368393606e-01,1.857995105831404814e-01
6.257709229484933466e-01,5.026063217286581564e-01,-1.231646012198351903e-01,-3.694938036595055708e-01,5.552720494193308376e-01,1.857782457598252668e-01
6.239385939416715043e-01,5.026063217286581564e-01,-1.213322722130133480e-01,-3.639968166390400439e-01,5.496987020465526896e-01,1.857018854075126457e-01
6.221248351233904517e-01,5.026063217286581564e-01,-1.195185133947322953e-01,-3.585555401841968859e-01,5.441276454843158028e-01,1.855721053001189169e-01
6.203296335156394115e-01,5.026063217286581564e-01,-1.177233117869812551e-01,-3.531699353609437653e-01,5.385604823253120621e-01,1.853905469643682968e-01
6.185529709625847694e-01,5.026063217286581564e-01,-1.159466492339266130e-01,-3.478399477017798391e-01,5.329987659163926139e-01,1.851588182146127748e-01
6.167948242913515733e-01,5.026063217286581564e-01,-1.141885025626934169e-01,-3.425655076880802508e-01,5.274440013699588370e-01,1.848784936818785862e-01
6.150551654694865755e-01,5.026063217286581564e-01,-1.124488437408284192e-01,-3.373465312224852575e-01,5.218976465594993286e-01,1.845511153370140711e-01
6.133339617591553328e-01,5.026063217286581564e-01,-1.107276400304971764e-01,-3.321829200914915292e-01,5.163611130993728260e-01,1.841781930078812968e-01
6.116311758681248767e-01,5.026063217286581564e-01,-1.090248541394667203e-01,-3.270745624184001610e-01,5.108357673091368234e-01,1.837612048907366624e-01
6.099467660975834704e-01,5.026063217286581564e-01,-1.073404443689253140e-01,-3.220213331067759421e-01,5.053229311624218845e-01,1.833015980556459423e-01
6.082806864868476326e-01,5.026063217286581564e-01,-1.056743647581894763e-01,-3.170230942745684288e-01,4.998238832207513305e-01,1.828007889461829016e-01
6.066328869550063896e-01,5.026063217286581564e-01,-1.040265652263482332e-01,-3.120796956790446997e-01,4.943398595523729178e-01,1.822601638733282181e-01
6.050033134395524925e-01,5.026063217286581564e-01,-1.023969917108943362e-01,-3.071909751326830085e-01,4.888720546361691177e-01,1.816810795034861092e-01
6.033919080320488959e-01,5.026063217286581564e-01,-1.007855863033907395e-01,-3.023567589101722186e-01,4.834216222510789862e-01,1.810648633409067676e-01
6.017986091108794566e-01,5.026063217286581564e-01,-9.919228738222130026e-02,-2.975768621466639008e-01,4.779896763508317825e-01,1.804128142041678817e-01
6.002233514711303730e-01,5.026063217286581564e-01,-9.761702974247221665e-02,-2.928510892274166499e-01,4.725772919247250847e-01,1.797262026973084348e-01
5.986660664516511021e-01,5.026063217286581564e-01,-9.605974472299294575e-02,-2.881792341689788373e-01,4.671855058437812680e-01,1.790062716748024307e-01
5.971266820593392755e-01,5.026063217286581564e-01,-9.452036033068111909e-02,-2.835610809920433573e-01,4.618153176935479998e-01,1.782542367015046425e-01
5.956051230906975746e-01,5.026063217286581564e-01,-9.299880136203941827e-02,-2.789964040861182548e-01,4.564676905925102446e-01,1.774712865063919898e-01
5.941013112507065319e-01,5.026063217286581564e-01,-9.149498952204837554e-02,-2.744849685661451266e-01,4.511435519973128194e-01,1.766585834311676928e-01
5.926151652690586635e-01,5.026063217286581564e-01,-9.000884354040050717e-02,-2.700265306212015215e-01,4.458437944943605125e-01,1.758172638731589910e-01
5.911466010137980120e-01,5.026063217286581564e-01,-8.854027928513985568e-02,-2.656208378554195670e-01,4.405692765781954456e-01,1.749484387227758786e-01
5.896955316024097282e-01,5.026063217286581564e-01,-8.708920987375157186e-02,-2.612676296212547156e-01,4.353208234164851476e-01,1.740531937952304320e-01
5.882618675104008821e-01,5.026063217286581564e-01,-8.565554578174272571e-02,-2.569666373452281771e-01,4.300992276026538441e-01,1.731325902574256670e-01
5.868455166774178000e-01,5.026063217286581564e-01,-8.423919494875964364e-02,-2.527175848462789309e-01,4.249052498949246193e-01,1.721876650486456883e-01
5.854463846109395631e-01,5.026063217286581564e-01,-8.284006288228140669e-02,-2.485201886468442201e-01,4.197396199434710873e-01,1.712194312966268672e-01
5.840643744875910759e-01,5.026063217286581564e-01,-8.145805275893291952e-02,-2.443741582767987586e-01,4.146030370045461488e-01,1.702288787277473903e-01
5.826993872521153417e-01,5.026063217286581564e-01,-8.009306552345718533e-02,-2.402791965703715560e-01,4.094961706427202586e-01,1.692169740723487026e-01
5.813513217140467981e-01,5.026063217286581564e-01,-7.874499998538864176e-02,-2.362349999561659253e-01,4.044196614205630702e-01,1.681846614643971449e-01
5.800200746421246834e-01,5.026063217286581564e-01,-7.741375291346652698e-02,-2.322412587403995810e-01,3.993741215766344332e-01,1.671328628362348523e-01
5.787055408564861780e-01,5.026063217286581564e-01,-7.609921912782802167e-02,-2.282976573834840650e-01,3.943601356915515943e-01,1.660624783080675293e-01
5.774076133186785142e-01,5.026063217286581564e-01,-7.480129159002035788e-02,-2.244038747700610736e-01,3.893782613422991368e-01,1.649743865722380631e-01
5.761261832195281318e-01,5.026063217286581564e-01,-7.351986149086997546e-02,-2.205595844726099264e-01,3.844290297451147254e-01,1.638694452725047990e-01
5.748611400649049630e-01,5.026063217286581564e-01,-7.225481833624680661e-02,-2.167644550087404198e-01,3.795129463869506559e-01,1.627484913782102360e-01
5.736123717594195925e-01,5.026063217286581564e-01,-7.100605003076143618e-02,-2.130181500922843085e-01,3.746304916456111300e-01,1.616123415533268215e-01
5.723797646880895984e-01,5.026063217286581564e-01,-6.977344295943144203e-02,-2.093203288782943261e-01,3.697821213989982425e-01,1.604617925207039164e-01
5.711632037960115982e-01,5.026063217286581564e-01,-6.855688206735344181e-02,-2.056706462020603254e-01,3.649682676234000667e-01,1.592976214213397412e-01
5.699625726660757508e-01,5.026063217286581564e-01,-6.735625093741759439e-02,-2.020687528122527832e-01,3.601893389807542256e-01,1.581205861685014424e-01
5.687777535947567964e-01,5.026063217286581564e-01,-6.617143186609864003e-02,-1.985142955982959201e-01,3.554457213956863093e-01,1.569314257973903892e-01
5.676086276660176066e-01,5.026063217286581564e-01,-6.500230593735945028e-02,-1.950069178120783508e-01,3.507377786217569238e-01,1.557308608096785729e-01
5.664550748233593280e-01,5.026063217286581564e-01,-6.384875309470117166e-02,-1.915462592841035150e-01,3.460658527974835863e-01,1.545195935133800713e-01
5.653169739400524252e-01,5.026063217286581564e-01,-6.271065221139426882e-02,-1.881319566341828065e-01,3.414302649920708532e-01,1.532983083578880468e-01
5.641942028875812642e-01,5.026063217286581564e-01,-6.158788115892310788e-02,-1.847636434767693236e-01,3.368313157413482806e-01,1.520676722645789569e-01
5.630866386023365422e-01,5.026063217286581564e-01,-6.048031687367838583e-02,-1.814409506210351575e-01,3.322692855734166173e-01,1.508283349523814598e-01
5.619941571505870925e-01,5.026063217286581564e-01,-5.938783542192893616e-02,-1.781635062657868085e-01,3.277444355248348984e-01,1.495809292590480899e-01
5.609166337917635969e-01,5.026063217286581564e-01,-5.831031206310544057e-02,-1.749309361893163217e-01,3.232570076470486775e-01,1.483260714577323558e-01
5.598539430400858441e-01,5.026063217286581564e-01,-5.724762131142768773e-02,-1.717428639342830632e-01,3.188072255033258529e-01,1.470643615690427897e-01
5.588059587245649551e-01,5.026063217286581564e-01,-5.619963699590679873e-02,-1.685989109877203962e-01,3.143952946562666995e-01,1.457963836685463033e-01
5.577725540474109955e-01,5.026063217286581564e-01,-5.516623231875283917e-02,-1.654986969562585175e-01,3.100214031461878683e-01,1.445227061899293508e-01
5.567536016408759503e-01,5.026063217286581564e-01,-5.414727991221779391e-02,-1.624418397366533817e-01,3.056857219605135789e-01,1.432438822238601972e-01
5.557489736225633692e-01,5.026063217286581564e-01,-5.314265189390521282e-02,-1.594279556817156385e-01,3.013884054937743251e-01,1.419604498120586866e-01
5.547585416492319954e-01,5.026063217286581564e-01,-5.215221992057383904e-02,-1.564566597617215171e-01,2.971295919994121348e-01,1.406729322376906177e-01
5.537821769691243512e-01,5.026063217286581564e-01,-5.117585524046619483e-02,-1.535275657213985845e-01,2.929094040322932635e-01,1.393818383108946790e-01
5.528197504728478151e-01,5.026063217286581564e-01,-5.021342874418965874e-02,-1.506402862325689762e-01,2.887279488829608276e-01,1.380876626503918514e-01
5.518711327428362790e-01,5.026063217286581564e-01,-4.926481101417812258e-02,-1.477944330425343678e-01,2.845853190034608460e-01,1.367908859609264782e-01
5.509361941014208064e-01,5.026063217286581564e-01,-4.832987237276265002e-02,-1.449896171182879501e-01,2.804815924246417680e-01,1.354919753063538179e-01
5.500148046575360494e-01,5.026063217286581564e-01,-4.740848292887789306e-02,-1.422254487866336792e-01,2.764168331654270894e-01,1.341913843787934102e-01
5.491068343520891792e-01,5.026063217286581564e-01,-4.650051262343102287e-02,-1.395015378702930686e-01,2.723910916340610555e-01,1.328895537637679869e-01
5.482121530020186428e-01,5.026063217286581564e-01,-4.560583127336048648e-02,-1.368174938200814594e-01,2.684044050211609189e-01,1.315869112010794595e-01
5.473306303430681696e-01,5.026063217286581564e-01,-4.472430861441001326e-02,-1.341729258432300398e-01,2.644567976851419644e-01,1.302838718419119246e-01
5.464621360713018960e-01,5.026063217286581564e-01,-4.385581434264373968e-02,-1.315674430279312190e-01,2.605482815298820753e-01,1.289808385019508563e-01
5.456065398833858104e-01,5.026063217286581564e-01,-4.300021815472765407e-02,-1.290006544641829622e-01,2.566788563748256813e-01,1.276782019106427191e-01
5.447637115156608312e-01,5.026063217286581564e-01,-4.215738978700267481e-02,-1.264721693610080244e-01,2.528485103174937798e-01,1.263763409564857554e-01
5.439335207820314988e-01,5.026063217286581564e-01,-4.132719905337334243e-02,-1.239815971601200273e-01,2.490572200887997134e-01,1.250756229286796861e-01
5.431158376106950403e-01,5.026063217286581564e-01,-4.050951588203688392e-02,-1.215285476461106517e-01,2.453049514009375542e-01,1.237764037548269025e-01
5.423105320797340090e-01,5.026063217286581564e-01,-3.970421035107585261e-02,-1.191126310532275578e-01,2.415916592883093905e-01,1.224790282350818327e-01
5.415174744515964811e-01,5.026063217286581564e-01,-3.891115272293832472e-02,-1.167334581688149742e-01,2.379172884412583677e-01,1.211838302724433936e-01
5.407365352064862352e-01,5.026063217286581564e-01,-3.813021347782807879e-02,-1.143906404334842364e-01,2.342817735330737783e-01,1.198911330995895419e-01
5.399675850746860073e-01,5.026063217286581564e-01,-3.736126334602785093e-02,-1.120837900380835528e-01,2.306850395400683595e-01,1.186012495019848068e-01
5.392104950678359154e-01,5.026063217286581564e-01,-3.660417333917775906e-02,-1.098125200175332772e-01,2.271270020550275603e-01,1.173144820374942832e-01
5.384651365091895903e-01,5.026063217286581564e-01,-3.585881478053143390e-02,-1.075764443415943017e-01,2.236075675938975493e-01,1.160311232523032476e-01
5.377313810628685520e-01,5.026063217286581564e-01,-3.512505933421039561e-02,-1.053751780026311868e-01,2.201266338963114855e-01,1.147514558936802986e-01
5.370091007621368151e-01,5.026063217286581564e-01,-3.440277903347865873e-02,-1.032083371004359762e-01,2.166840902195210639e-01,1.134757531190850877e-01
5.362981680367170378e-01,5.026063217286581564e-01,-3.369184630805888148e-02,-1.010755389241766444e-01,2.132798176259331768e-01,1.122042787017565324e-01
5.355984557391674228e-01,5.026063217286581564e-01,-3.299213401050926642e-02,-9.897640203152779925e-02,2.099136892648845176e-01,1.109372872333567184e-01
5.349098371703411292e-01,5.026063217286581564e-01,-3.230351544168297284e-02,-9.691054632504891853e-02,2.065855706478880727e-01,1.096750243228391541e-01
5.342321861039470710e-01,5.026063217286581564e-01,-3.162586437528891459e-02,-9.487759312586674376e-02,2.032953199182174764e-01,1.084177267923507326e-01
5.335653768102323058e-01,5.026063217286581564e-01,-3.095905508157414943e-02,-9.287716524472244828e-02,2.000427881144295483e-01,1.071656228697071001e-01
5.329092840788044461e-01,5.026063217286581564e-01,-3.030296235014628969e-02,-9.090888705043886908e-02,1.968278194283579197e-01,1.059189323779190506e-01
5.322637832406144076e-01,5.026063217286581564e-01,-2.965746151195625124e-02,-8.897238453586875373e-02,1.936502514570115352e-01,1.046778669211427815e-01
5.316287501891164835e-01,5.026063217286581564e-01,-2.902242846045832714e-02,-8.706728538137498141e-02,1.905099154493772318e-01,1.034426300680022504e-01
5.310040614006253934e-01,5.026063217286581564e-01,-2.839773967196723703e-02,-8.519321901590171109e-02,1.874066365473270324e-01,1.022134175314253213e-01
5.303895939538874060e-01,5.026063217286581564e-01,-2.778327222522924966e-02,-8.334981667568774899e-02,1.843402340213962098e-01,1.009904173457084609e-01
5.297852255488839646e-01,5.026063217286581564e-01,-2.717890382022580820e-02,-8.153671146067742459e-02,1.813105215010324400e-01,9.977381004035501544e-02
5.291908345248845791e-01,5.026063217286581564e-01,-2.658451279622642272e-02,-7.975353838867926815e-02,1.783173071998156445e-01,9.856376881113637634e-02
5.286062998777663058e-01,5.026063217286581564e-01,-2.599997814910814942e-02,-7.799993444732444825e-02,1.753603941354819895e-01,9.736045968815754126e-02
5.280315012766169103e-01,5.026063217286581564e-01,-2.542517954795875390e-02,-7.627553864387626170e-02,1.724395803448186548e-01,9.616404170094239312e-02
5.274663190796375911e-01,5.026063217286581564e-01,-2.485999735097943475e-02,-7.457999205293830425e-02,1.695546590937957454e-01,9.497466704085744116e-02
5.269106343493623612e-01,5.026063217286581564e-01,-2.430431262070420484e-02,-7.291293786211261452e-02,1.667054190825689730e-01,9.379248122045635849e-02
5.263643288672091858e-01,5.026063217286581564e-01,-2.375800713855102941e-02,-7.127402141565308824e-02,1.638916446459526277e-01,9.261762323029953947e-02
5.258272851473789755e-01,5.026063217286581564e-01,-2.322096341872081915e-02,-6.966289025616245745e-02,1.611131159490630793e-01,9.145022569290062187e-02
5.252993864501180887e-01,5.026063217286581564e-01,-2.269306472145993236e-02,-6.807919416437979709e-02,1.583696091782660353e-01,9.029041501388623825e-02
5.247805167943585536e-01,5.026063217286581564e-01,-2.217419506570039722e-02,-6.652258519710119167e-02,1.556608967278605427e-01,8.913831153075935099e-02
5.242705609697521085e-01,5.026063217286581564e-01,-2.166423924109395216e-02,-6.499271772328185648e-02,1.529867473819335189e-01,8.799402965865166237e-02
5.237694045481116056e-01,5.026063217286581564e-01,-2.116308281945344927e-02,-6.348924845836034780e-02,1.503469264921508675e-01,8.685767803379051966e-02
5.232769338942744319e-01,5.026063217286581564e-01,-2.067061216561627557e-02,-6.201183649684882671e-02,1.477411961511521099e-01,8.572935965430328320e-02
5.227930361764027145e-01,5.026063217286581564e-01,-2.018671444774455814e-02,-6.056014334323367443e-02,1.451693153615152276e-01,8.460917201828155321e-02
5.223175993757327440e-01,5.026063217286581564e-01,-1.971127764707458763e-02,-5.913383294122376288e-02,1.426310402009911549e-01,8.349720725976739200e-02
5.218505122957888265e-01,5.026063217286581564e-01,-1.924419056713067011e-02,-5.773257170139201033e-02,1.401261239831752548e-01,8.239355228178324442e-02
5.213916645710731101e-01,5.026063217286581564e-01,-1.878534284241495378e-02,-5.635602852724486134e-02,1.376543174147148996e-01,8.129828888747003823e-02
5.209409466752460416e-01,5.026063217286581564e-01,-1.833462494658788522e-02,-5.500387483976365566e-02,1.352153687481205679e-01,8.021149390835691229e-02
5.204982499288098863e-01,5.026063217286581564e-01,-1.789192820015172991e-02,-5.367578460045518973e-02,1.328090239308465925e-01,7.913323933039140279e-02
5.200634665063067485e-01,5.026063217286581564e-01,-1.745714477764859218e-02,-5.237143433294577655e-02,1.304350267509413186e-01,7.806359241799554205e-02
5.196364894430454129e-01,5.026063217286581564e-01,-1.703016771438725652e-02,-5.109050314316176955e-02,1.280931189784006996e-01,7.700261583523893005e-02
5.192172126413675537e-01,5.026063217286581564e-01,-1.661089091270939733e-02,-4.983267273812819198e-02,1.257830405033577570e-01,7.595036776522956501e-02
5.188055308764663032e-01,5.026063217286581564e-01,-1.619920914780814680e-02,-4.859762744342444041e-02,1.235045294703751573e-01,7.490690202695071687e-02
5.184013398017677243e-01,5.026063217286581564e-01,-1.579501807310956796e-02,-4.738505421932870387e-02,1.212573224095736535e-01,7.387226819024494961e-02
5.180045359538881788e-01,5.026063217286581564e-01,-1.539821422523002248e-02,-4.619464267569006743e-02,1.190411543638636438e-01,7.284651168817357636e-02
5.176150167571774707e-01,5.026063217286581564e-01,-1.500869502851931436e-02,-4.502608508555794309e-02,1.168557590132124346e-01,7.182967392765449155e-02
5.172326805278595341e-01,5.026063217286581564e-01,-1.462635879920137771e-02,-4.387907639760413314e-02,1.147008687953809947e-01,7.082179239777686153e-02
5.168574264777813232e-01,5.026063217286581564e-01,-1.425110474912316683e-02,-4.275331424736950048e-02,1.125762150234632664e-01,6.982290077609376588e-02
5.164891547177806741e-01,5.026063217286581564e-01,-1.388283298912251773e-02,-4.164849896736755319e-02,1.104815280001947286e-01,6.883302903282717544e-02
5.161277662606833516e-01,5.026063217286581564e-01,-1.352144453202519525e-02,-4.056433359607558575e-02,1.084165371291967439e-01,6.785220353312115815e-02
5.157731630239393850e-01,5.026063217286581564e-01,-1.316684129528122860e-02,-3.950052388584368579e-02,1.063809710231899963e-01,6.688044713734631053e-02
5.154252478319091280e-01,5.026063217286581564e-01,-1.281892610325097159e-02,-3.845677830975291478e-02,1.043745576090771010e-01,6.591777929932418623e-02
5.150839244178088139e-01,5.026063217286581564e-01,-1.247760268915065751e-02,-3.743280806745197253e-02,1.023970242300942246e-01,6.496421616264225207e-02
5.147490974253247087e-01,5.026063217286581564e-01,-1.214277569666655232e-02,-3.642832708999965696e-02,1.004480977452315571e-01,6.401977065523190014e-02
5.144206724099061878e-01,5.026063217286581564e-01,-1.181435068124803145e-02,-3.544305204374409435e-02,9.852750462555626143e-02,6.308445258181216708e-02
5.140985558397458410e-01,5.026063217286581564e-01,-1.149223411108768467e-02,-3.447670233326305400e-02,9.663497104810403471e-02,6.215826871484098071e-02
5.137826550964569305e-01,5.026063217286581564e-01,-1.117633336779877418e-02,-3.352900010339632253e-02,9.477022298667314715e-02,6.124122288327682462e-02
5.134728784754564179e-01,5.026063217286581564e-01,-1.086655674679826156e-02,-3.259967024039478467e-02,9.293298630015378592e-02,6.033331605975900125e-02
5.131691351860618866e-01,5.026063217286581564e-01,-1.056281345740373023e-02,-3.168844037221119070e-02,9.112298681835939718e-02,5.943454644614820648e-02
5.128713353513119078e-01,5.026063217286581564e-01,-1.026501362265375139e-02,-3.079504086796125417e-02,8.933995042499365269e-02,5.854490955703239852e-02
5.125793900075176213e-01,5.026063217286581564e-01,-9.973068278859464897e-03,-2.991920483657839469e-02,8.758360313828594812e-02,5.766439830170755343e-02
5.122932111035535252e-01,5.026063217286581564e-01,-9.686889374895368832e-03,-2.906066812468610649e-02,8.585367118922881957e-02,5.679300306454271308e-02
5.120127114998959117e-01,5.026063217286581564e-01,-9.406389771237755326e-03,-2.821916931371326598e-02,8.414988109728405163e-02,5.593071178357078566e-02
5.117378049674166096e-01,5.026063217286581564e-01,-9.131483238758453247e-03,-2.739444971627535974e-02,8.247195974379062378e-02,5.507751002751526404e-02
5.114684061859400277e-01,5.026063217286581564e-01,-8.862084457281871330e-03,-2.658625337184561399e-02,8.081963444297457499e-02,5.423338107112896100e-02
5.112044307425706036e-01,5.026063217286581564e-01,-8.598109013912447196e-03,-2.579432704173734159e-02,7.919263301082724027e-02,5.339830596908989868e-02
5.109457951297980971e-01,5.026063217286581564e-01,-8.339473401139940734e-03,-2.501842020341982220e-02,7.759068383175193873e-02,5.257226362833211653e-02
5.106924167433883888e-01,5.026063217286581564e-01,-8.086095014730232400e-03,-2.425828504419069720e-02,7.601351592291250014e-02,5.175523087872180295e-02
5.104442138800665552e-01,5.026063217286581564e-01,-7.837892151408398789e-03,-2.351367645422519637e-02,7.446085899655008333e-02,5.094718254232488697e-02
5.102011057349989942e-01,5.026063217286581564e-01,-7.594784006340837834e-03,-2.278435201902251350e-02,7.293244352026828636e-02,5.014809150124577286e-02
5.099630123990815944e-01,5.026063217286581564e-01,-7.356690670423438050e-03,-2.207007201127031415e-02,7.142800077521993529e-02,4.935792876394962114e-02
5.097298548560404985e-01,5.026063217286581564e-01,-7.123533127382342123e-03,-2.137059938214702637e-02,6.994726291232877813e-02,4.857666353018175176e-02
5.095015549793524556e-01,5.026063217286581564e-01,-6.895233250694299265e-03,-2.068569975208289780e-02,6.848996300641285728e-02,4.780426325432995949e-02
5.092780355289898697e-01,5.026063217286581564e-01,-6.671713800331713351e-03,-2.001514140099514005e-02,6.705583510877577424e-02,4.704069370778063419e-02
5.090592201479980927e-01,5.026063217286581564e-01,-6.452898419339936353e-03,-1.935869525801980906e-02,6.564461429753309929e-02,4.628591903951329023e-02
5.088450333589101815e-01,5.026063217286581564e-01,-6.238711630252025131e-03,-1.871613489075607539e-02,6.425603672637336672e-02,4.553990183561729133e-02
5.086354005600058903e-01,5.026063217286581564e-01,-6.029078831347733924e-03,-1.808723649404320177e-02,6.288983967128736197e-02,4.480260317724416019e-02
5.084302480214193398e-01,5.026063217286581564e-01,-5.823926292761183454e-03,-1.747177887828355036e-02,6.154576157596514108e-02,4.407398269768159071e-02
5.082295028811024684e-01,5.026063217286581564e-01,-5.623181152444312048e-03,-1.686954345733293614e-02,6.022354209506142197e-02,4.335399863772848583e-02
5.080330931406493722e-01,5.026063217286581564e-01,-5.426771411991215821e-03,-1.628031423597364746e-02,5.892292213592886796e-02,4.264260789995522050e-02
5.078409476609863082e-01,5.026063217286581564e-01,-5.234625932328151876e-03,-1.570387779698445563e-02,5.764364389891918350e-02,4.193976610193472787e-02
5.076529961579334671e-01,5.026063217286581564e-01,-5.046674429275310736e-03,-1.514002328782593221e-02,5.638545091585234204e-02,4.124542762802640983e-02
5.074691691976433994e-01,5.026063217286581564e-01,-4.862847468985243005e-03,-1.458854240695572901e-02,5.514808808702031939e-02,4.055954568006459038e-02
5.072893981919213147e-01,5.026063217286581564e-01,-4.683076463263158296e-03,-1.404922938978947489e-02,5.393130171662541272e-02,3.988207232683593784e-02
5.071136153934319157e-01,5.026063217286581564e-01,-4.507293664773759367e-03,-1.352188099432127810e-02,5.273483954681967845e-02,3.921295855249840034e-02
5.069417538907977638e-01,5.026063217286581564e-01,-4.335432162139607470e-03,-1.300629648641882241e-02,5.155845079024556910e-02,3.855215430382674668e-02
5.067737476035940603e-01,5.026063217286581564e-01,-4.167425874935903884e-03,-1.250227762480771165e-02,5.040188616111107578e-02,3.789960853630336413e-02
5.066095312772439518e-01,5.026063217286581564e-01,-4.003209548585795474e-03,-1.200962864575738642e-02,4.926489790503252308e-02,3.725526925927513666e-02
5.064490404778198007e-01,5.026063217286581564e-01,-3.842718749161644354e-03,-1.152815624748493306e-02,4.814723982724533613e-02,3.661908357976040307e-02
5.062922115867536377e-01,5.026063217286581564e-01,-3.685889858095481308e-03,-1.105766957428644393e-02,4.704866731984891359e-02,3.599099774556246967e-02
5.061389817954620174e-01,5.026063217286581564e-01,-3.532660066803861021e-03,-1.059798020041158306e-02,4.596893738748608627e-02,3.537095718707450320e-02
5.059892890998890502e-01,5.026063217286581564e-01,-3.382967371230893860e-03,-1.014890211369268158e-02,4.490780867189014813e-02,3.475890655819746655e-02
5.058430722949719405e-01,5.026063217286581564e-01,-3.236750566313784105e-03,-9.710251698941352316e-03,4.386504147513292651e-02,3.415478977619157419e-02
5.057002709690324727e-01,5.026063217286581564e-01,-3.093949240374316290e-03,-9.281847721122948869e-03,4.284039778184034475e-02,3.355855006071739588e-02
5.055608254980989980e-01,5.026063217286581564e-01,-2.954503769440841587e-03,-8.863511308322524762e-03,4.183364128004241067e-02,3.297012997171988591e-02
5.054246770401626954e-01,5.026063217286581564e-01,-2.818355311504538996e-03,-8.455065934513616988e-03,4.084453738089077746e-02,3.238947144637716047e-02
5.052917675293711053e-01,5.026063217286581564e-01,-2.685445800712948916e-03,-8.056337402138846748e-03,3.987285323747702392e-02,3.181651583533817718e-02
5.051620396701630433e-01,5.026063217286581564e-01,-2.555717941504886959e-03,-7.667153824514660876e-03,3.891835776241858724e-02,3.125120393790392637e-02
5.050354369313487801e-01,5.026063217286581564e-01,-2.429115202690623754e-03,-7.287345608071871261e-03,3.798082164427896146e-02,3.069347603620709020e-02
5.049119035401381517e-01,5.026063217286581564e-01,-2.305581811479995302e-03,-6.916745434439985907e-03,3.706001736318853546e-02,3.014327192874854955e-02
5.047913844761203750e-01,5.026063217286581564e-01,-2.185062747462218624e-03,-6.555188242386655872e-03,3.615571920533300343e-02,2.960053096294634756e-02
5.046738254651988997e-01,5.026063217286581564e-01,-2.067503736540743375e-03,-6.202511209622230126e-03,3.526770327644257463e-02,2.906519206682034451e-02
5.045591729734840714e-01,5.026063217286581564e-01,-1.952851244825914989e-03,-5.858553734477744968e-03,3.439574751444851586e-02,2.853719377997077089e-02
5.044473742011472694e-01,5.026063217286581564e-01,-1.841052472489113079e-03,-5.523157417467339236e-03,3.353963170104057312e-02,2.801647428357323388e-02
5.043383770762388529e-01,5.026063217286581564e-01,-1.732055347580696569e-03,-5.196166042742089708e-03,3.269913747252495284e-02,2.750297142978286313e-02
5.042321302484733536e-01,5.026063217286581564e-01,-1.625808519815197251e-03,-4.877425559445591752e-03,3.187404832964979562e-02,2.699662277020420387e-02
5.041285830829849157e-01,5.026063217286581564e-01,-1.522261354326759353e-03,-4.566784062980278058e-03,3.106414964653136934e-02,2.649736558355109128e-02
5.040276856540547579e-01,5.026063217286581564e-01,-1.421363925396601502e-03,-4.264091776189804506e-03,3.026922867904735526e-02,2.600513690285755075e-02
5.039293887388149873e-01,5.026063217286581564e-01,-1.323067010156830925e-03,-3.969201030470492775e-03,2.948907457193117310e-02,2.551987354146068032e-02
5.038336438109293214e-01,5.026063217286581564e-01,-1.227322082271165016e-03,-3.681966246813495047e-03,2.872347836569977275e-02,2.504151211888627770e-02
5.037404030342554906e-01,5.026063217286581564e-01,-1.134081305597334222e-03,-3.402243916792002665e-03,2.797223300214923825e-02,2.456998908535723558e-02
5.036496192564902108e-01,5.026063217286581564e-01,-1.043297527832054428e-03,-3.129892583496163283e-03,2.723513332958393818e-02,2.410524074608777489e-02
5.035612460027996118e-01,5.026063217286581564e-01,-9.549242741414554203e-04,-2.864772822424366261e-03,2.651197610717970221e-02,2.364720328475533595e-02
5.034752374694374533e-01,5.026063217286581564e-01,-8.689157407792968968e-04,-2.606747222337890690e-03,2.580256000864755705e-02,2.319581278630966636e-02
5.033915485173539039e-01,5.026063217286581564e-01,-7.852267886957475795e-04,-2.355680366087242739e-03,2.510668562506479518e-02,2.275100525897755244e-02
5.033101346657962161e-01,5.026063217286581564e-01,-7.038129371380597021e-04,-2.111438811414179106e-03,2.442415546730636322e-02,2.231271665589218411e-02
5.032309520859041818e-01,5.026063217286581564e-01,-6.246303572460254472e-04,-1.873891071738076342e-03,2.375477396761027649e-02,2.188088289587220014e-02
5.031539575943017040e-01,5.026063217286581564e-01,-5.476358656435476036e-04,-1.642907596930642811e-03,2.309834748074335309e-02,2.145543988381271028e-02
5.030791086466875894e-01,5.026063217286581564e-01,-4.727869180294330675e-04,-1.418360754088299203e-03,2.245468428423436080e-02,2.103632353014606160e-02
5.030063633314265648e-01,5.026063217286581564e-01,-4.000416027684083886e-04,-1.200124808305225166e-03,2.182359457830740368e-02,2.062346977000217851e-02
5.029356803631425121e-01,5.026063217286581564e-01,-3.293586344843557612e-04,-9.880759034530672835e-04,2.120489048521578823e-02,2.021681458176272095e-02
5.028670190763165904e-01,5.026063217286581564e-01,-2.606973476584339977e-04,-7.820920429753019931e-04,2.059838604777652904e-02,1.981629400480122705e-02
5.028003394188911290e-01,5.026063217286581564e-01,-1.940176902329726616e-04,-5.820530706989179848e-04,2.000389722763840084e-02,1.942184415693948285e-02
5.027356019458814052e-01,5.026063217286581564e-01,-1.292802172232487834e-04,-3.878406516697463502e-04,1.942124190291716346e-02,1.903340125124741711e-02
5.026727678129968568e-01,5.026063217286581564e-01,-6.644608433870047293e-05,-1.993382530161014188e-04,1.885023986536449314e-02,1.865090161234839172e-02
5.026117987702735102e-01,5.026063217286581564e-01,-5.477041615353783754e-06,-1.643112484606135126e-05,1.829071281700400675e-02,1.827428169215794540e-02
5.025526571557193956e-01,5.026063217286581564e-01,5.366457293876081280e-05,1.609937188162824384e-04,1.774248436623437897e-02,1.790347808505066141e-02
5.024953058889737312e-01,5.026063217286581564e-01,1.110158396844251882e-04,3.330475190532755647e-04,1.720538002369931263e-02,1.753842754275258820e-02
5.024397084649823153e-01,5.026063217286581564e-01,1.666132636758410612e-04,4.998397910275231837e-04,1.667922719742476190e-02,1.717906698845228508e-02
5.023858289476897943e-01,5.026063217286581564e-01,2.204927809683621120e-04,6.614783429050863361e-04,1.616385518775631525e-02,1.682533353066140158e-02
5.023336319637503600e-01,5.026063217286581564e-01,2.726897649077963948e-04,8.180692947233891843e-04,1.565909518183028482e-02,1.647716447655367400e-02
5.022830826962585427e-01,5.026063217286581564e-01,3.232390323996137127e-04,9.697170971988411381e-04,1.516478024754519538e-02,1.613449734474403652e-02
5.022341468785012086e-01,5.026063217286581564e-01,3.721748501569477341e-04,1.116524550470843202e-03,1.468074532720020642e-02,1.579726987767104962e-02
5.021867907877316517e-01,5.026063217286581564e-01,4.195309409265046696e-04,1.258592822779514009e-03,1.420682723086708066e-02,1.546542005364659467e-02
5.021409812389674432e-01,5.026063217286581564e-01,4.653404896907131771e-04,1.396021469072139531e-03,1.374286462926255226e-02,1.513888609833469179e-02
5.020966855788130401e-01,5.026063217286581564e-01,5.096361498451162930e-04,1.528908449535348879e-03,1.328869804632093476e-02,1.481760649585628364e-02
5.020538716793082612e-01,5.026063217286581564e-01,5.524500493498951670e-04,1.657350148049685501e-03,1.284416985143366219e-02,1.450151999948334769e-02
5.020125079318034089e-01,5.026063217286581564e-01,5.938137968547474443e-04,1.781441390564242333e-03,1.240912425145568321e-02,1.419056564201992554e-02
5.019725632408628124e-01,5.026063217286581564e-01,6.337584877953439388e-04,1.901275463386031817e-03,1.198340728217894835e-02,1.388468274556498017e-02
5.019340070181967928e-01,5.026063217286581564e-01,6.723147104613635960e-04,2.016944131384090788e-03,1.156686679980589716e-02,1.358381093118998795e-02
5.018968091766238260e-01,5.026063217286581564e-01,7.095125520343303904e-04,2.128537656102991171e-03,1.115935247189003832e-02,1.328789012799302949e-02
5.018609401240636814e-01,5.026063217286581564e-01,7.453816045944750002e-04,2.236144813783425001e-03,1.076071576804338292e-02,1.299686058182680792e-02
5.018263707575617572e-01,5.026063217286581564e-01,7.799509710963992148e-04,2.339852913289197645e-03,1.037080995057726440e-02,1.271066286386646205e-02
5.017930724573461676e-01,5.026063217286581564e-01,8.132492713119887640e-04,2.439747813935966292e-03,9.989490064676864733e-03,1.242923787861283103e-02
5.017610170809184700e-01,5.026063217286581564e-01,8.453046477396863878e-04,2.535913943219059163e-03,9.616612928309287156e-03,1.215252687152834632e-02
5.017301769571779202e-01,5.026063217286581564e-01,8.761447714802361730e-04,2.628434314440708519e-03,9.252037122164935568e-03,1.188047143660564409e-02
5.017005248805810336e-01,5.026063217286581564e-01,9.057968480771227959e-04,2.717390544231368388e-03,8.895622979065986868e-03,1.161301352329735526e-02
5.016720341053364507e-01,5.026063217286581564e-01,9.342876233217056736e-04,2.802862869965117021e-03,8.547232573374863307e-03,1.135009544333998033e-02
5.016446783396362186e-01,5.026063217286581564e-01,9.616433890219378000e-04,2.884930167065813400e-03,8.206729710069637918e-03,1.109165987713545132e-02
5.016184317399237091e-01,5.026063217286581564e-01,9.878899887344472219e-04,2.963669966203341666e-03,7.873979913752826576e-03,1.083764987995616824e-02
5.015932689051991744e-01,5.026063217286581564e-01,1.013052823458981955e-03,3.039158470376945864e-03,7.548850417360419840e-03,1.058800888773736570e-02
5.015691648713633821e-01,5.026063217286581564e-01,1.037156857294774248e-03,3.111470571884322744e-03,7.231210150737688025e-03,1.034268072262201077e-02
5.015460951055998873e-01,5.026063217286581564e-01,1.060226623058269091e-03,3.180679869174807273e-03,6.920929729048452828e-03,1.010160959822326010e-02
5.015240355007962725e-01,5.026063217286581564e-01,1.082286227861883887e-03,3.246858683585651661e-03,6.617881441084438876e-03,9.864740124670090538e-03
5.015029623700050232e-01,5.026063217286581564e-01,1.103359358653133171e-03,3.310078075959399513e-03,6.321939237374785137e-03,9.632017313334184649e-03
5.014828524409451482e-01,5.026063217286581564e-01,1.123469287713008136e-03,3.370407863139024407e-03,6.032978717962489412e-03,9.403386581101513819e-03
5.014636828505434352e-01,5.026063217286581564e-01,1.142638878114721201e-03,3.427916634344163604e-03,5.750877120513919749e-03,9.178793754858083354e-03
5.014454311395171171e-01,5.026063217286581564e-01,1.160890589141039264e-03,3.482671767423117792e-03,5.475513307895418791e-03,8.958185075318536583e-03
5.014280752469983948e-01,5.026063217286581564e-01,1.178246481659761535e-03,3.534739444979284606e-03,5.206767755616681370e-03,8.741507200595965976e-03
5.014115935051997042e-01,5.026063217286581564e-01,1.194728223458452199e-03,3.584184670375356596e-03,4.944522539607199008e-03,8.528707209982555604e-03
5.013959646341220600e-01,5.026063217286581564e-01,1.210357094536096412e-03,3.631071283608289235e-03,4.688661323293263905e-03,8.319732606901553140e-03
5.013811677363050334e-01,5.026063217286581564e-01,1.225153992353122945e-03,3.675461977059368834e-03,4.439069345107959919e-03,8.114531322167328753e-03
5.013671822916202503e-01,5.026063217286581564e-01,1.239139437037906077e-03,3.717418311113718232e-03,4.195633405434939789e-03,7.913051716548658021e-03
5.013539881521070773e-01,5.026063217286581564e-01,1.252333576551079020e-03,3.757000729653237059e-03,3.958241853951882661e-03,7.715242583605119719e-03
5.013415655368522739e-01,5.026063217286581564e-01,1.264756191805882501e-03,3.794268575417647504e-03,3.726784576441044550e-03,7.521053151858692054e-03
5.013298950269127197e-01,5.026063217286581564e-01,1.276426701745436709e-03,3.829280105236310128e-03,3.501152981866262337e-03,7.330433087102572465e-03
5.013189575602818859e-01,5.026063217286581564e-01,1.287364168376270435e-03,3.862092505128811304e-03,3.281239989250117617e-03,7.143332494378928921e-03
5.013087344269004930e-01,5.026063217286581564e-01,1.297587301757663347e-03,3.892761905272990042e-03,3.066940014417873783e-03,6.959701919690863825e-03
5.012992072637110219e-01,5.026063217286581564e-01,1.307114464947134458e-03,3.921343394841403374e-03,2.858148956841333188e-03,6.779492351682736562e-03
5.012903580497567457e-01,5.026063217286581564e-01,1.315963678901410638e-03,3.947891036704231915e-03,2.654764186282854155e-03,6.602655222987086070e-03
5.012821691013247261e-01,5.026063217286581564e-01,1.324152627333430310e-03,3.972457882000290930e-03,2.456684529605901446e-03,6.429142411606192375e-03
5.012746230671338843e-01,5.026063217286581564e-01,1.331698661524272076e-03,3.995095984572816228e-03,2.263810257252529823e-03,6.258906241825346051e-03
5.012677029235672599e-01,5.026063217286581564e-01,1.338618805090896480e-03,4.015856415272689439e-03,2.076043069987321132e-03,6.091899485260010572e-03
5.012613919699491216e-01,5.026063217286581564e-01,1.344929758709034751e-03,4.034789276127104252e-03,1.893286085441481248e-03,5.928075361568585500e-03
5.012556738238671539e-01,5.026063217286581564e-01,1.350647904791002496e-03,4.051943714373007488e-03,1.715443824590323629e-03,5.767387538963331117e-03
5.012505324165390519e-01,5.026063217286581564e-01,1.355789312119104473e-03,4.067367936357313418e-03,1.542422198430593028e-03,5.609790134787906446e-03
5.012459519882244141e-01,5.026063217286581564e-01,1.360369740433742258e-03,4.081109221301226775e-03,1.374128494391335664e-03,5.455237715692562439e-03
5.012419170836813764e-01,5.026063217286581564e-01,1.364404644976779934e-03,4.093213934930339803e-03,1.210471362911302862e-03,5.303685297841642665e-03
5.012384125476680996e-01,5.026063217286581564e-01,1.367909180990056761e-03,4.103727542970170283e-03,1.051360803983047987e-03,5.155088346953218270e-03
5.012354235204895536e-01,5.026063217286581564e-01,1.370898208168602750e-03,4.112694624505808250e-03,8.967081535637966283e-04,5.009402778069604878e-03
5.012329354335888221e-01,5.026063217286581564e-01,1.373386295069334295e-03,4.120158885208002886e-03,7.464260702194636110e-04,4.866584955427466497e-03
5.012309340051835926e-01,5.026063217286581564e-01,1.375387723474563728e-03,4.126163170423691184e-03,6.004285215688298649e-04,4.726591691992521049e-03
5.012294052359476115e-01,5.026063217286581564e-01,1.376916492710544837e-03,4.130749478131634511e-03,4.586307707943326761e-04,4.589380248925967187e-03
5.012283354047365469e-01,5.026063217286581564e-01,1.377986323921609468e-03,4.133958971764828405e-03,3.209493633193893913e-04,4.454908335084217796e-03
5.012277110643589273e-01,5.026063217286581564e-01,1.378610664299229072e-03,4.135831992897687215e-03,1.873021132858809779e-04,4.323134106183568193e-03
5.012275190373919331e-01,5.026063217286581564e-01,1.378802691266223235e-03,4.136408073798669705e-03,5.760809009824896521e-05,4.194016163896918670e-03
5.012277464120413750e-01,5.026063217286581564e-01,1.378575316616781343e-03,4.135725949850344030e-03,-6.821239483256746894e-05,4.067513555017776561e-03
5.012283805380463031e-01,5.026063217286581564e-01,1.377941190611853273e-03,4.133823571835559818e-03,-1.902378014784211757e-04,3.943585770357138642e-03
5.012294090226282472e-01,5.026063217286581564e-01,1.376912706029909117e-03,4.130738118089727351e-03,-3.085453745832467121e-04,3.822192743506480639e-03
5.012308197264845333e-01,5.026063217286581564e-01,1.375502002173623062e-03,4.126506006520869185e-03,-4.232111568858165640e-04,3.703294849635052621e-03
5.012326007598257860e-01,5.026063217286581564e-01,1.373720968832370382e-03,4.121162906497111145e-03,-5.343100023758040606e-04,3.586852904121307084e-03
5.012347404784575078e-01,5.026063217286581564e-01,1.371581250200648583e-03,4.114743750601945749e-03,-6.419155895165395975e-04,3.472828161085406151e-03
5.012372274799052896e-01,5.026063217286581564e-01,1.369094248752866783e-03,4.107282746258600348e-03,-7.461004343345400969e-04,3.361182311924060251e-03
5.012400505995843192e-01,5.026063217286581564e-01,1.366271129073837187e-03,4.098813387221511562e-03,-8.469359037088786124e-04,3.251877483512632949e-03
5.012431989070116334e-01,5.026063217286581564e-01,1.363122821646522986e-03,4.089368464939568959e-03,-9.444922281942602638e-04,3.144876236745308695e-03
5.012466617020626680e-01,5.026063217286581564e-01,1.359660026595488347e-03,4.078980079786465041e-03,-1.038838515310391841e-03,3.040141564476073199e-03
5.012504285112701075e-01,5.026063217286581564e-01,1.355893217388048910e-03,4.067679652164146731e-03,-1.130042762231830977e-03,2.937636889932315754e-03
5.012544890841665879e-01,5.026063217286581564e-01,1.351832644491568480e-03,4.055497933474705441e-03,-1.218171868944128988e-03,2.837326064530576453e-03
5.012588333896694781e-01,5.026063217286581564e-01,1.347488338988678258e-03,4.042465016966034774e-03,-1.303291650867066664e-03,2.739173366098968110e-03
5.012634516125089590e-01,5.026063217286581564e-01,1.342870116149197379e-03,4.028610348447592138e-03,-1.385466851844263658e-03,2.643143496603328479e-03
5.012683341496981804e-01,5.026063217286581564e-01,1.337987578959975998e-03,4.013962736879927995e-03,-1.464761156766414274e-03,2.549201580113513721e-03
5.012734716070453844e-01,5.026063217286581564e-01,1.332850121612771943e-03,3.998550364838315829e-03,-1.541237204161216567e-03,2.457313160677099262e-03
5.012788547957086616e-01,5.026063217286581564e-01,1.327466932949494804e-03,3.982400798848484413e-03,-1.614956598983141589e-03,2.367444199865342824e-03
5.012844747287918956e-01,5.026063217286581564e-01,1.321846999866260752e-03,3.965540999598782257e-03,-1.685979924970215649e-03,2.279561074628566608e-03
5.012903226179825644e-01,5.026063217286581564e-01,1.315999110675591943e-03,3.947997332026775830e-03,-1.754366757200642724e-03,2.193630574826133106e-03
5.012963898702307297e-01,5.026063217286581564e-01,1.309931858427426654e-03,3.929795575282279962e-03,-1.820175674449586722e-03,2.109619900832693240e-03
5.013026680844689942e-01,5.026063217286581564e-01,1.303653644189162186e-03,3.910960932567486559e-03,-1.883464271479340368e-03,2.027496661088146190e-03
5.013091490483733148e-01,5.026063217286581564e-01,1.297172680284841562e-03,3.891518040854524685e-03,-1.944289171296187391e-03,1.947228869558337294e-03
5.013158247351646724e-01,5.026063217286581564e-01,1.290496993493484013e-03,3.871490980480452038e-03,-2.002706037407264716e-03,1.868784943073187321e-03
5.013226873004502648e-01,5.026063217286581564e-01,1.283634428207891531e-03,3.850903284623674594e-03,-2.058769585677744374e-03,1.792133698945930220e-03
5.013297290791057792e-01,5.026063217286581564e-01,1.276592649552377168e-03,3.829777948657131503e-03,-2.112533596654309065e-03,1.717244352002822438e-03
5.013369425821965208e-01,5.026063217286581564e-01,1.269379146461635521e-03,3.808137439384906564e-03,-2.164050927222493925e-03,1.644086512162412639e-03
5.013443204939385112e-01,5.026063217286581564e-01,1.262001234719645204e-03,3.786003704158935612e-03,-2.213373522597095189e-03,1.572630181561840423e-03
5.013518556686986649e-01,5.026063217286581564e-01,1.254466059959491453e-03,3.763398179878474359e-03,-2.260552428046125328e-03,1.502845751832349031e-03
5.013595411280339365e-01,5.026063217286581564e-01,1.246780600624219915e-03,3.740341801872659744e-03,-2.305637800581461505e-03,1.434704001291198239e-03
5.013673700577693237e-01,5.026063217286581564e-01,1.238951670888832624e-03,3.716855012666497871e-03,-2.348678920616187327e-03,1.368176092050310544e-03
5.013753358051139530e-01,5.026063217286581564e-01,1.230985923544203331e-03,3.692957770632609993e-03,-2.389724203388787771e-03,1.303233567243822222e-03
5.013834318758152442e-01,6.899833063193816507e-01,1.885998744435664065e-01,5.657996233306992195e-01,0.000000000000000000e+00,5.657996233306992195e-01
5.014481079088496385e-01,6.899833063193816507e-01,1.885351984105320122e-01,5.656055952315960367e-01,-1.940280991031828606e-02,5.462027853212777506e-01
5.015674042204162353e-01,6.899833063193816507e-01,1.884159020989654154e-01,5.652477062968962462e-01,-3.578889346997904397e-02,5.294588128269172023e-01
5.017396464132655165e-01,6.899833063193816507e-01,1.882436599061161342e-01,5.647309797183484026e-01,-5.167265785478436513e-02,5.130583218635640375e-01
5.019631944383010635e-01,6.899833063193816507e-01,1.880201118810805871e-01,5.640603356432417614e-01,-6.706440751066411465e-02,4.969959281325776468e-01
5.022364420561499232e-01,6.899833063193816507e-01,1.877468642632317275e-01,5.632405927896951825e-01,-8.197428535465789423e-02,4.812663074350372883e-01
5.025578163047422775e-01,6.899833063193816507e-01,1.874254900146393732e-01,5.622764700439181196e-01,-9.641227457770629172e-02,4.658641954662118279e-01
5.029257769728812111e-01,6.899833063193816507e-01,1.870575293465004396e-01,5.611725880395013188e-01,-1.103882004416800733e-01,4.507843875978212456e-01
5.033388160797799271e-01,6.899833063193816507e-01,1.866444902396017236e-01,5.599334707188051707e-01,-1.239117320696148106e-01,4.360217386491903602e-01
5.037954573605436526e-01,6.899833063193816507e-01,1.861878489588379981e-01,5.585635468765139944e-01,-1.369923842291176364e-01,4.215711626473963580e-01
5.042942557575720297e-01,6.899833063193816507e-01,1.856890505618096210e-01,5.570671516854288630e-01,-1.496395191085131415e-01,4.074276325769157214e-01
5.048337969178581242e-01,6.899833063193816507e-01,1.851495094015235265e-01,5.554485282045705796e-01,-1.618623480858283337e-01,3.935861801187422460e-01
5.054126966961560719e-01,6.899833063193816507e-01,1.845706096232255788e-01,5.537118288696767365e-01,-1.736699334893843094e-01,3.800418953802924271e-01
5.060296006639920519e-01,6.899833063193816507e-01,1.839537056553895988e-01,5.518611169661687965e-01,-1.850711903507940015e-01,3.667899266153747950e-01
5.066831836244896081e-01,6.899833063193816507e-01,1.833001226948920426e-01,5.499003680846761277e-01,-1.960748881492668794e-01,3.538254799354092484e-01
5.073721491329806765e-01,6.899833063193816507e-01,1.826111571864009742e-01,5.478334715592029225e-01,-2.066896525473205237e-01,3.411438190118823988e-01
5.080952290233730073e-01,6.899833063193816507e-01,1.818880772960086434e-01,5.456642318880259301e-01,-2.169239671176992346e-01,3.287402647703266956e-01
5.088511829402423414e-01,6.899833063193816507e-01,1.811321233791393093e-01,5.433963701374179278e-01,-2.267861750608002325e-01,3.166101950766176953e-01
5.096387978766193649e-01,6.899833063193816507e-01,1.803445084427622858e-01,5.410335253282868573e-01,-2.362844809131070534e-01,3.047490444151798039e-01
5.104568877174378017e-01,6.899833063193816507e-01,1.795264186019438490e-01,5.385792558058315471e-01,-2.454269522455310160e-01,2.931523035603005312e-01
5.113042927886123357e-01,6.899833063193816507e-01,1.786790135307693150e-01,5.360370405923079451e-01,-2.542215213523602024e-01,2.818155192399477427e-01
5.121798794117108367e-01,6.899833063193816507e-01,1.778034269076708140e-01,5.334102807230124421e-01,-2.626759869295502980e-01,2.707342937934621441e-01
5.130825394641886916e-01,6.899833063193816507e-01,1.769007668551929591e-01,5.307023005655788772e-01,-2.707980157433564905e-01,2.599042848222223867e-01
5.140111899451488275e-01,6.899833063193816507e-01,1.759721163742328232e-01,5.279163491226984695e-01,-2.785951442880407747e-01,2.493212048346576948e-01
5.149647725465923420e-01,6.899833063193816507e-01,1.750185337727893087e-01,5.250556013183679260e-01,-2.860747804330543431e-01,2.389808208853135829e-01
5.159422532301244368e-01,6.899833063193816507e-01,1.740410530892572138e-01,5.221231592677716415e-01,-2.932442050596284489e-01,2.288789542081431927e-01
5.169426218090773517e-01,6.899833063193816507e-01,1.730406845103042990e-01,5.191220535309128969e-01,-3.001105736858744599e-01,2.190114798450384370e-01
5.179648915360147710e-01,6.899833063193816507e-01,1.720184147833668797e-01,5.160552443501006392e-01,-3.066809180812257729e-01,2.093743262688748663e-01
5.190080986955790676e-01,6.899833063193816507e-01,1.709752076238025831e-01,5.129256228714077492e-01,-3.129621478692889980e-01,1.999634750021187513e-01
5.200713022026435262e-01,6.899833063193816507e-01,1.699120041167381245e-01,5.097360123502143736e-01,-3.189610521193375625e-01,1.907749602308768111e-01
5.211535832057311302e-01,6.899833063193816507e-01,1.688297231136505205e-01,5.064891693409515616e-01,-3.246843009262811997e-01,1.818048684146703620e-01
5.222540446956601690e-01,6.899833063193816507e-01,1.677292616237214817e-01,5.031877848711644452e-01,-3.301384469787116416e-01,1.730493378924528036e-01
5.233718111193784717e-01,6.899833063193816507e-01,1.666114952000031790e-01,4.998344856000095371e-01,-3.353299271154908112e-01,1.645045584845187259e-01
5.245060279989451901e-01,6.899833063193816507e-01,1.654772783204364606e-01,4.964318349613093817e-01,-3.402650638700155383e-01,1.561667710912938434e-01
5.256558615556210512e-01,6.899833063193816507e-01,1.643274447637605995e-01,4.929823342912817985e-01,-3.449500670027583205e-01,1.480322672885234780e-01
5.268204983390257778e-01,6.899833063193816507e-01,1.631628079803558728e-01,4.894884239410676185e-01,-3.493910350214179950e-01,1.400973889196496236e-01
5.279991448613224891e-01,6.899833063193816507e-01,1.619841614580591616e-01,4.859524843741774847e-01,-3.535939566890133889e-01,1.323585276851640957e-01
5.291910272363876677e-01,6.899833063193816507e-01,1.607922790829939830e-01,4.823768372489819489e-01,-3.575647125195535736e-01,1.248121247294283753e-01
5.303953908239258386e-01,6.899833063193816507e-01,1.595879154954558121e-01,4.787637464863674364e-01,-3.613090762614512563e-01,1.174546702249161800e-01
5.316114998784864376e-01,6.899833063193816507e-01,1.583718064408952131e-01,4.751154193226856393e-01,-3.648327163681797103e-01,1.102827029545059290e-01
5.328386372033425689e-01,6.899833063193816507e-01,1.571446691160390818e-01,4.714340073481172455e-01,-3.681411974568393752e-01,1.032928098912778703e-01
5.340761038091877966e-01,6.899833063193816507e-01,1.559072025101938541e-01,4.677216075305815624e-01,-3.712399817535683155e-01,9.648162577701324683e-02
5.353232185776106711e-01,6.899833063193816507e-01,1.546600877417709796e-01,4.639802632253129389e-01,-3.741344305268623494e-01,8.984583269845058950e-02
5.365793179293034676e-01,6.899833063193816507e-01,1.534039883900781831e-01,4.602119651702345493e-01,-3.768298055078389552e-01,8.338215966239559407e-02
5.378437554969625056e-01,6.899833063193816507e-01,1.521395508224191451e-01,4.564186524672574352e-01,-3.793312702977114093e-01,7.708738216954602596e-02
5.391159018028385264e-01,6.899833063193816507e-01,1.508674045165431243e-01,4.526022135496293730e-01,-3.816438917628062200e-01,7.095832178682315305e-02
5.403951439408931634e-01,6.899833063193816507e-01,1.495881623784884873e-01,4.487644871354654619e-01,-3.837726414163911137e-01,6.499184571907434815e-02
5.416808852635197624e-01,6.899833063193816507e-01,1.483024210558618883e-01,4.449072631675856648e-01,-3.857223967879797044e-01,5.918486637960596042e-02
5.429725450727842517e-01,6.899833063193816507e-01,1.470107612465973990e-01,4.410322837397921969e-01,-3.874979427793467934e-01,5.353434096044540347e-02
5.442695583161447637e-01,6.899833063193816507e-01,1.457137480032368870e-01,4.371412440097106611e-01,-3.891039730081535808e-01,4.803727100155708030e-02
5.455713752866054866e-01,6.899833063193816507e-01,1.444119310327761641e-01,4.332357930983284922e-01,-3.905450911382168933e-01,4.269070196011159890e-02
5.468774613272622265e-01,6.899833063193816507e-01,1.431058449921194242e-01,4.293175349763582727e-01,-3.918258121970219499e-01,3.749172277933632280e-02
5.481872965401969333e-01,6.899833063193816507e-01,1.417960097791847174e-01,4.253880293375541521e-01,-3.929505638804120515e-01,3.243746545714210061e-02
5.495003754996773404e-01,6.899833063193816507e-01,1.404829308197043103e-01,4.214487924591129309e-01,-3.939236878441221279e-01,2.752510461499080296e-02
5.508162069696191931e-01,6.899833063193816507e-01,1.391670993497624575e-01,4.175012980492873726e-01,-3.947494409825558215e-01,2.275185706673155117e-02
5.521343136252677697e-01,6.899833063193816507e-01,1.378489926941138810e-01,4.135469780823416430e-01,-3.954319966945729625e-01,1.811498138776868050e-02
5.534542317790550614e-01,6.899833063193816507e-01,1.365290745403265893e-01,4.095872236209797679e-01,-3.959754461361875144e-01,1.361177748479225347e-02
5.547755111105908687e-01,6.899833063193816507e-01,1.352077952087907819e-01,4.056233856263723458e-01,-3.963837994607422033e-01,9.239586165630142567e-03
5.560977144007431816e-01,6.899833063193816507e-01,1.338855919186384691e-01,4.016567757559154073e-01,-3.966609870456938580e-01,4.995788710221549245e-03
5.574204172697665438e-01,6.899833063193816507e-01,1.325628890496151069e-01,3.976886671488453207e-01,-3.968108607070086613e-01,8.778064418366593458e-04
5.587432079194341039e-01,6.899833063193816507e-01,1.312400983999475468e-01,3.937202951998426403e-01,-3.968371949002680310e-01,-3.116899700425390662e-03
5.600656868791316079e-01,6.899833063193816507e-01,1.299176194402500428e-01,3.897528583207501285e-01,-3.967436879092511859e-01,-6.990829588501057401e-03
5.613874667558702569e-01,6.899833063193816507e-01,1.285958395635113938e-01,3.857875186905341813e-01,-3.965339630215947153e-01,-1.074644433106053398e-02
5.627081719881757982e-01,6.899833063193816507e-01,1.272751343312058525e-01,3.818254029936175575e-01,-3.962115696916623797e-01,-1.438616669804482218e-02
5.640274386038115484e-01,6.899833063193816507e-01,1.259558677155701023e-01,3.778676031467103069e-01,-3.957799846907250618e-01,-1.791238154401475491e-02
5.653449139812929403e-01,6.899833063193816507e-01,1.246383923380887104e-01,3.739151770142661313e-01,-3.952426132444175622e-01,-2.132743623015143086e-02
5.666602566151512921e-01,6.899833063193816507e-01,1.233230497042303586e-01,3.699691491126910758e-01,-3.946027901575055452e-01,-2.463364104481446937e-02
5.679731358849051670e-01,6.899833063193816507e-01,1.220101704344764837e-01,3.660305113034294511e-01,-3.938637809261624767e-01,-2.783326962273302563e-02
5.692832318276968007e-01,6.899833063193816507e-01,1.207000744916848500e-01,3.621002234750545501e-01,-3.930287828374900982e-01,-3.092855936243554815e-02
5.705902349145521857e-01,6.899833063193816507e-01,1.193930714048294650e-01,3.581792142144883950e-01,-3.921009260566155064e-01,-3.392171184212711132e-02
5.718938458302232908e-01,6.899833063193816507e-01,1.180894604891583599e-01,3.542683814674750797e-01,-3.910832747013315291e-01,-3.681489323385644941e-02
5.731937752565710031e-01,6.899833063193816507e-01,1.167895310628106476e-01,3.503685931884319427e-01,-3.899788279043137074e-01,-3.961023471588176470e-02
5.744897436594471607e-01,6.899833063193816507e-01,1.154935626599344900e-01,3.464806879798034700e-01,-3.887905208628472664e-01,-4.230983288304379641e-02
5.757814810790350402e-01,6.899833063193816507e-01,1.142018252403466105e-01,3.426054757210398316e-01,-3.875212258763638395e-01,-4.491575015532400794e-02
5.770687269236073336e-01,6.899833063193816507e-01,1.129145793957743171e-01,3.387437381873229514e-01,-3.861737533716880222e-01,-4.743001518436507080e-02
5.783512297666612012e-01,6.899833063193816507e-01,1.116320765527204495e-01,3.348962296581613485e-01,-3.847508529161602908e-01,-4.985462325799894234e-02
5.796287471473893227e-01,6.899833063193816507e-01,1.103545591719923280e-01,3.310636775159769840e-01,-3.832552142184364463e-01,-5.219153670245946230e-02
5.809010453744472002e-01,6.899833063193816507e-01,1.090822609449344505e-01,3.272467828348033514e-01,-3.816894681173632620e-01,-5.444268528255991058e-02
5.821678993329767460e-01,6.899833063193816507e-01,1.078154069864049047e-01,3.234462209592147142e-01,-3.800561875588637228e-01,-5.660996659964900868e-02
5.834290922948464075e-01,6.899833063193816507e-01,1.065542140245352432e-01,3.196626420736057295e-01,-3.783578885608984699e-01,-5.869524648729274041e-02
5.846844157320673085e-01,6.899833063193816507e-01,1.052988905873143421e-01,3.158966717619430264e-01,-3.765970311662703018e-01,-6.070035940432727539e-02
5.859336691333477676e-01,6.899833063193816507e-01,1.040496371860338831e-01,3.121489115581016494e-01,-3.747760203841377091e-01,-6.262710882603605977e-02
5.871766598237456725e-01,6.899833063193816507e-01,1.028066464956359782e-01,3.084199394869079347e-01,-3.728972071193714655e-01,-6.447726763246353077e-02
5.884132027873802961e-01,6.899833063193816507e-01,1.015701035320013546e-01,3.047103105960040637e-01,-3.709628890903871046e-01,-6.625257849438304092e-02
5.896431204931654735e-01,6.899833063193816507e-01,1.003401858262161772e-01,3.010205574786485316e-01,-3.689753117355532019e-01,-6.795475425690467031e-02
5.908662427235249481e-01,6.899833063193816507e-01,9.911706359585670256e-02,2.973511907875701077e-01,-3.669366691078423948e-01,-6.958547832027228708e-02
5.920824064060523639e-01,6.899833063193816507e-01,9.790089991332928676e-02,2.937026997399878603e-01,-3.648491047582247404e-01,-7.114640501823688012e-02
5.932914554480780422e-01,6.899833063193816507e-01,9.669185087130360845e-02,2.900755526139108254e-01,-3.627147126077034933e-01,-7.263915999379266797e-02
5.944932405741043535e-01,6.899833063193816507e-01,9.549006574527729718e-02,2.864701972358318915e-01,-3.605355378078933803e-01,-7.406534057206148880e-02
5.956876191660733788e-01,6.899833063193816507e-01,9.429568715330827189e-02,2.828870614599248157e-01,-3.583135775907075882e-01,-7.542651613078277251e-02
5.968744551064293358e-01,6.899833063193816507e-01,9.310885121295231492e-02,2.793265536388569448e-01,-3.560507821067870893e-01,-7.672422846793014450e-02
5.980536186239384655e-01,6.899833063193816507e-01,9.192968769544318519e-02,2.757890630863295556e-01,-3.537490552527389198e-01,-7.795999216640936424e-02
5.992249861422309642e-01,6.899833063193816507e-01,9.075832017715068645e-02,2.722749605314520593e-01,-3.514102554877496232e-01,-7.913529495629756383e-02
6.003884401310278784e-01,6.899833063193816507e-01,8.959486618835377225e-02,2.687845985650613168e-01,-3.490361966390742587e-01,-8.025159807401294199e-02
6.015438689600174360e-01,6.899833063193816507e-01,8.843943735936421469e-02,2.653183120780926441e-01,-3.466286486968672698e-01,-8.131033661877462571e-02
6.026911667553450647e-01,6.899833063193816507e-01,8.729213956403658603e-02,2.618764186921097581e-01,-3.441893385982885967e-01,-8.231291990617883858e-02
6.038302332586821253e-01,6.899833063193816507e-01,8.615307306069952542e-02,2.584592191820985763e-01,-3.417199510011181829e-01,-8.326073181901960663e-02
6.049609736888372780e-01,6.899833063193816507e-01,8.502233263054437273e-02,2.550669978916331182e-01,-3.392221290465458061e-01,-8.415513115491268792e-02
6.060832986058769523e-01,6.899833063193816507e-01,8.390000771350469844e-02,2.517000231405140953e-01,-3.366974751119022891e-01,-8.499745197138819375e-02
6.071971237777193942e-01,6.899833063193816507e-01,8.278618254166225654e-02,2.483585476249867696e-01,-3.341475515527325690e-01,-8.578900392774579942e-02
6.083023700491690944e-01,6.899833063193816507e-01,8.168093627021255632e-02,2.450428088106376689e-01,-3.315738814349100672e-01,-8.653107262427239821e-02
6.093989632133564038e-01,6.899833063193816507e-01,8.058434310602524686e-02,2.417530293180757406e-01,-3.289779492561928365e-01,-8.722491993811709587e-02
6.104868338855499177e-01,6.899833063193816507e-01,7.949647243383173301e-02,2.384894173014951990e-01,-3.263612016580541564e-01,-8.787178435655895736e-02
6.115659173793077663e-01,6.899833063193816507e-01,7.841738894007388438e-02,2.352521668202216532e-01,-3.237250481273545866e-01,-8.847288130713293342e-02
6.126361535849348394e-01,6.899833063193816507e-01,7.734715273444681127e-02,2.320414582033404338e-01,-3.210708616881219335e-01,-8.902940348478149968e-02
6.136974868502134139e-01,6.899833063193816507e-01,7.628581946916823675e-02,2.288574584075047103e-01,-3.183999795835723567e-01,-8.954252117606764649e-02
6.147498658633744339e-01,6.899833063193816507e-01,7.523344045600721675e-02,2.257003213680216502e-01,-3.157137039483060015e-01,-9.001338258028435124e-02
6.157932435382774683e-01,6.899833063193816507e-01,7.419006278110418240e-02,2.225701883433125472e-01,-3.130133024709103040e-01,-9.044311412759775681e-02
6.168275769017677046e-01,6.899833063193816507e-01,7.315572941761394610e-02,2.194671882528418383e-01,-3.103000090470708905e-01,-9.083282079422905220e-02
6.178528269831785602e-01,6.899833063193816507e-01,7.213047933620309049e-02,2.163914380086092715e-01,-3.075750244232566821e-01,-9.118358641464741066e-02
6.188689587059479358e-01,6.899833063193816507e-01,7.111434761343371491e-02,2.133430428403011447e-01,-3.048395168308126735e-01,-9.149647399051152874e-02
6.198759407813182465e-01,6.899833063193816507e-01,7.010736553806340421e-02,2.103220966141902126e-01,-3.020946226110932109e-01,-9.177252599690299828e-02
6.208737456040888114e-01,6.899833063193816507e-01,6.910956071529283928e-02,2.073286821458785179e-01,-2.993414468311694776e-01,-9.201276468529095975e-02
6.218623491503908474e-01,6.899833063193816507e-01,6.812095716899080333e-02,2.043628715069724100e-01,-2.965810638906107854e-01,-9.221819238363837545e-02
6.228417308774545358e-01,6.899833063193816507e-01,6.714157544192711491e-02,2.014247263257813447e-01,-2.938145181191065269e-01,-9.238979179332518221e-02
6.238118736253388530e-01,6.899833063193816507e-01,6.617143269404279771e-02,1.985142980821283931e-01,-2.910428243652951608e-01,-9.252852628316676764e-02
6.247727635205948538e-01,6.899833063193816507e-01,6.521054279878679694e-02,1.956316283963603908e-01,-2.882669685768002310e-01,-9.263534018043984020e-02
6.257243898818328764e-01,6.899833063193816507e-01,6.425891643754877425e-02,1.927767493126463227e-01,-2.854879083714068067e-01,-9.271115905876048391e-02
6.266667451271650258e-01,6.899833063193816507e-01,6.331656119221662493e-02,1.899496835766498748e-01,-2.827065735996447948e-01,-9.275689002299492003e-02
6.275998246834948446e-01,6.899833063193816507e-01,6.238348163588680606e-02,1.871504449076604182e-01,-2.799238668989456613e-01,-9.277342199128524314e-02
6.285236268976255314e-01,6.899833063193816507e-01,6.145967942175611931e-02,1.843790382652683579e-01,-2.771406642392060249e-01,-9.276162597393766696e-02
6.294381529491588356e-01,6.899833063193816507e-01,6.054515337022281507e-02,1.816354601106684452e-01,-2.743578154599912722e-01,-9.272235534932282697e-02
6.303434067651572104e-01,6.899833063193816507e-01,5.963989955422444034e-02,1.789196986626733210e-01,-2.715761447995124200e-01,-9.265644613683909903e-02
6.312393949365419088e-01,6.899833063193816507e-01,5.874391138283974190e-02,1.762317341485192257e-01,-2.687964514154095319e-01,-9.256471726689030621e-02
6.321261266361999365e-01,6.899833063193816507e-01,5.785717968318171422e-02,1.735715390495451427e-01,-2.660195098974083017e-01,-9.244797084786315899e-02
6.330036135387731022e-01,6.899833063193816507e-01,5.697969278060854847e-02,1.709390783418256454e-01,-2.632460707719497250e-01,-9.230699243012407962e-02
6.338718697421032999e-01,6.899833063193816507e-01,5.611143657727835077e-02,1.683343097318350523e-01,-2.604768609990593120e-01,-9.214255126722425970e-02
6.347309116903068205e-01,6.899833063193816507e-01,5.525239462907483023e-02,1.657571838872244907e-01,-2.577125844610561600e-01,-9.195540057383166932e-02
6.355807580984529359e-01,6.899833063193816507e-01,5.440254822092871478e-02,1.632076446627861444e-01,-2.549539224438346352e-01,-9.174627778104849085e-02
6.364214298788208879e-01,6.899833063193816507e-01,5.356187644056076280e-02,1.606856293216822884e-01,-2.522015341103855945e-01,-9.151590478870330614e-02
6.372529500687099668e-01,6.899833063193816507e-01,5.273035625067168386e-02,1.581910687520150516e-01,-2.494560569667236827e-01,-9.126498821470863110e-02
6.380753437597775912e-01,6.899833063193816507e-01,5.190796255960405947e-02,1.557238876788121784e-01,-2.467181073202873165e-01,-9.099421964147513808e-02
6.388886380288810729e-01,6.899833063193816507e-01,5.109466829050057779e-02,1.532840048715017334e-01,-2.439882807310445045e-01,-9.070427585954277117e-02
6.396928618703986436e-01,6.899833063193816507e-01,5.029044444898300714e-02,1.508713333469490214e-01,-2.412671524552711944e-01,-9.039581910832217293e-02
6.404880461300053174e-01,6.899833063193816507e-01,4.949526018937633332e-02,1.484857805681289999e-01,-2.385552778820021480e-01,-9.006949731387314806e-02
6.412742234398806085e-01,6.899833063193816507e-01,4.870908287950104221e-02,1.461272486385031266e-01,-2.358531929625873325e-01,-8.972594432408420584e-02
6.420514281553235669e-01,6.899833063193816507e-01,4.793187816405808377e-02,1.437956344921742513e-01,-2.331614146328875314e-01,-8.936578014071328013e-02
6.428196962927523739e-01,6.899833063193816507e-01,4.716361002662927682e-02,1.414908300798878305e-01,-2.304804412286420856e-01,-8.898961114875425515e-02
6.435790654690664025e-01,6.899833063193816507e-01,4.640424085031524815e-02,1.392127225509457444e-01,-2.278107528942086013e-01,-8.859803034326285687e-02
6.443295748423460978e-01,6.899833063193816507e-01,4.565373147703555290e-02,1.369611944311066587e-01,-2.251528119839085740e-01,-8.819161755280191528e-02
6.450712650538704684e-01,6.899833063193816507e-01,4.491204126551118225e-02,1.347361237965335468e-01,-2.225070634573111938e-01,-8.777093966077764708e-02
6.458041781714287666e-01,6.899833063193816507e-01,4.417912814795288412e-02,1.325373844438586524e-01,-2.198739352674894398e-01,-8.733655082363078748e-02
6.465283576339047045e-01,6.899833063193816507e-01,4.345494868547694622e-02,1.303648460564308387e-01,-2.172538387427813689e-01,-8.688899268635053019e-02
6.472438481971120039e-01,6.899833063193816507e-01,4.273945812226964680e-02,1.282183743668089404e-01,-2.146471689621898271e-01,-8.642879459538088671e-02
6.479506958808597394e-01,6.899833063193816507e-01,4.203261043852191126e-02,1.260978313155657338e-01,-2.120543051243206634e-01,-8.595647380875492960e-02
6.486489479172266037e-01,6.899833063193816507e-01,4.133435840215504697e-02,1.240030752064651409e-01,-2.094756109100592845e-01,-8.547253570359414354e-02
6.493386527000231112e-01,6.899833063193816507e-01,4.064465361935853949e-02,1.219339608580756185e-01,-2.069114348389522462e-01,-8.497747398087662773e-02
6.500198597354215346e-01,6.899833063193816507e-01,3.996344658396011607e-02,1.198903397518803482e-01,-2.043621106195270265e-01,-8.447177086764667830e-02
6.506926195937332569e-01,6.899833063193816507e-01,3.929068672564839382e-02,1.178720601769451815e-01,-2.018279574935166742e-01,-8.395589731657149279e-02
6.513569838623132213e-01,6.899833063193816507e-01,3.862632245706842937e-02,1.158789673712052881e-01,-1.993092805739893336e-01,-8.343031320278404550e-02
6.520130050995729398e-01,6.899833063193816507e-01,3.797030121980871087e-02,1.139109036594261326e-01,-1.968063711779155511e-01,-8.289546751848941852e-02
6.526607367900808532e-01,6.899833063193816507e-01,3.732256952930079752e-02,1.119677085879023926e-01,-1.943195071523740047e-01,-8.235179856447161217e-02
6.533002333007322804e-01,6.899833063193816507e-01,3.668307301864937031e-02,1.100492190559481109e-01,-1.918489531954281624e-01,-8.179973413948005145e-02
6.539315498379697500e-01,6.899833063193816507e-01,3.605175648141190070e-02,1.081552694442357021e-01,-1.893949611712408831e-01,-8.123969172700518104e-02
6.545547424060345065e-01,6.899833063193816507e-01,3.542856391334714417e-02,1.062856917400414325e-01,-1.869577704194269607e-01,-8.067207867938552823e-02
6.551698677662313175e-01,6.899833063193816507e-01,3.481343855315033320e-02,1.044403156594509996e-01,-1.845376080590432899e-01,-8.009729239959229030e-02
6.557769833971882623e-01,6.899833063193816507e-01,3.420632292219338844e-02,1.026189687665801653e-01,-1.821346892870834289e-01,-7.951572052050326356e-02
6.563761474560930731e-01,6.899833063193816507e-01,3.360715886328857760e-02,1.008214765898657328e-01,-1.797492176714432510e-01,-7.892774108157751822e-02
6.569674187408897081e-01,6.899833063193816507e-01,3.301588757849194256e-02,9.904766273547582767e-02,-1.773813854389905131e-01,-7.833372270351468547e-02
6.575508566534160604e-01,6.899833063193816507e-01,3.243244966596559031e-02,9.729734899789677094e-02,-1.750313737579056728e-01,-7.773402476000890182e-02
6.581265211634663714e-01,6.899833063193816507e-01,3.185678515591527926e-02,9.557035546774583779e-02,-1.726993530150933154e-01,-7.712899754734747759e-02
6.586944727737619187e-01,6.899833063193816507e-01,3.128883354561973196e-02,9.386650063685919587e-02,-1.703854830886641913e-01,-7.651898245180499547e-02
6.592547724858123237e-01,6.899833063193816507e-01,3.072853383356932699e-02,9.218560150070798098e-02,-1.680899136151214890e-01,-7.590431211441350801e-02
6.598074817666512715e-01,6.899833063193816507e-01,3.017582455273037922e-02,9.052747365819113767e-02,-1.658127842516843309e-01,-7.528531059349319321e-02
6.603526625164308772e-01,6.899833063193816507e-01,2.963064380295077349e-02,8.889193140885232047e-02,-1.635542249338817200e-01,-7.466229352502939953e-02
6.608903770368580455e-01,6.899833063193816507e-01,2.909292928252360522e-02,8.727878784757081565e-02,-1.613143561281504823e-01,-7.403556828057966666e-02
6.614206880004570577e-01,6.899833063193816507e-01,2.856261831892459302e-02,8.568785495677377906e-02,-1.590932890797036592e-01,-7.340543412292988013e-02
6.619436584206438434e-01,6.899833063193816507e-01,2.803964789873780727e-02,8.411894369621342182e-02,-1.568911260560357235e-01,-7.277218235982230166e-02
6.624593516225946166e-01,6.899833063193816507e-01,2.752395469678703410e-02,8.257186409036110231e-02,-1.547079605852319517e-01,-7.213609649487084940e-02
6.629678312148958863e-01,6.899833063193816507e-01,2.701547510448576439e-02,8.104642531345729317e-02,-1.525438776903809135e-01,-7.149745237692362032e-02
6.634691610619595226e-01,6.899833063193816507e-01,2.651414525742212813e-02,7.954243577226638440e-02,-1.503989541190908774e-01,-7.085651834682449302e-02
6.639634052571884437e-01,6.899833063193816507e-01,2.601990106219320698e-02,7.805970318657962093e-02,-1.482732585686763471e-01,-7.021355538209672620e-02
6.644506280968791589e-01,6.899833063193816507e-01,2.553267822250249175e-02,7.659803466750747525e-02,-1.461668519072145678e-01,-6.956881723970709253e-02
6.649308940548459557e-01,6.899833063193816507e-01,2.505241226453569503e-02,7.515723679360708509e-02,-1.440797873900390158e-01,-6.892255059643193071e-02
6.654042677577530762e-01,6.899833063193816507e-01,2.457903856162857448e-02,7.373711568488572343e-02,-1.420121108721361658e-01,-6.827499518725044236e-02
6.658708139611414500e-01,6.899833063193816507e-01,2.411249235824020065e-02,7.233747707472060195e-02,-1.399638610165121477e-01,-6.762638394179154577e-02
6.663305975261356595e-01,6.899833063193816507e-01,2.365270879324599118e-02,7.095812637973797354e-02,-1.379350694982628411e-01,-6.697694311852486759e-02
6.667836833968180388e-01,6.899833063193816507e-01,2.319962292256361192e-02,6.959886876769083575e-02,-1.359257612047137798e-01,-6.632689243702294402e-02
6.672301365782566940e-01,6.899833063193816507e-01,2.275316974112495672e-02,6.825950922337487015e-02,-1.339359544315965600e-01,-6.567644520822168985e-02
6.676700221151745662e-01,6.899833063193816507e-01,2.231328420420708447e-02,6.693985261262125341e-02,-1.319656610753616732e-01,-6.502580846274041981e-02
6.681034050712461037e-01,6.899833063193816507e-01,2.187990124813554704e-02,6.563970374440664113e-02,-1.300148868214612285e-01,-6.437518307705458742e-02
6.685303505090099963e-01,6.899833063193816507e-01,2.145295581037165444e-02,6.435886743111496333e-02,-1.280836313291677797e-01,-6.372476389805281638e-02
6.689509234703839846e-01,6.899833063193816507e-01,2.103238284899766608e-02,6.309714854699299824e-02,-1.261718884121965090e-01,-6.307473986520351072e-02
6.693651889577715286e-01,6.899833063193816507e-01,2.061811736161012210e-02,6.185435208483036629e-02,-1.242796462162631954e-01,-6.242529413143282913e-02
6.697732119157459030e-01,6.899833063193816507e-01,2.021009440363574772e-02,6.063028321090724315e-02,-1.224068873923123135e-01,-6.177660418140507037e-02
6.701750572133021722e-01,6.899833063193816507e-01,1.980824910607947853e-02,5.942474731823843559e-02,-1.205535892668807563e-01,-6.112884194864232068e-02
6.705707896266634993e-01,6.899833063193816507e-01,1.941251669271815139e-02,5.823755007815445417e-02,-1.187197240083981420e-01,-6.048217393024368782e-02
6.709604738226317977e-01,6.899833063193816507e-01,1.902283249674985299e-02,5.706849749024955898e-02,-1.169052587904895191e-01,-5.983676130023996009e-02
6.713441743424700681e-01,6.899833063193816507e-01,1.863913197691158263e-02,5.591739593073474790e-02,-1.151101559514811079e-01,-5.919276002074636001e-02
6.717219555863063185e-01,6.899833063193816507e-01,1.826135073307533219e-02,5.478405219922599656e-02,-1.133343731508751340e-01,-5.855032095164913741e-02
6.720938817980474100e-01,6.899833063193816507e-01,1.788942452133424066e-02,5.366827356400272198e-02,-1.115778635223274584e-01,-5.790958995832473644e-02
6.724600170507926133e-01,6.899833063193816507e-01,1.752328926858903735e-02,5.256986780576711205e-02,-1.098405758235609930e-01,-5.727070801779388098e-02
6.728204252327361079e-01,6.899833063193816507e-01,1.716288108664554279e-02,5.148864325993662838e-02,-1.081224545830483663e-01,-5.663381132311173793e-02
6.731751700335473210e-01,6.899833063193816507e-01,1.680813628583432973e-02,5.042440885750298918e-02,-1.064234402433639204e-01,-5.599903138586093121e-02
6.735243149312198918e-01,6.899833063193816507e-01,1.645899138816175888e-02,4.937697416448527665e-02,-1.047434693017712526e-01,-5.536649513728597594e-02
6.738679231793787139e-01,6.899833063193816507e-01,1.611538314000293681e-02,4.834614942000881044e-02,-1.030824744476466215e-01,-5.473632502763781105e-02
6.742060577950348410e-01,6.899833063193816507e-01,1.577724852434680969e-02,4.733174557304042906e-02,-1.014403846968381373e-01,-5.410863912379770824e-02
6.745387815467785986e-01,6.899833063193816507e-01,1.544452477260305212e-02,4.633357431780915636e-02,-9.981712552312727027e-02,-5.348355120531811391e-02
6.748661569434017959e-01,6.899833063193816507e-01,1.511714937597985475e-02,4.535144812793956426e-02,-9.821261898695921033e-02,-5.286117085901964607e-02
6.751882462229390480e-01,6.899833063193816507e-01,1.479506009644260267e-02,4.438518028932780801e-02,-9.662678386117562468e-02,-5.224160357184781667e-02
6.755051113421191022e-01,6.899833063193816507e-01,1.447819497726254845e-02,4.343458493178764535e-02,-9.505953575401626665e-02,-5.162495082222862131e-02
6.758168139662169560e-01,6.899833063193816507e-01,1.416649235316469468e-02,4.249947705949408405e-02,-9.351078722935612930e-02,-5.101131016986204525e-02
6.761234154592978829e-01,6.899833063193816507e-01,1.385989086008376781e-02,4.157967258025130342e-02,-9.198044792427806371e-02,-5.040077534402676029e-02
6.764249768748443747e-01,6.899833063193816507e-01,1.355832944453727595e-02,4.067498833361182786e-02,-9.046842466394755533e-02,-4.979343633033572747e-02
6.767215589467577841e-01,6.899833063193816507e-01,1.326174737262386660e-02,3.978524211787159981e-02,-8.897462157402280525e-02,-4.918937945615120544e-02
6.770132220807255630e-01,6.899833063193816507e-01,1.297008423865608773e-02,3.891025271596826318e-02,-8.749894019033366277e-02,-4.858868747436539959e-02
6.773000263459459935e-01,6.899833063193816507e-01,1.268327997343565716e-02,3.804983992030697149e-02,-8.604127956612916961e-02,-4.799143964582219812e-02
6.775820314672017508e-01,6.899833063193816507e-01,1.240127485217989989e-02,3.720382455653969966e-02,-8.460153637672718219e-02,-4.739771182018748252e-02
6.778592968172755251e-01,6.899833063193816507e-01,1.212400950210612560e-02,3.637202850631837681e-02,-8.317960502213228580e-02,-4.680757651581390899e-02
6.781318814096977121e-01,6.899833063193816507e-01,1.185142490968393858e-02,3.555427472905181574e-02,-8.177537772665610660e-02,-4.622110299760429086e-02
6.783998438918201757e-01,6.899833063193816507e-01,1.158346242756147504e-02,3.475038728268442512e-02,-8.038874463673906234e-02,-4.563835735405463723e-02
6.786632425382072009e-01,6.899833063193816507e-01,1.132006378117444978e-02,3.396019134352334934e-02,-7.901959391610757777e-02,-4.505940257258422843e-02
6.789221352443369772e-01,6.899833063193816507e-01,1.106117107504467345e-02,3.318351322513402035e-02,-7.766781183893289864e-02,-4.448429861379887829e-02
6.791765795206053946e-01,6.899833063193816507e-01,1.080672679877625608e-02,3.242018039632876825e-02,-7.633328288052521060e-02,-4.391310248419644235e-02
6.794266324866253814e-01,6.899833063193816507e-01,1.055667383275626925e-02,3.167002149826880775e-02,-7.501588980599604994e-02,-4.334586830772724220e-02
6.796723508658145674e-01,6.899833063193816507e-01,1.031095545356708332e-02,3.093286636070124995e-02,-7.371551375675577944e-02,-4.278264739605452949e-02
6.799137909802641655e-01,6.899833063193816507e-01,1.006951533911748520e-02,3.020854601735245559e-02,-7.243203433487943599e-02,-4.222348831752698040e-02
6.801510087458819687e-01,6.899833063193816507e-01,9.832297573499682031e-03,2.949689272049904609e-02,-7.116532968534095005e-02,-4.166843696484190396e-02
6.803840596678033537e-01,6.899833063193816507e-01,9.599246651578297040e-03,2.879773995473489112e-02,-6.991527657641549709e-02,-4.111753662168060597e-02
6.806129988360625216e-01,6.899833063193816507e-01,9.370307483319129105e-03,2.811092244995738731e-02,-6.868175047775038067e-02,-4.057082802779299335e-02
6.808378809215189786e-01,6.899833063193816507e-01,9.145425397862672057e-03,2.743627619358801617e-02,-6.746462563693711445e-02,-4.002834944334909828e-02
6.810587601720310413e-01,6.899833063193816507e-01,8.924546147350609360e-03,2.677363844205182808e-02,-6.626377515361880910e-02,-3.949013671156698102e-02
6.812756904088719256e-01,6.899833063193816507e-01,8.707615910509725055e-03,2.612284773152917516e-02,-6.507907105226529154e-02,-3.895622332073611638e-02
6.814887250233807592e-01,6.899833063193816507e-01,8.494581296000891513e-03,2.548374388800267454e-02,-6.391038435265006257e-02,-3.842664046464738803e-02
6.816979169738431876e-01,6.899833063193816507e-01,8.285389345538463068e-03,2.485616803661538921e-02,-6.275758513872853328e-02,-3.790141710211314408e-02
6.819033187825953579e-01,6.899833063193816507e-01,8.079987536786292779e-03,2.423996261035887834e-02,-6.162054262565108687e-02,-3.738058001529220853e-02
6.821049825333460603e-01,6.899833063193816507e-01,7.878323786035590359e-03,2.363497135810677108e-02,-6.049912522521072589e-02,-3.686415386710395481e-02
6.823029598687100350e-01,6.899833063193816507e-01,7.680346450671615699e-03,2.304103935201484710e-02,-5.939320060919239808e-02,-3.635216125717755098e-02
6.824973019879482239e-01,6.899833063193816507e-01,7.486004331433426806e-03,2.245801299430028042e-02,-5.830263577145666787e-02,-3.584462277715638745e-02
6.826880596449087513e-01,6.899833063193816507e-01,7.295246674472899429e-03,2.188574002341869829e-02,-5.722729708815821326e-02,-3.534155706473951497e-02
6.828752831461627482e-01,6.899833063193816507e-01,7.108023173218902535e-03,2.132406951965670761e-02,-5.616705037619906804e-02,-3.484298085654236043e-02
6.830590223493311353e-01,6.899833063193816507e-01,6.924283970050515435e-03,2.077285191015154631e-02,-5.512176095051612990e-02,-3.434890904036458359e-02
6.832393266615954808e-01,6.899833063193816507e-01,6.743979657786169923e-03,2.023193897335850977e-02,-5.409129367930365362e-02,-3.385935470594514385e-02
6.834162450383892695e-01,6.899833063193816507e-01,6.567061280992381178e-03,1.970118384297714353e-02,-5.307551303813662358e-02,-3.337432919515948004e-02
6.835898259822634770e-01,6.899833063193816507e-01,6.393480337118173651e-03,1.918044101135452095e-02,-5.207428316226225817e-02,-3.289384215090773722e-02
6.837601175419225630e-01,6.899833063193816507e-01,6.223188777459087717e-03,1.866956633237726315e-02,-5.108746789772578012e-02,-3.241790156534851697e-02
6.839271673114252215e-01,6.899833063193816507e-01,6.056139007956429232e-03,1.816841702386928770e-02,-5.011493085079754550e-02,-3.194651382692825781e-02
6.840910224295451147e-01,6.899833063193816507e-01,5.892283889836535948e-03,1.767685166950960785e-02,-4.915653543596798514e-02,-3.147968376645837729e-02
6.842517295792883703e-01,6.899833063193816507e-01,5.731576740093280442e-03,1.719473022027984133e-02,-4.821214492297665188e-02,-3.101741470269681056e-02
6.844093349875614019e-01,6.899833063193816507e-01,5.573971331820248842e-03,1.672191399546074653e-02,-4.728162248190947992e-02,-3.055970848644873339e-02
6.845638844249857247e-01,6.899833063193816507e-01,5.419421894395926032e-03,1.625826568318777809e-02,-4.636483122729684325e-02,-3.010656554410906516e-02
6.847154232058556556e-01,6.899833063193816507e-01,5.267883113525995142e-03,1.580364934057798543e-02,-4.546163426097926674e-02,-2.965798492040128131e-02
6.848639961882335703e-01,6.899833063193816507e-01,5.119310131148080423e-03,1.535793039344424127e-02,-4.457189471337441589e-02,-2.921396431993017462e-02
6.850096477741794976e-01,6.899833063193816507e-01,4.973658545202153114e-03,1.492097563560645934e-02,-4.369547578377819264e-02,-2.877450014817173329e-02
6.851524219101106095e-01,6.899833063193816507e-01,4.830884409271041235e-03,1.449265322781312371e-02,-4.283224077933356355e-02,-2.833958755152043985e-02
6.852923620872864996e-01,6.899833063193816507e-01,4.690944232095151101e-03,1.407283269628545330e-02,-4.198205315276704042e-02,-2.790922045648158711e-02
6.854295113424168084e-01,6.899833063193816507e-01,4.553794976964842256e-03,1.366138493089452677e-02,-4.114477653909265342e-02,-2.748339160819812665e-02
6.855639122583863099e-01,6.899833063193816507e-01,4.419394060995340823e-03,1.325818218298602247e-02,-4.032027479085042998e-02,-2.706209260786440751e-02
6.856956069650950170e-01,6.899833063193816507e-01,4.287699354286633735e-03,1.286309806285990121e-02,-3.950841201261212632e-02,-2.664531394975222511e-02
6.858246371404087549e-01,6.899833063193816507e-01,4.158669178972895786e-03,1.247600753691868736e-02,-3.870905259412138477e-02,-2.623304505720269741e-02
6.859510440112167595e-01,6.899833063193816507e-01,4.032262308164891174e-03,1.209678692449467352e-02,-3.792206124240138365e-02,-2.582527431790671013e-02
6.860748683545929705e-01,6.899833063193816507e-01,3.908437964788680219e-03,1.172531389436604066e-02,-3.714730301286328640e-02,-2.542198911849724574e-02
6.861961504990573557e-01,6.899833063193816507e-01,3.787155820324294986e-03,1.136146746097288496e-02,-3.638464333931556993e-02,-2.502317587834268497e-02
6.863149303259338252e-01,6.899833063193816507e-01,3.668375993447825500e-03,1.100512798034347650e-02,-3.563394806294084560e-02,-2.462882008259736910e-02
6.864312472708020696e-01,6.899833063193816507e-01,3.552059048579581102e-03,1.065617714573874331e-02,-3.489508346047331955e-02,-2.423890631473457624e-02
6.865451403250388829e-01,6.899833063193816507e-01,3.438165994342767817e-03,1.031449798302830345e-02,-3.416791627104398543e-02,-2.385341828801568198e-02
6.866566480374468595e-01,6.899833063193816507e-01,3.326658281934791184e-03,9.979974845804373551e-03,-3.345231372239299006e-02,-2.347233887658861651e-02
6.867658085159671355e-01,6.899833063193816507e-01,3.217497803414515190e-03,9.652493410243545569e-03,-3.274814355608279826e-02,-2.309565014583925269e-02
6.868726594294728427e-01,6.899833063193816507e-01,3.110646889908807999e-03,9.331940669726423998e-03,-3.205527405171215705e-02,-2.272333338198573305e-02
6.869772380096403896e-01,6.899833063193816507e-01,3.006068309741261046e-03,9.018204929223783139e-03,-3.137357405026408586e-02,-2.235536912104030272e-02
6.870795810528957936e-01,6.899833063193816507e-01,2.903725266485857048e-03,8.711175799457571145e-03,-3.070291297662119945e-02,-2.199173717716362830e-02
6.871797249224335102e-01,6.899833063193816507e-01,2.803581396948140458e-03,8.410744190844421375e-03,-3.004316086131497698e-02,-2.163241667047055561e-02
6.872777055503042076e-01,6.899833063193816507e-01,2.705600769077443069e-03,8.116802307232329206e-03,-2.939418836120921696e-02,-2.127738605397688776e-02
6.873735584395694875e-01,6.899833063193816507e-01,2.609747879812163163e-03,7.829243639436489488e-03,-2.875586677958397175e-02,-2.092662314014748226e-02
6.874673186665207769e-01,6.899833063193816507e-01,2.515987652860873780e-03,7.547962958582621340e-03,-2.812806808538681480e-02,-2.058010512680419346e-02
6.875590208829593930e-01,6.899833063193816507e-01,2.424285436422257689e-03,7.272856309266773067e-03,-2.751066493158482729e-02,-2.023780862231805422e-02
6.876486993185357832e-01,6.899833063193816507e-01,2.334607000845867475e-03,7.003821002537602425e-03,-2.690353067291706424e-02,-1.989970967037946181e-02
6.877363877831450534e-01,6.899833063193816507e-01,2.246918536236597319e-03,6.740755608709791957e-03,-2.630653938278104675e-02,-1.956578377407125480e-02
6.878221196693770079e-01,6.899833063193816507e-01,2.161186650004642829e-03,6.483559950013928486e-03,-2.571956586958634716e-02,-1.923600591957241868e-02
6.879059279550169270e-01,6.899833063193816507e-01,2.077378364364723673e-03,6.232135093094171019e-03,-2.514248569197574668e-02,-1.891035059888157566e-02
6.879878452055969706e-01,6.899833063193816507e-01,1.995461113784680052e-03,5.986383341354040155e-03,-2.457517517401308638e-02,-1.858879183265904622e-02
6.880679035769937668e-01,6.899833063193816507e-01,1.915402742387883883e-03,5.746208227163651650e-03,-2.401751141903885056e-02,-1.827130319187519891e-02
6.881461348180714088e-01,6.899833063193816507e-01,1.837171501310241872e-03,5.511514503930725617e-03,-2.346937232329260326e-02,-1.795785781936187764e-02
6.882225702733670847e-01,6.899833063193816507e-01,1.760736046014566014e-03,5.282208138043698042e-03,-2.293063658870275745e-02,-1.764842845065905941e-02
6.882972408858176738e-01,6.899833063193816507e-01,1.686065433563976868e-03,5.058196300691930603e-03,-2.240118373517674399e-02,-1.734298743448481339e-02
6.883701771995248686e-01,6.899833063193816507e-01,1.613129119856782090e-03,4.839387359570346270e-03,-2.188089411215843327e-02,-1.704150675258808700e-02
6.884414093625567110e-01,6.899833063193816507e-01,1.541896956824939657e-03,4.625690870474818972e-03,-2.136964890955272978e-02,-1.674395803907791080e-02
6.885109671297846567e-01,6.899833063193816507e-01,1.472339189596993947e-03,4.417017568790981841e-03,-2.086733016838371313e-02,-1.645031259959273129e-02
6.885788798657527243e-01,6.899833063193816507e-01,1.404426453628926375e-03,4.213279360886779124e-03,-2.037382079042027172e-02,-1.616054142953349260e-02
6.886451765475778419e-01,6.899833063193816507e-01,1.338129771803808765e-03,4.014389315411426296e-03,-1.988900454753528280e-02,-1.587461523212385650e-02
6.887098857678797259e-01,6.899833063193816507e-01,1.273420551501924791e-03,3.820261654505774374e-03,-1.941276609056519220e-02,-1.559250443605941783e-02
6.887730357377379597e-01,6.899833063193816507e-01,1.210270581643690946e-03,3.630811744931072838e-03,-1.894499095747015360e-02,-1.531417921253908077e-02
6.888346542896749414e-01,6.899833063193816507e-01,1.148652029706709321e-03,3.445956089120127963e-03,-1.848556558109448744e-02,-1.503960949197435948e-02
6.888947688806627001e-01,6.899833063193816507e-01,1.088537438718950590e-03,3.265612316156851769e-03,-1.803437729632761943e-02,-1.476876498017076766e-02
6.889534065951524733e-01,6.899833063193816507e-01,1.029899724229177416e-03,3.089699172687532247e-03,-1.759131434693195217e-02,-1.450161517424441993e-02
6.890105941481248220e-01,6.899833063193816507e-01,9.727121712568287393e-04,2.918136513770486218e-03,-1.715626589170460292e-02,-1.423812937793411670e-02
6.890663578881593976e-01,6.899833063193816507e-01,9.169484312222531130e-04,2.750845293666759339e-03,-1.672912201037268787e-02,-1.397827671670592853e-02
6.891207238005222502e-01,6.899833063193816507e-01,8.625825188594005155e-04,2.587747556578201547e-03,-1.630977370885577926e-02,-1.372202615227757772e-02
6.891737175102699009e-01,6.899833063193816507e-01,8.095888091117497964e-04,2.428766427335249389e-03,-1.589811292429521572e-02,-1.346934649695996633e-02
6.892253642853678475e-01,6.899833063193816507e-01,7.579420340138032230e-04,2.273826102041409669e-03,-1.549403252938397202e-02,-1.322020642734256235e-02
6.892756890398230585e-01,6.899833063193816507e-01,7.076172795585922159e-04,2.122851838675776648e-03,-1.509742633656330213e-02,-1.297457449788752548e-02
6.893247163368284580e-01,6.899833063193816507e-01,6.585899825531926766e-04,1.975769947659578030e-03,-1.470818910161986182e-02,-1.273241915396028379e-02
6.893724703919185126e-01,6.899833063193816507e-01,6.108359274631380842e-04,1.832507782389414253e-03,-1.432621652701637771e-02,-1.249370874462696346e-02
6.894189750761341440e-01,6.899833063193816507e-01,5.643312432475067197e-04,1.692993729742520159e-03,-1.395140526468940934e-02,-1.225841153494688918e-02
6.894642539191961905e-01,6.899833063193816507e-01,5.190524001854601721e-04,1.557157200556380516e-03,-1.358365291861396429e-02,-1.202649571805758377e-02
6.895083301126865294e-01,6.899833063193816507e-01,4.749762066951213058e-04,1.424928620085363917e-03,-1.322285804710165991e-02,-1.179792942701629599e-02
6.895512265132340834e-01,6.899833063193816507e-01,4.320798061475672469e-04,1.296239418442701741e-03,-1.286892016426621765e-02,-1.157268074582351591e-02
6.895929656457070456e-01,6.899833063193816507e-01,3.903406736746051209e-04,1.171022021023815363e-03,-1.252173974188863781e-02,-1.135071772086482245e-02
6.896335697064079895e-01,6.899833063193816507e-01,3.497366129736612095e-04,1.049209838920983628e-03,-1.218121821028317342e-02,-1.113200837136218979e-02
6.896730605662717561e-01,6.899833063193816507e-01,3.102457531098945509e-04,9.307372593296836527e-04,-1.184725795912999757e-02,-1.091652069980031392e-02
6.897114597740655606e-01,6.899833063193816507e-01,2.718465453160900935e-04,8.155396359482702806e-04,-1.151976233814133721e-02,-1.070422270219306693e-02
6.897487885595890988e-01,6.899833063193816507e-01,2.345177597925518498e-04,7.035532793776555494e-04,-1.119863565706147313e-02,-1.049508237768381758e-02
6.897850678368748767e-01,6.899833063193816507e-01,1.982384825067740053e-04,5.947154475203220159e-04,-1.088378318573335335e-02,-1.028906773821303133e-02
6.898203182073868733e-01,6.899833063193816507e-01,1.629881119947773627e-04,4.889643359843320880e-04,-1.057511115359899279e-02,-1.008614681761466070e-02
6.898545599632170955e-01,6.899833063193816507e-01,1.287463561645552090e-04,3.862390684936656271e-04,-1.027252674906664609e-02,-9.886287680572980463e-03
6.898878130902792449e-01,6.899833063193816507e-01,9.549322910240576334e-05,2.864796873072172900e-04,-9.975938118644833708e-03,-9.689458431337616418e-03
6.899200972714982782e-01,6.899833063193816507e-01,6.320904788337244895e-05,1.896271436501173469e-04,-9.685254365709994318e-03,-9.495627222059876971e-03
6.899514318899950815e-01,6.899833063193816507e-01,3.187442938656914748e-05,9.562328815970744245e-05,-9.400385549040990441e-03,-9.304762260881282998e-03
6.899818360322658162e-01,6.899833063193816507e-01,1.470287115834523206e-06,4.410861347503569618e-06,-9.121242681220387283e-03,-9.116831819872883713e-03
6.900113284913546030e-01,6.899833063193816507e-01,-2.802217197295231443e-05,-8.406651591885694330e-05,-8.847737726636051292e-03,-8.931804242554908235e-03
6.900399277700191014e-01,6.899833063193816507e-01,-5.662145063745072093e-05,-1.698643519123521628e-04,-8.579783599349521950e-03,-8.749647951261874113e-03
6.900676520838884276e-01,6.899833063193816507e-01,-8.434576450677688797e-05,-2.530372935203306639e-04,-8.317294160797850111e-03,-8.570331454318180775e-03
6.900945193646124132e-01,6.899833063193816507e-01,-1.112130452307624751e-04,-3.336391356922874252e-04,-8.060184217195676126e-03,-8.393823352887963551e-03
6.901205472630010940e-01,6.899833063193816507e-01,-1.372409436194432786e-04,-4.117228308583298357e-04,-7.808369516604241056e-03,-8.220092347462570892e-03
6.901457531521549837e-01,6.899833063193816507e-01,-1.624468327733330497e-04,-4.873404983199991491e-04,-7.561766746166931341e-03,-8.049107244486930490e-03
6.901701541305844678e-01,6.899833063193816507e-01,-1.868478112028171267e-04,-5.605434336084513802e-04,-7.320293528845223108e-03,-7.880836962453674488e-03
6.901937670253176504e-01,6.899833063193816507e-01,-2.104607059359997479e-04,-6.313821178079992436e-04,-7.083868419954786333e-03,-7.715250537762785576e-03
6.902166083949970998e-01,6.899833063193816507e-01,-2.333020756154491337e-04,-6.999062268463474012e-04,-6.852410903834815770e-03,-7.552317130681163171e-03
6.902386945329634926e-01,6.899833063193816507e-01,-2.553882135818419385e-04,-7.661646407455258156e-04,-6.625841389917841440e-03,-7.392006030663367255e-03
6.902600414703268239e-01,6.899833063193816507e-01,-2.767351509451732028e-04,-8.302054528355196084e-04,-6.404081208999379271e-03,-7.234286661834898879e-03
6.902806649790239613e-01,6.899833063193816507e-01,-2.973586596423105632e-04,-8.920759789269316897e-04,-6.187052609141208137e-03,-7.079128588068139827e-03
6.903005805748623214e-01,6.899833063193816507e-01,-3.172742554806706750e-04,-9.518227664420120249e-04,-5.974678751508033514e-03,-6.926501517950045539e-03
6.903198035205488914e-01,6.899833063193816507e-01,-3.364972011672406893e-04,-1.009491603501722068e-03,-5.766883705971004304e-03,-6.776375309472726371e-03
6.903383488287044845e-01,6.899833063193816507e-01,-3.550425093228337659e-04,-1.065127527968501298e-03,-5.563592446677922965e-03,-6.628719974646424262e-03
6.903562312648625632e-01,6.899833063193816507e-01,-3.729249454809124842e-04,-1.118774836442737453e-03,-5.364730847423615501e-03,-6.483505683866352953e-03
6.903734653504522978e-01,6.899833063193816507e-01,-3.901590310706470888e-04,-1.170477093211941266e-03,-5.170225676920381375e-03,-6.340702770132322641e-03
6.903900653657649711e-01,6.899833063193816507e-01,-4.067590463833203884e-04,-1.220277139149961165e-03,-4.980004593801989898e-03,-6.200281732951951064e-03
6.904060453529043961e-01,6.899833063193816507e-01,-4.227390335227454443e-04,-1.268217100568236333e-03,-4.793996141827516766e-03,-6.062213242395753099e-03
6.904214191187195704e-01,6.899833063193816507e-01,-4.381127993379196894e-04,-1.314338398013759068e-03,-4.612129744552273536e-03,-5.926468142566032604e-03
6.904362002377204544e-01,6.899833063193816507e-01,-4.528939183388036582e-04,-1.358681755016410975e-03,-4.434335700265190638e-03,-5.793017455281601613e-03
6.904504020549758758e-01,6.899833063193816507e-01,-4.670957355942251255e-04,-1.401287206782675376e-03,-4.260545176626440167e-03,-5.661832383409115543e-03
6.904640376889928932e-01,6.899833063193816507e-01,-4.807313696112425205e-04,-1.442194108833727562e-03,-4.090690205105218524e-03,-5.532884313938946086e-03
6.904771200345785065e-01,6.899833063193816507e-01,-4.938137151968557959e-04,-1.481441145590567388e-03,-3.924703675683982596e-03,-5.406144821274549983e-03
6.904896617656820501e-01,6.899833063193816507e-01,-5.063554463003994144e-04,-1.519066338901198243e-03,-3.762519331063085559e-03,-5.281585669964283802e-03
6.905016753382186012e-01,6.899833063193816507e-01,-5.183690188369505236e-04,-1.555107056510851571e-03,-3.604071760965332771e-03,-5.159178817476184342e-03
6.905131729928734030e-01,6.899833063193816507e-01,-5.298666734917523158e-04,-1.589600020475256947e-03,-3.449296396440537649e-03,-5.038896416915794596e-03
6.905241667578865261e-01,6.899833063193816507e-01,-5.408604385048754182e-04,-1.622581315514626255e-03,-3.298129503936930718e-03,-4.920710819451556972e-03
6.905346684518176570e-01,6.899833063193816507e-01,-5.513621324360062914e-04,-1.654086397308018874e-03,-3.150508179339261972e-03,-4.804594576647280846e-03
6.905446896862911244e-01,6.899833063193816507e-01,-5.613833669094736578e-04,-1.684150100728420973e-03,-3.006370342040209920e-03,-4.690520442768630893e-03
6.905542418687202755e-01,6.899833063193816507e-01,-5.709355493386247815e-04,-1.712806648015874345e-03,-2.865654728745337110e-03,-4.578461376761211454e-03
6.905633362050117574e-01,6.899833063193816507e-01,-5.800298856301067119e-04,-1.740089656890320136e-03,-2.728300887444579104e-03,-4.468390544334899239e-03
6.905719837022488150e-01,6.899833063193816507e-01,-5.886773828671643116e-04,-1.766032148601492935e-03,-2.594249171117279928e-03,-4.360281319718772863e-03
6.905801951713539388e-01,6.899833063193816507e-01,-5.968888519722881369e-04,-1.790666555916864411e-03,-2.463440731537147599e-03,-4.254107287454012010e-03
6.905879812297303078e-01,6.899833063193816507e-01,-6.046749103486570576e-04,-1.814024731045971173e-03,-2.335817512910676186e-03,-4.149842243956647359e-03
6.905953523038822484e-01,6.899833063193816507e-01,-6.120459845005976618e-04,-1.836137953501792985e-03,-2.211322245582181267e-03,-4.047460199083974253e-03
6.906023186320142671e-01,6.899833063193816507e-01,-6.190123126326163572e-04,-1.857036937897849072e-03,-2.089898439605608615e-03,-3.946935377503457687e-03
6.906088902666085438e-01,6.899833063193816507e-01,-6.255839472268931445e-04,-1.876751841680679433e-03,-1.971490378283036193e-03,-3.848242219963715627e-03
6.906150770769808878e-01,6.899833063193816507e-01,-6.317707575992370650e-04,-1.895312272797711195e-03,-1.856043111703176152e-03,-3.751355384500887347e-03
6.906208887518147099e-01,6.899833063193816507e-01,-6.375824324330592319e-04,-1.912747297299177696e-03,-1.743502450146650062e-03,-3.656249747445827758e-03
6.906263348016737913e-01,6.899833063193816507e-01,-6.430284822921406018e-04,-1.929085446876421805e-03,-1.633814957724410988e-03,-3.562900404600832793e-03
6.906314245614925129e-01,6.899833063193816507e-01,-6.481182421108622194e-04,-1.944354726332586658e-03,-1.526927945616485260e-03,-3.471282671949071919e-03
6.906361671930439927e-01,6.899833063193816507e-01,-6.528608736623420228e-04,-1.958582620987026068e-03,-1.422789465443941026e-03,-3.381372086430967094e-03
6.906405716873867950e-01,6.899833063193816507e-01,-6.572653680051443459e-04,-1.971796104015433038e-03,-1.321348302840696931e-03,-3.293144406856129969e-03
6.906446468672889916e-01,6.899833063193816507e-01,-6.613405479073408699e-04,-1.984021643722022610e-03,-1.222553970658957212e-03,-3.206575614380979822e-03
6.906484013896296847e-01,6.899833063193816507e-01,-6.650950702480340482e-04,-1.995285210744102145e-03,-1.126356702207953475e-03,-3.121641912952055620e-03
6.906518437477791039e-01,6.899833063193816507e-01,-6.685374283974532261e-04,-2.005612285192359678e-03,-1.032707444825753385e-03,-3.038319730018113063e-03
6.906549822739554978e-01,6.899833063193816507e-01,-6.716759545738471004e-04,-2.015027863721541301e-03,-9.415578529181622969e-04,-2.956585716639703598e-03
6.906578251415602665e-01,6.899833063193816507e-01,-6.745188221786158067e-04,-2.023556466535847420e-03,-8.528602814306118773e-04,-2.876416747966459297e-03
6.906603803674902231e-01,6.899833063193816507e-01,-6.770740481085724127e-04,-2.031222144325717238e-03,-7.665677789869818071e-04,-2.797789923312699045e-03
6.906626558144278727e-01,6.899833063193816507e-01,-6.793494950462219961e-04,-2.038048485138665988e-03,-6.826340812948750170e-04,-2.720682566433541005e-03
6.906646591931088208e-01,6.899833063193816507e-01,-6.813528737271701274e-04,-2.044058621181510382e-03,-6.010136042844393955e-04,-2.645072225465949778e-03
6.906663980645671996e-01,6.899833063193816507e-01,-6.830917451855489375e-04,-2.049275235556646813e-03,-5.216614375136430226e-04,-2.570936673070289835e-03
6.906678798423583343e-01,6.899833063193816507e-01,-6.845735229766836127e-04,-2.053720568930050838e-03,-4.445333373404025679e-04,-2.498253906270453406e-03
6.906691117947588721e-01,6.899833063193816507e-01,-6.858054753772213630e-04,-2.057416426131664089e-03,-3.695857201613250709e-04,-2.427002146292989160e-03
6.906701010469447066e-01,6.899833063193816507e-01,-6.867947275630559290e-04,-2.060384182689167787e-03,-2.967756557503697934e-04,-2.357159838439537580e-03
6.906708545831466983e-01,6.899833063193816507e-01,-6.875482637650476292e-04,-2.062644791295142888e-03,-2.260608605975100716e-04,-2.288705651892652959e-03
6.906713792487835235e-01,6.899833063193816507e-01,-6.880729294018728126e-04,-2.064218788205618438e-03,-1.573996910475550237e-04,-2.221618479253173462e-03
6.906716817525724306e-01,6.899833063193816507e-01,-6.883754331907798729e-04,-2.065126299572339619e-03,-9.075113667211809343e-05,-2.155877436244457712e-03
6.906717686686176805e-01,6.899833063193816507e-01,-6.884623492360297803e-04,-2.065387047708089341e-03,-2.607481357497221097e-05,-2.091461861283061552e-03
6.906716464384767828e-01,6.899833063193816507e-01,-6.883401190951321524e-04,-2.065020357285396457e-03,3.666904226928835442e-05,-2.028351315016108103e-03
6.906713213732044165e-01,6.899833063193816507e-01,-6.880150538227658430e-04,-2.064045161468297529e-03,9.751958170989283303e-05,-1.966525579758404696e-03
6.906707996553741458e-01,6.899833063193816507e-01,-6.874933359924950693e-04,-2.062480007977485208e-03,1.565153490812321024e-04,-1.905964658896253106e-03
6.906700873410779318e-01,6.899833063193816507e-01,-6.867810216962810799e-04,-2.060343065088843240e-03,2.136942888641968352e-04,-1.846648776224646404e-03
6.906691903619041062e-01,6.899833063193816507e-01,-6.858840425224554949e-04,-2.057652127567366485e-03,2.690937521476755023e-04,-1.788558375419690982e-03
6.906681145268926958e-01,6.899833063193816507e-01,-6.848082075110450972e-04,-2.054424622533135292e-03,3.227505034231192838e-04,-1.731674119110016008e-03
6.906668655244694310e-01,6.899833063193816507e-01,-6.835592050877803416e-04,-2.050677615263341025e-03,3.747007269794266904e-04,-1.675976888283914334e-03
6.906654489243573281e-01,6.899833063193816507e-01,-6.821426049756773580e-04,-2.046427814927032074e-03,4.249800336308950932e-04,-1.621447781296136981e-03
6.906638701794670654e-01,6.899833063193816507e-01,-6.805638600854146958e-04,-2.041691580256244087e-03,4.736234670787986545e-04,-1.568068113177445433e-03
6.906621346277654894e-01,6.899833063193816507e-01,-6.788283083838386744e-04,-2.036484925151516023e-03,5.206655104728064032e-04,-1.515819414678709620e-03
6.906602474941224701e-01,6.899833063193816507e-01,-6.769411747408193847e-04,-2.030823524222458154e-03,5.661400929057869291e-04,-1.464683431316671225e-03
6.906582138921363301e-01,6.899833063193816507e-01,-6.749075727546793857e-04,-2.024722718264038157e-03,6.100805958419996955e-04,-1.414642122422038462e-03
6.906560388259379568e-01,6.899833063193816507e-01,-6.727325065563061202e-04,-2.018197519668918360e-03,6.525198595119796607e-04,-1.365677660156938700e-03
6.906537271919734877e-01,6.899833063193816507e-01,-6.704208725918370249e-04,-2.011262617775511075e-03,6.934901893407285911e-04,-1.317772428434782483e-03
6.906512837807662342e-01,6.899833063193816507e-01,-6.679774613845834708e-04,-2.003932384153750412e-03,7.330233621760662288e-04,-1.270909021977684183e-03
6.906487132786567340e-01,6.899833063193816507e-01,-6.654069592750833095e-04,-1.996220877825249929e-03,7.711506328500483676e-04,-1.225070244975201561e-03
6.906460202695228201e-01,6.899833063193816507e-01,-6.627139501411694056e-04,-1.988141850423508217e-03,8.079027401741711856e-04,-1.180239110249337031e-03
6.906432092364778175e-01,6.899833063193816507e-01,-6.599029170961667745e-04,-1.979708751288500324e-03,8.433099135007893210e-04,-1.136398837787711003e-03
6.906402845635490895e-01,6.899833063193816507e-01,-6.569782441674387741e-04,-1.970934732502316322e-03,8.774018786184001328e-04,-1.093532853883916189e-03
6.906372505373349346e-01,6.899833063193816507e-01,-6.539442179532839461e-04,-1.961832653859851838e-03,9.102078642464483949e-04,-1.051624789613403443e-03
6.906341113486418326e-01,6.899833063193816507e-01,-6.508050292601819109e-04,-1.952415087780545733e-03,9.417566079306105564e-04,-1.010658479849935176e-03
6.906308710941007067e-01,6.899833063193816507e-01,-6.475647747190560466e-04,-1.942694324157168140e-03,9.720763623377592921e-04,-9.706179618194088476e-04
6.906275337777634249e-01,6.899833063193816507e-01,-6.442274583817741984e-04,-1.932682375145322595e-03,1.001194901184554453e-03,-9.314874739607681420e-04
6.906241033126787610e-01,6.899833063193816507e-01,-6.407969932971102622e-04,-1.922390979891330787e-03,1.029139525399180854e-03,-8.932514544921499322e-04
6.906205835224485945e-01,6.899833063193816507e-01,-6.372772030669437981e-04,-1.911831609200831394e-03,1.055937069049939225e-03,-8.558945401508921691e-04
6.906169781427644594e-01,6.899833063193816507e-01,-6.336718233828086966e-04,-1.901015470148426090e-03,1.081613905240530471e-03,-8.194015649078956187e-04
6.906132908229237755e-01,6.899833063193816507e-01,-6.299845035421247630e-04,-1.889953510626374289e-03,1.106195952205180077e-03,-7.837575584211942115e-04
6.906095251273273172e-01,6.899833063193816507e-01,-6.262188079456665335e-04,-1.878656423836999600e-03,1.129708678937468846e-03,-7.489477448995307540e-04
6.906056845369563657e-01,6.899833063193816507e-01,-6.223782175747150092e-04,-1.867134652724145027e-03,1.152177111285457300e-03,-7.149575414386877270e-04
6.906017724508312083e-01,6.899833063193816507e-01,-6.184661314495576434e-04,-1.855398394348672930e-03,1.173625837547209727e-03,-6.817725568014632032e-04
6.905977921874504322e-01,6.899833063193816507e-01,-6.144858680687814712e-04,-1.843457604206344413e-03,1.194079014232851677e-03,-6.493785899734927369e-04
6.905937469862106770e-01,9.487821111119296713e-01,2.581883641257189943e-01,7.745650923771569829e-01,0.000000000000000000e+00,7.745650923771569829e-01
6.906671582942086607e-01,9.487821111119296713e-01,2.581149528177210106e-01,7.743448584531630319e-01,-2.202339239939510307e-02,7.523214660537679288e-01
6.908158017488119640e-01,9.487821111119296713e-01,2.579663093631177073e-01,7.738989280893531220e-01,-4.459303638099099132e-02,7.293058917083621306e-01
6.910373757925860616e-01,9.487821111119296713e-01,2.577447353193436097e-01,7.732342059580308291e-01,-6.647221313222928529e-02,7.067619928258015438e-01
6.913296260356427414e-01,9.487821111119296713e-01,2.574524850762869299e-01,7.723574552288607897e-01,-8.767507291700393779e-02,6.846823823118568519e-01
6.916903445169306774e-01,9.487821111119296713e-01,2.570917665949989939e-01,7.712752997849969816e-01,-1.082155443863808131e-01,6.630597553986161685e-01
6.921173689737584178e-01,9.487821111119296713e-01,2.566647421381712535e-01,7.699942264145137605e-01,-1.281073370483221119e-01,6.418868893661916486e-01
6.926085821195228087e-01,9.487821111119296713e-01,2.561735289924068626e-01,7.685205869772205878e-01,-1.473639437293172705e-01,6.211566432479033173e-01
6.931619109296119907e-01,9.487821111119296713e-01,2.556202001823176806e-01,7.668606005469530418e-01,-1.659986430267545998e-01,6.008619575201984420e-01
6.937753259354532132e-01,9.487821111119296713e-01,2.550067851764764582e-01,7.650203555294293745e-01,-1.840245017523667315e-01,5.809958537770626430e-01
6.944468405266721600e-01,9.487821111119296713e-01,2.543352705852575113e-01,7.630058117557725339e-01,-2.014543773656840564e-01,5.615514343900884775e-01
6.951745102613300364e-01,9.487821111119296713e-01,2.536076008505996349e-01,7.608228025517989046e-01,-2.183009203973629297e-01,5.425218821544359749e-01
6.959564321842034440e-01,9.487821111119296713e-01,2.528256789277262273e-01,7.584770367831786819e-01,-2.345765768620222680e-01,5.239004599211564139e-01
6.967907441530689638e-01,9.487821111119296713e-01,2.519913669588607075e-01,7.559741008765821224e-01,-2.502935906596559512e-01,5.056805102169261712e-01
6.976756241729561436e-01,9.487821111119296713e-01,2.511064869389735277e-01,7.533194608169205830e-01,-2.654640059661539375e-01,4.878554548507666455e-01
6.986092897383283651e-01,9.487821111119296713e-01,2.501728213736013062e-01,7.505184641208039187e-01,-2.800996696116664353e-01,4.704187945091374834e-01
6.995899971831515129e-01,9.487821111119296713e-01,2.491921139287781584e-01,7.475763417863344751e-01,-2.942122334469443601e-01,4.533641083393901150e-01
7.006160410388085902e-01,9.487821111119296713e-01,2.481660700731210811e-01,7.444982102193632434e-01,-3.078131566971231692e-01,4.366850535222400742e-01
7.016857533998178686e-01,9.487821111119296713e-01,2.470963577121118027e-01,7.412890731363354080e-01,-3.209137083027835402e-01,4.203753648335518678e-01
7.027975032973104996e-01,9.487821111119296713e-01,2.459846078146191717e-01,7.379538234438575151e-01,-3.335249692477892935e-01,4.044288541960682215e-01
7.039496960802227310e-01,9.487821111119296713e-01,2.448324150317069403e-01,7.344972450951208209e-01,-3.456578348736694117e-01,3.888394102214514092e-01
7.051407728041572121e-01,9.487821111119296713e-01,2.436413383077724593e-01,7.309240149233173778e-01,-3.573230171803443156e-01,3.736009977429730622e-01
7.063692096278659793e-01,9.487821111119296713e-01,2.424129014840636920e-01,7.272387044521910759e-01,-3.685310471126301834e-01,3.587076573395608925e-01
7.076335172173087162e-01,9.487821111119296713e-01,2.411485938946209551e-01,7.234457816838628652e-01,-3.792922768328210736e-01,3.441535048510417916e-01
7.089322401572365484e-01,9.487821111119296713e-01,2.398498709546931229e-01,7.195496128640793687e-01,-3.896168819783496495e-01,3.299327308857297192e-01
7.102639563702528580e-01,9.487821111119296713e-01,2.385181547416768133e-01,7.155544642250304399e-01,-3.995148639048928807e-01,3.160396003201375592e-01
7.116272765433012681e-01,9.487821111119296713e-01,2.371548345686284032e-01,7.114645037058852095e-01,-4.089960519145230400e-01,3.024684517913621695e-01
7.130208435615287277e-01,9.487821111119296713e-01,2.357612675504009436e-01,7.072838026512028309e-01,-4.180701054682378626e-01,2.892136971829649683e-01
7.144433319494745138e-01,9.487821111119296713e-01,2.343387791624551575e-01,7.030163374873654725e-01,-4.267465163837358411e-01,2.762698211036296314e-01
7.158934473195306403e-01,9.487821111119296713e-01,2.328886637923990310e-01,6.986659913771970931e-01,-4.350346110168379354e-01,2.636313803603591577e-01
7.173699258276228230e-01,9.487821111119296713e-01,2.314121852843068483e-01,6.942365558529205449e-01,-4.429435524276548186e-01,2.512930034252657263e-01
7.188715336360576025e-01,9.487821111119296713e-01,2.299105774758720688e-01,6.897317324276162065e-01,-4.504823425304338436e-01,2.392493898971823629e-01
7.203970663834819987e-01,9.487821111119296713e-01,2.283850447284476726e-01,6.851551341853430177e-01,-4.576598242273188788e-01,2.274953099580241389e-01
7.219453486619022975e-01,9.487821111119296713e-01,2.268367624500273738e-01,6.805102873500821214e-01,-4.644846835260896256e-01,2.160256038239924958e-01
7.235152335007049018e-01,9.487821111119296713e-01,2.252668776112247695e-01,6.758006328336743085e-01,-4.709654516407812963e-01,2.048351811928930122e-01
7.251056018576268469e-01,9.487821111119296713e-01,2.236765092543028244e-01,6.710295277629084731e-01,-4.771105070765835343e-01,1.939190206863249388e-01
7.267153621166174693e-01,9.487821111119296713e-01,2.220667489953122020e-01,6.662002469859366061e-01,-4.829280776971867084e-01,1.832721692887498977e-01
7.283434495925369401e-01,9.487821111119296713e-01,2.204386615193927312e-01,6.613159845581781937e-01,-4.884262427758412350e-01,1.728897417823369587e-01
7.299888260426345976e-01,9.487821111119296713e-01,2.187932850692950737e-01,6.563798552078852211e-01,-4.936129350292972617e-01,1.627669201785879594e-01
7.316504791847501243e-01,9.487821111119296713e-01,2.171316319271795470e-01,6.513948957815386409e-01,-4.984959426346580180e-01,1.528989531468806229e-01
7.333274222221803917e-01,9.487821111119296713e-01,2.154546888897492796e-01,6.463640666692478387e-01,-5.030829112290802207e-01,1.432811554401676180e-01
7.350186933751546858e-01,9.487821111119296713e-01,2.137634177367749855e-01,6.412902532103249564e-01,-5.073813458922882269e-01,1.339089073180367295e-01
7.367233554188606925e-01,9.487821111119296713e-01,2.120587556930689788e-01,6.361762670792069363e-01,-5.113986131118020140e-01,1.247776539674049223e-01
7.384404952279635115e-01,9.487821111119296713e-01,2.103416158839661598e-01,6.310248476518984795e-01,-5.151419427308456811e-01,1.158829049210527984e-01
7.401692233275584121e-01,9.487821111119296713e-01,2.086128877843712592e-01,6.258386633531137777e-01,-5.186184298784701774e-01,1.072202334746436003e-01
7.419086734505008218e-01,9.487821111119296713e-01,2.068734376614288495e-01,6.206203129842865485e-01,-5.218350368827229246e-01,9.878527610156362382e-02
7.436580021010533725e-01,9.487821111119296713e-01,2.051241090108762988e-01,6.153723270326288963e-01,-5.247985951657652137e-01,9.057373186686368260e-02
7.454163881247926060e-01,9.487821111119296713e-01,2.033657229871370653e-01,6.100971689614111959e-01,-5.275158071217700417e-01,8.258136183964115418e-02
7.471830322847157202e-01,9.487821111119296713e-01,2.015990788272139511e-01,6.047972364816418533e-01,-5.299932479769342564e-01,7.480398850470759697e-02
7.489571568434894022e-01,9.487821111119296713e-01,1.998249542684402691e-01,5.994748628053208073e-01,-5.322373676321046077e-01,6.723749517321619962e-02
7.507380051517803521e-01,9.487821111119296713e-01,1.980441059601493192e-01,5.941323178804479577e-01,-5.342544924872849599e-01,5.987782539316299779e-02
7.525248412426106537e-01,9.487821111119296713e-01,1.962572698693190176e-01,5.887718096079570529e-01,-5.360508272490904780e-01,5.272098235886657491e-02
7.543169494316768198e-01,9.487821111119296713e-01,1.944651616802528515e-01,5.833954850407585546e-01,-5.376324567198498272e-01,4.576302832090872741e-02
7.561136339235751125e-01,9.487821111119296713e-01,1.926684771883545588e-01,5.780054315650636765e-01,-5.390053475694878138e-01,3.900008399557586269e-02
7.579142184238729651e-01,9.487821111119296713e-01,1.908678926880567062e-01,5.726036780641701185e-01,-5.401753500893557991e-01,3.242832797481431939e-02
7.597180457569682188e-01,9.487821111119296713e-01,1.890640653549614525e-01,5.671921960648843575e-01,-5.411481999285761013e-01,2.604399613630825616e-02
7.615244774896771096e-01,9.487821111119296713e-01,1.872576336222525617e-01,5.617729008667576851e-01,-5.419295198126672375e-01,1.984338105409044761e-02
7.633328935604913879e-01,9.487821111119296713e-01,1.854492175514382835e-01,5.563476526543148504e-01,-5.425248212442834728e-01,1.382283141003137761e-02
7.651426919144467265e-01,9.487821111119296713e-01,1.836394191974829448e-01,5.509182575924488345e-01,-5.429395061866015837e-01,7.978751405847250844e-03
7.669532881435426885e-01,9.487821111119296713e-01,1.818288229683869828e-01,5.454864689051609483e-01,-5.431788687287886219e-01,2.307600176372326395e-03
7.687641151326563005e-01,9.487821111119296713e-01,1.800179959792733708e-01,5.400539879378201125e-01,-5.432480967340835853e-01,-3.194108796263472883e-03
7.705746227108902779e-01,9.487821111119296713e-01,1.782074884010393934e-01,5.346224652031181801e-01,-5.431522734701932364e-01,-8.529808267075056349e-03
7.723842773082975066e-01,9.487821111119296713e-01,1.763978338036321647e-01,5.291935014108964941e-01,-5.428963792221686013e-01,-1.370287781127210724e-02
7.741925616179236025e-01,9.487821111119296713e-01,1.745895494940060688e-01,5.237686484820182065e-01,-5.424852928878287628e-01,-1.871664440581055633e-02
7.759989742631091536e-01,9.487821111119296713e-01,1.727831368488205177e-01,5.183494105464615531e-01,-5.419237935556653341e-01,-2.357438300920378094e-02
7.778030294699938008e-01,9.487821111119296713e-01,1.709790816419358706e-01,5.129372449258076117e-01,-5.412165620653941467e-01,-2.827931713958653503e-02
7.796042567451644256e-01,9.487821111119296713e-01,1.691778543667652457e-01,5.075335631002957371e-01,-5.403681825511874592e-01,-3.283461945089172218e-02
7.814022005583899366e-01,9.487821111119296713e-01,1.673799105535397347e-01,5.021397316606192041e-01,-5.393831439676533002e-01,-3.724341230703409611e-02
7.831964200303848100e-01,9.487821111119296713e-01,1.655856910815448613e-01,4.967570732446345838e-01,-5.382658415984620248e-01,-4.150876835382744101e-02
7.849864886255443208e-01,9.487821111119296713e-01,1.637956224863853505e-01,4.913868674591560515e-01,-5.370205785478532334e-01,-4.563371108869718196e-02
7.867719938495949528e-01,9.487821111119296713e-01,1.620101172623347185e-01,4.860303517870041556e-01,-5.356515672151895835e-01,-4.962121542818542785e-02
7.885525369521027006e-01,9.487821111119296713e-01,1.602295741598269707e-01,4.806887224794809121e-01,-5.341629307523243497e-01,-5.347420827284343758e-02
7.903277326337831976e-01,9.487821111119296713e-01,1.584543784781464737e-01,4.753631354344394211e-01,-5.325587045041491052e-01,-5.719556906970968413e-02
7.920972087585567145e-01,9.487821111119296713e-01,1.566849023533729568e-01,4.700547070601188704e-01,-5.308428374320550702e-01,-6.078813037193619984e-02
7.938606060702930733e-01,9.487821111119296713e-01,1.549215050416365980e-01,4.647645151249097939e-01,-5.290191935209076490e-01,-6.425467839599785513e-02
7.956175779141897442e-01,9.487821111119296713e-01,1.531645331977399271e-01,4.594935995932197814e-01,-5.270915531690012479e-01,-6.759795357578146646e-02
7.973677899627289456e-01,9.487821111119296713e-01,1.514143211492007257e-01,4.542429634476021771e-01,-5.250636145617604278e-01,-7.082065111415825065e-02
7.991109199461566837e-01,9.487821111119296713e-01,1.496711911657729877e-01,4.490135734973189630e-01,-5.229389950283214183e-01,-7.392542153100245539e-02
8.008466573874313266e-01,9.487821111119296713e-01,1.479354537244983447e-01,4.438063611734950342e-01,-5.207212323823928735e-01,-7.691487120889783924e-02
8.025747033415850940e-01,9.487821111119296713e-01,1.462074077703445774e-01,4.386222233110337321e-01,-5.184137862461302149e-01,-7.979156293509648279e-02
8.042947701394452809e-01,9.487821111119296713e-01,1.444873409724843905e-01,4.334620229174531714e-01,-5.160200393580560707e-01,-8.255801644060289934e-02
8.060065811356614818e-01,9.487821111119296713e-01,1.427755299762681895e-01,4.283265899288045686e-01,-5.135432988648602759e-01,-8.521670893605570729e-02
8.077098704609840807e-01,9.487821111119296713e-01,1.410722406509455906e-01,4.232167219528367719e-01,-5.109867975967796738e-01,-8.777007564394290196e-02
8.094043827787422707e-01,9.487821111119296713e-01,1.393777283331874006e-01,4.181331849995622019e-01,-5.083536953274570003e-01,-9.022051032789479841e-02
8.110898730454676464e-01,9.487821111119296713e-01,1.376922380664620249e-01,4.130767141993860747e-01,-5.056470800176127156e-01,-9.257036581822664090e-02
8.127661062756111887e-01,9.487821111119296713e-01,1.360160048363184826e-01,4.080480145089554478e-01,-5.028699690430626923e-01,-9.482195453410724451e-02
8.144328573103013502e-01,9.487821111119296713e-01,1.343492538016283211e-01,4.030477614048849633e-01,-5.000253104070484511e-01,-9.697754900216348783e-02
8.160899105900912831e-01,9.487821111119296713e-01,1.326922005218383882e-01,3.980766015655151646e-01,-4.971159839369798661e-01,-9.903938237146470147e-02
8.177370599316440281e-01,9.487821111119296713e-01,1.310450511802856433e-01,3.931351535408569298e-01,-4.941448024658234850e-01,-1.010096489249665552e-01
8.193741083083042609e-01,9.487821111119296713e-01,1.294080028036254104e-01,3.882240084108762312e-01,-4.911145129980698520e-01,-1.028905045871936208e-01
8.210008676345058598e-01,9.487821111119296713e-01,1.277812434774238115e-01,3.833437304322714345e-01,-4.880277978604796729e-01,-1.046840674282082384e-01
8.226171585539645559e-01,9.487821111119296713e-01,1.261649525579651154e-01,3.784948576738953463e-01,-4.848872758376088221e-01,-1.063924181637134758e-01
8.242228102316069283e-01,9.487821111119296713e-01,1.245593008803227431e-01,3.736779026409682292e-01,-4.816955032927117131e-01,-1.080176006517434839e-01
8.258176601491841184e-01,9.487821111119296713e-01,1.229644509627455529e-01,3.688933528882366586e-01,-4.784549752731570571e-01,-1.095616223849203985e-01
8.274015539045228573e-01,9.487821111119296713e-01,1.213805572074068140e-01,3.641416716222204419e-01,-4.751681266016216654e-01,-1.110264549794012234e-01
8.289743450143636228e-01,9.487821111119296713e-01,1.198077660975660486e-01,3.594232982926981457e-01,-4.718373329522296267e-01,-1.124140346595314810e-01
8.305358947207384102e-01,9.487821111119296713e-01,1.182462163911912612e-01,3.547386491735737835e-01,-4.684649119124362215e-01,-1.137262627388624381e-01
8.320860718008393775e-01,9.487821111119296713e-01,1.166960393110902938e-01,3.500881179332708815e-01,-4.650531240302901992e-01,-1.149650060970193177e-01
8.336247523803306247e-01,9.487821111119296713e-01,1.151573587315990466e-01,3.454720761947971397e-01,-4.616041738473741773e-01,-1.161320976525770376e-01
8.351518197500565899e-01,9.487821111119296713e-01,1.136302913618730814e-01,3.408908740856192443e-01,-4.581202109177895387e-01,-1.172293368321702944e-01
8.366671641860993214e-01,9.487821111119296713e-01,1.121149469258303499e-01,3.363448407774910498e-01,-4.546033308128194506e-01,-1.182584900353284008e-01
8.381706827731385534e-01,9.487821111119296713e-01,1.106114283387911179e-01,3.318342850163733537e-01,-4.510555761117696072e-01,-1.192212910953962535e-01
8.396622792310682870e-01,9.487821111119296713e-01,1.091198318808613843e-01,3.273594956425841529e-01,-4.474789373789200830e-01,-1.201194417363359301e-01
8.411418637448243585e-01,9.487821111119296713e-01,1.076402473671053128e-01,3.229207421013159385e-01,-4.438753541268214420e-01,-1.209546120255055035e-01
8.426093527973778086e-01,9.487821111119296713e-01,1.061727583145518627e-01,3.185182749436555882e-01,-4.402467157660350239e-01,-1.217284408223794356e-01
8.440646690058490886e-01,9.487821111119296713e-01,1.047174421060805827e-01,3.141523263182417480e-01,-4.365948625413840212e-01,-1.224425362231422731e-01
8.455077409606980288e-01,9.487821111119296713e-01,1.032743701512316425e-01,3.098231104536949276e-01,-4.329215864546820391e-01,-1.230984760009871115e-01
8.469385030679468240e-01,9.487821111119296713e-01,1.018436080439828473e-01,3.055308241319485418e-01,-4.292286321746385802e-01,-1.236978080426900384e-01
8.483568953943914082e-01,9.487821111119296713e-01,1.004252157175382631e-01,3.012756471526147894e-01,-4.255176979333752385e-01,-1.242420507807604491e-01
8.497628635157579158e-01,9.487821111119296713e-01,9.901924759617175553e-02,2.970577427885152666e-01,-4.217904364099522851e-01,-1.247326936214370185e-01
8.511563583677622669e-01,9.487821111119296713e-01,9.762575274416740445e-02,2.928772582325022134e-01,-4.180484556013053243e-01,-1.251711973688031110e-01
8.525373361000297967e-01,9.487821111119296713e-01,9.624477501189987461e-02,2.887343250356996238e-01,-4.142933196802589535e-01,-1.255589946445593297e-01
8.539057579328328540e-01,9.487821111119296713e-01,9.487635317909681731e-02,2.846290595372904519e-01,-4.105265498409171876e-01,-1.258974903036267357e-01
8.552615900166055107e-01,9.487821111119296713e-01,9.352052109532416058e-02,2.805615632859724817e-01,-4.067496251317970213e-01,-1.261880618458245396e-01
8.566048032941936397e-01,9.487821111119296713e-01,9.217730781773603166e-02,2.765319234532080950e-01,-4.029639832764386753e-01,-1.264320598232305803e-01
8.579353733657993919e-01,9.487821111119296713e-01,9.084673774613027941e-02,2.725402132383908382e-01,-3.991710214817256741e-01,-1.266308082433348359e-01
8.592532803565807731e-01,9.487821111119296713e-01,8.952883075534889823e-02,2.685864922660466947e-01,-3.953720972344143547e-01,-1.267856049683676600e-01
8.605585087868653504e-01,9.487821111119296713e-01,8.822360232506432087e-02,2.646708069751929626e-01,-3.915685290853732070e-01,-1.268977221101802444e-01
8.618510474449389003e-01,9.487821111119296713e-01,8.693106366699077103e-02,2.607931910009723131e-01,-3.877615974220649520e-01,-1.269684064210926389e-01
8.631308892623703599e-01,9.487821111119296713e-01,8.565122184955931139e-02,2.569536655486779342e-01,-3.839525452294378915e-01,-1.269988796807599574e-01
8.643980311918337822e-01,9.487821111119296713e-01,8.438407992009588909e-02,2.531522397602876673e-01,-3.801425788390266902e-01,-1.269903390787390229e-01
8.656524740873893231e-01,9.487821111119296713e-01,8.312963702454034820e-02,2.493889110736210446e-01,-3.763328686666622680e-01,-1.269439575930412234e-01
8.668942225871855145e-01,9.487821111119296713e-01,8.188788852474415680e-02,2.456636655742324704e-01,-3.725245499388574189e-01,-1.268608843646249484e-01
8.681232849985452971e-01,9.487821111119296713e-01,8.065882611338437425e-02,2.419764783401531227e-01,-3.687187234079347675e-01,-1.267422450677816448e-01
8.693396731853982873e-01,9.487821111119296713e-01,7.944243792653138403e-02,2.383273137795941521e-01,-3.649164560558970649e-01,-1.265891422763029128e-01
8.705434024580236407e-01,9.487821111119296713e-01,7.823870865390603058e-02,2.347161259617180917e-01,-3.611187817876060357e-01,-1.264026558258879440e-01
8.717344914650664300e-01,9.487821111119296713e-01,7.704761964686324127e-02,2.311428589405897238e-01,-3.573267021128367915e-01,-1.261838431722470677e-01
8.729129620877918994e-01,9.487821111119296713e-01,7.586914902413777195e-02,2.276074470724133159e-01,-3.535411868176407957e-01,-1.259337397452274798e-01
8.740788393365428455e-01,9.487821111119296713e-01,7.470327177538682584e-02,2.241098153261604775e-01,-3.497631746252838347e-01,-1.256533592991233572e-01
8.752321512493639322e-01,9.487821111119296713e-01,7.354995986256573914e-02,2.206498795876972174e-01,-3.459935738463260080e-01,-1.253436942586287905e-01
8.763729287927591871e-01,9.487821111119296713e-01,7.240918231917048420e-02,2.172275469575114526e-01,-3.422332630185764835e-01,-1.250057160610650309e-01
8.775012057645482644e-01,9.487821111119296713e-01,7.128090534738140693e-02,2.138427160421442208e-01,-3.384830915367231796e-01,-1.246403754945789588e-01
8.786170186987879438e-01,9.487821111119296713e-01,7.016509241314172751e-02,2.104952772394251825e-01,-3.347438802719038264e-01,-1.242486030324786439e-01
8.797204067727243393e-01,9.487821111119296713e-01,6.906170433920533203e-02,2.071851130176159961e-01,-3.310164221809186458e-01,-1.238313091633026497e-01
8.808114117157443967e-01,9.487821111119296713e-01,6.797069939618527457e-02,2.039120981885558237e-01,-3.273014829060172382e-01,-1.233893847174614145e-01
8.818900777202927088e-01,9.487821111119296713e-01,6.689203339163696249e-02,2.006761001749108875e-01,-3.235998013644936222e-01,-1.229237011895827347e-01
8.829564513547221161e-01,9.487821111119296713e-01,6.582565975720755524e-02,1.974769792716226657e-01,-3.199120903288221740e-01,-1.224351110571995083e-01
8.840105814780457871e-01,9.487821111119296713e-01,6.477152963388388418e-02,1.943145889016516525e-01,-3.162390369971013193e-01,-1.219244480954496668e-01
8.850525191565599137e-01,9.487821111119296713e-01,6.372959195536975763e-02,1.911887758661092729e-01,-3.125813035542379659e-01,-1.213925276881286930e-01
8.860823175823051567e-01,9.487821111119296713e-01,6.269979352962451458e-02,1.880993805888735437e-01,-3.089395277235729154e-01,-1.208401471346993716e-01
8.871000319933369793e-01,9.487821111119296713e-01,6.168207911859269199e-02,1.850462373557780760e-01,-3.053143233095467757e-01,-1.202680859537686997e-01
8.881057195957734463e-01,9.487821111119296713e-01,6.067639151615622506e-02,1.820291745484686752e-01,-3.017062807309400796e-01,-1.196771061824714044e-01
8.890994394875916251e-01,9.487821111119296713e-01,5.968267162433804618e-02,1.790480148730141385e-01,-2.981159675454536639e-01,-1.190679526724395254e-01
8.900812525841426126e-01,9.487821111119296713e-01,5.870085852778705870e-02,1.761025755833611761e-01,-2.945439289652962422e-01,-1.184413533819350661e-01
8.910512215453553209e-01,9.487821111119296713e-01,5.773088956657435045e-02,1.731926686997230513e-01,-2.909906883638124775e-01,-1.177980196640894262e-01
8.920094107046017129e-01,9.487821111119296713e-01,5.677270040732795842e-02,1.703181012219838752e-01,-2.874567477739176091e-01,-1.171386465519337339e-01
8.929558859991928443e-01,9.487821111119296713e-01,5.582622511273682697e-02,1.674786753382104809e-01,-2.839425883773394332e-01,-1.164639130391289523e-01
8.938907149024800658e-01,9.487821111119296713e-01,5.489139620944960551e-02,1.646741886283488165e-01,-2.804486709861664373e-01,-1.157744823578176208e-01
8.948139663575315206e-01,9.487821111119296713e-01,5.396814475439815073e-02,1.619044342631944522e-01,-2.769754365154364351e-01,-1.150710022522419829e-01
8.957257107123577367e-01,9.487821111119296713e-01,5.305640039957193466e-02,1.591692011987158040e-01,-2.735233064478648224e-01,-1.143541052491490184e-01
8.966260196566591123e-01,9.487821111119296713e-01,5.215609145527055901e-02,1.564682743658116770e-01,-2.700926832904126940e-01,-1.136244089246010169e-01
8.975149661600679840e-01,9.487821111119296713e-01,5.126714495186168730e-02,1.538014348555850619e-01,-2.666839510226615140e-01,-1.128825161670764521e-01
8.983926244118601856e-01,9.487821111119296713e-01,5.038948670006948571e-02,1.511684601002084571e-01,-2.632974755376604747e-01,-1.121290154374520176e-01
8.992590697621085649e-01,9.487821111119296713e-01,4.952304134982110639e-02,1.485691240494633192e-01,-2.599336050745137960e-01,-1.113644810250504769e-01
9.001143786642544775e-01,9.487821111119296713e-01,4.866773244767519380e-02,1.460031973430255814e-01,-2.565926706437737792e-01,-1.105894733007481978e-01
9.009586286190702786e-01,9.487821111119296713e-01,4.782348249285939268e-02,1.434704474785781780e-01,-2.532749864447403354e-01,-1.098045389661621574e-01
9.017918981199894990e-01,9.487821111119296713e-01,4.699021299194017232e-02,1.409706389758205169e-01,-2.499808502757661088e-01,-1.090102112999455919e-01
9.026142665997787251e-01,9.487821111119296713e-01,4.616784451215094620e-02,1.385035335364528386e-01,-2.467105439367678343e-01,-1.082070104003149957e-01
9.034258143785278694e-01,9.487821111119296713e-01,4.535629673340180190e-02,1.360688902002054057e-01,-2.434643336247432899e-01,-1.073954434245378842e-01
9.042266226129346274e-01,9.487821111119296713e-01,4.455548849899504393e-02,1.336664654969851318e-01,-2.402424703220273905e-01,-1.065760048250422587e-01
9.050167732468588078e-01,9.487821111119296713e-01,4.376533786507086354e-02,1.312960135952125906e-01,-2.370451901772541170e-01,-1.057491765820415264e-01
9.057963489631248866e-01,9.487821111119296713e-01,4.298576214880478474e-02,1.289572864464143542e-01,-2.338727148798236399e-01,-1.049154284334092857e-01
9.065654331365475826e-01,9.487821111119296713e-01,4.221667797538208866e-02,1.266500339261462660e-01,-2.307252520268088247e-01,-1.040752181006625587e-01
9.073241097881602490e-01,9.487821111119296713e-01,4.145800132376942226e-02,1.243740039713082668e-01,-2.276029954837999192e-01,-1.032289915124916524e-01
9.080724635406216549e-01,9.487821111119296713e-01,4.070964757130801637e-02,1.221289427139240491e-01,-2.245061257384217690e-01,-1.023771830244977199e-01
9.088105795747806193e-01,9.487821111119296713e-01,3.997153153714905205e-02,1.199145946114471561e-01,-2.214348102476892954e-01,-1.015202156362421393e-01
9.095385435873759583e-01,9.487821111119296713e-01,3.924356752455371300e-02,1.177307025736611390e-01,-2.183892037786017148e-01,-1.006585012049405758e-01
9.102564417498507643e-01,9.487821111119296713e-01,3.852566936207890702e-02,1.155770080862367211e-01,-2.153694487424417936e-01,-9.979244065620507254e-02
9.109643606682599204e-01,9.487821111119296713e-01,3.781775044366975091e-02,1.134532513310092527e-01,-2.123756755227468318e-01,-9.892242419173757906e-02
9.116623873442499804e-01,9.487821111119296713e-01,3.711972376767969095e-02,1.113591713030390729e-01,-2.094080027970179891e-01,-9.804883149397891628e-02
9.123506091370905402e-01,9.487821111119296713e-01,3.643150197483913111e-02,1.092945059245173933e-01,-2.064665378521679528e-01,-9.717203192765055952e-02
9.130291137267383395e-01,9.487821111119296713e-01,3.575299738519133186e-02,1.072589921555739956e-01,-2.035513768943397750e-01,-9.629238473876577942e-02
9.136979890779123314e-01,9.487821111119296713e-01,3.508412203401733986e-02,1.052523661020520196e-01,-2.006626053521975983e-01,-9.541023925014557872e-02
9.143573234051612930e-01,9.487821111119296713e-01,3.442478770676837829e-02,1.032743631203051349e-01,-1.978002981746884714e-01,-9.452593505438333654e-02
9.150072051389047667e-01,9.487821111119296713e-01,3.377490597302490460e-02,1.013247179190747138e-01,-1.949645201230421065e-01,-9.363980220396739274e-02
9.156477228924279066e-01,9.487821111119296713e-01,3.313438821950176472e-02,9.940316465850529415e-02,-1.921553260569419663e-01,-9.275216139843667218e-02
9.162789654298111319e-01,9.487821111119296713e-01,3.250314568211853938e-02,9.750943704635561815e-02,-1.893727612149675998e-01,-9.186332416861198169e-02
9.169010216347776021e-01,9.487821111119296713e-01,3.188108947715206920e-02,9.564326843145620760e-02,-1.866168614899410549e-01,-9.097359305848484734e-02
9.175139804804381960e-01,9.487821111119296713e-01,3.126813063149147531e-02,9.380439189447442594e-02,-1.838876536981781662e-01,-9.008326180370374026e-02
9.181179309999183413e-01,9.487821111119296713e-01,3.066418011201132998e-02,9.199254033603398995e-02,-1.811851558440435994e-01,-8.919261550800960947e-02
9.187129622578477095e-01,9.487821111119296713e-01,3.006914885408196181e-02,9.020744656224588542e-02,-1.785093773788104521e-01,-8.830193081656456666e-02
9.192991633226954562e-01,9.487821111119296713e-01,2.948294778923421511e-02,8.844884336770264532e-02,-1.758603194543240100e-01,-8.741147608662136470e-02
9.198766232399345766e-01,9.487821111119296713e-01,2.890548787199509473e-02,8.671646361598528419e-02,-1.732379751717361138e-01,-8.652151155575082964e-02
9.204454310060180555e-01,9.487821111119296713e-01,2.833668010591161579e-02,8.501004031773484737e-02,-1.706423298250436815e-01,-8.563228950730883415e-02
9.210056755431508257e-01,9.487821111119296713e-01,2.777643556877884556e-02,8.332930670633653669e-02,-1.680733611398310678e-01,-8.474405443349453115e-02
9.215574456748402143e-01,9.487821111119296713e-01,2.722466543708945697e-02,8.167399631126837090e-02,-1.655310395068165796e-01,-8.385704319554820874e-02
9.221008301022101117e-01,9.487821111119296713e-01,2.668128100971955963e-02,8.004384302915867888e-02,-1.630153282109692015e-01,-8.297148518181052257e-02
9.226359173810617653e-01,9.487821111119296713e-01,2.614619373086790599e-02,7.843858119260371797e-02,-1.605261836554960908e-01,-8.208760246289237283e-02
9.231627958996672101e-01,9.487821111119296713e-01,2.561931521226246122e-02,7.685794563678738367e-02,-1.580635555816334303e-01,-8.120560994484604667e-02
9.236815538572781259e-01,9.487821111119296713e-01,2.510055725465154541e-02,7.530167176395463624e-02,-1.556273872832747429e-01,-8.032571551932010667e-02
9.241922792433371336e-01,9.487821111119296713e-01,2.458983186859253767e-02,7.376949560577761300e-02,-1.532176158177023240e-01,-7.944812021192471096e-02
9.246950598173748759e-01,9.487821111119296713e-01,2.408705129455479543e-02,7.226115388366438630e-02,-1.508341722113226702e-01,-7.857301832765828387e-02
9.251899830895798926e-01,9.487821111119296713e-01,2.359212802234977868e-02,7.077638406704933605e-02,-1.484769816615050253e-01,-7.770059759445568925e-02
9.256771363020254162e-01,9.487821111119296713e-01,2.310497480990425512e-02,6.931492442971276535e-02,-1.461459637336570694e-01,-7.683103930394430403e-02
9.261566064105406504e-01,9.487821111119296713e-01,2.262550470138902092e-02,6.787651410416706277e-02,-1.438410325545702584e-01,-7.596451845040319562e-02
9.266284800672107691e-01,9.487821111119296713e-01,2.215363104471890221e-02,6.646089313415670663e-02,-1.415620970010356139e-01,-7.510120386687890726e-02
9.270928436034941988e-01,9.487821111119296713e-01,2.168926750843547246e-02,6.506780252530641739e-02,-1.393090608850289236e-01,-7.424125835972250620e-02
9.275497830139416422e-01,9.487821111119296713e-01,2.123232809798802911e-02,6.369698429396408734e-02,-1.370818231342330051e-01,-7.338483884026891779e-02
9.279993839405050737e-01,9.487821111119296713e-01,2.078272717142459758e-02,6.234818151427379274e-02,-1.348802779690294606e-01,-7.253209645475566791e-02
9.284417316574230528e-01,9.487821111119296713e-01,2.034037945450661855e-02,6.102113836351985565e-02,-1.327043150753937084e-01,-7.168317671187385276e-02
9.288769110566698073e-01,9.487821111119296713e-01,1.990520005525986402e-02,5.971560016577959207e-02,-1.305538197740263584e-01,-7.083821960824676633e-02
9.293050066339557658e-01,9.487821111119296713e-01,1.947710447797390554e-02,5.843131343392171662e-02,-1.284286731857875452e-01,-6.999735975186582859e-02
9.297261024752665470e-01,9.487821111119296713e-01,1.905600863666312428e-02,5.716802590998937283e-02,-1.263287523932343781e-01,-6.916072648324500527e-02
9.301402822439289730e-01,9.487821111119296713e-01,1.864182886800069827e-02,5.592548660400209481e-02,-1.242539305987278020e-01,-6.832844399472570718e-02
9.305476291681920031e-01,9.487821111119296713e-01,1.823448194373766817e-02,5.470344583121300452e-02,-1.222040772789090290e-01,-6.750063144769602452e-02
9.309482260293102662e-01,9.487821111119296713e-01,1.783388508261940508e-02,5.350165524785821525e-02,-1.201790583354789277e-01,-6.667740308762071244e-02
9.313421551501197548e-01,9.487821111119296713e-01,1.743995596180991647e-02,5.231986788542974942e-02,-1.181787362428465826e-01,-6.585886835741683321e-02
9.317294983840934686e-01,9.487821111119296713e-01,1.705261272783620274e-02,5.115783818350860823e-02,-1.162029701921141189e-01,-6.504513200860551070e-02
9.321103371048663488e-01,9.487821111119296713e-01,1.667177400706332246e-02,5.001532202118996739e-02,-1.142516162318640838e-01,-6.423629421067411638e-02
9.324847521962181807e-01,9.487821111119296713e-01,1.629735891571149065e-02,4.889207674713447194e-02,-1.123245274055495457e-01,-6.343245065841507380e-02
9.328528240425041362e-01,9.487821111119296713e-01,1.592928706942553507e-02,4.778786120827660522e-02,-1.104215538857866719e-01,-6.263369267751006664e-02
9.332146325195223024e-01,9.487821111119296713e-01,1.556747859240736886e-02,4.670243577722210659e-02,-1.085425431054498624e-01,-6.184010732822775580e-02
9.335702569858076449e-01,9.487821111119296713e-01,1.521185412612202636e-02,4.563556237836607909e-02,-1.066873398856027499e-01,-6.105177750723667085e-02
9.339197762743423059e-01,9.487821111119296713e-01,1.486233483758736540e-02,4.458700451276209620e-02,-1.048557865603982897e-01,-6.026878204763619351e-02
9.342632686846721324e-01,9.487821111119296713e-01,1.451884242725753893e-02,4.355652728177261679e-02,-1.030477230989479409e-01,-5.949119581717532412e-02
9.346008119754203314e-01,9.487821111119296713e-01,1.418129913650933993e-02,4.254389740952801979e-02,-1.012629872244596996e-01,-5.871908981493167978e-02
9.349324833571870386e-01,9.487821111119296713e-01,1.384962775474263275e-02,4.154888326422789824e-02,-9.950141453001215552e-02,-5.795253126578425729e-02
9.352583594858271399e-01,9.487821111119296713e-01,1.352375162610253145e-02,4.057125487830759436e-02,-9.776283859203038773e-02,-5.719158371372279337e-02
9.355785164560959100e-01,9.487821111119296713e-01,1.320359465583376135e-02,3.961078396750128405e-02,-9.604709108063103074e-02,-5.643630711312974668e-02
9.358930297956533639e-01,9.487821111119296713e-01,1.288908131627630738e-02,3.866724394882892213e-02,-9.435400186723619242e-02,-5.568675791840727030e-02
9.362019744594188841e-01,9.487821111119296713e-01,1.258013665251078717e-02,3.774040995753236150e-02,-9.268339912965606331e-02,-5.494298917212370181e-02
9.365054248242672408e-01,9.487821111119296713e-01,1.227668628766243053e-02,3.683005886298729159e-02,-9.103510945450699055e-02,-5.420505059151969895e-02
9.368034546840564580e-01,9.487821111119296713e-01,1.197865642787321327e-02,3.593596928361963982e-02,-8.940895793676517656e-02,-5.347298865314553673e-02
9.370961372449803095e-01,9.487821111119296713e-01,1.168597386694936180e-02,3.505792160084808540e-02,-8.780476827715544275e-02,-5.274684667630735735e-02
9.373835451212365610e-01,9.487821111119296713e-01,1.139856599069311027e-02,3.419569797207933082e-02,-8.622236287687545797e-02,-5.202666490479612715e-02
9.376657503310023012e-01,9.487821111119296713e-01,1.111636078092737012e-02,3.334908234278211037e-02,-8.466156292972204511e-02,-5.131248058693993475e-02
9.379428242927093651e-01,9.487821111119296713e-01,1.083928681922030623e-02,3.251786045766091870e-02,-8.312218851211916615e-02,-5.060432805445824744e-02
9.382148378216109696e-01,9.487821111119296713e-01,1.056727329031870166e-02,3.170181987095610499e-02,-8.160405867048137196e-02,-4.990223879952526698e-02
9.384818611266326771e-01,9.487821111119296713e-01,1.030024998529699420e-02,3.090074995589098261e-02,-8.010699150651223732e-02,-4.920624155062125471e-02
9.387439638074992487e-01,9.487821111119296713e-01,1.003814730443042258e-02,3.011444191329126774e-02,-7.863080425997148737e-02,-4.851636234668021963e-02
9.390012148521311719e-01,9.487821111119296713e-01,9.780896259798499415e-03,2.934268877939549824e-02,-7.717531338957694942e-02,-4.783262461018145117e-02
9.392536826343020895e-01,9.487821111119296713e-01,9.528428477627581827e-03,2.858528543288274548e-02,-7.574033465127527620e-02,-4.715504921839253072e-02
9.395014349115511365e-01,9.487821111119296713e-01,9.280676200378534801e-03,2.784202860113560440e-02,-7.432568317471410779e-02,-4.648365457357850339e-02
9.397445388233428565e-01,9.487821111119296713e-01,9.037572288586814828e-03,2.711271686576044448e-02,-7.293117353751599197e-02,-4.581845667175554748e-02
9.399830608894673700e-01,9.487821111119296713e-01,8.799050222462301285e-03,2.639715066738690386e-02,-7.155661983735406295e-02,-4.515946916996715910e-02
9.402170670086749116e-01,9.487821111119296713e-01,8.565044103254759733e-03,2.569513230976427920e-02,-7.020183576226246558e-02,-4.450670345249818638e-02
9.404466224575371847e-01,9.487821111119296713e-01,8.335488654392486652e-03,2.500646596317745995e-02,-6.886663465868192446e-02,-4.386016869550446451e-02
9.406717918895299846e-01,9.487821111119296713e-01,8.110319222399686723e-03,2.433095766719906017e-02,-6.755082959783997865e-02,-4.321987193064091848e-02
9.408926393343296501e-01,9.487821111119296713e-01,7.889471777600021163e-03,2.366841533280006349e-02,-6.625423343989966796e-02,-4.258581810709960447e-02
9.411092281973186813e-01,9.487821111119296713e-01,7.672882914610990035e-03,2.301864874383297010e-02,-6.497665889670933836e-02,-4.195801015287636826e-02
9.413216212592924181e-01,9.487821111119296713e-01,7.460489852637253172e-03,2.238146955791175952e-02,-6.371791859212105891e-02,-4.133644903420929939e-02
9.415298806763626738e-01,9.487821111119296713e-01,7.252230435566997535e-03,2.175669130670099261e-02,-6.247782512107669106e-02,-4.072113381437569846e-02
9.417340679800515479e-01,9.487821111119296713e-01,7.048043131878123368e-03,2.114412939563437011e-02,-6.125619110666224998e-02,-4.011206171102787987e-02
9.419342440775693159e-01,9.487821111119296713e-01,6.847867034360355376e-03,2.054360110308106613e-02,-6.005282925533039773e-02,-3.950922815224933160e-02
9.421304692522718405e-01,9.487821111119296713e-01,6.651641859657830835e-03,1.995492557897349251e-02,-5.886755241075736222e-02,-3.891262683178386972e-02
9.423228031642911784e-01,9.487821111119296713e-01,6.459307947638492919e-03,1.937792384291547876e-02,-5.770017360580137478e-02,-3.832224976288589602e-02
9.425113048513342751e-01,9.487821111119296713e-01,6.270806260595396253e-03,1.881241878178618876e-02,-5.655050611292899987e-02,-3.773808733114281111e-02
9.426960327296441955e-01,9.487821111119296713e-01,6.086078382285475818e-03,1.825823514685642746e-02,-5.541836349297613040e-02,-3.716012834611970295e-02
9.428770445951195622e-01,9.487821111119296713e-01,5.905066516810109079e-03,1.771519955043032724e-02,-5.430355964261002200e-02,-3.658836009217969476e-02
9.430543976245856497e-01,9.487821111119296713e-01,5.727713487344021637e-03,1.718314046203206491e-02,-5.320590883982623254e-02,-3.602276837779416763e-02
9.432281483772140263e-01,9.487821111119296713e-01,5.553962734715645055e-03,1.666188820414693517e-02,-5.212522578851297439e-02,-3.546333758436603922e-02
9.433983527960839721e-01,9.487821111119296713e-01,5.383758315845699194e-03,1.615127494753709758e-02,-5.106132566098375847e-02,-3.491005071344666089e-02
9.435650662098825636e-01,9.487821111119296713e-01,5.217044902047107691e-03,1.565113470614132307e-02,-5.001402413957745097e-02,-3.436288943343612790e-02
9.437283433347377626e-01,9.487821111119296713e-01,5.053767777191908728e-03,1.516130333157572618e-02,-4.898313745655968887e-02,-3.382183412498396269e-02
9.438882382761805134e-01,9.487821111119296713e-01,4.893872835749157879e-03,1.468161850724747364e-02,-4.796848243282525459e-02,-3.328686392557778095e-02
9.440448045312306302e-01,9.487821111119296713e-01,4.737306580699041092e-03,1.421191974209712328e-02,-4.696987651503503614e-02,-3.275795677293791286e-02
9.441980949906034759e-01,9.487821111119296713e-01,4.584016121326195403e-03,1.375204836397858621e-02,-4.598713781185370664e-02,-3.223508944787512043e-02
9.443481619410315497e-01,9.487821111119296713e-01,4.433949170898121572e-03,1.330184751269436472e-02,-4.502008512842214927e-02,-3.171823761572778455e-02
9.444950570676980961e-01,9.487821111119296713e-01,4.287054044231575212e-03,1.286116213269472563e-02,-4.406853799996390819e-02,-3.120737586726918256e-02
9.446388314567778499e-01,9.487821111119296713e-01,4.143279655151821395e-03,1.242983896545546418e-02,-4.313231672392614513e-02,-3.070247775847068095e-02
9.447795355980818099e-01,9.487821111119296713e-01,4.002575513847861366e-03,1.200772654154358410e-02,-4.221124239118800858e-02,-3.020351584964442448e-02
9.449172193878007109e-01,9.487821111119296713e-01,3.864891724128960426e-03,1.159467517238688128e-02,-4.130513691567028189e-02,-2.971046174328340062e-02
9.450519321313453069e-01,9.487821111119296713e-01,3.730178980584364368e-03,1.119053694175309310e-02,-4.041382306337881758e-02,-2.922328612162572448e-02
9.451837225462778047e-01,9.487821111119296713e-01,3.598388565651866600e-03,1.079516569695559980e-02,-3.953712447974933042e-02,-2.874195878279373062e-02
9.453126387653320029e-01,9.487821111119296713e-01,3.469472346597668455e-03,1.040841703979300537e-02,-3.867486571625944336e-02,-2.826644867646643799e-02
9.454387283395185859e-01,9.487821111119296713e-01,3.343382772411085391e-03,1.003014831723325617e-02,-3.782687225597491931e-02,-2.779672393874166314e-02
9.455620382413112424e-01,9.487821111119296713e-01,3.220072870618428951e-03,9.660218611855286852e-03,-3.699297053779693201e-02,-2.733275192594164515e-02
9.456826148679112753e-01,9.487821111119296713e-01,3.099496244018395963e-03,9.298488732055187889e-03,-3.617298798000989635e-02,-2.687449924795470846e-02
9.458005040445865985e-01,9.487821111119296713e-01,2.981607067343072792e-03,8.944821202029218377e-03,-3.536675300259695121e-02,-2.642193180056773283e-02
9.459157510280817860e-01,9.487821111119296713e-01,2.866360083847885321e-03,8.599080251543655962e-03,-3.457409504855624149e-02,-2.597501479701258553e-02
9.460284005100972893e-01,9.487821111119296713e-01,2.753710601832382032e-03,8.261131805497146097e-03,-3.379484460465098650e-02,-2.553371279915384040e-02
9.461384966208329361e-01,9.487821111119296713e-01,2.643614491096735186e-03,7.930843473290205559e-03,-3.302883322069405381e-02,-2.509798974740384825e-02
9.462460829325938239e-01,9.487821111119296713e-01,2.536028179335847454e-03,7.608084538007542363e-03,-3.227589352826631952e-02,-2.466780899025877716e-02
9.463512024634556097e-01,9.487821111119296713e-01,2.430908648474061629e-03,7.292725945422184886e-03,-3.153585925853574778e-02,-2.424313331311356290e-02
9.464538976809860893e-01,9.487821111119296713e-01,2.328213430943582019e-03,6.984640292830746056e-03,-3.080856525914388300e-02,-2.382392496631313694e-02
9.465542105060199551e-01,9.487821111119296713e-01,2.227900605909716170e-03,6.683701817729148509e-03,-3.009384751015975468e-02,-2.341014569243060617e-02
9.466521823164846250e-01,9.487821111119296713e-01,2.129928795445046319e-03,6.389786386335138957e-03,-2.939154313940095520e-02,-2.300175675306581624e-02
9.467478539512739211e-01,9.487821111119296713e-01,2.034257160655750241e-03,6.102771481967250722e-03,-2.870149043678882350e-02,-2.259871895482157278e-02
9.468412657141678235e-01,9.487821111119296713e-01,1.940845397761847835e-03,5.822536193285543504e-03,-2.802352886817072175e-02,-2.220099267488517825e-02
9.469324573777941900e-01,9.487821111119296713e-01,1.849653734135481287e-03,5.548961202406443860e-03,-2.735749908790996443e-02,-2.180853788550352057e-02
9.470214681876319984e-01,9.487821111119296713e-01,1.760642924297672884e-03,5.281928772893018653e-03,-2.670324295134252068e-02,-2.142131417844950203e-02
9.471083368660520030e-01,9.487821111119296713e-01,1.673774245877668321e-03,5.021322737633004962e-03,-2.606060352600136909e-02,-2.103928078836836413e-02
9.471931016163931405e-01,9.487821111119296713e-01,1.589009495536530814e-03,4.767028486609592441e-03,-2.542942510234125209e-02,-2.066239661573165964e-02
9.472758001270726869e-01,9.487821111119296713e-01,1.506310984856984447e-03,4.518932954570953342e-03,-2.480955320386390994e-02,-2.029062024929295660e-02
9.473564695757272780e-01,9.487821111119296713e-01,1.425641536202393311e-03,4.276924608607179934e-03,-2.420083459637734080e-02,-1.992390998777016087e-02
9.474351466333831295e-01,9.487821111119296713e-01,1.346964478546541777e-03,4.040893435639625331e-03,-2.360311729675546033e-02,-1.956222386111583500e-02
9.475118674686529019e-01,9.487821111119296713e-01,1.270243643276769419e-03,3.810730929830308256e-03,-2.301625058093170750e-02,-1.920551965110139925e-02
9.475866677519575454e-01,9.487821111119296713e-01,1.195443359972125918e-03,3.586330079916377755e-03,-2.244008499139305002e-02,-1.885375491147667226e-02
9.476595826597710159e-01,9.487821111119296713e-01,1.122528452158655377e-03,3.367585356475966130e-03,-2.187447234404116259e-02,-1.850688698756519646e-02
9.477306468788857519e-01,9.487821111119296713e-01,1.051464233043919450e-03,3.154392699131758349e-03,-2.131926573442077810e-02,-1.816487303528901975e-02
9.477998946106969136e-01,9.487821111119296713e-01,9.822165012327577216e-04,2.946649503698273165e-03,-2.077431954334851838e-02,-1.782767003965024522e-02
9.478673595755041648e-01,9.487821111119296713e-01,9.147515364255065506e-04,2.744254609276519652e-03,-2.023948944217535129e-02,-1.749523483289883163e-02
9.479330750168281083e-01,9.487821111119296713e-01,8.490360951015629709e-04,2.547108285304688913e-03,-1.971463239718307392e-02,-1.716752411187838501e-02
9.479970737057408225e-01,9.487821111119296713e-01,7.850374061888487631e-04,2.355112218566546289e-03,-1.919960667381426234e-02,-1.684449445524771605e-02
9.480593879452080541e-01,9.487821111119296713e-01,7.227231667216171829e-04,2.168169500164851549e-03,-1.869427184016947407e-02,-1.652610234000462253e-02
9.481200495744412926e-01,9.487821111119296713e-01,6.620615374883787041e-04,1.986184612465136112e-03,-1.819848876997154363e-02,-1.621230415750640752e-02
9.481790899732587263e-01,9.487821111119296713e-01,6.030211386709449783e-04,1.809063416012834935e-03,-1.771211964523011773e-02,-1.590305622921728279e-02
9.482365400664533039e-01,9.487821111119296713e-01,5.455710454763673667e-04,1.636713136429102100e-03,-1.723502795837328350e-02,-1.559831482194418140e-02
9.482924303281656808e-01,9.487821111119296713e-01,4.896807837639904903e-04,1.469042351291971471e-03,-1.676707851371306290e-02,-1.529803616242109143e-02
9.483467907862618285e-01,9.487821111119296713e-01,4.353203256678428446e-04,1.305960977003528534e-03,-1.630813742884429374e-02,-1.500217645184076520e-02
9.483996510267127533e-01,9.487821111119296713e-01,3.824600852169179888e-04,1.147380255650753966e-03,-1.585807213527745674e-02,-1.471069187962670277e-02
9.484510401979757699e-01,9.487821111119296713e-01,3.310709139539014245e-04,9.932127418617042736e-04,-1.541675137890496927e-02,-1.442353863704326500e-02
9.485009870153749967e-01,9.487821111119296713e-01,2.811240965546746295e-04,8.433722896640238886e-04,-1.498404521976803849e-02,-1.414067293010401460e-02
9.485495197654812971e-01,9.487821111119296713e-01,2.325913464483742032e-04,6.977740393451226097e-04,-1.455982503189012789e-02,-1.386205099254500528e-02
9.485966663104883345e-01,9.487821111119296713e-01,1.854448014413367929e-04,5.563344043240103787e-04,-1.414396350211122311e-02,-1.358762909778721273e-02
9.486424540925855187e-01,9.487821111119296713e-01,1.396570193441526442e-04,4.189710580324579325e-04,-1.373633462915524461e-02,-1.331736357112278668e-02
9.486869101383256231e-01,9.487821111119296713e-01,9.520097360404822240e-05,2.856029208121446672e-04,-1.333681372203132653e-02,-1.305121080121918187e-02
9.487300610629856301e-01,9.487821111119296713e-01,5.205004894404119398e-05,1.561501468321235819e-04,-1.294527739800210853e-02,-1.278912725116998494e-02
9.487719330749204705e-01,9.487821111119296713e-01,1.017803700920083543e-05,3.053411102760250628e-05,-1.256160358045210756e-02,-1.253106946942450506e-02
9.488125519799084362e-01,9.487821111119296713e-01,-3.044086797876488504e-05,-9.132260393629465511e-05,-1.218567149638971614e-02,-1.227699410032601079e-02
9.488519431854863795e-01,9.487821111119296713e-01,-6.983207355670817407e-05,-2.094962206701245222e-04,-1.181736167338298671e-02,-1.202685789405311123e-02
9.488901317052749196e-01,9.487821111119296713e-01,-1.080205933452482725e-04,-3.240617800357448175e-04,-1.145655593656202953e-02,-1.178061771659777435e-02
9.489271421632917702e-01,9.487821111119296713e-01,-1.450310513620989283e-04,-4.350931540862967850e-04,-1.110313740505519675e-02,-1.153823055914149354e-02
9.489629987982527437e-01,9.487821111119296713e-01,-1.808876863230723941e-04,-5.426630589692171824e-04,-1.075699048829203974e-02,-1.129965354726125693e-02
9.489977254678589880e-01,9.487821111119296713e-01,-2.156143559293166589e-04,-6.468430677879499768e-04,-1.041800088187327944e-02,-1.106484394966122942e-02
9.490313456530702352e-01,9.487821111119296713e-01,-2.492345411405638700e-04,-7.477036234216916100e-04,-1.008605556337416331e-02,-1.083375918679585492e-02
9.490638824623628400e-01,9.487821111119296713e-01,-2.817713504331686991e-04,-8.453140512995060973e-04,-9.761042787781448737e-03,-1.060635683908095483e-02
9.490953586359714977e-01,9.487821111119296713e-01,-3.132475240418264306e-04,-9.397425721254792919e-04,-9.442852082597319452e-03,-1.038259465472279874e-02
9.491257965501146421e-01,9.487821111119296713e-01,-3.436854381849707707e-04,-1.031056314554912312e-03,-9.131374242943302022e-03,-1.016243055749821433e-02
9.491552182212020794e-01,9.487821111119296713e-01,-3.731071092724080884e-04,-1.119321327817224265e-03,-8.826501326231195321e-03,-9.945822654048419587e-03
9.491836453100240822e-01,9.487821111119296713e-01,-4.015341980944109324e-04,-1.204602594283232797e-03,-8.528126646600853178e-03,-9.732729240884085975e-03
9.492110991259220532e-01,9.487821111119296713e-01,-4.289880139923818447e-04,-1.286964041977145534e-03,-8.236144769391273712e-03,-9.523108811368419246e-03
9.492376006309388714e-01,9.487821111119296713e-01,-4.554895190092000945e-04,-1.366468557027600284e-03,-7.950451505045474931e-03,-9.316920062073075215e-03
9.492631704439494778e-01,9.487821111119296713e-01,-4.810593320198064404e-04,-1.443177996059419321e-03,-7.670943903181903778e-03,-9.114121899241323099e-03
9.492878288447701429e-01,9.487821111119296713e-01,-5.057177328404716121e-04,-1.517153198521414836e-03,-7.397520246199551508e-03,-8.914673444720966344e-03
9.493115957782463088e-01,9.487821111119296713e-01,-5.294846663166374867e-04,-1.588453998949912460e-03,-7.130080042849762378e-03,-8.718534041799674839e-03
9.493344908583183361e-01,9.487821111119296713e-01,-5.523797463886648274e-04,-1.657139239165994482e-03,-6.868524021608202190e-03,-8.525663260774196672e-03
9.493565333720642707e-01,9.487821111119296713e-01,-5.744222601345994050e-04,-1.723266780403798215e-03,-6.612754123780373305e-03,-8.336020904184171521e-03
9.493777422837197388e-01,9.487821111119296713e-01,-5.956311717900675262e-04,-1.786893515370202579e-03,-6.362673496640436355e-03,-8.149567012010638933e-03
9.493981362386740841e-01,9.487821111119296713e-01,-6.160251267444127876e-04,-1.848075380233238363e-03,-6.118186486303578420e-03,-7.966261866536816783e-03
9.494177335674417462e-01,9.487821111119296713e-01,-6.356224555120748576e-04,-1.906867366536224573e-03,-5.879198630298620998e-03,-7.786065996834845571e-03
9.494365522896097698e-01,9.487821111119296713e-01,-6.544411776800984626e-04,-1.963323533040295388e-03,-5.645616650407081494e-03,-7.608940183447376882e-03
9.494546101177594455e-01,9.487821111119296713e-01,-6.724990058297741768e-04,-2.017497017489322531e-03,-5.417348444902714277e-03,-7.434845462392036808e-03
9.494719244613628595e-01,9.487821111119296713e-01,-6.898133494331881721e-04,-2.069440048299564516e-03,-5.194303081024198576e-03,-7.263743129323763092e-03
9.494885124306533530e-01,9.487821111119296713e-01,-7.064013187236817259e-04,-2.119203956171045178e-03,-4.976390787148066153e-03,-7.095594743319111330e-03
9.495043908404694477e-01,9.487821111119296713e-01,-7.222797285397764000e-04,-2.166839185619329200e-03,-4.763522944828402217e-03,-6.930362130447731417e-03
9.495195762140725693e-01,9.487821111119296713e-01,-7.374651021428979547e-04,-2.212395306428693864e-03,-4.555612080936466413e-03,-6.768007387365160277e-03
9.495340847869369050e-01,9.487821111119296713e-01,-7.519736750072336662e-04,-2.255921025021700999e-03,-4.352571859300713442e-03,-6.608492884322414440e-03
9.495479325105128376e-01,9.487821111119296713e-01,-7.658213985831663351e-04,-2.297464195749499005e-03,-4.154317072779800668e-03,-6.451781268529299673e-03
9.495611350559618469e-01,9.487821111119296713e-01,-7.790239440321755637e-04,-2.337071832096526691e-03,-3.960763634702768599e-03,-6.297835466799295290e-03
9.495737078178642099e-01,9.487821111119296713e-01,-7.915967059345385692e-04,-2.374790117803615708e-03,-3.771828570708901651e-03,-6.146618688512517359e-03
9.495856659178977255e-01,9.487821111119296713e-01,-8.035548059680541755e-04,-2.410664417904162526e-03,-3.587430010054681873e-03,-5.998094427958844399e-03
9.495970242084884605e-01,9.487821111119296713e-01,-8.149130965587891851e-04,-2.444739289676367555e-03,-3.407487177220502872e-03,-5.852226466896870427e-03
9.496077972764325192e-01,9.487821111119296713e-01,-8.256861645028479302e-04,-2.477058493508543791e-03,-3.231920383217623538e-03,-5.708978876726167329e-03
9.496179994464889473e-01,9.487821111119296713e-01,-8.358883345592760250e-04,-2.507665003677828075e-03,-3.060651016928428447e-03,-5.568316020606256522e-03
9.496276447849432145e-01,9.487821111119296713e-01,-8.455336730135432077e-04,-2.536601019040629623e-03,-2.893601536280154818e-03,-5.430202555320784441e-03
9.496367471031419427e-01,9.487821111119296713e-01,-8.546359912122714064e-04,-2.563907973636814219e-03,-2.730695459618459608e-03,-5.294603433255273828e-03
9.496453199609974360e-01,9.487821111119296713e-01,-8.632088490677647385e-04,-2.589626547203294216e-03,-2.571857356647999637e-03,-5.161483903851293853e-03
9.496533766704624568e-01,9.487821111119296713e-01,-8.712655585327855334e-04,-2.613796675598356600e-03,-2.417012839506238464e-03,-5.030809515104595064e-03
9.496609302989760248e-01,9.487821111119296713e-01,-8.788191870463535338e-04,-2.636457561139060601e-03,-2.266088554070400107e-03,-4.902546115209460709e-03
9.496679936728780191e-01,9.487821111119296713e-01,-8.858825609483478303e-04,-2.657647682845043491e-03,-2.119012170598288947e-03,-4.776659853443332437e-03
9.496745793807946923e-01,9.487821111119296713e-01,-8.924682688650209528e-04,-2.677404806595062858e-03,-1.975712375001936749e-03,-4.653117181596999608e-03
9.496806997769932090e-01,9.487821111119296713e-01,-8.985886650635377393e-04,-2.695765995190613218e-03,-1.836118859555035954e-03,-4.531884854745649172e-03
9.496863669847063205e-01,9.487821111119296713e-01,-9.042558727766492055e-04,-2.712767618329947616e-03,-1.700162313933439862e-03,-4.412929932263387478e-03
9.496915928994261735e-01,9.487821111119296713e-01,-9.094817874965022142e-04,-2.728445362489506643e-03,-1.567774415955902612e-03,-4.296219778445409254e-03
9.496963891921681444e-01,9.487821111119296713e-01,-9.142780802384731231e-04,-2.742834240715419369e-03,-1.438887822591272680e-03,-4.181722063306692050e-03
9.497007673127038085e-01,9.487821111119296713e-01,-9.186562007741372327e-04,-2.755968602322411698e-03,-1.313436160699232857e-03,-4.069404763021644555e-03
9.497047384927631564e-01,9.487821111119296713e-01,-9.226273808334850557e-04,-2.767882142500455167e-03,-1.191354017804346910e-03,-3.959236160304802077e-03
9.497083137492065008e-01,9.487821111119296713e-01,-9.262026372768294991e-04,-2.778607911830488497e-03,-1.072576933003333011e-03,-3.851184844833821508e-03
9.497115038871652981e-01,9.487821111119296713e-01,-9.293927752356268002e-04,-2.788178325706880401e-03,-9.570413876391903329e-04,-3.745219713346070733e-03
9.497143195031527707e-01,9.487821111119296713e-01,-9.322083912230993974e-04,-2.796625173669298192e-03,-8.446847962417791678e-04,-3.641309969911077360e-03
9.497167709881433328e-01,9.487821111119296713e-01,-9.346598762136615335e-04,-2.803979628640984600e-03,-7.354454971686408271e-04,-3.539425125809625428e-03
9.497188685306212630e-01,9.487821111119296713e-01,-9.367574186915916812e-04,-2.810272256074775044e-03,-6.292627433790443092e-04,-3.439534999453819353e-03
9.497206221195992892e-01,9.487821111119296713e-01,-9.385110076696179249e-04,-2.815533023008853775e-03,-5.260766934078731083e-04,-3.341609716416726883e-03
9.497220415476056443e-01,9.487821111119296713e-01,-9.399304356759730084e-04,-2.819791307027919025e-03,-4.258284019065250448e-04,-3.245619708934444070e-03
9.497231364136411447e-01,9.487821111119296713e-01,-9.410253017114733609e-04,-2.823075905134420083e-03,-3.284598106501057657e-04,-3.151535715784525848e-03
9.497239161261050722e-01,9.487821111119296713e-01,-9.418050141754008564e-04,-2.825415042526202569e-03,-2.339137391782486475e-04,-3.059328781704451217e-03
9.497243899056907468e-01,9.487821111119296713e-01,-9.422787937610754838e-04,-2.826836381283226451e-03,-1.421338757023882238e-04,-2.968970256985614675e-03
9.497245667882507902e-01,9.487821111119296713e-01,-9.424556763211189292e-04,-2.827367028963356788e-03,-5.306476801303361412e-05,-2.880431796976390402e-03
9.497244556276310812e-01,9.487821111119296713e-01,-9.423445157014098683e-04,-2.827033547104229605e-03,3.334818591271826449e-05,-2.793685361191511340e-03
9.497240650984752897e-01,9.487821111119296713e-01,-9.419539865456183492e-04,-2.825861959636855048e-03,1.171587467374557434e-04,-2.708703212899399304e-03
9.497234036989982142e-01,9.487821111119296713e-01,-9.412925870685429075e-04,-2.823877761205628723e-03,1.984198431226324999e-04,-2.625457918082996223e-03
9.497224797537292540e-01,9.487821111119296713e-01,-9.403686417995826829e-04,-2.821105925398748049e-03,2.771835806880673658e-04,-2.543922344710680683e-03
9.497213014162259048e-01,9.487821111119296713e-01,-9.391903042962335135e-04,-2.817570912888700541e-03,3.535012510047508272e-04,-2.464069661883949713e-03
9.497198766717563911e-01,9.487821111119296713e-01,-9.377655598267198300e-04,-2.813296679480159490e-03,4.274233408541050494e-04,-2.385873338626054441e-03
9.497182133399529880e-01,9.487821111119296713e-01,-9.361022280233166626e-04,-2.808306684069949988e-03,4.989995410209502325e-04,-2.309307143048999755e-03
9.497163190774352559e-01,9.487821111119296713e-01,-9.342079655055846032e-04,-2.802623896516753810e-03,5.682787553196178010e-04,-2.234345141197136009e-03
9.497142013804034111e-01,9.487821111119296713e-01,-9.320902684737397692e-04,-2.796270805421219308e-03,6.353091095534502131e-04,-2.160961695867769095e-03
9.497118675872019411e-01,9.487821111119296713e-01,-9.297564752722697889e-04,-2.789269425816809367e-03,7.001379604409940782e-04,-2.089131465375815289e-03
9.497093248808539112e-01,9.487821111119296713e-01,-9.272137689242399006e-04,-2.781641306772719702e-03,7.628119044089665124e-04,-2.018829402363753189e-03
9.497065802915657384e-01,9.487821111119296713e-01,-9.244691796360671177e-04,-2.773407538908201353e-03,8.233767864518348745e-04,-1.950030752456366478e-03
9.497036406992023228e-01,9.487821111119296713e-01,-9.215295872726514403e-04,-2.764588761817954321e-03,8.818777090247031936e-04,-1.882711052793251127e-03
9.497005128357335346e-01,9.487821111119296713e-01,-9.184017238038633124e-04,-2.755205171411589937e-03,9.383590406364383796e-04,-1.816846130775151558e-03
9.496972032876517256e-01,9.487821111119296713e-01,-9.150921757220542574e-04,-2.745276527166162772e-03,9.928644245427165060e-04,-1.752412102623446266e-03
9.496937184983595959e-01,9.487821111119296713e-01,-9.116073864299245599e-04,-2.734822159289773680e-03,1.045436787638909237e-03,-1.689385371650864442e-03
9.496900647705303067e-01,9.487821111119296713e-01,-9.079536586006353716e-04,-2.723860975801906115e-03,1.096118348786756513e-03,-1.627742627015149601e-03
9.496862482684383933e-01,9.487821111119296713e-01,-9.041371565087219508e-04,-2.712411469526165853e-03,1.144950627574026214e-03,-1.567460841952139639e-03
9.496822750202622565e-01,9.487821111119296713e-01,-9.001639083325851942e-04,-2.700491724997755583e-03,1.191974452841026988e-03,-1.508517272156728595e-03
9.496781509203588989e-01,9.487821111119296713e-01,-8.960398084292275911e-04,-2.688119425287682773e-03,1.237229971007280938e-03,-1.450889454280401836e-03
9.496738817315101278e-01,9.487821111119296713e-01,-8.917706195804564473e-04,-2.675311858741369342e-03,1.280756654631343139e-03,-1.394555204110026203e-03
9.496694730871408918e-01,9.487821111119296713e-01,-8.873619752112205106e-04,-2.662085925633661532e-03,1.322593310770781017e-03,-1.339492614862880515e-03
9.496649304935101954e-01,9.487821111119296713e-01,-8.828193815805240874e-04,-2.648458144741572262e-03,1.362778089208926957e-03,-1.285680055532645305e-03
9.496602593318739238e-01,9.487821111119296713e-01,-8.781482199442525172e-04,-2.634444659832757551e-03,1.401348490881471065e-03,-1.233096168951286487e-03
9.496554648606208016e-01,9.487821111119296713e-01,-8.733537486911302494e-04,-2.620061246073390748e-03,1.438341375936680322e-03,-1.181719870136710426e-03
9.496505522173807057e-01,9.487821111119296713e-01,-8.684411054510343675e-04,-2.605323316353103102e-03,1.473792972028764581e-03,-1.131530344324338522e-03
9.496455264211061120e-01,9.487821111119296713e-01,-8.634153091764407151e-04,-2.590245927529322145e-03,1.507738882378095724e-03,-1.082507045151226421e-03
9.496403923741270070e-01,9.487821111119296713e-01,-8.582812621973356926e-04,-2.574843786592007078e-03,1.540214093731506750e-03,-1.034629692860500327e-03
9.496351548641785989e-01,9.487821111119296713e-01,-8.530437522489275892e-04,-2.559131256746782768e-03,1.571252984522431007e-03,-9.878782722243517611e-04
9.496298185664030500e-01,9.487821111119296713e-01,-8.477074544733786965e-04,-2.543122363420136089e-03,1.600889332664667819e-03,-9.422330307554682705e-04
9.496243880453243413e-01,9.487821111119296713e-01,-8.422769333946700243e-04,-2.526830800184010073e-03,1.629156323612601653e-03,-8.976744765714084195e-04
9.496188677567980463e-01,7.425599053459220888e-01,-2.070589624108759574e-01,-6.211768872326278723e-01,0.000000000000000000e+00,-6.211768872326278723e-01
9.495512297795484224e-01,7.425599053459220888e-01,-2.069913244336263336e-01,-6.209739733008790008e-01,2.029139317488715122e-02,-6.006825801259918496e-01
9.494235235442862741e-01,7.425599053459220888e-01,-2.068636181983641853e-01,-6.205908545950925559e-01,3.831187057864449130e-02,-5.822789840164480646e-01
9.492375894106224177e-01,7.425599053459220888e-01,-2.066776840647003288e-01,-6.200330521941009865e-01,5.578024009915694137e-02,-5.642528120949440451e-01
9.489952299957490345e-01,7.425599053459220888e-01,-2.064353246498269456e-01,-6.193059739494808369e-01,7.270782446201495830e-02,-5.465981494874658786e-01
9.486982107659269747e-01,7.425599053459220888e-01,-2.061383054200048859e-01,-6.184149162600146576e-01,8.910576894661792480e-02,-5.293091473133967328e-01
9.483482606213735622e-01,7.425599053459220888e-01,-2.057883552754514733e-01,-6.173650658263544200e-01,1.049850433660237670e-01,-5.123800224603306530e-01
9.479470724745741039e-01,7.425599053459220888e-01,-2.053871671286520151e-01,-6.161615013859560452e-01,1.203564440398374735e-01,-4.958050573461185717e-01
9.474963038220400868e-01,7.425599053459220888e-01,-2.049363984761179980e-01,-6.148091954283539939e-01,1.352305957602051301e-01,-4.795785996681488639e-01
9.469975773095391514e-01,7.425599053459220888e-01,-2.044376719636170625e-01,-6.133130158908511875e-01,1.496179537502806411e-01,-4.636950621405705464e-01
9.464524812908242657e-01,7.425599053459220888e-01,-2.038925759449021768e-01,-6.116777278347065305e-01,1.635288056144656998e-01,-4.481489222202408307e-01
9.458625703798873019e-01,7.425599053459220888e-01,-2.033026650339652130e-01,-6.099079951018956391e-01,1.769732732810891385e-01,-4.329347218208065007e-01
9.452293659967682116e-01,7.425599053459220888e-01,-2.026694606508461227e-01,-6.080083819525383682e-01,1.899613149357270991e-01,-4.180470670168112690e-01
9.445543569069474454e-01,7.425599053459220888e-01,-2.019944515610253566e-01,-6.059833546830760698e-01,2.025027269462298385e-01,-4.034806277368462313e-01
9.438389997543530363e-01,7.425599053459220888e-01,-2.012790944084309475e-01,-6.038372832252928424e-01,2.146071457783227387e-01,-3.892301374469701036e-01
9.430847195880139866e-01,7.425599053459220888e-01,-2.005248142420918978e-01,-6.015744427262756933e-01,2.262840499017149121e-01,-3.752903928245607812e-01
9.422929103823923791e-01,7.425599053459220888e-01,-1.997330050364702902e-01,-5.991990151094108707e-01,2.375427616864822511e-01,-3.616562534229286197e-01
9.414649355514285167e-01,7.425599053459220888e-01,-1.989050302055064279e-01,-5.967150906165192836e-01,2.483924492891587121e-01,-3.483226413273605715e-01
9.406021284563319540e-01,7.425599053459220888e-01,-1.980422231104098651e-01,-5.941266693312295954e-01,2.588421285289688178e-01,-3.352845408022607776e-01
9.397057929071551685e-01,7.425599053459220888e-01,-1.971458875612330797e-01,-5.914376626836992390e-01,2.689006647530356453e-01,-3.225369979306635937e-01
9.387772036581852886e-01,7.425599053459220888e-01,-1.962172983122631997e-01,-5.886518949367895992e-01,2.785767746909639797e-01,-3.100751202458256195e-01
9.378176068971908474e-01,7.425599053459220888e-01,-1.952577015512687586e-01,-5.857731046538062758e-01,2.878790282983323401e-01,-2.978940763554739357e-01
9.368282207285608676e-01,7.425599053459220888e-01,-1.942683153826387787e-01,-5.828049461479163362e-01,2.968158505889939569e-01,-2.859890955589223793e-01
9.358102356503749109e-01,7.425599053459220888e-01,-1.932503303044528220e-01,-5.797509909133584660e-01,3.053955234557870213e-01,-2.743554674575714447e-01
9.347648150254432853e-01,7.425599053459220888e-01,-1.922049096795211964e-01,-5.766147290385635893e-01,3.136261874794876725e-01,-2.629885415590759168e-01
9.336930955463557114e-01,7.425599053459220888e-01,-1.911331902004336225e-01,-5.733995706013008675e-01,3.215158437262721769e-01,-2.518837268750286906e-01
9.325961876945806361e-01,7.425599053459220888e-01,-1.900362823486585473e-01,-5.701088470459756419e-01,3.290723555325225647e-01,-2.410364915134530772e-01
9.314751761936541641e-01,7.425599053459220888e-01,-1.889152708477320752e-01,-5.667458125431962257e-01,3.363034502779416179e-01,-2.304423622652546078e-01
9.303311204565012371e-01,7.425599053459220888e-01,-1.877712151105791483e-01,-5.633136453317374448e-01,3.432167211458780898e-01,-2.200969241858593550e-01
9.291650550269296982e-01,7.425599053459220888e-01,-1.866051496810076094e-01,-5.598154490430228281e-01,3.498196288714616742e-01,-2.099958201715611539e-01
9.279779900153409811e-01,7.425599053459220888e-01,-1.854180846694188922e-01,-5.562542540082566767e-01,3.561195034766151402e-01,-2.001347505316415365e-01
9.267709115286991706e-01,7.425599053459220888e-01,-1.842110061827770817e-01,-5.526330185483312452e-01,3.621235459925431499e-01,-1.905094725557880952e-01
9.255447820948017323e-01,7.425599053459220888e-01,-1.829848767488796435e-01,-5.489546302466389305e-01,3.678388301692314677e-01,-1.811158000774074628e-01
9.243005410808965427e-01,7.425599053459220888e-01,-1.817406357349744539e-01,-5.452219072049233617e-01,3.732723041715568790e-01,-1.719496030333664827e-01
9.230391051066880737e-01,7.425599053459220888e-01,-1.804791997607659848e-01,-5.414375992822979544e-01,3.784307922625407272e-01,-1.630068070197572272e-01
9.217613684517775852e-01,7.425599053459220888e-01,-1.792014631058554963e-01,-5.376043893175664889e-01,3.833209964731465469e-01,-1.542833928444199421e-01
9.204682034575826233e-01,7.425599053459220888e-01,-1.779082981116605344e-01,-5.337248943349816033e-01,3.879494982584885676e-01,-1.457753960764930357e-01
9.191604609237800094e-01,7.425599053459220888e-01,-1.766005555778579206e-01,-5.298016667335737617e-01,3.923227601407841547e-01,-1.374789065927896070e-01
9.178389704993181741e-01,7.425599053459220888e-01,-1.752790651533960853e-01,-5.258371954601882559e-01,3.964471273385505867e-01,-1.293900681216376691e-01
9.165045410680441318e-01,7.425599053459220888e-01,-1.739446357221220429e-01,-5.218339071663661288e-01,4.003288293822127031e-01,-1.215050777841534257e-01
9.151579611289917260e-01,7.425599053459220888e-01,-1.725980557830696371e-01,-5.177941673492089114e-01,4.039739817157217416e-01,-1.138201856334871698e-01
9.137999991713759984e-01,7.425599053459220888e-01,-1.712400938254539096e-01,-5.137202814763617287e-01,4.073885872847182732e-01,-1.063316941916434555e-01
9.124314040443410878e-01,7.425599053459220888e-01,-1.698714986984189990e-01,-5.096144960952569969e-01,4.105785381104731790e-01,-9.903595798478381784e-02
9.110529053215076223e-01,7.425599053459220888e-01,-1.684929999755855334e-01,-5.054789999267566003e-01,4.135496168500396585e-01,-9.192938307671694176e-02
9.096652136603665673e-01,7.425599053459220888e-01,-1.671053083144444784e-01,-5.013159249433334352e-01,4.163074983423165065e-01,-8.500842660101692871e-02
9.082690211565653815e-01,7.425599053459220888e-01,-1.657091158106432927e-01,-4.971273474319298780e-01,4.188577511403557274e-01,-7.826959629157415055e-02
9.068650016931349978e-01,7.425599053459220888e-01,-1.643050963472129089e-01,-4.929152890416387267e-01,4.212058390291151255e-01,-7.170945001252360118e-02
9.054538112847033693e-01,7.425599053459220888e-01,-1.628939059387812804e-01,-4.886817178163438413e-01,4.233571225294885387e-01,-6.532459528685530259e-02
9.040360884167430999e-01,7.425599053459220888e-01,-1.614761830708210111e-01,-4.844285492124630332e-01,4.253168603880808085e-01,-5.911168882438222472e-02
9.026124543799003419e-01,7.425599053459220888e-01,-1.600525490339782531e-01,-4.801576471019347592e-01,4.270902110528274065e-01,-5.306743604910735268e-02
9.011835135994527013e-01,7.425599053459220888e-01,-1.586236082535306124e-01,-4.758708247605918373e-01,4.286822341342921838e-01,-4.718859062629965351e-02
8.997498539599424472e-01,7.425599053459220888e-01,-1.571899486140203583e-01,-4.715698458420610750e-01,4.300978918530762307e-01,-4.147195398898484431e-02
8.983120471250333194e-01,7.425599053459220888e-01,-1.557521417791112306e-01,-4.672564253373336918e-01,4.313420504727383253e-01,-3.591437486459536643e-02
8.968706488526376752e-01,7.425599053459220888e-01,-1.543107435067155864e-01,-4.629322305201467591e-01,4.324194817186932660e-01,-3.051274880145349311e-02
8.954261993053619362e-01,7.425599053459220888e-01,-1.528662939594398473e-01,-4.585988818783195420e-01,4.333348641827217129e-01,-2.526401769559782906e-02
8.939792233563166324e-01,7.425599053459220888e-01,-1.514193180103945435e-01,-4.542579540311836306e-01,4.340927847135911399e-01,-2.016516931759249065e-02
8.925302308903395598e-01,7.425599053459220888e-01,-1.499703255444174710e-01,-4.499109766332524130e-01,4.346977397931217624e-01,-1.521323684013065058e-02
8.910797171006784589e-01,7.425599053459220888e-01,-1.485198117547563701e-01,-4.455594352642691103e-01,4.351541368983302682e-01,-1.040529836593884205e-02
8.896281627811807313e-01,7.425599053459220888e-01,-1.470682574352586425e-01,-4.412047723057759274e-01,4.354662958493182856e-01,-5.738476456457641817e-03
8.881760346140373796e-01,7.425599053459220888e-01,-1.456161292681152908e-01,-4.368483878043458724e-01,4.356384501430055067e-01,-1.209937661340365622e-03
8.867237854531279106e-01,7.425599053459220888e-01,-1.441638801072058218e-01,-4.324916403216174654e-01,4.356747482728406951e-01,3.183107951223229648e-03
8.852718546030136082e-01,7.425599053459220888e-01,-1.427119492570915193e-01,-4.281358477712745580e-01,4.355792550342907354e-01,7.443407263016177389e-03
8.838206680936255832e-01,7.425599053459220888e-01,-1.412607627477034944e-01,-4.237822882431104832e-01,4.353559528164074877e-01,1.157366457329700449e-02
8.823706389506948966e-01,7.425599053459220888e-01,-1.398107336047728078e-01,-4.194322008143184233e-01,4.350087428792059896e-01,1.557654206488756632e-02
8.809221674619706066e-01,7.425599053459220888e-01,-1.383622621160485178e-01,-4.150867863481455533e-01,4.345414466172869972e-01,1.945466026914144386e-02
8.794756414392732591e-01,7.425599053459220888e-01,-1.369157360933511702e-01,-4.107472082800535107e-01,4.339578068092042606e-01,2.321059852915074995e-02
8.780314364764288948e-01,7.425599053459220888e-01,-1.354715311305068060e-01,-4.064145933915204179e-01,4.332614888533092845e-01,2.684689546178886665e-02
8.765899162031306480e-01,7.425599053459220888e-01,-1.340300108572085591e-01,-4.020900325716256773e-01,4.324560819894740504e-01,3.036604941784837308e-02
8.751514325347742318e-01,7.425599053459220888e-01,-1.325915271888521429e-01,-3.977745815665564288e-01,4.315451005069248502e-01,3.377051894036842139e-02
8.737163259183118313e-01,7.425599053459220888e-01,-1.311564205723897425e-01,-3.934692617171692275e-01,4.305319849387201359e-01,3.706272322155090837e-02
8.722849255741715879e-01,7.425599053459220888e-01,-1.297250202282494991e-01,-3.891750606847484972e-01,4.294201032420730257e-01,4.024504255732452851e-02
8.708575497342870841e-01,7.425599053459220888e-01,-1.282976443883649953e-01,-3.848929331650949859e-01,4.282127519653511349e-01,4.331981880025614906e-02
8.694345058762825706e-01,7.425599053459220888e-01,-1.268746005303604818e-01,-3.806238015910814454e-01,4.269131574013540487e-01,4.628935581027260326e-02
8.680160909538591207e-01,7.425599053459220888e-01,-1.254561856079370319e-01,-3.763685568238110957e-01,4.255244767270349726e-01,4.915591990322387694e-02
8.666025916234260107e-01,7.425599053459220888e-01,-1.240426862775039218e-01,-3.721280588325117655e-01,4.240497991299330138e-01,5.192174029742124830e-02
8.651942844670226229e-01,7.425599053459220888e-01,-1.226343791211005341e-01,-3.679031373633016022e-01,4.224921469210163316e-01,5.458900955771472940e-02
8.637914362115749478e-01,7.425599053459220888e-01,-1.212315308656528590e-01,-3.636945925969585769e-01,4.208544766343025323e-01,5.715988403734395540e-02
8.623943039445310932e-01,7.425599053459220888e-01,-1.198343985986090043e-01,-3.595031957958270130e-01,4.191396801131563876e-01,5.963648431732937460e-02
8.610031353259188780e-01,7.425599053459220888e-01,-1.184432299799967891e-01,-3.553296899399903674e-01,4.173505855836645573e-01,6.202089564367418983e-02
8.596181687968710294e-01,7.425599053459220888e-01,-1.170582634509489406e-01,-3.511747903528468218e-01,4.154899587143545681e-01,6.431516836150774630e-02
8.582396337846593948e-01,7.425599053459220888e-01,-1.156797284387373059e-01,-3.470391853162119178e-01,4.135605036634903975e-01,6.652131834727847970e-02
8.568677509042824658e-01,7.425599053459220888e-01,-1.143078455583603770e-01,-3.429235366750811309e-01,4.115648641130786878e-01,6.864132743799755687e-02
8.555027321566494036e-01,7.425599053459220888e-01,-1.129428268107273148e-01,-3.388284804321819443e-01,4.095056242899186572e-01,7.067714385773671282e-02
8.541447811234020859e-01,7.425599053459220888e-01,-1.115848757774799971e-01,-3.347546273324399912e-01,4.073853099741953088e-01,7.263068264175531752e-02
8.527940931584189199e-01,7.425599053459220888e-01,-1.102341878124968311e-01,-3.307025634374904932e-01,4.052063894949498035e-01,7.450382605745931031e-02
8.514508555760414987e-01,7.425599053459220888e-01,-1.088909502301194099e-01,-3.266728506903582296e-01,4.029712747132263573e-01,7.629842402286812764e-02
8.501152478360664011e-01,7.425599053459220888e-01,-1.075553424901443123e-01,-3.226660274704329368e-01,4.006823219925292889e-01,7.801629452209635218e-02
8.487874417255434345e-01,7.425599053459220888e-01,-1.062275363796213457e-01,-3.186826091388640370e-01,3.983418331568899795e-01,7.965922401802594255e-02
8.474676015374222882e-01,7.425599053459220888e-01,-1.049076961915001993e-01,-3.147230885745005979e-01,3.959520564363439021e-01,8.122896786184330420e-02
8.461558842460873420e-01,7.425599053459220888e-01,-1.035959789001652531e-01,-3.107879367004957594e-01,3.935151874004838568e-01,8.272725069998809744e-02
8.448524396798223757e-01,7.425599053459220888e-01,-1.022925343339002868e-01,-3.068776030017008605e-01,3.910333698794898893e-01,8.415576687778902887e-02
8.435574106902452574e-01,7.425599053459220888e-01,-1.009975053443231685e-01,-3.029925160329695055e-01,3.885086968731354951e-01,8.551618084016598953e-02
8.422709333187521352e-01,7.425599053459220888e-01,-9.971102797283004637e-02,-2.991330839184901391e-01,3.859432114479366405e-01,8.681012752944650135e-02
8.409931369600119888e-01,7.425599053459220888e-01,-9.843323161408989996e-02,-2.952996948422696999e-01,3.833389076220439229e-01,8.803921277977422299e-02
8.397241445225497314e-01,7.425599053459220888e-01,-9.716423917662764254e-02,-2.914927175298829276e-01,3.806977312386772283e-01,8.920501370879430070e-02
8.384640725864583866e-01,7.425599053459220888e-01,-9.590416724053629771e-02,-2.877125017216088931e-01,3.780215808274034472e-01,9.030907910579455411e-02
8.372130315582776428e-01,7.425599053459220888e-01,-9.465312621235555390e-02,-2.839593786370666617e-01,3.753123084542231425e-01,9.135292981715648075e-02
8.359711258230786424e-01,7.425599053459220888e-01,-9.341122047715655352e-02,-2.802336614314696606e-01,3.725717205597001147e-01,9.233805912823045414e-02
8.347384538937924203e-01,7.425599053459220888e-01,-9.217854854787033148e-02,-2.765356456436109944e-01,3.698015787858666137e-01,9.326593314225561926e-02
8.335151085578204055e-01,7.425599053459220888e-01,-9.095520321189831670e-02,-2.728656096356949501e-01,3.670036007916044341e-01,9.413799115590948396e-02
8.323011770209639559e-01,7.425599053459220888e-01,-8.974127167504186708e-02,-2.692238150251256013e-01,3.641794610569348833e-01,9.495564603180928209e-02
8.310967410487106743e-01,7.425599053459220888e-01,-8.853683570278858550e-02,-2.656105071083657565e-01,3.613307916759844751e-01,9.572028456761871862e-02
8.299018771049142540e-01,7.425599053459220888e-01,-8.734197175899216514e-02,-2.620259152769764954e-01,3.584591831389261074e-01,9.643326786194961198e-02
8.287166564879039354e-01,7.425599053459220888e-01,-8.615675114198184659e-02,-2.584702534259455398e-01,3.555661851030955667e-01,9.709593167715002693e-02
8.275411454640614339e-01,7.425599053459220888e-01,-8.498124011813934509e-02,-2.549437203544180353e-01,3.526533071527504504e-01,9.770958679833241511e-02
8.263754053988987547e-01,7.425599053459220888e-01,-8.381550005297666583e-02,-2.514465001589299975e-01,3.497220195488037753e-01,9.827551938987377778e-02
8.252194928856749767e-01,7.425599053459220888e-01,-8.265958753975288786e-02,-2.479787626192586636e-01,3.467737539671333913e-01,9.879499134787472769e-02
8.240734598715859782e-01,7.425599053459220888e-01,-8.151355452566388937e-02,-2.445406635769916681e-01,3.438099042266995475e-01,9.926924064970787942e-02
8.229373537815619644e-01,7.425599053459220888e-01,-8.037744843563987551e-02,-2.411323453069196265e-01,3.408318270072041578e-01,9.969948170028453127e-02
8.218112176397079915e-01,7.425599053459220888e-01,-7.925131229378590270e-02,-2.377539368813577081e-01,3.378408425561918449e-01,1.000869056748341368e-01
8.206950901884215721e-01,7.425599053459220888e-01,-7.813518484249948326e-02,-2.344055545274984498e-01,3.348382353859258309e-01,1.004326808584273811e-01
8.195890060052209991e-01,7.425599053459220888e-01,-7.702910065929891026e-02,-2.310873019778967308e-01,3.318252549601719004e-01,1.007379529822751696e-01
8.184929956173185861e-01,7.425599053459220888e-01,-7.593309027139649725e-02,-2.277992708141894918e-01,3.288031163707239024e-01,1.010038455565344107e-01
8.174070856139717955e-01,7.425599053459220888e-01,-7.484718026804970670e-02,-2.245415408041491201e-01,3.257730010040371660e-01,1.012314601998880459e-01
8.163312987566450074e-01,7.425599053459220888e-01,-7.377139341072291856e-02,-2.213141802321687557e-01,3.227360571980364412e-01,1.014218769658676855e-01
8.152656540870147905e-01,7.425599053459220888e-01,-7.270574874109270169e-02,-2.181172462232781051e-01,3.196934008890650603e-01,1.015761546657869552e-01
8.142101670328512064e-01,7.425599053459220888e-01,-7.165026168692911757e-02,-2.149507850607873527e-01,3.166461162490752379e-01,1.016953311882878852e-01
8.131648495118064535e-01,7.425599053459220888e-01,-7.060494416588436462e-02,-2.118148324976530938e-01,3.135952563134258853e-01,1.017804238157727914e-01
8.121297100331432706e-01,7.425599053459220888e-01,-6.956980468722118172e-02,-2.087094140616635451e-01,3.105418435989548698e-01,1.018324295372913246e-01
8.111047537974338528e-01,7.425599053459220888e-01,-6.854484845151176398e-02,-2.056345453545352919e-01,3.074868707128253220e-01,1.018523253582900301e-01
8.100899827942602549e-01,7.425599053459220888e-01,-6.753007744833816606e-02,-2.025902323450144982e-01,3.044313009520793756e-01,1.018410686070648774e-01
8.090853958979473681e-01,7.425599053459220888e-01,-6.652549055202527928e-02,-1.995764716560758378e-01,3.013760688938660337e-01,1.017995972377901959e-01
8.080909889613582253e-01,7.425599053459220888e-01,-6.553108361543613647e-02,-1.965932508463084094e-01,2.983220809767428428e-01,1.017288301304344333e-01
8.071067549077821646e-01,7.425599053459220888e-01,-6.454684956186007572e-02,-1.936405486855802272e-01,2.952702160728182257e-01,1.016296673872379985e-01
8.061326838209448287e-01,7.425599053459220888e-01,-6.357277847502273982e-02,-1.907183354250682195e-01,2.922213260512007693e-01,1.015029906261325499e-01
8.051687630331700873e-01,7.425599053459220888e-01,-6.260885768724799849e-02,-1.878265730617439955e-01,2.891762363324223983e-01,1.013496632706784029e-01
8.042149772117224149e-01,7.425599053459220888e-01,-6.165507186580032606e-02,-1.849652155974009782e-01,2.861357464343017298e-01,1.011705308369007517e-01
8.032713084433583672e-01,7.425599053459220888e-01,-6.071140309743627839e-02,-1.821342092923088352e-01,2.831006305092143016e-01,1.009664212169054665e-01
8.023377363171160237e-01,7.425599053459220888e-01,-5.977783097119393485e-02,-1.793334929135818046e-01,2.800716378727030609e-01,1.007381449591212563e-01
8.014142380053695947e-01,7.425599053459220888e-01,-5.885433265944750580e-02,-1.765629979783425174e-01,2.770494935239287138e-01,1.004864955455861963e-01
8.005007883431777271e-01,7.425599053459220888e-01,-5.794088299725563829e-02,-1.738226489917669149e-01,2.740348986575602552e-01,1.002122496657933404e-01
7.995973599059524872e-01,7.425599053459220888e-01,-5.703745456003039838e-02,-1.711123636800911951e-01,2.710285311675719733e-01,9.991616748748077814e-02
7.987039230854759975e-01,7.425599053459220888e-01,-5.614401773955390862e-02,-1.684320532186617259e-01,2.680310461429469271e-01,9.959899292428520123e-02
7.978204461642919298e-01,7.425599053459220888e-01,-5.526054081836984100e-02,-1.657816224551095230e-01,2.650430763552202862e-01,9.926145390011076319e-02
7.969468953884978335e-01,7.425599053459220888e-01,-5.438699004257574465e-02,-1.631609701277272340e-01,2.620652327382289037e-01,9.890426261050166978e-02
7.960832350389648315e-01,7.425599053459220888e-01,-5.352332969304274268e-02,-1.605699890791282280e-01,2.590981048599005909e-01,9.852811578077236287e-02
7.952294275010098890e-01,7.425599053459220888e-01,-5.266952215508780011e-02,-1.580085664652634003e-01,2.561422613864827724e-01,9.813369492121937210e-02
7.943854333325470751e-01,7.425599053459220888e-01,-5.182552798662498628e-02,-1.554765839598749588e-01,2.531982505388441496e-01,9.772166657896919073e-02
7.935512113307421345e-01,7.425599053459220888e-01,-5.099130598482004562e-02,-1.529739179544601368e-01,2.502666005414821981e-01,9.729268258702206129e-02
7.927267185971959007e-01,7.425599053459220888e-01,-5.016681325127381186e-02,-1.505004397538214356e-01,2.473478200638701274e-01,9.684738031004869185e-02
7.919119106016806464e-01,7.425599053459220888e-01,-4.935200525575855757e-02,-1.480560157672756727e-01,2.444423986545762872e-01,9.638638288730061454e-02
7.911067412444541258e-01,7.425599053459220888e-01,-4.854683589853203696e-02,-1.456405076955961109e-01,2.415508071679561830e-01,9.591029947236007214e-02
7.903111629171748476e-01,7.425599053459220888e-01,-4.775125757125275872e-02,-1.432537727137582761e-01,2.386734981837834724e-01,9.541972547002519622e-02
7.895251265624425585e-01,7.425599053459220888e-01,-4.696522121652046966e-02,-1.408956636495614090e-01,2.358109064196867166e-01,9.491524277012530764e-02
7.887485817319873638e-01,7.425599053459220888e-01,-4.618867638606527493e-02,-1.385660291581958248e-01,2.329634491365584203e-01,9.439741997836259557e-02
7.879814766435299100e-01,7.425599053459220888e-01,-4.542157129760782119e-02,-1.362647138928234636e-01,2.301315265372361196e-01,9.386681264441265604e-02
7.872237582363369457e-01,7.425599053459220888e-01,-4.466385289041485684e-02,-1.339915586712445705e-01,2.273155221578893048e-01,9.332396348664473429e-02
7.864753722254926860e-01,7.425599053459220888e-01,-4.391546687957059714e-02,-1.317464006387117914e-01,2.245158032532779124e-01,9.276940261456612102e-02
7.857362631549098531e-01,7.425599053459220888e-01,-4.317635780898776421e-02,-1.295290734269632926e-01,2.217327211748498783e-01,9.220364774788658568e-02
7.850063744491018181e-01,7.425599053459220888e-01,-4.244646910317972921e-02,-1.273394073095391876e-01,2.189666117424104996e-01,9.162720443287131200e-02
7.842856484637370507e-01,7.425599053459220888e-01,-4.172574311781496181e-02,-1.251772293534448854e-01,2.162177956094302189e-01,9.104056625598533348e-02
7.835740265349978584e-01,7.425599053459220888e-01,-4.101412118907576954e-02,-1.230423635672273086e-01,2.134865786217576833e-01,9.044421505453037469e-02
7.828714490277641769e-01,7.425599053459220888e-01,-4.031154368184208803e-02,-1.209346310455262641e-01,2.107732521701044526e-01,8.983862112457818849e-02
7.821778553826429503e-01,7.425599053459220888e-01,-3.961795003672086146e-02,-1.188538501101625844e-01,2.080780935363679696e-01,8.922424342620538518e-02
7.814931841618643071e-01,7.425599053459220888e-01,-3.893327881594221829e-02,-1.167998364478266549e-01,2.054013662335929524e-01,8.860152978576629756e-02
7.808173730940642931e-01,7.425599053459220888e-01,-3.825746774814220430e-02,-1.147724032444266129e-01,2.027433203400041961e-01,8.797091709557758321e-02
7.801503591179738129e-01,7.425599053459220888e-01,-3.759045377205172400e-02,-1.127713613161551720e-01,2.001041928271440895e-01,8.733283151098891750e-02
7.794920784250344292e-01,7.425599053459220888e-01,-3.693217307911234037e-02,-1.107965192373370211e-01,1.974842078818150881e-01,8.668768864447806699e-02
7.788424665009594516e-01,7.425599053459220888e-01,-3.628256115503736279e-02,-1.088476834651120884e-01,1.948835772224932761e-01,8.603589375738118772e-02
7.782014581662601849e-01,7.425599053459220888e-01,-3.564155282033809602e-02,-1.069246584610142881e-01,1.923025004097800306e-01,8.537784194876574251e-02
7.775689876157558800e-01,7.425599053459220888e-01,-3.500908226983379112e-02,-1.050272468095013734e-01,1.897411651512914688e-01,8.471391834179009539e-02
7.769449884570857057e-01,7.425599053459220888e-01,-3.438508311116361682e-02,-1.031552493334908505e-01,1.871997476010522909e-01,8.404449826756144049e-02
7.763293937482422802e-01,7.425599053459220888e-01,-3.376948840232019133e-02,-1.013084652069605740e-01,1.846784126530276460e-01,8.336994744606707197e-02
7.757221360341435279e-01,7.425599053459220888e-01,-3.316223068822143905e-02,-9.948669206466431714e-02,1.821773142296256864e-01,8.269062216496136930e-02
7.751231473822611795e-01,7.425599053459220888e-01,-3.256324203633909065e-02,-9.768972610901727194e-02,1.796965955647045199e-01,8.200686945568724795e-02
7.745323594173244564e-01,7.425599053459220888e-01,-3.197245407140236750e-02,-9.591736221420710251e-02,1.772363894810169427e-01,8.131902726680984017e-02
7.739497033551143712e-01,7.425599053459220888e-01,-3.138979800919228236e-02,-9.416939402757684707e-02,1.747968186630255438e-01,8.062742463544869675e-02
7.733751100353678520e-01,7.425599053459220888e-01,-3.081520468944576319e-02,-9.244561406833728956e-02,1.723779959239557513e-01,7.993238185561846176e-02
7.728085099538068992e-01,7.425599053459220888e-01,-3.024860460788481031e-02,-9.074581382365443094e-02,1.699800244682858619e-01,7.923421064463143093e-02
7.722498332933104281e-01,7.425599053459220888e-01,-2.968992794738833929e-02,-8.906978384216501787e-02,1.676029981489413068e-01,7.853321430677628889e-02
7.716990099542446746e-01,7.425599053459220888e-01,-2.913910460832258575e-02,-8.741731382496775726e-02,1.652470017197260610e-01,7.782968789475830373e-02
7.711559695839683704e-01,7.425599053459220888e-01,-2.859606423804628150e-02,-8.578819271413884451e-02,1.629121110828912755e-01,7.712391836875243101e-02
7.706206416055288999e-01,7.425599053459220888e-01,-2.806073625960681106e-02,-8.418220877882043318e-02,1.605983935318411326e-01,7.641618475302069946e-02
7.700929552455647586e-01,7.425599053459220888e-01,-2.753304989964266980e-02,-8.259914969892800940e-02,1.583059079892423782e-01,7.570675829031436876e-02
7.695728395614296335e-01,7.425599053459220888e-01,-2.701293421550754470e-02,-8.103880264652263410e-02,1.560347052405375301e-01,7.499590259401489600e-02
7.690602234675538718e-01,7.425599053459220888e-01,-2.650031812163178291e-02,-7.950095436489534872e-02,1.537848281627285374e-01,7.428387379783318867e-02
7.685550357610579919e-01,7.425599053459220888e-01,-2.599513041513590306e-02,-7.798539124540770917e-02,1.515563119487639554e-01,7.357092070335624623e-02
7.680572051466324490e-01,7.425599053459220888e-01,-2.549729980071036017e-02,-7.649189940213108052e-02,1.493491843276628650e-01,7.285728492553178448e-02
7.675666602606994182e-01,7.425599053459220888e-01,-2.500675491477732937e-02,-7.502026474433198810e-02,1.471634657799092416e-01,7.214320103557725350e-02
7.670833296948699198e-01,7.425599053459220888e-01,-2.452342434894783096e-02,-7.357027304684349289e-02,1.449991697488495213e-01,7.142889670200602836e-02
7.666071420187106078e-01,7.425599053459220888e-01,-2.404723667278851895e-02,-7.214171001836555686e-02,1.428563028477936037e-01,7.071459282942804681e-02
7.661380258018343214e-01,7.425599053459220888e-01,-2.357812045591223260e-02,-7.073436136773669780e-02,1.407348650628859055e-01,7.000050369514920767e-02
7.656759096353275007e-01,7.425599053459220888e-01,-2.311600428940541185e-02,-6.934801286821623556e-02,1.386348499520462241e-01,6.928683708382998852e-02
7.652207221525290093e-01,7.425599053459220888e-01,-2.266081680660692044e-02,-6.798245041982076131e-02,1.365562448395474249e-01,6.857379441972666356e-02
7.647723920491725780e-01,7.425599053459220888e-01,-2.221248670325048913e-02,-6.663746010975146739e-02,1.344990310069293926e-01,6.786157089717792523e-02
7.643308481029058576e-01,7.425599053459220888e-01,-2.177094275698376880e-02,-6.531282827095130639e-02,1.324631838800160999e-01,6.715035560906479351e-02
7.638960191921999598e-01,7.425599053459220888e-01,-2.133611384627787100e-02,-6.400834153883361299e-02,1.304486732117693393e-01,6.644033167293572628e-02
7.634678343146613644e-01,7.425599053459220888e-01,-2.090792896873927553e-02,-6.272378690621782660e-02,1.284554632615786396e-01,6.573167635536081299e-02
7.630462226047582952e-01,7.425599053459220888e-01,-2.048631725883620636e-02,-6.145895177650861907e-02,1.264835129709207528e-01,6.502456119441213378e-02
7.626311133509746654e-01,7.425599053459220888e-01,-2.007120800505257652e-02,-6.021362401515772955e-02,1.245327761350889517e-01,6.431915211993122217e-02
7.622224360124031373e-01,7.425599053459220888e-01,-1.966253066648104841e-02,-5.898759199944314524e-02,1.226032015714584311e-01,6.361560957201528588e-02
7.618201202347887335e-01,7.425599053459220888e-01,-1.926021488886664468e-02,-5.778064466659993403e-02,1.206947332843211207e-01,6.291408861772118666e-02
7.614240958660360992e-01,7.425599053459220888e-01,-1.886419052011401032e-02,-5.659257156034203096e-02,1.188073106257903078e-01,6.221473906544827681e-02
7.610342929711900739e-01,7.425599053459220888e-01,-1.847438762526798506e-02,-5.542316287580395517e-02,1.169408684538075782e-01,6.151770557800362305e-02
7.606506418469017872e-01,7.425599053459220888e-01,-1.809073650097969832e-02,-5.427220950293909496e-02,1.150953372864860214e-01,6.082312778354692639e-02
7.602730730353919331e-01,7.425599053459220888e-01,-1.771316768946984421e-02,-5.313950306840953264e-02,1.132706434529562323e-01,6.013114038454669963e-02
7.599015173379204402e-01,7.425599053459220888e-01,-1.734161199199835135e-02,-5.202483597599505405e-02,1.114667092414478589e-01,5.944187326545280481e-02
7.595359058277755260e-01,7.425599053459220888e-01,-1.697600048185343713e-02,-5.092800144556031139e-02,1.096834530434742661e-01,5.875545159791395466e-02
7.591761698627904620e-01,7.425599053459220888e-01,-1.661626451686837314e-02,-4.984879355060511941e-02,1.079207894955191982e-01,5.807199594491407879e-02
7.588222410973998189e-01,7.425599053459220888e-01,-1.626233575147773003e-02,-4.878700725443319008e-02,1.061786296171929322e-01,5.739162236275974216e-02
7.584740514942455158e-01,7.425599053459220888e-01,-1.591414614832342700e-02,-4.774243844497028100e-02,1.044568809462909087e-01,5.671444250132062770e-02
7.581315333353413344e-01,7.425599053459220888e-01,-1.557162798941924553e-02,-4.671488396825773659e-02,1.027554476712544407e-01,5.604056370299670409e-02
7.577946192328074426e-01,7.425599053459220888e-01,-1.523471388688535377e-02,-4.570414166065606132e-02,1.010742307601675272e-01,5.537008909951146585e-02
7.574632421391834791e-01,7.425599053459220888e-01,-1.490333679326139027e-02,-4.471001037978417081e-02,9.941312808718905103e-02,5.470311770740488022e-02
7.571373353573302989e-01,7.425599053459220888e-01,-1.457743001140821004e-02,-4.373229003422463013e-02,9.777203455595406822e-02,5.403974452172943810e-02
7.568168325499292637e-01,7.425599053459220888e-01,-1.425692720400717484e-02,-4.277078161202152451e-02,9.615084222031056171e-02,5.338006060828903721e-02
7.565016677485890684e-01,7.425599053459220888e-01,-1.394176240266697953e-02,-4.182528720800093858e-02,9.454944040205859324e-02,5.272415319405765466e-02
7.561917753625682082e-01,7.425599053459220888e-01,-1.363187001664611930e-02,-4.089561004993835791e-02,9.296771580625806664e-02,5.207210575631970872e-02
7.558870901871229675e-01,7.425599053459220888e-01,-1.332718484120087865e-02,-3.998155452360263595e-02,9.140555263357219573e-02,5.142399810996955978e-02
7.555875474114888135e-01,7.425599053459220888e-01,-1.302764206556672466e-02,-3.908292619670017398e-02,8.986283269024619713e-02,5.077990649354602315e-02
7.552930826265039643e-01,7.425599053459220888e-01,-1.273317728058187548e-02,-3.819953184174562644e-02,8.833943549545475449e-02,5.013990365370912805e-02
7.550036318318844586e-01,7.425599053459220888e-01,-1.244372648596236974e-02,-3.733117945788710923e-02,8.683523838585172072e-02,4.950405892796461149e-02
7.547191314431578313e-01,7.425599053459220888e-01,-1.215922609723574244e-02,-3.647767829170722731e-02,8.535011661798819205e-02,4.887243832628096474e-02
7.544395182982638337e-01,7.425599053459220888e-01,-1.187961295234174486e-02,-3.563883885702523457e-02,8.388394346819927350e-02,4.824510461117403892e-02
7.541647296638308573e-01,7.425599053459220888e-01,-1.160482431790876845e-02,-3.481447295372630535e-02,8.243659032989292257e-02,4.762211737616661722e-02
7.538947032411354998e-01,7.425599053459220888e-01,-1.133479789521341097e-02,-3.400439368564023290e-02,8.100792680860724460e-02,4.700353312296701169e-02
7.536293771717524903e-01,7.425599053459220888e-01,-1.106947182583040146e-02,-3.320841547749120437e-02,7.959782081490285321e-02,4.638940533741164884e-02
7.533686900429031885e-01,7.425599053459220888e-01,-1.080878469698109967e-02,-3.242635409094329901e-02,7.820613865479053572e-02,4.577978456384723671e-02
7.531125808925103193e-01,7.425599053459220888e-01,-1.055267554658823048e-02,-3.165802663976469145e-02,7.683274511786075678e-02,4.517471847809606533e-02
7.528609892139652704e-01,7.425599053459220888e-01,-1.030108386804318155e-02,-3.090325160412954464e-02,7.547750356351468071e-02,4.457425195938513607e-02
7.526138549606161687e-01,7.425599053459220888e-01,-1.005394961469407988e-02,-3.016184884408223965e-02,7.414027600473049873e-02,4.397842716064825908e-02
7.523711185499830645e-01,7.425599053459220888e-01,-9.811213204060975634e-03,-2.943363961218292690e-02,7.282092318993127478e-02,4.338728357774834787e-02
7.521327208677077714e-01,7.425599053459220888e-01,-9.572815521785682513e-03,-2.871844656535704754e-02,7.151930468258793638e-02,4.280085811723088884e-02
7.518986032712442480e-01,7.425599053459220888e-01,-9.338697925322159143e-03,-2.801609377596647743e-02,7.023527893905701092e-02,4.221918516309053349e-02
7.516687075932969586e-01,7.425599053459220888e-01,-9.108802247374869765e-03,-2.732640674212460929e-02,6.896870338418681357e-02,4.164229664206220427e-02
7.514429761450138745e-01,7.425599053459220888e-01,-8.883070799091785652e-03,-2.664921239727535696e-02,6.771943448492523387e-02,4.107022208764987692e-02
7.512213517189395562e-01,7.425599053459220888e-01,-8.661446373017467337e-03,-2.598433911905240201e-02,6.648732782229549443e-02,4.050298870324309242e-02
7.510037775917356440e-01,7.425599053459220888e-01,-8.443872245813555111e-03,-2.533161673744066533e-02,6.527223816117366795e-02,3.994062142373300262e-02
7.507901975266740857e-01,7.425599053459220888e-01,-8.230292180751996867e-03,-2.469087654225599060e-02,6.407401951846747323e-02,3.938314297621148263e-02
7.505805557759100965e-01,7.425599053459220888e-01,-8.020650429988007701e-03,-2.406195128996402310e-02,6.289252522919674959e-02,3.883057393923272649e-02
7.503747970825400682e-01,7.425599053459220888e-01,-7.814891736617979312e-03,-2.344467520985393794e-02,6.172760801100851680e-02,3.828293280115457886e-02
7.501728666824500902e-01,7.425599053459220888e-01,-7.612961336528001333e-03,-2.283888400958400400e-02,6.057912002699339382e-02,3.774023601740938982e-02
7.499747103059618558e-01,7.425599053459220888e-01,-7.414804960039766968e-03,-2.224441488011930090e-02,5.944691294647030944e-02,3.720249806635100853e-02
7.497802741792802816e-01,7.425599053459220888e-01,-7.220368833358192795e-03,-2.166110650007457838e-02,5.833083800447225187e-02,3.666973150439767348e-02
7.495895050257491699e-01,7.425599053459220888e-01,-7.029599679827081005e-03,-2.108879903948124301e-02,5.723074605933353709e-02,3.614194701985229408e-02
7.494023500669200200e-01,7.425599053459220888e-01,-6.842444720997931107e-03,-2.052733416299379332e-02,5.614648764874496933e-02,3.561915348575117601e-02
7.492187570234394300e-01,7.425599053459220888e-01,-6.658851677517341194e-03,-1.997655503255202358e-02,5.507791304417697376e-02,3.510135801162495017e-02
7.490386741157600836e-01,7.425599053459220888e-01,-6.478768769837994768e-03,-1.943630630951398430e-02,5.402487230380392802e-02,3.458856599428994372e-02
7.488620500646800959e-01,7.425599053459220888e-01,-6.302144718758007080e-03,-1.890643415627402124e-02,5.298721532399630618e-02,3.408078116772228494e-02
7.486888340917169371e-01,7.425599053459220888e-01,-6.128928745794848254e-03,-1.838678623738454476e-02,5.196479188894764789e-02,3.357800565156310313e-02
7.485189759193189296e-01,7.425599053459220888e-01,-5.959070573396840764e-03,-1.787721172019052229e-02,5.095745171940224694e-02,3.308023999921172464e-02
7.483524257709207594e-01,7.425599053459220888e-01,-5.792520424998670592e-03,-1.737756127499601178e-02,4.996504451945105174e-02,3.258748324445503997e-02
7.481891343708471087e-01,7.425599053459220888e-01,-5.629229024925019864e-03,-1.688768707477505959e-02,4.898742002209521829e-02,3.209973294732015869e-02
7.480290529440681846e-01,7.425599053459220888e-01,-5.469147598146095746e-03,-1.640744279443828724e-02,4.802442803367723556e-02,3.161698523923894832e-02
7.478721332158131396e-01,7.425599053459220888e-01,-5.312227869891050780e-03,-1.593668360967315234e-02,4.707591847651348971e-02,3.113923486684033737e-02
7.477183274110448252e-01,7.425599053459220888e-01,-5.158422065122736377e-03,-1.547526619536820913e-02,4.614174143049432075e-02,3.066647523512611162e-02
7.475675882537999861e-01,7.425599053459220888e-01,-5.007682907877897271e-03,-1.502304872363369181e-02,4.522174717345173178e-02,3.019869844981803997e-02
7.474198689664001138e-01,7.425599053459220888e-01,-4.859963620478024993e-03,-1.457989086143407498e-02,4.431578621996168366e-02,2.973589535852760868e-02
7.472751232685361789e-01,7.425599053459220888e-01,-4.715217922614090007e-03,-1.414565376784227002e-02,4.342370935918049568e-02,2.927805559133822566e-02
7.471333053762313492e-01,7.425599053459220888e-01,-4.573400030309260345e-03,-1.372020009092778103e-02,4.254536769144889874e-02,2.882516760052111771e-02
7.469943700006865805e-01,7.425599053459220888e-01,-4.434464654764491698e-03,-1.330339396429347509e-02,4.168061266343059401e-02,2.837721869913711892e-02
7.468582723470117424e-01,7.425599053459220888e-01,-4.298367001089653527e-03,-1.289510100326896058e-02,4.082929610245145113e-02,2.793419509918249055e-02
7.467249681128468319e-01,7.425599053459220888e-01,-4.165062766924743087e-03,-1.249518830077422926e-02,3.999127024947313203e-02,2.749608194869890276e-02
7.465944134868767179e-01,7.425599053459220888e-01,-4.034508140954629063e-03,-1.210352442286388719e-02,3.916638779103420731e-02,2.706286336817032012e-02
7.464665651472434105e-01,7.425599053459220888e-01,-3.906659801321321623e-03,-1.171997940396396487e-02,3.835450188999223187e-02,2.663452248602826700e-02
7.463413802598587443e-01,7.425599053459220888e-01,-3.781474913936655469e-03,-1.134442474180996641e-02,3.755546621539984642e-02,2.621104147358988001e-02
7.462188164766214715e-01,7.425599053459220888e-01,-3.658911130699382674e-03,-1.097673339209814802e-02,3.676913497118183827e-02,2.579240157908369024e-02
7.460988319335420949e-01,7.425599053459220888e-01,-3.538926587620006003e-03,-1.061677976286001801e-02,3.599536292381300129e-02,2.537858316095298328e-02
7.459813852487787722e-01,7.425599053459220888e-01,-3.421479902856683353e-03,-1.026443970857005006e-02,3.523400542899679522e-02,2.496956572042674516e-02
7.458664355205875118e-01,7.425599053459220888e-01,-3.306530174665422983e-03,-9.919590523996268949e-03,3.448491845737811090e-02,2.456532793338184195e-02
7.457539423251895450e-01,7.425599053459220888e-01,-3.194036979267456111e-03,-9.582110937802368333e-03,3.374795861939006159e-02,2.416584768158769325e-02
7.456438657145597615e-01,7.425599053459220888e-01,-3.083960368637672644e-03,-9.251881105913017933e-03,3.302298318893504003e-02,2.377110208302202210e-02
7.455361662141383183e-01,7.425599053459220888e-01,-2.976260868216229483e-03,-8.928782604648688448e-03,3.230985012643294851e-02,2.338106752178426007e-02
7.454308048204689729e-01,7.425599053459220888e-01,-2.870899474546884100e-03,-8.612698423640652301e-03,3.160841810080361469e-02,2.299571967716296239e-02
7.453277429987673619e-01,7.425599053459220888e-01,-2.767837652845273055e-03,-8.303512958535819166e-03,3.091854651048331348e-02,2.261503355194749432e-02
7.452269426804210006e-01,7.425599053459220888e-01,-2.667037334498911783e-03,-8.001112003496735348e-03,3.024009550390838186e-02,2.223898350041164651e-02
7.451283662604246683e-01,7.425599053459220888e-01,-2.568460914502579406e-03,-7.705382743507738219e-03,2.957292599889971285e-02,2.186754325539197463e-02
7.450319765947538420e-01,7.425599053459220888e-01,-2.472071248831753110e-03,-7.416213746495259329e-03,2.891689970124788900e-02,2.150068595475262967e-02
7.449377369976785124e-01,7.425599053459220888e-01,-2.377831651756423526e-03,-7.133494955269270577e-03,2.827187912259887526e-02,2.113838416732960468e-02
7.448456112390199335e-01,7.425599053459220888e-01,-2.285705893097844665e-03,-6.857117679293533996e-03,2.763772759757365804e-02,2.078060991828012405e-02
7.447555635413531938e-01,7.425599053459220888e-01,-2.195658195431104964e-03,-6.586974586293314893e-03,2.701430930002191033e-02,2.042733471372859544e-02
7.446675585771578287e-01,7.425599053459220888e-01,-2.107653231235739888e-03,-6.322959693707219664e-03,2.640148925860952289e-02,2.007852956490230323e-02
7.445815614659189174e-01,7.425599053459220888e-01,-2.021656119996828593e-03,-6.064968359990485780e-03,2.579913337167338838e-02,1.973416501168290260e-02
7.444975377711812170e-01,7.425599053459220888e-01,-1.937632425259128155e-03,-5.812897275777384465e-03,2.520710842131013152e-02,1.939421114553274705e-02
7.444154534975579995e-01,7.425599053459220888e-01,-1.855548151635910692e-03,-5.566644454907732076e-03,2.462528208696523890e-02,1.905863763205750683e-02
7.443352750876980339e-01,7.425599053459220888e-01,-1.775369741775945087e-03,-5.326109225327835262e-03,2.405352295798968143e-02,1.872741373266184617e-02
7.442569694192113783e-01,7.425599053459220888e-01,-1.697064073289289432e-03,-5.091192219867868296e-03,2.349170054599669655e-02,1.840050832612882825e-02
7.441805038015573137e-01,7.425599053459220888e-01,-1.620598455635224866e-03,-4.861795366905674598e-03,2.293968529621936980e-02,1.807788992931369521e-02
7.441058459728961960e-01,7.425599053459220888e-01,-1.545940626974107168e-03,-4.637821880922321505e-03,2.239734859833530933e-02,1.775952671741298783e-02
7.440329640969067793e-01,7.425599053459220888e-01,-1.473058750984690413e-03,-4.419176252954071238e-03,2.186456279682502668e-02,1.744538654387095544e-02
7.439618267595717871e-01,7.425599053459220888e-01,-1.401921413649698245e-03,-4.205764240949094734e-03,2.134120120049765035e-02,1.713543695954855561e-02
7.438924029659327308e-01,7.425599053459220888e-01,-1.332497620010641981e-03,-3.997492860031925943e-03,2.082713809171687913e-02,1.682964523168495319e-02
7.438246621368168610e-01,7.425599053459220888e-01,-1.264756790894772109e-03,-3.794270372684316328e-03,2.032224873476096150e-02,1.652797836207664517e-02
7.437585741055371402e-01,7.425599053459220888e-01,-1.198668759615051371e-03,-3.596006278845154114e-03,1.982640938391622143e-02,1.623040310507106732e-02
7.436941091145679028e-01,7.425599053459220888e-01,-1.134203768645813959e-03,-3.402611305937441877e-03,1.933949729077122370e-02,1.593688598483378183e-02
7.436312378121971989e-01,7.425599053459220888e-01,-1.071332466275110029e-03,-3.213997398825330087e-03,1.886139071121117894e-02,1.564739331238584885e-02
7.435699312491577118e-01,7.425599053459220888e-01,-1.010025903235622913e-03,-3.030077709706868738e-03,1.839196891184613492e-02,1.536189120213926618e-02
7.435101608752384683e-01,7.425599053459220888e-01,-9.502555293163794659e-04,-2.850766587949138398e-03,1.793111217577303407e-02,1.508034558782389567e-02
7.434518985358780085e-01,7.425599053459220888e-01,-8.919931899559196964e-04,-2.675979569867759089e-03,1.747870180813793084e-02,1.480272223827017175e-02
7.433951164687413460e-01,7.425599053459220888e-01,-8.352111228192571346e-04,-2.505633368457771404e-03,1.703462014099876853e-02,1.452898677254099713e-02
7.433397873002819400e-01,7.425599053459220888e-01,-7.798819543598511927e-04,-2.339645863079553578e-03,1.659875053782178256e-02,1.425910467474222898e-02
7.432858840422900126e-01,7.425599053459220888e-01,-7.259786963679237815e-04,-2.177936089103771344e-03,1.617097739757822339e-02,1.399304130847445204e-02
7.432333800884289854e-01,7.425599053459220888e-01,-6.734747425068965399e-04,-2.020424227520689620e-03,1.575118615830817248e-02,1.373076193078748286e-02
7.431822492107610367e-01,7.425599053459220888e-01,-6.223438648389478800e-04,-1.867031594516843640e-03,1.533926330038459795e-02,1.347223170586775431e-02
7.431324655562636661e-01,7.425599053459220888e-01,-5.725602103415772248e-04,-1.717680631024731674e-03,1.493509634921119655e-02,1.321741571818646488e-02
7.430840036433380424e-01,7.425599053459220888e-01,-5.240982974159535956e-04,-1.572294892247860787e-03,1.453857387768708875e-02,1.296627898543922797e-02
7.430368383583110248e-01,7.425599053459220888e-01,-4.769330123889359285e-04,-1.430799037166807786e-03,1.414958550810530014e-02,1.271878647093849235e-02
7.429909449519310760e-01,7.425599053459220888e-01,-4.310396060089871639e-04,-1.293118818026961492e-03,1.376802191398462938e-02,1.247490309595766789e-02
7.429462990358607355e-01,7.425599053459220888e-01,-3.863936899386466450e-04,-1.159181069815939935e-03,1.339377482110215567e-02,1.223459375128621573e-02
7.429028765791655387e-01,7.425599053459220888e-01,-3.429712332434498023e-04,-1.028913699730349407e-03,1.302673700855905281e-02,1.199782330882870340e-02
7.428606539048011603e-01,7.425599053459220888e-01,-3.007485588790714814e-04,-9.022456766372144443e-04,1.266680230931349627e-02,1.176455663267628182e-02
7.428196076861001140e-01,7.425599053459220888e-01,-2.597023401780251817e-04,-7.791070205340755450e-04,1.231386561031388993e-02,1.153475858977981439e-02
7.427797149432580071e-01,7.425599053459220888e-01,-2.198095973359182054e-04,-6.594287920077546161e-04,1.196782285263209289e-02,1.130839406062433827e-02
7.427409530398220161e-01,7.425599053459220888e-01,-1.810476938999272534e-04,-5.431430816997817601e-04,1.162857103079728560e-02,1.108542794909750384e-02
7.427032996791809172e-01,7.425599053459220888e-01,-1.433943332588283326e-04,-4.301829997764849978e-04,1.129600819232967623e-02,1.086582519255319124e-02
7.426667329010590013e-01,7.425599053459220888e-01,-1.068275551369124443e-04,-3.204826654107373329e-04,1.097003343657476648e-02,1.064955077116402915e-02
7.426312310780142090e-01,7.425599053459220888e-01,-7.132573209212011989e-05,-2.139771962763603597e-04,1.065054691343769733e-02,1.043656971716133697e-02
7.425967729119411498e-01,7.425599053459220888e-01,-3.686756601906093778e-05,-1.106026980571828133e-04,1.033744982191775463e-02,1.022684712386057182e-02
7.425633374305804502e-01,7.425599053459220888e-01,-3.432084658361311824e-06,-1.029625397508393547e-05,1.003064440820988779e-02,1.002034815423480385e-02
7.425309039840352066e-01,7.425599053459220888e-01,2.900136188688229311e-05,8.700408566064687932e-05,9.730033963573081479e-03,9.817038049233728358e-03
7.424994522412948772e-01,7.425599053459220888e-01,6.045310462721165123e-05,1.813593138816349537e-04,9.435522822098807438e-03,9.616882135980442392e-03
7.424689621867681666e-01,7.425599053459220888e-01,9.094315915392225946e-05,2.728294774617667784e-04,9.147016358013182469e-03,9.419845835474949247e-03
7.424394141168250139e-01,7.425599053459220888e-01,1.204912290970749922e-04,3.614736872912249765e-04,8.864420982945819816e-03,9.225894670237044792e-03
7.424107886363489062e-01,7.425599053459220888e-01,1.491167095731826819e-04,4.473501287195480458e-04,8.587644142832306926e-03,9.034994271551854972e-03
7.423830666552999613e-01,7.425599053459220888e-01,1.768386906221275368e-04,5.305160718663826103e-04,8.316594314683456446e-03,8.847110386549839056e-03
7.423562293852896676e-01,7.425599053459220888e-01,2.036759606324212157e-04,6.110278818972636472e-04,8.051181003088103694e-03,8.662208884985367341e-03
7.423302583361678364e-01,7.425599053459220888e-01,2.296470097542524513e-04,6.889410292627573540e-04,7.791314736549370679e-03,8.480255765812128033e-03
7.423051353126225438e-01,7.425599053459220888e-01,2.547700332995450623e-04,7.643100998986351868e-04,7.536907063587783284e-03,8.301217163486418471e-03
7.422808424107936176e-01,7.425599053459220888e-01,2.790629351284712456e-04,8.371888053854137368e-04,7.287870548677854998e-03,8.125059354063268735e-03
7.422573620149001128e-01,7.425599053459220888e-01,3.025433310219760585e-04,9.076299930659281756e-04,7.044118768051443880e-03,7.951748761117372055e-03
7.422346767938827750e-01,7.425599053459220888e-01,3.252285520393138896e-04,9.756856561179416687e-04,6.805566305201349309e-03,7.781251961319290977e-03
7.422127696980614919e-01,7.425599053459220888e-01,3.471356478605969187e-04,1.041406943581790756e-03,6.572128746384908737e-03,7.613535689966699493e-03
7.421916239558092876e-01,7.425599053459220888e-01,3.682813901128012546e-04,1.104844170338403764e-03,6.343722675661300769e-03,7.448566845999704533e-03
7.421712230702416369e-01,7.425599053459220888e-01,3.886822756804519940e-04,1.166046827041355982e-03,6.120265670295221838e-03,7.286312497336577820e-03
7.421515508159237662e-01,7.425599053459220888e-01,4.083545299983226684e-04,1.225063589994968005e-03,5.901676295361202307e-03,7.126739885356170312e-03
7.421325912355943855e-01,7.425599053459220888e-01,4.273141103277033892e-04,1.281942330983110168e-03,5.687874098814216239e-03,6.969816429797326407e-03
7.421143286369079606e-01,7.425599053459220888e-01,4.455767090141282694e-04,1.336730127042384808e-03,5.478779605927464047e-03,6.815509732969848855e-03
7.420967475891948606e-01,7.425599053459220888e-01,4.631577567272282536e-04,1.389473270181684761e-03,5.274314313929995279e-03,6.663787584111680040e-03
7.420798329202401566e-01,7.425599053459220888e-01,4.800724256819322022e-04,1.440217277045796607e-03,5.074400686411184580e-03,6.514617963456981187e-03
7.420635697130818498e-01,7.425599053459220888e-01,4.963356328402390716e-04,1.489006898520717215e-03,4.878962147492060808e-03,6.367969046012778023e-03
7.420479433028280836e-01,7.425599053459220888e-01,5.119620430940052813e-04,1.535886129282015844e-03,4.687923076129862920e-03,6.223809205411878764e-03
7.420329392734948959e-01,7.425599053459220888e-01,5.269660724271929553e-04,1.580898217281578866e-03,4.501208799956302187e-03,6.082107017237881053e-03
7.420185434548633996e-01,7.425599053459220888e-01,5.413618910586892596e-04,1.624085673176067779e-03,4.318745589448891309e-03,5.942831262624959088e-03
7.420047419193581684e-01,7.425599053459220888e-01,5.551634265639204813e-04,1.665490279691761444e-03,4.140460651569366490e-03,5.805950931261127934e-03
7.419915209789460508e-01,7.425599053459220888e-01,5.683843669760380024e-04,1.705153100928114007e-03,3.966282123635256340e-03,5.671435224563370348e-03
7.419788671820564119e-01,7.425599053459220888e-01,5.810381638656769709e-04,1.743114491597030913e-03,3.796139066891690561e-03,5.539253558488721474e-03
7.419667673105225791e-01,7.425599053459220888e-01,5.931380353995097110e-04,1.779414106198529133e-03,3.629961460149822017e-03,5.409375566348351150e-03
7.419552083765453832e-01,7.425599053459220888e-01,6.046969693767056953e-04,1.814090908130117086e-03,3.467680193158795277e-03,5.281771101288912362e-03
7.419441776196783467e-01,7.425599053459220888e-01,6.157277262437421683e-04,1.847183178731226505e-03,3.309227060110941920e-03,5.156410238842168425e-03
7.419336625038351896e-01,7.425599053459220888e-01,6.262428420868992873e-04,1.878728526260697862e-03,3.154534752947135701e-03,5.033263279207833563e-03
7.419236507143199821e-01,7.425599053459220888e-01,6.362546316021067128e-04,1.908763894806320138e-03,3.003536854562227632e-03,4.912300749368547770e-03
7.419141301548797252e-01,7.425599053459220888e-01,6.457751910423636943e-04,1.937325573127091083e-03,2.856167832077094459e-03,4.793493405204185542e-03
7.419050889447799113e-01,7.425599053459220888e-01,6.548164011421775399e-04,1.964449203426532620e-03,2.712363029944153681e-03,4.676812233370686300e-03
7.418965154159035125e-01,7.425599053459220888e-01,6.633899300185763792e-04,1.990169790055729138e-03,2.572058662919651795e-03,4.562228452975380932e-03
7.418883981098723934e-01,7.425599053459220888e-01,6.715072360496954218e-04,2.014521708149086265e-03,2.435191809335712776e-03,4.449713517484799041e-03
7.418807257751930395e-01,7.425599053459220888e-01,6.791795707290493311e-04,2.037538712187147993e-03,2.301700403806172801e-03,4.339239115993320794e-03
7.418734873644252659e-01,7.425599053459220888e-01,6.864179814968229820e-04,2.059253944490468946e-03,2.171523230332095267e-03,4.230777174822564213e-03
7.418666720313750185e-01,7.425599053459220888e-01,6.932333145470703784e-04,2.079699943641211135e-03,2.044599915074218899e-03,4.124299858715430034e-03
7.418602691283106010e-01,7.425599053459220888e-01,6.996362176114878650e-04,2.098908652834463595e-03,1.920870919325246007e-03,4.019779572159709602e-03
7.418542682032034374e-01,7.425599053459220888e-01,7.056371427186514111e-04,2.116911428155954233e-03,1.800277532149063831e-03,3.917188960305018064e-03
7.418486589969922607e-01,7.425599053459220888e-01,7.112463489298281871e-04,2.133739046789484561e-03,1.682761863353032794e-03,3.816500910142517355e-03
7.418434314408720587e-01,7.425599053459220888e-01,7.164739050500301687e-04,2.149421715150090506e-03,1.568266836060594471e-03,3.717688551210684977e-03
7.418385756536070019e-01,7.425599053459220888e-01,7.213296923150869233e-04,2.163989076945260770e-03,1.456736179517026386e-03,3.620725256462287156e-03
7.418340819388675733e-01,7.425599053459220888e-01,7.258234070545155348e-04,2.177470221163546604e-03,1.348114421828583431e-03,3.525584642992130036e-03
7.418299407825924563e-01,7.425599053459220888e-01,7.299645633296325542e-04,2.189893689988897663e-03,1.242346882535105834e-03,3.432240572524003497e-03
7.418261428503746258e-01,7.425599053459220888e-01,7.337624955474630895e-04,2.201287486642389268e-03,1.139379665349160575e-03,3.340667151991549844e-03
7.418226789848719749e-01,7.425599053459220888e-01,7.372263610501139652e-04,2.211679083150341896e-03,1.039159650795262735e-03,3.250838733945604631e-03
7.418195402032426999e-01,7.425599053459220888e-01,7.403651426793889101e-04,2.221095428038166730e-03,9.416344887824834586e-04,3.162729916820650189e-03
7.418167176946051100e-01,7.425599053459220888e-01,7.431876513169788367e-04,2.229562953950936510e-03,8.467525912769779950e-04,3.076315545227914505e-03
7.418142028175220837e-01,7.425599053459220888e-01,7.457025284000051712e-04,2.237107585200015514e-03,7.544631249079003510e-04,2.991570710107915865e-03
7.418119870975100616e-01,7.425599053459220888e-01,7.479182484120272534e-04,2.243754745236081760e-03,6.647160036066246391e-04,2.908470748842706399e-03
7.418100622245729081e-01,7.425599053459220888e-01,7.498431213491807412e-04,2.249529364047542224e-03,5.774618811460463519e-04,2.826991245193588576e-03
7.418084200507603088e-01,7.425599053459220888e-01,7.514852951617800869e-04,2.254455885485340261e-03,4.926521437798037084e-04,2.747108029265143969e-03
7.418070525877505927e-01,7.425599053459220888e-01,7.528527581714961059e-04,2.258558274514488318e-03,4.102389029148056920e-04,2.668797177429294010e-03
7.418059520044586463e-01,7.425599053459220888e-01,7.539533414634425057e-04,2.261860024390327517e-03,3.301749875839199433e-04,2.592035011974247460e-03
7.418051106246679183e-01,7.425599053459220888e-01,7.547947212541705753e-04,2.264384163762511726e-03,2.524139372184208696e-04,2.516798100980932595e-03
7.418045209246872940e-01,7.425599053459220888e-01,7.553844212347948783e-04,2.266153263704384635e-03,1.769099941872909199e-04,2.443063257891675555e-03
7.418041755310323948e-01,7.425599053459220888e-01,7.557298148896940404e-04,2.267189444669082121e-03,1.036180964697486218e-04,2.370807541138830743e-03
7.418040672181316353e-01,7.425599053459220888e-01,7.558381277904535622e-04,2.267514383371360687e-03,3.249387022785654722e-05,2.300008253599217234e-03
7.418041889060562610e-01,7.425599053459220888e-01,7.557164398658278159e-04,2.267149319597483448e-03,-3.650637738772388730e-05,2.230642942209759561e-03
7.418045336582750338e-01,7.425599053459220888e-01,7.553716876470550901e-04,2.266115062941165270e-03,-1.034256656318177647e-04,2.162689397309347505e-03
7.418050946794335632e-01,7.425599053459220888e-01,7.548106664885256833e-04,2.264431999465577050e-03,-1.683063475588220115e-04,2.096125651906755039e-03
7.418058653131572866e-01,7.425599053459220888e-01,7.540400327648022483e-04,2.262120098294406745e-03,-2.311901171170305247e-04,2.030929981177376220e-03
7.418068390398790957e-01,7.425599053459220888e-01,7.530663060429931832e-04,2.259198918128979550e-03,-2.921180165427195163e-04,1.967080901586260033e-03
7.418080094746910547e-01,7.425599053459220888e-01,7.518958712310341852e-04,2.255687613693102556e-03,-3.511304435876994035e-04,1.904557170105403152e-03
7.418093703652200999e-01,7.425599053459220888e-01,7.505349807019889852e-04,2.251604942105966956e-03,-4.082671587135600078e-04,1.843337783392406948e-03
7.418109155895274975e-01,7.425599053459220888e-01,7.489897563945913106e-04,2.246969269183773932e-03,-4.635672922193023737e-04,1.783401976964471558e-03
7.418126391540325049e-01,7.425599053459220888e-01,7.472661918895839861e-04,2.241798575668751958e-03,-5.170693515021973496e-04,1.724729224166554609e-03
7.418145351914600116e-01,7.425599053459220888e-01,7.453701544620772168e-04,2.236110463386231650e-03,-5.688112282520307872e-04,1.667299235134200863e-03
7.418165979588110526e-01,7.425599053459220888e-01,7.433073871110362774e-04,2.229922161333108832e-03,-6.188302053122818336e-04,1.611091956020826998e-03
7.418188218353576335e-01,7.425599053459220888e-01,7.410835105644553167e-04,2.223250531693365950e-03,-6.671629639742882034e-04,1.556087567719077747e-03
7.418212013206609834e-01,7.425599053459220888e-01,7.387040252611054569e-04,2.216112075783316371e-03,-7.138455910049579245e-04,1.502266484778358446e-03
7.418237310326127876e-01,7.425599053459220888e-01,7.361743133093012759e-04,2.208522939927903828e-03,-7.589135855412543208e-04,1.449609354386649507e-03
7.418264057055000693e-01,7.425599053459220888e-01,7.334996404220195387e-04,2.200498921266058616e-03,-8.024018661845211398e-04,1.398097055081537476e-03
7.418292201880928305e-01,7.425599053459220888e-01,7.306851578292583582e-04,2.192055473487775075e-03,-8.443447778283541538e-04,1.347710695659420921e-03
7.418321694417552292e-01,7.425599053459220888e-01,7.277359041668596262e-04,2.183207712500578879e-03,-8.847760987196195970e-04,1.298431613780959282e-03
7.418352485385789619e-01,7.425599053459220888e-01,7.246568073431269852e-04,2.173970422029380956e-03,-9.237290471197923125e-04,1.250241374909588643e-03
7.418384526595401818e-01,7.425599053459220888e-01,7.214526863819070712e-04,2.164358059145721214e-03,-9.612362883659741897e-04,1.203121770779747024e-03
7.418417770926785115e-01,7.425599053459220888e-01,7.181282532435773192e-04,2.154384759730731957e-03,-9.973299414989256206e-04,1.157054818231806337e-03
7.418452172312985926e-01,7.425599053459220888e-01,7.146881146234962401e-04,2.144064343870488720e-03,-1.032041586024323720e-03,1.112022757846165000e-03
7.418487685721945057e-01,7.425599053459220888e-01,7.111367737275831047e-04,2.133410321182749314e-03,-1.065402268773940619e-03,1.068008052408808695e-03
7.418524267138956185e-01,7.425599053459220888e-01,7.074786320264703221e-04,2.122435896079410966e-03,-1.097442510333834775e-03,1.024993385745576191e-03
7.418561873549353036e-01,7.425599053459220888e-01,7.037179909867852245e-04,2.111153972960355674e-03,-1.128192311905529266e-03,9.829616610548264077e-04
7.418600462921410843e-01,7.425599053459220888e-01,6.998590537810045475e-04,2.099577161343013643e-03,-1.157681161734203101e-03,9.418959996088105413e-04
7.418639994189468734e-01,7.425599053459220888e-01,6.959059269752154719e-04,2.087717780925646416e-03,-1.185938041736722681e-03,9.017797391889237346e-04
7.418680427237265285e-01,7.425599053459220888e-01,6.918626221955603839e-04,2.075587866586681152e-03,-1.212991433896526416e-03,8.625964326901547352e-04
7.418721722881495007e-01,7.425599053459220888e-01,6.877330577725881966e-04,2.063199173317764590e-03,-1.238869326891656186e-03,8.243298464261084035e-04
7.418763842855571333e-01,7.425599053459220888e-01,6.835210603649555239e-04,2.050563181094866572e-03,-1.263599222289801816e-03,7.869639588050647561e-04
7.418806749793606103e-01,7.425599053459220888e-01,6.792303665614785047e-04,2.037691099684435514e-03,-1.287208141043105769e-03,7.504829586413297449e-04
7.418850407214599985e-01,7.425599053459220888e-01,6.748646244620903900e-04,2.024593873386271170e-03,-1.309722629816434392e-03,7.148712435698367784e-04
7.418894779506837178e-01,8.693101533093157141e-01,1.274206753586319962e-01,3.822620260758959887e-01,0.000000000000000000e+00,3.822620260758959887e-01
7.419321413825150646e-01,8.693101533093157141e-01,1.273780119268006494e-01,3.821340357804019483e-01,-1.279902954940403959e-02,3.693350062309979087e-01
7.420117383149694712e-01,8.693101533093157141e-01,1.272984149943462429e-01,3.818952449830387286e-01,-2.387907973632197312e-02,3.580161652467167555e-01
7.421271368639485999e-01,8.693101533093157141e-01,1.271830164453671141e-01,3.815490493361013424e-01,-3.461956469373861367e-02,3.469294846423627288e-01
7.422772283613918720e-01,8.693101533093157141e-01,1.270329249479238420e-01,3.810987748437715261e-01,-4.502744923298163116e-02,3.360713256107898950e-01
7.424609269913963194e-01,8.693101533093157141e-01,1.268492263179193946e-01,3.805476789537581839e-01,-5.510958900133422489e-02,3.254380899524239590e-01
7.426771694303959670e-01,8.693101533093157141e-01,1.266329838789197471e-01,3.798989516367592412e-01,-6.487273169989427046e-02,3.150262199368649707e-01
7.429249144913893099e-01,8.693101533093157141e-01,1.263852388179264041e-01,3.791557164537792124e-01,-7.432351829800287746e-02,3.048321981557763349e-01
7.432031427721982331e-01,8.693101533093157141e-01,1.261070105371174810e-01,3.783210316113524430e-01,-8.346848424267694355e-02,2.948525473686754994e-01
7.435108563077440502e-01,8.693101533093157141e-01,1.257992970015716638e-01,3.773978910047149915e-01,-9.231406066374514552e-02,2.850838303409698460e-01
7.438470782263238990e-01,8.693101533093157141e-01,1.254630750829918151e-01,3.763892252489754453e-01,-1.008665755739546199e-01,2.755226496750208254e-01
7.442108524098712818e-01,8.693101533093157141e-01,1.250993008994444322e-01,3.752979026983332966e-01,-1.091322550642148670e-01,2.661656476341184296e-01
7.446012431581821023e-01,8.693101533093157141e-01,1.247089101511336118e-01,3.741267304534008353e-01,-1.171172244932461304e-01,2.570095059601547050e-01
7.450173348570888754e-01,8.693101533093157141e-01,1.242928184522268387e-01,3.728784553566805160e-01,-1.248275096720319333e-01,2.480509456846485827e-01
7.454582316505641293e-01,8.693101533093157141e-01,1.238519216587515848e-01,3.715557649762547543e-01,-1.322690380425761703e-01,2.392867269336785840e-01
7.459230571167327906e-01,8.693101533093157141e-01,1.233870961925829235e-01,3.701612885777487705e-01,-1.394476398505983816e-01,2.307136487271503889e-01
7.464109539477741251e-01,8.693101533093157141e-01,1.228991993615415890e-01,3.686975980846247669e-01,-1.463690493124003567e-01,2.223285487722244103e-01
7.469210836336926951e-01,8.693101533093157141e-01,1.223890696756230190e-01,3.671672090268690569e-01,-1.530389057755709992e-01,2.141283032512980578e-01
7.474526261499363500e-01,8.693101533093157141e-01,1.218575271593793641e-01,3.655725814781380922e-01,-1.594627548730964683e-01,2.061098266050416239e-01
7.480047796488406009e-01,8.693101533093157141e-01,1.213053736604751132e-01,3.639161209814253395e-01,-1.656460496712752750e-01,1.982700713101500645e-01
7.485767601548758421e-01,8.693101533093157141e-01,1.207333931544398720e-01,3.622001794633196159e-01,-1.715941518105723596e-01,1.906060276527472563e-01
7.491678012636763251e-01,8.693101533093157141e-01,1.201423520456393890e-01,3.604270561369181669e-01,-1.773123326401448985e-01,1.831147234967732684e-01
7.497771538448264605e-01,8.693101533093157141e-01,1.195329994644892535e-01,3.585989983934677605e-01,-1.828057743450406392e-01,1.757932240484271214e-01
7.504040857483814664e-01,8.693101533093157141e-01,1.189060675609342477e-01,3.567182026828027430e-01,-1.880795710665017495e-01,1.686386316163009935e-01
7.510478815150981591e-01,8.693101533093157141e-01,1.182622717942175550e-01,3.547868153826526649e-01,-1.931387300150078090e-01,1.616480853676448559e-01
7.517078420903515745e-01,8.693101533093157141e-01,1.176023112189641395e-01,3.528069336568924186e-01,-1.979881725760246347e-01,1.548187610808677839e-01
7.523832845417131043e-01,8.693101533093157141e-01,1.169268687676026097e-01,3.507806063028078292e-01,-2.026327354084589416e-01,1.481478708943488876e-01
7.530735417801640574e-01,8.693101533093157141e-01,1.162366115291516566e-01,3.487098345874549699e-01,-2.070771715352859310e-01,1.416326630521690388e-01
7.537779622849202221e-01,8.693101533093157141e-01,1.155321910243954919e-01,3.465965730731864758e-01,-2.113261514268494068e-01,1.352704216463370690e-01
7.544959098318410051e-01,8.693101533093157141e-01,1.148142434774747089e-01,3.444427304324241268e-01,-2.153842640762348992e-01,1.290584663561892276e-01
7.552267632253973906e-01,8.693101533093157141e-01,1.140833900839183235e-01,3.422501702517549704e-01,-2.192560180669156367e-01,1.229941521848393338e-01
7.559699160341722957e-01,8.693101533093157141e-01,1.133402372751434184e-01,3.400207118254302552e-01,-2.229458426324715248e-01,1.170748691929587304e-01
7.567247763298664553e-01,8.693101533093157141e-01,1.125853769794492587e-01,3.377561309383477761e-01,-2.264580887082479066e-01,1.112980422300998695e-01
7.574907664297836352e-01,8.693101533093157141e-01,1.118193868795320789e-01,3.354581606385962367e-01,-2.297970299751539436e-01,1.056611306634422931e-01
7.582673226427671942e-01,8.693101533093157141e-01,1.110428306665485199e-01,3.331284919996455596e-01,-2.329668638950677106e-01,1.001616281045778489e-01
7.590538950185611311e-01,8.693101533093157141e-01,1.102562582907545830e-01,3.307687748722637489e-01,-2.359717127381810720e-01,9.479706213408267690e-02
7.598499471005685235e-01,8.693101533093157141e-01,1.094602062087471905e-01,3.283806186262415716e-01,-2.388156246022177243e-01,8.956499402402384735e-02
7.606549556819782731e-01,8.693101533093157141e-01,1.086551976273374409e-01,3.259655928820123227e-01,-2.415025744229248872e-01,8.446301845908743555e-02
7.614684105652339552e-01,8.693101533093157141e-01,1.078417427440817589e-01,3.235252282322452766e-01,-2.440364649767046146e-01,7.948876325554066202e-02
7.622898143248152403e-01,8.693101533093157141e-01,1.070203389845004738e-01,3.210610169535014213e-01,-2.464211278743855260e-01,7.463988907911589532e-02
7.631186820733044662e-01,8.693101533093157141e-01,1.061914712360112478e-01,3.185744137080337435e-01,-2.486603245467677858e-01,6.991408916126595763e-02
7.639545412307097161e-01,8.693101533093157141e-01,1.053556120786059980e-01,3.160668362358179939e-01,-2.507577472215749559e-01,6.530908901424303803e-02
7.647969312970164246e-01,8.693101533093157141e-01,1.045132220122992894e-01,3.135396660368978683e-01,-2.527170198920125621e-01,6.082264614488530619e-02
7.656454036279376485e-01,8.693101533093157141e-01,1.036647496813780656e-01,3.109942490441341967e-01,-2.545416992763671615e-01,5.645254976776703515e-02
7.664995212138356884e-01,8.693101533093157141e-01,1.028106320954800257e-01,3.084318962864400770e-01,-2.562352757694119632e-01,5.219662051702811389e-02
7.673588584617854202e-01,8.693101533093157141e-01,1.019512948475302938e-01,3.058538845425908814e-01,-2.578011743849195625e-01,4.805271015767131892e-02
7.682230009807509141e-01,8.693101533093157141e-01,1.010871523285647999e-01,3.032614569856943998e-01,-2.592427556896481633e-01,4.401870129604623649e-02
7.690915453698460302e-01,8.693101533093157141e-01,1.002186079394696838e-01,3.006558238184090515e-01,-2.605633167285348328e-01,4.009250708987421863e-02
7.699640990096501270e-01,8.693101533093157141e-01,9.934605429966558710e-02,2.980381628989967613e-01,-2.617660919412290177e-01,3.627207095776774359e-02
7.708402798565499037e-01,8.693101533093157141e-01,9.846987345276581038e-02,2.954096203582974312e-01,-2.628542540699330132e-01,3.255536628836441793e-02
7.717197162400785126e-01,8.693101533093157141e-01,9.759043706923720141e-02,2.927713112077116042e-01,-2.638309150585826934e-01,2.894039614912891079e-02
7.726020466632220751e-01,8.693101533093157141e-01,9.670810664609363894e-02,2.901243199382809168e-01,-2.646991269430687410e-01,2.542519299521217579e-02
7.734869196056651797e-01,8.693101533093157141e-01,9.582323370365053439e-02,2.874697011109516032e-01,-2.654618827329313646e-01,2.200781837802023855e-02
7.743739933299460532e-01,8.693101533093157141e-01,9.493615997936966089e-02,2.848084799381089827e-01,-2.661221172842620497e-01,1.868636265384693296e-02
7.752629356904923164e-01,8.693101533093157141e-01,9.404721761882339770e-02,2.821416528564701931e-01,-2.666827081638789565e-01,1.545894469259123660e-02
7.761534239455079032e-01,8.693101533093157141e-01,9.315672936380781088e-02,2.794701880914234327e-01,-2.671464765046760448e-01,1.232371158674738787e-02
7.770451445716821670e-01,8.693101533093157141e-01,9.226500873763354704e-02,2.767950262129006411e-01,-2.675161878522791525e-01,9.278838360621488590e-03
7.779377930816924192e-01,8.693101533093157141e-01,9.137236022762329490e-02,2.741170806828698847e-01,-2.677945530030756416e-01,6.322527679794243127e-03
7.788310738444707004e-01,8.693101533093157141e-01,9.047907946484501363e-02,2.714372383945350409e-01,-2.679842288334843836e-01,3.453009561050657261e-03
7.797246999082050323e-01,8.693101533093157141e-01,8.958545340111068178e-02,2.687563602033320453e-01,-2.680878191202995531e-01,6.685410830324922671e-04
7.806183928260477245e-01,8.693101533093157141e-01,8.869176048326798956e-02,2.660752814498039687e-01,-2.681078753528076675e-01,-2.032593903003698799e-03
7.815118824845000978e-01,8.693101533093157141e-01,8.779827082481561629e-02,2.633948124744468489e-01,-2.680468975357119810e-01,-4.652085061265132104e-03
7.824049069344463092e-01,8.693101533093157141e-01,8.690524637486940485e-02,2.607157391246082145e-01,-2.679073349838634321e-01,-7.191595859255217604e-03
7.832972122248066382e-01,8.693101533093157141e-01,8.601294108450907583e-02,2.580388232535272275e-01,-2.676915871080987053e-01,-9.652763854571477786e-03
7.841885522387814778e-01,8.693101533093157141e-01,8.512160107053423630e-02,2.553648032116027089e-01,-2.674020041924518587e-01,-1.203720098084914980e-02
7.850786885326582754e-01,8.693101533093157141e-01,8.423146477665743870e-02,2.526943943299723161e-01,-2.670408881630392806e-01,-1.434649383306696446e-02
7.859673901771517812e-01,8.693101533093157141e-01,8.334276313216393284e-02,2.500282893964917985e-01,-2.666104933480517580e-01,-1.658220395155995952e-02
7.868544336012500695e-01,8.693101533093157141e-01,8.245571970806564455e-02,2.473671591241969336e-01,-2.661130272294864874e-01,-1.874586810528955372e-02
7.877396024385378004e-01,8.693101533093157141e-01,8.157055087077791367e-02,2.447116526123337410e-01,-2.655506511863192642e-01,-2.083899857398552324e-02
7.886226873759681899e-01,8.693101533093157141e-01,8.068746593334752415e-02,2.420623978000425724e-01,-2.649254812291168548e-01,-2.286308342907428237e-02
7.895034860050557102e-01,8.693101533093157141e-01,7.980666730426000388e-02,2.394200019127800116e-01,-2.642395887262560805e-01,-2.481958681347606888e-02
7.903818026754618753e-01,8.693101533093157141e-01,7.892835063385383876e-02,2.367850519015615163e-01,-2.634950011218495369e-01,-2.670994922028802065e-02
7.912574483509460244e-01,8.693101533093157141e-01,7.805270495836968969e-02,2.341581148751090691e-01,-2.626937026452447199e-01,-2.853558777013565084e-02
7.921302404676531239e-01,8.693101533093157141e-01,7.717991284166259014e-02,2.315397385249877704e-01,-2.618376350121298657e-01,-3.029789648714209527e-02
7.930000027947115004e-01,8.693101533093157141e-01,7.631015051460421361e-02,2.289304515438126408e-01,-2.609286981175129583e-01,-3.199824657370031744e-02
7.938665652971125253e-01,8.693101533093157141e-01,7.544358801220318878e-02,2.263307640366095663e-01,-2.599687507203074510e-01,-3.363798668369788469e-02
7.947297640008451625e-01,8.693101533093157141e-01,7.458038930847055159e-02,2.237411679254116548e-01,-2.589596111197911554e-01,-3.521844319437950066e-02
7.955894408602584011e-01,8.693101533093157141e-01,7.372071244905731291e-02,2.211621373471719387e-01,-2.579030578239716043e-01,-3.674092047679966555e-02
7.964454436276239280e-01,8.693101533093157141e-01,7.286470968169178608e-02,2.185941290450753582e-01,-2.568008302096580486e-01,-3.820670116458269039e-02
7.972976257248729492e-01,8.693101533093157141e-01,7.201252758444276481e-02,2.160375827533282944e-01,-2.556546291747063826e-01,-3.961704642137808818e-02
7.981458461174798513e-01,8.693101533093157141e-01,7.116430719183586273e-02,2.134929215755075882e-01,-2.544661177820706222e-01,-4.097319620656303396e-02
7.989899691904661649e-01,8.693101533093157141e-01,7.032018411884954912e-02,2.109605523565486473e-01,-2.532369218958940849e-01,-4.227636953934543751e-02
7.998298646264985212e-01,8.693101533093157141e-01,6.948028868281719284e-02,2.084408660484515785e-01,-2.519686308097068839e-01,-4.352776476125530536e-02
8.006654072860547311e-01,8.693101533093157141e-01,6.864474602326098296e-02,2.059342380697829489e-01,-2.506627978668629630e-01,-4.472855979708001417e-02
8.014964770896312318e-01,8.693101533093157141e-01,6.781367621968448223e-02,2.034410286590534467e-01,-2.493209410729502196e-01,-4.587991241389677288e-02
8.023229589019663655e-01,8.693101533093157141e-01,6.698719440734934860e-02,2.009615832220480458e-01,-2.479445437005400876e-01,-4.698296047849204182e-02
8.031447424182536210e-01,8.693101533093157141e-01,6.616541089106209306e-02,1.984962326731862792e-01,-2.465350548861766633e-01,-4.803882221299038413e-02
8.039617220523195273e-01,8.693101533093157141e-01,6.534843125699618671e-02,1.960452937709885601e-01,-2.450938902197719038e-01,-4.904859644878334368e-02
8.047737968267405506e-01,8.693101533093157141e-01,6.453635648257516344e-02,1.936090694477254903e-01,-2.436224323263069813e-01,-5.001336287858149099e-02
8.055808702648737940e-01,8.693101533093157141e-01,6.372928304444192005e-02,1.911878491333257601e-01,-2.421220314399730178e-01,-5.093418230664725765e-02
8.063828502847762980e-01,8.693101533093157141e-01,6.292730302453941604e-02,1.887819090736182481e-01,-2.405940059707512013e-01,-5.181209689713295319e-02
8.071796490949891822e-01,8.693101533093157141e-01,6.213050421432653181e-02,1.863915126429795954e-01,-2.390396430638652703e-01,-5.264813042088567485e-02
8.079711830921599836e-01,8.693101533093157141e-01,6.133897021715573050e-02,1.840169106514671915e-01,-2.374601991512403920e-01,-5.344328849977320051e-02
8.087573727604807639e-01,8.693101533093157141e-01,6.055278054883495020e-02,1.816583416465048506e-01,-2.358569004962340898e-01,-5.419855884972923921e-02
8.095381425729165636e-01,8.693101533093157141e-01,5.977201073639915041e-02,1.793160322091974512e-01,-2.342309437307399378e-01,-5.491491152154248656e-02
8.103134208942002203e-01,8.693101533093157141e-01,5.899673241511549371e-02,1.769901972453464811e-01,-2.325834963850970105e-01,-5.559329913975052939e-02
8.110831398855699037e-01,8.693101533093157141e-01,5.822701342374581035e-02,1.746810402712374310e-01,-2.309156974109050076e-01,-5.623465713966757651e-02
8.118472354112256095e-01,8.693101533093157141e-01,5.746291789809010453e-02,1.723887536942703136e-01,-2.292286576967117462e-01,-5.683990400244143260e-02
8.126056469464810750e-01,8.693101533093157141e-01,5.670450636283463908e-02,1.701135190885039172e-01,-2.275234605766396356e-01,-5.740994148813571840e-02
8.133583174875876898e-01,8.693101533093157141e-01,5.595183582172802428e-02,1.678555074651840728e-01,-2.258011623319844396e-01,-5.794565486680036681e-02
8.141051934632076437e-01,8.693101533093157141e-01,5.520495984610807039e-02,1.656148795383242112e-01,-2.240627926859861674e-01,-5.844791314766195622e-02
8.148462246475128845e-01,8.693101533093157141e-01,5.446392866180282955e-02,1.633917859854084886e-01,-2.223093552915722526e-01,-5.891756930616376398e-02
8.155813640748874604e-01,8.693101533093157141e-01,5.372878923442825361e-02,1.611863677032847608e-01,-2.205418282123727813e-01,-5.935546050908802052e-02
8.163105679562111527e-01,8.693101533093157141e-01,5.299958535310456131e-02,1.589987560593136839e-01,-2.187611643971076880e-01,-5.976240833779400408e-02
8.170337955967010846e-01,8.693101533093157141e-01,5.227635771261462949e-02,1.568290731378438885e-01,-2.169682921469795467e-01,-6.013921900913565821e-02
8.177510093152901005e-01,8.693101533093157141e-01,5.155914399402561354e-02,1.546774319820768406e-01,-2.151641155767047842e-01,-6.048668359462794353e-02
8.184621743655196013e-01,8.693101533093157141e-01,5.084797894379611272e-02,1.525439368313883381e-01,-2.133495150688502484e-01,-6.080557823746191026e-02
8.191672588579254066e-01,8.693101533093157141e-01,5.014289445139030743e-02,1.504286833541709223e-01,-2.115253477217415856e-01,-6.109666436757066332e-02
8.198662336838944409e-01,8.693101533093157141e-01,4.944391962542127317e-02,1.483317588762638195e-01,-2.096924477907102791e-01,-6.136068891444645956e-02
8.205590724409720371e-01,8.693101533093157141e-01,4.875108086834367693e-02,1.462532426050310308e-01,-2.078516271232788704e-01,-6.159838451824783956e-02
8.212457513595977643e-01,8.693101533093157141e-01,4.806440194971794977e-02,1.441932058491538493e-01,-2.060036755877181491e-01,-6.181046973856429982e-02
8.219262492312496837e-01,8.693101533093157141e-01,4.738390407806603033e-02,1.421517122341980910e-01,-2.041493614955758318e-01,-6.199764926137774079e-02
8.226005473379753852e-01,8.693101533093157141e-01,4.670960597134032888e-02,1.401288179140209866e-01,-2.022894320177104355e-01,-6.216061410368944884e-02
8.232686293832908175e-01,8.693101533093157141e-01,4.604152392602489652e-02,1.381245717780746896e-01,-2.004246135946297080e-01,-6.230004181655501849e-02
8.239304814244245989e-01,8.693101533093157141e-01,4.537967188489111514e-02,1.361390156546733454e-01,-1.985556123401344131e-01,-6.241659668546106765e-02
8.245860918058898203e-01,8.693101533093157141e-01,4.472406150342589370e-02,1.341721845102776811e-01,-1.966831144395664310e-01,-6.251092992928874992e-02
8.252354510943620269e-01,8.693101533093157141e-01,4.407470221495368712e-02,1.322241066448610614e-01,-1.948077865416619758e-01,-6.258367989680091448e-02
8.258785520148446135e-01,8.693101533093157141e-01,4.343160129447110052e-02,1.302948038834133015e-01,-1.929302761447759806e-01,-6.263547226136267909e-02
8.265153893881010960e-01,8.693101533093157141e-01,4.279476392121461803e-02,1.283842917636438541e-01,-1.910512119769447459e-01,-6.266692021330089180e-02
8.271459600693361613e-01,8.693101533093157141e-01,4.216419323997955271e-02,1.264925797199386581e-01,-1.891712043705195967e-01,-6.267862465058093857e-02
8.277702628881061786e-01,8.693101533093157141e-01,4.153989042120953545e-02,1.246196712636286064e-01,-1.872908456310051761e-01,-6.267117436737656977e-02
8.283882985894395201e-01,8.693101533093157141e-01,4.092185471987619394e-02,1.227655641596285818e-01,-1.854107104000024542e-01,-6.264514624037387236e-02
8.290000697761488180e-01,8.693101533093157141e-01,4.031008353316689607e-02,1.209302505995006882e-01,-1.835313560127893595e-01,-6.260110541328867129e-02
8.296055808523167263e-01,8.693101533093157141e-01,3.970457245699898774e-02,1.191137173709969632e-01,-1.816533228503725006e-01,-6.253960547937553738e-02
8.302048379679367596e-01,8.693101533093157141e-01,3.910531534137895449e-02,1.173159460241368635e-01,-1.797771346860099761e-01,-6.246118866187311269e-02
8.307978489646905551e-01,8.693101533093157141e-01,3.851230434462515895e-02,1.155369130338754768e-01,-1.779032990261386615e-01,-6.236638599226318469e-02
8.313846233228451288e-01,8.693101533093157141e-01,3.792552998647058526e-02,1.137765899594117558e-01,-1.760323074463721049e-01,-6.225571748696034913e-02
8.319651721092510277e-01,8.693101533093157141e-01,3.734498120006468636e-02,1.120349436001940591e-01,-1.741646359217696727e-01,-6.212969232157561361e-02
8.325395079264247267e-01,8.693101533093157141e-01,3.677064538289098738e-02,1.103119361486729622e-01,-1.723007451521096911e-01,-6.198880900343672895e-02
8.331076448626981712e-01,8.693101533093157141e-01,3.620250844661754286e-02,1.086075253398526286e-01,-1.704410808820333578e-01,-6.183355554218072925e-02
8.336695984434173701e-01,8.693101533093157141e-01,3.564055486589834398e-02,1.069216645976950320e-01,-1.685860742157596626e-01,-6.166440961806463061e-02
8.342253855831747167e-01,8.693101533093157141e-01,3.508476772614099737e-02,1.052543031784229921e-01,-1.667361419272039846e-01,-6.148183874878099253e-02
8.347750245390571644e-01,8.693101533093157141e-01,3.453512877025854966e-02,1.036053863107756490e-01,-1.648916867647343132e-01,-6.128630045395866421e-02
8.353185348648942687e-01,8.693101533093157141e-01,3.399161844442144531e-02,1.019748553332643359e-01,-1.630530977511313040e-01,-6.107824241786696806e-02
8.358559373664895542e-01,8.693101533093157141e-01,3.345421594282615985e-02,1.003626478284784795e-01,-1.612207504785856393e-01,-6.085810265010715980e-02
8.363872540578198844e-01,8.693101533093157141e-01,3.292289925149582963e-02,9.876869775448748889e-02,-1.593950073990990646e-01,-6.062630964461157568e-02
8.369125081181857384e-01,8.693101533093157141e-01,3.239764519112997565e-02,9.719293557338992695e-02,-1.575762181097561943e-01,-6.038328253636626730e-02
8.374317238502979599e-01,8.693101533093157141e-01,3.187842945901775416e-02,9.563528837705326247e-02,-1.557647196336664486e-01,-6.012943125661318611e-02
8.379449266392845486e-01,8.693101533093157141e-01,3.136522667003116549e-02,9.409568001009349647e-02,-1.539608366959765995e-01,-5.986515668588310302e-02
8.384521429126025049e-01,8.693101533093157141e-01,3.085801039671320911e-02,9.257403119013962733e-02,-1.521648819953869136e-01,-5.959085080524728628e-02
8.389534001008399633e-01,8.693101533093157141e-01,3.035675320847575076e-02,9.107025962542725228e-02,-1.503771564712375053e-01,-5.930689684581025301e-02
8.394487265993928471e-01,8.693101533093157141e-01,2.986142670992286696e-02,8.958428012976860089e-02,-1.485979495658651395e-01,-5.901366943609653859e-02
8.399381517310020584e-01,8.693101533093157141e-01,2.937200157831365566e-02,8.811600473494096697e-02,-1.468275394827633917e-01,-5.871153474782242476e-02
8.404217057091365461e-01,8.693101533093157141e-01,2.888844760017916791e-02,8.666534280053750372e-02,-1.450661934403463249e-01,-5.840085063980882119e-02
8.408994196022070433e-01,8.693101533093157141e-01,2.841073370710867074e-02,8.523220112132601223e-02,-1.433141679211491493e-01,-5.808196679982313704e-02
8.413713252985974833e-01,8.693101533093157141e-01,2.793882801071823074e-02,8.381648403215469223e-02,-1.415717089171319998e-01,-5.775522488497730755e-02
8.418374554724994407e-01,8.693101533093157141e-01,2.747269783681627331e-02,8.241809351044881993e-02,-1.398390521705872303e-01,-5.742095866013841032e-02
8.422978435505353856e-01,8.693101533093157141e-01,2.701230975878032847e-02,8.103692927634098542e-02,-1.381164234107834510e-01,-5.707949413444246556e-02
8.427525236791578722e-01,8.693101533093157141e-01,2.655762963015784184e-02,7.967288889047352551e-02,-1.364040385867459904e-01,-5.673114969627246484e-02
8.432015306928107856e-01,8.693101533093157141e-01,2.610862261650492844e-02,7.832586784951478531e-02,-1.347021040958740201e-01,-5.637623624635923480e-02
8.436449000828390998e-01,8.693101533093157141e-01,2.566525322647661422e-02,7.699575967942984267e-02,-1.330108170084942643e-01,-5.601505732906442159e-02
8.440826679671344923e-01,8.693101533093157141e-01,2.522748534218122174e-02,7.568245602654366522e-02,-1.313303652886177453e-01,-5.564790926207408006e-02
8.445148710605036024e-01,8.693101533093157141e-01,2.479528224881211163e-02,7.438584674643633488e-02,-1.296609280107330342e-01,-5.527508126429669932e-02
8.449415466457463886e-01,8.693101533093157141e-01,2.436860666356932548e-02,7.310581999070797643e-02,-1.280026755728358445e-01,-5.489685558212786809e-02
8.453627325454309283e-01,8.693101533093157141e-01,2.394742076388478580e-02,7.184226229165435740e-02,-1.263557699053619032e-01,-5.451350761370754583e-02
8.457784670943541139e-01,8.693101533093157141e-01,2.353168621496160018e-02,7.059505864488480054e-02,-1.247203646769556862e-01,-5.412530603207088564e-02
8.461887891126740335e-01,8.693101533093157141e-01,2.312136419664168052e-02,6.936409258992504157e-02,-1.230966054959758971e-01,-5.373251290605085551e-02
8.465937378797033785e-01,8.693101533093157141e-01,2.271641542961233551e-02,6.814924628883700652e-02,-1.214846301088035041e-01,-5.333538381996649758e-02
8.469933531083506661e-01,8.693101533093157141e-01,2.231680020096504791e-02,6.695040060289514372e-02,-1.198845685941862804e-01,-5.293416799129113670e-02
8.473876749201988412e-01,8.693101533093157141e-01,2.192247838911687285e-02,6.576743516735061856e-02,-1.182965435544525157e-01,-5.252910838710189712e-02
8.477767438212083784e-01,8.693101533093157141e-01,2.153340948810733568e-02,6.460022846432200705e-02,-1.167206703028611514e-01,-5.212044183853914436e-02
8.481606006780340046e-01,8.693101533093157141e-01,2.114955263128170948e-02,6.344865789384512844e-02,-1.151570570476878608e-01,-5.170839915384273233e-02
8.485392866949442725e-01,8.693101533093157141e-01,2.077086661437144155e-02,6.231259984311432465e-02,-1.136058050730803792e-01,-5.129320522996605458e-02
8.489128433913315508e-01,8.693101533093157141e-01,2.039730991798416326e-02,6.119192975395248979e-02,-1.120670089161834859e-01,-5.087507916223099613e-02
8.492813125798025498e-01,8.693101533093157141e-01,2.002884072951316430e-02,6.008652218853949289e-02,-1.105407565412996895e-01,-5.045423435276019664e-02
8.496447363448382806e-01,8.693101533093157141e-01,1.966541696447743348e-02,5.899625089343230044e-02,-1.090271295107192451e-01,-5.003087861728694463e-02
8.500031570220123456e-01,8.693101533093157141e-01,1.930699628730336848e-02,5.792098886191010543e-02,-1.075262031522195016e-01,-4.960521429030939622e-02
8.503566171777573457e-01,8.693101533093157141e-01,1.895353613155836836e-02,5.686060839467510508e-02,-1.060380467235000346e-01,-4.917743832882492949e-02
8.507051595896695240e-01,8.693101533093157141e-01,1.860499371964619009e-02,5.581498115893857026e-02,-1.045627235736534821e-01,-4.874774241471491187e-02
8.510488272273402099e-01,8.693101533093157141e-01,1.826132608197550411e-02,5.478397824592651233e-02,-1.031002913012057931e-01,-4.831631305527928077e-02
8.513876632337052941e-01,8.693101533093157141e-01,1.792249007561041996e-02,5.376747022683125987e-02,-1.016508019095252457e-01,-4.788333168269398588e-02
8.517217109069021852e-01,8.693101533093157141e-01,1.758844240241352885e-02,5.276532720724058656e-02,-1.002143019590673312e-01,-4.744897475182674462e-02
8.520510136826238146e-01,8.693101533093157141e-01,1.725913962669189949e-02,5.177741888007569848e-02,-9.879083271648880782e-02,-4.701341383641310934e-02
8.523756151169618045e-01,8.693101533093157141e-01,1.693453819235390956e-02,5.080361457706172867e-02,-9.738043030139698075e-02,-4.657681572433525208e-02
8.526955588697273658e-01,8.693101533093157141e-01,1.661459443958834825e-02,4.984378331876504475e-02,-9.598312582966839202e-02,-4.613934251090334726e-02
8.530108886882418195e-01,8.693101533093157141e-01,1.629926462107389451e-02,4.889779386322168353e-02,-9.459894555433612240e-02,-4.570115169111443887e-02
8.533216483915871953e-01,8.693101533093157141e-01,1.598850491772851878e-02,4.796551475318555635e-02,-9.322791100361271788e-02,-4.526239625042716153e-02
8.536278818553075798e-01,8.693101533093157141e-01,1.568227145400813427e-02,4.704681436202440281e-02,-9.187003911611535401e-02,-4.482322475409095119e-02
8.539296329965525567e-01,8.693101533093157141e-01,1.538052031276315734e-02,4.614156093828947203e-02,-9.052534237349307844e-02,-4.438378143520360641e-02
8.542269457596539661e-01,8.693101533093157141e-01,1.508320754966174793e-02,4.524962264898524378e-02,-8.919382893042282490e-02,-4.394420628143758112e-02
8.545198641021272135e-01,8.693101533093157141e-01,1.479028920718850060e-02,4.437086762156550179e-02,-8.787550274197419853e-02,-4.350463512040869674e-02
8.548084319810884679e-01,8.693101533093157141e-01,1.450172132822724613e-02,4.350516398468173840e-02,-8.657036368837633944e-02,-4.306519970369460104e-02
8.550926933400793128e-01,8.693101533093157141e-01,1.421745996923640121e-02,4.265237990770920362e-02,-8.527840769725347769e-02,-4.262602778954427407e-02
8.553726920962911873e-01,8.693101533093157141e-01,1.393746121302452678e-02,4.181238363907358035e-02,-8.399962686356232666e-02,-4.218724322448874631e-02
8.556484721281806261e-01,8.693101533093157141e-01,1.366168118113508800e-02,4.098504354340526401e-02,-8.273400956683163443e-02,-4.174896602342637042e-02
8.559200772634677490e-01,8.693101533093157141e-01,1.339007604584796507e-02,4.017022813754389521e-02,-8.148154058613688022e-02,-4.131131244859298501e-02
8.561875512675100053e-01,8.693101533093157141e-01,1.312260204180570877e-02,3.936780612541712632e-02,-8.024220121267688910e-02,-4.087439508725976278e-02
8.564509378320435129e-01,8.693101533093157141e-01,1.285921547727220116e-02,3.857764643181660347e-02,-7.901596936005228500e-02,-4.043832292823568153e-02
8.567102805642842211e-01,8.693101533093157141e-01,1.259987274503149290e-02,3.779961823509447871e-02,-7.780281967221247541e-02,-4.000320143711799670e-02
8.569656229763812361e-01,8.693101533093157141e-01,1.234453033293447799e-02,3.703359099880343397e-02,-7.660272362910447441e-02,-3.956913263030104044e-02
8.572170084752152031e-01,8.693101533093157141e-01,1.209314483410051100e-02,3.627943450230153299e-02,-7.541564965019009747e-02,-3.913621514788856448e-02
8.574644803525344194e-01,8.693101533093157141e-01,1.184567295678129462e-02,3.553701887034388385e-02,-7.424156319576491470e-02,-3.870454432542103085e-02
8.577080817754210162e-01,8.693101533093157141e-01,1.160207153389469781e-02,3.480621460168409342e-02,-7.308042686597904236e-02,-3.827421226429494894e-02
8.579478557770812142e-01,8.693101533093157141e-01,1.136229753223449990e-02,3.408689259670349969e-02,-7.193220049805937322e-02,-3.784530790135587353e-02
8.581838452479513268e-01,8.693101533093157141e-01,1.112630806136438721e-02,3.337892418409316164e-02,-7.079684126103380493e-02,-3.741791707694064328e-02
8.584160929271137386e-01,8.693101533093157141e-01,1.089406038220197548e-02,3.268218114660592644e-02,-6.967430374872352061e-02,-3.699212260211759418e-02
8.586446413940158617e-01,8.693101533093157141e-01,1.066551191529985232e-02,3.199653574589955696e-02,-6.856454007063694789e-02,-3.656800432473739093e-02
8.588695330604855238e-01,8.693101533093157141e-01,1.044062024883019024e-02,3.132186074649057073e-02,-6.746749994089862312e-02,-3.614563919440805240e-02
8.590908101630357896e-01,8.693101533093157141e-01,1.021934314627992446e-02,3.065802943883977338e-02,-6.638313076507973420e-02,-3.572510132623996082e-02
8.593085147554534453e-01,8.693101533093157141e-01,1.000163855386226874e-02,3.000491566158680623e-02,-6.531137772529671537e-02,-3.530646206370990914e-02
8.595226887016647055e-01,8.693101533093157141e-01,9.787464607651008563e-03,2.936239382295302569e-02,-6.425218386337805399e-02,-3.488979004042502829e-02
8.597333736688719252e-01,8.693101533093157141e-01,9.576779640443788821e-03,2.873033892133136646e-02,-6.320549016216592264e-02,-3.447515124083455618e-02
8.599406111209551007e-01,8.693101533093157141e-01,9.369542188360613366e-03,2.810862656508184010e-02,-6.217123562495263656e-02,-3.406260905987079646e-02
8.601444423121322735e-01,8.693101533093157141e-01,9.165710997183440512e-03,2.749713299155032153e-02,-6.114935735315185639e-02,-3.365222436160153485e-02
8.603449082808732884e-01,8.693101533093157141e-01,8.965245028442425657e-03,2.689573508532727697e-02,-6.013979062230445649e-02,-3.324405553697717952e-02
8.605420498440605748e-01,8.693101533093157141e-01,8.768103465255139284e-03,2.630431039576541785e-02,-5.914246895618591182e-02,-3.283815856042049397e-02
8.607359075913918467e-01,8.693101533093157141e-01,8.574245717923867360e-03,2.572273715377160208e-02,-5.815732419938157705e-02,-3.243458704560997496e-02
8.609265218800185027e-01,8.693101533093157141e-01,8.383631429297211390e-03,2.515089428789163417e-02,-5.718428658799679098e-02,-3.203339230010515681e-02
8.611139328294151740e-01,8.693101533093157141e-01,8.196220479900540035e-03,2.458866143970162010e-02,-5.622328481900140673e-02,-3.163462337929978663e-02
8.612981803164738714e-01,8.693101533093157141e-01,8.011972992841842611e-03,2.403591897852552783e-02,-5.527424611760922701e-02,-3.123832713908369918e-02
8.614793039708187328e-01,8.693101533093157141e-01,7.830849338496981282e-03,2.349254801549094385e-02,-5.433709630345839869e-02,-3.084454828796745485e-02
8.616573431703348218e-01,8.693101533093157141e-01,7.652810138980892241e-03,2.295843041694267672e-02,-5.341175985482671251e-02,-3.045332943788403579e-02
8.618323370369070924e-01,8.693101533093157141e-01,7.477816272408621678e-03,2.243344881722586504e-02,-5.249815997168116866e-02,-3.006471115445530362e-02
8.620043244323638554e-01,8.693101533093157141e-01,7.305828876951858675e-03,2.191748663085557602e-02,-5.159621863702890110e-02,-2.967873200617332508e-02
8.621733439546200861e-01,8.693101533093157141e-01,7.136809354695627938e-03,2.141042806408688381e-02,-5.070585667686922093e-02,-2.929542861278233712e-02
8.623394339340150205e-01,8.693101533093157141e-01,6.970719375300693521e-03,2.091215812590208056e-02,-4.982699381848032516e-02,-2.891483569257824460e-02
8.625026324298407099e-01,8.693101533093157141e-01,6.807520879475004172e-03,2.042256263842501252e-02,-4.895954874770680476e-02,-2.853698610928179225e-02
8.626629772270554275e-01,8.693101533093157141e-01,6.647176082260286556e-03,1.994152824678085967e-02,-4.810343916441528478e-02,-2.816191091763442511e-02
8.628205058331783750e-01,8.693101533093157141e-01,6.489647476137339055e-03,1.946894242841201716e-02,-4.725858183688425029e-02,-2.778963940847223313e-02
8.629752554753604699e-01,8.693101533093157141e-01,6.334897833955244195e-03,1.900469350186573259e-02,-4.642489265462845793e-02,-2.742019915276272535e-02
8.631272630976273286e-01,8.693101533093157141e-01,6.182890211688385484e-03,1.854867063506515645e-02,-4.560228668005761321e-02,-2.705361604499245676e-02
8.632765653582896714e-01,8.693101533093157141e-01,6.033587951026042617e-03,1.810076385307812785e-02,-4.479067819870286016e-02,-2.668991434562473231e-02
8.634231986275174853e-01,8.693101533093157141e-01,5.886954681798228783e-03,1.766086404539468635e-02,-4.398998076834415016e-02,-2.632911672294946381e-02
8.635671989850729480e-01,8.693101533093157141e-01,5.742954324242766084e-03,1.722886297272829825e-02,-4.320010726663880973e-02,-2.597124429391051148e-02
8.637086022181990064e-01,8.693101533093157141e-01,5.601551091116707681e-03,1.680465327335012304e-02,-4.242096993781752090e-02,-2.561631666446739786e-02
8.638474438196586114e-01,8.693101533093157141e-01,5.462709489657102679e-03,1.638812846897130804e-02,-4.165248043788150056e-02,-2.526435196891019253e-02
8.639837589859213907e-01,8.693101533093157141e-01,5.326394323394323393e-03,1.597918297018297018e-02,-4.089454987883378578e-02,-2.491536690865081560e-02
8.641175826154933182e-01,8.693101533093157141e-01,5.192570693822395889e-03,1.557771208146718767e-02,-4.014708887157825146e-02,-2.456937679011106379e-02
8.642489493073861606e-01,8.693101533093157141e-01,5.061204001929553442e-03,1.518361200578866033e-02,-3.941000756785273396e-02,-2.422639556206407363e-02
8.643778933597228153e-01,8.693101533093157141e-01,4.932259949592898707e-03,1.479677984877869612e-02,-3.868321570099642059e-02,-2.388643585221772447e-02
8.645044487684743206e-01,8.693101533093157141e-01,4.805704540841393424e-03,1.441711362252418027e-02,-3.796662262545158484e-02,-2.354950900292740457e-02
8.646286492263254297e-01,8.693101533093157141e-01,4.681504082990284310e-03,1.404451224897085293e-02,-3.726013735533273419e-02,-2.321562510636188126e-02
8.647505281216659734e-01,8.693101533093157141e-01,4.559625187649740674e-03,1.367887556294922202e-02,-3.656366860216309078e-02,-2.288479303921386876e-02
8.648701185377025702e-01,8.693101533093157141e-01,4.440034771613143860e-03,1.332010431483943158e-02,-3.587712481097904416e-02,-2.255702049613961258e-02
8.649874532516895753e-01,8.693101533093157141e-01,4.322700057626138737e-03,1.296810017287841621e-02,-3.520041419610153710e-02,-2.223231402322312089e-02
8.651025647342742708e-01,8.693101533093157141e-01,4.207588575041443235e-03,1.262276572512432971e-02,-3.453344477540865043e-02,-2.191067905028432072e-02
8.652154851489538556e-01,8.693101533093157141e-01,4.094668160361858433e-03,1.228400448108557530e-02,-3.387612440387544055e-02,-2.159211992278986525e-02
8.653262463516412373e-01,8.693101533093157141e-01,3.983906957674476779e-03,1.195172087302343034e-02,-3.322836080621449639e-02,-2.127663993319106606e-02
8.654348798903352957e-01,8.693101533093157141e-01,3.875273418980418327e-03,1.162582025694125498e-02,-3.259006160821753539e-02,-2.096424135127628041e-02
8.655414170048941758e-01,8.693101533093157141e-01,3.768736304421538286e-03,1.130620891326461486e-02,-3.196113436766401250e-02,-2.065492545439939764e-02
8.656458886269076114e-01,8.693101533093157141e-01,3.664264682408102658e-03,1.099279404722430797e-02,-3.134148660403068831e-02,-2.034869255680638034e-02
8.657483253796653955e-01,8.693101533093157141e-01,3.561827929650318580e-03,1.068548378895095574e-02,-3.073102582733522325e-02,-2.004554203838426751e-02
8.658487575782193302e-01,8.693101533093157141e-01,3.461395731096383876e-03,1.038418719328915163e-02,-3.012965956618041119e-02,-1.974547237289125956e-02
8.659472152295359937e-01,8.693101533093157141e-01,3.362938079779720368e-03,1.008881423933916111e-02,-2.953729539499905243e-02,-1.944848115565989133e-02
8.660437280327371035e-01,8.693101533093157141e-01,3.266425276578610593e-03,9.799275829735831778e-03,-2.895384096033293275e-02,-1.915456513059710097e-02
8.661383253794251447e-01,8.693101533093157141e-01,3.171827929890569386e-03,9.515483789671708159e-03,-2.837920400641236185e-02,-1.886372021674065369e-02
8.662310363540914881e-01,8.693101533093157141e-01,3.079116955224225904e-03,9.237350865672677713e-03,-2.781329239990304458e-02,-1.857594153423036687e-02
8.663218897346044445e-01,8.693101533093157141e-01,2.988263574711269577e-03,8.964790724133808730e-03,-2.725601415388689830e-02,-1.829122342975308957e-02
8.664109139927743675e-01,8.693101533093157141e-01,2.899239316541346589e-03,8.697717949624039768e-03,-2.670727745097689620e-02,-1.800955950135285644e-02
8.664981372949941418e-01,8.693101533093157141e-01,2.812016014321572221e-03,8.436048042964716664e-03,-2.616699066593231038e-02,-1.773094262296759371e-02
8.665835875029517243e-01,8.693101533093157141e-01,2.726565806363989708e-03,8.179697419091969124e-03,-2.563506238727475406e-02,-1.745536496818278493e-02
8.666672921744124070e-01,8.693101533093157141e-01,2.642861134903307097e-03,7.928583404709921290e-03,-2.511140143820478343e-02,-1.718281803349486214e-02
8.667492785640698028e-01,8.693101533093157141e-01,2.560874745245911299e-03,7.682624235737733898e-03,-2.459591689721873919e-02,-1.691329266148100530e-02
8.668295736244610028e-01,8.693101533093157141e-01,2.480579684854711253e-03,7.441739054564133760e-03,-2.408851811736001380e-02,-1.664677906279588004e-02
8.669082040069459039e-01,8.693101533093157141e-01,2.401949302369810191e-03,7.205847907109430572e-03,-2.358911474547031872e-02,-1.638326683836088815e-02
8.669851960627470433e-01,8.693101533093157141e-01,2.324957246568670755e-03,6.974871739706012264e-03,-2.309761674034183088e-02,-1.612274500063581861e-02
8.670605758440480537e-01,8.693101533093157141e-01,2.249577465267660337e-03,6.748732395802981010e-03,-2.261393439030312535e-02,-1.586520199450014434e-02
8.671343691051496272e-01,8.693101533093157141e-01,2.175784204166086866e-03,6.527352612498260598e-03,-2.213797833047204122e-02,-1.561062571797378062e-02
8.672066013036794363e-01,8.693101533093157141e-01,2.103552005636277755e-03,6.310656016908833266e-03,-2.166965955894273321e-02,-1.535900354203389995e-02
8.672772976018550128e-01,8.693101533093157141e-01,2.032855707460701211e-03,6.098567122382103634e-03,-2.120888945267296322e-02,-1.511032233029085958e-02
8.673464828677975857e-01,8.693101533093157141e-01,1.963670441518128307e-03,5.891011324554384920e-03,-2.075557978277187132e-02,-1.486456845821748640e-02
8.674141816768943247e-01,8.693101533093157141e-01,1.895971632421389330e-03,5.687914897264167990e-03,-2.030964272902169299e-02,-1.462172783175752500e-02
8.674804183132078794e-01,8.693101533093157141e-01,1.829734996107834633e-03,5.489204988323503898e-03,-1.987099089406640928e-02,-1.438178590574290538e-02
8.675452167709308826e-01,8.693101533093157141e-01,1.764936538384831444e-03,5.294809615154494331e-03,-1.943953731690095665e-02,-1.414472770174646232e-02
8.676086007558836410e-01,8.693101533093157141e-01,1.701552553432073012e-03,5.104657660296219035e-03,-1.901519548582752961e-02,-1.391053782553131057e-02
8.676705936870539038e-01,8.693101533093157141e-01,1.639559622261810290e-03,4.918678866785430870e-03,-1.859787935107881651e-02,-1.367920048429338564e-02
8.677312186981757103e-01,8.693101533093157141e-01,1.578934611140003774e-03,4.736803833420011323e-03,-1.818750333654195472e-02,-1.345069950312194340e-02
8.677904986393472075e-01,8.693101533093157141e-01,1.519654669968506511e-03,4.558964009905519532e-03,-1.778398235144917905e-02,-1.322501834154365952e-02
8.678484560786845492e-01,8.693101533093157141e-01,1.461697230631164857e-03,4.385091691893494570e-03,-1.738723180120249623e-02,-1.300214010930900166e-02
8.679051133040109889e-01,8.693101533093157141e-01,1.405040005304725170e-03,4.215120015914175511e-03,-1.699716759793190590e-02,-1.278204758201773039e-02
8.679604923245791692e-01,8.693101533093157141e-01,1.349660984736544833e-03,4.048982954209634499e-03,-1.661370617045410114e-02,-1.256472321624446664e-02
8.680146148728257183e-01,8.693101533093157141e-01,1.295538436489995782e-03,3.886615309469987345e-03,-1.623676447396471545e-02,-1.235014916449472810e-02
8.680675024061558220e-01,8.693101533093157141e-01,1.242650903159892017e-03,3.727952709479676052e-03,-1.586625999903112927e-02,-1.213830728955145322e-02
8.681191761087569958e-01,8.693101533093157141e-01,1.190977200558718252e-03,3.572931601676154756e-03,-1.550211078035212964e-02,-1.192917917867597488e-02
8.681696568934402780e-01,8.693101533093157141e-01,1.140496415875436043e-03,3.421489247626308128e-03,-1.514423540498466281e-02,-1.172274615735835468e-02
8.682189654035078474e-01,8.693101533093157141e-01,1.091187905807866620e-03,3.273563717423599861e-03,-1.479255302027082664e-02,-1.151898930284722677e-02
8.682671220146451763e-01,8.693101533093157141e-01,1.043031294670537790e-03,3.129093884011613369e-03,-1.444698334119864924e-02,-1.131788945718703587e-02
8.683141468368367200e-01,8.693101533093157141e-01,9.960064724789940982e-04,2.988019417436982295e-03,-1.410744665746310744e-02,-1.111942724002612515e-02
8.683600597163042556e-01,8.693101533093157141e-01,9.500935930114584593e-04,2.850280779034375378e-03,-1.377386384026069166e-02,-1.092358306122631628e-02
8.684048802374657594e-01,8.693101533093157141e-01,9.052730718499546470e-04,2.715819215549863941e-03,-1.344615634845114371e-02,-1.073033713290127977e-02
8.684486277249139352e-01,8.693101533093157141e-01,8.615255844017788434e-04,2.584576753205336530e-03,-1.312424623445274108e-02,-1.053966948124740455e-02
8.684913212454139497e-01,8.693101533093157141e-01,8.188320639017643288e-04,2.456496191705292986e-03,-1.280805615000435438e-02,-1.035155995829906139e-02
8.685329796099181543e-01,8.693101533093157141e-01,7.771736993975597585e-04,2.331521098192679275e-03,-1.249750935126137108e-02,-1.016598825306869180e-02
8.685736213755970159e-01,8.693101533093157141e-01,7.365319337186981841e-04,2.209595801156094552e-03,-1.219252970365847233e-02,-9.982933902502377776e-03
8.686132648478857021e-01,8.693101533093157141e-01,6.968884614300119296e-04,2.090665384290035789e-03,-1.189304168660587635e-02,-9.802376302315840562e-03
8.686519280825441003e-01,8.693101533093157141e-01,6.582252267716137695e-04,1.974675680314841308e-03,-1.159897039751944803e-02,-9.624294717204606719e-03
8.686896288877308248e-01,8.693101533093157141e-01,6.205244215848892964e-04,1.861573264754667889e-03,-1.131024155601734194e-02,-9.448668291262674046e-03
8.687263848260884380e-01,8.693101533093157141e-01,5.837684832272760360e-04,1.751305449681828108e-03,-1.102678150728397810e-02,-9.275476057602149993e-03
8.687622132168402178e-01,8.693101533093157141e-01,5.479400924754962432e-04,1.643820277426488730e-03,-1.074851722553393785e-02,-9.104696948107449117e-03
8.687971311378972494e-01,8.693101533093157141e-01,5.130221714184646231e-04,1.539066514255393869e-03,-1.047537631710948602e-02,-8.936309802854092155e-03
8.688311554279739557e-01,8.693101533093157141e-01,4.789978813417583581e-04,1.436993644025275074e-03,-1.020728702301187951e-02,-8.770293378986604438e-03
8.688643026887128418e-01,8.693101533093157141e-01,4.458506206028722829e-04,1.337551861808616849e-03,-9.944178221665822548e-03,-8.606626359857205699e-03
8.688965892868156793e-01,8.693101533093157141e-01,4.135640225000347669e-04,1.240692067500104301e-03,-9.685979430851254790e-03,-8.445287363351150489e-03
8.689280313561822400e-01,8.693101533093157141e-01,3.821219531334740793e-04,1.146365859400422238e-03,-9.432620809968206288e-03,-8.286254950567784050e-03
8.689586448000536922e-01,8.693101533093157141e-01,3.515085092620218177e-04,1.054525527786065453e-03,-9.184033161435678494e-03,-8.129507633649613041e-03
8.689884452931617709e-01,8.693101533093157141e-01,3.217080161539431771e-04,9.651240484618295312e-04,-8.940147932423592181e-03,-7.975023883961762650e-03
8.690174482838814995e-01,8.693101533093157141e-01,2.927050254342145053e-04,8.781150763026435158e-04,-8.700897215918601546e-03,-7.822782139615958030e-03
8.690456689963872439e-01,8.693101533093157141e-01,2.644843129284701888e-04,7.934529387854105664e-04,-8.466213751723294934e-03,-7.672760812937884367e-03
8.690731224328116511e-01,8.693101533093157141e-01,2.370308765040629595e-04,7.110926295121888785e-04,-8.236030927322168793e-03,-7.524938297809979915e-03
8.690998233754062552e-01,8.693101533093157141e-01,2.103299339094588660e-04,6.309898017283765981e-04,-8.010282778381228042e-03,-7.379292976652851443e-03
8.691257863887031920e-01,8.693101533093157141e-01,1.843669206125220228e-04,5.531007618375660684e-04,-7.788903989081052970e-03,-7.235803227243486901e-03
8.691510258216774698e-01,8.693101533093157141e-01,1.591274876382442471e-04,4.773824629147327414e-04,-7.571829892283332697e-03,-7.094447429368599956e-03
8.691755558099087953e-01,8.693101533093157141e-01,1.345974994069187858e-04,4.037924982207563573e-04,-7.358996469397638407e-03,-6.955203971176882050e-03
8.691993902777429559e-01,8.693101533093157141e-01,1.107630315727581305e-04,3.322890947182743915e-04,-7.150340350248196586e-03,-6.818051255529922194e-03
8.692225429404516479e-01,8.693101533093157141e-01,8.761036886406614599e-05,2.628311065921984380e-04,-6.945798812607595352e-03,-6.682967706015396914e-03
8.692450273063897503e-01,8.693101533093157141e-01,6.512600292596371077e-05,1.953780087778911323e-04,-6.745309781430730567e-03,-6.549931772652839435e-03
8.692668566791504903e-01,8.693101533093157141e-01,4.329663016522378172e-05,1.298898904956713451e-04,-6.548811828221978715e-03,-6.418921937726307370e-03
8.692880441597174990e-01,8.693101533093157141e-01,2.210914959821508319e-05,6.632744879464524956e-05,-6.356244170102609559e-03,-6.289916721307964309e-03
8.693086026486124274e-01,8.693101533093157141e-01,1.550660703286688147e-06,4.651982109860064440e-06,-6.167546668478518512e-03,-6.162894686368658448e-03
8.693285448480386757e-01,8.693101533093157141e-01,-1.839153872296162007e-05,-5.517461616888486020e-05,-5.982659827874492464e-03,-6.037834444043377324e-03
8.693478832640205711e-01,8.693101533093157141e-01,-3.772995470485707159e-05,-1.131898641145712148e-04,-5.801524794568635457e-03,-5.914714658683206672e-03
8.693666302085365505e-01,8.693101533093157141e-01,-5.647689922083642955e-05,-1.694306976625092886e-04,-5.624083354793807388e-03,-5.793514052456316676e-03
8.693847978016472355e-01,8.693101533093157141e-01,-7.464449233152148366e-05,-2.239334769945644510e-04,-5.450277933205516234e-03,-5.674211410200080685e-03
8.694023979736169583e-01,8.693101533093157141e-01,-9.224466430124422800e-05,-2.767339929037326840e-04,-5.280051590916823301e-03,-5.556785583820555985e-03
8.694194424670282917e-01,8.693101533093157141e-01,-1.092891577125776337e-04,-3.278674731377329010e-04,-5.113348023400021702e-03,-5.441215496537754603e-03
8.694359428388899191e-01,8.693101533093157141e-01,-1.257895295742050834e-04,-3.773685887226152502e-04,-4.950111558488234920e-03,-5.327480147210850170e-03
8.694519104627368433e-01,8.693101533093157141e-01,-1.417571534211292672e-04,-4.252714602633878016e-04,-4.790287154077255138e-03,-5.215558614340642940e-03
8.694673565307223795e-01,8.693101533093157141e-01,-1.572032214066654277e-04,-4.716096642199962830e-04,-4.633820395660848135e-03,-5.105430059880844418e-03
8.694822920557019330e-01,8.693101533093157141e-01,-1.721387463862189549e-04,-5.164162391586568646e-04,-4.480657493866058161e-03,-4.997073733024715025e-03
8.694967278733081173e-01,8.693101533093157141e-01,-1.865745639924032417e-04,-5.597236919772097252e-04,-4.330745281855286066e-03,-4.890468973832495791e-03
8.695106746440169898e-01,8.693101533093157141e-01,-2.005213347012757552e-04,-6.015640041038272656e-04,-4.184031212661754040e-03,-4.785595216765581306e-03
8.695241428552041851e-01,8.693101533093157141e-01,-2.139895458884710777e-04,-6.419686376654132332e-04,-4.040463356158596753e-03,-4.682431993824009986e-03
8.695371428231919442e-01,8.693101533093157141e-01,-2.269895138762301201e-04,-6.809685416286903603e-04,-3.899990396327712716e-03,-4.580958937956403076e-03
8.695496846952859293e-01,8.693101533093157141e-01,-2.395313859702152826e-04,-7.185941579106458477e-04,-3.762561628195548735e-03,-4.481155786106194583e-03
8.695617784518012705e-01,8.693101533093157141e-01,-2.516251424855564522e-04,-7.548754274566693567e-04,-3.628126954602350906e-03,-4.383002382059020263e-03
8.695734339080783970e-01,8.693101533093157141e-01,-2.632805987626829491e-04,-7.898417962880488474e-04,-3.496636883137949070e-03,-4.286478679425997917e-03
8.695846607164876563e-01,8.693101533093157141e-01,-2.745074071719422193e-04,-8.235222215158266579e-04,-3.368042522777781045e-03,-4.191564744293607703e-03
8.695954683684224973e-01,8.693101533093157141e-01,-2.853150591067832309e-04,-8.559451773203496927e-04,-3.242295580452303483e-03,-4.098240757772653176e-03
8.696058661962815517e-01,8.693101533093157141e-01,-2.957128869658376402e-04,-8.871386608975129207e-04,-3.119348357716322795e-03,-4.006487018613835716e-03
8.696158633754387246e-01,8.693101533093157141e-01,-3.057100661230105487e-04,-9.171301983690316462e-04,-2.999153747151872551e-03,-3.916283945520904197e-03
8.696254689262012949e-01,8.693101533093157141e-01,-3.153156168855808517e-04,-9.459468506567425550e-04,-2.881665228771090881e-03,-3.827612079427833436e-03
8.696346917157559142e-01,8.693101533093157141e-01,-3.245384064402001556e-04,-9.736152193206004668e-04,-2.766836866385791183e-03,-3.740452085706391649e-03
8.696435404601020602e-01,8.693101533093157141e-01,-3.333871507863461758e-04,-1.000161452359038528e-03,-2.654623303843806070e-03,-3.654784756202844598e-03
8.696520237259725006e-01,8.693101533093157141e-01,-3.418704166567865244e-04,-1.025611249970359573e-03,-2.544979761132104557e-03,-3.570591011102464130e-03
8.696601499327418772e-01,8.693101533093157141e-01,-3.499966234261631115e-04,-1.049989870278489335e-03,-2.437862030812976144e-03,-3.487851901091465479e-03
8.696679273543211908e-01,8.693101533093157141e-01,-3.577740450054767152e-04,-1.073322135016430146e-03,-2.333226473794081102e-03,-3.406548608810511247e-03
8.696753641210395180e-01,8.693101533093157141e-01,-3.652108117238039853e-04,-1.095632435171411956e-03,-2.231030015498181029e-03,-3.326662450669592985e-03
8.696824682215128499e-01,8.693101533093157141e-01,-3.723149121971358610e-04,-1.116944736591407583e-03,-2.131230141999562733e-03,-3.248174878590970316e-03
8.696892475044982751e-01,8.693101533093157141e-01,-3.790941951825610445e-04,-1.137282585547683134e-03,-2.033784895627555045e-03,-3.171067481175238179e-03
8.696957096807356180e-01,8.693101533093157141e-01,-3.855563714199039538e-04,-1.156669114259711861e-03,-1.938652871202872774e-03,-3.095321985462584635e-03
8.697018623247744218e-01,8.693101533093157141e-01,-3.917090154587077322e-04,-1.175127046376123197e-03,-1.845793211641133524e-03,-3.020920258017256721e-03
8.697077128767873866e-01,8.693101533093157141e-01,-3.975595674716725370e-04,-1.192678702415017611e-03,-1.755165603889441428e-03,-2.947844306304459039e-03
8.697132686443697080e-01,8.693101533093157141e-01,-4.031153350539939950e-04,-1.209346005161981985e-03,-1.666730274696437419e-03,-2.876076279858419404e-03
8.697185368043240938e-01,8.693101533093157141e-01,-4.083834950083797821e-04,-1.225150485025139346e-03,-1.580447986315736131e-03,-2.805598471340875477e-03
8.697235244044313474e-01,8.693101533093157141e-01,-4.133710951156333024e-04,-1.240113285346899907e-03,-1.496280032176056096e-03,-2.736393317522956004e-03
8.697282383652068516e-01,8.693101533093157141e-01,-4.180850558911375359e-04,-1.254255167673412608e-03,-1.414188232651270027e-03,-2.668443400324682635e-03
8.697326854816422870e-01,8.693101533093157141e-01,-4.225321723265729190e-04,-1.267596516979718757e-03,-1.334134930630614946e-03,-2.601731447610333703e-03
8.697368724249330274e-01,8.693101533093157141e-01,-4.267191156173133493e-04,-1.280157346851940048e-03,-1.256082987222129077e-03,-2.536240334074069125e-03
8.697408057441903262e-01,8.693101533093157141e-01,-4.306524348746121333e-04,-1.291957304623836400e-03,-1.179995777189635220e-03,-2.471953081813471620e-03
8.697444918681394022e-01,8.693101533093157141e-01,-4.343385588236881034e-04,-1.303015676471064310e-03,-1.105837184722791022e-03,-2.408852861193855333e-03
8.697479371068024268e-01,8.693101533093157141e-01,-4.377837974867127002e-04,-1.313351392460138101e-03,-1.033571598907379041e-03,-2.346922991367517142e-03
8.697511476531663011e-01,8.693101533093157141e-01,-4.409943438505870006e-04,-1.322983031551761002e-03,-9.631639091622901105e-04,-2.286146940714051112e-03
8.697541295848361109e-01,8.693101533093157141e-01,-4.439762755203968680e-04,-1.331928826561190604e-03,-8.945795009429602374e-04,-2.226508327504150841e-03
8.697568888656731501e-01,8.693101533093157141e-01,-4.467355563574360033e-04,-1.340206669072308010e-03,-8.277842511117405877e-04,-2.167990920184048598e-03
8.697594313474181771e-01,8.693101533093157141e-01,-4.492780381024630287e-04,-1.347834114307389086e-03,-7.627445235081076191e-04,-2.110578637815496705e-03
8.697617627712993515e-01,8.693101533093157141e-01,-4.516094619836374946e-04,-1.354828385950912484e-03,-6.994271643523397586e-04,-2.054255550303252242e-03
8.697638887696255150e-01,8.693101533093157141e-01,-4.537354603098009420e-04,-1.361206380929402826e-03,-6.377994978490342248e-04,-1.999005878778437051e-03
8.697658148673638179e-01,8.693101533093157141e-01,-4.556615580481038208e-04,-1.366984674144311462e-03,-5.778293214908636344e-04,-1.944813995635175097e-03
8.697675464837025805e-01,8.693101533093157141e-01,-4.573931743868664412e-04,-1.372179523160599324e-03,-5.194849016287861332e-04,-1.891664424789385457e-03
8.697690889335988329e-01,8.693101533093157141e-01,-4.589356242831188482e-04,-1.376806872849356544e-03,-4.627349688757220747e-04,-1.839541841725078619e-03
8.697704474293109778e-01,8.693101533093157141e-01,-4.602941199952637064e-04,-1.380882359985791119e-03,-4.075487136434574609e-04,-1.788431073629248580e-03
8.697716270819156881e-01,8.693101533093157141e-01,-4.614737725999740192e-04,-1.384421317799922058e-03,-3.538957814130938573e-04,-1.738317099213015915e-03
8.697726329028104830e-01,8.693101533093157141e-01,-4.624795934947689702e-04,-1.387438780484306911e-03,-3.017462684384852878e-04,-1.689185048922792198e-03
8.697734698052004276e-01,8.693101533093157141e-01,-4.633164958847135750e-04,-1.389949487654140725e-03,-2.510707169833814589e-04,-1.641020204637522184e-03
8.697741426055698444e-01,8.693101533093157141e-01,-4.639892962541303234e-04,-1.391967888762390970e-03,-2.018401108250245102e-04,-1.593807999587415480e-03
8.697746560251393699e-01,8.693101533093157141e-01,-4.645027158236558762e-04,-1.393508147470967629e-03,-1.540258708576658364e-04,-1.547534018328633465e-03
8.697750146913070246e-01,8.693101533093157141e-01,-4.648613819913105516e-04,-1.394584145973931655e-03,-1.075998502964026216e-04,-1.502183996270334276e-03
8.697752231390750710e-01,8.693101533093157141e-01,-4.650698297593569563e-04,-1.395209489278070869e-03,-6.253433041392142400e-05,-1.457743819691992293e-03
8.697752858124611075e-01,8.693101533093157141e-01,-4.651325031453934500e-04,-1.395397509436180350e-03,-1.880201581094809171e-05,-1.414199525247128442e-03
8.697752070658946177e-01,8.693101533093157141e-01,-4.650537565789036876e-04,-1.395161269736711063e-03,2.362396994692872454e-05,-1.371537299789782338e-03
8.697749911655981991e-01,8.693101533093157141e-01,-4.648378562824850846e-04,-1.394513568847455254e-03,6.477008892558089315e-05,-1.329743479921874361e-03
8.697746422909538033e-01,8.693101533093157141e-01,-4.644889816380892711e-04,-1.393466944914267813e-03,1.046623933187440514e-04,-1.288804551595523762e-03
8.697741645358542106e-01,8.693101533093157141e-01,-4.640112265384965795e-04,-1.392033679615489739e-03,1.433265298778074737e-04,-1.248707149737682265e-03
8.697735619100396276e-01,8.693101533093157141e-01,-4.634086007239135441e-04,-1.390225802171740632e-03,1.807877443749106305e-04,-1.209438057796830002e-03
8.697728383404192964e-01,8.693101533093157141e-01,-4.626850311035823893e-04,-1.388055093310747168e-03,2.170708860993464384e-04,-1.170984207211400729e-03
8.697719976723782276e-01,8.693101533093157141e-01,-4.618443630625135299e-04,-1.385533089187540590e-03,2.522004123206578186e-04,-1.133332676866882771e-03
8.697710436710694992e-01,8.693101533093157141e-01,-4.608903617537851716e-04,-1.382671085261355515e-03,2.862003926185074931e-04,-1.096470692642848022e-03
8.697699800226914579e-01,8.693101533093157141e-01,-4.598267133757438785e-04,-1.379480140127231635e-03,3.190945134123879257e-04,-1.060385626714843710e-03
8.697688103357508194e-01,8.693101533093157141e-01,-4.586570264351053083e-04,-1.375971079305315925e-03,3.509060821915710449e-04,-1.025064997113744880e-03
8.697675381423104479e-01,8.693101533093157141e-01,-4.573848329947338698e-04,-1.372154498984201609e-03,3.816580321114315666e-04,-9.904964668727700428e-04
8.697661668992233697e-01,8.693101533093157141e-01,-4.560135899076556143e-04,-1.368040769722966843e-03,4.113729261234766454e-04,-9.566678435994901974e-04
8.697646999893519082e-01,8.693101533093157141e-01,-4.545466800361941395e-04,-1.363640040108582419e-03,4.400729614384424337e-04,-9.235670786701399848e-04
8.697631407227726097e-01,8.693101533093157141e-01,-4.529874134568956379e-04,-1.358962240370686914e-03,4.677799737895504961e-04,-8.911822665811364175e-04
8.697614923379666241e-01,8.693101533093157141e-01,-4.513390286509100235e-04,-1.354017085952730071e-03,4.945154417956842963e-04,-8.595016441570457744e-04
8.697597580029962083e-01,8.693101533093157141e-01,-4.496046936804942717e-04,-1.348814081041482815e-03,5.203004911247255393e-04,-8.285135899167572759e-04
8.697579408166667969e-01,8.693101533093157141e-01,-4.477875073510828585e-04,-1.343362522053248576e-03,5.451558988234239678e-04,-7.982066232298246078e-04
8.697560438096750834e-01,8.693101533093157141e-01,-4.458905003593693905e-04,-1.337671501078108172e-03,5.691020975140403948e-04,-7.685694035640677768e-04
8.697540699457430025e-01,8.693101533093157141e-01,-4.439166364272884024e-04,-1.331749909281865207e-03,5.921591796242964278e-04,-7.395907296575687795e-04
8.697520221227379444e-01,8.693101533093157141e-01,-4.418688134222303887e-04,-1.325606440266691166e-03,6.143469015174041203e-04,-7.112595387492870458e-04
8.697499031737790931e-01,8.693101533093157141e-01,-4.397498644633790477e-04,-1.319249593390137143e-03,6.356846876554023140e-04,-6.835649057347348290e-04
8.697477158683296627e-01,8.693101533093157141e-01,-4.375625590139486931e-04,-1.312687677041846079e-03,6.561916348291063628e-04,-6.564960422127397166e-04
8.697454629132760351e-01,8.693101533093157141e-01,-4.353096039603210343e-04,-1.305928811880963103e-03,6.758865160882976397e-04,-6.300422957926654632e-04
8.697431469539927962e-01,8.693101533093157141e-01,-4.329936446770821235e-04,-1.298980934031246370e-03,6.947877849716732612e-04,-6.041931490595731091e-04
8.697407705753946727e-01,8.693101533093157141e-01,-4.306172660789586715e-04,-1.291851798236876014e-03,7.129135794370355939e-04,-5.789382187998404206e-04
8.697383363029745906e-01,8.693101533093157141e-01,-4.281829936588765761e-04,-1.284548980976629728e-03,7.302817260246285969e-04,-5.542672549520011316e-04
8.697358466038290770e-01,8.693101533093157141e-01,-4.256932945133629076e-04,-1.277079883540088723e-03,7.469097436541005663e-04,-5.301701398859881564e-04
8.697333038876695621e-01,8.693101533093157141e-01,-4.231505783538480614e-04,-1.269451735061544184e-03,7.628148478544538591e-04,-5.066368872070903251e-04
8.697307105078213585e-01,8.693101533093157141e-01,-4.205571985056444362e-04,-1.261671595516933309e-03,7.780139544610875646e-04,-4.836576410558457439e-04
8.697280687622089834e-01,8.693101533093157141e-01,-4.179154528932693680e-04,-1.253746358679808104e-03,7.925236837125204659e-04,-4.612226749672876380e-04
8.697253808943291586e-01,8.693101533093157141e-01,-4.152275850134445889e-04,-1.245682755040333767e-03,8.063603639474337115e-04,-4.393223910929000553e-04
8.697226490942101540e-01,7.535343167895415251e-01,-1.161883323046686289e-01,-3.485649969140058868e-01,0.000000000000000000e+00,-3.485649969140058868e-01
8.696850607943997780e-01,7.535343167895415251e-01,-1.161507440048582529e-01,-3.484522320145747587e-01,1.127648994311281072e-02,-3.371757420714619480e-01
8.696137549203822870e-01,7.535343167895415251e-01,-1.160794381308407619e-01,-3.482383143925222857e-01,2.139176220524729999e-02,-3.268465521872749857e-01
8.695097643911460228e-01,7.535343167895415251e-01,-1.159754476016044977e-01,-3.479263428048134932e-01,3.119715877087925193e-02,-3.167291840339342412e-01
8.693741009435064226e-01,7.535343167895415251e-01,-1.158397841539648976e-01,-3.475193524618946928e-01,4.069903429188004296e-02,-3.068203181700146498e-01
8.692077554640498249e-01,7.535343167895415251e-01,-1.156734386745082999e-01,-3.470203160235248996e-01,4.990364383697931672e-02,-2.971166721865455829e-01
8.690116983173745702e-01,7.535343167895415251e-01,-1.154773815278330451e-01,-3.464321445834991353e-01,5.881714400257642694e-02,-2.876150005809227084e-01
8.687868796706411656e-01,7.535343167895415251e-01,-1.152525628810996405e-01,-3.457576886432989216e-01,6.744559402002137105e-02,-2.783120946232775506e-01
8.685342298144455020e-01,7.535343167895415251e-01,-1.149999130249039769e-01,-3.449997390747119308e-01,7.579495685869908073e-02,-2.692047822160128501e-01
8.682546594800282236e-01,7.535343167895415251e-01,-1.147203426904866985e-01,-3.441610280714600956e-01,8.387110032518352298e-02,-2.602899277462765726e-01
8.679490601528362381e-01,7.535343167895415251e-01,-1.144147433632947131e-01,-3.432442300898841392e-01,9.167979815759563778e-02,-2.515644319322885014e-01
8.676183043824510221e-01,7.535343167895415251e-01,-1.140839875929094971e-01,-3.422519627787284913e-01,9.922673111556479242e-02,-2.430252316631636988e-01
8.672632460888994865e-01,7.535343167895415251e-01,-1.137289292993579615e-01,-3.411867878980738844e-01,1.065174880654606859e-01,-2.346692998326131985e-01
8.668847208653647218e-01,7.535343167895415251e-01,-1.133504040758231968e-01,-3.400512122274695903e-01,1.135575670604294096e-01,-2.264936451670401807e-01
8.664835462773132768e-01,7.535343167895415251e-01,-1.129492294877717518e-01,-3.388476884633152553e-01,1.203523764154335041e-01,-2.184953120478817512e-01
8.660605221580570667e-01,7.535343167895415251e-01,-1.125262053685155417e-01,-3.375786161055466250e-01,1.269072357768630255e-01,-2.106713803286835995e-01
8.656164309007680080e-01,7.535343167895415251e-01,-1.120821141112264829e-01,-3.362463423336794488e-01,1.332273771867176215e-01,-2.030189651469618273e-01
8.651520377469642531e-01,7.535343167895415251e-01,-1.116177209574227280e-01,-3.348531628722681841e-01,1.393179461411264697e-01,-1.955352167311417144e-01
8.646680910714873436e-01,7.535343167895415251e-01,-1.111337742819458185e-01,-3.334013228458374556e-01,1.451840026430728514e-01,-1.882173202027646042e-01
8.641653226639901542e-01,7.535343167895415251e-01,-1.106310058744486291e-01,-3.318930176233458873e-01,1.508305222491568287e-01,-1.810624953741890586e-01
8.636444480069555008e-01,7.535343167895415251e-01,-1.101101312174139757e-01,-3.303303936522419271e-01,1.562623971103960230e-01,-1.740679965418459041e-01
8.631061665502667291e-01,7.535343167895415251e-01,-1.095718497607252040e-01,-3.287155492821756120e-01,1.614844370066315093e-01,-1.672311122755441026e-01
8.625511619823503784e-01,7.535343167895415251e-01,-1.090168451928088533e-01,-3.270505355784265600e-01,1.665013703749051999e-01,-1.605491652035213601e-01
8.619801024979136805e-01,7.535343167895415251e-01,-1.084457857083721555e-01,-3.253373571251164664e-01,1.713178453310093552e-01,-1.540195117941071112e-01
8.613936410622975437e-01,7.535343167895415251e-01,-1.078593242727560186e-01,-3.235779728182680559e-01,1.759384306848410517e-01,-1.476395421334270042e-01
8.607924156724681142e-01,7.535343167895415251e-01,-1.072580988829265891e-01,-3.217742966487797673e-01,1.803676169488288572e-01,-1.414066796999509101e-01
8.601770496146686762e-01,7.535343167895415251e-01,-1.066427328251271511e-01,-3.199281984753814534e-01,1.846098173398313946e-01,-1.353183811355500588e-01
8.595481517187556486e-01,7.535343167895415251e-01,-1.060138349292141235e-01,-3.180415047876423706e-01,1.886693687739082748e-01,-1.293721360137340959e-01
8.589063166092412160e-01,7.535343167895415251e-01,-1.053719998196996910e-01,-3.161159994590990729e-01,1.925505328543297701e-01,-1.235654666047693029e-01
8.582521249530663532e-01,7.535343167895415251e-01,-1.047178081635248281e-01,-3.141534244905744844e-01,1.962574968524588570e-01,-1.178959276381156274e-01
8.575861437041276680e-01,7.535343167895415251e-01,-1.040518269145861430e-01,-3.121554807437584289e-01,1.997943746816055466e-01,-1.123611060621528823e-01
8.569089263445828220e-01,7.535343167895415251e-01,-1.033746095550412969e-01,-3.101238286651238907e-01,2.031652078634538228e-01,-1.069586208016700679e-01
8.562210131229577303e-01,7.535343167895415251e-01,-1.026866963334162053e-01,-3.080600890002486159e-01,2.063739664875274826e-01,-1.016861225127211332e-01
8.555229312890814120e-01,7.535343167895415251e-01,-1.019886144995398869e-01,-3.059658434986196607e-01,2.094245501628955175e-01,-9.654129333572414318e-02
8.548151953258714686e-01,7.535343167895415251e-01,-1.012808785363299435e-01,-3.038426356089898306e-01,2.123207889629830092e-01,-9.152184664600682140e-02
8.540983071779969515e-01,7.535343167895415251e-01,-1.005639903884554265e-01,-3.016919711653662795e-01,2.150664443623551136e-01,-8.662552680301116581e-02
8.533727564774421515e-01,7.535343167895415251e-01,-9.983843968790062640e-02,-2.995153190637018792e-01,2.176652101664400263e-01,-8.185010889726185290e-02
8.526390207659976239e-01,7.535343167895415251e-01,-9.910470397645609886e-02,-2.973141119293682966e-01,2.201207134333582616e-01,-7.719339849601003500e-02
8.518975657147035419e-01,7.535343167895415251e-01,-9.836324892516201679e-02,-2.950897467754860504e-01,2.224365153882246204e-01,-7.265323138726142993e-02
8.511488453402706877e-01,7.535343167895415251e-01,-9.761452855072916268e-02,-2.928435856521874880e-01,2.246161123298562323e-01,-6.822747332233125572e-02
8.503933022185056201e-01,7.535343167895415251e-01,-9.685898542896409502e-02,-2.905769562868922851e-01,2.266629365295202980e-01,-6.391401975737198704e-02
8.496313676947647719e-01,7.535343167895415251e-01,-9.609705090522324689e-02,-2.882911527156697407e-01,2.285803571222544406e-01,-5.971079559341530008e-02
8.488634620914645712e-01,7.535343167895415251e-01,-9.532914530192304614e-02,-2.859874359057691384e-01,2.303716809900602236e-01,-5.561575491570891483e-02
8.480899949126728954e-01,7.535343167895415251e-01,-9.455567812313137033e-02,-2.836670343693941110e-01,2.320401536375027440e-01,-5.162688073189136695e-02
8.473113650458079515e-01,7.535343167895415251e-01,-9.377704825626642648e-02,-2.813311447687992795e-01,2.335889600594831528e-01,-4.774218470931612668e-02
8.465279609604721145e-01,7.535343167895415251e-01,-9.299364417093058943e-02,-2.789809325127917683e-01,2.350212256007511158e-01,-4.395970691204065250e-02
8.457401609044450375e-01,7.535343167895415251e-01,-9.220584411490351240e-02,-2.766175323447105372e-01,2.363400168081231101e-01,-4.027751553658742711e-02
8.449483330968643457e-01,7.535343167895415251e-01,-9.141401630732282069e-02,-2.742420489219684621e-01,2.375483422742075135e-01,-3.669370664776094859e-02
8.441528359186188935e-01,7.535343167895415251e-01,-9.061851912907736839e-02,-2.718555573872321052e-01,2.386491534736356890e-01,-3.320640391359641619e-02
8.433540180999820057e-01,7.535343167895415251e-01,-8.981970131044048067e-02,-2.694591039313214420e-01,2.396453455910663166e-01,-2.981375834025512539e-02
8.425522189055111300e-01,7.535343167895415251e-01,-8.901790211596960489e-02,-2.670537063479088147e-01,2.405397583412627327e-01,-2.651394800664608198e-02
8.417477683162395419e-01,7.535343167895415251e-01,-8.821345152669801681e-02,-2.646403545800940504e-01,2.413351767814764237e-01,-2.330517779861762673e-02
8.409409872091880844e-01,7.535343167895415251e-01,-8.740667041964655937e-02,-2.622200112589396781e-01,2.420343321154372340e-01,-2.018567914350244408e-02
8.401321875342223633e-01,7.535343167895415251e-01,-8.659787074468083823e-02,-2.597936122340425147e-01,2.426399024897163414e-01,-1.715370974432617324e-02
8.393216724882821556e-01,7.535343167895415251e-01,-8.578735569874063049e-02,-2.573620670962218915e-01,2.431545137820623204e-01,-1.420755331415957112e-02
8.385097366870105651e-01,7.535343167895415251e-01,-8.497541989746904001e-02,-2.549262596924071200e-01,2.435807403814771455e-01,-1.134551931092997457e-02
8.376966663338079044e-01,7.535343167895415251e-01,-8.416234954426637938e-02,-2.524870486327991381e-01,2.439211059607981902e-01,-8.565942672000947944e-03
8.368827393863380593e-01,7.535343167895415251e-01,-8.334842259679653420e-02,-2.500452677903896026e-01,2.441780842409535524e-01,-5.867183549436050249e-03
8.360682257205132029e-01,7.535343167895415251e-01,-8.253390893097167780e-02,-2.476017267929150334e-01,2.443540997474569210e-01,-3.247627045458112427e-03
8.352533872919838398e-01,7.535343167895415251e-01,-8.171907050244231474e-02,-2.451572115073269442e-01,2.444515285588089171e-01,-7.056829485180271533e-04
8.344384782951596025e-01,7.535343167895415251e-01,-8.090416150561807740e-02,-2.427124845168542322e-01,2.444726990472712025e-01,1.760214530416970291e-03
8.336237453197884451e-01,7.535343167895415251e-01,-8.008942853024691999e-02,-2.402682855907407600e-01,2.444198926113472226e-01,4.151607020606462584e-03
8.328094275051193263e-01,7.535343167895415251e-01,-7.927511071557780120e-02,-2.378253321467334036e-01,2.442953444007356367e-01,6.470012254002233121e-03
8.319957566916755809e-01,7.535343167895415251e-01,-7.846143990213405583e-02,-2.353843197064021675e-01,2.441012440331236100e-01,8.716924326721442462e-03
8.311829575706645157e-01,7.535343167895415251e-01,-7.764864078112299062e-02,-2.329459223433689719e-01,2.438397363033195653e-01,1.089381395995059343e-02
8.303712478310494305e-01,7.535343167895415251e-01,-7.683693104150790543e-02,-2.305107931245237163e-01,2.435129218845255572e-01,1.300212876000184092e-02
8.295608383043103773e-01,7.535343167895415251e-01,-7.602652151476885223e-02,-2.280795645443065567e-01,2.431228580217159596e-01,1.504329347740940293e-02
8.287519331069190809e-01,7.535343167895415251e-01,-7.521761631737755582e-02,-2.256528489521326675e-01,2.426715592173889213e-01,1.701871026525625386e-02
8.279447297805543338e-01,7.535343167895415251e-01,-7.441041299101280870e-02,-2.232312389730384261e-01,2.421609979094241361e-01,1.892975893638570994e-02
8.271394194300831781e-01,7.535343167895415251e-01,-7.360510264054165308e-02,-2.208153079216249592e-01,2.415931051413466868e-01,2.077779721972172755e-02
8.263361868593339654e-01,7.535343167895415251e-01,-7.280187006979244035e-02,-2.184056102093773211e-01,2.409697712247638179e-01,2.256416101538649688e-02
8.255352107046862731e-01,7.535343167895415251e-01,-7.200089391514474801e-02,-2.160026817454342440e-01,2.402928463943077020e-01,2.429016464887345794e-02
8.247366635665035473e-01,7.535343167895415251e-01,-7.120234677696202219e-02,-2.136070403308860666e-01,2.395641414548177472e-01,2.595710112393168068e-02
8.239407121384332289e-01,7.535343167895415251e-01,-7.040639534889170381e-02,-2.112191860466751114e-01,2.387854284210955136e-01,2.756624237442040215e-02
8.231475173346003427e-01,7.535343167895415251e-01,-6.961320054505881760e-02,-2.088396016351764528e-01,2.379584411498658625e-01,2.911883951468940968e-02
8.223572344147188629e-01,7.535343167895415251e-01,-6.882291762517733780e-02,-2.064687528755320134e-01,2.370848759644439419e-01,3.061612308891192846e-02
8.215700131071462797e-01,7.535343167895415251e-01,-6.803569631760475467e-02,-2.041070889528142640e-01,2.361663922717749386e-01,3.205930331896067464e-02
8.207859977299055698e-01,7.535343167895415251e-01,-6.725168094036404476e-02,-2.017550428210921343e-01,2.352046131722129729e-01,3.344957035112083865e-02
8.200053273096999940e-01,7.535343167895415251e-01,-6.647101052015846889e-02,-1.994130315604754067e-01,2.342011260616727597e-01,3.478809450119735303e-02
8.192281356989445928e-01,7.535343167895415251e-01,-6.569381890940306779e-02,-1.970814567282092034e-01,2.331574832266203323e-01,3.607602649841112896e-02
8.184545516908390272e-01,7.535343167895415251e-01,-6.492023490129750218e-02,-1.947607047038925066e-01,2.320752024316696804e-01,3.731449772777717389e-02
8.176846991325061875e-01,7.535343167895415251e-01,-6.415038234296466246e-02,-1.924511470288939874e-01,2.309557674998519161e-01,3.850462047095792872e-02
8.169186970362204425e-01,7.535343167895415251e-01,-6.338438024667891746e-02,-1.901531407400367524e-01,2.298006288857235013e-01,3.964748814568674895e-02
8.161566596887492864e-01,7.535343167895415251e-01,-6.262234289920776131e-02,-1.878670286976232839e-01,2.286112042413468437e-01,4.074417554372355976e-02
8.153986967588324752e-01,7.535343167895415251e-01,-6.186437996929095018e-02,-1.855931399078728505e-01,2.273888789750433403e-01,4.179573906717048981e-02
8.146449134028224126e-01,7.535343167895415251e-01,-6.111059661328088755e-02,-1.833317898398426626e-01,2.261350068030187899e-01,4.280321696317612723e-02
8.138954103685086539e-01,7.535343167895415251e-01,-6.036109357896712879e-02,-1.810832807369013864e-01,2.248509102941276261e-01,4.376762955722623971e-02
8.131502840971506219e-01,7.535343167895415251e-01,-5.961596730760909679e-02,-1.788479019228272904e-01,2.235378814074095999e-01,4.468997948458230951e-02
8.124096268237410712e-01,7.535343167895415251e-01,-5.887531003419954612e-02,-1.766259301025986383e-01,2.221971820228652028e-01,4.557125192026656446e-02
8.116735266755235045e-01,7.535343167895415251e-01,-5.813920988598197948e-02,-1.744176296579459384e-01,2.208300444652699923e-01,4.641241480732405389e-02
8.109420677687867451e-01,7.535343167895415251e-01,-5.740775097924522008e-02,-1.722232529377356602e-01,2.194376720210278187e-01,4.721441908329215842e-02
8.102153303039583143e-01,7.535343167895415251e-01,-5.668101351441678926e-02,-1.700430405432503678e-01,2.180212394485292471e-01,4.797819890527887932e-02
8.094933906590203732e-01,7.535343167895415251e-01,-5.595907386947884810e-02,-1.678772216084365443e-01,2.165818934813823482e-01,4.870467187294580391e-02
8.087763214812697665e-01,7.535343167895415251e-01,-5.524200469172824146e-02,-1.657260140751847244e-01,2.151207533251819903e-01,4.939473924999726595e-02
8.080641917774441518e-01,7.535343167895415251e-01,-5.452987498790262677e-02,-1.635896249637078803e-01,2.136389111476844072e-01,5.004928618397652684e-02
8.073570670022368612e-01,7.535343167895415251e-01,-5.382275021269533610e-02,-1.614682506380860083e-01,2.121374325621872003e-01,5.066918192410119204e-02
8.066550091452220350e-01,7.535343167895415251e-01,-5.312069235568050996e-02,-1.593620770670415299e-01,2.106173571044478443e-01,5.125528003740631444e-02
8.059580768162108999e-01,7.535343167895415251e-01,-5.242376002666937485e-02,-1.572712800800081245e-01,2.090796987033405330e-01,5.180841862333240844e-02
8.052663253290621714e-01,7.535343167895415251e-01,-5.173200853952064637e-02,-1.551960256185619391e-01,2.075254461446185417e-01,5.232942052605660255e-02
8.045798067839660117e-01,7.535343167895415251e-01,-5.104548999442448665e-02,-1.531364699832734599e-01,2.059555635288479181e-01,5.281909354557445813e-02
8.038985701482244117e-01,7.535343167895415251e-01,-5.036425335868288666e-02,-1.510927600760486600e-01,2.043709907224799949e-01,5.327823064643133488e-02
8.032226613355474276e-01,7.535343167895415251e-01,-4.968834454600590256e-02,-1.490650336380177077e-01,2.027726438030952316e-01,5.370761016507752394e-02
8.025521232838869201e-01,7.535343167895415251e-01,-4.901780649434539505e-02,-1.470534194830361852e-01,2.011614154981522518e-01,5.410799601511606660e-02
8.018869960318280032e-01,7.535343167895415251e-01,-4.835267924228647818e-02,-1.450580377268594345e-01,1.995381756176750621e-01,5.448013789081562752e-02
8.012273167935581863e-01,7.535343167895415251e-01,-4.769300000401666129e-02,-1.430790000120499839e-01,1.979037714809450677e-01,5.482477146889508379e-02
8.005731200324351926e-01,7.535343167895415251e-01,-4.703880324289366754e-02,-1.411164097286810026e-01,1.962590283368981225e-01,5.514261860821711991e-02
7.999244375331729939e-01,7.535343167895415251e-01,-4.639012074363146887e-02,-1.391703622308944066e-01,1.946047497786596026e-01,5.543438754776519595e-02
7.992812984726656023e-01,7.535343167895415251e-01,-4.574698168312407720e-02,-1.372409450493722316e-01,1.929417181522175007e-01,5.570077310284526906e-02
7.986437294894684902e-01,7.535343167895415251e-01,-4.510941269992696512e-02,-1.353282380997808954e-01,1.912706949591336247e-01,5.594245685935272938e-02
7.980117547519572918e-01,7.535343167895415251e-01,-4.447743796241576675e-02,-1.334323138872473002e-01,1.895924212533595110e-01,5.616010736611221077e-02
7.973853960251827688e-01,7.535343167895415251e-01,-4.385107923564124377e-02,-1.315532377069237313e-01,1.879076180323568934e-01,5.635438032543316211e-02
7.967646727364408044e-01,7.535343167895415251e-01,-4.323035594689927930e-02,-1.296910678406978379e-01,1.862169866225893422e-01,5.652591878189150432e-02
7.961496020395769646e-01,7.535343167895415251e-01,-4.261528525003543955e-02,-1.278458557501063186e-01,1.845212090591519249e-01,5.667535330904560631e-02
7.955401988780440581e-01,7.535343167895415251e-01,-4.200588208850253302e-02,-1.260176462655075991e-01,1.828209484598719570e-01,5.680330219436435790e-02
7.949364760467305668e-01,7.535343167895415251e-01,-4.140215925718904177e-02,-1.242064777715671253e-01,1.811168493940473745e-01,5.691037162248024917e-02
7.943384442525793787e-01,7.535343167895415251e-01,-4.080412746303785365e-02,-1.224123823891135610e-01,1.794095382453564369e-01,5.699715585624287595e-02
7.937461121740138070e-01,7.535343167895415251e-01,-4.021179538447228197e-02,-1.206353861534168459e-01,1.776996235696715054e-01,5.706423741625465951e-02
7.931594865191898824e-01,7.535343167895415251e-01,-3.962516972964835738e-02,-1.188755091889450721e-01,1.759876964471773775e-01,5.711218725823230535e-02
7.925785720830916814e-01,7.535343167895415251e-01,-3.904425529355015634e-02,-1.171327658806504690e-01,1.742743308294603111e-01,5.714156494880984205e-02
7.920033718034884540e-01,7.535343167895415251e-01,-3.846905501394692894e-02,-1.154071650418407868e-01,1.725600838809682180e-01,5.715291883912743121e-02
7.914338868157690943e-01,7.535343167895415251e-01,-3.789957002622756921e-02,-1.136987100786827076e-01,1.708454963158079210e-01,5.714678623712521333e-02
7.908701165066734928e-01,7.535343167895415251e-01,-3.733579971713196777e-02,-1.120073991513959033e-01,1.691310927286804322e-01,5.712369357728452890e-02
7.903120585669355380e-01,7.535343167895415251e-01,-3.677774177739401296e-02,-1.103332253321820389e-01,1.674173819213864434e-01,5.708415658920440450e-02
7.897597090428565281e-01,7.535343167895415251e-01,-3.622539225331500301e-02,-1.086761767599450090e-01,1.657048572237029838e-01,5.702868046375797473e-02
7.892130623868238715e-01,7.535343167895415251e-01,-3.567874559728234640e-02,-1.070362367918470392e-01,1.639939968097969825e-01,5.695776001794994325e-02
7.886721115067930610e-01,7.535343167895415251e-01,-3.513779471725153591e-02,-1.054133841517546077e-01,1.622852640092431464e-01,5.687187985748853869e-02
7.881368478147480205e-01,7.535343167895415251e-01,-3.460253102520649549e-02,-1.038075930756194865e-01,1.605791076135121287e-01,5.677151453789264224e-02
7.876072612741567003e-01,7.535343167895415251e-01,-3.407294448461517522e-02,-1.022188334538455257e-01,1.588759621773960795e-01,5.665712872355055385e-02
7.870833404464377958e-01,7.535343167895415251e-01,-3.354902365689627075e-02,-1.006470709706888123e-01,1.571762483156713408e-01,5.652917734498252855e-02
7.865650725364533580e-01,7.535343167895415251e-01,-3.303075574691183292e-02,-9.909226724073549875e-02,1.554803729953313507e-01,5.638810575459585195e-02
7.860524434370443903e-01,7.535343167895415251e-01,-3.251812664750286519e-02,-9.755437994250859557e-02,1.537887298226903177e-01,5.623434988018172209e-02
7.855454377726234227e-01,7.535343167895415251e-01,-3.201112098308189768e-02,-9.603336294924569305e-02,1.521016993262902517e-01,5.606833637704455864e-02
7.850440389418401610e-01,7.535343167895415251e-01,-3.150972215229863593e-02,-9.452916645689590780e-02,1.504196492349785252e-01,5.589048277808261744e-02
7.845482291593347535e-01,7.535343167895415251e-01,-3.101391236979322841e-02,-9.304173710937968522e-02,1.487429347516222577e-01,5.570119764224257253e-02
7.840579894965935548e-01,7.535343167895415251e-01,-3.052367270705202973e-02,-9.157101812115608919e-02,1.470718988223596035e-01,5.550088070120351436e-02
7.835732999219224837e-01,7.535343167895415251e-01,-3.003898313238095863e-02,-9.011694939714287589e-02,1.454068724013213298e-01,5.528992300417845396e-02
7.830941393395518535e-01,7.535343167895415251e-01,-2.955982255001032843e-02,-8.867946765003098530e-02,1.437481747111890584e-01,5.506870706115807312e-02
7.826204856278873301e-01,7.535343167895415251e-01,-2.908616883834580502e-02,-8.725850651503741506e-02,1.420961134993570241e-01,5.483760698431960900e-02
7.821523156769212282e-01,7.535343167895415251e-01,-2.861799888737970310e-02,-8.585399666213910930e-02,1.404509852898305766e-01,5.459698862769146732e-02
7.816896054248179126e-01,7.535343167895415251e-01,-2.815528863527638759e-02,-8.446586590582916276e-02,1.388130756309946534e-01,5.434720972516549065e-02
7.812323298936870719e-01,7.535343167895415251e-01,-2.769801310414554685e-02,-8.309403931243664054e-02,1.371826593392522220e-01,5.408862002681558145e-02
7.807804632245588516e-01,7.535343167895415251e-01,-2.724614643501732658e-02,-8.173843930505197974e-02,1.355600007384660799e-01,5.382156143341410015e-02
7.803339787115740611e-01,7.535343167895415251e-01,-2.679966192203253605e-02,-8.039898576609760816e-02,1.339453538954371581e-01,5.354636812933954992e-02
7.798928488354022193e-01,7.535343167895415251e-01,-2.635853204586069420e-02,-7.907559613758208261e-02,1.323389628515525551e-01,5.326336671397047251e-02
7.794570452959017626e-01,7.535343167895415251e-01,-2.592272850636023751e-02,-7.776818551908071253e-02,1.307410618501370081e-01,5.297287633105629556e-02
7.790265390440344051e-01,7.535343167895415251e-01,-2.549222225449288004e-02,-7.647666676347864012e-02,1.291518755602072410e-01,5.267520879672860090e-02
7.786013003130466403e-01,7.535343167895415251e-01,-2.506698352350511527e-02,-7.520095057051534582e-02,1.275716192963294304e-01,5.237066872581408461e-02
7.781812986489314854e-01,7.535343167895415251e-01,-2.464698185938996033e-02,-7.394094557816988100e-02,1.260004992345464814e-01,5.205955365637660037e-02
7.777665029401820140e-01,7.535343167895415251e-01,-2.423218615064048898e-02,-7.269655845192146693e-02,1.244387126248414077e-01,5.174215417291994079e-02
7.773568814468497790e-01,7.535343167895415251e-01,-2.382256465730825390e-02,-7.146769397192476170e-02,1.228864479996705228e-01,5.141875402774576109e-02
7.769524018289203360e-01,7.535343167895415251e-01,-2.341808503937881092e-02,-7.025425511813643276e-02,1.213438853788328942e-01,5.108963026069646141e-02
7.765530311740169722e-01,7.535343167895415251e-01,-2.301871438447544715e-02,-6.905614315342634146e-02,1.198111964710091293e-01,5.075505331758278782e-02
7.761587360244454059e-01,7.535343167895415251e-01,-2.262441923490388085e-02,-6.787325770471164255e-02,1.182885448714698917e-01,5.041528716675824917e-02
7.757694824035904491e-01,7.535343167895415251e-01,-2.223516561404892400e-02,-6.670549684214677200e-02,1.167760862564870550e-01,5.007058941434028299e-02
7.753852358416769563e-01,7.535343167895415251e-01,-2.185091905213543129e-02,-6.555275715640629386e-02,1.152739685740478137e-01,4.972121141764151986e-02
7.750059614009052744e-01,7.535343167895415251e-01,-2.147164461136374936e-02,-6.441493383409124807e-02,1.137823322315045793e-01,4.936739839741333125e-02
7.746316236999732929e-01,7.535343167895415251e-01,-2.109730691043176787e-02,-6.329192073129530360e-02,1.123013102795944462e-01,4.900938954829914262e-02
7.742621869379960886e-01,7.535343167895415251e-01,-2.072787014845456355e-02,-6.218361044536369064e-02,1.108310285931612960e-01,4.864741814779760531e-02
7.738976149178337094e-01,7.535343167895415251e-01,-2.036329812829218433e-02,-6.108989438487655299e-02,1.093716060487137653e-01,4.828171166383721236e-02
7.735378710688377568e-01,7.535343167895415251e-01,-2.000355427929623175e-02,-6.001066283788869526e-02,1.079231546987857726e-01,4.791249186089707734e-02
7.731829184690278689e-01,7.535343167895415251e-01,-1.964860167948634384e-02,-5.894580503845903152e-02,1.064857799429663743e-01,4.753997490450734276e-02
7.728327198667084286e-01,7.535343167895415251e-01,-1.929840307716690351e-02,-5.789520923150071052e-02,1.050595806958320999e-01,4.716437146433138938e-02
7.724872377015353786e-01,7.535343167895415251e-01,-1.895292091199385354e-02,-5.685876273598156061e-02,1.036446495519149913e-01,4.678588681593343068e-02
7.721464341250439123e-01,7.535343167895415251e-01,-1.861211733550238723e-02,-5.583635200650716168e-02,1.022410729474398927e-01,4.640472094093273103e-02
7.718102710206465877e-01,7.535343167895415251e-01,-1.827595423110506268e-02,-5.482786269331518803e-02,1.008489313191973658e-01,4.602106862588217773e-02
7.714787100231118577e-01,7.535343167895415251e-01,-1.794439323357033267e-02,-5.383317970071099801e-02,9.946829926041900194e-02,4.563511955970800393e-02
7.711517125375331183e-01,7.535343167895415251e-01,-1.761739574799159325e-02,-5.285218724397477974e-02,9.809924567362182657e-02,4.524705842964704683e-02
7.708292397577972688e-01,7.535343167895415251e-01,-1.729492296825574371e-02,-5.188476890476723113e-02,9.674183392075486054e-02,4.485706501598762941e-02
7.705112526845631082e-01,7.535343167895415251e-01,-1.697693589502158318e-02,-5.093080768506474953e-02,9.539612197024815998e-02,4.446531428518341045e-02
7.701977121427574513e-01,7.535343167895415251e-01,-1.666339535321592624e-02,-4.999018605964777873e-02,9.406216254169708080e-02,4.407197648204930207e-02
7.698885787985999540e-01,7.535343167895415251e-01,-1.635426200905842897e-02,-4.906278602717528692e-02,9.274000324724918087e-02,4.367721722007389396e-02
7.695838131761644219e-01,7.535343167895415251e-01,-1.604949638662289679e-02,-4.814848915986869038e-02,9.142968673065965390e-02,4.328119757079096352e-02
7.692833756734860362e-01,7.535343167895415251e-01,-1.574905888394451114e-02,-4.724717665183353343e-02,9.013125080351569451e-02,4.288407415168216108e-02
7.689872265782228267e-01,7.535343167895415251e-01,-1.545290978868130161e-02,-4.635872936604390482e-02,8.884472857896286158e-02,4.248599921291895676e-02
7.686953260828809364e-01,7.535343167895415251e-01,-1.516100929333941139e-02,-4.548302788001823416e-02,8.757014860256706612e-02,4.208712072254883196e-02
7.684076342996112308e-01,7.535343167895415251e-01,-1.487331751006970570e-02,-4.461995253020911711e-02,8.630753498091170428e-02,4.168758245070258717e-02
7.681241112745865740e-01,7.535343167895415251e-01,-1.458979448504504894e-02,-4.376938345513514683e-02,8.505690750739702821e-02,4.128752405226188138e-02
7.678447170019672141e-01,7.535343167895415251e-01,-1.431040021242568905e-02,-4.293120063727706714e-02,8.381828178580796873e-02,4.088708114853090159e-02
7.675694114374627119e-01,7.535343167895415251e-01,-1.403509464792118688e-02,-4.210528394376356065e-02,8.259166935135064946e-02,4.048638540758708881e-02
7.672981545114989643e-01,7.535343167895415251e-01,-1.376383772195743926e-02,-4.129151316587231779e-02,8.137707778912428580e-02,4.008556462325196801e-02
7.670309061419975372e-01,7.535343167895415251e-01,-1.349658935245601210e-02,-4.048976805736803630e-02,8.017451085042814896e-02,3.968474279306011265e-02
7.667676262467754134e-01,7.535343167895415251e-01,-1.323330945723388830e-02,-3.969992837170166489e-02,7.898396856663714161e-02,3.928404019493547672e-02
7.665082747555727050e-01,7.535343167895415251e-01,-1.297395796603117990e-02,-3.892187389809353970e-02,7.780544736081251855e-02,3.888357346271897885e-02
7.662528116217163232e-01,7.535343167895415251e-01,-1.271849483217479815e-02,-3.815548449652439444e-02,7.663894015691452566e-02,3.848345566039013121e-02
7.660011968334259347e-01,7.535343167895415251e-01,-1.246688004388440962e-02,-3.740064013165322887e-02,7.548443648711655740e-02,3.808379635546332853e-02
7.657533904247710854e-01,7.535343167895415251e-01,-1.221907363522956036e-02,-3.665722090568868108e-02,7.434192259645477918e-02,3.768470169076609810e-02
7.655093524862853771e-01,7.535343167895415251e-01,-1.197503569674385204e-02,-3.592510709023155613e-02,7.321138154571249501e-02,3.728627445548093888e-02
7.652690431752452449e-01,7.535343167895415251e-01,-1.173472638570371984e-02,-3.520417915711115953e-02,7.209279331203966024e-02,3.688861415492850071e-02
7.650324227256205534e-01,7.535343167895415251e-01,-1.149810593607902831e-02,-3.449431780823708493e-02,7.098613488740745936e-02,3.649181707917037443e-02
7.647994514577037828e-01,7.535343167895415251e-01,-1.126513466816225773e-02,-3.379540400448677318e-02,6.989138037503117573e-02,3.609597637054440256e-02
7.645700897874240232e-01,7.535343167895415251e-01,-1.103577299788249810e-02,-3.310731899364749431e-02,6.880850108392788655e-02,3.570118209028039225e-02
7.643442982353533255e-01,7.535343167895415251e-01,-1.080998144581180043e-02,-3.242994433743540128e-02,6.773746562120930292e-02,3.530752128377390164e-02
7.641220374354110723e-01,7.535343167895415251e-01,-1.058772064586954720e-02,-3.176316193760864159e-02,6.667823998267596863e-02,3.491507804506732704e-02
7.639032681432732508e-01,7.535343167895415251e-01,-1.036895135373172572e-02,-3.110685406119517715e-02,6.563078764134644416e-02,3.452393358015126701e-02
7.636879512444935125e-01,7.535343167895415251e-01,-1.015363445495198746e-02,-3.046090336485596239e-02,6.459506963392147583e-02,3.413416626906551343e-02
7.634760477623406816e-01,7.535343167895415251e-01,-9.941730972799156518e-03,-2.982519291839746955e-02,6.357104464584928394e-02,3.374585172745181438e-02
7.632675188653605947e-01,7.535343167895415251e-01,-9.733202075819069599e-03,-2.919960622745720880e-02,6.255866909402607590e-02,3.335906286656886710e-02
7.630623258746671578e-01,7.535343167895415251e-01,-9.528009085125632716e-03,-2.858402725537689815e-02,6.155789720803106491e-02,3.297386995265416676e-02
7.628604302709689478e-01,7.535343167895415251e-01,-9.326113481427422691e-03,-2.797834044428226807e-02,6.056868110946300732e-02,3.259034066518073924e-02
7.626617937013372428e-01,7.535343167895415251e-01,-9.127476911795717740e-03,-2.738243073538715322e-02,5.959097088951148535e-02,3.220854015412433213e-02
7.624663779857209223e-01,7.535343167895415251e-01,-8.932061196179397200e-03,-2.679618358853819160e-02,5.862471468489616200e-02,3.182853109635797040e-02
7.622741451232142307e-01,7.535343167895415251e-01,-8.739828333672705618e-03,-2.621948500101811685e-02,5.766985875200747458e-02,3.145037375098935772e-02
7.620850572980827353e-01,7.535343167895415251e-01,-8.550740508541210261e-03,-2.565222152562363078e-02,5.672634753944860719e-02,3.107412601382497641e-02
7.618990768855525841e-01,7.535343167895415251e-01,-8.364760096011059076e-03,-2.509428028803317723e-02,5.579412375904535537e-02,3.069984347101217814e-02
7.617161664573695035e-01,7.535343167895415251e-01,-8.181849667827978401e-03,-2.454554900348393520e-02,5.487312845492420266e-02,3.032757945144026746e-02
7.615362887871315323e-01,7.535343167895415251e-01,-8.001971997590007213e-03,-2.400591599277002164e-02,5.396330107139135634e-02,2.995738507862133471e-02
7.613594068554014882e-01,7.535343167895415251e-01,-7.825090065859963140e-03,-2.347527019757988942e-02,5.306457951901322190e-02,2.958930932143333248e-02
7.611854838546036062e-01,7.535343167895415251e-01,-7.651167065062081107e-03,-2.295350119518624332e-02,5.217690023936460975e-02,2.922339904417836642e-02
7.610144831937101229e-01,7.535343167895415251e-01,-7.480166404168597794e-03,-2.244049921250579338e-02,5.130019826804499417e-02,2.885969905553920078e-02
7.608463685027221368e-01,7.535343167895415251e-01,-7.312051713180611756e-03,-2.193615513954183527e-02,5.043440729639581122e-02,2.849825215685397595e-02
7.606811036369498513e-01,7.535343167895415251e-01,-7.146786847408326260e-03,-2.144036054222497878e-02,4.957945973168564890e-02,2.813909918946067013e-02
7.605186526810965297e-01,7.535343167895415251e-01,-6.984335891555004672e-03,-2.095300767466501402e-02,4.873528675599647642e-02,2.778227908133146240e-02
7.603589799531513815e-01,7.535343167895415251e-01,-6.824663163609856475e-03,-2.047398949082956943e-02,4.790181838354445887e-02,2.742782889271488944e-02
7.602020500080954868e-01,7.535343167895415251e-01,-6.667733218553961727e-03,-2.000319965566188518e-02,4.707898351676842452e-02,2.707578386110653934e-02
7.600478276414256440e-01,7.535343167895415251e-01,-6.513510851884118935e-03,-1.954053255565235681e-02,4.626671000095283759e-02,2.672617744530048078e-02
7.598962778925003603e-01,7.535343167895415251e-01,-6.361961102958835212e-03,-1.908588330887650564e-02,4.546492467758511680e-02,2.637904136870861116e-02
7.597473660477119806e-01,7.535343167895415251e-01,-6.213049258170455502e-03,-1.863914777451136651e-02,4.467355343651391308e-02,2.603440566200254658e-02
7.596010576434898409e-01,7.535343167895415251e-01,-6.066740853948315859e-03,-1.820022256184494758e-02,4.389252126664189291e-02,2.569229870479694533e-02
7.594573184691381096e-01,7.535343167895415251e-01,-5.923001679596584523e-03,-1.776900503878975357e-02,4.312175230551940075e-02,2.535274726672964718e-02
7.593161145695130898e-01,7.535343167895415251e-01,-5.781797779971564744e-03,-1.734539333991469423e-02,4.236116988750593393e-02,2.501577654759123970e-02
7.591774122475427600e-01,7.535343167895415251e-01,-5.643095458001234910e-03,-1.692928637400370473e-02,4.161069659109895014e-02,2.468141021709524541e-02
7.590411780665942132e-01,7.535343167895415251e-01,-5.506861277052688131e-03,-1.652058383115806439e-02,4.087025428456403375e-02,2.434967045340596936e-02
7.589073788526909947e-01,7.535343167895415251e-01,-5.373062063149469658e-03,-1.611918618944840897e-02,4.013976417096554172e-02,2.402057798151713275e-02
7.587759816965858883e-01,7.535343167895415251e-01,-5.241664907044363275e-03,-1.572499472113308983e-02,3.941914683153191490e-02,2.369415211039882507e-02
7.586469539556918162e-01,7.535343167895415251e-01,-5.112637166150291179e-03,-1.533791149845087354e-02,3.870832226822162880e-02,2.337041076977075527e-02
7.585202632558747382e-01,7.535343167895415251e-01,-4.985946466333213145e-03,-1.495783939899963944e-02,3.800720994512341022e-02,2.304937054612377079e-02
7.583958774931123248e-01,7.535343167895415251e-01,-4.861560703570799724e-03,-1.458468211071239917e-02,3.731572882872402630e-02,2.273104671801162713e-02
7.582737648350216242e-01,7.535343167895415251e-01,-4.739448045480099125e-03,-1.421834413644029738e-02,3.663379742721017962e-02,2.241545329076988224e-02
7.581538937222600527e-01,7.535343167895415251e-01,-4.619576932718527651e-03,-1.385873079815558295e-02,3.596133382847144233e-02,2.210260303031585938e-02
7.580362328698014851e-01,7.535343167895415251e-01,-4.501916080259960040e-03,-1.350574824077988012e-02,3.529825573757028323e-02,2.179250749679040311e-02
7.579207512680926628e-01,7.535343167895415251e-01,-4.386434478551137772e-03,-1.315930343565341332e-02,3.464448051264668038e-02,2.148517707699326706e-02
7.578074181840914747e-01,7.535343167895415251e-01,-4.273101394549949639e-03,-1.281930418364984892e-02,3.399992520035644006e-02,2.118062101670659114e-02
7.576962031621919946e-01,7.535343167895415251e-01,-4.161886372650469568e-03,-1.248565911795140870e-02,3.336450656984402130e-02,2.087884745189261260e-02
7.575870760250377201e-01,7.535343167895415251e-01,-4.052759235496194989e-03,-1.215827770648858497e-02,3.273814114628237348e-02,2.057986343979378852e-02
7.574800068742274517e-01,7.535343167895415251e-01,-3.945690084685926635e-03,-1.183707025405777991e-02,3.212074524308050627e-02,2.028367498902272636e-02
7.573749660909160353e-01,7.535343167895415251e-01,-3.840649301374510216e-03,-1.152194790412353065e-02,3.151223499342492573e-02,1.999028708930139508e-02
7.572719243363135178e-01,7.535343167895415251e-01,-3.737607546771992695e-03,-1.121282264031597808e-02,3.091252638075525638e-02,1.969970374043927830e-02
7.571708525520850497e-01,7.535343167895415251e-01,-3.636535762543524619e-03,-1.090960728763057386e-02,3.032153526854042269e-02,1.941192798090984883e-02
7.570717219606546422e-01,7.535343167895415251e-01,-3.537405171113117142e-03,-1.061221551333935142e-02,2.973917742912224327e-02,1.912696191578289184e-02
7.569745040654158874e-01,7.535343167895415251e-01,-3.440187275874362349e-03,-1.032056182762308705e-02,2.916536857162643770e-02,1.884480674400335065e-02
7.568791706508515293e-01,7.535343167895415251e-01,-3.344853861310004284e-03,-1.003456158393001285e-02,2.860002436930741965e-02,1.856546278537740680e-02
7.567856937825656605e-01,7.535343167895415251e-01,-3.251376993024135409e-03,-9.754130979072406227e-03,2.804306048576066246e-02,1.828892950668825623e-02
7.566940458072305420e-01,7.535343167895415251e-01,-3.159729017689016928e-03,-9.479187053067050783e-03,2.749439260053554435e-02,1.801520554746849356e-02
7.566041993524501574e-01,7.535343167895415251e-01,-3.069882562908632373e-03,-9.209647688725897119e-03,2.695393643411536644e-02,1.774428874538946932e-02
7.565161273265442743e-01,7.535343167895415251e-01,-2.981810537002749228e-03,-8.945431611008247685e-03,2.642160777176494335e-02,1.747617616075669567e-02
7.564298029182544569e-01,7.535343167895415251e-01,-2.895486128712931873e-03,-8.686458386138795618e-03,2.589732248694520678e-02,1.721086410080641116e-02
7.563451995963746954e-01,7.535343167895415251e-01,-2.810882806833170378e-03,-8.432648420499511133e-03,2.538099656392844850e-02,1.694834814342893736e-02
7.562622911093093148e-01,7.535343167895415251e-01,-2.727974319767789702e-03,-8.183922959303369105e-03,2.487254611961420281e-02,1.668862316031083370e-02
7.561810514845599407e-01,7.535343167895415251e-01,-2.646734695018415628e-03,-7.940204085055246885e-03,2.437188742481222192e-02,1.643168333975697504e-02
7.561014550281445201e-01,7.535343167895415251e-01,-2.567138238602995060e-03,-7.701414715808985179e-03,2.387893692462617068e-02,1.617752220881718550e-02
7.560234763239500611e-01,7.535343167895415251e-01,-2.489159534408535990e-03,-7.467478603225607969e-03,2.339361125833772093e-02,1.592613265511211296e-02
7.559470902330210906e-01,7.535343167895415251e-01,-2.412773443479565572e-03,-7.238320330438696715e-03,2.291582727869112546e-02,1.567750694825242874e-02
7.558722718927869400e-01,7.535343167895415251e-01,-2.337955103245414890e-03,-7.013865309736244669e-03,2.244550207024520461e-02,1.543163676050895994e-02
7.557989967162288547e-01,7.535343167895415251e-01,-2.264679926687329647e-03,-6.794039780061988942e-03,2.198255296742557263e-02,1.518851318736358369e-02
7.557272403909894853e-01,7.535343167895415251e-01,-2.192923601447960280e-03,-6.578770804343880840e-03,2.152689757181081021e-02,1.494812676746692937e-02
7.556569788784268660e-01,7.535343167895415251e-01,-2.122662088885340914e-03,-6.367986266656022742e-03,2.107845376878580979e-02,1.471046750212978704e-02
7.555881884126144366e-01,7.535343167895415251e-01,-2.053871623072911490e-03,-6.161614869218734469e-03,2.063713974372882731e-02,1.447552487451009284e-02
7.555208454992894396e-01,7.535343167895415251e-01,-1.986528709747914512e-03,-5.959586129243743535e-03,2.020287399749909341e-02,1.424328786825534987e-02
7.554549269147513568e-01,7.535343167895415251e-01,-1.920610125209831764e-03,-5.761830375629495293e-03,1.977557536142482419e-02,1.401374498579532890e-02
7.553904097047118293e-01,7.535343167895415251e-01,-1.856092915170304281e-03,-5.568278745510912842e-03,1.935516301185824517e-02,1.378688426634733233e-02
7.553272711830989472e-01,7.535343167895415251e-01,-1.792954393557422144e-03,-5.378863180672266431e-03,1.894155648386464108e-02,1.356269330319237465e-02
7.552654889308163533e-01,7.535343167895415251e-01,-1.731172141274828213e-03,-5.193516423824484640e-03,1.853467568477817906e-02,1.334115926095369442e-02
7.552050407944598254e-01,7.535343167895415251e-01,-1.670724004918300309e-03,-5.012172014754900928e-03,1.813444090695837119e-02,1.312226889220347026e-02
7.551459048849925582e-01,7.535343167895415251e-01,-1.611588095451033098e-03,-4.834764286353099294e-03,1.774077284018016343e-02,1.290600855382706413e-02
7.550880595763806991e-01,7.535343167895415251e-01,-1.553742786839173995e-03,-4.661228360517521985e-03,1.735359258355773093e-02,1.269236422304020895e-02
7.550314835041911365e-01,7.535343167895415251e-01,-1.497166714649611485e-03,-4.491500143948834456e-03,1.697282165686875288e-02,1.248132151291991843e-02
7.549761555641528732e-01,7.535343167895415251e-01,-1.441838774611348128e-03,-4.325516323834044385e-03,1.659838201147900705e-02,1.227286568764496266e-02
7.549220549106833156e-01,7.535343167895415251e-01,-1.387738121141790515e-03,-4.163214363425371545e-03,1.623019604086728407e-02,1.206698167744191252e-02
7.548691609553814796e-01,7.535343167895415251e-01,-1.334844165839954577e-03,-4.004532497519863732e-03,1.586818659055078129e-02,1.186365409303091756e-02
7.548174533654889995e-01,7.535343167895415251e-01,-1.283136575947474434e-03,-3.849409727842423301e-03,1.551227696774404308e-02,1.166286723990161978e-02
7.547669120623204941e-01,7.535343167895415251e-01,-1.232595272778969075e-03,-3.697785818336907226e-03,1.516239095055160746e-02,1.146460513221470023e-02
7.547175172196651793e-01,7.535343167895415251e-01,-1.183200430123654279e-03,-3.549601290370962836e-03,1.481845279659443904e-02,1.126885150622347620e-02
7.546692492621605020e-01,7.535343167895415251e-01,-1.134932472618976895e-03,-3.404797417856930686e-03,1.448038725140321503e-02,1.107558983354628435e-02
7.546220888636392399e-01,7.535343167895415251e-01,-1.087772074097714814e-03,-3.263316222293144442e-03,1.414811955637862440e-02,1.088480333408547995e-02
7.545760169454512889e-01,7.535343167895415251e-01,-1.041700155909763836e-03,-3.125100467729291509e-03,1.382157545638529328e-02,1.069647498865600177e-02
7.545310146747622460e-01,7.535343167895415251e-01,-9.966978852207208917e-04,-2.990093655662162675e-03,1.350068120671288341e-02,1.051058755105072073e-02
7.544870634628283446e-01,7.535343167895415251e-01,-9.527466732868195010e-04,-2.858240019860458503e-03,1.318536358017041721e-02,1.032712356030995871e-02
7.544441449632504071e-01,7.535343167895415251e-01,-9.098281737088820265e-04,-2.729484521126646079e-03,1.287554987338124235e-02,1.014606535225459627e-02
7.544022410702077019e-01,7.535343167895415251e-01,-8.679242806661768839e-04,-2.603772841998530652e-03,1.257116791281154278e-02,9.967395070813012126e-03
7.543613339166721499e-01,7.535343167895415251e-01,-8.270171271306248073e-04,-2.481051381391874422e-03,1.227214606066562297e-02,9.791094679273748547e-03
7.543214058726044335e-01,7.535343167895415251e-01,-7.870890830629084789e-04,-2.361267249188725437e-03,1.197841322031489852e-02,9.617145971126173087e-03
7.542824395431338980e-01,7.535343167895415251e-01,-7.481227535923729022e-04,-2.244368260777118707e-03,1.168989884116067302e-02,9.445530580383554309e-03
7.542444177667213534e-01,7.535343167895415251e-01,-7.101009771798283410e-04,-2.130302931539485023e-03,1.140653292376336836e-02,9.276229992223883336e-03
7.542073236133081116e-01,7.535343167895415251e-01,-6.730068237665864928e-04,-2.019020471299759478e-03,1.112824602397255447e-02,9.109225552672794990e-03
7.541711403824501447e-01,7.535343167895415251e-01,-6.368235929086196734e-04,-1.910470778725859020e-03,1.085496925739004581e-02,8.944498478664186791e-03
7.541358516014400326e-01,7.535343167895415251e-01,-6.015348118985075487e-04,-1.804604435695522646e-03,1.058663430303363739e-02,8.782029867338114748e-03
7.541014410234165855e-01,7.535343167895415251e-01,-5.671242338750603906e-04,-1.701372701625181172e-03,1.032317340703414743e-02,8.621800705408966259e-03
7.540678926254636982e-01,7.535343167895415251e-01,-5.335758359221731695e-04,-1.600727507766519508e-03,1.006451938586616635e-02,8.463791878099646837e-03
7.540351906066986576e-01,7.535343167895415251e-01,-5.008738171571325282e-04,-1.502621451471397584e-03,9.810605629512192394e-03,8.307984178040794809e-03
7.540033193863513450e-01,7.535343167895415251e-01,-4.690025968098199272e-04,-1.407007790429459781e-03,9.561366104193780302e-03,8.154358313764320521e-03
7.539722636018354462e-01,7.535343167895415251e-01,-4.379468122939211838e-04,-1.313840436881763551e-03,9.316735354769623001e-03,8.002894917887859449e-03
7.539420081068113344e-01,7.535343167895415251e-01,-4.076913172698093391e-04,-1.223073951809428017e-03,9.076648507233553431e-03,7.853574555424125414e-03
7.539125379692427353e-01,7.535343167895415251e-01,-3.782211797012102750e-04,-1.134663539103630825e-03,8.841041270579719225e-03,7.706377731476088400e-03
7.538838384694472872e-01,7.535343167895415251e-01,-3.495216799057621060e-04,-1.048565039717286318e-03,8.609849938634450695e-03,7.561284898917164377e-03
7.538558950981417706e-01,7.535343167895415251e-01,-3.215783086002454993e-04,-9.647349258007364980e-04,8.383011391654981992e-03,7.418276465854245494e-03
7.538286935544827871e-01,7.535343167895415251e-01,-2.943767649412620813e-04,-8.831302948237862438e-04,8.160463097695025425e-03,7.277332802871239181e-03
7.538022197441041072e-01,7.535343167895415251e-01,-2.679029545625821740e-04,-8.037088636877465220e-04,7.942143113603972182e-03,7.138434249916225660e-03
7.537764597771504649e-01,7.535343167895415251e-01,-2.421429876089398192e-04,-7.264289628268194576e-04,7.727990086092706434e-03,7.001561123265886977e-03
7.537513999663091324e-01,7.535343167895415251e-01,-2.170831767676073554e-04,-6.512495303028220661e-04,7.517943252399739151e-03,6.866693722096917085e-03
7.537270268248400518e-01,7.535343167895415251e-01,-1.927100352985267051e-04,-5.781301058955801153e-04,7.311942440724195080e-03,6.733812334828614965e-03
7.537033270646044114e-01,7.535343167895415251e-01,-1.690102750628863504e-04,-5.070308251886590512e-04,7.109928070692106417e-03,6.602897245503447365e-03
7.536802875940933344e-01,7.535343167895415251e-01,-1.459708045518093300e-04,-4.379124136554279900e-04,6.911841153323106113e-03,6.473928739667678123e-03
7.536578955164562332e-01,7.535343167895415251e-01,-1.235787269147081702e-04,-3.707361807441245105e-04,6.717623291130347951e-03,6.346887110386223441e-03
7.536361381275301641e-01,7.535343167895415251e-01,-1.018213379886390157e-04,-3.054640139659170472e-04,6.527216677820746327e-03,6.221752663854829279e-03
7.536150029138705131e-01,7.535343167895415251e-01,-8.068612432898802922e-05,-2.420583729869640877e-04,6.340564097895295959e-03,6.098505724908331871e-03
7.535944775507833482e-01,7.535343167895415251e-01,-6.016076124182312412e-05,-1.804822837254693724e-04,6.157608926149471529e-03,5.977126642424002156e-03
7.535745499003604353e-01,7.535343167895415251e-01,-4.023311081891023377e-05,-1.206993324567307013e-04,5.978295126873867105e-03,5.857595794417136403e-03
7.535552080095169192e-01,7.535343167895415251e-01,-2.089121997539411524e-05,-6.267365992618234571e-05,5.802567253054835561e-03,5.739893593128653215e-03
7.535364401080326680e-01,7.535343167895415251e-01,-2.123318491142889286e-06,-6.369955473428667858e-06,5.630370445275367786e-03,5.624000489801939118e-03
7.535182346065973924e-01,7.535343167895415251e-01,1.608218294413266136e-05,4.824654883239798409e-05,5.461650430582665194e-03,5.509896979415063178e-03
7.535005800948600951e-01,7.535343167895415251e-01,3.373669468142992400e-05,1.012100840442897720e-04,5.296353521189178792e-03,5.397563605233468564e-03
7.534834653394832937e-01,7.535343167895415251e-01,5.085145005823132891e-05,1.525543501746939867e-04,5.134426613040421472e-03,5.286980963215115459e-03
7.534668792822029060e-01,7.535343167895415251e-01,6.743750733861908486e-05,2.023125220158572546e-04,4.975817184116326786e-03,5.178129706132184040e-03
7.534508110378931312e-01,7.535343167895415251e-01,8.350575164839391107e-05,2.505172549451817332e-04,4.820473292932447862e-03,5.070990547877629595e-03
7.534352498926381037e-01,7.535343167895415251e-01,9.906689690342140864e-05,2.972006907102642259e-04,4.668343576508249271e-03,4.965544267218513497e-03
7.534201853018097639e-01,7.535343167895415251e-01,1.141314877317611831e-04,3.423944631952835493e-04,4.519377248501932343e-03,4.861771711697215892e-03
7.534056068881526125e-01,7.535343167895415251e-01,1.287099013889125843e-04,3.861297041667377528e-04,4.373524097145420342e-03,4.759653801312158095e-03
7.533915044398755700e-01,7.535343167895415251e-01,1.428123496659550185e-04,4.284370489978650554e-04,4.230734483112730260e-03,4.659171532110595315e-03
7.533778679087517194e-01,7.535343167895415251e-01,1.564488807898056777e-04,4.693466423694170331e-04,4.090959337155197773e-03,4.560305979524614806e-03
7.533646874082258194e-01,7.535343167895415251e-01,1.696293813157057073e-04,5.088881439471171220e-04,3.954150157770008889e-03,4.463038301717126011e-03
7.533519532115301454e-01,7.535343167895415251e-01,1.823635780113797011e-04,5.470907340341391034e-04,3.820259008702198145e-03,4.367349742736337248e-03
7.533396557498087676e-01,7.535343167895415251e-01,1.946610397327575015e-04,5.839831191982725045e-04,3.689238516413340108e-03,4.273221635611612612e-03
7.533277856102509329e-01,7.535343167895415251e-01,2.065311792905921706e-04,6.195935378717765118e-04,3.561041867350400736e-03,4.180635405222177248e-03
7.533163335342336620e-01,7.535343167895415251e-01,2.179832553078631108e-04,6.539497659235893323e-04,3.435622805181282047e-03,4.089572571104871379e-03
7.533052904154734497e-01,7.535343167895415251e-01,2.290263740680753557e-04,6.870791222042260671e-04,3.312935628063673477e-03,4.000014750267899544e-03
7.532946472981882913e-01,7.535343167895415251e-01,2.396694913532337878e-04,7.190084740597013635e-04,3.192935185547529642e-03,3.911943659607231005e-03
7.532843953752690336e-01,7.535343167895415251e-01,2.499214142724914822e-04,7.497642428174744467e-04,3.075576875777308317e-03,3.825341118594782763e-03
7.532745259864617182e-01,7.535343167895415251e-01,2.597908030798068424e-04,7.793724092394205272e-04,2.960816642194608050e-03,3.740189051434028578e-03
7.532650306165594722e-01,7.535343167895415251e-01,2.692861729820528183e-04,8.078585189461584548e-04,2.848610970673792764e-03,3.656469489619951219e-03
7.532559008936061673e-01,7.535343167895415251e-01,2.784158959353577600e-04,8.352476878060732801e-04,2.738916885991482530e-03,3.574164573797555811e-03
7.532471285871102928e-01,7.535343167895415251e-01,2.871882024312322201e-04,8.615646072936966604e-04,2.631691948762338029e-03,3.493256556056034690e-03
7.532387056062700426e-01,7.535343167895415251e-01,2.956111832714825027e-04,8.868335498144475082e-04,2.526894252075084779e-03,3.413727801889532287e-03
7.532306239982099472e-01,7.535343167895415251e-01,3.036927913315778937e-04,9.110783739947336812e-04,2.424482418028617303e-03,3.335560792023350984e-03
7.532228759462290535e-01,7.535343167895415251e-01,3.114408433124715714e-04,9.343225299374147141e-04,2.324415594268103291e-03,3.258738124205518005e-03
7.532154537680605388e-01,7.535343167895415251e-01,3.188630214809862196e-04,9.565890644429586587e-04,2.226653450554394453e-03,3.183242514997353112e-03
7.532083499141435379e-01,7.535343167895415251e-01,3.259668753979871880e-04,9.779006261939615641e-04,2.131156175100290540e-03,3.109056801294252104e-03
7.532015569659067378e-01,7.535343167895415251e-01,3.327598236347872884e-04,9.982794709043618653e-04,2.037884471040030121e-03,3.036163941944391986e-03
7.531950676340640749e-01,7.535343167895415251e-01,3.392491554774501594e-04,1.017747466432350478e-03,1.946799552798861299e-03,2.964547019231211777e-03
7.531888747569233100e-01,7.535343167895415251e-01,3.454420326182150447e-04,1.036326097854645134e-03,1.857863142229465581e-03,2.894189240084110715e-03
7.531829712987065939e-01,7.535343167895415251e-01,3.513454908349311623e-04,1.054036472504793487e-03,1.771037465014835277e-03,2.825073937519628764e-03
7.531773503478836895e-01,7.535343167895415251e-01,3.569664416578355315e-04,1.070899324973506594e-03,1.686285246871310761e-03,2.757184571844817356e-03
7.531720051155179618e-01,7.535343167895415251e-01,3.623116740235632349e-04,1.086935022070689705e-03,1.603569709718311032e-03,2.690504731789000736e-03
7.531669289336253570e-01,7.535343167895415251e-01,3.673878559161680712e-04,1.102163567748504214e-03,1.522854567781450896e-03,2.625018135529955110e-03
7.531621152535463715e-01,7.535343167895415251e-01,3.722015359951535984e-04,1.116604607985460795e-03,1.444104023695658157e-03,2.560708631681118952e-03
7.531575576443304554e-01,7.535343167895415251e-01,3.767591452110696792e-04,1.130277435633209038e-03,1.367282764774824244e-03,2.497560200408033282e-03
7.531532497911346269e-01,7.535343167895415251e-01,3.810669984068981719e-04,1.143200995220694516e-03,1.292355958748547806e-03,2.435556953969242322e-03
7.531491854936341879e-01,7.535343167895415251e-01,3.851312959073371900e-04,1.155393887722011570e-03,1.219289250131705415e-03,2.374683137853716985e-03
7.531453586644475395e-01,7.535343167895415251e-01,3.889581250939855295e-04,1.166874375281956588e-03,1.148048755994501846e-03,2.314923131276458435e-03
7.531417633275739876e-01,7.535343167895415251e-01,3.925534619675374870e-04,1.177660385902612461e-03,1.078601062065587257e-03,2.256261447968199718e-03
7.531383936168453141e-01,7.535343167895415251e-01,3.959231726962109121e-04,1.187769518088632736e-03,1.010913218602027541e-03,2.198682736690660278e-03
7.531352437743902284e-01,7.535343167895415251e-01,3.990730151512966728e-04,1.197219045453890018e-03,9.449527365257281986e-04,2.142171781979618217e-03
7.531323081491133609e-01,7.535343167895415251e-01,4.020086404281641990e-04,1.206025921284492597e-03,8.806875830602578503e-04,2.086713504344750447e-03
7.531295811951869146e-01,7.535343167895415251e-01,4.047355943546104839e-04,1.214206783063831452e-03,8.180861779338854944e-04,2.032292960997716946e-03
7.531270574705566379e-01,7.535343167895415251e-01,4.072593189848872086e-04,1.221777956954661626e-03,7.571173890830174003e-04,1.978895346037679026e-03
7.531247316354608978e-01,7.535343167895415251e-01,4.095851540806272340e-04,1.228755462241881702e-03,6.977505287220076013e-04,1.926505990963889303e-03
7.531225984509642979e-01,7.535343167895415251e-01,4.117183385772271720e-04,1.235155015731681516e-03,6.399553489799814088e-04,1.875110364711662925e-03
7.531206527775041737e-01,7.535343167895415251e-01,4.136640120373513696e-04,1.240992036112054109e-03,5.837020380372592854e-04,1.824694074149313394e-03
7.531188895734514110e-01,7.535343167895415251e-01,4.154272160901140154e-04,1.246281648270342046e-03,5.289612158287937405e-04,1.775242864099135787e-03
7.531173038936850306e-01,7.535343167895415251e-01,4.170128958564944810e-04,1.251038687569483443e-03,4.757039299141396782e-04,1.726742617483623121e-03
7.531158908881804281e-01,7.535343167895415251e-01,4.184259013610969191e-04,1.255277704083290757e-03,4.239016513807314368e-04,1.679179355464022194e-03
7.531146458006113820e-01,7.535343167895415251e-01,4.196709889301430962e-04,1.259012966790429289e-03,3.735262707138531368e-04,1.632539237504282426e-03
7.531135639669660486e-01,7.535343167895415251e-01,4.207528225754764151e-04,1.262258467726429245e-03,3.245500935999956482e-04,1.586808561326424893e-03
7.531126408141769479e-01,7.535343167895415251e-01,4.216759753645771269e-04,1.265027926093731381e-03,2.769458367302135571e-04,1.541973762823944938e-03
7.531118718587640481e-01,7.535343167895415251e-01,4.224449307774769125e-04,1.267334792332430737e-03,2.306866238699356586e-04,1.498021416202366396e-03
7.531112527054928396e-01,7.535343167895415251e-01,4.230640840486854515e-04,1.269192252146056354e-03,1.857459813625617073e-04,1.454938233508618062e-03
7.531107790460449536e-01,7.535343167895415251e-01,4.235377434965714727e-04,1.270613230489714418e-03,1.420978343658063636e-04,1.412711064855520782e-03
7.531104466577035472e-01,7.535343167895415251e-01,4.238701318379778371e-04,1.271610395513933511e-03,9.971650242190932545e-05,1.371326897935842837e-03
7.531102514020519001e-01,7.535343167895415251e-01,4.240653874896249675e-04,1.272196162468874903e-03,5.857669549413913046e-05,1.330772857963014033e-03
7.531101892236861106e-01,7.535343167895415251e-01,4.241275658554144457e-04,1.272382697566243337e-03,1.865350973684343217e-05,1.291036207303086769e-03
7.531102561489410041e-01,7.535343167895415251e-01,4.240606406005209550e-04,1.272181921801562865e-03,-2.007757646804719798e-05,1.252104345333515667e-03
7.531104482846304737e-01,7.535343167895415251e-01,4.238685049110513248e-04,1.271605514733153974e-03,-5.764070684088906660e-05,1.213964807892264908e-03
7.531107618168007001e-01,7.535343167895415251e-01,4.235549727408249865e-04,1.270664918222474959e-03,-9.405965106790148411e-05,1.176605267154573475e-03
7.531111930094976925e-01,7.535343167895415251e-01,4.231237800438325536e-04,1.269371340131497661e-03,-1.293578090977298700e-04,1.140013531033767791e-03
7.531117382035477092e-01,7.535343167895415251e-01,4.225785859938158140e-04,1.267735757981447442e-03,-1.635582150050218786e-04,1.104177542976425563e-03
7.531123938153521102e-01,7.535343167895415251e-01,4.219229741894148233e-04,1.265768922568244470e-03,-1.966835413202971949e-04,1.069085381247947275e-03
7.531131563356945335e-01,7.535343167895415251e-01,4.211604538469915227e-04,1.263481361540974568e-03,-2.287561027269902070e-04,1.034725258813984361e-03
7.531140223285628377e-01,7.535343167895415251e-01,4.202944609786873897e-04,1.260883382936062169e-03,-2.597978604912398737e-04,1.001085522444822296e-03
7.531149884299834785e-01,7.535343167895415251e-01,4.193283595580465928e-04,1.257985078674139778e-03,-2.898304261922390879e-04,9.681546524819006905e-04
7.531160513468693196e-01,7.535343167895415251e-01,4.182654426722054453e-04,1.254796328016616336e-03,-3.188750657523442555e-04,9.359212622642720802e-04
7.531172078558814320e-01,7.535343167895415251e-01,4.171089336600930508e-04,1.251326800980279152e-03,-3.469527036337183290e-04,9.043740973465608235e-04
7.531184548023032166e-01,7.535343167895415251e-01,4.158619872383084726e-04,1.247585961714925418e-03,-3.740839265353734788e-04,8.735020351795519389e-04
7.531197890989285160e-01,7.535343167895415251e-01,4.145276906130090921e-04,1.243583071839027276e-03,-4.002889875898141270e-04,8.432940842492131495e-04
7.531212077249622716e-01,7.535343167895415251e-01,4.131090645792534488e-04,1.239327193737760346e-03,-4.255878101266930003e-04,8.137393836110673462e-04
7.531227077249343926e-01,7.535343167895415251e-01,4.116090646071324244e-04,1.234827193821397273e-03,-4.499999916363073282e-04,7.848272021850899449e-04
7.531242862076267253e-01,7.535343167895415251e-01,4.100305819147997966e-04,1.230091745744399390e-03,-4.735448076997883504e-04,7.565469380446110392e-04
7.531259403450129009e-01,7.535343167895415251e-01,4.083764445286242051e-04,1.225129333585872615e-03,-4.962412158526774419e-04,7.288881177331951733e-04
7.531276673712108405e-01,7.535343167895415251e-01,4.066494183306845756e-04,1.219948254992053727e-03,-5.181078593818888578e-04,7.018403956101648689e-04
7.531294645814483601e-01,7.535343167895415251e-01,4.048522080931649114e-04,1.214556624279494734e-03,-5.391630712558992400e-04,6.753935530235954943e-04
7.531313293310410995e-01,7.535343167895415251e-01,4.029874585004256105e-04,1.208962375501276831e-03,-5.594248778217902895e-04,6.495374976794865418e-04
7.531332590343836619e-01,7.535343167895415251e-01,4.010577551578631272e-04,1.203173265473589382e-03,-5.789110027687449644e-04,6.242622627048444173e-04
7.531352511639525238e-01,7.535343167895415251e-01,3.990656255890012716e-04,1.197196876767003815e-03,-5.976388706585566979e-04,5.995580061084471168e-04
7.531373032493219322e-01,7.535343167895415251e-01,3.970135402195928975e-04,1.191040620658778693e-03,-6.156256108225122148e-04,5.754150098362664778e-04
7.531394128761923490e-01,7.535343167895415251e-01,3.949039133491760722e-04,1.184711740047528217e-03,-6.328880611250475852e-04,5.518236789224806316e-04
7.531415776854306632e-01,7.535343167895415251e-01,3.927391041108618808e-04,1.178217312332585642e-03,-6.494427714942574426e-04,5.287745408383281998e-04
7.531437953721230594e-01,7.535343167895415251e-01,3.905214174184656883e-04,1.171564252255397065e-03,-6.653060077188577282e-04,5.062582445365393369e-04
7.531460636846398771e-01,7.535343167895415251e-01,3.882531049016479940e-04,1.164759314704943982e-03,-6.804937550453082906e-04,4.842655596596356915e-04
7.531483804237126822e-01,7.535343167895415251e-01,3.859363658288428311e-04,1.157809097486528493e-03,-6.950217218415488674e-04,4.627873756449796261e-04
7.531507434415229962e-01,7.535343167895415251e-01,3.835733480185288258e-04,1.150720044055586477e-03,-7.089053430942016121e-04,4.418147009613848653e-04
7.531531506408034593e-01,7.535343167895415251e-01,3.811661487380657576e-04,1.143498446214197273e-03,-7.221597841389204575e-04,4.213386620752768152e-04
7.531555999739500962e-01,7.535343167895415251e-01,3.787168155914288903e-04,1.136150446774286671e-03,-7.347999439910601893e-04,4.013505027832264815e-04
7.531580894421470163e-01,9.790691861239428917e-01,2.259110966817958754e-01,6.777332900453876263e-01,0.000000000000000000e+00,6.777332900453876263e-01
7.532283522393484754e-01,9.790691861239428917e-01,2.258408338845944163e-01,6.775225016537832490e-01,-2.107883916043773453e-02,6.564436624933455144e-01
7.533642594027992745e-01,9.790691861239428917e-01,2.257049267211436172e-01,6.771147801634308516e-01,-4.077214903523973533e-02,6.363426311281911163e-01
7.535638008293629175e-01,9.790691861239428917e-01,2.255053852945799742e-01,6.765161558837399225e-01,-5.986242796909291286e-02,6.166537279146470096e-01
7.538250076287180690e-01,9.790691861239428917e-01,2.252441784952248227e-01,6.757325354856744681e-01,-7.836203980654543599e-02,5.973704956791290321e-01
7.541459514776410744e-01,9.790691861239428917e-01,2.249232346463018173e-01,6.747697039389054519e-01,-9.628315467690162777e-02,5.784865492620038241e-01
7.545247439814902757e-01,9.790691861239428917e-01,2.245444421424526160e-01,6.736333264273578481e-01,-1.136377511547603802e-01,5.599955752725974678e-01
7.549595360428668078e-01,9.790691861239428917e-01,2.241096500810760839e-01,6.723289502432282516e-01,-1.304376184129596439e-01,5.418913318302686077e-01
7.554485172374263424e-01,9.790691861239428917e-01,2.236206688865165493e-01,6.708620066595496478e-01,-1.466943583678603780e-01,5.241676482916892699e-01
7.559899151968150210e-01,9.790691861239428917e-01,2.230792709271278706e-01,6.692378127813836119e-01,-1.624193878166035887e-01,5.068184249647800232e-01
7.565819949987001580e-01,9.790691861239428917e-01,2.224871911252427337e-01,6.674615733757282010e-01,-1.776239405655410941e-01,4.898376328101871069e-01
7.572230585638662914e-01,9.790691861239428917e-01,2.218461275600766003e-01,6.655383826802298008e-01,-1.923190695498400160e-01,4.732193131303897848e-01
7.579114440603454961e-01,9.790691861239428917e-01,2.211577420635973956e-01,6.634732261907921869e-01,-2.065156489437613985e-01,4.569575772470307884e-01
7.586455253145494293e-01,9.790691861239428917e-01,2.204236608093934624e-01,6.612709824281803872e-01,-2.202243762611799660e-01,4.410466061670004212e-01
7.594237112293700243e-01,9.790691861239428917e-01,2.196454748945728674e-01,6.589364246837186023e-01,-2.334557744461784878e-01,4.254806502375401145e-01
7.602444452092144145e-01,9.790691861239428917e-01,2.188247409147284772e-01,6.564742227441854316e-01,-2.462201939533170680e-01,4.102540287908683636e-01
7.611062045919378960e-01,9.790691861239428917e-01,2.179629815320049957e-01,6.538889445960149871e-01,-2.585278148170444545e-01,3.953611297789705326e-01
7.620075000876392890e-01,9.790691861239428917e-01,2.170616860363036027e-01,6.511850581089108081e-01,-2.703886487104179004e-01,3.807964093984929077e-01
7.629468752242805074e-01,9.790691861239428917e-01,2.161223108996623843e-01,6.483669326989871529e-01,-2.818125409923655234e-01,3.665543917066216295e-01
7.639229058000923667e-01,9.790691861239428917e-01,2.151462803238505250e-01,6.454388409715515751e-01,-2.928091727435577774e-01,3.526296682279937977e-01
7.649341993427269948e-01,9.790691861239428917e-01,2.141349867812158969e-01,6.424049603436476907e-01,-3.033880627903884353e-01,3.390168975532592555e-01
7.659793945751169897e-01,9.790691861239428917e-01,2.130897915488259020e-01,6.392693746464777060e-01,-3.135585697169984698e-01,3.257108049294792362e-01
7.670571608879999115e-01,9.790691861239428917e-01,2.120120252359429802e-01,6.360360757078289407e-01,-3.233298938648765386e-01,3.127061818429524021e-01
7.681661978190671425e-01,9.790691861239428917e-01,2.109029883048757492e-01,6.327089649146272476e-01,-3.327110793201693006e-01,2.999978855944579470e-01
7.693052345386938162e-01,9.790691861239428917e-01,2.097639515852490755e-01,6.292918547557472264e-01,-3.417110158880021231e-01,2.875808388677451033e-01
7.704730293422072940e-01,9.790691861239428917e-01,2.085961567817355977e-01,6.257884703452067932e-01,-3.503384410540433258e-01,2.754500292911634673e-01
7.716683691486498908e-01,9.790691861239428917e-01,2.074008169752930009e-01,6.222024509258790026e-01,-3.586019419327790558e-01,2.636005089930999468e-01
7.728900690059917755e-01,9.790691861239428917e-01,2.061791171179511162e-01,6.185373513538533485e-01,-3.665099572025654062e-01,2.520273941512879423e-01
7.741369716027487469e-01,9.790691861239428917e-01,2.049322145211941448e-01,6.147966435635824345e-01,-3.740707790270914046e-01,2.407258645364910299e-01
7.754079467859593677e-01,9.790691861239428917e-01,2.036612393379835240e-01,6.109837180139505719e-01,-3.812925549631862587e-01,2.296911630507643132e-01
7.767018910854750491e-01,9.790691861239428917e-01,2.023672950384678426e-01,6.071018851154035278e-01,-3.881832898547044053e-01,2.189185952606991226e-01
7.780177272445168990e-01,9.790691861239428917e-01,2.010514588794259927e-01,6.031543766382779781e-01,-3.947508477125549753e-01,2.084035289257230028e-01
7.793544037564512639e-01,9.790691861239428917e-01,1.997147823674916278e-01,5.991443471024748835e-01,-4.010029535803094625e-01,1.981413935221654210e-01
7.807108944077378876e-01,9.790691861239428917e-01,1.983582917162050041e-01,5.950748751486150123e-01,-4.069471953859871149e-01,1.881276797626278974e-01
7.820861978270007286e-01,9.790691861239428917e-01,1.969829882969421631e-01,5.909489648908264892e-01,-4.125910257788523161e-01,1.783579391119741731e-01
7.834793370401748058e-01,9.790691861239428917e-01,1.955898490837680859e-01,5.867695472513042576e-01,-4.179417639522231553e-01,1.688277832990811023e-01
7.848893590316787794e-01,9.790691861239428917e-01,1.941798270922641123e-01,5.825394812767923369e-01,-4.230065974511920679e-01,1.595328838256002690e-01
7.863153343115653060e-01,9.790691861239428917e-01,1.927538518123775857e-01,5.782615554371327571e-01,-4.277925839659579843e-01,1.504689714711747728e-01
7.877563564885989855e-01,9.790691861239428917e-01,1.913128296353439062e-01,5.739384889060317185e-01,-4.323066531101038557e-01,1.416318357959278629e-01
7.892115418492121615e-01,9.790691861239428917e-01,1.898576442747307302e-01,5.695729328241921907e-01,-4.365556081839527813e-01,1.330173246402394094e-01
7.906800289422893924e-01,9.790691861239428917e-01,1.883891571816534993e-01,5.651674715449604980e-01,-4.405461279231692728e-01,1.246213436217912252e-01
7.921609781697288577e-01,9.790691861239428917e-01,1.869082079542140340e-01,5.607246238626421020e-01,-4.442847682318395997e-01,1.164398556308025023e-01
7.936535713827314042e-01,9.790691861239428917e-01,1.854156147412114874e-01,5.562468442236344623e-01,-4.477779639007639645e-01,1.084688803228704979e-01
7.951570114837661629e-01,9.790691861239428917e-01,1.839121746401767288e-01,5.517365239205301863e-01,-4.510320303104276007e-01,1.007044936101025856e-01
7.966705220341619986e-01,9.790691861239428917e-01,1.823986640897808931e-01,5.471959922693426792e-01,-4.540531651187507123e-01,9.314282715059196693e-02
7.981933468672728349e-01,9.790691861239428917e-01,1.808758392566700568e-01,5.426275177700101704e-01,-4.568474499332508820e-01,8.578006783675928837e-02
7.997247497071673372e-01,9.790691861239428917e-01,1.793444364167755545e-01,5.380333092503266634e-01,-4.594208519683506964e-01,7.861245728197596705e-02
8.012640137927901085e-01,9.790691861239428917e-01,1.778051723311527832e-01,5.334155169934583496e-01,-4.617792256868313849e-01,7.163629130662696465e-02
8.028104415075435485e-01,9.790691861239428917e-01,1.762587446163993432e-01,5.287762338491980296e-01,-4.639283144260319958e-01,6.484791942316603386e-02
8.043633540142393068e-01,9.790691861239428917e-01,1.747058321097035849e-01,5.241174963291107547e-01,-4.658737520087274930e-01,5.824374432038326166e-02
8.059220908953670381e-01,9.790691861239428917e-01,1.731470952285758536e-01,5.194412856857275607e-01,-4.676210643383194032e-01,5.182022134740815744e-02
8.074860097986295004e-01,9.790691861239428917e-01,1.715831763253133913e-01,5.147495289759401738e-01,-4.691756709787386903e-01,4.557385799720148345e-02
8.090544860876917044e-01,9.790691861239428917e-01,1.700147000362511873e-01,5.100441001087535620e-01,-4.705428867186611797e-01,3.950121339009238230e-02
8.106269124980929330e-01,9.790691861239428917e-01,1.684422736258499587e-01,5.053268208775498760e-01,-4.717279231203685974e-01,3.359889775718127858e-02
8.122026987982698953e-01,9.790691861239428917e-01,1.668664873256729964e-01,5.005994619770189891e-01,-4.727358900530886920e-01,2.786357192393029703e-02
8.137812714556392768e-01,9.790691861239428917e-01,1.652879146683036149e-01,4.958637440049108447e-01,-4.735717972108144380e-01,2.229194679409640667e-02
8.153620733076880622e-01,9.790691861239428917e-01,1.637071128162548295e-01,4.911213384487644884e-01,-4.742405556146356282e-01,1.688078283412886016e-02
8.169445632380202271e-01,9.790691861239428917e-01,1.621246228859226646e-01,4.863738686577679937e-01,-4.747469790996494687e-01,1.162688955811852498e-02
8.185282158573081723e-01,9.790691861239428917e-01,1.605409702666347194e-01,4.816229107999041581e-01,-4.750957857863835621e-01,6.527125013520596042e-03
8.201125211890974986e-01,9.790691861239428917e-01,1.589566649348453931e-01,4.768699948045361792e-01,-4.752915995367978930e-01,1.578395267738286201e-03
8.216969843604136070e-01,9.790691861239428917e-01,1.573722017635292847e-01,4.721166052905878541e-01,-4.753389513948325096e-01,-3.222346104244655507e-03
8.232811252971192761e-01,9.790691861239428917e-01,1.557880608268236156e-01,4.673641824804708467e-01,-4.752422810117007401e-01,-7.878098531229893453e-03
8.248644784239718142e-01,9.790691861239428917e-01,1.542047076999710775e-01,4.626141230999132326e-01,-4.750059380557614119e-01,-1.239181495584817938e-02
8.264465923693288252e-01,9.790691861239428917e-01,1.526225937546140665e-01,4.578677812638421996e-01,-4.746341836071032994e-01,-1.676640234326109979e-02
8.280270296744515202e-01,9.790691861239428917e-01,1.510421564494913715e-01,4.531264693484741146e-01,-4.741311915368084939e-01,-2.100472218833437932e-02
8.296053665073552796e-01,9.790691861239428917e-01,1.494638196165876121e-01,4.483914588497628362e-01,-4.735010498711278437e-01,-2.510959102136500753e-02
8.311811923811569525e-01,9.790691861239428917e-01,1.478879937427859392e-01,4.436639812283578177e-01,-4.727477621405018482e-01,-2.908378091214403049e-02
8.327541098768673766e-01,9.790691861239428917e-01,1.463150762470755151e-01,4.389452287412265452e-01,-4.718752487131272488e-01,-3.293001997190070362e-02
8.343237343705806053e-01,9.790691861239428917e-01,1.447454517533622864e-01,4.342363552600868593e-01,-4.708873481139685957e-01,-3.665099285388173644e-02
8.358896937650084347e-01,9.790691861239428917e-01,1.431794923589344570e-01,4.295384770768033711e-01,-4.697878183283488163e-01,-4.024934125154544517e-02
8.374516282253111621e-01,9.790691861239428917e-01,1.416175578986317296e-01,4.248526736958951888e-01,-4.685803380908182270e-01,-4.372766439492303814e-02
8.390091899191743918e-01,9.790691861239428917e-01,1.400599962047684999e-01,4.201799886143054996e-01,-4.672685081589689204e-01,-4.708851954466342082e-02
8.405620427610831502e-01,9.790691861239428917e-01,1.385071433628597415e-01,4.155214300885792245e-01,-4.658558525726275157e-01,-5.033442248404829122e-02
8.421098621607434609e-01,9.790691861239428917e-01,1.369593239631994308e-01,4.108779718895982924e-01,-4.643458198980932039e-01,-5.346784800849491148e-02
8.436523347756029745e-01,9.790691861239428917e-01,1.354168513483399172e-01,4.062505540450197516e-01,-4.627417844578540773e-01,-5.649123041283432567e-02
8.451891582674212477e-01,9.790691861239428917e-01,1.338800278565216439e-01,4.016400835695649318e-01,-4.610470475454819805e-01,-5.940696397591704869e-02
8.467200410628419327e-01,9.790691861239428917e-01,1.323491450611009590e-01,3.970474351833028770e-01,-4.592648386262054849e-01,-6.221740344290260794e-02
8.482447021179182478e-01,9.790691861239428917e-01,1.308244840060246439e-01,3.924734520180739317e-01,-4.573983165228945325e-01,-6.492486450482060079e-02
8.497628706865441028e-01,9.790691861239428917e-01,1.293063154373987889e-01,3.879189463121963666e-01,-4.554505705877565092e-01,-6.753162427556014258e-02
8.512742860927423605e-01,9.790691861239428917e-01,1.277949000312005312e-01,3.833847000936015936e-01,-4.534246218594772948e-01,-7.003992176587570118e-02
8.527786975067640496e-01,9.790691861239428917e-01,1.262904886171788421e-01,3.788714658515365263e-01,-4.513234242065067292e-01,-7.245195835497020287e-02
8.542758637249502351e-01,9.790691861239428917e-01,1.247933223989926566e-01,3.743799671969779697e-01,-4.491498654558556680e-01,-7.476989825887769836e-02
8.557655529533105820e-01,9.790691861239428917e-01,1.233036331706323097e-01,3.699108995118969290e-01,-4.469067685081040686e-01,-7.699586899620713965e-02
8.572475425947713168e-01,9.790691861239428917e-01,1.218216435291715749e-01,3.654649305875147247e-01,-4.445968924382204257e-01,-7.913196185070570099e-02
8.587216190400469573e-01,9.790691861239428917e-01,1.203475670838959344e-01,3.610427012516878031e-01,-4.422229335826921570e-01,-8.118023233100435387e-02
8.601875774620895143e-01,9.790691861239428917e-01,1.188816086618533774e-01,3.566448259855601322e-01,-4.397875266127670990e-01,-8.314270062720696686e-02
8.616452216140693121e-01,9.790691861239428917e-01,1.174239645098735796e-01,3.522718935296207388e-01,-4.372932455939393392e-01,-8.502135206431860048e-02
8.630943636308426870e-01,9.790691861239428917e-01,1.159748224931002047e-01,3.479244674793006142e-01,-4.347426050320124524e-01,-8.681813755271183819e-02
8.645348238338608216e-01,9.790691861239428917e-01,1.145343622900820701e-01,3.436030868702462104e-01,-4.321380609054403799e-01,-8.853497403519416942e-02
8.659664305394754180e-01,9.790691861239428917e-01,1.131027555844674737e-01,3.393082667534024210e-01,-4.294820116843789393e-01,-9.017374493097651822e-02
8.673890198705969112e-01,9.790691861239428917e-01,1.116801662533459805e-01,3.350404987600379414e-01,-4.267767993364479651e-01,-9.173630057641002367e-02
8.688024355716608138e-01,9.790691861239428917e-01,1.102667505522820779e-01,3.308002516568462337e-01,-4.240247103191707723e-01,-9.322445866232453859e-02
8.702065288268584498e-01,9.790691861239428917e-01,1.088626572970844419e-01,3.265879718912533258e-01,-4.212279765592907843e-01,-9.464000466803745848e-02
8.716011580815892223e-01,9.790691861239428917e-01,1.074680280423536693e-01,3.224040841270610080e-01,-4.183887764192317782e-01,-9.598469229217077014e-02
8.729861888670907843e-01,9.790691861239428917e-01,1.060829972568521073e-01,3.182489917705563220e-01,-4.155092356504686002e-01,-9.726024387991227815e-02
8.743614936282043670e-01,9.790691861239428917e-01,1.047076924957385247e-01,3.141230774872155740e-01,-4.125914283340748057e-01,-9.846835084685923167e-02
8.757269515542333016e-01,9.790691861239428917e-01,1.033422345697095901e-01,3.100267037091287703e-01,-4.096373778086803696e-01,-9.961067409955159935e-02
8.770824484128523224e-01,9.790691861239428917e-01,1.019867377110905693e-01,3.059602131332717079e-01,-4.066490575857062417e-01,-1.006888444524345338e-01
8.784278763870260187e-01,9.790691861239428917e-01,1.006413097369168730e-01,3.019239292107506190e-01,-4.036283922521088918e-01,-1.017044630413582729e-01
8.797631339148955787e-01,9.790691861239428917e-01,9.930605220904731301e-02,2.979181566271419390e-01,-4.005772583608679938e-01,-1.026591017337260547e-01
8.810881255325918593e-01,9.790691861239428917e-01,9.798106059135103241e-02,2.939431817740530972e-01,-3.974974853088841797e-01,-1.035543035348310825e-01
8.824027617199345919e-01,9.790691861239428917e-01,9.666642440400829983e-02,2.899992732120248995e-01,-3.943908562028197728e-01,-1.043915829907948734e-01
8.837069587489781997e-01,9.790691861239428917e-01,9.536222737496469204e-02,2.860866821248940761e-01,-3.912591087130823375e-01,-1.051724265881882614e-01
8.850006385353630378e-01,9.790691861239428917e-01,9.406854758857985388e-02,2.822056427657395616e-01,-3.881039359154514479e-01,-1.058982931497118862e-01
8.862837284924328651e-01,9.790691861239428917e-01,9.278545763151002657e-02,2.783563728945300797e-01,-3.849269871209481941e-01,-1.065706142264181144e-01
8.875561613880801337e-01,9.790691861239428917e-01,9.151302473586275799e-02,2.745390742075882740e-01,-3.817298686941805741e-01,-1.071907944865923001e-01
8.888178752042786845e-01,9.790691861239428917e-01,9.025131091966420716e-02,2.707539327589926215e-01,-3.785141448595652491e-01,-1.077602121005726277e-01
8.900688129992672115e-01,9.790691861239428917e-01,8.900037312467568018e-02,2.670011193740270405e-01,-3.752813384965580923e-01,-1.082802191225310517e-01
8.913089227723435259e-01,9.790691861239428917e-01,8.776026335159936576e-02,2.632807900547980973e-01,-3.720329319228943277e-01,-1.087521418680962304e-01
8.925381573312329841e-01,9.790691861239428917e-01,8.653102879270990755e-02,2.595930863781297226e-01,-3.687703676668374619e-01,-1.091772812887077393e-01
8.937564741619935527e-01,9.790691861239428917e-01,8.531271196194933903e-02,2.559381358858480171e-01,-3.654950492281705543e-01,-1.095569133423225372e-01
8.949638353014198744e-01,9.790691861239428917e-01,8.410535082252301731e-02,2.523160524675690519e-01,-3.622083418278965183e-01,-1.098922893603274664e-01
8.961602072119101425e-01,9.790691861239428917e-01,8.290897891203274916e-02,2.487269367360982475e-01,-3.589115731470804427e-01,-1.101846364109821952e-01
8.973455606587593669e-01,9.790691861239428917e-01,8.172362546518352477e-02,2.451708763955505743e-01,-3.556060340547673171e-01,-1.104351576592167428e-01
8.985198705898426175e-01,9.790691861239428917e-01,8.054931553410027423e-02,2.416479466023008227e-01,-3.522929793249751640e-01,-1.106450327226743413e-01
8.996831160176536057e-01,9.790691861239428917e-01,7.938607010628928595e-02,2.381582103188678579e-01,-3.489736283432964825e-01,-1.108154180244286247e-01
9.008352799036621894e-01,9.790691861239428917e-01,7.823390622028070229e-02,2.347017186608421069e-01,-3.456491658025750979e-01,-1.109474471417329910e-01
9.019763490449566046e-01,9.790691861239428917e-01,7.709283707898628712e-02,2.312785112369588614e-01,-3.423207423883245504e-01,-1.110422311513656890e-01
9.031063139631358982e-01,9.790691861239428917e-01,7.596287216080699345e-02,2.278886164824209803e-01,-3.389894754537881028e-01,-1.111008589713671224e-01
9.042251687954180328e-01,9.790691861239428917e-01,7.484401732852485889e-02,2.245320519855745767e-01,-3.356564496846403678e-01,-1.111243976990657911e-01
9.053329111879302449e-01,9.790691861239428917e-01,7.373627493601264682e-02,2.212088248080379405e-01,-3.323227177536636212e-01,-1.111138929456256808e-01
9.064295421911479078e-01,9.790691861239428917e-01,7.263964393279498388e-02,2.179189317983849516e-01,-3.289893009652988809e-01,-1.110703691669139292e-01
9.075150661574489241e-01,9.790691861239428917e-01,7.155411996649396755e-02,2.146623598994819027e-01,-3.256571898903048989e-01,-1.109948299908229963e-01
9.085894906407507854e-01,9.790691861239428917e-01,7.047969548319210631e-02,2.114390864495763189e-01,-3.223273449905583732e-01,-1.108882585409820543e-01
9.096528262981985469e-01,9.790691861239428917e-01,6.941635982574434482e-02,2.082490794772330345e-01,-3.190006972343284453e-01,-1.107516177570954108e-01
9.107050867938706329e-01,9.790691861239428917e-01,6.836409933007225881e-02,2.050922979902167764e-01,-3.156781487016258048e-01,-1.105858507114090283e-01
9.117462887044716080e-01,9.790691861239428917e-01,6.732289741947128370e-02,2.019686922584138511e-01,-3.123605731802925334e-01,-1.103918809218786823e-01
9.127764514269803842e-01,9.790691861239428917e-01,6.629273469696250753e-02,1.988782040908875226e-01,-3.090488167526328489e-01,-1.101706126617453263e-01
9.137955970882229995e-01,9.790691861239428917e-01,6.527358903571989224e-02,1.958207671071596767e-01,-3.057436983727845892e-01,-1.099229312656249125e-01
9.148037504563389932e-01,9.790691861239428917e-01,6.426543566760389847e-02,1.927963070028116954e-01,-3.024460104347981293e-01,-1.096497034319864339e-01
9.158009388541118456e-01,9.790691861239428917e-01,6.326824726983104608e-02,1.898047418094931382e-01,-2.991565193318557192e-01,-1.093517775223625810e-01
9.167871920741323954e-01,9.790691861239428917e-01,6.228199404981049625e-02,1.868459821494314888e-01,-2.958759660061649477e-01,-1.090299838567334589e-01
9.177625422957672585e-01,9.790691861239428917e-01,6.130664382817563318e-02,1.839199314845268995e-01,-2.926050664904589205e-01,-1.086851350059320209e-01
9.187270240039016045e-01,9.790691861239428917e-01,6.034216212004128721e-02,1.810264863601238616e-01,-2.893445124403037916e-01,-1.083180260801799299e-01
9.196806739094278704e-01,9.790691861239428917e-01,5.938851221451502127e-02,1.781655366435450638e-01,-2.860949716578797819e-01,-1.079294350143347181e-01
9.206235308714527665e-01,9.790691861239428917e-01,5.844565525249012516e-02,1.753369657574703755e-01,-2.828570886074688318e-01,-1.075201228499984563e-01
9.215556358211925980e-01,9.790691861239428917e-01,5.751355030275029367e-02,1.725406509082508810e-01,-2.796314849219494469e-01,-1.070908340136985659e-01
9.224770316875311460e-01,9.790691861239428917e-01,5.659215443641174570e-02,1.697764633092352371e-01,-2.764187599015643926e-01,-1.066422965923291555e-01
9.233877633242104643e-01,9.790691861239428917e-01,5.568142279973242736e-02,1.670442683991972821e-01,-2.732194910037955005e-01,-1.061752226045982184e-01
9.242878774386292795e-01,9.790691861239428917e-01,5.478130868531361219e-02,1.643439260559408366e-01,-2.700342343256445510e-01,-1.056903082697037144e-01
9.251774225222211268e-01,9.790691861239428917e-01,5.389176360172176494e-02,1.616752908051652948e-01,-2.668635250775541756e-01,-1.051882342723888808e-01
9.260564487823856883e-01,9.790691861239428917e-01,5.301273734155720341e-02,1.590382120246716102e-01,-2.637078780493684604e-01,-1.046696660246968502e-01
9.269250080759477983e-01,9.790691861239428917e-01,5.214417804799509337e-02,1.564325341439852801e-01,-2.605677880686330106e-01,-1.041352539246477305e-01
9.277831538441174697e-01,9.790691861239428917e-01,5.128603227982542201e-02,1.538580968394762660e-01,-2.574437304509014091e-01,-1.035856336114251430e-01
9.286309410489259619e-01,9.790691861239428917e-01,5.043824507501692977e-02,1.513147352250507893e-01,-2.543361614425476702e-01,-1.030214262174968809e-01
9.294684261111126888e-01,9.790691861239428917e-01,4.960076001283020286e-02,1.488022800384906086e-01,-2.512455186560180742e-01,-1.024432386175274656e-01
9.302956668494377634e-01,9.790691861239428917e-01,4.877351927450512825e-02,1.463205578235153848e-01,-2.481722214975223828e-01,-1.018516636740069981e-01
9.311127224213954223e-01,9.790691861239428917e-01,4.795646370254746937e-02,1.438693911076424081e-01,-2.451166715872976631e-01,-1.012472804796552550e-01
9.319196532653051257e-01,9.790691861239428917e-01,4.714953285863776600e-02,1.414485985759132980e-01,-2.420792531729110131e-01,-1.006306545969977151e-01
9.327165210437551313e-01,9.790691861239428917e-01,4.635266508018776044e-02,1.390579952405632813e-01,-2.390603335350016678e-01,-1.000023382944383865e-01
9.335033885883756710e-01,9.790691861239428917e-01,4.556579753556722068e-02,1.366973926067016620e-01,-2.360602633861619282e-01,-9.936287077946026614e-02
9.342803198459181946e-01,9.790691861239428917e-01,4.478886627802469711e-02,1.343665988340740913e-01,-2.330793772627570704e-01,-9.871277842868297903e-02
9.350473798256179192e-01,9.790691861239428917e-01,4.402180629832497250e-02,1.320654188949749175e-01,-2.301179939099173843e-01,-9.805257501494246686e-02
9.358046345478161498e-01,9.790691861239428917e-01,4.326455157612674185e-02,1.297936547283802255e-01,-2.271764166594691936e-01,-9.738276193108896805e-02
9.365521509938212752e-01,9.790691861239428917e-01,4.251703513012161650e-02,1.275511053903648495e-01,-2.242549338015376037e-01,-9.670382841117275419e-02
9.372899970569852357e-01,9.790691861239428917e-01,4.177918906695765600e-02,1.253375672008729680e-01,-2.213538189491881525e-01,-9.601625174831518450e-02
9.380182414949743697e-01,9.790691861239428917e-01,4.105094462896852203e-02,1.231528338869055661e-01,-2.184733313967401891e-01,-9.532049750983462300e-02
9.387369538832125437e-01,9.790691861239428917e-01,4.033223224073034796e-02,1.209966967221910439e-01,-2.156137164714522214e-01,-9.461701974926117753e-02
9.394462045694758068e-01,9.790691861239428917e-01,3.962298155446708492e-02,1.188689446634012548e-01,-2.127752058789789125e-01,-9.390626121557765771e-02
9.401460646296174728e-01,9.790691861239428917e-01,3.892312149432541890e-02,1.167693644829762567e-01,-2.099580180424998055e-01,-9.318865355952354879e-02
9.408366058244032049e-01,9.790691861239428917e-01,3.823258029953968684e-02,1.146977408986190605e-01,-2.071623584357196179e-01,-9.246461753710055742e-02
9.415179005574352278e-01,9.790691861239428917e-01,3.755128556650766392e-02,1.126538566995229917e-01,-2.043884199096068777e-01,-9.173456321008388592e-02
9.421900218341462407e-01,9.790691861239428917e-01,3.687916428979665096e-02,1.106374928693899529e-01,-2.016363830133038881e-01,-9.099889014391393527e-02
9.428530432218428237e-01,9.790691861239428917e-01,3.621614290210006804e-02,1.086484287063002041e-01,-1.989064163089748760e-01,-9.025798760267467191e-02
9.435070388107791306e-01,9.790691861239428917e-01,3.556214731316376110e-02,1.066864419394912833e-01,-1.961986766808920812e-01,-8.951223474140079794e-02
9.441520831762413302e-01,9.790691861239428917e-01,3.491710294770156153e-02,1.047513088431046846e-01,-1.935133096386598694e-01,-8.876200079555518485e-02
9.447882513416240302e-01,9.790691861239428917e-01,3.428093478231886149e-02,1.028428043469565845e-01,-1.908504496148100138e-01,-8.800764526785342934e-02
9.454156187424799240e-01,9.790691861239428917e-01,3.365356738146296767e-02,1.009607021443889030e-01,-1.882102202567681459e-01,-8.724951811237924293e-02
9.460342611915245614e-01,9.790691861239428917e-01,3.303492493241833028e-02,9.910477479725499084e-02,-1.855927347133912164e-01,-8.648795991613622558e-02
9.466442548445775929e-01,9.790691861239428917e-01,3.242493127936529884e-02,9.727479383809589653e-02,-1.829980959159094311e-01,-8.572330207781353462e-02
9.472456761674228343e-01,9.790691861239428917e-01,3.182350995652005743e-02,9.547052986956017229e-02,-1.804263968535724239e-01,-8.495586698401225156e-02
9.478386019035696108e-01,9.790691861239428917e-01,3.123058422037328086e-02,9.369175266111984257e-02,-1.778777208440329716e-01,-8.418596818291312900e-02
9.484231090428981714e-01,9.790691861239428917e-01,3.064607708104472028e-02,9.193823124313416084e-02,-1.753521417985681730e-01,-8.341391055543401212e-02
9.489992747911711879e-01,9.790691861239428917e-01,3.006991133277170380e-02,9.020973399831511141e-02,-1.728497244819049428e-01,-8.263999048358983135e-02
9.495671765403957965e-01,9.790691861239428917e-01,2.950200958354709524e-02,8.850602875064128572e-02,-1.703705247673825696e-01,-8.186449601674128385e-02
9.501268918400187502e-01,9.790691861239428917e-01,2.894229428392414150e-02,8.682688285177242449e-02,-1.679145898868861231e-01,-8.108770703511369859e-02
9.506784983689382518e-01,9.790691861239428917e-01,2.839068775500463993e-02,8.517206326501391978e-02,-1.654819586758504713e-01,-8.030989541083655148e-02
9.512220739083165899e-01,9.790691861239428917e-01,2.784711221562630179e-02,8.354133664687890537e-02,-1.630726618135014405e-01,-7.953132516662253515e-02
9.517576963151782588e-01,9.790691861239428917e-01,2.731148980876463295e-02,8.193446942629389884e-02,-1.606867220585006528e-01,-7.875225263220675398e-02
9.522854434967767956e-01,9.790691861239428917e-01,2.678374262716609611e-02,8.035122788149828832e-02,-1.583241544795610523e-01,-7.797292659806276394e-02
9.528053933857154600e-01,9.790691861239428917e-01,2.626379273822743166e-02,7.879137821468229497e-02,-1.559849666815993352e-01,-7.719358846691704024e-02
9.533176239158074328e-01,9.790691861239428917e-01,2.575156220813545893e-02,7.725468662440637679e-02,-1.536691590275918173e-01,-7.641447240318544054e-02
9.538222129986591025e-01,9.790691861239428917e-01,2.524697312528378923e-02,7.574091937585136769e-02,-1.513767248555009104e-01,-7.563580547964954270e-02
9.543192385009627854e-01,9.790691861239428917e-01,2.474994762298010631e-02,7.424984286894031893e-02,-1.491076506911048760e-01,-7.485780782216455709e-02
9.548087782224842224e-01,9.790691861239428917e-01,2.426040790145866932e-02,7.278122370437600797e-02,-1.468619164564310964e-01,-7.408069275205508841e-02
9.552909098747305316e-01,9.790691861239428917e-01,2.377827624921236005e-02,7.133482874763708015e-02,-1.446394956738927817e-01,-7.330466692625570158e-02
9.557657110602841843e-01,9.790691861239428917e-01,2.330347506365870736e-02,6.991042519097612207e-02,-1.424403556660958081e-01,-7.252993047511968605e-02
9.562332592527903463e-01,9.790691861239428917e-01,2.283592687115254538e-02,6.850778061345763614e-02,-1.402644577518485924e-01,-7.175667713839095629e-02
9.566936317775825982e-01,9.790691861239428917e-01,2.237555434636029350e-02,6.712666303908088050e-02,-1.381117574376755641e-01,-7.098509439859468362e-02
9.571469057929350432e-01,9.790691861239428917e-01,2.192228033100784845e-02,6.576684099302354536e-02,-1.359822046057335143e-01,-7.021536361270996895e-02
9.575931582719262591e-01,9.790691861239428917e-01,2.147602785201663256e-02,6.442808355604989767e-02,-1.338757436973647685e-01,-6.944766014131487086e-02
9.580324659849033253e-01,9.790691861239428917e-01,2.103672013903956639e-02,6.311016041711869917e-02,-1.317923138931198501e-01,-6.868215347600115095e-02
9.584649054825327141e-01,9.790691861239428917e-01,2.060428064141017757e-02,6.181284192423053270e-02,-1.297318492888166475e-01,-6.791900736458611476e-02
9.588905530794257226e-01,9.790691861239428917e-01,2.017863304451716910e-02,6.053589913355150731e-02,-1.276942790679025386e-01,-6.715837993435103126e-02
9.593094848383252327e-01,9.790691861239428917e-01,1.975970128561765904e-02,5.927910385685297712e-02,-1.256795276698530195e-01,-6.640042381300004237e-02
9.597217765548434754e-01,9.790691861239428917e-01,1.934740956909941634e-02,5.804222870729824901e-02,-1.236875149554728104e-01,-6.564528624817456137e-02
9.601275037427369208e-01,9.790691861239428917e-01,1.894168238120597092e-02,5.682504714361791276e-02,-1.217181563680336254e-01,-6.489310922441571261e-02
9.605267416197078578e-01,9.790691861239428917e-01,1.854244450423503388e-02,5.562733351270510163e-02,-1.197713630912811134e-01,-6.414402957857601173e-02
9.609195650937210065e-01,9.790691861239428917e-01,1.814962103022188522e-02,5.444886309066565566e-02,-1.178470422039445964e-01,-6.339817911327894073e-02
9.613060487498228390e-01,9.790691861239428917e-01,1.776313737412005267e-02,5.328941212236015801e-02,-1.159450968305497653e-01,-6.265568470818960733e-02
9.616862668374538403e-01,9.790691861239428917e-01,1.738291928648905138e-02,5.214875785946715414e-02,-1.140654262893003867e-01,-6.191666842983323260e-02
9.620602932582418276e-01,9.790691861239428917e-01,1.700889286570106407e-02,5.102667859710319220e-02,-1.122079262363961938e-01,-6.118124763929300158e-02
9.624282015542658941e-01,9.790691861239428917e-01,1.664098456967699757e-02,4.992295370903099272e-02,-1.103724888072199484e-01,-6.044953509818895565e-02
9.627900648967800956e-01,9.790691861239428917e-01,1.627912122716279608e-02,4.883736368148838825e-02,-1.085590027542604474e-01,-5.972163907277205919e-02
9.631459560753871108e-01,9.790691861239428917e-01,1.592323004855578095e-02,4.776969014566734284e-02,-1.067673535821045405e-01,-5.899766343643719768e-02
9.634959474876504393e-01,9.790691861239428917e-01,1.557323863629245242e-02,4.671971590887735726e-02,-1.049974236789985582e-01,-5.827770777012120096e-02
9.638401111291368117e-01,9.790691861239428917e-01,1.522907499480607996e-02,4.568722498441823987e-02,-1.032490924459117387e-01,-5.756186746149349887e-02
9.641785185838769312e-01,9.790691861239428917e-01,1.489066754006596049e-02,4.467200262019788148e-02,-1.015222364220358386e-01,-5.685023380183795716e-02
9.645112410152368865e-01,9.790691861239428917e-01,1.455794510870600522e-02,4.367383532611801567e-02,-9.981672940798658189e-02,-5.614289408186856623e-02
9.648383491571886905e-01,9.790691861239428917e-01,1.423083696675420118e-02,4.269251090026260353e-02,-9.813244258554121302e-02,-5.543993168527860949e-02
9.651599133059719504e-01,9.790691861239428917e-01,1.390927281797094128e-02,4.172781845391282385e-02,-9.646924463497796864e-02,-5.474142618106514480e-02
9.654760033121371210e-01,9.790691861239428917e-01,1.359318281180577070e-02,4.077954843541731211e-02,-9.482700184955117351e-02,-5.404745341413386139e-02
9.657866885729609052e-01,9.790691861239428917e-01,1.328249755098198648e-02,3.984749265294595943e-02,-9.320557824713526784e-02,-5.335808559418930841e-02
9.660920380252252526e-01,9.790691861239428917e-01,1.297714809871763908e-02,3.893144429615291724e-02,-9.160483567930421955e-02,-5.267339138315130231e-02
9.663921201383512960e-01,9.790691861239428917e-01,1.267706598559159570e-02,3.803119795677478709e-02,-9.002463393781301448e-02,-5.199343598103822739e-02
9.666870029078792337e-01,9.790691861239428917e-01,1.238218321606365802e-02,3.714654964819097405e-02,-8.846483085838130478e-02,-5.131828121019033073e-02
9.669767538492861636e-01,9.790691861239428917e-01,1.209243227465672810e-02,3.627729682397018429e-02,-8.692528242207897549e-02,-5.064798559810879119e-02
9.672614399921332096e-01,9.790691861239428917e-01,1.180774613180968213e-02,3.542323839542904640e-02,-8.540584285411378929e-02,-4.998260445868474289e-02
9.675411278745343902e-01,9.790691861239428917e-01,1.152805824940850155e-02,3.458417474822550464e-02,-8.390636472035417626e-02,-4.932218997212867162e-02
9.678158835379383484e-01,9.790691861239428917e-01,1.125330258600454325e-02,3.375990775801362975e-02,-8.242669902118748837e-02,-4.866679126317385862e-02
9.680857725222160592e-01,9.790691861239428917e-01,1.098341360172683245e-02,3.295024080518049736e-02,-8.096669528331323917e-02,-4.801645447813274181e-02
9.683508598610459650e-01,9.790691861239428917e-01,1.071832626289692669e-02,3.215497878869078008e-02,-7.952620164897172828e-02,-4.737122286028094820e-02
9.686112100775897682e-01,9.790691861239428917e-01,1.045797604635312350e-02,3.137392813905937050e-02,-7.810506496314095770e-02,-4.673113682408158720e-02
9.688668871804512195e-01,9.790691861239428917e-01,1.020229894349167221e-02,3.060689683047501664e-02,-7.670313085843538659e-02,-4.609623402796036995e-02
9.691179546599099082e-01,9.790691861239428917e-01,9.951231464032983531e-03,2.985369439209895059e-02,-7.532024383760660413e-02,-4.546654944550765354e-02
9.693644754844239486e-01,9.790691861239428917e-01,9.704710639518943083e-03,2.911413191855682925e-02,-7.395624735421213458e-02,-4.484211543565530533e-02
9.696065120973944573e-01,9.790691861239428917e-01,9.462674026548434369e-03,2.838802207964530311e-02,-7.261098389115261398e-02,-4.422296181150731087e-02
9.698441264141838269e-01,9.790691861239428917e-01,9.225059709759064752e-03,2.767517912927719426e-02,-7.128429503681088519e-02,-4.360911590753369094e-02
9.700773798193824682e-01,9.790691861239428917e-01,8.991806304560423513e-03,2.697541891368127054e-02,-6.997602155959237180e-02,-4.300060264591110126e-02
9.703063331643164702e-01,9.790691861239428917e-01,8.762852959626421523e-03,2.628855887887926457e-02,-6.868600348020059698e-02,-4.239744460132133241e-02
9.705310467647904060e-01,9.790691861239428917e-01,8.538139359152485675e-03,2.561441807745745702e-02,-6.741408014218075451e-02,-4.179966206472329748e-02
9.707515803990578451e-01,9.790691861239428917e-01,8.317605724885046570e-03,2.495281717465513971e-02,-6.616009028023173144e-02,-4.120727310557659173e-02
9.709679933060146872e-01,9.790691861239428917e-01,8.101192817928204448e-03,2.430357845378461334e-02,-6.492387208705263646e-02,-4.062029363326802311e-02
9.711803441836082129e-01,9.790691861239428917e-01,7.888841940334678782e-03,2.366652582100403635e-02,-6.370526327805769995e-02,-4.003873745705366360e-02
9.713886911874560770e-01,9.790691861239428917e-01,7.680494936486814694e-03,2.304148480946044408e-02,-6.250410115435922620e-02,-3.946261634489878212e-02
9.715930919296694723e-01,9.790691861239428917e-01,7.476094194273419369e-03,2.242828258282025811e-02,-6.132022266401859767e-02,-3.889194008119833956e-02
9.717936034778746901e-01,9.790691861239428917e-01,7.275582646068201598e-03,2.182674793820460479e-02,-6.015346446156533133e-02,-3.832671652336072654e-02
9.719902823544275261e-01,9.790691861239428917e-01,7.078903769515365596e-03,2.123671130854609679e-02,-5.900366296585080050e-02,-3.776695165730470372e-02
9.721831845358146484e-01,9.790691861239428917e-01,6.886001588128243256e-03,2.065800476438472977e-02,-5.787065441613670203e-02,-3.721264965175197226e-02
9.723723654522365978e-01,9.790691861239428917e-01,6.696820671706293915e-03,2.009046201511888174e-02,-5.675427492658480233e-02,-3.666381291146592059e-02
9.725578799873674241e-01,9.790691861239428917e-01,6.511306136575467640e-03,1.953391840972640292e-02,-5.565436053924788240e-02,-3.612044212952147948e-02
9.727397824782852975e-01,9.790691861239428917e-01,6.329403645657594168e-03,1.898821093697278251e-02,-5.457074727536204151e-02,-3.558253633838925900e-02
9.729181267155693202e-01,9.790691861239428917e-01,6.151059408373571458e-03,1.845317822512071437e-02,-5.350327118520681324e-02,-3.505009296008609887e-02
9.730929659435573198e-01,9.790691861239428917e-01,5.976220180385571901e-03,1.792866054115671570e-02,-5.245176839639986710e-02,-3.452310785524315140e-02
9.732643528607598515e-01,9.790691861239428917e-01,5.804833263183040160e-03,1.741449978954912048e-02,-5.141607516075952233e-02,-3.400157537121040185e-02
9.734323396204251910e-01,9.790691861239428917e-01,5.636846503517700668e-03,1.691053951055310201e-02,-5.039602789960184737e-02,-3.348548838904874536e-02
9.735969778312516532e-01,9.790691861239428917e-01,5.472208292691238540e-03,1.641662487807371562e-02,-4.939146324793863840e-02,-3.297483836986492278e-02
9.737583185582411316e-01,9.790691861239428917e-01,5.310867565701760107e-03,1.593260269710528032e-02,-4.840221809684353005e-02,-3.246961539973824973e-02
9.739164123236906390e-01,9.790691861239428917e-01,5.152773800252252734e-03,1.545832140075675820e-02,-4.742812963485221189e-02,-3.196980823409545369e-02
9.740713091083167408e-01,9.790691861239428917e-01,4.997877015626150943e-03,1.499363104687845283e-02,-4.646903538783053733e-02,-3.147540434095208450e-02
9.742230583525087750e-01,9.790691861239428917e-01,4.846127771434116660e-03,1.453838331430234998e-02,-4.552477325761028482e-02,-3.098638994330793484e-02
9.743717089577064172e-01,9.790691861239428917e-01,4.697477166236474488e-03,1.409243149870942347e-02,-4.459518155929265149e-02,-3.050275006058322802e-02
9.745173092878980370e-01,9.790691861239428917e-01,4.551876836044854713e-03,1.365563050813456414e-02,-4.368009905748593269e-02,-3.002446854935136855e-02
9.746599071712347406e-01,9.790691861239428917e-01,4.409278952708151067e-03,1.322783685812445320e-02,-4.277936500101109374e-02,-2.955152814288664054e-02
9.747995499017571008e-01,9.790691861239428917e-01,4.269636222185790864e-03,1.280890866655737259e-02,-4.189281915670806100e-02,-2.908391049015068841e-02
9.749362842412304664e-01,9.790691861239428917e-01,4.132901882712425312e-03,1.239870564813727594e-02,-4.102030184200966545e-02,-2.862159619387238951e-02
9.750701564210845218e-01,9.790691861239428917e-01,3.999029702858369895e-03,1.199708910857510968e-02,-4.016165395621662526e-02,-2.816456484764151558e-02
9.752012121444537662e-01,9.790691861239428917e-01,3.867973979489125469e-03,1.160392193846737641e-02,-3.931671701077332770e-02,-2.771279507230595129e-02
9.753294965883158030e-01,9.790691861239428917e-01,3.739689535627088723e-03,1.121906860688126617e-02,-3.848533315861102366e-02,-2.726626455172975749e-02
9.754550544057226658e-01,9.790691861239428917e-01,3.614131718220225942e-03,1.084239515466067783e-02,-3.766734522205883451e-02,-2.682495006739815668e-02
9.755779297281227391e-01,9.790691861239428917e-01,3.491256395820152569e-03,1.047376918746045771e-02,-3.686259672002201171e-02,-2.638882753256155400e-02
9.756981661677696094e-01,9.790691861239428917e-01,3.371019956173282317e-03,1.011305986851984695e-02,-3.607093189406107570e-02,-2.595787202554122874e-02
9.758158068202138491e-01,9.790691861239428917e-01,3.253379303729042604e-03,9.760137911187127813e-03,-3.529219573327191384e-02,-2.553205782208478603e-02
9.759308942668759590e-01,9.790691861239428917e-01,3.138291857066932700e-03,9.414875571200798099e-03,-3.452623399863297138e-02,-2.511135842743217328e-02
9.760434705776952491e-01,9.790691861239428917e-01,3.025715546247642607e-03,9.077146638742927820e-03,-3.377289324578702789e-02,-2.469574660704410007e-02
9.761535773138538818e-01,9.790691861239428917e-01,2.915608810089009850e-03,8.746826430267029551e-03,-3.303202084758982693e-02,-2.428519441732279738e-02
9.762612555305707485e-01,9.790691861239428917e-01,2.807930593372143235e-03,8.423791780116429706e-03,-3.230346501505998447e-02,-2.387967323494355476e-02
9.763665457799641789e-01,9.790691861239428917e-01,2.702640343978712778e-03,8.107921031936138334e-03,-3.158707481802913719e-02,-2.347915378609299886e-02
9.764694881139789340e-01,9.790691861239428917e-01,2.599698009963957723e-03,7.799094029891873170e-03,-3.088270020442651642e-02,-2.308360617453464325e-02
9.765701220873762578e-01,9.790691861239428917e-01,2.499064036566633895e-03,7.497192109699901685e-03,-3.019019201919714845e-02,-2.269299990949724677e-02
9.766684867607826614e-01,9.790691861239428917e-01,2.400699363160230249e-03,7.202098089480690746e-03,-2.950940202192109396e-02,-2.230730393244040322e-02
9.767646207037957717e-01,9.790691861239428917e-01,2.304565420147119958e-03,6.913696260441359875e-03,-2.884018290393308703e-02,-2.192648664349172716e-02
9.768585619981445811e-01,9.790691861239428917e-01,2.210624125798310580e-03,6.631872377394931739e-03,-2.818238830464281364e-02,-2.155051592724788190e-02
9.769503482409006567e-01,9.790691861239428917e-01,2.118837883042234971e-03,6.356513649126704912e-03,-2.753587282682268267e-02,-2.117935917769597776e-02
9.770400165477389764e-01,9.790691861239428917e-01,2.029169576203915248e-03,6.087508728611745745e-03,-2.690049205149591671e-02,-2.081298332288417097e-02
9.771276035562449502e-01,9.790691861239428917e-01,1.941582567697941464e-03,5.824747703093824391e-03,-2.627610255179213539e-02,-2.045135484869831100e-02
9.772131454292660724e-01,9.790691861239428917e-01,1.856040694676819314e-03,5.568122084030457941e-03,-2.566256190633664502e-02,-2.009443982230618708e-02
9.772966778583049852e-01,9.790691861239428917e-01,1.772508265637906533e-03,5.317524796913719598e-03,-2.505972871167383431e-02,-1.974220391476011471e-02
9.773782360669523994e-01,9.790691861239428917e-01,1.690950056990492278e-03,5.072850170971476835e-03,-2.446746259422427627e-02,-1.939461242325279944e-02
9.774578548143575407e-01,9.790691861239428917e-01,1.611331309585350979e-03,4.833993928756052938e-03,-2.388562422154238973e-02,-1.905163029278633680e-02
9.775355683987333455e-01,9.790691861239428917e-01,1.533617725209546201e-03,4.600853175628638603e-03,-2.331407531274143352e-02,-1.871322213711279492e-02
9.776114106608955190e-01,9.790691861239428917e-01,1.457775463047372710e-03,4.373326389142118131e-03,-2.275267864865204714e-02,-1.837935225950992901e-02
9.776854149878316802e-01,9.790691861239428917e-01,1.383771136111211497e-03,4.151313408333634491e-03,-2.220129808084836398e-02,-1.804998467251472949e-02
9.777576143163005939e-01,9.790691861239428917e-01,1.311571807642297749e-03,3.934715422926893247e-03,-2.165979854067412447e-02,-1.772508311774723122e-02
9.778280411364577152e-01,9.790691861239428917e-01,1.241144987485176543e-03,3.723434962455529629e-03,-2.112804604713636181e-02,-1.740461108468083218e-02
9.778967274955063793e-01,9.790691861239428917e-01,1.172458628436512384e-03,3.517375885309537153e-03,-2.060590771459924753e-02,-1.708853182928971037e-02
9.779637050013720856e-01,9.790691861239428917e-01,1.105481122570806107e-03,3.316443367712418322e-03,-2.009325175971188315e-02,-1.677680839199946483e-02
9.780290048263986513e-01,9.790691861239428917e-01,1.040181297544240380e-03,3.120543892632721139e-03,-1.958994750796971829e-02,-1.646940361533699715e-02
9.780926577110636844e-01,9.790691861239428917e-01,9.765284128792073304e-04,2.929585238637621991e-03,-1.909586539950991479e-02,-1.616628016087229280e-02
9.781546939677125962e-01,9.790691861239428917e-01,9.144921562302954499e-04,2.743476468690886350e-03,-1.861087699467356416e-02,-1.586740052598267781e-02
9.782151434843089355e-01,9.790691861239428917e-01,8.540426396339562132e-04,2.562127918901868640e-03,-1.813485497890177101e-02,-1.557272705999990237e-02
9.782740357281992649e-01,9.790691861239428917e-01,7.951503957436267811e-04,2.385451187230880343e-03,-1.766767316709882962e-02,-1.528222197986794928e-02
9.783313997498915837e-01,9.790691861239428917e-01,7.377863740513079804e-04,2.213359122153923941e-03,-1.720920650769564020e-02,-1.499584738554171626e-02
9.783872641868454068e-01,9.790691861239428917e-01,6.819219370974849426e-04,2.045765811292454828e-03,-1.675933108614691136e-02,-1.471356527485445653e-02
9.784416572672717249e-01,9.790691861239428917e-01,6.275288566711667571e-04,1.882586570013500271e-03,-1.631792412789545565e-02,-1.443533755788195538e-02
9.784946068139422914e-01,9.790691861239428917e-01,5.745793100006002518e-04,1.723737930001800756e-03,-1.588486400116995156e-02,-1.416112607116815081e-02
9.785461402480056803e-01,9.790691861239428917e-01,5.230458759372114130e-04,1.569137627811634239e-03,-1.546003021901665164e-02,-1.389089259120501740e-02
9.785962845928100062e-01,9.790691861239428917e-01,4.729015311328854665e-04,1.418704593398656399e-03,-1.504330344129778396e-02,-1.362459884789912756e-02
9.786450664777295305e-01,9.790691861239428917e-01,4.241196462133611789e-04,1.272358938640083537e-03,-1.463456547585728629e-02,-1.336220653721720275e-02
9.786925121419952633e-01,9.790691861239428917e-01,3.766739819476283557e-04,1.130021945842885067e-03,-1.423369927971984694e-02,-1.310367733387696187e-02
9.787386474385276758e-01,9.790691861239428917e-01,3.305386854152159160e-04,9.916160562456477479e-04,-1.384058895972373193e-02,-1.284897290347808418e-02
9.787834978377697448e-01,9.790691861239428917e-01,2.856882861731468992e-04,8.570648585194406976e-04,-1.345511977262070502e-02,-1.259805491410126432e-02
9.788270884315203313e-01,9.790691861239428917e-01,2.420976924225604066e-04,7.262930772676812197e-04,-1.307717812517594780e-02,-1.235088504790826658e-02
9.788694439367661149e-01,9.790691861239428917e-01,1.997421871767768309e-04,5.992265615303304926e-04,-1.270665157373507270e-02,-1.210742501220474221e-02
9.789105886995107531e-01,9.790691861239428917e-01,1.585974244321386450e-04,4.757922732964159351e-04,-1.234342882339145575e-02,-1.186763655009503982e-02
9.789505466986003768e-01,9.790691861239428917e-01,1.186394253425149259e-04,3.559182760275447777e-04,-1.198739972688711575e-02,-1.163148145085957097e-02
9.789893415495448670e-01,9.790691861239428917e-01,7.984457439802472578e-05,2.395337231940741773e-04,-1.163845528334706003e-02,-1.139892156015298585e-02
9.790269965083333581e-01,9.790691861239428917e-01,4.218961560953360390e-05,1.265688468286008117e-04,-1.129648763654733656e-02,-1.116991878971873575e-02
9.790635344752428582e-01,9.790691861239428917e-01,5.651648700033540251e-06,1.695494610010062075e-05,-1.096139007285001910e-02,-1.094443512674991847e-02
9.790989779986397634e-01,9.790691861239428917e-01,-2.979187469687172296e-05,-8.937562409061516888e-05,-1.063305701907157896e-02,-1.072243264316219413e-02
9.791333492787722692e-01,9.790691861239428917e-01,-6.416315482937751113e-05,-1.924894644881325334e-04,-1.031138403975173645e-02,-1.050387350423986899e-02
9.791666701715543430e-01,9.790691861239428917e-01,-9.748404761145135211e-05,-2.924521428343540563e-04,-9.996267834622152293e-03,-1.028871997745650635e-02
9.791989621923387066e-01,9.790691861239428917e-01,-1.297760683958149031e-04,-3.893282051874447092e-04,-9.687606235309065283e-03,-1.007693444049650999e-02
9.792302465196790484e-01,9.790691861239428917e-01,-1.610603957361567140e-04,-4.831811872084701420e-04,-9.385298202102543286e-03,-9.868479389311013428e-03
9.792605439990804683e-01,9.790691861239428917e-01,-1.913578751375766274e-04,-5.740736254127298821e-04,-9.089243820425974008e-03,-9.663317445838703890e-03
9.792898751467372653e-01,9.790691861239428917e-01,-2.206890227943736349e-04,-6.620670683831209047e-04,-8.799344297039102258e-03,-9.461411365422223163e-03
9.793182601532575138e-01,9.790691861239428917e-01,-2.490740293146220807e-04,-7.472220879438662422e-04,-8.515501956074533751e-03,-9.262724044018399994e-03
9.793457188873734287e-01,9.790691861239428917e-01,-2.765327634305370097e-04,-8.295982902916110291e-04,-8.237620234774478689e-03,-9.067218525066089718e-03
9.793722708996367432e-01,9.790691861239428917e-01,-3.030847756938515047e-04,-9.092543270815545142e-04,-7.965603678994348513e-03,-8.874858006075903027e-03
9.793979354260995418e-01,9.790691861239428917e-01,-3.287493021566501028e-04,-9.862479064699503084e-04,-7.699357938839579418e-03,-8.685605845309529727e-03
9.794227313919777744e-01,9.790691861239428917e-01,-3.535452680348827315e-04,-1.060635804104648194e-03,-7.438789763469788596e-03,-8.499425567574436791e-03
9.794466774152992272e-01,9.790691861239428917e-01,-3.774912913563355232e-04,-1.132473874069006570e-03,-7.183806996435837533e-03,-8.316280870504844103e-03
9.794697918105336187e-01,9.790691861239428917e-01,-4.006056865907270392e-04,-1.201817059772181118e-03,-6.934318570317454800e-03,-8.136135630089635917e-03
9.794920925922050436e-01,9.790691861239428917e-01,-4.229064682621519466e-04,-1.268719404786455840e-03,-6.690234501427472225e-03,-7.958953906213928065e-03
9.795135974784858757e-01,9.790691861239428917e-01,-4.444113545429839718e-04,-1.333234063628951915e-03,-6.451465884249607541e-03,-7.784699947878559456e-03
9.795343238947719078e-01,9.790691861239428917e-01,-4.651377708290160840e-04,-1.395413312487048252e-03,-6.217924885809633651e-03,-7.613338198296681902e-03
9.795542889772380635e-01,9.790691861239428917e-01,-4.851028532951717764e-04,-1.455308559885515329e-03,-5.989524739846707746e-03,-7.444833299732223075e-03
9.795735095763742351e-01,9.790691861239428917e-01,-5.043234524313433553e-04,-1.512970357294030066e-03,-5.766179740851473667e-03,-7.279150098145503733e-03
9.795920022605005828e-01,9.790691861239428917e-01,-5.228161365576911024e-04,-1.568448409673073307e-03,-5.547805237904324116e-03,-7.116253647577397423e-03
9.796097833192621840e-01,9.790691861239428917e-01,-5.405971953192922896e-04,-1.621791585957876869e-03,-5.334317628480356177e-03,-6.956109214438233046e-03
9.796268687671023656e-01,9.790691861239428917e-01,-5.576826431594739120e-04,-1.673047929478421736e-03,-5.125634352054486698e-03,-6.798682281532908434e-03
9.796432743467143878e-01,9.790691861239428917e-01,-5.740882227714960706e-04,-1.722264668314488212e-03,-4.921673883606647593e-03,-6.643938551921135804e-03
9.796590155324712557e-01,9.790691861239428917e-01,-5.898294085283639632e-04,-1.769488225585091890e-03,-4.722355727060367769e-03,-6.491843952645459659e-03
9.796741075338327720e-01,9.790691861239428917e-01,-6.049214098898803016e-04,-1.814764229669640905e-03,-4.527600408454901526e-03,-6.342364638124542431e-03
9.796885652987304960e-01,9.790691861239428917e-01,-6.193791747876042919e-04,-1.858137524362812876e-03,-4.337329469317197095e-03,-6.195466993680009971e-03
9.797024035169288325e-01,9.790691861239428917e-01,-6.332173929859408190e-04,-1.899652178957822457e-03,-4.151465459500958133e-03,-6.051117638458780590e-03
9.797156366233633618e-01,9.790691861239428917e-01,-6.464504994204700594e-04,-1.939351498261410178e-03,-3.969931930358772121e-03,-5.909283428620182299e-03
9.797282788014550770e-01,9.790691861239428917e-01,-6.590926775121852543e-04,-1.977278032536555763e-03,-3.792653427514558473e-03,-5.769931460051114236e-03
9.797403439864007524e-01,9.790691861239428917e-01,-6.711578624578606878e-04,-2.013473587373582063e-03,-3.619555483702630028e-03,-5.633029071076212091e-03
9.797518458684393305e-01,9.790691861239428917e-01,-6.826597444964388472e-04,-2.047979233489316542e-03,-3.450564611573447849e-03,-5.498543845062764390e-03
9.797627978960933293e-01,9.790691861239428917e-01,-6.936117721504375666e-04,-2.080835316451312700e-03,-3.285608296199615808e-03,-5.366443612650928507e-03
9.797732132793861570e-01,9.790691861239428917e-01,-7.040271554432653289e-04,-2.112081466329795987e-03,-3.124614987848328695e-03,-5.236696454178124682e-03
9.797831049930335601e-01,9.790691861239428917e-01,-7.139188690906683732e-04,-2.141756607272005120e-03,-2.967514094220913279e-03,-5.109270701492918398e-03
9.797924857796107556e-01,9.790691861239428917e-01,-7.232996556678639166e-04,-2.169898967003591750e-03,-2.814235973158663029e-03,-4.984134940162254779e-03
9.798013681526939189e-01,9.790691861239428917e-01,-7.321820287510272252e-04,-2.196546086253081675e-03,-2.664711924948992561e-03,-4.861258011202074236e-03
9.798097643999760242e-01,9.790691861239428917e-01,-7.405782760331325321e-04,-2.221734828099397596e-03,-2.518874184631592072e-03,-4.740609012730989669e-03
9.798176865863568175e-01,9.790691861239428917e-01,-7.485004624139257601e-04,-2.245501387241777280e-03,-2.376655914237968403e-03,-4.622157301479745684e-03
9.798251465570074759e-01,9.790691861239428917e-01,-7.559604330645841586e-04,-2.267881299193752476e-03,-2.237991195197519545e-03,-4.505872494391272021e-03
9.798321559404087333e-01,9.790691861239428917e-01,-7.629698164658416104e-04,-2.288909449397524831e-03,-2.102815020377235555e-03,-4.391724469774760387e-03
9.798387261513630264e-01,9.790691861239428917e-01,-7.695400274201347202e-04,-2.308620082260404160e-03,-1.971063286287932925e-03,-4.279683368548337086e-03
9.798448683939804393e-01,9.790691861239428917e-01,-7.756822700375476387e-04,-2.327046810112642916e-03,-1.842672785223875564e-03,-4.169719595336518481e-03
9.798505936646383363e-01,9.790691861239428917e-01,-7.814075406954446024e-04,-2.344222622086333807e-03,-1.717581197369089097e-03,-4.061803819455422904e-03
9.798559127549142378e-01,9.790691861239428917e-01,-7.867266309713460970e-04,-2.360179892914038291e-03,-1.595727082770448391e-03,-3.955906975684486682e-03
9.798608362544926065e-01,9.790691861239428917e-01,-7.916501305497147811e-04,-2.374950391649144343e-03,-1.477049873510605238e-03,-3.852000265159749581e-03
9.798653745540444326e-01,9.790691861239428917e-01,-7.961884301015409449e-04,-2.388565290304622835e-03,-1.361489865547849121e-03,-3.750055155852471955e-03
9.798695378480807294e-01,9.790691861239428917e-01,-8.003517241378377278e-04,-2.401055172413513183e-03,-1.248988210889034889e-03,-3.650043383302548072e-03
9.798733361377786055e-01,9.790691861239428917e-01,-8.041500138357138283e-04,-2.412450041507141485e-03,-1.139486909362830147e-03,-3.551936950869971632e-03
9.798767792337814697e-01,9.790691861239428917e-01,-8.075931098385780160e-04,-2.422779329515734048e-03,-1.032928800859256313e-03,-3.455708130374990361e-03
9.798798767589712577e-01,9.790691861239428917e-01,-8.106906350283660245e-04,-2.432071905085098074e-03,-9.292575569364025512e-04,-3.361329462021500625e-03
9.798826381512147909e-01,9.790691861239428917e-01,-8.134520272718992473e-04,-2.440356081815697742e-03,-8.284176730599668304e-04,-3.268773754875664572e-03
9.798850726660829347e-01,9.790691861239428917e-01,-8.158865421400429696e-04,-2.447659626420128909e-03,-7.303544604431166931e-04,-3.178014086863245602e-03
9.798871893795423338e-01,9.790691861239428917e-01,-8.180032555994420918e-04,-2.454009766798326275e-03,-6.350140378197366431e-04,-3.089023804618062918e-03
9.798889971906212804e-01,9.790691861239428917e-01,-8.198110666783886558e-04,-2.459433200035165967e-03,-5.423433236839692029e-04,-3.001776523719135170e-03
9.798905048240478255e-01,9.790691861239428917e-01,-8.213187001049337965e-04,-2.463956100314801390e-03,-4.522900279635422294e-04,-2.916246128278343619e-03
9.798917208328615791e-01,9.790691861239428917e-01,-8.225347089186874072e-04,-2.467604126756062222e-03,-3.648026441260832087e-04,-2.832406770882145430e-03
9.798926536009981980e-01,9.790691861239428917e-01,-8.234674770553063183e-04,-2.470402431165918955e-03,-2.798304409856733344e-04,-2.750232872151592289e-03
9.798933113458476729e-01,9.790691861239428917e-01,-8.241252219047812133e-04,-2.472375665714343640e-03,-1.973234548424684931e-04,-2.669699120556812133e-03
9.798937021207850817e-01,9.790691861239428917e-01,-8.245159968421900132e-04,-2.473547990526570040e-03,-1.172324812226399615e-04,-2.590780471749210001e-03
9.798938338176752527e-01,9.790691861239428917e-01,-8.246476937323610201e-04,-2.473943081197083060e-03,-3.950906705130208252e-05,-2.513452148248385143e-03
9.798937141693506714e-01,9.790691861239428917e-01,-8.245280454077796861e-04,-2.473584136223339058e-03,3.589449737440020272e-05,-2.437689638848938856e-03
9.798933507520621866e-01,9.790691861239428917e-01,-8.241646281192949175e-04,-2.472493884357884752e-03,1.090251865454305857e-04,-2.363468697812454167e-03
9.798927509879039599e-01,9.790691861239428917e-01,-8.235648639610682054e-04,-2.470694591883204616e-03,1.799292474680136422e-04,-2.290765344415190974e-03
9.798919221472112140e-01,9.790691861239428917e-01,-8.227360232683222918e-04,-2.468208069804966875e-03,2.486522078237740629e-04,-2.219555861981192812e-03
9.798908713509323354e-01,9.790691861239428917e-01,-8.216852269894436844e-04,-2.465055680968331053e-03,3.152388836635822145e-04,-2.149816797304748839e-03
9.798896055729736654e-01,9.790691861239428917e-01,-8.204194490307736842e-04,-2.461258347092321053e-03,3.797333876010000608e-04,-2.081524959491320992e-03
9.798881316425190890e-01,9.790691861239428917e-01,-8.189455185761973510e-04,-2.456836555728592053e-03,4.421791363728999613e-04,-2.014657419355692092e-03
9.798864562463225347e-01,9.790691861239428917e-01,-8.172701223796430270e-04,-2.451810367138929081e-03,5.026188589662972106e-04,-1.949191508172631870e-03
9.798845859309751605e-01,9.790691861239428917e-01,-8.153998070322687752e-04,-2.446199421096806326e-03,5.610946042122755273e-04,-1.885104816884530798e-03
9.798825271051461172e-01,9.790691861239428917e-01,-8.133409812032255104e-04,-2.440022943609676531e-03,6.176477487129794497e-04,-1.822375194896697082e-03
9.798802860417975547e-01,9.790691861239428917e-01,-8.110999178546629551e-04,-2.433299753563988865e-03,6.723190045687665872e-04,-1.760980748995222278e-03
9.798778688803740922e-01,9.790691861239428917e-01,-8.086827564312004668e-04,-2.426048269293601400e-03,7.251484270387464903e-04,-1.700899842254854910e-03
9.798752816289664214e-01,9.790691861239428917e-01,-8.060955050235296682e-04,-2.418286515070589004e-03,7.761754223012395926e-04,-1.642111092769349412e-03
9.798725301664494847e-01,9.790691861239428917e-01,-8.033440425065929702e-04,-2.410032127519778911e-03,8.254387550810093899e-04,-1.584593372438769521e-03
9.798696202445953407e-01,9.790691861239428917e-01,-8.004341206524490104e-04,-2.401302361957347031e-03,8.729765562431879289e-04,-1.528325805714159102e-03
9.798665574901606057e-01,9.790691861239428917e-01,-7.973713662177139838e-04,-2.392114098653141951e-03,9.188263304205079862e-04,-1.473287768232633965e-03
9.798633474069490257e-01,9.790691861239428917e-01,-7.941612830061339778e-04,-2.382483849018401934e-03,9.630249634740017939e-04,-1.419458885544400140e-03
9.798599953778489580e-01,9.790691861239428917e-01,-7.908092539060662673e-04,-2.372427761718198802e-03,1.005608730020313146e-03,-1.366819031697885656e-03
9.798565066668456502e-01,9.790691861239428917e-01,-7.873205429027585467e-04,-2.361961628708275640e-03,1.046613300992316198e-03,-1.315348327715959442e-03
9.798528864210095390e-01,9.790691861239428917e-01,-7.837002970666473445e-04,-2.351100891199942033e-03,1.086073750833360663e-03,-1.265027140366581371e-03
9.798491396724594571e-01,9.790691861239428917e-01,-7.799535485165653981e-04,-2.339860645549696194e-03,1.124024565024583922e-03,-1.215836080525112273e-03
9.798452713403013048e-01,9.790691861239428917e-01,-7.760852163584130992e-04,-2.328255649075239297e-03,1.160499647445689675e-03,-1.167756001629549623e-03
9.798412862325429629e-01,9.790691861239428917e-01,-7.721001086000711666e-04,-2.316300325800213500e-03,1.195532327502579761e-03,-1.120767998297633739e-03
9.798371890479847801e-01,9.790691861239428917e-01,-7.680029240418884129e-04,-2.304008772125665239e-03,1.229155367454826120e-03,-1.074853404670839119e-03
9.798329843780861914e-01,9.790691861239428917e-01,-7.637982541432997152e-04,-2.291394762429899146e-03,1.261400969576609299e-03,-1.029993792853289847e-03
9.798286767088082438e-01,9.790691861239428917e-01,-7.594905848653521474e-04,-2.278471754596056442e-03,1.292300783384270346e-03,-9.861709712117860960e-04
9.798242704224332522e-01,9.790691861239428917e-01,-7.550842984903605171e-04,-2.265252895471081551e-03,1.321885912497489102e-03,-9.433669829735924495e-04
9.798197697993599187e-01,9.790691861239428917e-01,-7.505836754170269742e-04,-2.251751026251080923e-03,1.350186922000062850e-03,-9.015641042510180725e-04
9.798151790198761368e-01,9.790691861239428917e-01,-7.459928959332451370e-04,-2.237978687799735411e-03,1.377233845134551160e-03,-8.607448426651842510e-04
9.798105021659081482e-01,9.790691861239428917e-01,-7.413160419652564670e-04,-2.223948125895769401e-03,1.403056190396601011e-03,-8.208919354991683903e-04
9.798057432227466057e-01,9.790691861239428917e-01,-7.365570988037140054e-04,-2.209671296411142016e-03,1.427682948462738466e-03,-7.819883479484035504e-04
9.798009060807502113e-01,2.916059682662741626e-01,-6.881949378144760487e-01,-2.064584813443428146e+00,0.000000000000000000e+00,-2.064584813443428146e+00
9.795896104574095542e-01,2.916059682662741626e-01,-6.879836421911353916e-01,-2.063950926573406175e+00,6.338868700219713048e-02,-2.000562239571209044e+00
9.791782586101117625e-01,2.916059682662741626e-01,-6.875722903438375999e-01,-2.062716871031512689e+00,1.234055541893375185e-01,-1.939311316842175170e+00
9.785729756311297711e-01,2.916059682662741626e-01,-6.869670073648556086e-01,-2.060901022094566937e+00,1.815848936945974046e-01,-1.879316128399969532e+00
9.777797610393077488e-01,2.916059682662741626e-01,-6.861737927730335862e-01,-2.058521378319100759e+00,2.379643775466067090e-01,-1.820557000772494050e+00
9.768044907474084937e-01,2.916059682662741626e-01,-6.851985224811343311e-01,-2.055595567443402771e+00,2.925810875697765212e-01,-1.763014479873626250e+00
9.756529190075218239e-01,2.916059682662741626e-01,-6.840469507412476613e-01,-2.052140852223742762e+00,3.454715219660009495e-01,-1.706669330257741812e+00
9.743306803346094558e-01,2.916059682662741626e-01,-6.827247120683352932e-01,-2.048174136205005880e+00,3.966716018737104221e-01,-1.651502534331295458e+00
9.728432914082638661e-01,2.916059682662741626e-01,-6.812373231419897035e-01,-2.043711969425968888e+00,4.462166779036769171e-01,-1.597495291522291971e+00
9.711961529527660675e-01,2.916059682662741626e-01,-6.795901846864919049e-01,-2.038770554059475604e+00,4.941415366493395744e-01,-1.544629017410136029e+00
9.693945515955272318e-01,2.916059682662741626e-01,-6.777885833292530693e-01,-2.033365749987759319e+00,5.404804071716506897e-01,-1.492885342816108629e+00
9.674436617040068631e-01,2.916059682662741626e-01,-6.758376934377327006e-01,-2.027513080313198213e+00,5.852669674561106206e-01,-1.442246112857087592e+00
9.653485472012007795e-01,2.916059682662741626e-01,-6.737425789349266170e-01,-2.021227736804779962e+00,6.285343508418250735e-01,-1.392693385962954888e+00
9.631141633597983809e-01,2.916059682662741626e-01,-6.715081950935242183e-01,-2.014524585280572655e+00,6.703151524207195955e-01,-1.344209432859853059e+00
9.607453585751100089e-01,2.916059682662741626e-01,-6.691393903088358464e-01,-2.007418170926507539e+00,7.106414354065115901e-01,-1.296776735519995949e+00
9.582468761168696503e-01,2.916059682662741626e-01,-6.666409078505954877e-01,-1.999922723551786463e+00,7.495447374721075917e-01,-1.250377986079678871e+00
9.556233558600213396e-01,2.916059682662741626e-01,-6.640173875937471770e-01,-1.992052162781241531e+00,7.870560770544932083e-01,-1.204996085726748323e+00
9.528793359946002850e-01,2.916059682662741626e-01,-6.612733677283261224e-01,-1.983820103184978478e+00,8.232059596263163748e-01,-1.160614143558662104e+00
9.500192547148234024e-01,2.916059682662741626e-01,-6.584132864485492398e-01,-1.975239859345647719e+00,8.580243839330647937e-01,-1.117215475412582926e+00
9.470474518875052761e-01,2.916059682662741626e-01,-6.554414836212311135e-01,-1.966324450863693230e+00,8.915408481954378850e-01,-1.074783602668255345e+00
9.439681706999203392e-01,2.916059682662741626e-01,-6.523622024336461767e-01,-1.957086607300938530e+00,9.237843562754810556e-01,-1.033302251025457474e+00
9.407855592872328421e-01,2.916059682662741626e-01,-6.491795910209586795e-01,-1.947538773062876150e+00,9.547834238062491430e-01,-9.927553492566270066e-01
9.375036723396196203e-01,2.916059682662741626e-01,-6.458977040733454578e-01,-1.937693112220036262e+00,9.845660842839665250e-01,-9.531270279360697373e-01
9.341264726892127834e-01,2.916059682662741626e-01,-6.425205044229386209e-01,-1.927561513268815752e+00,1.013159895122051068e+00,-9.144016181467646831e-01
9.306578328769913311e-01,2.916059682662741626e-01,-6.390518646107171685e-01,-1.917155593832151617e+00,1.040591943666435704e+00,-8.765636501657159130e-01
9.271015366997532592e-01,2.916059682662741626e-01,-6.354955684334790966e-01,-1.906486705300437290e+00,1.066888853171421569e+00,-8.395978521290157204e-01
9.234612807373022703e-01,2.916059682662741626e-01,-6.318553124710281077e-01,-1.895565937413084434e+00,1.092076788735296677e+00,-8.034891486777877567e-01
9.197406758599835364e-01,2.916059682662741626e-01,-6.281347075937093738e-01,-1.884404122781128121e+00,1.116181463195620172e+00,-7.682226595855079498e-01
9.159432487167062931e-01,2.916059682662741626e-01,-6.243372804504321305e-01,-1.873011841351296392e+00,1.139228142983172987e+00,-7.337836983681234049e-01
9.120724432035921536e-01,2.916059682662741626e-01,-6.204664749373179911e-01,-1.861399424811954084e+00,1.161241653934241835e+00,-7.001577708777122488e-01
9.081316219133902523e-01,2.916059682662741626e-01,-6.165256536471160898e-01,-1.849576960941348158e+00,1.182246387060570392e+00,-6.673305738807777665e-01
9.041240675658003267e-01,2.916059682662741626e-01,-6.125180992995261642e-01,-1.837554297898578604e+00,1.202266304276977671e+00,-6.352879936216009327e-01
9.000529844188481787e-01,2.916059682662741626e-01,-6.084470161525740162e-01,-1.825341048457722160e+00,1.221324944085644404e+00,-6.040161043720777556e-01
8.959214996614588422e-01,2.916059682662741626e-01,-6.043155313951846797e-01,-1.812946594185554039e+00,1.239445427216800955e+00,-5.735011669687530844e-01
8.917326647873726753e-01,2.916059682662741626e-01,-6.001266965210985127e-01,-1.800380089563295538e+00,1.256650462225850085e+00,-5.437296273374454536e-01
8.874894569505527020e-01,2.916059682662741626e-01,-5.958834886842785394e-01,-1.787650466052835618e+00,1.272962351045991980e+00,-5.146881150068436384e-01
8.831947803022320853e-01,2.916059682662741626e-01,-5.915888120359579228e-01,-1.774766436107873879e+00,1.288402994496185006e+00,-4.863634416116888737e-01
8.788514673097502783e-01,2.916059682662741626e-01,-5.872454990434761157e-01,-1.761736497130428347e+00,1.302993897744542107e+00,-4.587425993858862405e-01
8.744622800573299548e-01,2.916059682662741626e-01,-5.828563117910557922e-01,-1.748568935373167488e+00,1.316756175726097045e+00,-4.318127596470704432e-01
8.700299115289449325e-01,2.916059682662741626e-01,-5.784239432626707700e-01,-1.735271829788012310e+00,1.329710558515506680e+00,-4.055612712725056301e-01
8.655569868734326322e-01,2.916059682662741626e-01,-5.739510186071584696e-01,-1.721853055821475298e+00,1.341877396653690102e+00,-3.799756591677851958e-01
8.610460646520035066e-01,2.916059682662741626e-01,-5.694400963857293441e-01,-1.708320289157188032e+00,1.353276666428737673e+00,-3.550436227284503587e-01
8.564996380683015387e-01,2.916059682662741626e-01,-5.648936698020273761e-01,-1.694681009406082239e+00,1.363927975110590385e+00,-3.307530342954918545e-01
8.519201361811700179e-01,2.916059682662741626e-01,-5.603141679148958554e-01,-1.680942503744687677e+00,1.373850566139456220e+00,-3.070919376052314576e-01
8.473099251002780274e-01,2.916059682662741626e-01,-5.557039568340038649e-01,-1.667111870502011595e+00,1.383063324267597149e+00,-2.840485462344144452e-01
8.426713091647625165e-01,2.916059682662741626e-01,-5.510653408984883539e-01,-1.653196022695464951e+00,1.391584780654653297e+00,-2.616112420408116535e-01
8.380065321050429450e-01,2.916059682662741626e-01,-5.464005638387687824e-01,-1.639201691516306347e+00,1.399433117915871438e+00,-2.397685736004349089e-01
8.333177781879633761e-01,2.916059682662741626e-01,-5.417118099216892135e-01,-1.625135429765067752e+00,1.406626175123870670e+00,-2.185092546411970815e-01
8.286071733454196675e-01,2.916059682662741626e-01,-5.370012050791455049e-01,-1.611003615237436515e+00,1.413181452763112578e+00,-1.978221624743239371e-01
8.238767862866285263e-01,2.916059682662741626e-01,-5.322708180203543638e-01,-1.596812454061063091e+00,1.419116117637342356e+00,-1.776963364237207355e-01
8.191286295941949680e-01,2.916059682662741626e-01,-5.275226613279208054e-01,-1.582567983983762527e+00,1.424447007730067494e+00,-1.581209762536950336e-01
8.143646608041360535e-01,2.916059682662741626e-01,-5.227586925378618909e-01,-1.568276077613585784e+00,1.429190637017674348e+00,-1.390854405959114359e-01
8.095867834700175569e-01,2.916059682662741626e-01,-5.179808152037433944e-01,-1.553942445611230294e+00,1.433363200235548973e+00,-1.205792453756813210e-01
8.047968482113615485e-01,2.916059682662741626e-01,-5.131908799450873859e-01,-1.539572639835262269e+00,1.436980577596802533e+00,-1.025920622384597358e-01
7.999966537464816563e-01,2.916059682662741626e-01,-5.083906854802074937e-01,-1.525172056440622370e+00,1.440058339463967663e+00,-8.511371697665470748e-02
7.951879479099041026e-01,2.916059682662741626e-01,-5.035819796436299400e-01,-1.510745938930889931e+00,1.442611750973266105e+00,-6.813418795762382629e-02
7.903724286545308342e-01,2.916059682662741626e-01,-4.987664603882566716e-01,-1.496299381164770015e+00,1.444655776611980524e+00,-5.164360455278949047e-02
7.855517450387022871e-01,2.916059682662741626e-01,-4.939457767724281245e-01,-1.481837330317284263e+00,1.446205084748564129e+00,-3.563224556872013338e-02
7.807274981983167716e-01,2.916059682662741626e-01,-4.891215299320426091e-01,-1.467364589796127827e+00,1.447274052115654630e+00,-2.009053768047319721e-02
7.759012423041632411e-01,2.916059682662741626e-01,-4.842952740378890786e-01,-1.452885822113667125e+00,1.447876768246059154e+00,-5.009053867607971000e-03
7.710744855046229862e-01,2.916059682662741626e-01,-4.794685172383488236e-01,-1.438405551715046471e+00,1.448027039862076482e+00,9.621488147030010651e-03
7.662486908538974628e-01,2.916059682662741626e-01,-4.746427225876233003e-01,-1.423928167762869901e+00,1.447738395217657015e+00,2.381022745478711400e-02
7.614252772259173518e-01,2.916059682662741626e-01,-4.698193089596431893e-01,-1.409457926878929568e+00,1.447024088394033292e+00,3.756616151510372426e-02
7.566056202140887255e-01,2.916059682662741626e-01,-4.649996519478145629e-01,-1.394998955843443689e+00,1.445897103548587914e+00,5.089814770514422548e-02
7.517910530170306416e-01,2.916059682662741626e-01,-4.601850847507564790e-01,-1.380555254252269437e+00,1.444370159117425167e+00,6.381490486515573046e-02
7.469828673104590422e-01,2.916059682662741626e-01,-4.553768990441848796e-01,-1.366130697132554639e+00,1.442455711971479815e+00,7.632501483892517591e-02
7.421823141053713879e-01,2.916059682662741626e-01,-4.505763458390972254e-01,-1.351729037517291676e+00,1.440165961526296279e+00,8.843692400900460271e-02
7.373906045926846842e-01,2.916059682662741626e-01,-4.457846363264105216e-01,-1.337353908979231676e+00,1.437512853806011126e+00,1.001589448267794502e-01
7.326089109744805539e-01,2.916059682662741626e-01,-4.410029427082063913e-01,-1.323008828124619285e+00,1.434508085461239091e+00,1.114992573366198059e-01
7.278383672820101236e-01,2.916059682662741626e-01,-4.362323990157359610e-01,-1.308697197047207883e+00,1.431163107741129092e+00,1.224659106939212094e-01
7.230800701806090469e-01,2.916059682662741626e-01,-4.314741019143348844e-01,-1.294422305743004653e+00,1.427489130420322994e+00,1.330668246773183405e-01
7.183350797616757655e-01,2.916059682662741626e-01,-4.267291114954016029e-01,-1.280187334486204698e+00,1.423497125679984432e+00,1.433097911937797342e-01
7.136044203218618875e-01,2.916059682662741626e-01,-4.219984520555877250e-01,-1.265995356166763175e+00,1.419197831944163379e+00,1.532024757774002044e-01
7.088890811296256755e-01,2.916059682662741626e-01,-4.172831128633515130e-01,-1.251849338590054650e+00,1.414601757670863602e+00,1.627524190808089521e-01
7.041900171792976337e-01,2.916059682662741626e-01,-4.125840489130234712e-01,-1.237752146739070414e+00,1.409719185098412542e+00,1.719670383593421281e-01
6.995081499328055230e-01,2.916059682662741626e-01,-4.079021816665313604e-01,-1.223706544999594081e+00,1.404560173947633217e+00,1.808536289480391357e-01
6.948443680492081276e-01,2.916059682662741626e-01,-4.032383997829339650e-01,-1.209715199348802006e+00,1.399134565079218628e+00,1.894193657304166223e-01
6.901995281021837680e-01,2.916059682662741626e-01,-3.985935598359096055e-01,-1.195780679507728816e+00,1.393451984107307862e+00,1.976713045995790452e-01
6.855744552856194440e-01,2.916059682662741626e-01,-3.939684870193452815e-01,-1.181905461058035733e+00,1.387521844969297202e+00,2.056163839112614689e-01
6.809699441074462678e-01,2.916059682662741626e-01,-3.893639758411721052e-01,-1.168091927523516205e+00,1.381353353451952870e+00,2.132614259284366653e-01
6.763867590718658507e-01,2.916059682662741626e-01,-3.847807908055916881e-01,-1.154342372416774953e+00,1.374955510674125136e+00,2.206131382573501831e-01
6.718256353501111944e-01,2.916059682662741626e-01,-3.802196670838370318e-01,-1.140659001251511206e+00,1.368337116526396890e+00,2.276781152748856840e-01
6.672872794398840846e-01,2.916059682662741626e-01,-3.756813111736099220e-01,-1.127043933520829766e+00,1.361506773068132947e+00,2.344628395473031812e-01
6.627723698136116504e-01,2.916059682662741626e-01,-3.711664015473374878e-01,-1.113499204642012463e+00,1.354472887881730259e+00,2.409736832397177952e-01
6.582815575556631993e-01,2.916059682662741626e-01,-3.666755892893890367e-01,-1.100026767868166999e+00,1.347243677384535321e+00,2.472169095163683217e-01
6.538154669886663273e-01,2.916059682662741626e-01,-3.622094987223921647e-01,-1.086628496167176383e+00,1.339827170099061604e+00,2.531986739318852209e-01
6.493746962890627472e-01,2.916059682662741626e-01,-3.577687280227885847e-01,-1.073306184068365754e+00,1.332231209881074019e+00,2.589250258127082649e-01
6.449598180920403934e-01,2.916059682662741626e-01,-3.533538498257662308e-01,-1.060061549477298692e+00,1.324463459106706154e+00,2.644019096294074611e-01
6.405713800859810236e-01,2.916059682662741626e-01,-3.489654118197068611e-01,-1.046896235459120472e+00,1.316531401817810920e+00,2.696351663586904479e-01
6.362099055965574346e-01,2.916059682662741626e-01,-3.446039373302832720e-01,-1.033811811990849705e+00,1.308442346827076719e+00,2.746305348362270138e-01
6.318758941606175128e-01,2.916059682662741626e-01,-3.402699258943433502e-01,-1.020809777683030051e+00,1.300203430781976532e+00,2.793936530989464817e-01
6.275698220899874613e-01,2.916059682662741626e-01,-3.359638538237132988e-01,-1.007891561471139896e+00,1.291821621189015445e+00,2.839300597178755492e-01
6.232921430253292039e-01,2.916059682662741626e-01,-3.316861747590550413e-01,-9.950585242771651240e-01,1.283303719397477227e+00,2.882451951203121032e-01
6.190432884801829738e-01,2.916059682662741626e-01,-3.274373202139088113e-01,-9.823119606417264338e-01,1.274656363543869020e+00,2.923444029021425861e-01
6.148236683753269816e-01,2.916059682662741626e-01,-3.232177001090528190e-01,-9.696531003271584570e-01,1.265886031456797678e+00,2.962329311296392209e-01
6.106336715635839463e-01,2.916059682662741626e-01,-3.190277032973097837e-01,-9.570831098919293511e-01,1.256999043522910586e+00,2.999159336309812351e-01
6.064736663452040544e-01,2.916059682662741626e-01,-3.148676980789298918e-01,-9.446030942367896754e-01,1.248001565513967570e+00,3.033984712771778947e-01
6.023440009739517986e-01,2.916059682662741626e-01,-3.107380327076776361e-01,-9.322140981230329082e-01,1.238899611375676724e+00,3.066855132526438155e-01
5.982450041540248176e-01,2.916059682662741626e-01,-3.066390358877506550e-01,-9.199171076632519650e-01,1.229699045978094318e+00,3.097819383148423533e-01
5.941769855279293022e-01,2.916059682662741626e-01,-3.025710172616551397e-01,-9.077130517849654190e-01,1.220405587828654603e+00,3.126925360436891843e-01
5.901402361554382026e-01,2.916059682662741626e-01,-2.985342678891640400e-01,-8.956028036674921200e-01,1.211024811747329899e+00,3.154220080798377790e-01
5.861350289837550243e-01,2.916059682662741626e-01,-2.945290607174808617e-01,-8.835871821524425851e-01,1.201562151504953491e+00,3.179749693525109056e-01
5.821616193090071167e-01,2.916059682662741626e-01,-2.905556510427329542e-01,-8.716669531281988625e-01,1.192022902424372255e+00,3.203559492961733923e-01
5.782202452291889117e-01,2.916059682662741626e-01,-2.866142769629147491e-01,-8.598428308887442473e-01,1.182412223945461527e+00,3.225693930567172796e-01
5.743111280886763481e-01,2.916059682662741626e-01,-2.827051598224021856e-01,-8.481154794672065567e-01,1.172735142153769061e+00,3.246196626865625046e-01
5.704344729144323889e-01,2.916059682662741626e-01,-2.788285046481582263e-01,-8.364855139444746790e-01,1.162996552273187767e+00,3.265110383287130880e-01
5.665904688440213111e-01,2.916059682662741626e-01,-2.749845005777471485e-01,-8.249535017332414455e-01,1.153201221123323350e+00,3.282477193900819046e-01
5.627792895455492328e-01,2.916059682662741626e-01,-2.711733212792750702e-01,-8.135199638378252107e-01,1.143353789541623478e+00,3.298338257037982668e-01
5.590010936296475608e-01,2.916059682662741626e-01,-2.673951253633733982e-01,-8.021853760901201946e-01,1.133458774770501609e+00,3.312733986803814146e-01
5.552560250536139330e-01,2.916059682662741626e-01,-2.636500567873397705e-01,-7.909501703620193114e-01,1.123520572810088325e+00,3.325704024480690135e-01
5.515442135178251215e-01,2.916059682662741626e-01,-2.599382452515509589e-01,-7.798147357546528768e-01,1.113543460736643453e+00,3.337287249819905766e-01
5.478657748545344708e-01,2.916059682662741626e-01,-2.562598065882603082e-01,-7.687794197647809247e-01,1.103531598987195217e+00,3.347521792224142922e-01
5.442208114091661164e-01,2.916059682662741626e-01,-2.526148431428919539e-01,-7.578445294286758616e-01,1.093489033610506311e+00,3.356445041818304498e-01
5.406094124142158952e-01,2.916059682662741626e-01,-2.490034441479417326e-01,-7.470103324438251979e-01,1.083419698485066363e+00,3.364093660412411646e-01
5.370316543558698585e-01,2.916059682662741626e-01,-2.454256860895956960e-01,-7.362770582687870879e-01,1.073327417503810999e+00,3.370503592350239108e-01
5.334876013334473033e-01,2.916059682662741626e-01,-2.418816330671731407e-01,-7.256448992015194221e-01,1.063215906726766580e+00,3.375710075252471576e-01
5.299773054117772331e-01,2.916059682662741626e-01,-2.383713371455030705e-01,-7.151140114365092115e-01,1.053088776501021062e+00,3.379747650645118506e-01
5.265008069666136103e-01,2.916059682662741626e-01,-2.348948387003394478e-01,-7.046845161010183434e-01,1.042949533549086816e+00,3.382650174480684724e-01
5.230581350231948701e-01,2.916059682662741626e-01,-2.314521667569207075e-01,-6.943565002707621225e-01,1.032801583025622083e+00,3.384450827548599605e-01
5.196493075880516122e-01,2.916059682662741626e-01,-2.280433393217774496e-01,-6.841300179653323488e-01,1.022648230542977377e+00,3.385182125776450279e-01
5.162743319741660564e-01,2.916059682662741626e-01,-2.246683637078918938e-01,-6.740050911236756814e-01,1.012492684165666734e+00,3.384875930419910528e-01
5.129332051195847342e-01,2.916059682662741626e-01,-2.213272368533105716e-01,-6.639817105599317149e-01,1.002338056374396658e+00,3.383563458144649427e-01
5.096259138995848925e-01,2.916059682662741626e-01,-2.180199456333107300e-01,-6.540598368999321899e-01,9.921873659999524975e-01,3.381275291000203076e-01
5.063524354324949739e-01,2.916059682662741626e-01,-2.147464671662208113e-01,-6.442394014986624340e-01,9.820435401269755893e-01,3.378041386283131553e-01
5.031127373792678714e-01,2.916059682662741626e-01,-2.115067691129937089e-01,-6.345203073389811266e-01,9.719094159681307410e-01,3.373891086291496144e-01
4.999067782369037150e-01,2.916059682662741626e-01,-2.083008099706295524e-01,-6.249024299118886017e-01,9.617877427092469400e-01,3.368853127973583383e-01
4.967345076258193326e-01,2.916059682662741626e-01,-2.051285393595451700e-01,-6.153856180786354546e-01,9.516811833253147057e-01,3.362955652466792511e-01
4.935958665712595894e-01,2.916059682662741626e-01,-2.019898983049854269e-01,-6.059696949149562251e-01,9.415923163679229546e-01,3.356226214529667295e-01
4.904907877788451387e-01,2.916059682662741626e-01,-1.988848195125709761e-01,-5.966544585377129284e-01,9.315236377243352184e-01,3.348691791866222900e-01
4.874191959043493449e-01,2.916059682662741626e-01,-1.958132276380751824e-01,-5.874396829142255472e-01,9.214775623487381218e-01,3.340378794345125746e-01
4.843810078177970269e-01,2.916059682662741626e-01,-1.927750395515228643e-01,-5.783251186545685929e-01,9.114564259656954270e-01,3.331313073111268341e-01
4.813761328619757807e-01,2.916059682662741626e-01,-1.897701645957016181e-01,-5.693104937871048543e-01,9.014624867463738589e-01,3.321519929592690046e-01
4.784044731054504784e-01,2.916059682662741626e-01,-1.867985048391763159e-01,-5.603955145175290031e-01,8.914979269575906695e-01,3.311024124400616664e-01
4.754659235901692038e-01,2.916059682662741626e-01,-1.838599553238950413e-01,-5.515798659716850683e-01,8.815648545843823847e-01,3.299849886126973164e-01
4.725603725737491656e-01,2.916059682662741626e-01,-1.809544043074750030e-01,-5.428632129224250091e-01,8.716653049260114638e-01,3.288020920035864547e-01
4.696877017665295195e-01,2.916059682662741626e-01,-1.780817335002553570e-01,-5.342452005007660709e-01,8.618012421658938216e-01,3.275560416651277507e-01
4.668477865634763635e-01,2.916059682662741626e-01,-1.752418182972022009e-01,-5.257254548916066028e-01,8.519745609159468103e-01,3.262491060243402075e-01
4.640404962710256709e-01,2.916059682662741626e-01,-1.724345280047515083e-01,-5.173035840142545805e-01,8.421870877352077844e-01,3.248835037209532040e-01
4.612656943289470401e-01,2.916059682662741626e-01,-1.696597260626728776e-01,-5.089791781880186328e-01,8.324405826235892203e-01,3.234614044355705875e-01
4.585232385273119715e-01,2.916059682662741626e-01,-1.669172702610378090e-01,-5.007518107831134824e-01,8.227367404905205905e-01,3.219849297074071082e-01
4.558129812186476615e-01,2.916059682662741626e-01,-1.642070129523734989e-01,-4.926210388571204968e-01,8.130771925992930083e-01,3.204561537421725115e-01
4.531347695253575836e-01,2.916059682662741626e-01,-1.615288012590834210e-01,-4.845864037772502630e-01,8.034635079870233731e-01,3.188771042097731101e-01
4.504884455424884582e-01,2.916059682662741626e-01,-1.588824772762142956e-01,-4.766474318286428868e-01,7.938971948607376206e-01,3.172497630320947337e-01
4.478738465359225485e-01,2.916059682662741626e-01,-1.562678782696483859e-01,-4.688036348089451577e-01,7.843797019697729134e-01,3.155760671608277557e-01
4.452908051360727204e-01,2.916059682662741626e-01,-1.536848368697985578e-01,-4.610545106093956735e-01,7.749124199549484171e-01,3.138579093455527436e-01
4.427391495271574273e-01,2.916059682662741626e-01,-1.511331812608832648e-01,-4.533995437826497943e-01,7.654966826745879249e-01,3.120971388919381306e-01
4.402187036321313363e-01,2.916059682662741626e-01,-1.486127353658571737e-01,-4.458382060975715211e-01,7.561337685078273196e-01,3.102955624102557985e-01
4.377292872933462586e-01,2.916059682662741626e-01,-1.461233190270720961e-01,-4.383699570812162882e-01,7.468249016355232861e-01,3.084549445543069979e-01
4.352707164490166591e-01,2.916059682662741626e-01,-1.436647481827424966e-01,-4.309942445482274898e-01,7.375712532988798475e-01,3.065770087506523578e-01
4.328428033055620738e-01,2.916059682662741626e-01,-1.412368350392879113e-01,-4.237105051178637338e-01,7.283739430363755929e-01,3.046634379185118591e-01
4.304453565058993791e-01,2.916059682662741626e-01,-1.388393882396252166e-01,-4.165181647188756497e-01,7.192340398988084083e-01,3.027158751799327585e-01
4.280781812937546893e-01,2.916059682662741626e-01,-1.364722130274805267e-01,-4.094166390824415802e-01,7.101525636434069533e-01,3.007359245609653731e-01
4.257410796740660475e-01,2.916059682662741626e-01,-1.341351114077918849e-01,-4.024053342233756547e-01,7.011304859065925488e-01,2.987251516832168940e-01
4.234338505695457444e-01,2.916059682662741626e-01,-1.318278823032715819e-01,-3.954836469098147456e-01,6.921687313560909161e-01,2.966850844462761705e-01
4.211562899734700993e-01,2.916059682662741626e-01,-1.295503217071959368e-01,-3.886509651215878103e-01,6.832681788226935282e-01,2.946172137011057179e-01
4.189081910987645374e-01,2.916059682662741626e-01,-1.273022228324903748e-01,-3.819066684974711245e-01,6.744296624116685734e-01,2.925229939141974489e-01
4.166893445234504112e-01,2.916059682662741626e-01,-1.250833762571762486e-01,-3.752501287715287459e-01,6.656539725942378638e-01,2.904038438227091179e-01
4.144995383325185689e-01,2.916059682662741626e-01,-1.228935700662444064e-01,-3.686807101987332191e-01,6.569418572795526767e-01,2.882611470808194576e-01
4.123385582562947849e-01,2.916059682662741626e-01,-1.207325899900206223e-01,-3.621977699700618669e-01,6.482940228671352223e-01,2.860962528970733554e-01
4.102061878053607225e-01,2.916059682662741626e-01,-1.186002195390865599e-01,-3.558006586172596797e-01,6.397111352802187234e-01,2.839104766629590437e-01
4.081022084020929364e-01,2.916059682662741626e-01,-1.164962401358187738e-01,-3.494887204074563214e-01,6.311938209803358291e-01,2.817051005728795077e-01
4.060263995088824185e-01,2.916059682662741626e-01,-1.144204312426082559e-01,-3.432612937278247678e-01,6.227426679631553608e-01,2.794813742353305930e-01
4.039785387530954730e-01,2.916059682662741626e-01,-1.123725704868213104e-01,-3.371177114604639313e-01,6.143582267360836457e-01,2.772405152756197144e-01
4.019584020488360943e-01,2.916059682662741626e-01,-1.103524337825619317e-01,-3.310573013476857951e-01,6.060410112778136238e-01,2.749837099301278287e-01
3.999657637155696888e-01,2.916059682662741626e-01,-1.083597954492955262e-01,-3.250793863478865786e-01,5.977914999799216478e-01,2.727121136320350692e-01
3.980003965936664834e-01,2.916059682662741626e-01,-1.063944283273923208e-01,-3.191832849821769624e-01,5.896101365709616182e-01,2.704268515887846558e-01
3.960620721569221847e-01,2.916059682662741626e-01,-1.044561038906480221e-01,-3.133683116719440664e-01,5.814973310232895987e-01,2.681290193513455322e-01
3.941505606221130109e-01,2.916059682662741626e-01,-1.025445923558388484e-01,-3.076337770675165451e-01,5.734534604427521387e-01,2.658196833752355936e-01
3.922656310556413839e-01,2.916059682662741626e-01,-1.006596627893672213e-01,-3.019789883681016640e-01,5.654788699414881048e-01,2.634998815733864408e-01
3.904070514773270717e-01,2.916059682662741626e-01,-9.880108321105290914e-02,-2.964032496331587274e-01,5.575738734942936592e-01,2.611706238611349318e-01
3.885745889613989035e-01,2.916059682662741626e-01,-9.696862069512474092e-02,-2.909058620853742227e-01,5.497387547784504669e-01,2.588328926930762441e-01
3.867680097347400148e-01,2.916059682662741626e-01,-9.516204146846585221e-02,-2.854861244053975566e-01,5.419737679976666112e-01,2.564876435922690545e-01
3.849870792724403579e-01,2.916059682662741626e-01,-9.338111100616619531e-02,-2.801433330184985859e-01,5.342791386898970707e-01,2.541358056713984848e-01
3.832315623907078250e-01,2.916059682662741626e-01,-9.162559412443366247e-02,-2.748767823733009874e-01,5.266550645197598524e-01,2.517782821464588650e-01
3.815012233371899431e-01,2.916059682662741626e-01,-8.989525507091578049e-02,-2.696857652127473415e-01,5.191017160553645926e-01,2.494159508426172511e-01
3.797958258787563213e-01,2.916059682662741626e-01,-8.818985761248215871e-02,-2.645695728374464761e-01,5.116192375300865347e-01,2.470496646926400586e-01
3.781151333867919795e-01,2.916059682662741626e-01,-8.650916512051781693e-02,-2.595274953615534508e-01,5.042077475893025351e-01,2.446802522277490843e-01
3.764589089200504057e-01,2.916059682662741626e-01,-8.485294065377624317e-02,-2.545588219613287295e-01,4.968673400224721259e-01,2.423085180611433964e-01
3.748269153051149716e-01,2.916059682662741626e-01,-8.322094703884080902e-02,-2.496628411165224271e-01,4.895980844806302468e-01,2.399352433641078197e-01
3.732189152145159450e-01,2.916059682662741626e-01,-8.161294694824178242e-02,-2.448388408447253473e-01,4.824000271797079797e-01,2.375611863349826325e-01
3.716346712425503962e-01,2.916059682662741626e-01,-8.002870297627623364e-02,-2.400861089288287009e-01,4.752731915896646342e-01,2.351870826608359333e-01
3.700739459788509045e-01,2.916059682662741626e-01,-7.846797771257674192e-02,-2.354039331377302258e-01,4.682175791098475148e-01,2.328136459721172891e-01
3.685365020797486402e-01,2.916059682662741626e-01,-7.693053381347447761e-02,-2.307916014404234328e-01,4.612331697306792933e-01,2.304415682902558604e-01
3.670221023374753977e-01,2.916059682662741626e-01,-7.541613407120123513e-02,-2.262484022136037054e-01,4.543199226819727432e-01,2.280715204683690378e-01
3.655305097472489884e-01,2.916059682662741626e-01,-7.392454148097482580e-02,-2.217736244429244774e-01,4.474777770679227995e-01,2.257041526249983221e-01
3.640614875722850696e-01,2.916059682662741626e-01,-7.245551930601090707e-02,-2.173665579180327212e-01,4.407066524891756210e-01,2.233400945711428998e-01
3.626147994067782654e-01,2.916059682662741626e-01,-7.100883114050410283e-02,-2.130264934215123085e-01,4.340064496520412707e-01,2.209799562305289622e-01
3.611902092368945438e-01,2.916059682662741626e-01,-6.958424097062038127e-02,-2.087527229118611438e-01,4.273770509651164673e-01,2.186243280532553235e-01
3.597874814998161530e-01,2.916059682662741626e-01,-6.818151323354199045e-02,-2.045445397006259713e-01,4.208183211235172472e-01,2.162737814228912758e-01
3.584063811408800260e-01,2.916059682662741626e-01,-6.680041287460586341e-02,-2.004012386238175902e-01,4.143301076808381112e-01,2.139288690570205209e-01
3.570466736688496234e-01,2.916059682662741626e-01,-6.544070540257546087e-02,-1.963221162077263826e-01,4.079122416091207626e-01,2.115901254013943800e-01
3.557081252093593493e-01,2.916059682662741626e-01,-6.410215694308518675e-02,-1.923064708292555602e-01,4.015645378470822369e-01,2.092580670178266766e-01
3.543905025565708411e-01,2.916059682662741626e-01,-6.278453429029667854e-02,-1.883536028708900356e-01,3.952867958365524625e-01,2.069331929656624269e-01
3.530935732230789381e-01,2.916059682662741626e-01,-6.148760495680477556e-02,-1.844628148704143267e-01,3.890788000475708941e-01,2.046159851771565674e-01
3.518171054881047422e-01,2.916059682662741626e-01,-6.021113722183057959e-02,-1.806334116654917388e-01,3.829403204922587900e-01,2.023069088267670512e-01
3.505608684440132405e-01,2.916059682662741626e-01,-5.895490017773907798e-02,-1.768647005332172339e-01,3.768711132274504827e-01,2.000064126942332488e-01
3.493246320411911299e-01,2.916059682662741626e-01,-5.771866377491696731e-02,-1.731559913247509019e-01,3.708709208466332008e-01,1.977149295218822989e-01
3.481081671313212000e-01,2.916059682662741626e-01,-5.650219886504703748e-02,-1.695065965951411124e-01,3.649394729609789501e-01,1.954328763658378376e-01
3.469112455090878622e-01,2.916059682662741626e-01,-5.530527724281369961e-02,-1.659158317284410988e-01,3.590764866700013602e-01,1.931606549415602614e-01
3.457336399523486814e-01,2.916059682662741626e-01,-5.412767168607451884e-02,-1.623830150582235565e-01,3.532816670217542310e-01,1.908986519635306744e-01
3.445751242608058318e-01,2.916059682662741626e-01,-5.296915599453166923e-02,-1.589074679835950077e-01,3.475547074628548838e-01,1.886472394792598761e-01
3.434354732932109466e-01,2.916059682662741626e-01,-5.182950502693678407e-02,-1.554885150808103522e-01,3.418952902784655468e-01,1.864067751976551945e-01
3.423144630031358382e-01,2.916059682662741626e-01,-5.070849473686167563e-02,-1.521254842105850269e-01,3.363030870225325319e-01,1.841776028119475050e-01
3.412118704733418939e-01,2.916059682662741626e-01,-4.960590220706773135e-02,-1.488177066212031940e-01,3.307777589381832861e-01,1.819600523169800921e-01
3.401274739487796794e-01,2.916059682662741626e-01,-4.852150568250551688e-02,-1.455645170475165506e-01,3.253189573686643410e-01,1.797544403211477904e-01
3.390610528682495572e-01,2.916059682662741626e-01,-4.745508460197539469e-02,-1.423652538059261841e-01,3.199263241590366569e-01,1.775610703531104728e-01
3.380123878947547400e-01,2.916059682662741626e-01,-4.640641962848057744e-02,-1.392192588854417323e-01,3.145994920484451729e-01,1.753802331630034406e-01
3.369812609445761997e-01,2.916059682662741626e-01,-4.537529267830203716e-02,-1.361258780349061115e-01,3.093380850535620841e-01,1.732122070186559726e-01
3.359674552150995752e-01,2.916059682662741626e-01,-4.436148694882541266e-02,-1.330844608464762380e-01,3.041417188429873519e-01,1.710572579965111140e-01
3.349707552114225551e-01,2.916059682662741626e-01,-4.336478694514839249e-02,-1.300943608354451775e-01,2.990100011031060490e-01,1.689156402676608715e-01
3.339909467717723235e-01,2.916059682662741626e-01,-4.238497850549816093e-02,-1.271549355164944828e-01,2.939425318950694699e-01,1.667875963785749871e-01
3.330278170917599367e-01,2.916059682662741626e-01,-4.142184882548577418e-02,-1.242655464764573225e-01,2.889389040037160239e-01,1.646733575272587013e-01
3.320811547475002734e-01,2.916059682662741626e-01,-4.047518648122611085e-02,-1.214255594436783325e-01,2.839987032778990006e-01,1.625731438342206681e-01
3.311507497176240378e-01,2.916059682662741626e-01,-3.954478145134987521e-02,-1.186343443540496256e-01,2.791215089628706902e-01,1.604871646088210646e-01
3.302363934042086835e-01,2.916059682662741626e-01,-3.863042513793452093e-02,-1.158912754138035628e-01,2.743068940246062848e-01,1.584156186108027220e-01
3.293378786526544033e-01,2.916059682662741626e-01,-3.773191038638024075e-02,-1.131957311591407223e-01,2.695544254662840533e-01,1.563586943071433311e-01
3.284549997705308311e-01,2.916059682662741626e-01,-3.684903150425666851e-02,-1.105470945127700055e-01,2.648636646370716718e-01,1.543165701243016663e-01
3.275875525454197135e-01,2.916059682662741626e-01,-3.598158427914555091e-02,-1.079447528374366527e-01,2.602341675333352811e-01,1.522894146958986283e-01
3.267353342617781986e-01,2.916059682662741626e-01,-3.512936599550403605e-02,-1.053880979865121081e-01,2.556654850924544586e-01,1.502773871059423505e-01
3.258981437168472772e-01,2.916059682662741626e-01,-3.429217545057311467e-02,-1.028765263517193440e-01,2.511571634792764129e-01,1.482806371275570689e-01
3.250757812356290799e-01,2.916059682662741626e-01,-3.346981296935491734e-02,-1.004094389080647520e-01,2.467087443654591983e-01,1.462993054573944463e-01
3.242680486849566224e-01,2.916059682662741626e-01,-3.266208041868245981e-02,-9.798624125604737944e-02,2.423197652017372583e-01,1.443335239456898789e-01
3.234747494866787587e-01,2.916059682662741626e-01,-3.186878122040459616e-02,-9.560634366121378847e-02,2.379897594833590979e-01,1.423834158221453094e-01
3.226956886299831018e-01,2.916059682662741626e-01,-3.108972036370893921e-02,-9.326916109112681763e-02,2.337182570086970834e-01,1.404490959175702658e-01
3.219306726828792264e-01,2.916059682662741626e-01,-3.032470441660506388e-02,-9.097411324981519165e-02,2.295047841311625980e-01,1.385306708813474064e-01
3.211795098028634721e-01,2.916059682662741626e-01,-2.957354153658930951e-02,-8.872062460976792853e-02,2.253488640047263125e-01,1.366282393949583840e-01
3.204420097467872153e-01,2.916059682662741626e-01,-2.883604148051305271e-02,-8.650812444153915814e-02,2.212500168228770381e-01,1.347418923813378799e-01
3.197179838799490970e-01,2.916059682662741626e-01,-2.811201561367493440e-02,-8.433604684102480320e-02,2.172077600514354945e-01,1.328717132104106913e-01
3.190072451844320200e-01,2.916059682662741626e-01,-2.740127691815785749e-02,-8.220383075447357246e-02,2.132216086551230738e-01,1.310177779006495014e-01
3.183096082667050131e-01,2.916059682662741626e-01,-2.670364000043085051e-02,-8.011092000129255153e-02,2.092910753181020933e-01,1.291801553168095418e-01
3.176248893645096660e-01,2.916059682662741626e-01,-2.601892109823550348e-02,-7.805676329470651043e-02,2.054156706586041103e-01,1.273589073638975999e-01
3.169529063530507340e-01,2.916059682662741626e-01,-2.534693808677657145e-02,-7.604081426032971436e-02,2.015949034376796067e-01,1.255540891773498924e-01
3.162934787505095047e-01,2.916059682662741626e-01,-2.468751048423534211e-02,-7.406253145270602634e-02,1.978282807623688022e-01,1.237657493096627759e-01
3.156464277228992477e-01,2.916059682662741626e-01,-2.404045945662508510e-02,-7.212137836987525530e-02,1.941153082830771037e-01,1.219939299132018484e-01
3.150115760882802873e-01,2.916059682662741626e-01,-2.340560782200612477e-02,-7.021682346601837432e-02,1.904554903856880976e-01,1.202386669196697233e-01
3.143887483203532951e-01,2.916059682662741626e-01,-2.278278005407913254e-02,-6.834834016223739761e-02,1.868483303780976712e-01,1.184999902158602736e-01
3.137777705514478988e-01,2.916059682662741626e-01,-2.217180228517373619e-02,-6.651540685552120857e-02,1.832933306716189037e-01,1.167779238160976951e-01
3.131784705749241504e-01,2.916059682662741626e-01,-2.157250230864998786e-02,-6.471750692594996357e-02,1.797899929571245004e-01,1.150724860311745368e-01
3.125906778470035063e-01,2.916059682662741626e-01,-2.098470958072934378e-02,-6.295412874218803134e-02,1.763378183761932227e-01,1.133836896340051914e-01
3.120142234880462495e-01,2.916059682662741626e-01,-2.040825522177208695e-02,-6.122476566531626085e-02,1.729363076871770488e-01,1.117115420218607880e-01
3.114489402832911757e-01,2.916059682662741626e-01,-1.984297201701701319e-02,-5.952891605105103956e-02,1.695849614265221295e-01,1.100560453754710899e-01
3.108946626830736415e-01,2.916059682662741626e-01,-1.928869441679947894e-02,-5.786608325039843681e-02,1.662832800652602749e-01,1.084171968148618381e-01
3.103512268025376275e-01,2.916059682662741626e-01,-1.874525853626346494e-02,-5.623577560879039483e-02,1.630307641608041980e-01,1.067949885520138031e-01
3.098184704208568063e-01,2.916059682662741626e-01,-1.821250215458264377e-02,-5.463750646374793130e-02,1.598269145042463535e-01,1.051894080404984222e-01
3.092962329799800458e-01,2.916059682662741626e-01,-1.769026471370588327e-02,-5.307079414111764981e-02,1.566712322630281484e-01,1.036004381219104986e-01
3.087843555829154485e-01,2.916059682662741626e-01,-1.717838731664128593e-02,-5.153516194992385779e-02,1.535632191193792018e-01,1.020280571694553440e-01
3.082826809915678035e-01,2.916059682662741626e-01,-1.667671272529364090e-02,-5.003013817588092271e-02,1.505023774042935081e-01,1.004722392284125854e-01
3.077910536241429962e-01,2.916059682662741626e-01,-1.618508535786883362e-02,-4.855525607360650087e-02,1.474882102274421847e-01,9.893295415383568381e-02
3.073093195521335863e-01,2.916059682662741626e-01,-1.570335128585942375e-02,-4.711005385757827124e-02,1.445202216028229625e-01,9.741016774524469124e-02
3.068373264968987102e-01,2.916059682662741626e-01,-1.523135823062454763e-02,-4.569407469187364290e-02,1.415979165704628340e-01,9.590384187858919107e-02
3.063749238258516860e-01,2.916059682662741626e-01,-1.476895555957752348e-02,-4.430686667873257045e-02,1.387208013141072449e-01,9.441393463537467445e-02
3.059219625482682003e-01,2.916059682662741626e-01,-1.431599428199403778e-02,-4.294798284598211335e-02,1.358883832750457099e-01,9.294040042906359655e-02
3.054782953107276211e-01,2.916059682662741626e-01,-1.387232704445345854e-02,-4.161698113336037563e-02,1.331001712621737720e-01,9.148319012881339640e-02
3.050437763921999279e-01,2.916059682662741626e-01,-1.343780812592576535e-02,-4.031342437777729604e-02,1.303556755583079596e-01,9.004225118053066357e-02
3.046182616987902492e-01,2.916059682662741626e-01,-1.301229343251608661e-02,-3.903688029754825983e-02,1.276544080229036204e-01,8.861752772535536060e-02
3.042016087581531081e-01,2.916059682662741626e-01,-1.259564049187894552e-02,-3.778692147563683656e-02,1.249958821911423268e-01,8.720896071550549022e-02
3.037936767135875349e-01,2.916059682662741626e-01,-1.218770844731337233e-02,-3.656312534194011699e-02,1.223796133696719579e-01,8.581648802773184093e-02
3.033943263178247585e-01,2.916059682662741626e-01,-1.178835805155059591e-02,-3.536507415465178772e-02,1.198051187288329267e-01,8.444004457418113896e-02
3.030034199265193573e-01,2.916059682662741626e-01,-1.139745166024519474e-02,-3.419235498073558421e-02,1.172719173916203506e-01,8.307956241088476634e-02
3.026208214914550831e-01,2.916059682662741626e-01,-1.101485322518092058e-02,-3.304455967554276175e-02,1.147795305192822468e-01,8.173497084373948507e-02
3.022463965534751829e-01,2.916059682662741626e-01,-1.064042828720102030e-02,-3.192128486160306089e-02,1.123274813939700856e-01,8.040619653236702469e-02
3.018800122351484871e-01,2.916059682662741626e-01,-1.027404396887432458e-02,-3.082213190662297375e-02,1.099152954980087138e-01,7.909316359138574004e-02
3.015215372331809252e-01,2.916059682662741626e-01,-9.915568966906762594e-03,-2.974670690072028778e-02,1.075425005902685971e-01,7.779579368954830931e-02
3.011708418105823459e-01,2.916059682662741626e-01,-9.564873544308183373e-03,-2.869462063292455012e-02,1.052086267795737662e-01,7.651400614664921607e-02
3.008277977885984167e-01,2.916059682662741626e-01,-9.221829522324254125e-03,-2.766548856697276237e-02,1.029132065951787744e-01,7.524771802820601208e-02
3.004922785384173123e-01,2.916059682662741626e-01,-8.886310272143149724e-03,-2.665893081642944917e-02,1.006557750543313201e-01,7.399684423790187093e-02
3.001641589726600223e-01,2.916059682662741626e-01,-8.558190706385859770e-03,-2.567457211915757931e-02,9.843586972718698647e-02,7.276129760802940716e-02
2.998433155366634906e-01,2.916059682662741626e-01,-8.237347270389328013e-03,-2.471204181116798404e-02,9.625303079895952685e-02,7.154098898779154281e-02
2.995296261995657461e-01,2.916059682662741626e-01,-7.923657933291583522e-03,-2.377097379987475056e-02,9.410680112932334751e-02,7.033582732944859695e-02
2.992229704452009642e-01,2.916059682662741626e-01,-7.617002178926801648e-03,-2.285100653678040494e-02,9.199672630943456220e-02,6.914571977265415725e-02
2.989232292628134502e-01,2.916059682662741626e-01,-7.317260996539287632e-03,-2.195178298961786290e-02,8.992235471625420473e-02,6.797057172663634184e-02
2.986302851375985945e-01,2.916059682662741626e-01,-7.024316871324431943e-03,-2.107295061397329583e-02,8.788323756445670654e-02,6.681028695048341071e-02
2.983440220410787935e-01,2.916059682662741626e-01,-6.738053774804630969e-03,-2.021416132441389291e-02,8.587892895594029241e-02,6.566476763152639951e-02
2.980643254213221072e-01,2.916059682662741626e-01,-6.458357155047944609e-03,-1.937507146514383383e-02,8.390898592700590797e-02,6.453391446186207414e-02
2.977910821930116470e-01,2.916059682662741626e-01,-6.185113926737484391e-03,-1.855534178021245317e-02,8.197296849313806533e-02,6.341762671292561215e-02
2.975241807273724670e-01,2.916059682662741626e-01,-5.918212461098304455e-03,-1.775463738329491337e-02,8.007043969175398068e-02,6.231580230845906732e-02
2.972635108419641181e-01,2.916059682662741626e-01,-5.657542575689955555e-03,-1.697262772706986667e-02,7.820096562250467009e-02,6.122833789543480343e-02
2.970089637903453039e-01,2.916059682662741626e-01,-5.402995524071141364e-03,-1.620898657221342409e-02,7.636411548564425722e-02,6.015512891343083313e-02
2.967604322516178561e-01,2.916059682662741626e-01,-5.154463985343693544e-03,-1.546339195603108063e-02,7.455946161823434615e-02,5.909606966220326552e-02
2.965178103198566339e-01,2.916059682662741626e-01,-4.911842053582471390e-03,-1.473552616074741417e-02,7.278657952836664613e-02,5.805105336761923196e-02
2.962809934934321765e-01,2.916059682662741626e-01,-4.675025227158013941e-03,-1.402507568147404182e-02,7.104504792733723484e-02,5.701997224586319302e-02
2.960498786642323243e-01,2.916059682662741626e-01,-4.443910397958161784e-03,-1.333173119387448535e-02,6.933444875995564693e-02,5.600271756608116158e-02
2.958243641067890284e-01,2.916059682662741626e-01,-4.218395840514865824e-03,-1.265518752154459747e-02,6.765436723298878796e-02,5.499917971144419049e-02
2.956043494673168959e-01,2.916059682662741626e-01,-3.998381201042733313e-03,-1.199514360312819994e-02,6.600439184163975348e-02,5.400924823851155354e-02
2.953897357526686362e-01,2.916059682662741626e-01,-3.783767486394473689e-03,-1.135130245918342107e-02,6.438411439447788709e-02,5.303281193529446602e-02
2.951804253192139016e-01,2.916059682662741626e-01,-3.574457052939739032e-03,-1.072337115881921710e-02,6.279313003642039703e-02,5.206975887760117994e-02
2.949763218616469063e-01,2.916059682662741626e-01,-3.370353595372743705e-03,-1.011106078611823111e-02,6.123103727009859831e-02,5.111997648398036720e-02
2.947773304017283214e-01,2.916059682662741626e-01,-3.171362135454158793e-03,-9.514086406362476378e-03,5.969743797557547360e-02,5.018335156921299722e-02
2.945833572769666620e-01,2.916059682662741626e-01,-2.977389010692499394e-03,-8.932167032077498181e-03,5.819193742849781970e-02,4.925977039642032151e-02
2.943943101292446629e-01,2.916059682662741626e-01,-2.788341862970500351e-03,-8.365025588911501053e-03,5.671414431659971278e-02,4.834911872768821173e-02
2.942100978933954170e-01,2.916059682662741626e-01,-2.604129627121254398e-03,-7.812388881363763193e-03,5.526367075477378599e-02,4.745128187341002279e-02
2.940306307857334933e-01,2.916059682662741626e-01,-2.424662519459330756e-03,-7.273987558377992269e-03,5.384013229857709248e-02,4.656614474019910022e-02
2.938558202925455887e-01,2.916059682662741626e-01,-2.249852026271426109e-03,-6.749556078814278326e-03,5.244314795637139426e-02,4.569359187755711593e-02
2.936855791585454289e-01,2.916059682662741626e-01,-2.079610892271266387e-03,-6.238832676813799161e-03,5.107234020004791653e-02,4.483350752323411736e-02
2.935198213752976404e-01,2.916059682662741626e-01,-1.913853109023477828e-03,-5.741559327070433483e-03,4.972733497433656780e-02,4.398577564726613431e-02
2.933584621696145311e-01,2.916059682662741626e-01,-1.752493903340368586e-03,-5.257481710021105759e-03,4.840776170493277242e-02,4.315027999491166666e-02
2.932014179919309460e-01,2.916059682662741626e-01,-1.595449725656783446e-03,-4.786349176970350339e-03,4.711325330507554199e-02,4.232690412810519165e-02
2.930486065046601363e-01,2.916059682662741626e-01,-1.442638238385973715e-03,-4.327914715157921144e-03,4.584344618124291948e-02,4.151553146608499834e-02
2.928999465705359739e-01,2.916059682662741626e-01,-1.293978304261811374e-03,-3.881934912785434122e-03,4.459798023724870220e-02,4.071604532446326807e-02
2.927553582409442301e-01,2.916059682662741626e-01,-1.149389974670067538e-03,-3.448169924010202614e-03,4.337649887752315081e-02,3.992832895351294820e-02
2.926147627442478583e-01,2.916059682662741626e-01,-1.008794477973695702e-03,-3.026383433921087107e-03,4.217864900891155067e-02,3.915226557499046356e-02
2.924780824741090024e-01,2.916059682662741626e-01,-8.721142078348398385e-04,-2.616342623504519516e-03,4.100408104165675915e-02,3.838773841815223964e-02
2.923452409778119487e-01,2.916059682662741626e-01,-7.392727115377861757e-04,-2.217818134613358527e-03,3.985244888911609884e-02,3.763463075450274031e-02
2.922161629445903519e-01,2.916059682662741626e-01,-6.101946783161893428e-04,-1.830584034948568029e-03,3.872340996647904987e-02,3.689282593153048184e-02
2.920907741939618996e-01,2.916059682662741626e-01,-4.848059276877370039e-04,-1.454417783063211012e-03,3.761662518853570170e-02,3.616220740547249068e-02
2.919690016640739683e-01,2.916059682662741626e-01,-3.630333977998057016e-04,-1.089100193399417105e-03,3.653175896637939069e-02,3.544265877297997358e-02
2.918507734000633236e-01,2.916059682662741626e-01,-2.448051337891610224e-04,-7.344154013674830672e-04,3.546847920319340375e-02,3.473406380182592068e-02
2.917360185424328622e-01,2.916059682662741626e-01,-1.300502761586996847e-04,-3.901508284760990541e-04,3.442645728913840131e-02,3.403630646066230225e-02
2.916246673154485047e-01,2.916059682662741626e-01,-1.869904917434217495e-05,-5.609714752302652485e-05,3.340536809530725293e-02,3.334927094778422640e-02
2.915166510155589030e-01,2.916059682662741626e-01,8.931725071525953297e-05,2.679517521457785989e-04,3.240488996688051238e-02,3.267284171902629097e-02
2.914119019998412385e-01,2.916059682662741626e-01,1.940662664329240172e-04,5.821987992987720517e-04,3.142470471529934528e-02,3.200690351459811733e-02
2.913103536744749977e-01,2.916059682662741626e-01,2.956145917991648275e-04,8.868437753974944826e-04,3.046449760987224309e-02,3.135134138526973757e-02
2.912119404832472780e-01,2.916059682662741626e-01,3.940277830268845705e-04,1.182083349080653711e-03,2.952395736831592288e-02,3.070604071739657659e-02
2.911165978960912892e-01,2.916059682662741626e-01,4.893703701828733266e-04,1.468111110548619980e-03,2.860277614679662683e-02,3.007088725734524681e-02
2.910242623976610488e-01,2.916059682662741626e-01,5.817058686131137968e-04,1.745117605839341390e-03,2.770064952907214106e-02,2.944576713491148245e-02
2.909348714759443233e-01,2.916059682662741626e-01,6.710967903298392656e-04,2.013290370989517797e-03,2.681727651501764065e-02,2.883056688600715844e-02
2.908483636109162052e-01,2.916059682662741626e-01,7.576046553579574017e-04,2.272813966073872205e-03,2.595235950843544082e-02,2.822517347450931302e-02
2.907646782632355431e-01,2.916059682662741626e-01,8.412900030386194494e-04,2.523870009115858348e-03,2.510560430419861433e-02,2.762947431331447268e-02
2.906837558629861706e-01,2.916059682662741626e-01,9.222124032879919220e-04,2.766637209863975766e-03,2.427672007481174177e-02,2.704335728467571753e-02
2.906055377984652632e-01,2.916059682662741626e-01,1.000430467808899326e-03,3.001291403426697979e-03,2.346541935627222131e-02,2.646671075969891929e-02
2.905299664050203234e-01,2.916059682662741626e-01,1.076001861253839120e-03,3.228005583761517361e-03,2.267141803348193818e-02,2.589942361724345554e-02
2.904569849539371251e-01,2.916059682662741626e-01,1.148983312337037432e-03,3.446949937011112297e-03,2.189443532495949363e-02,2.534138526197060592e-02
2.903865376413801158e-01,2.916059682662741626e-01,1.219430624894046744e-03,3.658291874682140232e-03,2.113419376710279352e-02,2.479248564178493375e-02
2.903185695773872754e-01,2.916059682662741626e-01,1.287398688886887133e-03,3.862196066660661398e-03,2.039041919785211654e-02,2.425261526451277794e-02
2.902530267749209303e-01,2.916059682662741626e-01,1.352941491353232273e-03,4.058824474059696819e-03,1.966284073990354209e-02,2.372166521396323891e-02
2.901898561389759656e-01,2.916059682662741626e-01,1.416112127298196910e-03,4.248336381894590730e-03,1.895119078348939112e-02,2.319952716538398185e-02
2.901290054557475462e-01,2.916059682662741626e-01,1.476962810526616376e-03,4.430888431579849129e-03,1.825520496852583996e-02,2.268609340010568909e-02
2.900704233818591216e-01,2.916059682662741626e-01,1.535544884415041000e-03,4.606634653245123001e-03,1.757462216652738718e-02,2.218125681977251018e-02
2.900140594336526600e-01,2.916059682662741626e-01,1.591908832621502512e-03,4.775726497864507536e-03,1.690918446193845348e-02,2.168491095980296102e-02
2.899598639765422203e-01,2.916059682662741626e-01,1.646104289731942227e-03,4.938312869195826682e-03,1.625863713313191461e-02,2.119695000232774129e-02
2.899077882144319718e-01,2.916059682662741626e-01,1.698180051842190785e-03,5.094540155526572356e-03,1.562272863307456738e-02,2.071726878860113974e-02
2.898577841792006060e-01,2.916059682662741626e-01,1.748184087073556547e-03,5.244552261220669642e-03,1.500121056940972863e-02,2.024576283063039828e-02
2.898098047202523064e-01,2.916059682662741626e-01,1.796163546021856128e-03,5.388490638065568383e-03,1.439383768448987411e-02,1.978232832255544249e-02
2.897638034941362739e-01,2.916059682662741626e-01,1.842164772137888651e-03,5.526494316413665953e-03,1.380036783480975693e-02,1.932686215122342288e-02
2.897197349542353639e-01,2.916059682662741626e-01,1.886233312038798626e-03,5.658699936116395879e-03,1.322056197027299262e-02,1.887926190638938850e-02
2.896775543405250564e-01,2.916059682662741626e-01,1.928413925749106195e-03,5.785241777247318584e-03,1.265418411309227054e-02,1.843942589033958912e-02
2.896372176694038125e-01,2.916059682662741626e-01,1.968750596870350034e-03,5.906251790611050101e-03,1.210100133637315167e-02,1.800725312698420177e-02
2.895986817235952637e-01,2.916059682662741626e-01,2.007286542678898833e-03,6.021859628036696499e-03,1.156078374256463981e-02,1.758264337060133631e-02
2.895619040421237855e-01,2.916059682662741626e-01,2.044064224150377029e-03,6.132192672451131088e-03,1.103330444144345890e-02,1.716549711389458999e-02
2.895268429103636798e-01,2.916059682662741626e-01,2.079125355910482753e-03,6.237376067731448259e-03,1.051833952803171712e-02,1.675571559576316538e-02
2.894934573501631303e-01,2.916059682662741626e-01,2.112510916111032255e-03,6.337532748333096766e-03,1.001566806016485067e-02,1.635320080849794744e-02
2.894617071100434313e-01,2.916059682662741626e-01,2.144261156230731213e-03,6.432783468692193640e-03,9.525072035909687429e-03,1.595785550460188107e-02
2.894315526554742113e-01,2.916059682662741626e-01,2.174415610799951271e-03,6.523246832399853812e-03,9.046336370766017154e-03,1.556958320316587097e-02
2.894029551592253169e-01,2.916059682662741626e-01,2.203013107048845676e-03,6.609039321146537027e-03,8.579248874668321534e-03,1.518828819581485856e-02
2.893758764917959692e-01,2.916059682662741626e-01,2.230091774478193400e-03,6.690275323434580201e-03,8.123600228804317425e-03,1.481387555223889763e-02
2.893502792119218570e-01,2.916059682662741626e-01,2.255689054352305600e-03,6.767067163056916801e-03,7.679183962233659955e-03,1.444625112529057676e-02
2.893261265571602792e-01,2.916059682662741626e-01,2.279841709113883397e-03,6.839525127341650190e-03,7.245796428473338935e-03,1.408532155581498913e-02
2.893033824345542793e-01,2.916059682662741626e-01,2.302585831719883291e-03,6.907757495159649874e-03,6.823236781799968398e-03,1.373099427695961827e-02
2.892820114113759944e-01,2.916059682662741626e-01,2.323956854898168167e-03,6.971870564694504502e-03,6.411306953485462756e-03,1.338317751817996726e-02
2.892619787059494962e-01,2.916059682662741626e-01,2.343989560324666321e-03,7.031968680973998964e-03,6.009811627949446233e-03,1.304178030892344520e-02
2.892432501785539012e-01,2.916059682662741626e-01,2.362718087720261373e-03,7.088154263160784119e-03,5.618558218678515459e-03,1.270671248183929958e-02
2.892257923224065275e-01,2.916059682662741626e-01,2.380175943867635091e-03,7.140527831602905273e-03,5.237356844212115448e-03,1.237788467581502072e-02
2.892095722547267100e-01,2.916059682662741626e-01,2.396396011547452520e-03,7.189188034642357561e-03,4.866020303945228775e-03,1.205520833858758634e-02
2.891945577078807728e-01,2.916059682662741626e-01,2.411410558393389802e-03,7.234231675180169407e-03,4.504364053781184651e-03,1.173859572896135406e-02
2.891807170206077138e-01,2.916059682662741626e-01,2.425251245666448785e-03,7.275753736999346355e-03,4.152206181917694749e-03,1.142795991891704110e-02
2.891680191293265478e-01,2.916059682662741626e-01,2.437949136947614726e-03,7.313847410842844177e-03,3.809367384349782171e-03,1.112321479519262635e-02
2.891564335595249169e-01,2.916059682662741626e-01,2.449534706749245672e-03,7.348604120247737015e-03,3.475670940489283822e-03,1.082427506073702084e-02
2.891459304172293576e-01,2.916059682662741626e-01,2.460037849044804936e-03,7.380113547134414809e-03,3.150942688667779379e-03,1.053105623580219419e-02
2.891364803805573369e-01,2.916059682662741626e-01,2.469487885716825648e-03,7.408463657150476944e-03,2.835011001606213554e-03,1.024347465875669050e-02
2.891280546913512217e-01,2.916059682662741626e-01,2.477913574922940843e-03,7.433740724768822528e-03,2.527706761834558336e-03,9.961447486603380863e-03
2.891206251468937394e-01,2.916059682662741626e-01,2.485343119380423182e-03,7.456029358141269547e-03,2.228863337244701981e-03,9.684892695385971528e-03
2.891141640917058164e-01,2.916059682662741626e-01,2.491804174568346131e-03,7.475412523705038392e-03,1.938316556376884492e-03,9.413729080081922884e-03
2.891086444094259078e-01,2.916059682662741626e-01,2.497323856848254753e-03,7.491971570544764258e-03,1.655904683972586611e-03,9.147876254517350869e-03
2.891040395147714270e-01,2.916059682662741626e-01,2.501928751502735526e-03,7.505786254508206579e-03,1.381468396344232019e-03,8.887254650852438598e-03
2.891003233455820554e-01,2.916059682662741626e-01,2.505644920692107203e-03,7.516934762076321608e-03,1.114850756811502919e-03,8.631785518887824527e-03
2.890974703549445413e-01,2.916059682662741626e-01,2.508497911329621299e-03,7.525493733988863898e-03,8.558971912542290283e-04,8.381390925243092926e-03
2.890954555033996010e-01,2.916059682662741626e-01,2.510512762874561599e-03,7.531538288623684796e-03,6.044554634820897832e-04,8.135993752105774579e-03
2.890942542512298652e-01,2.916059682662741626e-01,2.511714015044297366e-03,7.535142045132892097e-03,3.603756509207300951e-04,7.895517696053622192e-03
2.890938425508297049e-01,2.916059682662741626e-01,2.512125715444457619e-03,7.536377146333372856e-03,1.235101200480759331e-04,7.659887266381448789e-03
2.890941968391562145e-01,2.916059682662741626e-01,2.511771427117948097e-03,7.535314281353844290e-03,-1.062864979528566067e-04,7.429027783400987683e-03
2.890952940302610186e-01,2.916059682662741626e-01,2.510674236013143990e-03,7.532022708039431969e-03,-3.291573314412321594e-04,7.202865376598199809e-03
2.890971115079035147e-01,2.916059682662741626e-01,2.508856758370647810e-03,7.526570275111943431e-03,-5.452432927488537473e-04,6.981326982363089684e-03
2.890996271182442179e-01,2.916059682662741626e-01,2.506341148029944677e-03,7.519023444089834030e-03,-7.546831022109401488e-04,6.764340341878893881e-03
2.891028191626191512e-01,2.916059682662741626e-01,2.503149103655011309e-03,7.509447310965033928e-03,-9.576133124800101371e-04,6.551833998485023791e-03
2.891066663903938960e-01,2.916059682662741626e-01,2.499301875880266532e-03,7.497905627640799597e-03,-1.154168332423433085e-03,6.343737295217366512e-03
2.891111479918981875e-01,2.916059682662741626e-01,2.494820274375975089e-03,7.484460823127925266e-03,-1.344480451287433098e-03,6.139980371840492168e-03
2.891162435914396700e-01,2.916059682662741626e-01,2.489724674834492557e-03,7.469174024503477671e-03,-1.528679862444759507e-03,5.940494162058718164e-03
2.891219332403973663e-01,2.916059682662741626e-01,2.484035025876796254e-03,7.452105077630388763e-03,-1.706894687308890823e-03,5.745210390321497940e-03
2.891281974103940833e-01,2.916059682662741626e-01,2.477770855880079282e-03,7.433312567640237845e-03,-1.879250999015091850e-03,5.554061568625145995e-03
2.891350169865476438e-01,2.916059682662741626e-01,2.470951279726518734e-03,7.412853839179556203e-03,-2.045872846068164108e-03,5.366980993111392095e-03
2.891423732608005004e-01,2.916059682662741626e-01,2.463595005473662169e-03,7.390785016420986508e-03,-2.206882275856969500e-03,5.183902740564017009e-03
2.891502479253274527e-01,2.916059682662741626e-01,2.455720340946709879e-03,7.367161022840129636e-03,-2.362399358085687240e-03,5.004761664754442396e-03
2.891586230660208590e-01,2.916059682662741626e-01,2.447345200253303599e-03,7.342035600759910796e-03,-2.512542208021883994e-03,4.829493392738026802e-03
2.891674811560535630e-01,2.916059682662741626e-01,2.438487110220599607e-03,7.315461330661798822e-03,-2.657427009811197394e-03,4.658034320850601429e-03
2.891768050495183151e-01,2.916059682662741626e-01,2.429163216755847454e-03,7.287489650267542363e-03,-2.797168039425645958e-03,4.490321610841896405e-03
2.891865779751441878e-01,2.916059682662741626e-01,2.419390291129974724e-03,7.258170873389924171e-03,-2.931877687761819118e-03,4.326293185628105054e-03
2.891967835300885969e-01,2.916059682662741626e-01,2.409184736185565612e-03,7.227554208556696835e-03,-3.061666483322733612e-03,4.165887725233963224e-03
2.892074056738055399e-01,2.916059682662741626e-01,2.398562592468622690e-03,7.195687777405868069e-03,-3.186643115082876676e-03,4.009044662322991393e-03
2.892184287219887184e-01,2.916059682662741626e-01,2.387539544285444126e-03,7.162618632856332379e-03,-3.306914454953568949e-03,3.855704177902763430e-03
2.892298373405896572e-01,2.916059682662741626e-01,2.376130925684505346e-03,7.128392777053516038e-03,-3.422585580281634066e-03,3.705807196771881973e-03
2.892416165399103178e-01,2.916059682662741626e-01,2.364351726363844719e-03,7.093055179091534157e-03,-3.533759796198188141e-03,3.559295382893346016e-03
2.892537516687692656e-01,2.916059682662741626e-01,2.352216597504896978e-03,7.056649792514690933e-03,-3.640538657684322388e-03,3.416111134830368545e-03
2.892662284087416658e-01,2.916059682662741626e-01,2.339739857532496803e-03,7.019219572597490409e-03,-3.743021991720052455e-03,3.276197580877437954e-03
2.892790327684721663e-01,2.916059682662741626e-01,2.326935497801996267e-03,6.980806493405988800e-03,-3.841307919150160899e-03,3.139498574255827901e-03
2.892921510780601113e-01,2.916059682662741626e-01,2.313817188214051246e-03,6.941451564642153738e-03,-3.935492876383506200e-03,3.005958688258647538e-03
2.893055699835168637e-01,2.916059682662741626e-01,2.300398282757298851e-03,6.901194848271896554e-03,-4.025671637025718397e-03,2.875523211246178157e-03
2.893192764412947371e-01,2.916059682662741626e-01,2.286691824979425469e-03,6.860075474938276407e-03,-4.111937333362014613e-03,2.748138141576261795e-03
2.893332577128867600e-01,2.916059682662741626e-01,2.272710553387402577e-03,6.818131660162207730e-03,-4.194381477606867747e-03,2.623750182555339983e-03
2.893475013594970502e-01,2.916059682662741626e-01,2.258466906777112371e-03,6.775400720331337112e-03,-4.273093983087061787e-03,2.502306737244275325e-03
2.893619952367810777e-01,2.916059682662741626e-01,2.243973029493084859e-03,6.731919088479254576e-03,-4.348163185208253623e-03,2.383755903271000953e-03
2.893767274896554276e-01,6.224862012043098636e-01,3.331094737146544360e-01,9.993284211439632525e-01,0.000000000000000000e+00,9.993284211439632525e-01
2.894913925846441805e-01,6.224862012043098636e-01,3.329948086196656831e-01,9.989844258589970494e-01,-3.439952849662586409e-02,9.645848973623711853e-01
