# timestep = 0.01, sim time = 100, new_ref_freq = 5, minimal_height_change = 2
0.000000000000000000e+00,0.000000000000000000e+00,0.000000000000000000e+00,0.000000000000000000e+00,0.000000000000000000e+00,0.000000000000000000e+00
0.000000000000000000e+00,3.150292511181191912e-01,3.150292511181191912e-01,9.450877533543575737e-01,0.000000000000000000e+00,9.450877533543575737e-01
9.450877533543575746e-05,3.150292511181191912e-01,3.149347423427837356e-01,9.448042270283512067e-01,-2.835263260063669577e-02,9.164515944277145110e-01
2.806627101136430083e-04,3.150292511181191912e-01,3.147485884080055696e-01,9.442457652240167087e-01,-5.584618043344979910e-02,8.883995847905669097e-01
5.556566033709069152e-04,3.150292511181191912e-01,3.144735945147482670e-01,9.434207835442447454e-01,-8.249816797719078387e-02,8.609226155670539615e-01
9.167427581848763309e-04,3.150292511181191912e-01,3.141125083599343171e-01,9.423375250798029512e-01,-1.083258464441849700e-01,8.340116786356179812e-01
1.361230080862407430e-03,3.150292511181191912e-01,3.136680210372567723e-01,9.410040631117703169e-01,-1.333461968032634282e-01,8.076578663085068888e-01
1.886483190170789269e-03,3.150292511181191912e-01,3.131427679279484289e-01,9.394283037838453421e-01,-1.575759327925030373e-01,7.818523709913423048e-01
2.489921536578305200e-03,3.150292511181191912e-01,3.125393295815409034e-01,9.376179887446227657e-01,-1.810315039222576416e-01,7.565864848223651240e-01
3.169018531468057939e-03,3.150292511181191912e-01,3.118602325866511316e-01,9.355806977599534502e-01,-2.037290984669315463e-01,7.318515992930219038e-01
3.921300686287113035e-03,3.150292511181191912e-01,3.111079504318320921e-01,9.333238512954962207e-01,-2.256846464457118451e-01,7.076392048497843756e-01
4.744346761591146031e-03,3.150292511181191912e-01,3.102849043565280573e-01,9.308547130695841165e-01,-2.469138225912104190e-01,6.839408904783736975e-01
5.635786925943016973e-03,3.150292511181191912e-01,3.093934641921761708e-01,9.281803925765285124e-01,-2.674320493055659664e-01,6.607483432709625459e-01
6.593301924621984209e-03,3.150292511181191912e-01,3.084359491934972053e-01,9.253078475804916714e-01,-2.872544996036896503e-01,6.380533479768020211e-01
7.614622258098631587e-03,3.150292511181191912e-01,3.074146288600205779e-01,9.222438865800617336e-01,-3.063961000429882287e-01,6.158477865370735049e-01
8.697527370228986393e-03,3.150292511181191912e-01,3.063317237478901944e-01,9.189951712436705833e-01,-3.248715336391150288e-01,5.941236376045555545e-01
9.839844846119796123e-03,3.150292511181191912e-01,3.051894062719994194e-01,9.155682188159982582e-01,-3.426952427672325108e-01,5.728729760487657474e-01
1.103944961961548371e-02,3.150292511181191912e-01,3.039898014985036867e-01,9.119694044955111156e-01,-3.598814320487198071e-01,5.520879724467913086e-01
1.229426319035584886e-02,3.150292511181191912e-01,3.027349879277633216e-01,9.082049637832899647e-01,-3.764440712221095442e-01,5.317608925611804205e-01
1.360225285035233239e-02,3.150292511181191912e-01,3.014269982677668658e-01,9.042809948033005973e-01,-3.923968979989367334e-01,5.118840968043638640e-01
1.496143092002925196e-02,3.150292511181191912e-01,3.000678201980899185e-01,9.002034605942696999e-01,-4.077534209030841961e-01,4.924500396911855038e-01
1.636985399367529154e-02,3.150292511181191912e-01,2.986593971244438928e-01,8.959781913733316783e-01,-4.225269220938077108e-01,4.734512692795239674e-01
1.782562219424928263e-02,3.150292511181191912e-01,2.972036289238699225e-01,8.916108867716097119e-01,-4.367304601721910817e-01,4.548804265994186302e-01
1.932687843748321505e-02,3.150292511181191912e-01,2.957023726806359831e-01,8.871071180419078939e-01,-4.503768729701818074e-01,4.367302450717260864e-01
2.087180770522431908e-02,3.150292511181191912e-01,2.941574434128948479e-01,8.824723302386845436e-01,-4.634787803223405778e-01,4.189935499163439658e-01
2.245863632795705792e-02,3.150292511181191912e-01,2.925706147901621090e-01,8.777118443704863271e-01,-4.760485868198216508e-01,4.016632575506646763e-01
2.408563127644486324e-02,3.150292511181191912e-01,2.909436198416743280e-01,8.728308595250229285e-01,-4.880984845463343103e-01,3.847323749786886182e-01
2.575109946243053782e-02,3.150292511181191912e-01,2.892781516556886534e-01,8.678344549670660157e-01,-4.996404557957023762e-01,3.681939991713636395e-01
2.745338704833335045e-02,3.150292511181191912e-01,2.875758640697858581e-01,8.627275922093575744e-01,-5.106862757708385825e-01,3.520413164385189919e-01
2.919087876588001562e-02,3.150292511181191912e-01,2.858383723522391895e-01,8.575151170567175685e-01,-5.212475152640005938e-01,3.362676017927169747e-01
3.096199724360594943e-02,3.150292511181191912e-01,2.840672538745132591e-01,8.522017616235397774e-01,-5.313355433177791021e-01,3.208662183057606754e-01
3.276520234316246394e-02,3.150292511181191912e-01,2.822640487749566995e-01,8.467921463248700986e-01,-5.409615298669678829e-01,3.058306164579022157e-01
3.459899050436476831e-02,3.150292511181191912e-01,2.804302606137544229e-01,8.412907818412632688e-01,-5.501364483606829836e-01,2.911543334805802852e-01
3.646189409891512773e-02,3.150292511181191912e-01,2.785673570192040427e-01,8.357020710576121836e-01,-5.588710783651140712e-01,2.768309926924981124e-01
3.835248079273474026e-02,3.150292511181191912e-01,2.766767703253844579e-01,8.300303109761533182e-01,-5.671760081458754321e-01,2.628543028302778861e-01
4.026935291683737816e-02,3.150292511181191912e-01,2.747598982012818269e-01,8.242796946038455363e-01,-5.750616372307892910e-01,2.492180573730562454e-01
4.221114684667732347e-02,3.150292511181191912e-01,2.728181042714418747e-01,8.184543128143255686e-01,-5.825381789519856746e-01,2.359161338623398940e-01
4.417653238990350284e-02,3.150292511181191912e-01,2.708527187282157023e-01,8.125581561846471068e-01,-5.896156629678517280e-01,2.229424932167953788e-01
4.616421218245135571e-02,3.150292511181191912e-01,2.688650389356678216e-01,8.065951168070034649e-01,-5.963039377643641892e-01,2.102911790426392757e-01
4.817292109290347707e-02,3.150292511181191912e-01,2.668563300252156933e-01,8.005689900756470800e-01,-6.026126731356384880e-01,1.979563169400085920e-01
5.020142563504959715e-02,3.150292511181191912e-01,2.648278254830696010e-01,7.944834764492088031e-01,-6.085513626438276980e-01,1.859321138053811051e-01
5.224852338857625955e-02,3.150292511181191912e-01,2.627807277295429178e-01,7.883421831886288089e-01,-6.141293260580049651e-01,1.742128571306238438e-01
5.431304242781598290e-02,3.150292511181191912e-01,2.607162086903032083e-01,7.821486260709096250e-01,-6.193557117719128424e-01,1.627929142989967826e-01
5.639384075848560829e-02,3.150292511181191912e-01,2.586354103596335552e-01,7.759062310789006656e-01,-6.242394992008959420e-01,1.516667318780047236e-01
5.848980576234302786e-02,3.150292511181191912e-01,2.565394453557761634e-01,7.696183360673285456e-01,-6.287895011572175452e-01,1.408288349101110004e-01
6.059985364969146249e-02,3.150292511181191912e-01,2.544293974684277426e-01,7.632881924052832279e-01,-6.330143662045262243e-01,1.302738262007570036e-01
6.272292891965997041e-02,3.150292511181191912e-01,2.523063221984592208e-01,7.569189665953777180e-01,-6.369225809905565416e-01,1.199963856048211763e-01
6.485800382818895926e-02,3.150292511181191912e-01,2.501712472899302320e-01,7.505137418697906959e-01,-6.405224725586966539e-01,1.099912693110940420e-01
6.700407786364906415e-02,3.150292511181191912e-01,2.480251732544701271e-01,7.440755197634103535e-01,-6.438222106380314669e-01,1.002533091253788866e-01
6.916017723002169937e-02,3.150292511181191912e-01,2.458690738880974780e-01,7.376072216642923784e-01,-6.468298099117947286e-01,9.077741175249764982e-02
7.132535433756959087e-02,3.150292511181191912e-01,2.437038967805496004e-01,7.311116903416488011e-01,-6.495531322643632866e-01,8.155855807728551454e-02
7.349868730092520841e-02,3.150292511181191912e-01,2.415305638171939828e-01,7.245916914515819762e-01,-6.519998890066852626e-01,7.259180244489671363e-02
7.567927944452532141e-02,3.150292511181191912e-01,2.393499716735938698e-01,7.180499150207816372e-01,-6.541776430800338993e-01,6.387227194074773795e-02
7.786625881531950011e-02,3.150292511181191912e-01,2.371629923027996911e-01,7.114889769083990734e-01,-6.560938112382536103e-01,5.539516567014546311e-02
8.005877770268070293e-02,3.150292511181191912e-01,2.349704734154384744e-01,7.049114202463153678e-01,-6.577556662083650085e-01,4.715575403795035925e-02
8.225601216544568828e-02,3.150292511181191912e-01,2.327732389526734891e-01,6.983197168580204117e-01,-6.591703388294956056e-01,3.914937802852480608e-02
8.445716156601353053e-02,3.150292511181191912e-01,2.305720895521056746e-01,6.917162686563169682e-01,-6.603448201703443488e-01,3.137144848597261948e-02
8.666144811142997839e-02,3.150292511181191912e-01,2.283678030066892128e-01,6.851034090200676108e-01,-6.612859636249385220e-01,2.381744539512908876e-02
8.886811640138593538e-02,3.150292511181191912e-01,2.261611347167332697e-01,6.784834041501998092e-01,-6.620004869867829322e-01,1.648291716341687696e-02
9.107643298305823087e-02,3.150292511181191912e-01,2.239528181350609604e-01,6.718584544051828811e-01,-6.624949745016928127e-01,9.363479903490068423e-03
9.328568591272087818e-02,3.150292511181191912e-01,2.217435652053983131e-01,6.652306956161949669e-01,-6.627758788987941907e-01,2.454816717400776227e-03
9.549518432405526558e-02,3.150292511181191912e-01,2.195340667940639257e-01,6.586022003821917492e-01,-6.628495234003162206e-01,-4.247323018124471439e-03
9.770425800308783770e-02,3.150292511181191912e-01,2.173249931150313397e-01,6.519749793450939634e-01,-6.627221037097758005e-01,-1.074712436468183707e-02
9.991225696968393521e-02,3.150292511181191912e-01,2.151169941484352699e-01,6.453509824453058652e-01,-6.623996899788209269e-01,-1.704870753351506174e-02
1.021185510655266832e-01,3.150292511181191912e-01,2.129107000525924942e-01,6.387321001577774826e-01,-6.618882287528327080e-01,-2.315612859505522536e-02
1.043225295485099291e-01,3.150292511181191912e-01,2.107067215696092621e-01,6.321201647088278142e-01,-6.611935448949696204e-01,-2.907338018614180619e-02
1.065236006934745655e-01,3.150292511181191912e-01,2.085056504246446396e-01,6.255169512739339188e-01,-6.603213434893867584e-01,-3.480439221545283957e-02
1.087211913992176537e-01,3.150292511181191912e-01,2.063080597189015375e-01,6.189241791567046125e-01,-6.592772117229306339e-01,-4.035303256622602142e-02
1.109147468017041144e-01,3.150292511181191912e-01,2.041145043164150907e-01,6.123435129492452722e-01,-6.580666207459340278e-01,-4.572310779668875558e-02
1.131037298934109148e-01,3.150292511181191912e-01,2.019255212247082765e-01,6.057765636741248017e-01,-6.566949275120442797e-01,-5.091836383791947807e-02
1.152876211487339209e-01,3.150292511181191912e-01,1.997416299693852704e-01,5.992248899081558111e-01,-6.551673765969018293e-01,-5.594248668874601815e-02
1.174659181553880521e-01,3.150292511181191912e-01,1.975633329627311530e-01,5.926899988881935144e-01,-6.534891019962352221e-01,-6.079910310804170770e-02
1.196381352517313784e-01,3.150292511181191912e-01,1.953911158663877989e-01,5.861733475991633968e-01,-6.516651289030062078e-01,-6.549178130384281094e-02
1.218038031699443247e-01,3.150292511181191912e-01,1.932254479481748666e-01,5.796763438445245997e-01,-6.497003754638797091e-01,-7.002403161935510933e-02
1.239624686849953306e-01,3.150292511181191912e-01,1.910667824331238607e-01,5.732003472993716375e-01,-6.475996545153017703e-01,-7.439930721593013274e-02
1.261136942693247553e-01,3.150292511181191912e-01,1.889155568487944359e-01,5.667466705463832799e-01,-6.453676752988274368e-01,-7.862100475244415687e-02
1.282570577531789158e-01,3.150292511181191912e-01,1.867721933649402755e-01,5.603165800948208819e-01,-6.430090451562481269e-01,-8.269246506142724495e-02
1.303921519905269499e-01,3.150292511181191912e-01,1.846370991275922413e-01,5.539112973827766684e-01,-6.405282712044102489e-01,-8.661697382163358050e-02
1.325185845304928112e-01,3.150292511181191912e-01,1.825106665876263801e-01,5.475319997628791402e-01,-6.379297619897583704e-01,-9.039776222687923024e-02
1.346359772942359867e-01,3.150292511181191912e-01,1.803932738238832045e-01,5.411798214716496691e-01,-6.352178291229526597e-01,-9.403800765130299055e-02
1.367439662572140224e-01,3.150292511181191912e-01,1.782852848609051688e-01,5.348558545827155619e-01,-6.323966888934107189e-01,-9.754083431069515697e-02
1.388422011367609898e-01,3.150292511181191912e-01,1.761870499813582014e-01,5.285611499440745487e-01,-6.294704638640902239e-01,-1.009093139200156752e-01
1.409303450849159756e-01,3.150292511181191912e-01,1.740989060332032157e-01,5.222967180996096470e-01,-6.264431844464957155e-01,-1.041464663468860685e-01
1.430080743864362569e-01,3.150292511181191912e-01,1.720211767316829343e-01,5.160635301950488030e-01,-6.233187904560844039e-01,-1.072552602610356010e-01
1.450750781619304375e-01,3.150292511181191912e-01,1.699541729561887538e-01,5.098625188685662613e-01,-6.201011326482541719e-01,-1.102386137796879106e-01
1.471310580760466502e-01,3.150292511181191912e-01,1.678981930420725410e-01,5.036945791262176231e-01,-6.167939742348638177e-01,-1.130993951086461946e-01
1.491757280506519900e-01,3.150292511181191912e-01,1.658535230674672012e-01,4.975605692024016036e-01,-6.134009923816019505e-01,-1.158404231792003469e-01
1.512088139829394218e-01,3.150292511181191912e-01,1.638204371351797695e-01,4.914613114055392806e-01,-6.099257796862295189e-01,-1.184644682806902383e-01
1.532300534683987692e-01,3.150292511181191912e-01,1.617991976497204221e-01,4.853975929491612940e-01,-6.063718456378042188e-01,-1.209742526886429248e-01
1.552391955285892522e-01,3.150292511181191912e-01,1.597900555895299390e-01,4.793701667685897894e-01,-6.027426180571449077e-01,-1.233724512885551183e-01
1.572360003436509002e-01,3.150292511181191912e-01,1.577932507744682911e-01,4.733797523234049009e-01,-5.990414445184943926e-01,-1.256616921950894916e-01
1.592202389894930292e-01,3.150292511181191912e-01,1.558090121286261620e-01,4.674270363858784583e-01,-5.952715937526387169e-01,-1.278445573667602586e-01
1.611916931795984720e-01,3.150292511181191912e-01,1.538375579385207192e-01,4.615126738155621577e-01,-5.914362570316328283e-01,-1.299235832160706705e-01
1.631501550113823307e-01,3.150292511181191912e-01,1.518790961067368606e-01,4.556372883202105539e-01,-5.875385495351576060e-01,-1.319012612149470520e-01
1.650954267170446910e-01,3.150292511181191912e-01,1.499338244010745003e-01,4.498014732032235008e-01,-5.835815116987080886e-01,-1.337800384954845878e-01
1.670273204188574834e-01,3.150292511181191912e-01,1.480019306992617079e-01,4.440057920977851236e-01,-5.795681105438377223e-01,-1.355623184460525987e-01
1.689456578888256788e-01,3.150292511181191912e-01,1.460835932292935124e-01,4.382507796878805095e-01,-5.755012409904586290e-01,-1.372504613025781195e-01
1.708502703126636157e-01,3.150292511181191912e-01,1.441789808054555755e-01,4.325369424163667542e-01,-5.713837271513810823e-01,-1.388467847350143280e-01
1.727409980580280613e-01,3.150292511181191912e-01,1.422882530600911299e-01,4.268647591802733898e-01,-5.672183236093336633e-01,-1.403535644290602735e-01
1.746176904469495805e-01,3.150292511181191912e-01,1.404115606711696107e-01,4.212346820135088321e-01,-5.630077166764557717e-01,-1.417730346629469396e-01
1.764802055324048158e-01,3.150292511181191912e-01,1.385490455857143755e-01,4.156471367571431541e-01,-5.587545256365705759e-01,-1.431073888794274218e-01
1.783284098789721106e-01,3.150292511181191912e-01,1.367008412391470806e-01,4.101025237174412696e-01,-5.544613039701884460e-01,-1.443587802527471764e-01
1.801621783475141347e-01,3.150292511181191912e-01,1.348670727706050565e-01,4.046012183118151695e-01,-5.501305405626072398e-01,-1.455293222507920703e-01
1.819813938838310829e-01,3.150292511181191912e-01,1.330478572342881083e-01,3.991435717028642971e-01,-5.457646608950844636e-01,-1.466210891922201665e-01
1.837859473112287978e-01,3.150292511181191912e-01,1.312433038068903934e-01,3.937299114206711526e-01,-5.413660282193144546e-01,-1.476361167986433021e-01
1.855757371269466383e-01,3.150292511181191912e-01,1.294535139911725530e-01,3.883605419735176589e-01,-5.369369447153521380e-01,-1.485764027418344790e-01
1.873506693023903047e-01,3.150292511181191912e-01,1.276785818157288865e-01,3.830357454471866596e-01,-5.324796526330999313e-01,-1.494439071859132717e-01
1.891106570871153858e-01,3.150292511181191912e-01,1.259185940310038054e-01,3.777557820930114163e-01,-5.279963354175243317e-01,-1.502405533245129154e-01
1.908556208165080037e-01,3.150292511181191912e-01,1.241736303016111875e-01,3.725208909048335348e-01,-5.234891188177853705e-01,-1.509682279129518356e-01
1.925854877231093498e-01,3.150292511181191912e-01,1.224437633950098414e-01,3.673312901850295242e-01,-5.189600719804038365e-01,-1.516287817953743122e-01
1.943001917515311538e-01,3.150292511181191912e-01,1.207290593665880374e-01,3.621871780997640844e-01,-5.144112085265412082e-01,-1.522240304267771238e-01
1.959996733769102661e-01,3.150292511181191912e-01,1.190295777412089251e-01,3.570887332236267753e-01,-5.098444876137336879e-01,-1.527557543901069126e-01
1.976838794268503674e-01,3.150292511181191912e-01,1.173453716912688238e-01,3.520361150738064993e-01,-5.052618149820303772e-01,-1.532256999082238780e-01
1.993527629067996521e-01,3.150292511181191912e-01,1.156764882113195392e-01,3.470294646339586175e-01,-5.006650439847853962e-01,-1.536355793508267786e-01
2.010062828288138592e-01,3.150292511181191912e-01,1.140229682893053320e-01,3.420689048679159683e-01,-4.960559766042621499e-01,-1.539870717363461816e-01
2.026444040436544136e-01,3.150292511181191912e-01,1.123848470744647776e-01,3.371545412233943328e-01,-4.914363644521663188e-01,-1.542818232287719860e-01
2.042670970761721050e-01,3.150292511181191912e-01,1.107621540419470862e-01,3.322864621258412310e-01,-4.868079097553074108e-01,-1.545214476294661798e-01
2.058743379639268456e-01,3.150292511181191912e-01,1.091549131541923456e-01,3.274647394625770369e-01,-4.821722663264221831e-01,-1.547075268638451462e-01
2.074661080989952111e-01,3.150292511181191912e-01,1.075631430191239801e-01,3.226894290573719681e-01,-4.775310405205096531e-01,-1.548416114631376850e-01
2.090423940729172481e-01,3.150292511181191912e-01,1.059868570452019432e-01,3.179605711356058295e-01,-4.728857921766110861e-01,-1.549252210410052566e-01
2.106031875247351970e-01,3.150292511181191912e-01,1.044260635933839942e-01,3.132781907801519550e-01,-4.682380355453846787e-01,-1.549598447652327238e-01
2.121484849920766136e-01,3.150292511181191912e-01,1.028807661260425776e-01,3.086422983781277329e-01,-4.635892402024249792e-01,-1.549469418242972463e-01
2.136782877652355916e-01,3.150292511181191912e-01,1.013509633528835996e-01,3.040528900586507710e-01,-4.589408319476934173e-01,-1.548879418890426463e-01
2.151926017442056804e-01,3.150292511181191912e-01,9.983664937391351080e-02,2.995099481217405324e-01,-4.542941936910266376e-01,-1.547842455692861052e-01
2.166914372986188386e-01,3.150292511181191912e-01,9.833781381950035261e-02,2.950134414585010578e-01,-4.496506663239474566e-01,-1.546372248654463988e-01
2.181748091305454607e-01,3.150292511181191912e-01,9.685444198757373058e-02,2.905633259627211640e-01,-4.450115495779866093e-01,-1.544482236152654453e-01
2.196427361401105394e-01,3.150292511181191912e-01,9.538651497800865187e-02,2.861595449340259556e-01,-4.403781028695236133e-01,-1.542185579354976577e-01
2.210952412938820832e-01,3.150292511181191912e-01,9.393400982423710799e-02,2.818020294727113240e-01,-4.357515461314631633e-01,-1.539495166587518393e-01
2.225323514959877402e-01,3.150292511181191912e-01,9.249689962213145100e-02,2.774906988663943253e-01,-4.311330606316970959e-01,-1.536423617653027707e-01
2.239540974619168845e-01,3.150292511181191912e-01,9.107515365620230674e-02,2.732254609686068925e-01,-4.265237897787432786e-01,-1.532983288101363861e-01
2.253605135949650062e-01,3.150292511181191912e-01,8.966873752315418500e-02,2.690062125694625550e-01,-4.219248399144365225e-01,-1.529186273449739675e-01
2.267516378652786324e-01,3.150292511181191912e-01,8.827761325284055882e-02,2.648328397585216765e-01,-4.173372810940878530e-01,-1.525044413355661765e-01
2.281275116914587009e-01,3.150292511181191912e-01,8.690173942666049034e-02,2.607052182799814988e-01,-4.127621478540205446e-01,-1.520569295740390459e-01
2.294881798246813653e-01,3.150292511181191912e-01,8.554107129343782590e-02,2.566232138803135054e-01,-4.082004399667993333e-01,-1.515772260864858278e-01
2.308336902352953746e-01,3.150292511181191912e-01,8.419556088282381667e-02,2.525866826484714500e-01,-4.036531231842027667e-01,-1.510664405357313167e-01
2.321640940018558086e-01,3.150292511181191912e-01,8.286515711626338265e-02,2.485954713487901480e-01,-3.991211299681302060e-01,-1.505256586193400581e-01
2.334794452025543143e-01,3.150292511181191912e-01,8.154980591556487690e-02,2.446494177466946307e-01,-3.946053602095517254e-01,-1.499559424628570947e-01
2.347798008090065391e-01,3.150292511181191912e-01,8.024945030911265209e-02,2.407483509273379563e-01,-3.901066819356674431e-01,-1.493583310083294868e-01
2.360652205823579319e-01,3.150292511181191912e-01,7.896403053576125930e-02,2.368920916072837779e-01,-3.856259320054178374e-01,-1.487338403981340595e-01
2.373357669716694984e-01,3.150292511181191912e-01,7.769348414644969281e-02,2.330804524393490784e-01,-3.811639167934699479e-01,-1.480834643541208695e-01
2.385915050145456517e-01,3.150292511181191912e-01,7.643774610357353949e-02,2.293132383107206185e-01,-3.767214128628459946e-01,-1.474081745521253761e-01
2.398325022399666051e-01,3.150292511181191912e-01,7.519674887815258613e-02,2.255902466344577584e-01,-3.722991676262860095e-01,-1.467089209918282511e-01
2.410588285732883640e-01,3.150292511181191912e-01,7.397042254483082724e-02,2.219112676344924817e-01,-3.678978999965276664e-01,-1.459866323620351847e-01
2.422705562433739301e-01,3.150292511181191912e-01,7.275869487474526109e-02,2.182760846242357833e-01,-3.635183010256698433e-01,-1.452422164014340600e-01
2.434677596918193576e-01,3.150292511181191912e-01,7.156149142629983362e-02,2.146844742788995009e-01,-3.591610345336282428e-01,-1.444765602547287420e-01
2.446505154842393004e-01,3.150292511181191912e-01,7.037873563387989084e-02,2.111362069016396725e-01,-3.548267377259828326e-01,-1.436905308243431600e-01
2.458189022235768018e-01,3.150292511181191912e-01,6.921034889454238948e-02,2.076310466836271684e-01,-3.505160218012504103e-01,-1.428849751176232419e-01
2.469730004654025479e-01,3.150292511181191912e-01,6.805625065271664331e-02,2.041687519581499299e-01,-3.462294725477238488e-01,-1.420607205895739189e-01
2.481128926351693353e-01,3.150292511181191912e-01,6.691635848294985589e-02,2.007490754488495677e-01,-3.419676509300362266e-01,-1.412185754811866589e-01
2.492386629473880011e-01,3.150292511181191912e-01,6.579058817073119014e-02,1.973717645121935704e-01,-3.377310936655997242e-01,-1.403593291534061538e-01
2.503503973266913429e-01,3.150292511181191912e-01,6.467885379142784830e-02,1.940365613742835449e-01,-3.335203137910025539e-01,-1.394837524167190090e-01
2.514481833307530279e-01,3.150292511181191912e-01,6.358106778736616338e-02,1.907432033620984901e-01,-3.293358012185054751e-01,-1.385925978564069849e-01
2.525321100750290704e-01,3.150292511181191912e-01,6.249714104309012086e-02,1.874914231292703626e-01,-3.251780232828127559e-01,-1.376866001535423933e-01
2.536022681592897121e-01,3.150292511181191912e-01,6.142698295882947912e-02,1.842809488764884374e-01,-3.210474252781925220e-01,-1.367664764017040846e-01
2.546587495959102276e-01,3.150292511181191912e-01,6.037050152220896360e-02,1.811115045666268908e-01,-3.169444309861546571e-01,-1.358329264195277664e-01
2.557016477398887933e-01,3.150292511181191912e-01,5.932760337823039798e-02,1.779828101346911939e-01,-3.128694431935696851e-01,-1.348866330588784912e-01
2.567310572205614427e-01,3.150292511181191912e-01,5.829819389755774850e-02,1.748945816926732455e-01,-3.088228442017948439e-01,-1.339282625091215984e-01
2.577470738749831902e-01,3.150292511181191912e-01,5.728217724313600101e-02,1.718465317294080030e-01,-3.048049963265242468e-01,-1.329584645971162438e-01
2.587497946829452333e-01,3.150292511181191912e-01,5.627945643517395791e-02,1.688383693055218737e-01,-3.008162423886129311e-01,-1.319778730830910574e-01
2.597393177035989265e-01,3.150292511181191912e-01,5.528993341452026478e-02,1.658698002435607943e-01,-2.968569061961079392e-01,-1.309871059525471448e-01
2.607157420136573811e-01,3.150292511181191912e-01,5.431350910446181013e-02,1.629405273133854304e-01,-2.929272930175363943e-01,-1.299867657041509639e-01
2.616791676471454386e-01,3.150292511181191912e-01,5.335008347097375259e-02,1.600502504129212578e-01,-2.890276900464172627e-01,-1.289774396334960049e-01
2.626296955366701491e-01,3.150292511181191912e-01,5.239955558144904213e-02,1.571986667443471264e-01,-2.851583668574131369e-01,-1.279597001130660106e-01
2.635674274561835562e-01,3.150292511181191912e-01,5.146182366193563507e-02,1.543854709858069052e-01,-2.813195758540221192e-01,-1.269341048682152140e-01
2.644924659652101440e-01,3.150292511181191912e-01,5.053678515290904727e-02,1.516103554587271418e-01,-2.775115527079763389e-01,-1.259011972492491971e-01
2.654049143545118006e-01,3.150292511181191912e-01,4.962433676360739065e-02,1.488730102908221720e-01,-2.737345167904969845e-01,-1.248615064996748125e-01
2.663048765931634865e-01,3.150292511181191912e-01,4.872437452495570476e-02,1.461731235748671143e-01,-2.699886715955057692e-01,-1.238155480206386549e-01
2.671924572770131290e-01,3.150292511181191912e-01,4.783679384110606225e-02,1.435103815233181868e-01,-2.662742051548927513e-01,-1.227638236315745646e-01
2.680677615784995971e-01,3.150292511181191912e-01,4.696148953961959416e-02,1.408844686188587825e-01,-2.625912904459404285e-01,-1.217068218270816460e-01
2.689308951978033324e-01,3.150292511181191912e-01,4.609835592031585882e-02,1.382950677609475765e-01,-2.589400857911206000e-01,-1.206450180301730235e-01
2.697819643153040459e-01,3.150292511181191912e-01,4.524728680281514537e-02,1.357418604084454361e-01,-2.553207352502140370e-01,-1.195788748417686009e-01
2.706210755453206107e-01,3.150292511181191912e-01,4.440817557279858052e-02,1.332245267183957416e-01,-2.517333690049694539e-01,-1.185088422865737123e-01
2.714483358911085054e-01,3.150292511181191912e-01,4.358091522701068588e-02,1.307427456810320576e-01,-2.481781037363683939e-01,-1.174353580553363363e-01
2.722638527010908804e-01,3.150292511181191912e-01,4.276539841702831080e-02,1.282961952510849324e-01,-2.446550429947125238e-01,-1.163588477436275914e-01
2.730677336262988808e-01,3.150292511181191912e-01,4.196151749182031043e-02,1.258845524754609313e-01,-2.411642775624001089e-01,-1.152797250869391776e-01
2.738600865789981853e-01,3.150292511181191912e-01,4.116916453912100593e-02,1.235074936173630178e-01,-2.377058858097913507e-01,-1.141983921924283329e-01
2.746410196924782277e-01,3.150292511181191912e-01,4.038823142564096358e-02,1.211646942769228907e-01,-2.342799340440127054e-01,-1.131152397670898146e-01
2.754106412819815608e-01,3.150292511181191912e-01,3.961860983613763043e-02,1.188558295084128913e-01,-2.308864768509999443e-01,-1.120306473425870530e-01
2.761690598067506608e-01,3.150292511181191912e-01,3.886019131136853044e-02,1.165805739341055913e-01,-2.275255574307299966e-01,-1.109449834966244053e-01
2.769163838331700767e-01,3.150292511181191912e-01,3.811286728494911458e-02,1.143386018548473437e-01,-2.241972079258247597e-01,-1.098586060709774159e-01
2.776527219989823880e-01,3.150292511181191912e-01,3.737652911913680320e-02,1.121295873574104096e-01,-2.209014497436934121e-01,-1.087718623862830025e-01
2.783781829785560991e-01,3.150292511181191912e-01,3.665106813956309217e-02,1.099532044186892765e-01,-2.176382938721133087e-01,-1.076850894534240322e-01
2.790928754491844854e-01,3.150292511181191912e-01,3.593637566893470581e-02,1.078091270068041174e-01,-2.144077411885159101e-01,-1.065986141817117927e-01
2.797969080583946888e-01,3.150292511181191912e-01,3.523234305972450242e-02,1.056970291791735073e-01,-2.112097827630610158e-01,-1.055127535838875086e-01
2.804903893922465197e-01,3.150292511181191912e-01,3.453886172587267156e-02,1.036165851776180147e-01,-2.080444001555492584e-01,-1.044278149779312437e-01
2.811734279446005402e-01,3.150292511181191912e-01,3.385582317351865100e-02,1.015674695205559530e-01,-2.049115657062061668e-01,-1.033440961856502138e-01
2.818461320873359988e-01,3.150292511181191912e-01,3.318311903078319247e-02,9.954935709234957741e-02,-2.018112428206375597e-01,-1.022618857282879823e-01
2.825086100414986312e-01,3.150292511181191912e-01,3.252064107662056003e-02,9.756192322986168008e-02,-1.987433862487897329e-01,-1.011814630189280528e-01
2.831609698493593452e-01,3.150292511181191912e-01,3.186828126875984601e-02,9.560484380627953804e-02,-1.957079423582142041e-01,-1.001030985519346661e-01
2.838033193473648574e-01,3.150292511181191912e-01,3.122593177075433379e-02,9.367779531226300138e-02,-1.927048494016536662e-01,-9.902705408939066478e-02
2.844357661399614656e-01,3.150292511181191912e-01,3.059348497815772561e-02,9.178045493447317682e-02,-1.897340377789824561e-01,-9.795358284450927933e-02
2.850584175742736370e-01,3.150292511181191912e-01,2.997083354384555420e-02,8.991250063153666261e-02,-1.867954302936514210e-01,-9.688292966211475843e-02
2.856713807156195939e-01,3.150292511181191912e-01,2.935787040249959734e-02,8.807361120749879202e-02,-1.838889424037870590e-01,-9.581533119628826700e-02
2.862747623238459105e-01,3.150292511181191912e-01,2.875448879427328075e-02,8.626346638281984225e-02,-1.810144824678949771e-01,-9.475101608507513484e-02
2.868686688304636911e-01,3.150292511181191912e-01,2.816058228765550009e-02,8.448174686296650027e-02,-1.781719519853341982e-01,-9.369020512236769793e-02
2.874532063165692319e-01,3.150292511181191912e-01,2.757604480154995930e-02,8.272813440464987789e-02,-1.753612458316622380e-01,-9.263311142701236012e-02
2.880284804915320684e-01,3.150292511181191912e-01,2.700077062658712279e-02,8.100231187976136837e-02,-1.725822524888509513e-01,-9.157994060908958289e-02
2.885945966724340339e-01,3.150292511181191912e-01,2.643465444568515732e-02,7.930396333705547196e-02,-1.698348542705896413e-01,-9.053089093353416938e-02
2.891516597642426190e-01,3.150292511181191912e-01,2.587759135387657228e-02,7.763277406162971683e-02,-1.671189275425755127e-01,-8.948615348094579591e-02
2.896997742407031451e-01,3.150292511181191912e-01,2.532947687741604614e-02,7.598843063224813843e-02,-1.644343429381578403e-01,-8.844591230590970188e-02
2.902390441259330434e-01,3.150292511181191912e-01,2.479020699218614787e-02,7.437062097655844362e-02,-1.617809655689694814e-01,-8.741034459241103782e-02
2.907695729767036941e-01,3.150292511181191912e-01,2.425967814141549717e-02,7.277903442424649150e-02,-1.591586552311952119e-01,-8.637962080694872036e-02
2.912914638653936739e-01,3.150292511181191912e-01,2.373778725272551737e-02,7.121336175817655212e-02,-1.565672666069939378e-01,-8.535390484881738571e-02
2.918048193635987553e-01,3.150292511181191912e-01,2.322443175452043596e-02,6.967329526356130787e-02,-1.540066494615244252e-01,-8.433335419796311738e-02
2.923097415263840593e-01,3.150292511181191912e-01,2.271950959173513196e-02,6.815852877520539588e-02,-1.514766488355911989e-01,-8.331812006038580298e-02
2.928063318771633172e-01,3.150292511181191912e-01,2.222291924095587401e-02,6.666875772286762203e-02,-1.489771052337773849e-01,-8.230834751090976287e-02
2.932946913931914756e-01,3.150292511181191912e-01,2.173455972492771560e-02,6.520367917478314679e-02,-1.465078548084475241e-01,-8.130417563366437728e-02
2.937749204916562662e-01,3.150292511181191912e-01,2.125433062646292504e-02,6.376299187938877511e-02,-1.440687295394371681e-01,-8.030573766004839298e-02
2.942471190163550854e-01,3.150292511181191912e-01,2.078213210176410586e-02,6.234639630529231757e-02,-1.416595574096457533e-01,-7.931316110435343569e-02
2.947113862249434724e-01,3.150292511181191912e-01,2.031786489317571887e-02,6.095359467952715660e-02,-1.392801625765160978e-01,-7.832656789698894118e-02
2.951678207767421402e-01,3.150292511181191912e-01,1.986143034137705099e-02,5.958429102413115297e-02,-1.369303655396003627e-01,-7.734607451546920975e-02
2.956165207210892376e-01,3.150292511181191912e-01,1.941273039702995362e-02,5.823819119108986087e-02,-1.346099833041292104e-01,-7.637179211303934956e-02
2.960575834862250733e-01,3.150292511181191912e-01,1.897166763189411798e-02,5.691500289568235393e-02,-1.323188295407506931e-01,-7.540382664506833921e-02
2.964911058686963696e-01,3.150292511181191912e-01,1.853814524942282160e-02,5.561443574826846481e-02,-1.300567147413889124e-01,-7.444227899312044761e-02
2.969171840232683879e-01,3.150292511181191912e-01,1.811206709485080335e-02,5.433620128455241005e-02,-1.278234463716054758e-01,-7.348724508705306580e-02
2.973359134533316572e-01,3.150292511181191912e-01,1.769333766478753400e-02,5.308001299436260201e-02,-1.256188290189808043e-01,-7.253881602461820233e-02
2.977473890017924840e-01,3.150292511181191912e-01,1.728186211632670721e-02,5.184558634898012164e-02,-1.234426645382480370e-01,-7.159707818926791534e-02
2.981517048424343619e-01,3.150292511181191912e-01,1.687754627568482935e-02,5.063263882705448804e-02,-1.212947521925633598e-01,-7.066211336550887179e-02
2.985489544717397359e-01,3.150292511181191912e-01,1.648029664637945535e-02,4.944088993913836605e-02,-1.191748887916121991e-01,-6.973399885247383301e-02
2.989392307011598526e-01,3.150292511181191912e-01,1.609002041695933860e-02,4.827006125087801580e-02,-1.170828688260350248e-01,-6.881280757515700897e-02
2.993226256498224269e-01,3.150292511181191912e-01,1.570662546829676431e-02,4.711987640489029294e-02,-1.150184845987722859e-01,-6.789860819388199298e-02
2.996992307376656339e-01,3.150292511181191912e-01,1.533002038045355730e-02,4.599006114136067191e-02,-1.129815263529621028e-01,-6.699146521160143086e-02
3.000691366789876580e-01,3.150292511181191912e-01,1.496011443913153327e-02,4.488034331739459981e-02,-1.109717823966072103e-01,-6.609143907921261052e-02
3.004324334764017501e-01,3.150292511181191912e-01,1.459681764171744112e-02,4.379045292515232335e-02,-1.089890392242276462e-01,-6.519858629907532288e-02
3.007892104151859702e-01,3.150292511181191912e-01,1.424004070293322100e-02,4.272012210879966299e-02,-1.070330816352660364e-01,-6.431295952646637337e-02
3.011395560580175101e-01,3.150292511181191912e-01,1.388969506010168109e-02,4.166908518030504327e-02,-1.051036928494619715e-01,-6.343460766915692828e-02
3.014835582400821612e-01,3.150292511181191912e-01,1.354569287803703004e-02,4.063707863411109011e-02,-1.032006546193953156e-01,-6.256357598528422548e-02
3.018213040645482681e-01,3.150292511181191912e-01,1.320794705357092313e-02,3.962384116071276940e-02,-1.013237473398320709e-01,-6.169990617911930153e-02
3.021528798983964537e-01,3.150292511181191912e-01,1.287637121972273757e-02,3.862911365916821271e-02,-9.947275015445566915e-02,-6.084363649528745643e-02
3.024783713685951225e-01,3.150292511181191912e-01,1.255087974952406871e-02,3.765263924857220612e-02,-9.764744105960065923e-02,-5.999480181102845311e-02
3.027978633586126955e-01,3.150292511181191912e-01,1.223138775950649570e-02,3.669416327851948711e-02,-9.584759700527190063e-02,-5.915343372675241351e-02
3.031114400052575819e-01,3.150292511181191912e-01,1.191781111286160932e-02,3.575343333858482797e-02,-9.407299399346591429e-02,-5.831956065488108631e-02
3.034191846958370076e-01,3.150292511181191912e-01,1.161006642228218366e-02,3.483019926684655099e-02,-9.232340717382769846e-02,-5.749320790698114747e-02
3.037211800656257066e-01,3.150292511181191912e-01,1.130807105249348465e-02,3.392421315748045396e-02,-9.059861093660970255e-02,-5.667439777912924859e-02
3.040175079956364823e-01,3.150292511181191912e-01,1.101174312248270892e-02,3.303522936744812677e-02,-8.889837900323271924e-02,-5.586314963578459247e-02
3.043082496106837009e-01,3.150292511181191912e-01,1.072100150743549030e-02,3.216300452230647089e-02,-8.722248451416558801e-02,-5.505947999185911712e-02
3.045934852777317237e-01,3.150292511181191912e-01,1.043576584038746757e-02,3.130729752116240272e-02,-8.557070011440681689e-02,-5.426340259324441417e-02
3.048732946045204506e-01,3.150292511181191912e-01,1.015595651359874063e-02,3.046786954079622189e-02,-8.394279803661808259e-02,-5.347492849582186070e-02
3.051477564384595942e-01,3.150292511181191912e-01,9.881494679659597047e-03,2.964448403897879114e-02,-8.233855018174307538e-02,-5.269406614276428424e-02
3.054169488657844655e-01,3.150292511181191912e-01,9.612302252334725683e-03,2.883690675700417705e-02,-8.075772819746140918e-02,-5.192082144045723213e-02
3.056809492109652804e-01,3.150292511181191912e-01,9.348301907153910850e-03,2.804490572146173255e-02,-7.920010355424444981e-02,-5.115519783278271726e-02
3.059398340363628233e-01,3.150292511181191912e-01,9.089417081756367978e-03,2.726825124526910393e-02,-7.766544761926286178e-02,-5.039719637399375785e-02
3.061936791421229764e-01,3.150292511181191912e-01,8.835571975996214800e-03,2.650671592798864440e-02,-7.615353172804595339e-02,-4.964681580005730899e-02
3.064425595663031188e-01,3.150292511181191912e-01,8.586691551816072465e-03,2.576007465544821740e-02,-7.466412725404270034e-02,-4.890405259859448295e-02
3.066865495852234003e-01,3.150292511181191912e-01,8.342701532895790972e-03,2.502810459868737292e-02,-7.319700567608444786e-02,-4.816890107739707494e-02
3.069257227140358979e-01,3.150292511181191912e-01,8.103528404083293335e-03,2.431058521224988000e-02,-7.175193864374929120e-02,-4.744135343149941120e-02
3.071601517075052690e-01,3.150292511181191912e-01,7.869099410613922263e-03,2.360729823184176679e-02,-7.032869804081132159e-02,-4.672139980896955480e-02
3.073899085609937409e-01,3.150292511181191912e-01,7.639342557125450295e-03,2.291802767137635088e-02,-6.892705604654159046e-02,-4.600902837516523958e-02
3.076150645116447202e-01,3.150292511181191912e-01,7.414186606474471031e-03,2.224255981942341309e-02,-6.754678519529377922e-02,-4.530422537587036613e-02
3.078356900397580809e-01,3.150292511181191912e-01,7.193561078361110361e-03,2.158068323508333108e-02,-6.618765843400820081e-02,-4.460697519892486973e-02
3.080518548703515824e-01,3.150292511181191912e-01,6.977396247767608806e-03,2.093218874330282642e-02,-6.484944917805046671e-02,-4.391726043474764030e-02
3.082636279749015884e-01,3.150292511181191912e-01,6.765623143217602831e-03,2.029686942965280849e-02,-6.353193136500179250e-02,-4.323506193534898401e-02
3.084710775732580346e-01,3.150292511181191912e-01,6.558173544861156667e-03,1.967452063458347000e-02,-6.223487950693384896e-02,-4.256035887235037896e-02
3.086742711357272628e-01,3.150292511181191912e-01,6.354979982391928406e-03,1.906493994717578522e-02,-6.095806874076847848e-02,-4.189312879359269326e-02
3.088732753853171142e-01,3.150292511181191912e-01,6.155975732802076994e-03,1.846792719840623098e-02,-5.970127487695542357e-02,-4.123334767854919258e-02
3.090681563001391186e-01,3.150292511181191912e-01,5.961094817980072680e-03,1.788328445394021804e-02,-5.846427444660129424e-02,-4.058098999266107620e-02
3.092589791159618962e-01,3.150292511181191912e-01,5.770272002157295077e-03,1.731081600647188523e-02,-5.724684474683328084e-02,-3.993602874036139561e-02
3.094458083289106098e-01,3.150292511181191912e-01,5.583442789208581392e-03,1.675032836762574417e-02,-5.604876388461410563e-02,-3.929843551698836146e-02
3.096287076983076370e-01,3.150292511181191912e-01,5.400543419811554280e-03,1.620163025943466284e-02,-5.486981081910813351e-02,-3.866818055967347068e-02
3.098077402496486887e-01,3.150292511181191912e-01,5.221510868470502498e-03,1.566453260541150749e-02,-5.370976540231553464e-02,-3.804523279690402715e-02
3.099829682777100470e-01,3.150292511181191912e-01,5.046282840409144210e-03,1.513884852122743263e-02,-5.256840841840748624e-02,-3.742955989718005361e-02
3.101544533497817002e-01,3.150292511181191912e-01,4.874797768337491011e-03,1.462439330501247303e-02,-5.144552162149595986e-02,-3.682112831648348683e-02
3.103222563090217156e-01,3.150292511181191912e-01,4.706994809097475585e-03,1.412098442729242675e-02,-5.034088777200462772e-02,-3.621990334471220097e-02
3.104864372779272408e-01,3.150292511181191912e-01,4.542813840191950447e-03,1.362844152057585134e-02,-4.925429067165754127e-02,-3.562584915108168993e-02
3.106470556619176371e-01,3.150292511181191912e-01,4.382195456201554151e-03,1.314658636860466245e-02,-4.818551519711888886e-02,-3.503892882851422641e-02
3.108041701530251943e-01,3.150292511181191912e-01,4.225080965093996888e-03,1.267524289528199066e-02,-4.713434733226717910e-02,-3.445910443698518844e-02
3.109578387336890404e-01,3.150292511181191912e-01,4.071412384430150855e-03,1.221423715329045256e-02,-4.610057419915380983e-02,-3.388633704586335726e-02
3.111081186806483045e-01,3.150292511181191912e-01,3.921132437470886689e-03,1.176339731241266007e-02,-4.508398408777924971e-02,-3.332058677536658964e-02
3.112550665689300389e-01,3.150292511181191912e-01,3.774184549189152360e-03,1.132255364756745708e-02,-4.408436648452029871e-02,-3.276181283695284163e-02
3.113987382759280664e-01,3.150292511181191912e-01,3.630512842191124800e-03,1.089153852657337440e-02,-4.310151209940826789e-02,-3.220997357283489348e-02
3.115391889855688157e-01,3.150292511181191912e-01,3.490062132550375562e-03,1.047018639765112669e-02,-4.213521289222477151e-02,-3.166502649457364482e-02
3.116764731925601439e-01,3.150292511181191912e-01,3.352777925559047301e-03,1.005833377667714190e-02,-4.118526209739847843e-02,-3.112692832072133653e-02
3.118106447067193754e-01,3.150292511181191912e-01,3.218606411399815848e-03,9.655819234199447543e-03,-4.025145424776943592e-02,-3.059563501356998838e-02
3.119417566573772782e-01,3.150292511181191912e-01,3.087494460741913027e-03,9.262483382225739081e-03,-3.933358519737084613e-02,-3.007110181514510705e-02
3.120698614978536511e-01,3.150292511181191912e-01,2.959389620265540088e-03,8.878168860796620265e-03,-3.843145214291188161e-02,-2.955328328211526134e-02
3.121950110100017994e-01,3.150292511181191912e-01,2.834240108117391799e-03,8.502720324352175396e-03,-3.754485364444448692e-02,-2.904213332009231152e-02
3.123172563088179587e-01,3.150292511181191912e-01,2.711994809301232490e-03,8.135984427903697469e-03,-3.667358964484779271e-02,-2.853760521694409524e-02
3.124366478471123920e-01,3.150292511181191912e-01,2.592603271006799215e-03,7.777809813020397645e-03,-3.581746148832998244e-02,-2.803965167530958480e-02
3.125532354202393281e-01,3.150292511181191912e-01,2.476015697879863087e-03,7.428047093639589260e-03,-3.497627193808083845e-02,-2.754822484444124919e-02
3.126670681708818011e-01,3.150292511181191912e-01,2.362182947237390085e-03,7.086548841712170255e-03,-3.414982519274190054e-02,-2.706327635102973028e-02
3.127781945938891695e-01,3.150292511181191912e-01,2.251056524230021783e-03,6.753169572690065348e-03,-3.333792690221049071e-02,-2.658475732952042536e-02
3.128866625411635960e-01,3.150292511181191912e-01,2.142588576955595236e-03,6.427765730866785709e-03,-3.254038418232796381e-02,-2.611261845146117810e-02
3.129925192265928802e-01,3.150292511181191912e-01,2.036731891526311067e-03,6.110195674578933200e-03,-3.175700562878525091e-02,-2.564680995420631771e-02
3.130958112310267549e-01,3.150292511181191912e-01,1.933439887092436305e-03,5.800319661277308914e-03,-3.098760133016242868e-02,-2.518728166888511977e-02
3.131965845072937071e-01,3.150292511181191912e-01,1.832666610825484099e-03,5.497999832476452298e-03,-3.023198288008566159e-02,-2.473398304760920929e-02
3.132948843852559340e-01,3.150292511181191912e-01,1.734366732863257266e-03,5.203100198589771797e-03,-2.948996338866805011e-02,-2.428686319007827832e-02
3.133907555768991049e-01,3.150292511181191912e-01,1.638495541220086338e-03,4.915486623660259013e-03,-2.876135749295127830e-02,-2.384587086929101929e-02
3.134842421814553748e-01,3.150292511181191912e-01,1.545008936663816446e-03,4.635026809991449337e-03,-2.804598136688096766e-02,-2.341095455688951832e-02
3.135753876905559290e-01,3.150292511181191912e-01,1.453863427563262256e-03,4.361590282689786768e-03,-2.734365273016625686e-02,-2.298206244747647009e-02
3.136642349934117835e-01,3.150292511181191912e-01,1.365016124707407741e-03,4.095048374122223223e-03,-2.665419085675635458e-02,-2.255914248263413135e-02
3.137508263820193433e-01,3.150292511181191912e-01,1.278424736099847969e-03,3.835274208299543908e-03,-2.597741658226793149e-02,-2.214214237396838758e-02
3.138352035563894971e-01,3.150292511181191912e-01,1.194047561729694173e-03,3.582142685189082520e-03,-2.531315231104613872e-02,-2.173100962585705620e-02
3.139174076297970850e-01,3.150292511181191912e-01,1.111843488322106221e-03,3.335530464966318664e-03,-2.466122202227638560e-02,-2.132569155731006694e-02
3.139974791340489624e-01,3.150292511181191912e-01,1.031771984070228854e-03,3.095315952210686561e-03,-2.402145127556321036e-02,-2.092613532335252380e-02
3.140754580247684946e-01,3.150292511181191912e-01,9.537930933506966191e-04,2.861379280052089857e-03,-2.339366721585967035e-02,-2.053228793580758049e-02
3.141513836866944298e-01,3.150292511181191912e-01,8.778674314247614241e-04,2.633602294274284272e-03,-2.277769857778055851e-02,-2.014409628350627424e-02
3.142252949389920391e-01,3.150292511181191912e-01,8.039561791271521152e-04,2.411868537381456346e-03,-2.217337568928279268e-02,-1.976150715190133633e-02
3.142972300405744157e-01,3.150292511181191912e-01,7.320210775447755225e-04,2.196063232634326567e-03,-2.158053047471297781e-02,-1.938446724207865124e-02
3.143672266954326000e-01,3.150292511181191912e-01,6.620244226865912296e-04,1.986073268059773689e-03,-2.099899645745528787e-02,-1.901292318939551418e-02
3.144353220579718666e-01,3.150292511181191912e-01,5.939290601473246056e-04,1.781787180441973817e-03,-2.042860876177998719e-02,-1.864682158133801337e-02
3.145015527383530074e-01,3.150292511181191912e-01,5.276983797661838338e-04,1.583095139298551501e-03,-1.986920411434223155e-02,-1.828610897504368005e-02
3.145659548078366119e-01,3.150292511181191912e-01,4.632963102825793378e-04,1.389888930847738013e-03,-1.932062084508134880e-02,-1.793073191423361079e-02
3.146285638041287913e-01,3.150292511181191912e-01,4.006873139903999181e-04,1.202061941971199754e-03,-1.878269888765382589e-02,-1.758063694568262614e-02
3.146894147367264027e-01,3.150292511181191912e-01,3.398363813927884891e-04,1.019509144178365467e-03,-1.825527977928342871e-02,-1.723577063510506324e-02
3.147485420922604971e-01,3.150292511181191912e-01,2.807090258586941722e-04,8.421270775760825167e-04,-1.773820666022829506e-02,-1.689607958265221255e-02
3.148059798398363252e-01,3.150292511181191912e-01,2.232712782828660814e-04,6.698138348485982441e-04,-1.723132427274842726e-02,-1.656151043789982902e-02
3.148617614363684036e-01,3.150292511181191912e-01,1.674896817507876001e-04,5.024690452523628004e-04,-1.673447895962354437e-02,-1.623200991437118157e-02
3.149159198319090303e-01,3.150292511181191912e-01,1.133312862101609753e-04,3.399938586304829258e-04,-1.624751866218798746e-02,-1.590752480355750453e-02
3.149684874749693053e-01,3.150292511181191912e-01,6.076364314988591531e-05,1.822909294496577459e-04,-1.577029291808251799e-02,-1.558800198863286024e-02
3.150194963178307161e-01,3.150292511181191912e-01,9.754800288475085068e-06,2.926440086542525520e-05,-1.530265285842324907e-02,-1.527338845755782382e-02
3.150689778218463410e-01,3.150292511181191912e-01,-3.972670372714981468e-05,-1.191801111814494440e-04,-1.484445120468746993e-02,-1.496363131586891937e-02
3.151169629627303959e-01,3.150292511181191912e-01,-8.771184461120462572e-05,-2.631355338336138772e-04,-1.439554226521644331e-02,-1.465867779905005719e-02
3.151634822358345689e-01,3.150292511181191912e-01,-1.342311177153776569e-04,-4.026933531461329707e-04,-1.395578193125190936e-02,-1.435847528439804233e-02
3.152085656614102560e-01,3.150292511181191912e-01,-1.793145432910647763e-04,-5.379436298731943289e-04,-1.352502767270613582e-02,-1.406297130257933015e-02
3.152522427898556967e-01,3.150292511181191912e-01,-2.229916717365054701e-04,-6.689750152095164104e-04,-1.310313853363220815e-02,-1.377211354884172456e-02
3.152945427069462903e-01,3.150292511181191912e-01,-2.652915888270990230e-04,-7.958747664812970690e-04,-1.268997512717806586e-02,-1.348584989365936293e-02
3.153354940390474814e-01,3.150292511181191912e-01,-3.062429209282901965e-04,-9.187287627848705895e-04,-1.228539963035735205e-02,-1.320412839314222264e-02
3.153751249583093830e-01,3.150292511181191912e-01,-3.458738401901917392e-04,-1.037621520570575218e-03,-1.188927577857046280e-02,-1.292689729914103802e-02
3.154134631878413586e-01,3.150292511181191912e-01,-3.842120697221673709e-04,-1.152636209166502113e-03,-1.150146885959268950e-02,-1.265410506875919161e-02
3.154505360068664555e-01,3.150292511181191912e-01,-4.212848887472642190e-04,-1.263854666241792657e-03,-1.112184570752905444e-02,-1.238570037377084709e-02
3.154863702558541871e-01,3.150292511181191912e-01,-4.571191377349959062e-04,-1.371357413204987719e-03,-1.075027469631950616e-02,-1.212163210952449388e-02
3.155209923416309459e-01,3.150292511181191912e-01,-4.917412235117546437e-04,-1.475223670535263931e-03,-1.038662573302762127e-02,-1.186184940356288520e-02
3.155544282424673774e-01,3.150292511181191912e-01,-5.251771243481861973e-04,-1.575531373044558592e-03,-1.003077025092946606e-02,-1.160630162397402465e-02
3.155867035131413867e-01,3.150292511181191912e-01,-5.574523950221954571e-04,-1.672357185066586371e-03,-9.682581202202777959e-03,-1.135493838726936433e-02
3.156178432899766628e-01,3.150292511181191912e-01,-5.885921718574715911e-04,-1.765776515572414773e-03,-9.341933050582840181e-03,-1.110770956615525495e-02
3.156478722958553362e-01,3.150292511181191912e-01,-6.186211777361450004e-04,-1.855863533208435001e-03,-9.008701763602022794e-03,-1.086456529681045780e-02
3.156768148452043232e-01,3.150292511181191912e-01,-6.475637270851319904e-04,-1.942691181255395971e-03,-8.682764804696097016e-03,-1.062545598595149299e-02
3.157046948489546923e-01,3.150292511181191912e-01,-6.754437308355010217e-04,-2.026331192506503065e-03,-8.364001125110709367e-03,-1.039033231761721243e-02
3.157315358194733301e-01,3.150292511181191912e-01,-7.022847013541388961e-04,-2.106854104062416688e-03,-8.052291155591362326e-03,-1.015914525965377901e-02
3.157573608754660199e-01,3.150292511181191912e-01,-7.281097573468287010e-04,-2.184329272040486103e-03,-7.747516797806941469e-03,-9.931846069847427572e-03
3.157821927468517087e-01,3.150292511181191912e-01,-7.529416287325174650e-04,-2.258824886197552395e-03,-7.449561415706629219e-03,-9.708386301904181614e-03
3.158060537796071876e-01,3.150292511181191912e-01,-7.768026614879963709e-04,-2.330407984463989113e-03,-7.158309826643671769e-03,-9.488717811107660882e-03
3.158289659405815741e-01,3.150292511181191912e-01,-7.997148224623829016e-04,-2.399144467387148705e-03,-6.873648292315959196e-03,-9.272792759703107901e-03
3.158509508222799855e-01,3.150292511181191912e-01,-8.216997041607942975e-04,-2.465099112482382893e-03,-6.595464509523418783e-03,-9.060563622005801676e-03
3.158720296476161815e-01,3.150292511181191912e-01,-8.427785294969902807e-04,-2.528335588490970842e-03,-6.323647600858794959e-03,-8.851983189349765802e-03
3.158922232746334546e-01,3.150292511181191912e-01,-8.629721565142633999e-04,-2.588916469542790200e-03,-6.058088105181935745e-03,-8.647004574724725945e-03
3.159115522011932686e-01,3.150292511181191912e-01,-8.823010830740773969e-04,-2.646903249222232191e-03,-5.798677967944199096e-03,-8.445581217166431287e-03
3.159300365696313673e-01,3.150292511181191912e-01,-9.007854515121760386e-04,-2.702356354536528116e-03,-5.545310531429592515e-03,-8.247666885966120631e-03
3.159476961713808540e-01,3.150292511181191912e-01,-9.184450532616628138e-04,-2.755335159784988441e-03,-5.297880524846032557e-03,-8.053215684631020999e-03
3.159645504515618541e-01,3.150292511181191912e-01,-9.352993334426629168e-04,-2.805898000327988751e-03,-5.056284054300030917e-03,-7.862182054628019667e-03
3.159806185135374257e-01,3.150292511181191912e-01,-9.513673954182344517e-04,-2.854102186254703355e-03,-4.820418592671460445e-03,-7.674520778926163800e-03
3.159959191234351095e-01,3.150292511181191912e-01,-9.666680053159182329e-04,-2.900004015947754699e-03,-4.590182969305134364e-03,-7.490186985252889063e-03
3.160104707146342284e-01,3.150292511181191912e-01,-9.812195965150372068e-04,-2.943658789545111620e-03,-4.365477359735692175e-03,-7.309136149280803796e-03
3.160242913922184371e-01,3.150292511181191912e-01,-9.950402740992458916e-04,-2.985120822297737675e-03,-4.146203275262605459e-03,-7.131324097560343134e-03
3.160373989373929104e-01,3.150292511181191912e-01,-1.008147819273719215e-03,-3.024443457821157644e-03,-3.932263552341996871e-03,-6.956707010163154514e-03
3.160498108118663385e-01,3.150292511181191912e-01,-1.020559693747147278e-03,-3.061679081241441835e-03,-3.723562342028419181e-03,-6.785241423269861016e-03
3.160615441621974497e-01,3.150292511181191912e-01,-1.032293044078258504e-03,-3.096879132234775511e-03,-3.520005099333367582e-03,-6.616884231568143093e-03
3.160726158241053962e-01,3.150292511181191912e-01,-1.043364705986205010e-03,-3.130094117958615030e-03,-3.321498572383951853e-03,-6.451592690342566883e-03
3.160830423267443345e-01,3.150292511181191912e-01,-1.053791208625143305e-03,-3.161373625875429916e-03,-3.127950791681488596e-03,-6.289324417556918512e-03
3.160928398969414799e-01,3.150292511181191912e-01,-1.063588778822288639e-03,-3.190766336466865916e-03,-2.939271059143599985e-03,-6.130037395610465900e-03
3.161020244633990783e-01,3.150292511181191912e-01,-1.072773345279887103e-03,-3.218320035839661308e-03,-2.755369937279539272e-03,-5.973689973119200580e-03
3.161106116608593530e-01,3.150292511181191912e-01,-1.081360542740161801e-03,-3.244081628220485403e-03,-2.576159238082409431e-03,-5.820240866302894833e-03
3.161186168342330349e-01,3.150292511181191912e-01,-1.089365716113843696e-03,-3.268097148341531089e-03,-2.401552012104568590e-03,-5.669649160446099678e-03
3.161260550426906457e-01,3.150292511181191912e-01,-1.096803924571454480e-03,-3.290411773714363441e-03,-2.231462537283235292e-03,-5.521874310997598734e-03
3.161329410637171433e-01,3.150292511181191912e-01,-1.103689945597952082e-03,-3.311069836793856247e-03,-2.065806307949280551e-03,-5.376876144743136798e-03
3.161392893971292084e-01,3.150292511181191912e-01,-1.110038279010017170e-03,-3.330114837030051511e-03,-1.904500023619526416e-03,-5.234614860649577928e-03
3.161451142690551719e-01,3.150292511181191912e-01,-1.115863150935980652e-03,-3.347589452807941957e-03,-1.747461577789044540e-03,-5.095051030596986497e-03
3.161504296358780830e-01,3.150292511181191912e-01,-1.121178517758891768e-03,-3.363535553276675305e-03,-1.594610046873334852e-03,-4.958145600150010157e-03
3.161552491881409743e-01,3.150292511181191912e-01,-1.125998070021783093e-03,-3.377994210065349279e-03,-1.445865678867397364e-03,-4.823859888932746642e-03
3.161595863544149898e-01,3.150292511181191912e-01,-1.130335236295798573e-03,-3.391005708887395720e-03,-1.301149882204644115e-03,-4.692155591092039835e-03
3.161634543051298762e-01,3.150292511181191912e-01,-1.134203187010685010e-03,-3.402609561032055030e-03,-1.160385214465931014e-03,-4.562994775497986044e-03
3.161668659563672268e-01,3.150292511181191912e-01,-1.137614838248035554e-03,-3.412844514744106661e-03,-1.023495371205163096e-03,-4.436339885949269757e-03
3.161698339736159769e-01,3.150292511181191912e-01,-1.140582855496785619e-03,-3.421748566490356858e-03,-8.904051746250196686e-04,-4.312153741115376526e-03
3.161723707754906521e-01,3.150292511181191912e-01,-1.143119657371460818e-03,-3.429358972114382453e-03,-7.610405624025595728e-04,-4.190399534516942026e-03
3.161744885374118685e-01,3.150292511181191912e-01,-1.145237419292677306e-03,-3.435712257878031917e-03,-6.353285763649463291e-04,-4.071040834242978246e-03
3.161761991952496409e-01,3.150292511181191912e-01,-1.146948077130449661e-03,-3.440844231391348984e-03,-5.131973513317067415e-04,-3.954041582723055726e-03
3.161775144489291645e-01,3.150292511181191912e-01,-1.148263330809973226e-03,-3.444789992429919678e-03,-3.945761038570694268e-04,-3.839366096286989105e-03
3.161784457659990166e-01,3.150292511181191912e-01,-1.149194647879825393e-03,-3.447583943639476178e-03,-2.793951209556500004e-04,-3.726979064595126179e-03
3.161790043851624432e-01,3.150292511181191912e-01,-1.149753267043251981e-03,-3.449259801129755942e-03,-1.675857490279764050e-04,-3.616845550157732347e-03
3.161792013197708417e-01,3.150292511181191912e-01,-1.149950201651650517e-03,-3.449850604954951550e-03,-5.908038251956071463e-05,-3.508930987474512264e-03
3.161790473612804964e-01,3.150292511181191912e-01,-1.149796243161305132e-03,-3.449388729483915395e-03,4.618754710361550053e-05,-3.403201182380299894e-03
3.161785530826718982e-01,3.150292511181191912e-01,-1.149301964552706945e-03,-3.447905893658120835e-03,1.482835825794559526e-04,-3.299622311078664882e-03
3.161777288418322063e-01,3.150292511181191912e-01,-1.148477723713015042e-03,-3.445433171139045125e-03,2.472722519075709613e-04,-3.198160919231474164e-03
3.161765847849005717e-01,3.150292511181191912e-01,-1.147333666781380490e-03,-3.442001000344141470e-03,3.432170794903655064e-04,-3.098783920853775964e-03
3.161751308495768797e-01,3.150292511181191912e-01,-1.145879731457688511e-03,-3.437639194373065532e-03,4.361805971075938260e-04,-3.001458597265471706e-03
3.161733767683934659e-01,3.150292511181191912e-01,-1.144125650274274708e-03,-3.432376950822824124e-03,5.262243550241407775e-04,-2.906152595798683347e-03
3.161713320719504727e-01,3.150292511181191912e-01,-1.142080953831281498e-03,-3.426242861493844494e-03,6.134089328979630551e-04,-2.812833928595881439e-03
3.161690060921146239e-01,3.150292511181191912e-01,-1.139754973995432685e-03,-3.419264921986298056e-03,6.977939507546437881e-04,-2.721470971231654268e-03
3.161664079651816395e-01,3.150292511181191912e-01,-1.137156847062448239e-03,-3.411470541187344718e-03,7.794380798953337575e-04,-2.632032461292010961e-03
3.161635466350025125e-01,3.150292511181191912e-01,-1.134295516883321309e-03,-3.402886550649963926e-03,8.583990537380792318e-04,-2.544487496911884694e-03
3.161604308560737042e-01,3.150292511181191912e-01,-1.131179737954512987e-03,-3.393539213863538961e-03,9.347336786424964572e-04,-2.458805535221042504e-03
3.161570691965913671e-01,3.150292511181191912e-01,-1.127818078472175856e-03,-3.383454235416527567e-03,1.008497844701139456e-03,-2.374956390715388110e-03
3.161534700414699861e-01,3.150292511181191912e-01,-1.124218923350794874e-03,-3.372656770052384623e-03,1.079746536414294411e-03,-2.292910233638090212e-03
3.161496415953252148e-01,3.150292511181191912e-01,-1.120390477206023583e-03,-3.361171431618070748e-03,1.148533843431387425e-03,-2.212637588186683324e-03
3.161455918854216285e-01,3.150292511181191912e-01,-1.116340767302437254e-03,-3.349022301907311761e-03,1.214912971075898795e-03,-2.134109330831412965e-03
3.161413287645849501e-01,3.150292511181191912e-01,-1.112077646465758907e-03,-3.336232939397276720e-03,1.278936251003504054e-03,-2.057296688393772666e-03
3.161368599140794156e-01,3.150292511181191912e-01,-1.107608795960224324e-03,-3.322826387880672971e-03,1.340655151660374855e-03,-1.982171236220298116e-03
3.161321928464502773e-01,3.150292511181191912e-01,-1.102941728331086058e-03,-3.308825184993258173e-03,1.400120288741479868e-03,-1.908704896251778305e-03
3.161273349083315032e-01,3.150292511181191912e-01,-1.098083790212311950e-03,-3.294251370636935849e-03,1.457381435632232325e-03,-1.836869935004703525e-03
3.161222932832192245e-01,3.150292511181191912e-01,-1.093042165100033269e-03,-3.279126495300099808e-03,1.512487533683604113e-03,-1.766638961616495695e-03
3.161170749942108227e-01,3.150292511181191912e-01,-1.087823876091631448e-03,-3.263471628274894343e-03,1.565486702520546558e-03,-1.697984925754347785e-03
3.161116869067098212e-01,3.150292511181191912e-01,-1.082435788590629944e-03,-3.247307365771889831e-03,1.616426250300451173e-03,-1.630881115471438658e-03
3.161061357310973041e-01,3.150292511181191912e-01,-1.076884612978112887e-03,-3.230653838934338662e-03,1.665352683755116914e-03,-1.565301155179221748e-03
3.161004280253692511e-01,3.150292511181191912e-01,-1.071176907250059873e-03,-3.213530721750179620e-03,1.712311718415904238e-03,-1.501219003334275381e-03
3.160945701977408429e-01,3.150292511181191912e-01,-1.065319079621651621e-03,-3.195957238864954864e-03,1.757348288522475599e-03,-1.438608950342479265e-03
3.160885685092174047e-01,3.150292511181191912e-01,-1.059317391098213434e-03,-3.177952173294640303e-03,1.800506557031456012e-03,-1.377445616263184291e-03
3.160824290761323763e-01,3.150292511181191912e-01,-1.053177958013185034e-03,-3.159533874039555101e-03,1.841829925508520205e-03,-1.317703948531034897e-03
3.160761578726524745e-01,3.150292511181191912e-01,-1.046906754533283301e-03,-3.140720263599849904e-03,1.881361043970519731e-03,-1.259359219629330173e-03
3.160697607332506043e-01,3.150292511181191912e-01,-1.040509615131413046e-03,-3.121528845394239138e-03,1.919141820561076628e-03,-1.202387024833162510e-03
3.160632433551462395e-01,3.150292511181191912e-01,-1.033992237027048233e-03,-3.101976711081144700e-03,1.955213431309443806e-03,-1.146763279771700894e-03
3.160566113007138855e-01,3.150292511181191912e-01,-1.027360182594694304e-03,-3.082080547784082913e-03,1.989616329706178632e-03,-1.092464218077904281e-03
3.160498699998597338e-01,3.150292511181191912e-01,-1.020618881740542605e-03,-3.061856645221627815e-03,2.022390256245509832e-03,-1.039466388976117983e-03
3.160430247523666747e-01,3.150292511181191912e-01,-1.013773634247483457e-03,-3.041320902742450372e-03,2.053574247917744344e-03,-9.877466548247060274e-04
3.160360807302081687e-01,3.150292511181191912e-01,-1.006829612088977477e-03,-3.020488836266932431e-03,2.083206647551794077e-03,-9.372821887151383535e-04
3.160290429798307543e-01,3.150292511181191912e-01,-9.997918617115630902e-04,-2.999375585134689270e-03,2.111325113224316041e-03,-8.880504719103732292e-04
3.160219164244061907e-01,3.150292511181191912e-01,-9.926653062869994493e-04,-2.977995918860998348e-03,2.137966627369092265e-03,-8.400292914919060827e-04
3.160147058660524588e-01,3.150292511181191912e-01,-9.854547479332675941e-04,-2.956364243799802782e-03,2.163167506119556549e-03,-7.931967376802462333e-04
3.160074159880249534e-01,3.150292511181191912e-01,-9.781648699057621243e-04,-2.934494609717286373e-03,2.186963408251640928e-03,-7.475312014656454451e-04
3.160000513568773095e-01,3.150292511181191912e-01,-9.708002387581182724e-04,-2.912400716274354817e-03,2.209389344293155588e-03,-7.030113719811992290e-04
3.159926164245924762e-01,3.150292511181191912e-01,-9.633653064732849991e-04,-2.890095919419854997e-03,2.230479685449981986e-03,-6.596162339698730115e-04
3.159851155306842574e-01,3.150292511181191912e-01,-9.558644125650661572e-04,-2.867593237695198471e-03,2.250268172465652583e-03,-6.173250652295458885e-04
3.159775529042694875e-01,3.150292511181191912e-01,-9.483017861502962553e-04,-2.844905358450888766e-03,2.268787924430970548e-03,-5.761174340199182176e-04
3.159699326661113417e-01,3.150292511181191912e-01,-9.406815479921504242e-04,-2.822044643976451272e-03,2.286071447443749349e-03,-5.359731965327019232e-04
3.159622588306335023e-01,3.150292511181191912e-01,-9.330077125143110273e-04,-2.799023137542933082e-03,2.302150643351819070e-03,-4.968724941911140114e-04
3.159545353079062369e-01,3.150292511181191912e-01,-9.252841897870456300e-04,-2.775852569361136890e-03,2.317056818179619171e-03,-4.587957511815177192e-04
3.159467659056038880e-01,3.150292511181191912e-01,-9.175147874846967255e-04,-2.752544362454090177e-03,2.330820690704671350e-03,-4.217236717494188269e-04
3.159389543309343296e-01,3.150292511181191912e-01,-9.097032128151383290e-04,-2.729109638445414987e-03,2.343472400867518957e-03,-3.856372375778960304e-04
3.159311041925410568e-01,3.150292511181191912e-01,-9.018530744218655748e-04,-2.705559223265596724e-03,2.355041517981826260e-03,-3.505177052837704643e-04
3.159232190023772424e-01,3.150292511181191912e-01,-8.939678842580511819e-04,-2.681903652774153546e-03,2.365557049144317858e-03,-3.163466036298356876e-04
3.159153021775530368e-01,3.150292511181191912e-01,-8.860510594338455448e-04,-2.658153178301536634e-03,2.375047447261691147e-03,-2.831057310398454874e-04
3.159073570421557786e-01,3.150292511181191912e-01,-8.781059240365873819e-04,-2.634317772109762146e-03,2.383540619177448860e-03,-2.507771529323132853e-04
3.158993868290432272e-01,3.150292511181191912e-01,-8.701357109240359655e-04,-2.610407132772107897e-03,2.391063933765424920e-03,-2.193431990066829762e-04
3.158913946816107599e-01,3.150292511181191912e-01,-8.621435634915686208e-04,-2.586430690474705862e-03,2.397644229740203414e-03,-1.887864607345024481e-04
3.158833836555322017e-01,3.150292511181191912e-01,-8.541325374130104287e-04,-2.562397612239031286e-03,2.403307823567457646e-03,-1.590897886715736398e-04
3.158753567204747870e-01,3.150292511181191912e-01,-8.461056023555957317e-04,-2.538316807066787195e-03,2.408080517224409078e-03,-1.302362898423781168e-04
3.158673167617883637e-01,3.150292511181191912e-01,-8.380656436691724664e-04,-2.514196931007517399e-03,2.411987605926979583e-03,-1.022093250805378162e-04
3.158592665821694512e-01,3.150292511181191912e-01,-8.300154640502599435e-04,-2.490046392150779830e-03,2.415053885673756895e-03,-7.499250647702293548e-05
3.158512089032998738e-01,3.150292511181191912e-01,-8.219577851806825208e-04,-2.465873355542047562e-03,2.417303660873226789e-03,-4.856969466882077313e-05
3.158431463674608586e-01,3.150292511181191912e-01,-8.138952493416673484e-04,-2.441685748025002045e-03,2.418760751704551737e-03,-2.292499632045030822e-05
3.158350815391222088e-01,3.150292511181191912e-01,-8.058304210030176051e-04,-2.417491263009052815e-03,2.419448501594922973e-03,1.957238585870157976e-06
3.158270169065073851e-01,3.150292511181191912e-01,-7.977657883881938972e-04,-2.393297365164581691e-03,2.419389784447112390e-03,2.609241928253069887e-05
3.158189548831344950e-01,3.150292511181191912e-01,-7.897037650153038157e-04,-2.369111295045911447e-03,2.418607011867024426e-03,4.949571682111297832e-05
3.158108978093333019e-01,3.150292511181191912e-01,-7.816466912141106782e-04,-2.344940073642332035e-03,2.417122140357941262e-03,7.218206671560922771e-05
3.158028479537388078e-01,3.150292511181191912e-01,-7.735968356196165630e-04,-2.320790506858849689e-03,2.414956678348234576e-03,9.416617148938488668e-05
3.157948075147614664e-01,3.150292511181191912e-01,-7.655563966422751498e-04,-2.296669189926825450e-03,2.412131693202423932e-03,1.154625032755984826e-04
3.157867786220344142e-01,3.150292511181191912e-01,-7.575275039152229439e-04,-2.272582511745668832e-03,2.408667818115661774e-03,1.360853063699929422e-04
3.157787633378379977e-01,3.150292511181191912e-01,-7.495122197188064384e-04,-2.248536659156419315e-03,2.404585258924951674e-03,1.560485997685323589e-04
3.157707636585015964e-01,3.150292511181191912e-01,-7.415125403824052164e-04,-2.224537621147215649e-03,2.399903800920366592e-03,1.753661797731509431e-04
3.157627815157831308e-01,3.150292511181191912e-01,-7.335303976639395707e-04,-2.200591192991818712e-03,2.394642815539693714e-03,1.940516225478750023e-04
3.157548187782269200e-01,3.150292511181191912e-01,-7.255676601077287735e-04,-2.176702980323186321e-03,2.388821266863239146e-03,2.121182865400528250e-04
3.157468772524993916e-01,3.150292511181191912e-01,-7.176261343802003978e-04,-2.152878403140601193e-03,2.382457718258512713e-03,2.295793151179115199e-04
3.157389586847033636e-01,3.150292511181191912e-01,-7.097075665841723335e-04,-2.129122699752517001e-03,2.375570338808419280e-03,2.464476390559022789e-04
3.157310647616712318e-01,3.150292511181191912e-01,-7.018136435520405669e-04,-2.105440930656121701e-03,2.368176909639529981e-03,2.627359789834082804e-04
3.157231971122370084e-01,3.150292511181191912e-01,-6.939459941178172109e-04,-2.081837982353451633e-03,2.360294830267006816e-03,2.784568479135551833e-04
3.157153573084875986e-01,3.150292511181191912e-01,-6.861061903684073648e-04,-2.058318571105222095e-03,2.351941124822953810e-03,2.936225537177317158e-04
3.157075468669935381e-01,3.150292511181191912e-01,-6.782957488743468488e-04,-2.034887246623040546e-03,2.343132448218154806e-03,3.082452015951142599e-04
3.156997672500196361e-01,3.150292511181191912e-01,-6.705161319004449005e-04,-2.011548395701334702e-03,2.333885092170584485e-03,3.223366964692497838e-04
3.156920198667153565e-01,3.150292511181191912e-01,-6.627687485961653024e-04,-1.988306245788495907e-03,2.324214991283879428e-03,3.359087454953835206e-04
3.156843060742856588e-01,3.150292511181191912e-01,-6.550549561664675835e-04,-1.965164868499402751e-03,2.314137728909315683e-03,3.489728604099129328e-04
3.156766271791419665e-01,3.150292511181191912e-01,-6.473760610227752288e-04,-1.942128183068325686e-03,2.303668543107706412e-03,3.615403600393807260e-04
3.156689844380343168e-01,3.150292511181191912e-01,-6.397333199151256089e-04,-1.919199959745376827e-03,2.292822332294885967e-03,3.736223725495091408e-04
3.156613790591639157e-01,3.150292511181191912e-01,-6.321279410447244729e-04,-1.896383823134173419e-03,2.281613661120340808e-03,3.852298379861673894e-04
3.156538122032773175e-01,3.150292511181191912e-01,-6.245610851581262501e-04,-1.873683255474378750e-03,2.270056765979466817e-03,3.963735105050880669e-04
3.156462849847417873e-01,3.150292511181191912e-01,-6.170338666225960722e-04,-1.851101599867788217e-03,2.258165560659053384e-03,4.070639607912651670e-04
3.156387984726022888e-01,3.150292511181191912e-01,-6.095473544830976032e-04,-1.828642063449292809e-03,2.245953641849540716e-03,4.173115784002479067e-04
3.156313536916206530e-01,3.150292511181191912e-01,-6.021025735014617908e-04,-1.806307720504385372e-03,2.233434294490743710e-03,4.271265739863583377e-04
3.156239516232964282e-01,3.150292511181191912e-01,-5.947005051772369377e-04,-1.784101515531710813e-03,2.220620497267455917e-03,4.365189817357451041e-04
3.156165932068703550e-01,3.150292511181191912e-01,-5.873420887511637822e-04,-1.762026266253491347e-03,2.207524927821946648e-03,4.454986615684553009e-04
3.156092793403104668e-01,3.150292511181191912e-01,-5.800282221912755887e-04,-1.740084666573826766e-03,2.194159967966458069e-03,4.540753013926313031e-04
3.156020108812807035e-01,3.150292511181191912e-01,-5.727597631615122253e-04,-1.718279289484536676e-03,2.180537708929009000e-03,4.622584194444723238e-04
3.155947886480928721e-01,3.150292511181191912e-01,-5.655375299736808969e-04,-1.696612589921042691e-03,2.166669956349398518e-03,4.700573664283558273e-04
3.155876134206416772e-01,3.150292511181191912e-01,-5.583623025224859759e-04,-1.675086907567457928e-03,2.152568235358476301e-03,4.774813277910183729e-04
3.155804859413232633e-01,3.150292511181191912e-01,-5.512348232040720220e-04,-1.653704469612216066e-03,2.138243795524186197e-03,4.845393259119701312e-04
3.155734069159374378e-01,3.150292511181191912e-01,-5.441557978182465227e-04,-1.632467393454739568e-03,2.123707615747649768e-03,4.912402222929102003e-04
3.155663770145738511e-01,3.150292511181191912e-01,-5.371258964546599124e-04,-1.611377689363979737e-03,2.108970409075983099e-03,4.975927197120033618e-04
3.155593968724822451e-01,3.150292511181191912e-01,-5.301457543630538893e-04,-1.590437263089161668e-03,2.094042627481806917e-03,5.036053643926452494e-04
3.155524670909270468e-01,3.150292511181191912e-01,-5.232159728078555894e-04,-1.569647918423566768e-03,2.078934466559489991e-03,5.092865481359232227e-04
3.155455882380266974e-01,3.150292511181191912e-01,-5.163371199075061924e-04,-1.549011359722518577e-03,2.063655870104819101e-03,5.146445103823005240e-04
3.155387608495773821e-01,3.150292511181191912e-01,-5.095097314581908954e-04,-1.528529194374572686e-03,2.048216534794589094e-03,5.196873404200164082e-04
3.155319854298621052e-01,3.150292511181191912e-01,-5.027343117429139419e-04,-1.508202935228741826e-03,2.032625914583086058e-03,5.244229793543442320e-04
3.155252624524447769e-01,3.150292511181191912e-01,-4.960113343255856400e-04,-1.488034002976756920e-03,2.016893225198490569e-03,5.288592222217336491e-04
3.155185923609496457e-01,3.150292511181191912e-01,-4.893412428304544370e-04,-1.468023728491363311e-03,2.001027448539360876e-03,5.330037200479975645e-04
3.155119755698265194e-01,3.150292511181191912e-01,-4.827244517073281393e-04,-1.448173355121984418e-03,1.985037336937889307e-03,5.368639818159048893e-04
3.155054124651016090e-01,3.150292511181191912e-01,-4.761613469824177436e-04,-1.428484040947253231e-03,1.968931417473118728e-03,5.404473765258654971e-04
3.154989034051143282e-01,3.150292511181191912e-01,-4.696522869951369472e-04,-1.408956860985410842e-03,1.952717996184238913e-03,5.437611351988280717e-04
3.154924487212405482e-01,3.150292511181191912e-01,-4.631976031213569378e-04,-1.389592809364070813e-03,1.936405162134002822e-03,5.468123527699320086e-04
3.154860487186020856e-01,3.150292511181191912e-01,-4.567976004828944170e-04,-1.370392801448683251e-03,1.920000791538756246e-03,5.496079900900729953e-04
3.154797036767625906e-01,3.150292511181191912e-01,-4.504525586433993922e-04,-1.351357675930198177e-03,1.903512551848507428e-03,5.521548759183092514e-04
3.154734138504107221e-01,3.150292511181191912e-01,-4.441627322915309151e-04,-1.332488196874592745e-03,1.886947905560543148e-03,5.544597086859504032e-04
3.154671794700297238e-01,3.150292511181191912e-01,-4.379283519105325873e-04,-1.313785055731597762e-03,1.870314114299498343e-03,5.565290585679005808e-04
3.154610007425545648e-01,3.150292511181191912e-01,-4.317496244353735690e-04,-1.295248873306120707e-03,1.853618242547705464e-03,5.583693692415847565e-04
3.154548778520163133e-01,3.150292511181191912e-01,-4.256267338971220227e-04,-1.276880201691366068e-03,1.836867161475463917e-03,5.599869597840978486e-04
3.154488109601740753e-01,3.150292511181191912e-01,-4.195598420548840579e-04,-1.258679526164652174e-03,1.820067552671389421e-03,5.613880265067372477e-04
3.154428002071344439e-01,3.150292511181191912e-01,-4.135490890152526688e-04,-1.240647267045758007e-03,1.803225911889416722e-03,5.625786448436587150e-04
3.154368457119593461e-01,3.150292511181191912e-01,-4.075945938401548396e-04,-1.222783781520464519e-03,1.786348552529348765e-03,5.635647710088842466e-04
3.154309475732613444e-01,3.150292511181191912e-01,-4.016964551421531304e-04,-1.205089365426459391e-03,1.769441609400512760e-03,5.643522439740533692e-04
3.154251058697877252e-01,3.150292511181191912e-01,-3.958547516685340106e-04,-1.187564255005602032e-03,1.752511042085735937e-03,5.649467870801339053e-04
3.154193206609928191e-01,3.150292511181191912e-01,-3.900695428736278281e-04,-1.170208628620883484e-03,1.735562638471854768e-03,5.653540098509712841e-04
3.154135919875988847e-01,3.150292511181191912e-01,-3.843408694796934810e-04,-1.153022608439080443e-03,1.718602018180304114e-03,5.655794097412236709e-04
3.154079198721459476e-01,3.150292511181191912e-01,-3.786687540267563712e-04,-1.136006262080269114e-03,1.701634635881132951e-03,5.656283738008638373e-04
3.154023043195303688e-01,3.150292511181191912e-01,-3.730532014111775929e-04,-1.119159604233532779e-03,1.684665784673633482e-03,5.655061804401007031e-04
3.153967453175328117e-01,3.150292511181191912e-01,-3.674941994136204926e-04,-1.102482598240861478e-03,1.667700599267130102e-03,5.652180010262686238e-04
3.153912428373353838e-01,3.150292511181191912e-01,-3.619917192161925534e-04,-1.085975157648577660e-03,1.650744059228381744e-03,5.647689015798040835e-04
3.153857968340281204e-01,3.150292511181191912e-01,-3.565457159089291395e-04,-1.069637147726787418e-03,1.633800992179024192e-03,5.641638444522367735e-04
3.153804072471053099e-01,3.150292511181191912e-01,-3.511561289861186985e-04,-1.053468386958356096e-03,1.616876076843132282e-03,5.634076898847761861e-04
3.153750740009514941e-01,3.150292511181191912e-01,-3.458228828323028914e-04,-1.037468648496908674e-03,1.599973846144742140e-03,5.625051976478334659e-04
3.153697970053174204e-01,3.150292511181191912e-01,-3.405458871982292024e-04,-1.021637661594687607e-03,1.583098690222106697e-03,5.614610286274190898e-04
3.153645761557862248e-01,3.150292511181191912e-01,-3.353250376670335875e-04,-1.005975113001100762e-03,1.566254859358684470e-03,5.602797463575837078e-04
3.153594113342296779e-01,3.150292511181191912e-01,-3.301602161104866262e-04,-9.904806483314598786e-04,1.549446466964088387e-03,5.589658186326285083e-04
3.153543024092549940e-01,3.150292511181191912e-01,-3.250512911358027779e-04,-9.751538734074083337e-04,1.532677492405154496e-03,5.575236189977461621e-04
3.153492492366422040e-01,6.216997890420239425e-01,3.063505398053817386e-01,9.190516194161452157e-01,0.000000000000000000e+00,9.190516194161452157e-01
3.154361012259709884e-01,6.216997890420239425e-01,3.062636878160529541e-01,9.187910634481588623e-01,-2.605559679863533873e-02,8.927354666495235236e-01
3.156122267619647648e-01,6.216997890420239425e-01,3.060875622800591778e-01,9.182626868401775333e-01,-5.283766079813290162e-02,8.654250260420446317e-01
3.158748948005627444e-01,6.216997890420239425e-01,3.058248942414611982e-01,9.174746827243835945e-01,-7.880041157939388086e-02,8.386742711449897136e-01
3.162214302662751941e-01,6.216997890420239425e-01,3.054783587757487484e-01,9.164350763272461897e-01,-1.039606397137349258e-01,8.124744366135112639e-01
3.166492131756489803e-01,6.216997890420239425e-01,3.050505758663749623e-01,9.151517275991248868e-01,-1.283348728121358473e-01,7.868168547869890395e-01
3.171556777705014651e-01,6.216997890420239425e-01,3.045441112715224774e-01,9.136323338145674322e-01,-1.519393784557454552e-01,7.616929553588219770e-01
3.177383116608898384e-01,6.216997890420239425e-01,3.039614773811341042e-01,9.118844321434023126e-01,-1.747901671165119630e-01,7.370942650268903495e-01
3.183946549777809110e-01,6.216997890420239425e-01,3.033051340642430316e-01,9.099154021927291502e-01,-1.969029950673217844e-01,7.130124071254073659e-01
3.191222995353845127e-01,6.216997890420239425e-01,3.025774895066394299e-01,9.077324685199182897e-01,-2.182933672810805081e-01,6.894391012388377815e-01
3.199188880031120230e-01,6.216997890420239425e-01,3.017809010389119195e-01,9.053427031167358141e-01,-2.389765403182531056e-01,6.663661627984827085e-01
3.207821130871194026e-01,6.216997890420239425e-01,3.009176759549045399e-01,9.027530278647135642e-01,-2.589675252022138885e-01,6.437855026624996757e-01
3.217097167213929798e-01,6.216997890420239425e-01,2.999900723206309627e-01,8.999702169618928327e-01,-2.782810902820731513e-01,6.216891266798196813e-01
3.226994892683345828e-01,6.216997890420239425e-01,2.990002997736893597e-01,8.970008993210680792e-01,-2.969317640824808979e-01,6.000691352385871813e-01
3.237492687288000548e-01,6.216997890420239425e-01,2.979505203132238877e-01,8.938515609396716632e-01,-3.149338381396415976e-01,5.789177228000300657e-01
3.248569399615455211e-01,6.216997890420239425e-01,2.968428490804784214e-01,8.905285472414352643e-01,-3.323013698236398916e-01,5.582271774177953727e-01
3.260204339120327255e-01,6.216997890420239425e-01,2.956793551299912171e-01,8.870380653899736512e-01,-3.490481851461613161e-01,5.379898802438123351e-01
3.272377268505443082e-01,6.216997890420239425e-01,2.944620621914796343e-01,8.833861865744389030e-01,-3.651878815534748135e-01,5.181983050209640895e-01
3.285068396195580109e-01,6.216997890420239425e-01,2.931929494224659316e-01,8.795788482673978503e-01,-3.807338307041108205e-01,4.988450175632870298e-01
3.298258368903280169e-01,6.216997890420239425e-01,2.918739521516959257e-01,8.756218564550877215e-01,-3.956991812310017842e-01,4.799226752240859373e-01
3.311928264286204682e-01,6.216997890420239425e-01,2.905069626134034744e-01,8.715208878402104231e-01,-4.100968614877353868e-01,4.614240263524750363e-01
3.326059583695481492e-01,6.216997890420239425e-01,2.890938306724757934e-01,8.672814920174274356e-01,-4.239395822783043055e-01,4.433419097391231301e-01
3.340634245014497683e-01,6.216997890420239425e-01,2.876363645405741742e-01,8.629090936217225227e-01,-4.372398395704857332e-01,4.256692540512367895e-01
3.355634575587564949e-01,6.216997890420239425e-01,2.861363314832674476e-01,8.584089944498023428e-01,-4.500099171920179941e-01,4.083990772577843487e-01
3.371043305237890197e-01,6.216997890420239425e-01,2.845954585182349228e-01,8.537863755547048239e-01,-4.622618895097574399e-01,3.915244860449473840e-01
3.386843559374260182e-01,6.216997890420239425e-01,2.830154331045979244e-01,8.490462993137937175e-01,-4.740076240910995331e-01,3.750386752226941844e-01
3.403018852185852872e-01,6.216997890420239425e-01,2.813979038234386554e-01,8.441937114703159661e-01,-4.852587843477806917e-01,3.589349271225352744e-01
3.419553079924568251e-01,6.216997890420239425e-01,2.797444810495671175e-01,8.392334431487014079e-01,-4.960268321614613729e-01,3.432066109872400350e-01
3.436430514274270709e-01,6.216997890420239425e-01,2.780567376145968717e-01,8.341702128437906705e-01,-5.063230304910737445e-01,3.278471823527169260e-01
3.453635795806325737e-01,6.216997890420239425e-01,2.763362094613913689e-01,8.290086283841741066e-01,-5.161584459616508358e-01,3.128501824225232708e-01
3.471153927520803650e-01,6.216997890420239425e-01,2.745843962899435775e-01,8.237531888698307325e-01,-5.255439514343374086e-01,2.982092374354933240e-01
3.488970268472716962e-01,6.216997890420239425e-01,2.728027621947522463e-01,8.184082865842567944e-01,-5.344902285573993606e-01,2.839180580268574339e-01
3.507070527482656908e-01,6.216997890420239425e-01,2.709927362937582518e-01,8.129782088812746998e-01,-5.430077702981983556e-01,2.699704385830763442e-01
3.525440756931180197e-01,6.216997890420239425e-01,2.691557133489059228e-01,8.074671400467177129e-01,-5.511068834556986928e-01,2.563602565910190201e-01
3.544067346636294302e-01,6.216997890420239425e-01,2.672930543783945123e-01,8.018791631351835925e-01,-5.587976911534231483e-01,2.430814719817604441e-01
3.562937017813390117e-01,6.216997890420239425e-01,2.654060872606849308e-01,7.962182617820547925e-01,-5.660901353128744429e-01,2.301281264691803496e-01
3.582036817116955318e-01,6.216997890420239425e-01,2.634961073303284107e-01,7.904883219909852876e-01,-5.729939791069560417e-01,2.174943428840292459e-01
3.601354110763404504e-01,6.216997890420239425e-01,2.615643779656834922e-01,7.846931338970504211e-01,-5.795188093934755535e-01,2.051743245035748675e-01
3.620876578734357198e-01,6.216997890420239425e-01,2.596121311685882227e-01,7.788363935057647236e-01,-5.856740391285808478e-01,1.931623543771838758e-01
3.640592209059687057e-01,6.216997890420239425e-01,2.576405681360552369e-01,7.729217044081657662e-01,-5.914689097598957446e-01,1.814527946482700216e-01
3.660489292179665011e-01,6.216997890420239425e-01,2.556508598240574415e-01,7.669525794721723244e-01,-5.969124935993386227e-01,1.700400858728337017e-01
3.680556415385515812e-01,6.216997890420239425e-01,2.536441475034723614e-01,7.609324425104171397e-01,-6.020136961755240268e-01,1.589187463348931129e-01
3.700782457337701836e-01,6.216997890420239425e-01,2.516215433082537589e-01,7.548646299247612212e-01,-6.067812585655807389e-01,1.480833713591804823e-01
3.721156582661246937e-01,6.216997890420239425e-01,2.495841307758992489e-01,7.487523923276977467e-01,-6.112237597063530092e-01,1.375286326213447374e-01
3.741668236617413101e-01,6.216997890420239425e-01,2.475329653802826324e-01,7.425988961408478417e-01,-6.153496186849849447e-01,1.272492774558628970e-01
3.762307139851035487e-01,6.216997890420239425e-01,2.454690750569203939e-01,7.364072251707611816e-01,-6.191670970086715631e-01,1.172401281620896185e-01
3.783063283212819705e-01,6.216997890420239425e-01,2.433934607207419720e-01,7.301803821622259161e-01,-6.226843008535265511e-01,1.074960813086993650e-01
3.803926922655912479e-01,6.216997890420239425e-01,2.413070967764326946e-01,7.239212903292980839e-01,-6.259091832927832222e-01,9.801210703651486167e-02
3.824888574206041780e-01,6.216997890420239425e-01,2.392109316214197645e-01,7.176327948642593491e-01,-6.288495465038790311e-01,8.878324836038031798e-02
3.845939009004531450e-01,6.216997890420239425e-01,2.371058881415707975e-01,7.113176644247123370e-01,-6.315130439546901009e-01,7.980462047002223613e-02
3.867069248423491423e-01,6.216997890420239425e-01,2.349928641996748002e-01,7.049785925990244007e-01,-6.339071825687991879e-01,7.107141003022521275e-02
3.888270559252481329e-01,6.216997890420239425e-01,2.328727331167758097e-01,6.986181993503274290e-01,-6.360393248696971646e-01,6.257887448063026437e-02
3.909534448955951924e-01,6.216997890420239425e-01,2.307463441464287501e-01,6.922390324392861949e-01,-6.379166911041178611e-01,5.432234133516833374e-02
3.930852661000757697e-01,6.216997890420239425e-01,2.286145229419481728e-01,6.858435688258445184e-01,-6.395463613441731976e-01,4.629720748167132083e-02
3.952217170253045087e-01,6.216997890420239425e-01,2.264780720167194339e-01,6.794342160501583017e-01,-6.409352775686216752e-01,3.849893848153662645e-02
3.973620178443814099e-01,6.216997890420239425e-01,2.243377711976425326e-01,6.730133135929275978e-01,-6.420902457230703853e-01,3.092306786985721256e-02
3.995054109702453338e-01,6.216997890420239425e-01,2.221943780717786088e-01,6.665831342153358818e-01,-6.430179377591771495e-01,2.356519645615873237e-02
4.016511606157548431e-01,6.216997890420239425e-01,2.200486284262690995e-01,6.601458852788073539e-01,-6.437248936528527921e-01,1.642099162595456185e-02
4.037985523604269433e-01,6.216997890420239425e-01,2.179012366815969992e-01,6.537037100447909976e-01,-6.442175234016300767e-01,9.486186643160920973e-03
4.059468927237633862e-01,6.216997890420239425e-01,2.157528963182605564e-01,6.472586889547816691e-01,-6.445021090009328546e-01,2.756579953848814490e-03
4.080955087450952035e-01,6.216997890420239425e-01,2.136042802969287391e-01,6.408128408907862728e-01,-6.445848063995451849e-01,-3.771965508758912122e-03
4.102437475698761382e-01,6.216997890420239425e-01,2.114560414721478043e-01,6.343681244164434130e-01,-6.444716474342804258e-01,-1.010352301783701279e-02
4.123909760423553061e-01,6.216997890420239425e-01,2.093088129996686364e-01,6.279264389990059092e-01,-6.441685417437503780e-01,-1.624210274474446880e-02
4.145365803045599762e-01,6.216997890420239425e-01,2.071632087374639664e-01,6.214896262123918991e-01,-6.436812786614010129e-01,-2.219165244900911382e-02
4.166799654015197474e-01,6.216997890420239425e-01,2.050198236405041952e-01,6.150594709215125855e-01,-6.430155290879313590e-01,-2.795605816641877350e-02
4.188205548926628996e-01,6.216997890420239425e-01,2.028792341493610429e-01,6.086377024480831288e-01,-6.421768473429456670e-01,-3.353914489486253814e-02
4.209577904693165284e-01,6.216997890420239425e-01,2.007419985727074141e-01,6.022259957181221868e-01,-6.411706729960886531e-01,-3.894467727796646628e-02
4.230911315782424076e-01,6.216997890420239425e-01,1.986086574637815350e-01,5.958259723913446049e-01,-6.400023326777637411e-01,-4.417636028641913626e-02
4.252200550511396338e-01,6.216997890420239425e-01,1.964797339908843088e-01,5.894392019726528709e-01,-6.386770418691678497e-01,-4.923783989651497883e-02
4.273440547400472189e-01,6.216997890420239425e-01,1.943557343019767236e-01,5.830672029059301709e-01,-6.371999066722755511e-01,-5.413270376634538028e-02
4.294626411585781289e-01,6.216997890420239425e-01,1.922371478834458136e-01,5.767114436503374408e-01,-6.355759255592730028e-01,-5.886448190893556198e-02
4.315753411289181551e-01,6.216997890420239425e-01,1.901244479131057874e-01,5.703733437393173622e-01,-6.338099911020078636e-01,-6.343664736269050142e-02
4.336816974345218956e-01,6.216997890420239425e-01,1.880180916075020470e-01,5.640542748225061409e-01,-6.319068916811221293e-01,-6.785261685861598835e-02
4.357812684784397872e-01,6.216997890420239425e-01,1.859185205635841553e-01,5.577555616907524660e-01,-6.298713131753674865e-01,-7.211575148461502049e-02
4.378736279472092430e-01,6.216997890420239425e-01,1.838261610948146996e-01,5.514784832844441542e-01,-6.277078406308367331e-01,-7.622935734639257888e-02
4.399583644802440574e-01,6.216997890420239425e-01,1.817414245617798851e-01,5.452242736853396554e-01,-6.254209599104443296e-01,-8.019668622510467415e-02
4.420350813446563554e-01,6.216997890420239425e-01,1.796647076973675872e-01,5.389941230921027060e-01,-6.230150593236893908e-01,-8.402093623158668478e-02
4.441033961154454701e-01,6.216997890420239425e-01,1.775963929265784724e-01,5.327891787797354173e-01,-6.204944312367344228e-01,-8.770525245699900552e-02
4.461629403609889133e-01,6.216997890420239425e-01,1.755368486810350293e-01,5.266105460431050878e-01,-6.178632736630329525e-01,-9.125272761992786474e-02
4.482133593337703781e-01,6.216997890420239425e-01,1.734864297082535645e-01,5.204592891247606934e-01,-6.151256918344394364e-01,-9.466640270967874304e-02
4.502543116662808265e-01,6.216997890420239425e-01,1.714454773757431161e-01,5.143364321272293482e-01,-6.122856997531345158e-01,-9.794926762590516756e-02
4.522854690720287119e-01,6.216997890420239425e-01,1.694143199699952307e-01,5.082429599099856921e-01,-6.093472217243656175e-01,-1.011042618143799254e-01
4.543065160515951662e-01,6.216997890420239425e-01,1.673932729904287764e-01,5.021798189712862737e-01,-6.063140938699362881e-01,-1.041342748986500144e-01
4.563171496036717567e-01,6.216997890420239425e-01,1.653826394383521858e-01,4.961479183150565575e-01,-6.031900656229771673e-01,-1.070421473079206098e-01
4.583170789410175305e-01,6.216997890420239425e-01,1.633827101010064120e-01,4.901481303030192360e-01,-5.999788012037321483e-01,-1.098306709007129123e-01
4.603060252112732287e-01,6.216997890420239425e-01,1.613937638307507139e-01,4.841812914922521416e-01,-5.966838810767094436e-01,-1.125025895844573021e-01
4.622837212225704984e-01,6.216997890420239425e-01,1.594160678194534442e-01,4.782482034583603325e-01,-5.933088033891809054e-01,-1.150605999308205729e-01
4.642499111738747075e-01,6.216997890420239425e-01,1.574498778681492350e-01,4.723496336044477051e-01,-5.898569853912627448e-01,-1.175073517868150397e-01
4.662043503900001884e-01,6.216997890420239425e-01,1.554954386520237541e-01,4.664863159560712624e-01,-5.863317648376442648e-01,-1.198454488815730024e-01
4.681468050612375142e-01,6.216997890420239425e-01,1.535529839807864283e-01,4.606589519423592849e-01,-5.827364013711977542e-01,-1.220774494288384693e-01
4.700770519875319686e-01,6.216997890420239425e-01,1.516227370544919739e-01,4.548682111634759218e-01,-5.790740778883363138e-01,-1.242058667248603920e-01
4.719948783271539772e-01,6.216997890420239425e-01,1.497049107148699654e-01,4.491147321446098961e-01,-5.753479018866025640e-01,-1.262331697419926679e-01
4.739000813498017717e-01,6.216997890420239425e-01,1.477997076922221709e-01,4.433991230766665126e-01,-5.715609067943383526e-01,-1.281617837176718400e-01
4.757924681940777778e-01,6.216997890420239425e-01,1.459073208479461647e-01,4.377219625438384942e-01,-5.677160532828018358e-01,-1.299940907389633415e-01
4.776718556292798845e-01,6.216997890420239425e-01,1.440279334127440580e-01,4.320838002382321741e-01,-5.638162305606320146e-01,-1.317324303223998405e-01
4.795380698214497528e-01,6.216997890420239425e-01,1.421617192205741897e-01,4.264851576617225692e-01,-5.598642576509604840e-01,-1.333790999892379148e-01
4.813909461036207094e-01,6.216997890420239425e-01,1.403088429384032332e-01,4.209265288152096995e-01,-5.558628846512869703e-01,-1.349363558360772708e-01
4.832303287502080491e-01,6.216997890420239425e-01,1.384694602918158934e-01,4.154083808754476803e-01,-5.518147939762019227e-01,-1.364064131007542424e-01
4.850560707554853468e-01,6.216997890420239425e-01,1.366437182865385958e-01,4.099311548596157873e-01,-5.477226015831893058e-01,-1.377914467235735185e-01
4.868680336160902677e-01,6.216997890420239425e-01,1.348317554259336748e-01,4.044952662778010244e-01,-5.435888581814762865e-01,-1.390935919036752622e-01
4.886660871175048104e-01,6.216997890420239425e-01,1.330337019245191321e-01,3.991011057735573964e-01,-5.394160504243628029e-01,-1.403149446508054066e-01
4.904501091244543032e-01,6.216997890420239425e-01,1.312496799175696394e-01,3.937490397527089181e-01,-5.352066020848478267e-01,-1.414575623321389086e-01
4.922199853751705323e-01,6.216997890420239425e-01,1.294798036668534102e-01,3.884394110005602307e-01,-5.309628752148687347e-01,-1.425234642143085040e-01
4.939756092794653775e-01,6.216997890420239425e-01,1.277241797625585651e-01,3.831725392876756953e-01,-5.266871712884535484e-01,-1.435146320007778531e-01
4.957168817205601097e-01,6.216997890420239425e-01,1.259829073214638329e-01,3.779487219643914986e-01,-5.223817323284196679e-01,-1.444330103640281693e-01
4.974437108606184488e-01,6.216997890420239425e-01,1.242560781814054938e-01,3.727682345442164813e-01,-5.180487420175017288e-01,-1.452805074732852475e-01
4.991560119499294790e-01,6.216997890420239425e-01,1.225437770920944636e-01,3.676313312762833907e-01,-5.136903267933090600e-01,-1.460589955170256693e-01
5.008537071396887974e-01,6.216997890420239425e-01,1.208460819023351451e-01,3.625382457070054354e-01,-5.093085569277955305e-01,-1.467703112207900951e-01
5.025367252983260480e-01,6.216997890420239425e-01,1.191630637436978946e-01,3.574891912310936837e-01,-5.049054475911751716e-01,-1.474162563600814879e-01
5.042050018313272153e-01,6.216997890420239425e-01,1.174947872106967273e-01,3.524843616320901818e-01,-5.004829599003501883e-01,-1.479985982682600065e-01
5.058584785045016075e-01,6.216997890420239425e-01,1.158413105375223351e-01,3.475239316125670053e-01,-4.960430019523176526e-01,-1.485190703397506473e-01
5.074971032706420138e-01,6.216997890420239425e-01,1.142026857713819288e-01,3.426080573141457863e-01,-4.915874298421218924e-01,-1.489793725279761061e-01
5.091208300995296865e-01,6.216997890420239425e-01,1.125789589424942561e-01,3.377368768274827682e-01,-4.871180486663018172e-01,-1.493811718388190490e-01
5.107296188112334656e-01,6.216997890420239425e-01,1.109701702307904769e-01,3.329105106923714308e-01,-4.826366135111337385e-01,-1.497261028187623078e-01
5.123234349126553067e-01,6.216997890420239425e-01,1.093763541293686359e-01,3.281290623881059076e-01,-4.781448304265523142e-01,-1.500157680384464065e-01
5.139022494372733618e-01,6.216997890420239425e-01,1.077975396047505807e-01,3.233926188142517422e-01,-4.736443573854165479e-01,-1.502517385711648057e-01
5.154660387880343198e-01,6.216997890420239425e-01,1.062337502539896228e-01,3.187012507619688684e-01,-4.691368052282873791e-01,-1.504355544663185107e-01
5.170147845833485967e-01,6.216997890420239425e-01,1.046850044586753459e-01,3.140550133760260376e-01,-4.646237385942830755e-01,-1.505687252182570379e-01
5.185484735061410833e-01,6.216997890420239425e-01,1.031513155358828593e-01,3.094539466076485779e-01,-4.601066768377459759e-01,-1.506527302300973981e-01
5.200670971559104849e-01,6.216997890420239425e-01,1.016326918861134576e-01,3.048980756583403728e-01,-4.555870949308205020e-01,-1.506890192724801292e-01
5.215706519037526245e-01,6.216997890420239425e-01,1.001291371382713180e-01,3.003874114148139540e-01,-4.510664243526418815e-01,-1.506790129378279275e-01
5.230591387503010781e-01,6.216997890420239425e-01,9.864065029172286447e-02,2.959219508751685934e-01,-4.465460539645360605e-01,-1.506241030893674671e-01
5.245325631865405125e-01,6.216997890420239425e-01,9.716722585548343005e-02,2.915016775664502902e-01,-4.420273308718303262e-01,-1.505256533053800361e-01
5.259909350574494269e-01,6.216997890420239425e-01,9.570885398457451565e-02,2.871265619537235469e-01,-4.375115612726743208e-01,-1.503849993189507739e-01
5.274342684284264449e-01,6.216997890420239425e-01,9.426552061359749768e-02,2.827965618407924930e-01,-4.330000112931053913e-01,-1.502034494523128982e-01
5.288625814544583026e-01,6.216997890420239425e-01,9.283720758756563995e-02,2.785116227626969199e-01,-4.284939078095573173e-01,-1.499822850468603974e-01
5.302758962519854569e-01,6.216997890420239425e-01,9.142389279003848568e-02,2.742716783701154570e-01,-4.239944392581462829e-01,-1.497227608880308258e-01
5.316742387734237907e-01,6.216997890420239425e-01,9.002555026860015186e-02,2.700766508058004556e-01,-4.195027564315001456e-01,-1.494261056256996900e-01
5.330576386842995618e-01,6.216997890420239425e-01,8.864215035772438078e-02,2.659264510731731423e-01,-4.150199732627313232e-01,-1.490935221895581808e-01
5.344261292429564048e-01,6.216997890420239425e-01,8.727365979906753779e-02,2.618209793972026134e-01,-4.105471675970528977e-01,-1.487261881998502844e-01
5.357797471827931979e-01,6.216997890420239425e-01,8.592004185923074466e-02,2.577601255776922340e-01,-4.060853819510379381e-01,-1.483252563733457041e-01
5.371185325969927149e-01,6.216997890420239425e-01,8.458125644503122764e-02,2.537437693350936829e-01,-4.016356242598551063e-01,-1.478918549247614234e-01
5.384425288256997622e-01,6.216997890420239425e-01,8.325726021632418039e-02,2.497717806489725412e-01,-3.971988686121141754e-01,-1.474270879631416342e-01
5.397517823456104979e-01,6.216997890420239425e-01,8.194800669641344459e-02,2.458440200892403338e-01,-3.927760559732207390e-01,-1.469320358839804053e-01
5.410463426619327443e-01,6.216997890420239425e-01,8.065344638009119826e-02,2.419603391402735948e-01,-3.883680948966738988e-01,-1.464077557564003040e-01
5.423262622026794322e-01,6.216997890420239425e-01,7.937352683934451036e-02,2.381205805180335311e-01,-3.839758622240063701e-01,-1.458552817059728390e-01
5.435915962152554348e-01,6.216997890420239425e-01,7.810819282676850772e-02,2.343245784803055232e-01,-3.796002037728007927e-01,-1.452756252924952696e-01
5.448424026653022612e-01,6.216997890420239425e-01,7.685738637672168139e-02,2.305721591301650442e-01,-3.752419350140479004e-01,-1.446697758838828562e-01
5.460787421377606421e-01,6.216997890420239425e-01,7.562104690426330045e-02,2.268631407127899013e-01,-3.709018417375142818e-01,-1.440387010247243804e-01
5.473006777401165923e-01,6.216997890420239425e-01,7.439911130190735022e-02,2.231973339057220507e-01,-3.665806807067850670e-01,-1.433833468010630163e-01
5.485082750077924230e-01,6.216997890420239425e-01,7.319151403423151958e-02,2.195745421026945587e-01,-3.622791803027491930e-01,-1.427046382000546343e-01
5.497016018116482883e-01,6.216997890420239425e-01,7.199818723037565427e-02,2.159945616911269628e-01,-3.579980411567595944e-01,-1.420034794656326316e-01
5.508807282675575179e-01,6.216997890420239425e-01,7.081906077446642467e-02,2.124571823233992740e-01,-3.537379367727688795e-01,-1.412807544493696055e-01
5.520457266480218728e-01,6.216997890420239425e-01,6.965406239400206978e-02,2.089621871820062093e-01,-3.494995141393064664e-01,-1.405373269573002570e-01
5.531966712957904209e-01,6.216997890420239425e-01,6.850311774623352168e-02,2.055093532387005650e-01,-3.452833943305644304e-01,-1.397740410918638654e-01
5.543336385394498356e-01,6.216997890420239425e-01,6.736615050257410697e-02,2.020984515077223209e-01,-3.410901730978244117e-01,-1.389917215901020908e-01
5.554567066109502571e-01,6.216997890420239425e-01,6.624308243107368543e-02,1.987292472932210563e-01,-3.369204214501264616e-01,-1.381911741569054053e-01
5.565659555650349644e-01,6.216997890420239425e-01,6.513383347698897818e-02,1.954015004309669346e-01,-3.327746862254121751e-01,-1.373731857944452406e-01
5.576614672005402173e-01,6.216997890420239425e-01,6.403832184148372519e-02,1.921149655244511756e-01,-3.286534906515758969e-01,-1.365385251271247213e-01
5.587433249835327409e-01,6.216997890420239425e-01,6.295646405849120164e-02,1.888693921754736049e-01,-3.245573348977570660e-01,-1.356879427222834611e-01
5.598116139722530971e-01,6.216997890420239425e-01,6.188817506977084548e-02,1.856645252093125364e-01,-3.204866966161068476e-01,-1.348221714067943111e-01
5.608664207438327498e-01,6.216997890420239425e-01,6.083336829819119274e-02,1.825001048945735782e-01,-3.164420314738958240e-01,-1.339419265793222458e-01
5.619078333227545130e-01,6.216997890420239425e-01,5.979195571926942954e-02,1.793758671578082886e-01,-3.124237736765289597e-01,-1.330479065187206711e-01
5.629359411110242961e-01,6.216997890420239425e-01,5.876384793099964643e-02,1.762915437929989393e-01,-3.084323364809349322e-01,-1.321407926879359929e-01
5.639508348200253929e-01,6.216997890420239425e-01,5.774895422199854966e-02,1.732468626659956490e-01,-3.044681127003290300e-01,-1.312212500343333810e-01
5.649526064040230056e-01,6.216997890420239425e-01,5.674718263800093698e-02,1.702415479140028109e-01,-3.005314751992838040e-01,-1.302899272852809931e-01
5.659413489952921372e-01,6.216997890420239425e-01,5.575844004673180532e-02,1.672753201401954160e-01,-2.966227773807394996e-01,-1.293474572405440837e-01
5.669171568408372108e-01,6.216997890420239425e-01,5.478263220118673171e-02,1.643478966035601951e-01,-2.927423536635220813e-01,-1.283944570599618862e-01
5.678801252406762146e-01,6.216997890420239425e-01,5.381966380134772798e-02,1.614589914040431839e-01,-2.888905199517011191e-01,-1.274315285476579351e-01
5.688303504876605077e-01,6.216997890420239425e-01,5.286943855436343487e-02,1.586083156630903046e-01,-2.850675740952879345e-01,-1.264592584321976299e-01
5.697679298088015321e-01,6.216997890420239425e-01,5.193185923322241049e-02,1.557955776996672315e-01,-2.812737963423073140e-01,-1.254782186426400825e-01
5.706929613080783392e-01,6.216997890420239425e-01,5.100682773394560332e-02,1.530204832018368100e-01,-2.775094497830421503e-01,-1.244889665812053403e-01
5.716055439106969560e-01,6.216997890420239425e-01,5.009424513132698653e-02,1.502827353939809596e-01,-2.737747807855850368e-01,-1.234920453916040772e-01
5.725057773087764978e-01,6.216997890420239425e-01,4.919401173324744470e-02,1.475820351997423341e-01,-2.700700194238625507e-01,-1.224879842241202166e-01
5.733937619084336079e-01,6.216997890420239425e-01,4.830602713359033462e-02,1.449180814007710039e-01,-2.663953798971330222e-01,-1.214772984963620184e-01
5.742695987782410194e-01,6.216997890420239425e-01,4.743019026378292313e-02,1.422905707913487694e-01,-2.627510609422234467e-01,-1.204604901508746773e-01
5.751333895990333733e-01,6.216997890420239425e-01,4.656639944299056921e-02,1.396991983289717076e-01,-2.591372462377061758e-01,-1.194380479087344682e-01
5.759852366150348679e-01,6.216997890420239425e-01,4.571455242698907462e-02,1.371436572809672239e-01,-2.555541048004483784e-01,-1.184104475194811545e-01
5.768252425862844257e-01,6.216997890420239425e-01,4.487454645573951684e-02,1.346236393672185505e-01,-2.520017913748673344e-01,-1.173781520076487839e-01
5.776535107423331761e-01,6.216997890420239425e-01,4.404627829969076647e-02,1.321388348990722994e-01,-2.484804468146251111e-01,-1.163416119155528117e-01
5.784701447371903837e-01,6.216997890420239425e-01,4.322964430483355880e-02,1.296889329145006764e-01,-2.449901984571623004e-01,-1.153012655426616240e-01
5.792752486054932870e-01,6.216997890420239425e-01,4.242454043653065554e-02,1.272736213095919666e-01,-2.415311604908709775e-01,-1.142575391812790109e-01
5.800689267198780863e-01,6.216997890420239425e-01,4.163086232214585625e-02,1.248925869664375687e-01,-2.381034343154397881e-01,-1.132108473490022194e-01
5.808512837495279912e-01,6.216997890420239425e-01,4.084850529249595130e-02,1.225455158774878539e-01,-2.347071088949714834e-01,-1.121615930174836295e-01
5.816224246198761216e-01,6.216997890420239425e-01,4.007736442214782091e-02,1.202320932664434627e-01,-2.313422611044391175e-01,-1.111101678379956548e-01
5.823824544734405029e-01,6.216997890420239425e-01,3.931733456858343967e-02,1.179520037057503190e-01,-2.280089560693143724e-01,-1.100569523635640534e-01
5.831314786317685073e-01,6.216997890420239425e-01,3.856831041025543527e-02,1.157049312307663058e-01,-2.247072474984013191e-01,-1.090023162676350132e-01
5.838696025584697580e-01,6.216997890420239425e-01,3.783018648355418456e-02,1.134905594506625537e-01,-2.214371780103752130e-01,-1.079466185597126593e-01
5.845969318233150691e-01,6.216997890420239425e-01,3.710285721870887343e-02,1.113085716561266203e-01,-2.181987794535933389e-01,-1.068902077974667186e-01
5.853135720673806608e-01,6.216997890420239425e-01,3.638621697464328175e-02,1.091586509239298453e-01,-2.149920732196775042e-01,-1.058334222957476589e-01
5.860196289692166660e-01,6.216997890420239425e-01,3.568016007280727653e-02,1.070404802184218296e-01,-2.118170705508015672e-01,-1.047765903323797376e-01
5.867152082120193901e-01,6.216997890420239425e-01,3.498458083000455243e-02,1.049537424900136573e-01,-2.086737728408172288e-01,-1.037200303508035715e-01
5.874004154517870058e-01,6.216997890420239425e-01,3.429937359023693677e-02,1.028981207707108103e-01,-2.055621719302846984e-01,-1.026640511595738881e-01
5.880753562864386996e-01,6.216997890420239425e-01,3.362443275558524292e-02,1.008732982667557287e-01,-2.024822503955081565e-01,-1.016089521287524278e-01
5.887401362258775084e-01,6.216997890420239425e-01,3.295965281614643416e-02,9.887895844843930249e-02,-1.994339818316426260e-01,-1.005550233832033236e-01
5.893948606629779707e-01,6.216997890420239425e-01,3.230492837904597181e-02,9.691478513713791543e-02,-1.964173311301387059e-01,-9.950254599300079050e-02
5.900396348454791662e-01,6.216997890420239425e-01,3.166015419654477636e-02,9.498046258963432908e-02,-1.934322547503586343e-01,-9.845179216072430517e-02
5.906745638487642669e-01,6.216997890420239425e-01,3.102522519325967565e-02,9.307567557977902695e-02,-1.904787009855302138e-01,-9.740302540575118684e-02
5.912997525495088391e-01,6.216997890420239425e-01,3.040003649251510343e-02,9.120010947754531028e-02,-1.875566102233716670e-01,-9.635650074582635671e-02
5.919153056001787983e-01,6.216997890420239425e-01,2.978448344184514429e-02,8.935345032553543287e-02,-1.846659152009877403e-01,-9.531246487545230739e-02
5.925213274043612532e-01,6.216997890420239425e-01,2.917846163766268930e-02,8.753538491298806790e-02,-1.818065412547364978e-01,-9.427115634174842995e-02
5.931179220929094775e-01,6.216997890420239425e-01,2.858186694911446502e-02,8.574560084734339505e-02,-1.789784065644672850e-01,-9.323280571712388998e-02
5.937051935008860193e-01,6.216997890420239425e-01,2.799459554113792326e-02,8.398378662341376977e-02,-1.761814223929625278e-01,-9.219763576954875806e-02
5.942832451452856324e-01,6.216997890420239425e-01,2.741654389673831016e-02,8.224963169021493048e-02,-1.734154933198839288e-01,-9.116586162966899831e-02
5.948521802035222628e-01,6.216997890420239425e-01,2.684760883850167978e-02,8.054282651550503935e-02,-1.706805174709891126e-01,-9.013769095548407329e-02
5.954121014926633260e-01,6.216997890420239425e-01,2.628768754936061658e-02,7.886306264808184974e-02,-1.679763867423189616e-01,-8.911332409423711187e-02
5.959631114493949555e-01,6.216997890420239425e-01,2.573667759262898702e-02,7.721003277788696106e-02,-1.653029870194888673e-01,-8.809295424160190624e-02
5.965053121107024570e-01,6.216997890420239425e-01,2.519447693132148558e-02,7.558343079396445674e-02,-1.626601983922504324e-01,-8.707676759828597568e-02
5.970388050952500913e-01,6.216997890420239425e-01,2.466098394677385119e-02,7.398295184032155358e-02,-1.600478953642903157e-01,-8.606494352396876213e-02
5.975636915854453113e-01,6.216997890420239425e-01,2.413609745657863126e-02,7.240829236973589378e-02,-1.574659470585659804e-01,-8.505765468883008662e-02
5.980800723101716843e-01,6.216997890420239425e-01,2.361971673185225828e-02,7.085915019555677485e-02,-1.549142174179118925e-01,-8.405506722235511763e-02
5.985880475281758484e-01,6.216997890420239425e-01,2.311174151384809416e-02,6.933522454154428249e-02,-1.523925654012492359e-01,-8.305734085970495340e-02
5.990877170120940676e-01,6.216997890420239425e-01,2.261207202992987497e-02,6.783621608978962492e-02,-1.499008451754657578e-01,-8.206462908567613290e-02
5.995791800331036203e-01,6.216997890420239425e-01,2.212060900892032222e-02,6.636182702676096667e-02,-1.474389063028658242e-01,-8.107707927610485754e-02
6.000625353461855882e-01,6.216997890420239425e-01,2.163725369583835434e-02,6.491176108751506302e-02,-1.450065939245903657e-01,-8.009483283707530266e-02
6.005378811759838342e-01,6.216997890420239425e-01,2.116190786604010832e-02,6.348572359812032495e-02,-1.426037489394738067e-01,-7.911802534135348175e-02
6.010053152032479584e-01,6.216997890420239425e-01,2.069447383877598412e-02,6.208342151632795236e-02,-1.402302081792372590e-01,-7.814678666290930664e-02
6.014649345518457979e-01,6.216997890420239425e-01,2.023485449017814464e-02,6.070456347053443391e-02,-1.378858045793518450e-01,-7.718124110881741107e-02
6.019168357763328148e-01,6.216997890420239425e-01,1.978295326569112778e-02,5.934885979707338333e-02,-1.355703673461050585e-01,-7.622150754903167513e-02
6.023611148500649382e-01,6.216997890420239425e-01,1.933867419195900439e-02,5.801602257587701317e-02,-1.332837221196370159e-01,-7.526769954376000271e-02
6.027978671538426481e-01,6.216997890420239425e-01,1.890192188818129448e-02,5.670576566454388345e-02,-1.310256911333129715e-01,-7.431992546876908801e-02
6.032271874650734222e-01,6.216997890420239425e-01,1.847260157695052030e-02,5.541780473085156089e-02,-1.287960933692322563e-01,-7.337828863838069537e-02
6.036491699474404449e-01,6.216997890420239425e-01,1.805061909458349767e-02,5.415185728375049301e-02,-1.265947447101067880e-01,-7.244288742635629497e-02
6.040639081410648092e-01,6.216997890420239425e-01,1.763588090095913330e-02,5.290764270287739990e-02,-1.244214580873093112e-01,-7.151381538443191133e-02
6.044714949531506676e-01,6.216997890420239425e-01,1.722829408887327496e-02,5.168488226661982488e-02,-1.222760436257575023e-01,-7.059116135913767742e-02
6.048720226491006713e-01,6.216997890420239425e-01,1.682776639292327125e-02,5.048329917876981376e-02,-1.201583087850011111e-01,-6.967500960623129735e-02
6.052655828440900443e-01,6.216997890420239425e-01,1.643420619793389825e-02,4.930261859380169476e-02,-1.180680584968119007e-01,-6.876543990301020592e-02
6.056522664950890755e-01,6.216997890420239425e-01,1.604752254693486702e-02,4.814256764080460105e-02,-1.160050952997093709e-01,-6.786252765890476990e-02
6.060321638933222621e-01,6.216997890420239425e-01,1.566762514870168044e-02,4.700287544610504131e-02,-1.139692194699559735e-01,-6.696634402385093221e-02
6.064053646571530010e-01,6.216997890420239425e-01,1.529442438487094158e-02,4.588327315461282474e-02,-1.119602291492216573e-01,-6.607695599460883251e-02
6.067719577253842811e-01,6.216997890420239425e-01,1.492783131663966145e-02,4.478349394991898436e-02,-1.099779204693840384e-01,-6.519442651946505407e-02
6.071320313509636080e-01,6.216997890420239425e-01,1.456775769106033458e-02,4.370327307318100374e-02,-1.080220876737980618e-01,-6.431881460061705802e-02
6.074856730950829453e-01,6.216997890420239425e-01,1.421411594694099723e-02,4.264234784082299168e-02,-1.060925232358012060e-01,-6.345017539497821435e-02
6.078329698216627941e-01,6.216997890420239425e-01,1.386681922036114845e-02,4.160045766108344534e-02,-1.041890179739546340e-01,-6.258856031287118871e-02
6.081740076922113047e-01,6.216997890420239425e-01,1.352578134981263780e-02,4.057734404943791340e-02,-1.023113611645531940e-01,-6.173401711511528056e-02
6.085088721610483198e-01,6.216997890420239425e-01,1.319091688097562276e-02,3.957275064292686828e-02,-1.004593406511045117e-01,-6.088659000817764344e-02
6.088376479708845768e-01,6.216997890420239425e-01,1.286214107113936578e-02,3.858642321341809733e-02,-9.863274295087709476e-02,-6.004631973745899742e-02
6.091604191487470787e-01,6.216997890420239425e-01,1.253936989327686380e-02,3.761810967983059140e-02,-9.683135335875059369e-02,-5.921324367892000229e-02
6.094772690022416395e-01,6.216997890420239425e-01,1.222252003978230306e-02,3.666756011934690918e-02,-9.505495604836822210e-02,-5.838739592902131292e-02
6.097882801161432775e-01,6.216997890420239425e-01,1.191150892588066501e-02,3.573452677764199503e-02,-9.330333417049141431e-02,-5.756880739284941928e-02
6.100935343493056884e-01,6.216997890420239425e-01,1.160625469271825416e-02,3.481876407815476249e-02,-9.157626994872325454e-02,-5.675750587056849206e-02
6.103931128318810240e-01,6.216997890420239425e-01,1.130667621014291857e-02,3.392002863042875571e-02,-8.987354477260067753e-02,-5.595351614217192182e-02
6.106870959628420970e-01,6.216997890420239425e-01,1.101269307918184559e-02,3.303807923754553677e-02,-8.819493928832189411e-02,-5.515686005077635734e-02
6.109755634077981279e-01,6.216997890420239425e-01,1.072422563422581465e-02,3.217267690267744396e-02,-8.654023348680928152e-02,-5.436755658413183756e-02
6.112585940970957088e-01,6.216997890420239425e-01,1.044119494492823375e-02,3.132358483478470124e-02,-8.490920678927427190e-02,-5.358562195448957066e-02
6.115362662241978775e-01,6.216997890420239425e-01,1.016352281782606504e-02,3.049056845347819511e-02,-8.330163813065061262e-02,-5.281106967717241751e-02
6.118086572443323101e-01,6.216997890420239425e-01,9.891131797691632421e-03,2.967339539307489726e-02,-8.171730604032978462e-02,-5.204391064725488736e-02
6.120758438734020812e-01,6.216997890420239425e-01,9.623945168621861335e-03,2.887183550586558400e-02,-8.015598872093132599e-02,-5.128415321506574198e-02
6.123379020871503320e-01,6.216997890420239425e-01,9.361886954873610556e-03,2.808566086462083167e-02,-7.861746412447523369e-02,-5.053180325985440202e-02
6.125949071205725183e-01,6.216997890420239425e-01,9.104881921451424276e-03,2.731464576435427283e-02,-7.710151002665588393e-02,-4.978686426230161111e-02
6.128469334675684665e-01,6.216997890420239425e-01,8.852855574455475995e-03,2.655856672336642799e-02,-7.560790409878448415e-02,-4.904933737541805616e-02
6.130940548808269108e-01,6.216997890420239425e-01,8.605734161197031717e-03,2.581720248359109515e-02,-7.413642397753328339e-02,-4.831922149394218824e-02
6.133363443719359598e-01,6.216997890420239425e-01,8.363444670087982757e-03,2.509033401026394827e-02,-7.268684733271468801e-02,-4.759651332245073974e-02
6.135738742117128330e-01,6.216997890420239425e-01,8.125914830311109505e-03,2.437774449093332851e-02,-7.125895193306197584e-02,-4.688120744212864732e-02
6.138067159307454279e-01,6.216997890420239425e-01,7.893073111278514631e-03,2.367921933383554389e-02,-6.985251570977846214e-02,-4.617329637594291825e-02
6.140349403201403877e-01,6.216997890420239425e-01,7.664848721883554816e-03,2.299454616565066445e-02,-6.846731681848794437e-02,-4.547277065283727993e-02
6.142586174324701220e-01,6.216997890420239425e-01,7.441171609553820510e-03,2.232351482866146153e-02,-6.710313369892029201e-02,-4.477961887025883048e-02
6.144778165829127836e-01,6.216997890420239425e-01,7.221972459111158926e-03,2.166591737733347678e-02,-6.575974513279847500e-02,-4.409382775546499822e-02
6.146926063505799842e-01,6.216997890420239425e-01,7.007182691443958333e-03,2.102154807433187500e-02,-6.443693030016017786e-02,-4.341538222582830286e-02
6.149030545800245884e-01,6.216997890420239425e-01,6.796734461999354160e-03,2.039020338599806248e-02,-6.313446883338125204e-02,-4.274426544738318956e-02
6.151092283829243668e-01,6.216997890420239425e-01,6.590560659099575780e-03,1.977168197729872734e-02,-6.185214086993351401e-02,-4.208045889263478667e-02
6.153111941399349583e-01,6.216997890420239425e-01,6.388594902088984284e-03,1.916578470626695285e-02,-6.058972710317744870e-02,-4.142394239691049584e-02
6.155090175027058130e-01,6.216997890420239425e-01,6.190771539318129513e-03,1.857231461795438854e-02,-5.934700883125643145e-02,-4.077469421330204291e-02
6.157027633960553414e-01,6.216997890420239425e-01,5.997025645968601104e-03,1.799107693790580331e-02,-5.812376800485852257e-02,-4.013269106695271926e-02
6.158924960202981636e-01,6.216997890420239425e-01,5.807293021725778992e-03,1.742187906517733698e-02,-5.691978727284663364e-02,-3.949790820766929667e-02
6.160782788537202403e-01,6.216997890420239425e-01,5.621510188303702193e-03,1.686453056491110658e-02,-5.573485002662303955e-02,-3.887031946171193297e-02
6.162601746551961135e-01,6.216997890420239425e-01,5.439614386827829051e-03,1.631884316048348715e-02,-5.456874044276194269e-02,-3.824989728227845553e-02
6.164382454669438127e-01,6.216997890420239425e-01,5.261543575080129820e-03,1.578463072524038946e-02,-5.342124352430976941e-02,-3.763661279906937995e-02
6.166125526174115468e-01,6.216997890420239425e-01,5.087236424612395780e-03,1.526170927383718734e-02,-5.229214514032021199e-02,-3.703043586648302465e-02
6.167831567242926250e-01,6.216997890420239425e-01,4.916632317731317592e-03,1.474989695319395278e-02,-5.118123206432345640e-02,-3.643133511112950362e-02
6.169501176976626144e-01,6.216997890420239425e-01,4.749671344361328096e-03,1.424901403308398429e-02,-5.008829201099684880e-02,-3.583927797791286451e-02
6.171134947432348472e-01,6.216997890420239425e-01,4.586294298789095336e-03,1.375888289636728601e-02,-4.901311367166982791e-02,-3.525423077530254190e-02
6.172733463657295028e-01,6.216997890420239425e-01,4.426442676294439771e-03,1.327932802888331931e-02,-4.795548674839666958e-02,-3.467615871951335027e-02
6.174297303723522701e-01,6.216997890420239425e-01,4.270058669671672469e-03,1.281017600901501741e-02,-4.691520198683019061e-02,-3.410502597781517320e-02
6.175827038763772592e-01,6.216997890420239425e-01,4.117085165646683365e-03,1.235125549694005009e-02,-4.589205120749673128e-02,-3.354079571055668119e-02
6.177323233008311654e-01,6.216997890420239425e-01,3.967465741192777173e-03,1.190239722357833152e-02,-4.488582733617185738e-02,-3.298343011259352586e-02
6.178786443822738006e-01,6.216997890420239425e-01,3.821144659750141948e-03,1.146343397925042584e-02,-4.389632443279056773e-02,-3.243289045354014188e-02
6.180217221746711065e-01,6.216997890420239425e-01,3.678066867352836056e-03,1.103420060205850817e-02,-4.292333771919176755e-02,-3.188913711713325938e-02
6.181616110533566522e-01,6.216997890420239425e-01,3.538177988667290386e-03,1.061453396600187116e-02,-4.196666360566370102e-02,-3.135212963966182986e-02
6.182983647190782861e-01,6.216997890420239425e-01,3.401424322945656442e-03,1.020427296883696933e-02,-4.102609971649018306e-02,-3.082182674765321373e-02
6.184320362021251682e-01,6.216997890420239425e-01,3.267752839898774297e-03,9.803258519696322892e-03,-4.010144491406464340e-02,-3.029818639436832051e-02
6.185626778665326286e-01,6.216997890420239425e-01,3.137111175491313908e-03,9.411333526473941724e-03,-3.919249932223811683e-02,-2.978116579576417511e-02
6.186903414143604119e-01,6.216997890420239425e-01,3.009447627663530689e-03,9.028342882990592067e-03,-3.829906434833496576e-02,-2.927072146534437369e-02
6.188150778900417537e-01,6.216997890420239425e-01,2.884711151982188859e-03,8.654133455946566578e-03,-3.742094270440254888e-02,-2.876680924845598231e-02
6.189369376847981830e-01,6.216997890420239425e-01,2.762851357225759585e-03,8.288554071677278756e-03,-3.655793842692878215e-02,-2.826938435525150339e-02
6.190559705411191604e-01,6.216997890420239425e-01,2.643818500904782098e-03,7.931455502714346295e-03,-3.570985689629324611e-02,-2.777840139357889981e-02
6.191722255573007816e-01,6.216997890420239425e-01,2.527563484723160947e-03,7.582690454169482841e-03,-3.487650485448634541e-02,-2.729381440031686257e-02
6.192857511920423219e-01,6.216997890420239425e-01,2.414037849981620631e-03,7.242113549944861894e-03,-3.405769042246209466e-02,-2.681557687251723276e-02
6.193965952690966281e-01,6.216997890420239425e-01,2.303193772927314420e-03,6.909581318781943260e-03,-3.325322311629186345e-02,-2.634364179750992019e-02
6.195048049819711355e-01,6.216997890420239425e-01,2.194984060052806996e-03,6.584952180158420987e-03,-3.246291386235222731e-02,-2.587796168219380633e-02
6.196104268986774022e-01,6.216997890420239425e-01,2.089362143346540357e-03,6.268086430039621071e-03,-3.168657501187999159e-02,-2.541848858184037052e-02
6.197135069665254958e-01,6.216997890420239425e-01,1.986282075498446709e-03,5.958846226495340126e-03,-3.092402035442809449e-02,-2.496517412793275437e-02
6.198140905169607917e-01,6.216997890420239425e-01,1.885698525063150832e-03,5.657095575189452497e-03,-3.017506513058876294e-02,-2.451796955539931044e-02
6.199122222704406271e-01,6.216997890420239425e-01,1.787566771583315450e-03,5.362700314749946351e-03,-2.943952604395061456e-02,-2.407682572920066821e-02
6.200079463413474823e-01,6.216997890420239425e-01,1.691842700676460254e-03,5.075528102029380761e-03,-2.871722127205655894e-02,-2.364169317002717818e-02
6.201013062429373557e-01,6.216997890420239425e-01,1.598482799086586859e-03,4.795448397259760576e-03,-2.800797047696201858e-02,-2.321252207970225800e-02
6.201923448923192250e-01,6.216997890420239425e-01,1.507444149704717518e-03,4.522332449114152553e-03,-2.731159481456080229e-02,-2.278926236544664974e-02
6.202811046154645958e-01,6.216997890420239425e-01,1.418684426559346790e-03,4.256053279678040369e-03,-2.662791694361121841e-02,-2.237186366393317805e-02
6.203676271522435837e-01,6.216997890420239425e-01,1.332161889780358877e-03,3.996485669341076630e-03,-2.595676103369637389e-02,-2.196027536435529726e-02
6.204519536614860886e-01,6.216997890420239425e-01,1.247835380537853922e-03,3.743506141613561766e-03,-2.529795277275148635e-02,-2.155444663113792458e-02
6.205341247260655058e-01,6.216997890420239425e-01,1.165664315958436781e-03,3.496992947875310342e-03,-2.465131937382514238e-02,-2.115432642594983204e-02
6.206141803580023097e-01,6.216997890420239425e-01,1.085608684021632797e-03,3.256826052064898391e-03,-2.401668958104119511e-02,-2.075986352897629672e-02
6.206921600035862907e-01,6.216997890420239425e-01,1.007629038437651836e-03,3.022887115312955508e-03,-2.339389367519428831e-02,-2.037100655988133280e-02
6.207681025485142223e-01,6.216997890420239425e-01,9.316864935097202149e-04,2.795059480529160645e-03,-2.278276347837948634e-02,-1.998770399785032570e-02
6.208420463230424069e-01,6.216997890420239425e-01,8.577427189815356456e-04,2.573228156944606937e-03,-2.218313235845537079e-02,-1.960990420151076385e-02
6.209140291071504336e-01,6.216997890420239425e-01,7.857599348735089251e-04,2.357279804620526775e-03,-2.159483523240801617e-02,-1.923755542778748939e-02
6.209840881357157061e-01,6.216997890420239425e-01,7.157009063082364619e-04,2.147102718924709386e-03,-2.101770856958173894e-02,-1.887060585065702956e-02
6.210522601036958523e-01,6.216997890420239425e-01,6.475289383280902200e-04,1.942586814984270660e-03,-2.045159039404387258e-02,-1.850900357905960192e-02
6.211185811713181293e-01,6.216997890420239425e-01,5.812078707058132565e-04,1.743623612117439770e-03,-1.989632028668308905e-02,-1.815269667456564928e-02
6.211830869692729351e-01,6.216997890420239425e-01,5.167020727510074352e-04,1.550106218253022305e-03,-1.935173938644174640e-02,-1.780163316818872410e-02
6.212458126039108741e-01,6.216997890420239425e-01,4.539764381130684257e-04,1.361929314339205277e-03,-1.881769039138170285e-02,-1.745576107704249758e-02
6.213067926624411541e-01,6.216997890420239425e-01,3.929963795827884354e-04,1.178989138748365306e-03,-1.829401755908399707e-02,-1.711502842033563176e-02
6.213660612181294285e-01,6.216997890420239425e-01,3.337278238945140529e-04,1.001183471683542159e-03,-1.778056670648231474e-02,-1.677938323479877258e-02
6.214236518354941952e-01,6.216997890420239425e-01,2.761372065297473810e-04,8.284116195892421430e-04,-1.727718520943000158e-02,-1.644877358984075943e-02
6.214795975754999757e-01,6.216997890420239425e-01,2.201914665239668167e-04,6.605743995719004502e-04,-1.678372200173416928e-02,-1.612314760216226883e-02
6.215339310007454987e-01,6.216997890420239425e-01,1.658580412784438352e-04,4.975741238353315055e-04,-1.630002757365689448e-02,-1.580245344982156297e-02
6.215866841806461096e-01,6.216997890420239425e-01,1.131048613778329326e-04,3.393145841334987978e-04,-1.582595397018327077e-02,-1.548663938604977197e-02
6.216378886966080763e-01,6.216997890420239425e-01,6.190034541586619810e-05,1.857010362475985943e-04,-1.536135478859002035e-02,-1.517565375234242175e-02
6.216875756471947900e-01,6.216997890420239425e-01,1.221339482915251295e-05,3.664018448745753886e-05,-1.490608517601410554e-02,-1.486944499152664800e-02
6.217357756532824187e-01,6.216997890420239425e-01,-3.598661125847613107e-05,-1.079598337754283932e-04,-1.446000182628859321e-02,-1.456796166006402160e-02
6.217825188632040145e-01,6.216997890420239425e-01,-8.272982118007199404e-05,-2.481894635402159821e-04,-1.402296297647875889e-02,-1.427115244001897487e-02
6.218278349578816311e-01,6.216997890420239425e-01,-1.280459158576885415e-04,-3.841377475730656244e-04,-1.359482840328496422e-02,-1.397896615085802985e-02
6.218717531559441181e-01,6.216997890420239425e-01,-1.719641139201755209e-04,-5.158923417605265627e-04,-1.317545941874609383e-02,-1.369135176050662039e-02
6.219143022188305947e-01,6.216997890420239425e-01,-2.145131768066521616e-04,-6.435395304199564848e-04,-1.276471886594299221e-02,-1.340825839636294869e-02
6.219555104558773806e-01,6.216997890420239425e-01,-2.557214138534380510e-04,-7.671642415603141529e-04,-1.236247111403576682e-02,-1.312963535559608097e-02
6.219954057293886063e-01,6.216997890420239425e-01,-2.956166873646637328e-04,-8.868500620939911983e-04,-1.196858205336770453e-02,-1.285543211546169573e-02
6.220340154596882831e-01,6.216997890420239425e-01,-3.342264176643405804e-04,-1.002679252993021741e-03,-1.158291908990305430e-02,-1.258559834289607604e-02
6.220713666301537215e-01,6.216997890420239425e-01,-3.715775881297789240e-04,-1.114732764389336772e-03,-1.120535113963150309e-02,-1.232008390402083986e-02
6.221074857922287427e-01,6.216997890420239425e-01,-4.076967502048001180e-04,-1.223090250614400354e-03,-1.083574862250635817e-02,-1.205883887312075853e-02
6.221423990704164630e-01,6.216997890420239425e-01,-4.426100283925205048e-04,-1.327830085177561514e-03,-1.047398345631611605e-02,-1.180181354149367756e-02
6.221761321672499845e-01,6.216997890420239425e-01,-4.763431252260419413e-04,-1.429029375678125824e-03,-1.011992905005643095e-02,-1.154895842573455678e-02
6.222087103682409914e-01,6.216997890420239425e-01,-5.089213262170488861e-04,-1.526763978651146658e-03,-9.773460297302083433e-03,-1.130022427595323009e-02
6.222401585468043672e-01,6.216997890420239425e-01,-5.403695047804246698e-04,-1.621108514341274009e-03,-9.434453569012735130e-03,-1.105556208335400914e-02
6.222705011691593846e-01,6.216997890420239425e-01,-5.707121271354420600e-04,-1.712136381406326180e-03,-9.102786706505217040e-03,-1.081492308791154322e-02
6.222997622992055833e-01,6.216997890420239425e-01,-5.999732571816407400e-04,-1.799919771544922220e-03,-8.778339013859604023e-03,-1.057825878540452624e-02
6.223279656033733342e-01,6.216997890420239425e-01,-6.281765613493917044e-04,-1.884529684048175113e-03,-8.460991250325289315e-03,-1.034552093437346443e-02
6.223551343554476478e-01,6.216997890420239425e-01,-6.553453134237052780e-04,-1.966035940271115834e-03,-8.150625622294072059e-03,-1.011666156256518789e-02
6.223812914413656694e-01,6.216997890420239425e-01,-6.815023993417268500e-04,-2.044507198025180550e-03,-7.847125775406471604e-03,-9.891632973431652154e-03
6.224064593639863086e-01,6.216997890420239425e-01,-7.066703219623660104e-04,-2.120010965887098031e-03,-7.550376786191748124e-03,-9.670387752078846155e-03
6.224306602478317796e-01,6.216997890420239425e-01,-7.308712058078370433e-04,-2.192613617423511130e-03,-7.260265153641309865e-03,-9.452878771064820995e-03
6.224539158438001651e-01,6.216997890420239425e-01,-7.541268017762225995e-04,-2.262380405328667798e-03,-6.976678790515666861e-03,-9.239059195844334660e-03
6.224762475338488921e-01,6.216997890420239425e-01,-7.764584918249495260e-04,-2.329375475474848578e-03,-6.699507014618077960e-03,-9.028882490092926538e-03
6.224976763356486753e-01,6.216997890420239425e-01,-7.978872936247327630e-04,-2.393661880874198289e-03,-6.428640539934971088e-03,-8.822302420809169377e-03
6.225182229072063755e-01,6.216997890420239425e-01,-8.184338651824329958e-04,-2.455301595547298987e-03,-6.163971467310069841e-03,-8.619273062857368828e-03
6.225379075514577698e-01,6.216997890420239425e-01,-8.381185094338272634e-04,-2.514355528301481790e-03,-5.905393275418280297e-03,-8.419748803719762087e-03
6.225567502208287918e-01,6.216997890420239425e-01,-8.569611788048492329e-04,-2.570883536414547699e-03,-5.652800811306590845e-03,-8.223684347721138543e-03
6.225747705217650196e-01,6.216997890420239425e-01,-8.749814797410770950e-04,-2.624944439223231285e-03,-5.406090280868358633e-03,-8.031034720091589918e-03
6.225919877192293006e-01,6.216997890420239425e-01,-8.921986772053580594e-04,-2.676596031616074178e-03,-5.165159239284289328e-03,-7.841755270900363506e-03
6.226084207411665128e-01,6.216997890420239425e-01,-9.086316991425702483e-04,-2.725895097427710745e-03,-4.929906581163656654e-03,-7.655801678591367398e-03
6.226240881829357976e-01,6.216997890420239425e-01,-9.242991409118550550e-04,-2.772897422735565165e-03,-4.700232530785442009e-03,-7.473129953521007174e-03
6.226390083117097074e-01,6.216997890420239425e-01,-9.392192696857648571e-04,-2.817657809057294571e-03,-4.476038632172940623e-03,-7.293696441230235195e-03
6.226531990708394915e-01,6.216997890420239425e-01,-9.534100288155489267e-04,-2.860230086446646780e-03,-4.257227738935220884e-03,-7.117457825381867664e-03
6.226666780841867421e-01,6.216997890420239425e-01,-9.668890421627995835e-04,-2.900667126488398750e-03,-4.043704004175197042e-03,-6.944371130663595792e-03
6.226794626604209570e-01,6.216997890420239425e-01,-9.796736183970145007e-04,-2.939020855191043502e-03,-3.835372870264475154e-03,-6.774393725455518656e-03
6.226915697972826846e-01,6.216997890420239425e-01,-9.917807552587420972e-04,-2.975342265776226292e-03,-3.632141058518278953e-03,-6.607483324294505245e-03
6.227030161858119195e-01,6.216997890420239425e-01,-1.003227143787976949e-03,-3.009681431363930848e-03,-3.433916558770455651e-03,-6.443597990134386500e-03
6.227138182145421919e-01,6.216997890420239425e-01,-1.014029172518249311e-03,-3.042087517554747933e-03,-3.240608619081708497e-03,-6.282696136636456430e-03
6.227239919736587970e-01,6.216997890420239425e-01,-1.024202931634854430e-03,-3.072608794904563290e-03,-3.052127734981535667e-03,-6.124736529886098957e-03
6.227335532591223854e-01,6.216997890420239425e-01,-1.033764217098442906e-03,-3.101292651295328717e-03,-2.868385639076542759e-03,-5.969678290371871476e-03
6.227425175767569154e-01,6.216997890420239425e-01,-1.042728534732972889e-03,-3.128185604198918668e-03,-2.689295290358995061e-03,-5.817480894557913729e-03
6.227509001463019667e-01,6.216997890420239425e-01,-1.051111104278024122e-03,-3.153333312834072366e-03,-2.514770863515369825e-03,-5.668104176349442191e-03
6.227587159054294164e-01,6.216997890420239425e-01,-1.058926863405473817e-03,-3.176780590216421452e-03,-2.344727738234908543e-03,-5.521508328451329994e-03
6.227659795137240328e-01,6.216997890420239425e-01,-1.066190471700090292e-03,-3.198571415100270876e-03,-2.179082488384942451e-03,-5.377653903485213327e-03
6.227727053566283200e-01,6.216997890420239425e-01,-1.072916314604377419e-03,-3.218748943813132257e-03,-2.017752871286138117e-03,-5.236501815099270374e-03
6.227789075493510573e-01,6.216997890420239425e-01,-1.079118507327114784e-03,-3.237355521981344353e-03,-1.860657816821209565e-03,-5.098013338802553918e-03
6.227845999407398692e-01,6.216997890420239425e-01,-1.084810898715926619e-03,-3.254432696147779858e-03,-1.707717416643550479e-03,-4.962150112791330336e-03
6.227897961171174890e-01,6.216997890420239425e-01,-1.090007075093546440e-03,-3.270021225280639321e-03,-1.558852913285946329e-03,-4.828874138566585650e-03
6.227945094060811648e-01,6.216997890420239425e-01,-1.094720364057222284e-03,-3.284161092171666851e-03,-1.413986689102753047e-03,-4.698147781274419899e-03
6.227987528802667594e-01,6.216997890420239425e-01,-1.098963838242816848e-03,-3.296891514728450545e-03,-1.273042255678369372e-03,-4.569933770406819917e-03
6.228025393610753246e-01,6.216997890420239425e-01,-1.102750319051382100e-03,-3.308250957154146299e-03,-1.135944242569575380e-03,-4.444195199723721679e-03
6.228058814223639272e-01,6.216997890420239425e-01,-1.106092380339984693e-03,-3.318277141019954080e-03,-1.002618386580778065e-03,-4.320895527600732144e-03
6.228087913940997256e-01,6.216997890420239425e-01,-1.109002352075783016e-03,-3.327007056227349047e-03,-8.729915207394967069e-04,-4.199998576966845754e-03
6.228112813659778535e-01,6.216997890420239425e-01,-1.111492323953910955e-03,-3.334476971861732864e-03,-7.469915634383816894e-04,-4.081468535300114553e-03
6.228133631910024448e-01,6.216997890420239425e-01,-1.113574148978502265e-03,-3.340722446935506795e-03,-6.245475073773931740e-04,-3.965269954312899969e-03
6.228150484890315752e-01,6.216997890420239425e-01,-1.115259447007632687e-03,-3.345778341022898061e-03,-5.055894087391266112e-04,-3.851367749762024673e-03
6.228163486502857893e-01,6.216997890420239425e-01,-1.116559608261846748e-03,-3.349678824785540243e-03,-3.900483762642181773e-04,-3.739727201049758420e-03
6.228172748388198787e-01,6.216997890420239425e-01,-1.117485796795936182e-03,-3.352457390387808545e-03,-2.778565602268301404e-04,-3.630313950614638685e-03
6.228178379959589117e-01,6.216997890420239425e-01,-1.118048953934969170e-03,-3.354146861804907509e-03,-1.689471417098964423e-04,-3.523094003514803951e-03
6.228180488436976248e-01,6.216997890420239425e-01,-1.118259801673682219e-03,-3.354779405021046657e-03,-6.325432161391475461e-05,-3.418033726634961411e-03
6.228179178880636213e-01,6.216997890420239425e-01,-1.118128846039678770e-03,-3.354386538119036310e-03,3.928669020103470189e-05,-3.315099847918001608e-03
6.228174554224448212e-01,6.216997890420239425e-01,-1.117666380420878625e-03,-3.352999141262635874e-03,1.387396856400435752e-04,-3.214259455622592299e-03
6.228166715308804946e-01,6.216997890420239425e-01,-1.116882488856552058e-03,-3.350647466569656174e-03,2.351674692979699444e-04,-3.115479997271686230e-03
6.228155760913164363e-01,6.216997890420239425e-01,-1.115787049292493727e-03,-3.347361147877481180e-03,3.286318692174994283e-04,-3.018729278659981752e-03
6.228141787788245010e-01,6.216997890420239425e-01,-1.114389736800558417e-03,-3.343169210401675251e-03,4.191937475805929125e-04,-2.923975462821082338e-03
6.228124890687862791e-01,6.216997890420239425e-01,-1.112700026762336591e-03,-3.338100080287009774e-03,5.069130114665476583e-04,-2.831187068820462116e-03
6.228105162400411343e-01,6.216997890420239425e-01,-1.110727198017191775e-03,-3.332181594051575324e-03,5.918486235434450293e-04,-2.740332970508130295e-03
6.228082693779989354e-01,6.216997890420239425e-01,-1.108480335974992848e-03,-3.325441007924978543e-03,6.740586126596781469e-04,-2.651382395265300396e-03
6.228057573777172617e-01,6.216997890420239425e-01,-1.105968335693319204e-03,-3.317905007079957613e-03,7.536000845020929262e-04,-2.564304922577864687e-03
6.228029889469433034e-01,6.216997890420239425e-01,-1.103199904919360819e-03,-3.309599714758082456e-03,8.305292321875157313e-04,-2.479070482570566725e-03
6.227999726091211219e-01,6.216997890420239425e-01,-1.100183567097179349e-03,-3.300550701291538047e-03,9.049013466544408857e-04,-2.395649354637097161e-03
6.227967167063634957e-01,6.216997890420239425e-01,-1.096927664339553132e-03,-3.290782993018659397e-03,9.767708272878650178e-04,-2.314012165730794379e-03
6.227932294023892368e-01,6.216997890420239425e-01,-1.093440360365294239e-03,-3.280321081095882718e-03,1.046191192277667881e-03,-2.234129888818214837e-03
6.227895186854260912e-01,6.216997890420239425e-01,-1.089729643402148618e-03,-3.269188930206445853e-03,1.113215088943686482e-03,-2.155973841262759372e-03
6.227855923710788888e-01,6.216997890420239425e-01,-1.085803329054946254e-03,-3.257409987164838761e-03,1.177894304160709282e-03,-2.079515683004129478e-03
6.227814581051633880e-01,6.216997890420239425e-01,-1.081669063139445441e-03,-3.245007189418336324e-03,1.240279774650243638e-03,-2.004727414768092686e-03
6.227771233665063688e-01,6.216997890420239425e-01,-1.077334324482426275e-03,-3.232002973447278826e-03,1.300421597105749782e-03,-1.931581376341529044e-03
6.227725954697117539e-01,6.216997890420239425e-01,-1.072806427687811315e-03,-3.218419283063433944e-03,1.358369038384488192e-03,-1.860050244678945752e-03
6.227678815678926449e-01,6.216997890420239425e-01,-1.068092525868702403e-03,-3.204277577606107208e-03,1.414170545732673645e-03,-1.790107031873433563e-03
6.227629886553703864e-01,6.216997890420239425e-01,-1.063199613346443861e-03,-3.189598840039331584e-03,1.467873756677562369e-03,-1.721725083361769215e-03
6.227579235703397664e-01,6.216997890420239425e-01,-1.058134528315823886e-03,-3.174403584947471657e-03,1.519525509185992718e-03,-1.654878075761478939e-03
6.227526929975015779e-01,6.216997890420239425e-01,-1.052903955477635378e-03,-3.158711866432906135e-03,1.569171851456552247e-03,-1.589540014976353888e-03
6.227473034706618726e-01,6.216997890420239425e-01,-1.047514428637930095e-03,-3.142543285913790285e-03,1.616858051911584937e-03,-1.525685234002205348e-03
6.227417613752987968e-01,6.216997890420239425e-01,-1.041972333274854279e-03,-3.125916999824562836e-03,1.662628608922744888e-03,-1.463288390901817948e-03
6.227360729510965642e-01,6.216997890420239425e-01,-1.036283909072621690e-03,-3.108851727217865069e-03,1.706527260669776780e-03,-1.402324466548088289e-03
6.227302442944476768e-01,6.216997890420239425e-01,-1.030455252423734258e-03,-3.091365757271202774e-03,1.748596994666229421e-03,-1.342768762604973354e-03
6.227242813609226157e-01,6.216997890420239425e-01,-1.024492318898673204e-03,-3.073476956696019613e-03,1.788880057518316136e-03,-1.284596899177703477e-03
6.227181899677075583e-01,6.216997890420239425e-01,-1.018400925683615732e-03,-3.055202777050847196e-03,1.827417964517241700e-03,-1.227784812533605496e-03
6.227119757960112301e-01,6.216997890420239425e-01,-1.012186753987287524e-03,-3.036560261961862572e-03,1.864251508898462362e-03,-1.172308753063400211e-03
6.227056443934396723e-01,6.216997890420239425e-01,-1.005855351415729793e-03,-3.017566054247189378e-03,1.899420771467319469e-03,-1.118145282779869909e-03
6.226992011763398116e-01,6.216997890420239425e-01,-9.994121343158690607e-04,-2.998236402947607182e-03,1.932965129958219563e-03,-1.065271272989387619e-03
6.226926514321126094e-01,6.216997890420239425e-01,-9.928623900886668352e-04,-2.978587170266000506e-03,1.964923268160667646e-03,-1.013663902105332859e-03
6.226860003214952366e-01,6.216997890420239425e-01,-9.862112794712940556e-04,-2.958633838413882167e-03,1.995333185211833893e-03,-9.633006532020482737e-04
6.226792528808124949e-01,6.216997890420239425e-01,-9.794638387885523656e-04,-2.938391516365657097e-03,2.024232204822506986e-03,-9.141593115431501104e-04
6.226724140241985950e-01,6.216997890420239425e-01,-9.726249821746524304e-04,-2.917874946523957291e-03,2.051656984169980547e-03,-8.662179623539767448e-04
6.226654885457885147e-01,6.216997890420239425e-01,-9.656995037645721425e-04,-2.897098511293716427e-03,2.077643523024086392e-03,-8.194549882696300358e-04
6.226584811218796034e-01,6.216997890420239425e-01,-9.586920798556608503e-04,-2.876076239566982551e-03,2.102227172673387656e-03,-7.738490668935948946e-04
6.226513963130639873e-01,6.216997890420239425e-01,-9.516072710400447221e-04,-2.854821813120134166e-03,2.125442644684838456e-03,-7.293791684352957105e-04
6.226442385663315537e-01,6.216997890420239425e-01,-9.444495243076111990e-04,-2.833348572922833597e-03,2.147324019730056932e-03,-6.860245531927766649e-04
6.226370122171437371e-01,6.216997890420239425e-01,-9.372231751197945826e-04,-2.811669525359383748e-03,2.167904756344984918e-03,-6.437647690143988299e-04
6.226297214914791045e-01,6.216997890420239425e-01,-9.299324494551619580e-04,-2.789797348365485874e-03,2.187217699389787384e-03,-6.025796489756984897e-04
6.226223705078495207e-01,6.216997890420239425e-01,-9.225814658255782064e-04,-2.767744397476734619e-03,2.205295088875125487e-03,-5.624493086016091326e-04
6.226149632792891131e-01,6.216997890420239425e-01,-9.151742372651705537e-04,-2.745522711795511661e-03,2.222168568122295795e-03,-5.233541436732158658e-04
6.226075037153143699e-01,6.216997890420239425e-01,-9.077146732904273208e-04,-2.723144019871281962e-03,2.237869192422969888e-03,-4.852748274483120738e-04
6.225999956238568167e-01,6.216997890420239425e-01,-9.002065818328741642e-04,-2.700619745498622493e-03,2.252427437265946963e-03,-4.481923082326755292e-04
6.225924427131684924e-01,6.216997890420239425e-01,-8.926536711445498540e-04,-2.677961013433649562e-03,2.265873206497293069e-03,-4.120878069363564933e-04
6.225848485936994470e-01,6.216997890420239425e-01,-8.850595516755044301e-04,-2.655178655026513290e-03,2.278235840713627169e-03,-3.769428143128861208e-04
6.225772167799489276e-01,6.216997890420239425e-01,-8.774277379249850739e-04,-2.632283213774955222e-03,2.289544125155806853e-03,-3.427390886191483688e-04
6.225695506922895861e-01,6.216997890420239425e-01,-8.697616502656435600e-04,-2.609284950796930680e-03,2.299826297802454178e-03,-3.094586529944765019e-04
6.225618536587649299e-01,6.216997890420239425e-01,-8.620646167409873328e-04,-2.586193850222961998e-03,2.309110057396868143e-03,-2.770837928260938554e-04
6.225541289168610160e-01,6.216997890420239425e-01,-8.543398748370734097e-04,-2.563019624511220229e-03,2.317422571174176937e-03,-2.455970533370432918e-04
6.225463796152517215e-01,6.216997890420239425e-01,-8.465905732277789753e-04,-2.539771719683336926e-03,2.324790482788330337e-03,-2.149812368950065888e-04
6.225386088155188125e-01,6.216997890420239425e-01,-8.388197734948699136e-04,-2.516459320484609741e-03,2.331239919872718502e-03,-1.852194006118912384e-04
6.225308194938458106e-01,6.216997890420239425e-01,-8.310304518218680769e-04,-2.493091355465604231e-03,2.336796501900550993e-03,-1.562948535650532378e-04
6.225230145426874362e-01,6.216997890420239425e-01,-8.232255006634936478e-04,-2.469676501990480944e-03,2.341485347512328730e-03,-1.281911544781522139e-04
6.225151967724136259e-01,6.216997890420239425e-01,-8.154077303896833939e-04,-2.446223191169050182e-03,2.345331082143076173e-03,-1.008921090259740083e-04
6.225073689129289045e-01,6.216997890420239425e-01,-8.075798709049619717e-04,-2.422739612714885915e-03,2.348357845416426670e-03,-7.438176729845924484e-05
6.224995336152674419e-01,6.216997890420239425e-01,-7.997445732434993459e-04,-2.399233719730498038e-03,2.350589298438787722e-03,-4.864442129171031581e-05
6.224916934531639079e-01,6.216997890420239425e-01,-7.919044111399653474e-04,-2.375713233419896042e-03,2.352048631060199568e-03,-2.366460235969647385e-05
6.224838509246001239e-01,6.216997890420239425e-01,-7.840618825761813682e-04,-2.352185647728544104e-03,2.352758569135193767e-03,5.729214066496624014e-07
6.224760084533283999e-01,6.216997890420239425e-01,-7.762194113044573740e-04,-2.328658233913372122e-03,2.352741381517198249e-03,2.408314760382612718e-05
6.224681683903714458e-01,6.216997890420239425e-01,-7.683793483475032104e-04,-2.305138045042509631e-03,2.352018887086249066e-03,4.688084204373943464e-05
6.224603330154987457e-01,6.216997890420239425e-01,-7.605439734748031810e-04,-2.281631920424409543e-03,2.350612461810008824e-03,6.898054138559928106e-05
6.224525045386801736e-01,6.216997890420239425e-01,-7.527154966562310534e-04,-2.258146489968693160e-03,2.348543045571638288e-03,9.039655560294512782e-05
6.224446851015171811e-01,6.216997890420239425e-01,-7.448960594932385604e-04,-2.234688178479715681e-03,2.345831148897747909e-03,1.111429704180322275e-04
6.224368767786512269e-01,6.216997890420239425e-01,-7.370877366272843290e-04,-2.211263209881852987e-03,2.342496859786269425e-03,1.312336499044164384e-04
6.224290815791502229e-01,6.216997890420239425e-01,-7.292925371262803935e-04,-2.187877611378841181e-03,2.338559850301180632e-03,1.506822389223394509e-04
6.224213014478731099e-01,6.216997890420239425e-01,-7.215124058491673154e-04,-2.164537217547501946e-03,2.334039383133923451e-03,1.695021655864215049e-04
6.224135382668125605e-01,6.216997890420239425e-01,-7.137492247886179086e-04,-2.141247674365853726e-03,2.328954318164822013e-03,1.877066437989682868e-04
6.224057938564163672e-01,6.216997890420239425e-01,-7.060048143924246844e-04,-2.118014443177274053e-03,2.323323118857967273e-03,2.053086756806932200e-04
6.223980699768877356e-01,6.216997890420239425e-01,-6.982809348637930569e-04,-2.094842804591379171e-03,2.317163858589488257e-03,2.223210539981090861e-04
6.223903683294645939e-01,6.216997890420239425e-01,-6.905792874406513349e-04,-2.071737862321954005e-03,2.310494226942516605e-03,2.387563646205626000e-04
6.223826905576779200e-01,6.216997890420239425e-01,-6.829015156539774978e-04,-2.048704546961932493e-03,2.303331536002151125e-03,2.546269890402186320e-04
6.223750382485900845e-01,6.216997890420239425e-01,-6.752492065661419574e-04,-2.025747619698425872e-03,2.295692726350662127e-03,2.699451066522362552e-04
6.223674129340128758e-01,6.216997890420239425e-01,-6.676238919889332379e-04,-2.002871675966799714e-03,2.287594373162615824e-03,2.847226971958161101e-04
6.223598160917054312e-01,6.216997890420239425e-01,-6.600270496814886201e-04,-1.980081149044465860e-03,2.279052692233385358e-03,2.989715431889194974e-04
6.223522491465522943e-01,6.216997890420239425e-01,-6.524601045283517919e-04,-1.957380313585055376e-03,2.270083545941048442e-03,3.127032323559930660e-04
6.223447134717223772e-01,6.216997890420239425e-01,-6.449244296984346647e-04,-1.934773289095303994e-03,2.260702448975138168e-03,3.259291598798341738e-04
6.223372103898084928e-01,6.216997890420239425e-01,-6.374213477845502851e-04,-1.912264043353650855e-03,2.250924574165313885e-03,3.386605308116630297e-04
6.223297411739476814e-01,6.216997890420239425e-01,-6.299521319237388894e-04,-1.889856395771216668e-03,2.240764758243418697e-03,3.509083624722020289e-04
6.223223070489231068e-01,6.216997890420239425e-01,-6.225180068991642557e-04,-1.867554020697492767e-03,2.230237507372390127e-03,3.626834866748973596e-04
6.223149091922471898e-01,6.216997890420239425e-01,-6.151201502232472862e-04,-1.845360450669741859e-03,2.219357002775090848e-03,3.739965521053489894e-04
6.223075487352265345e-01,6.216997890420239425e-01,-6.077596932025919330e-04,-1.823279079607775799e-03,2.208137106196605970e-03,3.848580265888301710e-04
6.223002267640085350e-01,6.216997890420239425e-01,-6.004377219845924429e-04,-1.801313165953777329e-03,2.196591365399847007e-03,3.952781994460696779e-04
6.222929443206104416e-01,6.216997890420239425e-01,-5.931552785864990796e-04,-1.779465835759497239e-03,2.184733019428009015e-03,4.052671836685117768e-04
6.222857024039307738e-01,6.216997890420239425e-01,-5.859133619068312981e-04,-1.757740085720493894e-03,2.172575003900334423e-03,4.148349181798405283e-04
6.222785019707428589e-01,6.216997890420239425e-01,-5.787129287189163307e-04,-1.736138786156748992e-03,2.160129956374490234e-03,4.239911702177412423e-04
6.222713439366719390e-01,6.216997890420239425e-01,-5.715548946479964698e-04,-1.714664683943989409e-03,2.147410221275958264e-03,4.327455373319688547e-04
6.222642291771548484e-01,6.216997890420239425e-01,-5.644401351309058512e-04,-1.693320405392717554e-03,2.134427855127185580e-03,4.411074497344680267e-04
6.222571585283827034e-01,6.216997890420239425e-01,-5.573694863587608239e-04,-1.672108459076282472e-03,2.121194631643508188e-03,4.490861725672257165e-04
6.222501327882278277e-01,6.216997890420239425e-01,-5.503437462038851535e-04,-1.651031238611655461e-03,2.107722046462701115e-03,4.566908078510456548e-04
6.222431527171536914e-01,6.216997890420239425e-01,-5.433636751297488132e-04,-1.630091025389246440e-03,2.094021322240902094e-03,4.639302968516556547e-04
6.222362190391091952e-01,6.216997890420239425e-01,-5.364299970852526300e-04,-1.609289991255757890e-03,2.080103413348854957e-03,4.708134220930970670e-04
6.222293324424069683e-01,6.216997890420239425e-01,-5.295434003830257197e-04,-1.588630201149077159e-03,2.065979010668073101e-03,4.773488095189959424e-04
6.222224935805856783e-01,6.216997890420239425e-01,-5.227045385617357098e-04,-1.568113615685207130e-03,2.051658546387002957e-03,4.835449307017958276e-04
6.222157030732574645e-01,6.216997890420239425e-01,-5.159140312335219747e-04,-1.547742093700565924e-03,2.037152198464120545e-03,4.894101047635546209e-04
6.222089615069397173e-01,6.216997890420239425e-01,-5.091724649157747251e-04,-1.527517394747324175e-03,2.022469895324174871e-03,4.949525005768506958e-04
6.222022694358720907e-01,6.216997890420239425e-01,-5.024803938481481325e-04,-1.507441181544444397e-03,2.007621320287977795e-03,5.001801387435333979e-04
6.221956273828183059e-01,6.216997890420239425e-01,-4.958383407943633969e-04,-1.487515022383090191e-03,1.992615916135420662e-03,5.051008937523304709e-04
6.221890358398538545e-01,6.216997890420239425e-01,-4.892467978299119835e-04,-1.467740393489735951e-03,1.977462889335424023e-03,5.097224958456880728e-04
6.221824952691390465e-01,6.216997890420239425e-01,-4.827062271151039141e-04,-1.448118681345311742e-03,1.962171214442420819e-03,5.140525330971090767e-04
6.221760061036775147e-01,6.216997890420239425e-01,-4.762170616535721379e-04,-1.428651184960716414e-03,1.946749638459532861e-03,5.180984534988164469e-04
6.221695687480612857e-01,6.216997890420239425e-01,-4.697797060373432032e-04,-1.409339118112029610e-03,1.931206684868680412e-03,5.218675667566508025e-04
6.221631835792017506e-01,6.216997890420239425e-01,-4.633945371778080968e-04,-1.390183611533424290e-03,1.915550657860531913e-03,5.253670463271076230e-04
6.221568509470468689e-01,6.216997890420239425e-01,-4.570619050229263181e-04,-1.371185715068778954e-03,1.899789646464533632e-03,5.286039313957546781e-04
6.221505711752851608e-01,6.216997890420239425e-01,-4.507821332612182985e-04,-1.352346399783654896e-03,1.883931528512405862e-03,5.315851287287509663e-04
6.221443445620362667e-01,6.216997890420239425e-01,-4.445555200123241235e-04,-1.333666560036972371e-03,1.867983974668252500e-03,5.343174146312801298e-04
6.221381713805288483e-01,6.216997890420239425e-01,-4.383823385049057109e-04,-1.315147015514717133e-03,1.851954452225523795e-03,5.368074367108066625e-04
6.221320518797651689e-01,6.216997890420239425e-01,-4.322628377412263134e-04,-1.296788513223678940e-03,1.835850229103819231e-03,5.390617158801402908e-04
6.221259862851730160e-01,6.216997890420239425e-01,-4.261972431490734792e-04,-1.278591729447220438e-03,1.819678377645850276e-03,5.410866481986298382e-04
6.221199747992457452e-01,6.216997890420239425e-01,-4.201857572218026249e-04,-1.260557271665407875e-03,1.803445778181256287e-03,5.428885065158484124e-04
6.221140176021691115e-01,6.216997890420239425e-01,-4.142285601451689558e-04,-1.242685680435506868e-03,1.787159122990100713e-03,5.444734425545938450e-04
6.221081148524366666e-01,6.216997890420239425e-01,-4.083258104127240884e-04,-1.224977431238172265e-03,1.770824919733460234e-03,5.458474884952879691e-04
6.221022666874530538e-01,6.216997890420239425e-01,-4.024776454291112415e-04,-1.207432936287333725e-03,1.754449495083854060e-03,5.470165587965203358e-04
6.220964732241254236e-01,6.216997890420239425e-01,-3.966841821014810421e-04,-1.190052546304443126e-03,1.738038998289059833e-03,5.479864519846167070e-04
6.220907345594429705e-01,6.216997890420239425e-01,-3.909455174190279436e-04,-1.172836552257083831e-03,1.721599404735929539e-03,5.487628524788457085e-04
6.220850507710457000e-01,6.216997890420239425e-01,-3.852617290217574819e-04,-1.155785187065272446e-03,1.705136519181138510e-03,5.493513321158660645e-04
6.220794219177816498e-01,6.216997890420239425e-01,-3.796328757577072111e-04,-1.138898627273121633e-03,1.688655979215081260e-03,5.497573519419596266e-04
6.220738480402527859e-01,6.216997890420239425e-01,-3.740589982288433646e-04,-1.122176994686530094e-03,1.672163258659153939e-03,5.499862639726238456e-04
6.220683291613503529e-01,6.216997890420239425e-01,-3.685401193264103981e-04,-1.105620357979231194e-03,1.655663670729889958e-03,5.500433127506587638e-04
6.220628652867792319e-01,6.216997890420239425e-01,-3.630762447552893235e-04,-1.089228734265867971e-03,1.639162371336322366e-03,5.499336370704543953e-04
6.220574564055717515e-01,6.216997890420239425e-01,-3.576673635478089253e-04,-1.073002090643426776e-03,1.622664362244119474e-03,5.496622716006926979e-04
6.220521024905915075e-01,6.216997890420239425e-01,-3.523134485675649685e-04,-1.056940345702694906e-03,1.606174494073187020e-03,5.492341483704921146e-04
6.220468034990260797e-01,6.216997890420239425e-01,-3.470144570021371777e-04,-1.041043371006411533e-03,1.589697469628337245e-03,5.486540986219257121e-04
6.220415593728705339e-01,6.216997890420239425e-01,-3.417703308465913636e-04,-1.025310992539774091e-03,1.573237846663744222e-03,5.479268541239701307e-04
6.220363700394003770e-01,6.216997890420239425e-01,-3.365809973764344321e-04,-1.009742992129303296e-03,1.556800041047079475e-03,5.470570489177761786e-04
6.220312354116350750e-01,6.216997890420239425e-01,-3.314463696111324964e-04,-9.943391088333974892e-04,1.540388329590580696e-03,5.460492207571832068e-04
6.220261553887919126e-01,6.216997890420239425e-01,-3.263663467679700503e-04,-9.790990403039101508e-04,1.524006852948733837e-03,5.449078126448236858e-04
6.220211298567299707e-01,6.216997890420239425e-01,-3.213408147060281550e-04,-9.640224441180844650e-04,1.507659618582568584e-03,5.436371744644841186e-04
6.220161586883854454e-01,6.216997890420239425e-01,-3.163696463615028875e-04,-9.491089390845086626e-04,1.491350503357580237e-03,5.422415642730715746e-04
6.220112417441974184e-01,6.216997890420239425e-01,-3.114527021734758705e-04,-9.343581065204276115e-04,1.475083256408105115e-03,5.407251498876775031e-04
6.220063788725243015e-01,4.086443166765476587e-01,-2.133620621959766428e-01,-6.400861865879299284e-01,0.000000000000000000e+00,-6.400861865879299284e-01
6.219375073821924449e-01,4.086443166765476587e-01,-2.132931907056447862e-01,-6.398795721169343587e-01,2.066144709955697323e-02,-6.192181250173773854e-01
6.218067140793588354e-01,4.086443166765476587e-01,-2.131623974028111768e-01,-6.394871922084335303e-01,3.923799085008283782e-02,-6.002492013583506925e-01
6.216158958563894332e-01,4.086443166765476587e-01,-2.129715791798417746e-01,-6.389147375395253237e-01,5.724546689082066209e-02,-5.816692706487046616e-01
6.213669107063550801e-01,4.086443166765476587e-01,-2.127225940298074214e-01,-6.381677820894222641e-01,7.469554501030595262e-02,-5.634722370791163115e-01
6.210615783326128847e-01,4.086443166765476587e-01,-2.124172616560652260e-01,-6.372517849681956781e-01,9.159971212265860530e-02,-5.456520728455370728e-01
6.207016807515860490e-01,4.086443166765476587e-01,-2.120573640750383904e-01,-6.361720922251151711e-01,1.079692743080507000e-01,-5.282028179170644711e-01
6.202889628887675588e-01,4.086443166765476587e-01,-2.116446462122199001e-01,-6.349339386366597004e-01,1.238153588455470633e-01,-5.111185797911126372e-01
6.198251331679699438e-01,4.086443166765476587e-01,-2.111808164914222852e-01,-6.335424494742668555e-01,1.391489162392844925e-01,-4.943935332349823630e-01
6.193118640938488628e-01,4.086443166765476587e-01,-2.106675474173012041e-01,-6.320026422519036124e-01,1.539807222363243078e-01,-4.780219200155793047e-01
6.187507928277261593e-01,4.086443166765476587e-01,-2.101064761511785006e-01,-6.303194284535355019e-01,1.683213798368110581e-01,-4.619980486167244438e-01
6.181435217567418094e-01,4.086443166765476587e-01,-2.094992050801941508e-01,-6.284976152405824523e-01,1.821813212953049543e-01,-4.463162939452774980e-01
6.174916190563629614e-01,4.086443166765476587e-01,-2.088473023798153028e-01,-6.265419071394459083e-01,1.955708101136544030e-01,-4.309710970257915053e-01
6.167966192462814856e-01,4.086443166765476587e-01,-2.081523025697338269e-01,-6.244569077092014808e-01,2.084999430244427465e-01,-4.159569646847587343e-01
6.160600237397315659e-01,4.086443166765476587e-01,-2.074157070631839073e-01,-6.222471211895517218e-01,2.209786519649759029e-01,-4.012684692245758189e-01
6.152833013862591960e-01,4.086443166765476587e-01,-2.066389847097115373e-01,-6.199169541291346119e-01,2.330167060417109859e-01,-3.869002480874236261e-01
6.144678890079781075e-01,4.086443166765476587e-01,-2.058235723314304488e-01,-6.174707169942913465e-01,2.446237134843265437e-01,-3.728470035099648028e-01
6.136151919293459933e-01,4.086443166765476587e-01,-2.049708752527983346e-01,-6.149126257583950039e-01,2.558091235896342575e-01,-3.591035021687607465e-01
6.127265845004969957e-01,4.086443166765476587e-01,-2.040822678239493371e-01,-6.122468034718480112e-01,2.665822286546992714e-01,-3.456645748171487398e-01
6.118034106141663209e-01,4.086443166765476587e-01,-2.031590939376186622e-01,-6.094772818128559866e-01,2.769521658992024626e-01,-3.325251159136535239e-01
6.108469842162442820e-01,4.086443166765476587e-01,-2.022026675396966233e-01,-6.066080026190898700e-01,2.869279193766116620e-01,-3.196800832424782079e-01
6.098585898099979641e-01,4.086443166765476587e-01,-2.012142731334503054e-01,-6.036428194003509162e-01,2.965183218738953741e-01,-3.071244975264555421e-01
6.088394829539990338e-01,4.086443166765476587e-01,-2.001951662774513752e-01,-6.005854988323541255e-01,3.057320567996790750e-01,-2.948534420326750505e-01
6.077908907537967753e-01,4.086443166765476587e-01,-1.991465740772491166e-01,-5.974397222317473499e-01,3.145776600606775553e-01,-2.828620621710697947e-01
6.067140123473774294e-01,4.086443166765476587e-01,-1.980696956708297707e-01,-5.942090870124893121e-01,3.230635219258037871e-01,-2.711455650866855249e-01
6.056100193844494717e-01,4.086443166765476587e-01,-1.969657027079018130e-01,-5.908971081237054390e-01,3.311978888783873032e-01,-2.596992192453181358e-01
6.044800564995969072e-01,4.086443166765476587e-01,-1.958357398230492485e-01,-5.875072194691477456e-01,3.389888654557693393e-01,-2.485183540133784064e-01
6.033252417793429911e-01,4.086443166765476587e-01,-1.946809251027953325e-01,-5.840427753083859974e-01,3.464444160761748215e-01,-2.375983592322111759e-01
6.021466672231658990e-01,4.086443166765476587e-01,-1.935023505466182403e-01,-5.805070516398547209e-01,3.535723668531276509e-01,-2.269346847867270700e-01
6.009453991985100885e-01,4.086443166765476587e-01,-1.923010825219624298e-01,-5.769032475658872894e-01,3.603804073967431520e-01,-2.165228401691441373e-01
5.997224788898374293e-01,4.086443166765476587e-01,-1.910781622132897706e-01,-5.732344866398693117e-01,3.668760926017977653e-01,-2.063583940380715465e-01
5.984789227417609547e-01,4.086443166765476587e-01,-1.898346060652132961e-01,-5.695038181956398882e-01,3.730668444229423564e-01,-1.964369737726975318e-01
5.972157228963071995e-01,4.086443166765476587e-01,-1.885714062197595409e-01,-5.657142186592786226e-01,3.789599536361265564e-01,-1.867542650231520662e-01
5.959338476243510874e-01,4.086443166765476587e-01,-1.872895309478034287e-01,-5.618685928434102861e-01,3.845625815868336517e-01,-1.773060112565766344e-01
5.946342417512693324e-01,4.086443166765476587e-01,-1.859899250747216737e-01,-5.579697752241650210e-01,3.898817619245265043e-01,-1.680880132996385168e-01
5.933178270768576512e-01,4.086443166765476587e-01,-1.846735104003099925e-01,-5.540205312009299776e-01,3.949244023235043421e-01,-1.590961288774256355e-01
5.919855027895581934e-01,4.086443166765476587e-01,-1.833411861130105347e-01,-5.500235583390316041e-01,3.996972861898373530e-01,-1.503262721491942511e-01
5.906381458750438185e-01,4.086443166765476587e-01,-1.819938291984961598e-01,-5.459814875954884794e-01,4.042070743543124678e-01,-1.417744132411760116e-01
5.892766115192052956e-01,4.086443166765476587e-01,-1.806322948426576369e-01,-5.418968845279729107e-01,4.084603067515568675e-01,-1.334365777764160432e-01
5.879017335055891635e-01,4.086443166765476587e-01,-1.792574168290415049e-01,-5.377722504871245146e-01,4.124634040848396133e-01,-1.253088464022849013e-01
5.865143246073327710e-01,4.086443166765476587e-01,-1.778700079307851123e-01,-5.336100237923553369e-01,4.162226694769177726e-01,-1.173873543154375643e-01
5.851151769736449015e-01,4.086443166765476587e-01,-1.764708602970972429e-01,-5.294125808912917286e-01,4.197442901063608289e-01,-1.096682907849308997e-01
5.837050625108785029e-01,4.086443166765476587e-01,-1.750607458343308442e-01,-5.251822375029925327e-01,4.230343388299195873e-01,-1.021478986730729455e-01
5.822847332582448132e-01,4.086443166765476587e-01,-1.736404165816971545e-01,-5.209212497450914636e-01,4.260987757901069095e-01,-9.482247395498455411e-02
5.808549217582156254e-01,4.086443166765476587e-01,-1.722106050816679668e-01,-5.166318152450039003e-01,4.289434500087563329e-01,-8.768836523624756740e-02
5.794163414216627617e-01,4.086443166765476587e-01,-1.707720247451151030e-01,-5.123160742353453090e-01,4.315741009658591310e-01,-8.074197326948617803e-02
5.779696868877830518e-01,4.086443166765476587e-01,-1.693253702112353931e-01,-5.079761106337061793e-01,4.339963601639129642e-01,-7.397975046979321512e-02
5.765156343788563342e-01,4.086443166765476587e-01,-1.678713177023086756e-01,-5.036139531069260267e-01,4.362157526780152672e-01,-6.739820042891075946e-02
5.750548420498866609e-01,4.086443166765476587e-01,-1.664105253733390022e-01,-4.992315761200170066e-01,4.382376986909020111e-01,-6.099387742911499544e-02
5.735879503331741125e-01,4.086443166765476587e-01,-1.649436336566264538e-01,-4.948309009698793615e-01,4.400675150137645097e-01,-5.476338595611485172e-02
5.721155822778659639e-01,4.086443166765476587e-01,-1.634712656013183052e-01,-4.904137968039549156e-01,4.417104165924445880e-01,-4.870338021151032759e-02
5.706383438845366030e-01,4.086443166765476587e-01,-1.619940272079889443e-01,-4.859820816239668329e-01,4.431715179988082731e-01,-4.281056362515855973e-02
5.691568244348448324e-01,4.086443166765476587e-01,-1.605125077582971738e-01,-4.815375232748915213e-01,4.444558349075311554e-01,-3.708168836736036589e-02
5.676715968163162929e-01,4.086443166765476587e-01,-1.590272801397686342e-01,-4.770818404193059026e-01,4.455682855585618718e-01,-3.151355486074403078e-02
5.661832178423016337e-01,4.086443166765476587e-01,-1.575389011657539751e-01,-4.726167034972619252e-01,4.465136922043977385e-01,-2.610301129286418664e-02
5.646922285671577280e-01,4.086443166765476587e-01,-1.560479118906100693e-01,-4.681437356718302079e-01,4.472967825431717337e-01,-2.084695312865847416e-02
5.631991545967008905e-01,4.086443166765476587e-01,-1.545548379201532319e-01,-4.636645137604596956e-01,4.479221911370512288e-01,-1.574232262340846678e-02
5.617045063939817284e-01,4.086443166765476587e-01,-1.530601897174340698e-01,-4.591805691523022093e-01,4.483944608157486300e-01,-1.078610833655357926e-02
5.602087795804289172e-01,4.086443166765476587e-01,-1.515644629038812585e-01,-4.546933887116437756e-01,4.487180440658433689e-01,-5.975344645800406695e-03
5.587124552324115312e-01,4.086443166765476587e-01,-1.500681385558638725e-01,-4.502044156675916176e-01,4.488973044052158023e-01,-1.307111262375815208e-03
5.572160001732678891e-01,4.086443166765476587e-01,-1.485716834967202304e-01,-4.457150504901606913e-01,4.489365177430926224e-01,3.221467252931931036e-03
5.557198672608495427e-01,4.086443166765476587e-01,-1.470755505843018840e-01,-4.412266517529056520e-01,4.488398737255039350e-01,7.613221972598283038e-03
5.542244956706284809e-01,4.086443166765476587e-01,-1.455801789940808222e-01,-4.367405369822424666e-01,4.486114770663185425e-01,1.187094008407607593e-02
5.527303111744158448e-01,4.086443166765476587e-01,-1.440859944978681861e-01,-4.322579834936045584e-01,4.482553488637908146e-01,1.599736537018625615e-02
5.512377264147402256e-01,4.086443166765476587e-01,-1.425934097381925669e-01,-4.277802292145777008e-01,4.477754279026857631e-01,1.999519868810806233e-02
5.497471411749333958e-01,4.086443166765476587e-01,-1.411028244983857372e-01,-4.233084734951572115e-01,4.471755719420489328e-01,2.386709844689172133e-02
5.482589426449713255e-01,4.086443166765476587e-01,-1.396146259684236668e-01,-4.188438779052710004e-01,4.464595589886211080e-01,2.761568108335010763e-02
5.467735056831175555e-01,4.086443166765476587e-01,-1.381291890065698968e-01,-4.143875670197096905e-01,4.456310885561309831e-01,3.124352153642129259e-02
5.452911930734174462e-01,4.086443166765476587e-01,-1.366468763968697875e-01,-4.099406291906093625e-01,4.446937829100328088e-01,3.475315371942344633e-02
5.438123557790892626e-01,4.086443166765476587e-01,-1.351680391025416039e-01,-4.055041173076248118e-01,4.436511882984550681e-01,3.814707099083025632e-02
5.423373331918601714e-01,4.086443166765476587e-01,-1.336930165153125127e-01,-4.010790495459375382e-01,4.425067761687273560e-01,4.142772662278981777e-02
5.408664533772933325e-01,4.086443166765476587e-01,-1.322221367007456738e-01,-3.966664101022370215e-01,4.412639443700516750e-01,4.459753426781465357e-02
5.394000333161532712e-01,4.086443166765476587e-01,-1.307557166396056125e-01,-3.922671499188168376e-01,4.399260183420183878e-01,4.765886842320155026e-02
5.379383791418554939e-01,4.086443166765476587e-01,-1.292940624653078352e-01,-3.878821873959235056e-01,4.384962522893331993e-01,5.061406489340969372e-02
5.364817863740470871e-01,4.086443166765476587e-01,-1.278374696974994285e-01,-3.835124090924982854e-01,4.369778303425220223e-01,5.346542125002373691e-02
5.350305401483637091e-01,4.086443166765476587e-01,-1.263862234718160504e-01,-3.791586704154481513e-01,4.353738677050134065e-01,5.621519728956525519e-02
5.335849154424092688e-01,4.086443166765476587e-01,-1.249405987658616102e-01,-3.748217962975848305e-01,4.336874117863320777e-01,5.886561548874724714e-02
5.321451772980037020e-01,4.086443166765476587e-01,-1.235008606214560434e-01,-3.705025818643681301e-01,4.319214433216700399e-01,6.141886145730190982e-02
5.307115810397439182e-01,4.086443166765476587e-01,-1.220672643631962595e-01,-3.662017930895887785e-01,4.300788774779351620e-01,6.387708438834638347e-02
5.292843724899228830e-01,4.086443166765476587e-01,-1.206400558133752243e-01,-3.619201674401256730e-01,4.281625649463105532e-01,6.624239750618488021e-02
5.278637881798524667e-01,4.086443166765476587e-01,-1.192194715033048080e-01,-3.576584145099144241e-01,4.261752930211248902e-01,6.851687851121046613e-02
5.264500555576332452e-01,4.086443166765476587e-01,-1.178057388810855866e-01,-3.534172166432567597e-01,4.241197866657664406e-01,7.070257002250968092e-02
5.250433931924162190e-01,4.086443166765476587e-01,-1.163990765158685603e-01,-3.491972295476056809e-01,4.219987095651078768e-01,7.280148001750219589e-02
5.236440109752009686e-01,4.086443166765476587e-01,-1.149996942986533099e-01,-3.449990828959599298e-01,4.198146651645751071e-01,7.481558226861517724e-02
5.222521103162125478e-01,4.086443166765476587e-01,-1.136077936396648891e-01,-3.408233809189946673e-01,4.175701976965262574e-01,7.674681677753159015e-02
5.208678843389018542e-01,4.086443166765476587e-01,-1.122235676623541956e-01,-3.366707029870625867e-01,4.152677931932080568e-01,7.859709020614547015e-02
5.194915180706117797e-01,4.086443166765476587e-01,-1.108472013940641210e-01,-3.325416041821923629e-01,4.129098804870223738e-01,8.036827630483001084e-02
5.181231886299522138e-01,4.086443166765476587e-01,-1.094788719534045551e-01,-3.284366158602136654e-01,4.104988321978697563e-01,8.206221633765609091e-02
5.167630654109264254e-01,4.086443166765476587e-01,-1.081187487343787668e-01,-3.243562462031363003e-01,4.080369657077365098e-01,8.368071950460020947e-02
5.154113102638511190e-01,4.086443166765476587e-01,-1.067669935873034603e-01,-3.203009807619103810e-01,4.055265441225919254e-01,8.522556336068154437e-02
5.140680776731119117e-01,4.086443166765476587e-01,-1.054237609965642530e-01,-3.162712829896927591e-01,4.029697772217621932e-01,8.669849423206943406e-02
5.127335149317958640e-01,4.086443166765476587e-01,-1.040891982552482053e-01,-3.122675947657446160e-01,4.003688223948143055e-01,8.810122762906968941e-02
5.114077623132426975e-01,4.086443166765476587e-01,-1.027634456366950388e-01,-3.082903369100851165e-01,3.977257855659499519e-01,8.943544865586483539e-02
5.100909532395551116e-01,4.086443166765476587e-01,-1.014466365630074529e-01,-3.043399096890223587e-01,3.950427221062757788e-01,9.070281241725342003e-02
5.087832144471092777e-01,4.086443166765476587e-01,-1.001388977705616190e-01,-3.004166933116848570e-01,3.923216377337501726e-01,9.190494442206531556e-02
5.074846661491057009e-01,4.086443166765476587e-01,-9.884034947255804227e-02,-2.965210484176741268e-01,3.895644894010730219e-01,9.304344098339889513e-02
5.061954221952004174e-01,4.086443166765476587e-01,-9.755110551865275870e-02,-2.926533165559582761e-01,3.867731861715850705e-01,9.411986961562679443e-02
5.049155902282567165e-01,4.086443166765476587e-01,-9.627127355170905787e-02,-2.888138206551271736e-01,3.839495900831102482e-01,9.513576942798307456e-02
5.036452718382558036e-01,4.086443166765476587e-01,-9.500095516170814491e-02,-2.850028654851244347e-01,3.810955170002738868e-01,9.609265151514945202e-02
5.023845627134063685e-01,4.086443166765476587e-01,-9.374024603685870982e-02,-2.812207381105761295e-01,3.782127374548305276e-01,9.699199934425439817e-02
5.011335527884913654e-01,4.086443166765476587e-01,-9.248923611194370675e-02,-2.774677083358311203e-01,3.753029774745009206e-01,9.783526913866980035e-02
4.998923263904902492e-01,4.086443166765476587e-01,-9.124800971394259053e-02,-2.737440291418277716e-01,3.723679194003348680e-01,9.862389025850709645e-02
4.986609623815149717e-01,4.086443166765476587e-01,-9.001664570496731299e-02,-2.700499371149019390e-01,3.694092026925832606e-01,9.935926557768132161e-02
4.974395342990974855e-01,4.086443166765476587e-01,-8.879521762254982686e-02,-2.663856528676494806e-01,3.664284247252458382e-01,1.000427718575963576e-01
4.962281104938657816e-01,4.086443166765476587e-01,-8.758379381731812297e-02,-2.627513814519543689e-01,3.634271415695111695e-01,1.006757601175568007e-01
4.950267542646458185e-01,4.086443166765476587e-01,-8.638243758809815986e-02,-2.591473127642944796e-01,3.604068687659889303e-01,1.012595560016944507e-01
4.938355239910260375e-01,4.086443166765476587e-01,-8.519120731447837880e-02,-2.555736219434351364e-01,3.573690820859343198e-01,1.017954601424991834e-01
4.926544732634204893e-01,4.086443166765476587e-01,-8.401015658687283061e-02,-2.520304697606184918e-01,3.543152182816644569e-01,1.022847485210459650e-01
4.914836510106670442e-01,4.086443166765476587e-01,-8.283933433411938552e-02,-2.485180030023581566e-01,3.512466758260335276e-01,1.027286728236753710e-01
4.903231016251959340e-01,4.086443166765476587e-01,-8.167878494864827532e-02,-2.450363548459448260e-01,3.481648156413330586e-01,1.031284607953882326e-01
4.891728650858043759e-01,4.086443166765476587e-01,-8.052854840925671720e-02,-2.415856452277701516e-01,3.450709618174674365e-01,1.034853165896972849e-01
4.880329770780718057e-01,4.086443166765476587e-01,-7.938866040152414705e-02,-2.381659812045724411e-01,3.419664023197710456e-01,1.038004211151986045e-01
4.869034691124507486e-01,4.086443166765476587e-01,-7.825915243590308989e-02,-2.347774573077092697e-01,3.388523896863171458e-01,1.040749323786078762e-01
4.857843686400675765e-01,4.086443166765476587e-01,-7.714005196351991778e-02,-2.314201558905597533e-01,3.357301417149516354e-01,1.043099858243918820e-01
4.846756991662668490e-01,4.086443166765476587e-01,-7.603138248971919033e-02,-2.280941474691575710e-01,3.326008421402182336e-01,1.045066946710606626e-01
4.835774803619332096e-01,4.086443166765476587e-01,-7.493316368538555095e-02,-2.247994910561566528e-01,3.294656413000918160e-01,1.046661502439351632e-01
4.824897281726239773e-01,4.086443166765476587e-01,-7.384541149607631860e-02,-2.215362344882289558e-01,3.263256567927697027e-01,1.047894223045407469e-01
4.814124549255451857e-01,4.086443166765476587e-01,-7.276813824899752703e-02,-2.183044147469925811e-01,3.231819741236374721e-01,1.048775593766448910e-01
4.803456694344040434e-01,4.086443166765476587e-01,-7.170135275785638473e-02,-2.151040582735691542e-01,3.200356473423426884e-01,1.049315890687735342e-01
4.792893771021697891e-01,4.086443166765476587e-01,-7.064506042562213040e-02,-2.119351812768663912e-01,3.168876996702763016e-01,1.049525183934099104e-01
4.782435800217748612e-01,4.086443166765476587e-01,-6.959926334522720248e-02,-2.087977900356816074e-01,3.137391241184783741e-01,1.049413340827967667e-01
4.772082770747882452e-01,4.086443166765476587e-01,-6.856396039824058652e-02,-2.056918811947217596e-01,3.105908840959847872e-01,1.048990029012630276e-01
4.761834640280917519e-01,4.086443166765476587e-01,-6.753914735154409321e-02,-2.026174420546322796e-01,3.074439140089479938e-01,1.048264719543157142e-01
4.751691336285906453e-01,4.086443166765476587e-01,-6.652481695204298662e-02,-1.995744508561289599e-01,3.042991198503319783e-01,1.047246689942030184e-01
4.741652756959889858e-01,4.086443166765476587e-01,-6.552095901944132716e-02,-1.965628770583239815e-01,3.011573797804978359e-01,1.045945027221738544e-01
4.731718772136595530e-01,4.086443166765476587e-01,-6.452756053711189432e-02,-1.935826816113356830e-01,2.980195446988298524e-01,1.044368630874941695e-01
4.721889224176388788e-01,4.086443166765476587e-01,-6.354460574109122017e-02,-1.906338172232736605e-01,2.948864388062022446e-01,1.042526215829285841e-01
4.712163928837764804e-01,4.086443166765476587e-01,-6.257207620722882169e-02,-1.877162286216864651e-01,2.917588601587195463e-01,1.040426315370330812e-01
4.702542676130677668e-01,4.086443166765476587e-01,-6.160995093652010812e-02,-1.848298528095603244e-01,2.886375812126140694e-01,1.038077284030537450e-01
4.693025231151993770e-01,4.086443166765476587e-01,-6.065820643865171835e-02,-1.819746193159551551e-01,2.855233493605169315e-01,1.035487300445617764e-01
4.683611334903354240e-01,4.086443166765476587e-01,-5.971681681378776529e-02,-1.791504504413632959e-01,2.824168874591859169e-01,1.032664370178226210e-01
4.674300705091732899e-01,4.086443166765476587e-01,-5.878575383262563125e-02,-1.763572614978768938e-01,2.793188943486402120e-01,1.029616328507633183e-01
4.665093036912962288e-01,4.086443166765476587e-01,-5.786498701474857009e-02,-1.735949610442457103e-01,2.762300453631183483e-01,1.026350843188726381e-01
4.655988003818510301e-01,4.086443166765476587e-01,-5.695448370530337145e-02,-1.708634511159101144e-01,2.731509928335595916e-01,1.022875417176494772e-01
4.646985258265776131e-01,4.086443166765476587e-01,-5.605420915002995441e-02,-1.681626274500898632e-01,2.700823665820251129e-01,1.019197391319352497e-01
4.638084432452173611e-01,4.086443166765476587e-01,-5.516412656866970243e-02,-1.654923797060091073e-01,2.670247744080755936e-01,1.015323947020664863e-01
4.629285139033273433e-01,4.086443166765476587e-01,-5.428419722677968462e-02,-1.628525916803390539e-01,2.639788025670053440e-01,1.011262108866662901e-01
4.620586971825259570e-01,4.086443166765476587e-01,-5.341438050597829834e-02,-1.602431415179348950e-01,2.609450162404158835e-01,1.007018747224809885e-01
4.611989506491968593e-01,4.086443166765476587e-01,-5.255463397264920067e-02,-1.576639019179476020e-01,2.579239599987293019e-01,1.002600580807816999e-01
4.603492301216758342e-01,4.086443166765476587e-01,-5.170491344512817555e-02,-1.551147403353845267e-01,2.549161582563075346e-01,9.980141792092300790e-02
4.595094897359469077e-01,4.086443166765476587e-01,-5.086517305939924904e-02,-1.525955191781977471e-01,2.519221157186779525e-01,9.932659654048020537e-02
4.586796820098720251e-01,4.086443166765476587e-01,-5.003536533332436642e-02,-1.501060959999730993e-01,2.489423178224647870e-01,9.883622182249168775e-02
4.578597579059793810e-01,4.086443166765476587e-01,-4.921544122943172228e-02,-1.476463236882951668e-01,2.459772311677932422e-01,9.833090747949807531e-02
4.570496668928346606e-01,4.086443166765476587e-01,-4.840535021628700196e-02,-1.452160506488610059e-01,2.430273039434160953e-01,9.781125329455508943e-02
4.562493570050193958e-01,4.086443166765476587e-01,-4.760504032847173717e-02,-1.428151209854152115e-01,2.400929663445794393e-01,9.727784535916422781e-02
4.554587749017400822e-01,4.086443166765476587e-01,-4.681445822519242350e-02,-1.404433746755772705e-01,2.371746309837940991e-01,9.673125630821682863e-02
4.546778659240915954e-01,4.086443166765476587e-01,-4.603354924754393673e-02,-1.381006477426318102e-01,2.342726932945460305e-01,9.617204555191422033e-02
4.539065741509982765e-01,4.086443166765476587e-01,-4.526225747445061787e-02,-1.357867724233518536e-01,2.313875319279956599e-01,9.560075950464380634e-02
4.531448424538554454e-01,4.086443166765476587e-01,-4.450052577730778669e-02,-1.335015773319233601e-01,2.285195091428493530e-01,9.501793181092599294e-02
4.523926125498937134e-01,4.086443166765476587e-01,-4.374829587334605474e-02,-1.312448876200381642e-01,2.256689711885195848e-01,9.442408356848142059e-02
4.516498250542888004e-01,4.086443166765476587e-01,-4.300550837774114177e-02,-1.290165251332234253e-01,2.228362486814738919e-01,9.381972354825046656e-02
4.509164195310387258e-01,4.086443166765476587e-01,-4.227210285449106708e-02,-1.268163085634732012e-01,2.200216569750224060e-01,9.320534841154920480e-02
4.501923345426298018e-01,4.086443166765476587e-01,-4.154801786608214309e-02,-1.246440535982464293e-01,2.172254965226771972e-01,9.258144292443076795e-02
4.494775076985133011e-01,4.086443166765476587e-01,-4.083319102196564243e-02,-1.224995730658969273e-01,2.144480532349501978e-01,9.194848016905327048e-02
4.487718757024137251e-01,4.086443166765476587e-01,-4.012755902586606638e-02,-1.203826770775981991e-01,2.116895988298728160e-01,9.130692175227461682e-02
4.480753743984893789e-01,4.086443166765476587e-01,-3.943105772194172021e-02,-1.182931731658251606e-01,2.089503911773038514e-01,9.065721801147869074e-02
4.473879388163661819e-01,4.086443166765476587e-01,-3.874362213981852321e-02,-1.162308664194555696e-01,2.062306746369590993e-01,8.999980821750352966e-02
4.467095032150647516e-01,4.086443166765476587e-01,-3.806518653851709288e-02,-1.141955596155512787e-01,2.035306803904290973e-01,8.933512077487781866e-02
4.460400011258408015e-01,4.086443166765476587e-01,-3.739568444929314284e-02,-1.121870533478794285e-01,2.008506267671850143e-01,8.866357341930558578e-02
4.453793653939587815e-01,4.086443166765476587e-01,-3.673504871741112288e-02,-1.102051461522333686e-01,1.981907195646059883e-01,8.798557341237261964e-02
4.447275282194179669e-01,4.086443166765476587e-01,-3.608321154287030819e-02,-1.082496346286109246e-01,1.955511523622444070e-01,8.730151773363348244e-02
4.440844211966505362e-01,4.086443166765476587e-01,-3.544010452010287748e-02,-1.063203135603086325e-01,1.929321068302292108e-01,8.661179326992057836e-02
4.434499753532101241e-01,4.086443166765476587e-01,-3.480565867666246538e-02,-1.044169760299873961e-01,1.903337530321236315e-01,8.591677700213623536e-02
4.428241211874698879e-01,4.086443166765476587e-01,-3.417980451092222927e-02,-1.025394135327666878e-01,1.877562497220708337e-01,8.521683618930414594e-02
4.422067887053485746e-01,4.086443166765476587e-01,-3.356247202880091596e-02,-1.006874160864027479e-01,1.851997446363939925e-01,8.451232854999124466e-02
4.415979074560822948e-01,4.086443166765476587e-01,-3.295359077953463611e-02,-9.886077233860390834e-02,1.826643747798839534e-01,8.380360244128004510e-02
4.409974065670601018e-01,4.086443166765476587e-01,-3.235308989051244311e-02,-9.705926967153732932e-02,1.801502667066579022e-01,8.309099703512057289e-02
4.404052147777414716e-01,4.086443166765476587e-01,-3.176089810119381296e-02,-9.528269430358143888e-02,1.776575367955890439e-01,8.237484249200760500e-02
4.398212604726720043e-01,4.086443166765476587e-01,-3.117694379612434563e-02,-9.353083138837303689e-02,1.751862915208401983e-01,8.165546013246716139e-02
4.392454717136157760e-01,4.086443166765476587e-01,-3.060115503706811735e-02,-9.180346511120435204e-02,1.727366277168684849e-01,8.093316260566413289e-02
4.386777762708201078e-01,4.086443166765476587e-01,-3.003345959427244916e-02,-9.010037878281734747e-02,1.703086328387004578e-01,8.020825405588311030e-02
4.381181016534300698e-01,4.086443166765476587e-01,-2.947378497688241117e-02,-8.842135493064723351e-02,1.679023852170113962e-01,7.948103028636416267e-02
4.375663751390686529e-01,4.086443166765476587e-01,-2.892205846252099422e-02,-8.676617538756298265e-02,1.655179543084250859e-01,7.875177892086210329e-02
4.370225238025993164e-01,4.086443166765476587e-01,-2.837820712605165774e-02,-8.513462137815497321e-02,1.631554009408009431e-01,7.802077956264596992e-02
4.364864745440862337e-01,4.086443166765476587e-01,-2.784215786753857502e-02,-8.352647360261572507e-02,1.608147775539248148e-01,7.728830395130908970e-02
4.359581541159682772e-01,4.086443166765476587e-01,-2.731383743942061848e-02,-8.194151231826185544e-02,1.584961284353869626e-01,7.655461611712510717e-02
4.354374891494620647e-01,4.086443166765476587e-01,-2.679317247291440607e-02,-8.037951741874321820e-02,1.561994899518637236e-01,7.581997253312050544e-02
4.349244061802091665e-01,4.086443166765476587e-01,-2.628008950366150787e-02,-7.884026851098452360e-02,1.539248907758694607e-01,7.508462226488493707e-02
4.344188316731827371e-01,4.086443166765476587e-01,-2.577451499663507839e-02,-7.732354498990523517e-02,1.516723521079288428e-01,7.434880711802360764e-02
4.339206920468681172e-01,4.086443166765476587e-01,-2.527637537032045856e-02,-7.582912611096137567e-02,1.494418878943859497e-01,7.361276178342457399e-02
4.334299136967318389e-01,4.086443166765476587e-01,-2.478559702018418021e-02,-7.435679106055254062e-02,1.472335050408835055e-01,7.287671398033096493e-02
4.329464230179935758e-01,4.086443166765476587e-01,-2.430210634144591708e-02,-7.290631902433775124e-02,1.450472036214789373e-01,7.214088459714118606e-02
4.324701464277150298e-01,4.086443166765476587e-01,-2.382582975116737112e-02,-7.147748925350211335e-02,1.428829770835637891e-01,7.140548783006167577e-02
4.320010103862195194e-01,4.086443166765476587e-01,-2.335669370967186076e-02,-7.007008112901558228e-02,1.407408124486531076e-01,7.067073131963752530e-02
4.315389414178559813e-01,4.086443166765476587e-01,-2.289462474130832259e-02,-6.868387422392496777e-02,1.386206905090614505e-01,6.993681628513648274e-02
4.310838661311209297e-01,4.086443166765476587e-01,-2.243954945457327099e-02,-6.731864836371981298e-02,1.365225860205154795e-01,6.920393765679566656e-02
4.306357112381515861e-01,4.086443166765476587e-01,-2.199139456160392747e-02,-6.597418368481178241e-02,1.344464678908030564e-01,6.847228420599127396e-02
4.301944035736028349e-01,4.086443166765476587e-01,-2.155008689705517622e-02,-6.465026069116552865e-02,1.323922993646253765e-01,6.774203867345984786e-02
4.297598701129214382e-01,4.086443166765476587e-01,-2.111555343637377957e-02,-6.334666030912133872e-02,1.303600382044189931e-01,6.701337789529765443e-02
4.293320379900295580e-01,4.086443166765476587e-01,-2.068772131348189935e-02,-6.206316394044569806e-02,1.283496368675640653e-01,6.628647292711836725e-02
4.289108345144304058e-01,4.086443166765476587e-01,-2.026651783788274708e-02,-6.079955351364824123e-02,1.263610426797456832e-01,6.556148916609744193e-02
4.284961871877478456e-01,4.086443166765476587e-01,-1.985187051120018698e-02,-5.955561153360056093e-02,1.243941980047680307e-01,6.483858647116746976e-02
4.280880237197123850e-01,4.086443166765476587e-01,-1.944370704316472631e-02,-5.833112112949417893e-02,1.224490404106381991e-01,6.411791928114402017e-02
4.276862720436050425e-01,4.086443166765476587e-01,-1.904195536705738379e-02,-5.712586610117215136e-02,1.205255028322027577e-01,6.339963673103060637e-02
4.272908603311708076e-01,4.086443166765476587e-01,-1.864654365462314889e-02,-5.593963096386944667e-02,1.186235137302704690e-01,6.268388276640102230e-02
4.269017170070132372e-01,4.086443166765476587e-01,-1.825740033046557853e-02,-5.477220099139673559e-02,1.167429972472711075e-01,6.197079625587437191e-02
4.265187707624812363e-01,4.086443166765476587e-01,-1.787445408593357765e-02,-5.362336225780073296e-02,1.148838733596002637e-01,6.126051110179953074e-02
4.261419505690594023e-01,4.086443166765476587e-01,-1.749763389251174361e-02,-5.249290167753523084e-02,1.130460580265502113e-01,6.055315634901498045e-02
4.257711856912724802e-01,4.086443166765476587e-01,-1.712686901472482148e-02,-5.138060704417446445e-02,1.112294633360766394e-01,5.984885629190217493e-02
4.254064056991147535e-01,4.086443166765476587e-01,-1.676208902256709488e-02,-5.028626706770128463e-02,1.094339976473179821e-01,5.914773057961669744e-02
4.250475404800149737e-01,4.086443166765476587e-01,-1.640322380346731501e-02,-4.920967141040194504e-02,1.076595657299339592e-01,5.844989431953201420e-02
4.246945202503471517e-01,4.086443166765476587e-01,-1.605020357379949303e-02,-4.815061072139847909e-02,1.059060689003465949e-01,5.775545817894811584e-02
4.243472755664972063e-01,4.086443166765476587e-01,-1.570295888994954758e-02,-4.710887666984864275e-02,1.041734051549836337e-01,5.706452848513499099e-02
4.240057373354957915e-01,4.086443166765476587e-01,-1.536142065894813280e-02,-4.608426197684439840e-02,1.024614693004244348e-01,5.637720732358003639e-02
4.236698368252267421e-01,4.086443166765476587e-01,-1.502552014867908348e-02,-4.507656044603725043e-02,1.007701530807147972e-01,5.569359263467754673e-02
4.233395056742211282e-01,4.086443166765476587e-01,-1.469518899767346953e-02,-4.408556699302040860e-02,9.909934530168418299e-02,5.501377830866377439e-02
4.230146759010464108e-01,4.086443166765476587e-01,-1.437035922449875214e-02,-4.311107767349625641e-02,9.744893195241521866e-02,5.433785427891896225e-02
4.226952799132995819e-01,4.086443166765476587e-01,-1.405096323675192327e-02,-4.215288971025576981e-02,9.581879632404866065e-02,5.366590661379289084e-02
4.223812505162141129e-01,4.086443166765476587e-01,-1.373693383966645420e-02,-4.121080151899936261e-02,9.420881912564071925e-02,5.299801760664135664e-02
4.220725209208893158e-01,4.086443166765476587e-01,-1.342820424434165716e-02,-4.028461273302497148e-02,9.261887859743911378e-02,5.233426586441414230e-02
4.217690247521509450e-01,4.086443166765476587e-01,-1.312470807560328634e-02,-3.937412422680985902e-02,9.104885062151124586e-02,5.167472639470138684e-02
4.214706960560520854e-01,4.086443166765476587e-01,-1.282637937950442675e-02,-3.847913813851328024e-02,8.949860882965787745e-02,5.101947069114459721e-02
4.211774693070223230e-01,4.086443166765476587e-01,-1.253315263047466432e-02,-3.759945789142399297e-02,8.796802470892872705e-02,5.036856681750473408e-02
4.208892794146742999e-01,4.086443166765476587e-01,-1.224496273812664127e-02,-3.673488821437992380e-02,8.645696770440691736e-02,4.972207949002699356e-02
4.206060617302753157e-01,4.086443166765476587e-01,-1.196174505372765706e-02,-3.588523516118297119e-02,8.496530531969526123e-02,4.908007015851229005e-02
4.203277520528921340e-01,4.086443166765476587e-01,-1.168343537634447538e-02,-3.505030612903342613e-02,8.349290321495450584e-02,4.844259708592107971e-02
4.200542866352175442e-01,4.086443166765476587e-01,-1.140996995866988550e-02,-3.422990987600965651e-02,8.203962530237696171e-02,4.780971542636730520e-02
4.197856021890856160e-01,4.086443166765476587e-01,-1.114128551253795729e-02,-3.342385653761387188e-02,8.060533383957846354e-02,4.718147730196459166e-02
4.195216358906838638e-01,4.086443166765476587e-01,-1.087731921413620517e-02,-3.263195764240861552e-02,7.918988952052563590e-02,4.655793187811702039e-02
4.192623253854699250e-01,4.086443166765476587e-01,-1.061800870892226634e-02,-3.185402612676679901e-02,7.779315156418165067e-02,4.593912543741485166e-02
4.190076087927997461e-01,4.086443166765476587e-01,-1.036329211625208746e-02,-3.108987634875626238e-02,7.641497780105366289e-02,4.532510145229740051e-02
4.187574247102747727e-01,4.086443166765476587e-01,-1.011310803372711398e-02,-3.033932410118134193e-02,7.505522475749204503e-02,4.471590065631070310e-02
4.185117122178154681e-01,4.086443166765476587e-01,-9.867395541267809378e-03,-2.960218662380342813e-02,7.371374773779137968e-02,4.411156111398795154e-02
4.182704108814675470e-01,4.086443166765476587e-01,-9.626094204919888320e-03,-2.887828261475966496e-02,7.239040090437631747e-02,4.351211828961665251e-02
4.180334607569485827e-01,4.086443166765476587e-01,-9.389144080400924075e-03,-2.816743224120277223e-02,7.108503735568927340e-02,4.291760511448650117e-02
4.178008023929410952e-01,4.086443166765476587e-01,-9.156485716393436558e-03,-2.746945714918030967e-02,6.979750920224625510e-02,4.232805205306594543e-02
4.175723768341388920e-01,4.086443166765476587e-01,-8.928060157591233281e-03,-2.678418047277369984e-02,6.852766764066098304e-02,4.174348716788728320e-02
4.173481256240534898e-01,4.086443166765476587e-01,-8.703808947505831117e-03,-2.611142684251749335e-02,6.727536302562064918e-02,4.116393618310315583e-02
4.171279908075863907e-01,4.086443166765476587e-01,-8.483674131038732025e-03,-2.545102239311619607e-02,6.604044494012972777e-02,4.058942254701353169e-02
4.169119149333739838e-01,4.086443166765476587e-01,-8.267598256826325098e-03,-2.480279477047897529e-02,6.482276226372207795e-02,4.001996749324310265e-02
4.166998410559109023e-01,4.086443166765476587e-01,-8.055524379363243614e-03,-2.416657313808973084e-02,6.362216323892444514e-02,3.945559010083471430e-02
4.164917127374578865e-01,4.086443166765476587e-01,-7.847396060910227789e-03,-2.354218818273068337e-02,6.243849553590474777e-02,3.889630735317406440e-02
4.162874740497402026e-01,4.086443166765476587e-01,-7.643157373192543957e-03,-2.292947211957763187e-02,6.127160631530514934e-02,3.834213419572751747e-02
4.160870695754421145e-01,4.086443166765476587e-01,-7.442752898894455793e-03,-2.232825869668336738e-02,6.012134228942644931e-02,3.779308359274308193e-02
4.158904444095032904e-01,4.086443166765476587e-01,-7.246127732955631728e-03,-2.173838319886689519e-02,5.898754978164721940e-02,3.724916658278032422e-02
4.156975441602227539e-01,4.086443166765476587e-01,-7.053227483675095222e-03,-2.115968245102528567e-02,5.787007478416095196e-02,3.671039233313566630e-02
4.155083149501755391e-01,4.086443166765476587e-01,-6.863998273627880398e-03,-2.059199482088364119e-02,5.676876301416444726e-02,3.617676819328080606e-02
4.153227034169476584e-01,4.086443166765476587e-01,-6.678386740399999688e-03,-2.003516022119999906e-02,5.568345996836421286e-02,3.564829974716421379e-02
4.151406567136944892e-01,4.086443166765476587e-01,-6.496340037146830504e-03,-1.948902011144049151e-02,5.461401097595075527e-02,3.512499086451026375e-02
4.149621225095277421e-01,4.086443166765476587e-01,-6.317805832980083469e-03,-1.895341749894025041e-02,5.356026125002411042e-02,3.460684375108386002e-02
4.147870489897361179e-01,4.086443166765476587e-01,-6.142732313188459248e-03,-1.842819693956537774e-02,5.252205593748726642e-02,3.409385899792188868e-02
4.146153848558442601e-01,4.086443166765476587e-01,-5.971068179296601386e-03,-1.791320453788980416e-02,5.149924016755735856e-02,3.358603562966755440e-02
4.144470793255153884e-01,4.086443166765476587e-01,-5.802762648967729753e-03,-1.740828794690318926e-02,5.049165909866148994e-02,3.308337115175830068e-02
4.142820821323016656e-01,4.086443166765476587e-01,-5.637765455754006894e-03,-1.691329636726202068e-02,4.949915796411685776e-02,3.258586159685483707e-02
4.141203435252476805e-01,4.086443166765476587e-01,-5.476026848700021876e-03,-1.642808054610006563e-02,4.852158211619550521e-02,3.209350157009543958e-02
4.139618142683506585e-01,4.086443166765476587e-01,-5.317497591802999857e-03,-1.595249277540899957e-02,4.755877706910660585e-02,3.160628429369760628e-02
4.138064456398830027e-01,4.086443166765476587e-01,-5.162128963335343990e-03,-1.548638689000603197e-02,4.661058854029676013e-02,3.112420165029072816e-02
4.136541894315803880e-01,4.086443166765476587e-01,-5.009872755032729330e-03,-1.502961826509818799e-02,4.567686249078439786e-02,3.064724422568620987e-02
4.135049979477003479e-01,4.086443166765476587e-01,-4.860681271152689220e-03,-1.458204381345806766e-02,4.475744516401203299e-02,3.017540135055396533e-02
4.133588240039553496e-01,4.086443166765476587e-01,-4.714507327407690962e-03,-1.414352198222307289e-02,4.385218312349947745e-02,2.970866114127640456e-02
4.132156209263245228e-01,4.086443166765476587e-01,-4.571304249776864115e-03,-1.371391274933059234e-02,4.296092328924805415e-02,2.924701053991746180e-02
4.130753425497476483e-01,4.086443166765476587e-01,-4.431025873199989640e-03,-1.329307761959996892e-02,4.208351297306234251e-02,2.879043535346237359e-02
4.129379432167061270e-01,4.086443166765476587e-01,-4.293626540158468341e-03,-1.288087962047540502e-02,4.121979991245638963e-02,2.833892029198098461e-02
4.128033777756938139e-01,4.086443166765476587e-01,-4.159061099146155183e-03,-1.247718329743846555e-02,4.036963230369394751e-02,2.789244900625548196e-02
4.126716015795821035e-01,4.086443166765476587e-01,-4.027284903034444863e-03,-1.208185470910333459e-02,3.953285883351309593e-02,2.745100412440976134e-02
4.125425704838828755e-01,4.086443166765476587e-01,-3.898253807335216869e-03,-1.169476142200565061e-02,3.870932870976839801e-02,2.701456728776274741e-02
4.124162408449124073e-01,4.086443166765476587e-01,-3.771924168364748642e-03,-1.131577250509424593e-02,3.789889169114046830e-02,2.658311918604622237e-02
4.122925695178605299e-01,4.086443166765476587e-01,-3.648252841312871197e-03,-1.094475852393861359e-02,3.710139811556323330e-02,2.615663959162461971e-02
4.121715138547678015e-01,4.086443166765476587e-01,-3.527197178220142781e-03,-1.058159153466042834e-02,3.631669892781852482e-02,2.573510739315809648e-02
4.120530317024144185e-01,4.086443166765476587e-01,-3.408715025866759785e-03,-1.022614507760027935e-02,3.554464570601489903e-02,2.531850062841461968e-02
4.119370814001238612e-01,4.086443166765476587e-01,-3.292764723576202535e-03,-9.878294170728607604e-03,3.478509068716717501e-02,2.490679651643856740e-02
4.118236217774849384e-01,4.086443166765476587e-01,-3.179305100937279693e-03,-9.537915302811839080e-03,3.403788679167685238e-02,2.449997148886501330e-02
4.117126121519948945e-01,4.086443166765476587e-01,-3.068295475447235798e-03,-9.204886426341707395e-03,3.330288764701316850e-02,2.409800122067146111e-02
4.116040123266269668e-01,4.086443166765476587e-01,-2.959695650079308127e-03,-8.879086950237924381e-03,3.257994761037830145e-02,2.370086066014037707e-02
4.114977825873250561e-01,4.086443166765476587e-01,-2.853465910777397418e-03,-8.560397732332192255e-03,3.186892179057321250e-02,2.330852405824102025e-02
4.113938837004289528e-01,4.086443166765476587e-01,-2.749567023881294148e-03,-8.248701071643882443e-03,3.116966606883098123e-02,2.292096499718709879e-02
4.112922769100325615e-01,4.086443166765476587e-01,-2.647960233484902837e-03,-7.943880700454708510e-03,3.048203711891739331e-02,2.253815641846268480e-02
4.111929239352780097e-01,4.086443166765476587e-01,-2.548607258730350988e-03,-7.645821776191052965e-03,2.980589242636555447e-02,2.216007065017450151e-02
4.110957869675884724e-01,4.086443166765476587e-01,-2.451470291040813709e-03,-7.354410873122441128e-03,2.914109030686118373e-02,2.178667943373874261e-02
4.110008286678423217e-01,4.086443166765476587e-01,-2.356511991294663044e-03,-7.069535973883989133e-03,2.848748992384519951e-02,2.141795394996121038e-02
4.109080121634911542e-01,4.086443166765476587e-01,-2.263695486943495538e-03,-6.791086460830486615e-03,2.784495130535025176e-02,2.105386484451976514e-02
4.108173010456244723e-01,4.086443166765476587e-01,-2.172984369076813582e-03,-6.518953107230440747e-03,2.721333536000458686e-02,2.069438225277414611e-02
4.107286593659830176e-01,4.086443166765476587e-01,-2.084342689435358942e-03,-6.253028068306076825e-03,2.659250389243639212e-02,2.033947582413031530e-02
4.106420516339239768e-01,4.086443166765476587e-01,-1.997734957376318121e-03,-5.993204872128954364e-03,2.598231961771224618e-02,1.998911474558329182e-02
4.105574428133395015e-01,4.086443166765476587e-01,-1.913126136791842846e-03,-5.739378410375528539e-03,2.538264617534258250e-02,1.964326776496705396e-02
4.104747983195315419e-01,4.086443166765476587e-01,-1.830481642983883273e-03,-5.491444928951649818e-03,2.479334814238787210e-02,1.930190321343622228e-02
4.103940840160449355e-01,4.086443166765476587e-01,-1.749767339497276808e-03,-5.249302018491830424e-03,2.421429104598193938e-02,1.896498902749010895e-02
4.103152662114610827e-01,4.086443166765476587e-01,-1.670949534913424017e-03,-5.012848604740272052e-03,2.364534137515583723e-02,1.863249277041556518e-02
4.102383116561542642e-01,4.086443166765476587e-01,-1.593994979606605522e-03,-4.781984938819816566e-03,2.308636659204554853e-02,1.830438165322573196e-02
4.101631875390127635e-01,4.086443166765476587e-01,-1.518870862465104832e-03,-4.556612587395314495e-03,2.253723514245020709e-02,1.798062255505489260e-02
4.100898614841267387e-01,4.086443166765476587e-01,-1.445544807579079993e-03,-4.336634422737239980e-03,2.199781646580745154e-02,1.766118204307021156e-02
4.100183015474450632e-01,4.086443166765476587e-01,-1.373984870897404509e-03,-4.121954612692213527e-03,2.146798100450264535e-02,1.734602639181043182e-02
4.099484762134025240e-01,4.086443166765476587e-01,-1.304159536854865298e-03,-3.912478610564595893e-03,2.094760021276176332e-02,1.703512160219716742e-02
4.098803543915202074e-01,4.086443166765476587e-01,-1.236037714972548773e-03,-3.708113144917646320e-03,2.043654656469495734e-02,1.672843341977731102e-02
4.098139054129799064e-01,4.086443166765476587e-01,-1.169588736432247700e-03,-3.508766209296743099e-03,1.993469356209032206e-02,1.642592735279357896e-02
4.097490990271748790e-01,4.086443166765476587e-01,-1.104782350627220300e-03,-3.314347051881660899e-03,1.944191574150821999e-02,1.612756868962655910e-02
4.096859053982387922e-01,4.086443166765476587e-01,-1.041588721691133479e-03,-3.124766165073400437e-03,1.895808868082604626e-02,1.583332251575264582e-02
4.096242951015542921e-01,4.086443166765476587e-01,-9.799784250066334579e-04,-2.939935275019900374e-03,1.848308900535000632e-02,1.554315373033010594e-02
4.095642391202428123e-01,4.086443166765476587e-01,-9.199224436951536354e-04,-2.759767331085460906e-03,1.801679439344394673e-02,1.525702706235848582e-02
4.095057088416375612e-01,4.086443166765476587e-01,-8.613921650899025728e-04,-2.584176495269707718e-03,1.755908358157531879e-02,1.497490708630561107e-02
4.094486760537409675e-01,4.086443166765476587e-01,-8.043593771933088554e-04,-2.413078131579926566e-03,1.710983636897811522e-02,1.469675823739818865e-02
4.093931129416681358e-01,4.086443166765476587e-01,-7.487962651204771447e-04,-2.246388795361431434e-03,1.666893362184951322e-02,1.442254482648808178e-02
4.093389920840779239e-01,4.086443166765476587e-01,-6.946754075302652431e-04,-2.084026222590795729e-03,1.623625727706357047e-02,1.415223105447277474e-02
4.092862864495931396e-01,4.086443166765476587e-01,-6.419697730454809737e-04,-1.925909319136442921e-03,1.581169034543528085e-02,1.388578102629883793e-02
4.092349693932110233e-01,4.086443166765476587e-01,-5.906527166633646075e-04,-1.771958149990093823e-03,1.539511691463490983e-02,1.362315876464481601e-02
4.091850146527053478e-01,4.086443166765476587e-01,-5.406979761576891086e-04,-1.622093928473067326e-03,1.498642215170264969e-02,1.336432822322958236e-02
4.091363963450220242e-01,4.086443166765476587e-01,-4.920796684743655725e-04,-1.476239005423096717e-03,1.458549230499706084e-02,1.310925329957396412e-02
4.090890889626686566e-01,4.086443166765476587e-01,-4.447722861209979506e-04,-1.334316858362993852e-03,1.419221470601028656e-02,1.285789784764729271e-02
4.090430673701000441e-01,4.086443166765476587e-01,-3.987506935523854601e-04,-1.196252080657156380e-03,1.380647777058374714e-02,1.261022568992659076e-02
4.089983068001004085e-01,4.086443166765476587e-01,-3.539901235527498358e-04,-1.061970370658249507e-03,1.342817099989068730e-02,1.236620062923243779e-02
4.089547828501636784e-01,4.086443166765476587e-01,-3.104661736160196917e-04,-9.313985208480590750e-04,1.305718498101904324e-02,1.212578646017098416e-02
4.089124714788729964e-01,4.086443166765476587e-01,-2.681548023253377266e-04,-8.044644069760131799e-04,1.269341138720458950e-02,1.188894698022857632e-02
4.088713490022803376e-01,4.086443166765476587e-01,-2.270323257326789523e-04,-6.810969771980368570e-04,1.233674297779763229e-02,1.165564600059959544e-02
4.088313920902877374e-01,4.086443166765476587e-01,-1.870754137400787442e-04,-5.612262412202362327e-04,1.198707359778006243e-02,1.142584735655982620e-02
4.087925777630307955e-01,4.086443166765476587e-01,-1.482610864831368502e-04,-4.447832594494105507e-04,1.164429817708256820e-02,1.119951491763315765e-02
4.087548833872656218e-01,4.086443166765476587e-01,-1.105667107179630904e-04,-3.317001321538892711e-04,1.130831272955212796e-02,1.097661259739823869e-02
4.087182866727601671e-01,4.086443166765476587e-01,-7.396999621250843759e-05,-2.219099886375253128e-04,1.097901435163639583e-02,1.075710436299887052e-02
4.086827656686909949e-01,4.086443166765476587e-01,-3.844899214333619142e-05,-1.153469764300085743e-04,1.065630122075167385e-02,1.054095424432166528e-02
4.086482987600462691e-01,4.086443166765476587e-01,-3.982083498610400341e-06,-1.194625049583120102e-05,1.034007259341773732e-02,1.032812634292190612e-02
4.086148646640358484e-01,4.086443166765476587e-01,2.945201251181028823e-05,8.835603753543086469e-05,1.003022880312620657e-02,1.011858484066163744e-02
4.085824424265094845e-01,4.086443166765476587e-01,6.187425003817415003e-05,1.856227501145224501e-04,9.726671257909158541e-03,9.912294008023680991e-03
4.085510114183839026e-01,4.086443166765476587e-01,9.330525816375612180e-05,2.799157744912683654e-04,9.429302437674591530e-03,9.709218212165859896e-03
4.085205513320795401e-01,4.086443166765476587e-01,1.237653444681185988e-04,3.712960334043557964e-04,9.138025891308743098e-03,9.509321924713098895e-03
4.084910421779676670e-01,4.086443166765476587e-01,1.532744985799916471e-04,4.598234957399749412e-04,8.852746233561914480e-03,9.312569729301889421e-03
4.084624642808287187e-01,4.086443166765476587e-01,1.818523957189399631e-04,5.455571871568198894e-04,8.573369141684494821e-03,9.118926328841314710e-03
4.084347982763226748e-01,4.086443166765476587e-01,2.095184002249839139e-04,6.285552006749517417e-04,8.299801351813185235e-03,8.928356552488136977e-03
4.084080251074718726e-01,4.086443166765476587e-01,2.362915690757860787e-04,7.088747072273582361e-04,8.031950655240649439e-03,8.740825362468007675e-03
4.083821260211573101e-01,4.086443166765476587e-01,2.621906553903485815e-04,7.865719661710457444e-04,7.769725894368750829e-03,8.556297860539796574e-03
4.083570825646288260e-01,4.086443166765476587e-01,2.872341119188326353e-04,8.617023357564979058e-04,7.513036958545216137e-03,8.374739294301714043e-03
4.083328765820297690e-01,4.086443166765476587e-01,3.114400945178896762e-04,9.343202835536690287e-04,7.261794779717112291e-03,8.196115063270781320e-03
4.083094902109370428e-01,4.086443166765476587e-01,3.348264656106159087e-04,1.004479396831847726e-03,7.015911327817869747e-03,8.020390724649717473e-03
4.082869058789167505e-01,4.086443166765476587e-01,3.574107976309082169e-04,1.072232392892724651e-03,6.775299606087692439e-03,7.847531998980417089e-03
4.082651063000963809e-01,4.086443166765476587e-01,3.792103764512777531e-04,1.137631129353833259e-03,6.539873646110860861e-03,7.677504775464694120e-03
4.082440744717535375e-01,4.086443166765476587e-01,4.002422047941212035e-04,1.200726614382363611e-03,6.309548502853035146e-03,7.510275117235398756e-03
4.082237936709224302e-01,4.086443166765476587e-01,4.205230056252284854e-04,1.261569016875685456e-03,6.084240249332184547e-03,7.345809266207870003e-03
4.082042474510179653e-01,4.086443166765476587e-01,4.400692255296934086e-04,1.320207676589080226e-03,5.863865971339476957e-03,7.184073647928557182e-03
4.081854196384782640e-01,4.086443166765476587e-01,4.588970380693946360e-04,1.376691114208183908e-03,5.648343761910368244e-03,7.025034876118552152e-03
4.081672943294261668e-01,4.086443166765476587e-01,4.770223471214918298e-04,1.431067041364475489e-03,5.437592715629158135e-03,6.868659756993633625e-03
4.081498558863497772e-01,4.086443166765476587e-01,4.944607901978814724e-04,1.483382370593644417e-03,5.231532922916892758e-03,6.714915293510537175e-03
4.081330889348027124e-01,4.086443166765476587e-01,5.112277417449462291e-04,1.533683225234838687e-03,5.030085464119427030e-03,6.563768689354265717e-03
4.081169783601246159e-01,4.086443166765476587e-01,5.273383164230427411e-04,1.582014949269128223e-03,4.833172403428953601e-03,6.415187352698081824e-03
4.081015093041817643e-01,4.086443166765476587e-01,5.428073723658943806e-04,1.628422117097683142e-03,4.640716782855491829e-03,6.269138899953174970e-03
4.080866671621289354e-01,4.086443166765476587e-01,5.576495144187232356e-04,1.672948543256169707e-03,4.452642615848656504e-03,6.125591159104826211e-03
4.080724375791919822e-01,4.086443166765476587e-01,5.718790973556764357e-04,1.715637292067029307e-03,4.268874881085960027e-03,5.984512173152989334e-03
4.080588064474723886e-01,4.086443166765476587e-01,5.855102290752700611e-04,1.756530687225810183e-03,4.089339515878087639e-03,5.845870203103897822e-03
4.080457599027730864e-01,4.086443166765476587e-01,5.985567737745722816e-04,1.795670321323716845e-03,3.913963409790666148e-03,5.709633731114382993e-03
4.080332843214469207e-01,4.086443166765476587e-01,6.110323551007379450e-04,1.833097065302213835e-03,3.742674397849699020e-03,5.575771463151912855e-03
4.080213663172670424e-01,4.086443166765476587e-01,6.229503592806162615e-04,1.868851077841848785e-03,3.575401253963494952e-03,5.444252331805343736e-03
4.080099927383203373e-01,4.086443166765476587e-01,6.343239382273213600e-04,1.902971814681964080e-03,3.412073684011529551e-03,5.315045498693493631e-03
4.079991506639235044e-01,4.086443166765476587e-01,6.451660126241542947e-04,1.935498037872462884e-03,3.252622319049880417e-03,5.188120356922343301e-03
4.079888274015623928e-01,4.086443166765476587e-01,6.554892749852658795e-04,1.966467824955797639e-03,3.096978708333475439e-03,5.063446533289273077e-03
4.079790104838545983e-01,4.086443166765476587e-01,6.653061926930603498e-04,1.995918578079181049e-03,2.945075312338341078e-03,4.940993890417522127e-03
4.079696876655358184e-01,4.086443166765476587e-01,6.746290110118402517e-04,2.023887033035520755e-03,2.796845495633970557e-03,4.820732528669491312e-03
4.079608469204699106e-01,4.086443166765476587e-01,6.834697560777480696e-04,2.050409268233244209e-03,2.652223519772345384e-03,4.702632788005589592e-03
4.079524764386828206e-01,4.086443166765476587e-01,6.918402378648380591e-04,2.075520713594514177e-03,2.511144536126996840e-03,4.586665249721511017e-03
4.079445646234207135e-01,4.086443166765476587e-01,6.997520531269452171e-04,2.099256159380835651e-03,2.373544578632147406e-03,4.472800738012983057e-03
4.079371000882324183e-01,4.086443166765476587e-01,7.072165883152403687e-04,2.121649764945721106e-03,2.239360556488545484e-03,4.361010321434266590e-03
4.079300716540762428e-01,4.086443166765476587e-01,7.142450224714158580e-04,2.142735067414247574e-03,2.108530246852646783e-03,4.251265314266894357e-03
4.079234683464514899e-01,4.086443166765476587e-01,7.208483300961687767e-04,2.162544990288506330e-03,1.980992287425875631e-03,4.143537277714381961e-03
4.079172793925545104e-01,4.086443166765476587e-01,7.270372839931482645e-04,2.181111851979444793e-03,1.856686169093846317e-03,4.037798021073291110e-03
4.079114942184596249e-01,4.086443166765476587e-01,7.328224580880338124e-04,2.198467374264101437e-03,1.735552228465664371e-03,3.934019602729765808e-03
4.079061024463250251e-01,4.086443166765476587e-01,7.382142302226335495e-04,2.214642690667900649e-03,1.617531640379921143e-03,3.832174331047821791e-03
4.079010938916235451e-01,4.086443166765476587e-01,7.432227849241135331e-04,2.229668354772340599e-03,1.502566410443995082e-03,3.732234765216335681e-03
4.078964585603985782e-01,4.086443166765476587e-01,7.478581161490804874e-04,2.243574348447241462e-03,1.390599367490086280e-03,3.634173715937327742e-03
4.078921866465451962e-01,4.086443166765476587e-01,7.521300300024624796e-04,2.256390090007387439e-03,1.281574156014597676e-03,3.537964246021985115e-03
4.078882685291164156e-01,4.086443166765476587e-01,7.560481474312430450e-04,2.268144442293729135e-03,1.175435228634169604e-03,3.443579670927898739e-03
4.078846947696547209e-01,4.086443166765476587e-01,7.596219068929377372e-04,2.278865720678813211e-03,1.072127838508407649e-03,3.350993559187220860e-03
4.078814561095489566e-01,4.086443166765476587e-01,7.628605669987020832e-04,2.288581700996106250e-03,9.715980317293038127e-04,3.260179732725410062e-03
4.078785434674164767e-01,4.086443166765476587e-01,7.657732091311819644e-04,2.297319627393545893e-03,8.737926397439643722e-04,3.171112267137510266e-03
4.078759479365107188e-01,4.086443166765476587e-01,7.683687400369398901e-04,2.305106220110819670e-03,7.786592717273776998e-04,3.083765491838197370e-03
4.078736607821541460e-01,4.086443166765476587e-01,7.706558943935126749e-04,2.311967683180538025e-03,6.861463069718354291e-04,2.998113990152373454e-03
4.078716734391965582e-01,4.086443166765476587e-01,7.726432373511005203e-04,2.317929712053301561e-03,5.962028872763536214e-04,2.914132599329655182e-03
4.078699775094989377e-01,4.086443166765476587e-01,7.743391670487209666e-04,2.323017501146162900e-03,5.087789092861338958e-04,2.831796410432296796e-03
4.078685647594423314e-01,4.086443166765476587e-01,7.757519171053273155e-04,2.327255751315981946e-03,4.238250169819046675e-04,2.751080768297886614e-03
4.078674271174625443e-01,4.086443166765476587e-01,7.768895590851143673e-04,2.330668677255343102e-03,3.412925939361155514e-04,2.671961271191458653e-03
4.078665566716098700e-01,4.086443166765476587e-01,7.777600049377886293e-04,2.333280014813365888e-03,2.611337558022785998e-04,2.594413770615644488e-03
4.078659456671342998e-01,4.086443166765476587e-01,7.783710094133589052e-04,2.335113028240076716e-03,1.833013426710827787e-04,2.518414370911159494e-03
4.078655865040958228e-01,4.086443166765476587e-01,7.787301724518358448e-04,2.336190517355507534e-03,1.077489115430818600e-04,2.443939428898589394e-03
4.078654717350002068e-01,4.086443166765476587e-01,7.788449415474518744e-04,2.336534824642355623e-03,3.443072868480889781e-05,2.370965553327164521e-03
4.078655940624599241e-01,4.086443166765476587e-01,7.787226140877345770e-04,2.336167842263203731e-03,-3.669823791518922462e-05,2.299469604348014506e-03
4.078659463368800586e-01,4.086443166765476587e-01,7.783703396676000530e-04,2.335111019002800159e-03,-1.056823260403572107e-04,2.229428692962442948e-03
4.078665215541695255e-01,4.086443166765476587e-01,7.777951223781331969e-04,2.333385367134399591e-03,-1.725651868400568389e-04,2.160820180294342752e-03
4.078673128534769932e-01,4.086443166765476587e-01,7.770038230706655114e-04,2.331011469211996534e-03,-2.373897922403056526e-04,2.093621676971690881e-03
4.078683135149521743e-01,4.086443166765476587e-01,7.760031615954843254e-04,2.328009484786452976e-03,-3.001984425543557933e-04,2.027811042232097183e-03
4.078695169575315971e-01,4.086443166765476587e-01,7.747997190160615943e-04,2.324399157048184783e-03,-3.610327738268193087e-04,1.963366383221365474e-03
4.078709167367493005e-01,4.086443166765476587e-01,7.733999397983581936e-04,2.320199819395074581e-03,-4.199337653110202240e-04,1.900266054084054357e-03
4.078725065425724550e-01,4.086443166765476587e-01,7.718101339752037049e-04,2.315430401925611115e-03,-4.769417469463466119e-04,1.838488654979264503e-03
4.078742801972610743e-01,4.086443166765476587e-01,7.700364792865843633e-04,2.310109437859753090e-03,-5.320964065858024838e-04,1.778013031273950606e-03
4.078762316532528187e-01,4.086443166765476587e-01,7.680850232948399636e-04,2.304255069884519891e-03,-5.854367975233198962e-04,1.718818272361199995e-03
4.078783549910718342e-01,4.086443166765476587e-01,7.659616854758244386e-04,2.297885056427473316e-03,-6.370013457046574956e-04,1.660883710722815820e-03
4.078806444172619061e-01,4.086443166765476587e-01,7.636722592857525527e-04,2.291016777857257658e-03,-6.868278570215657908e-04,1.604188920835691867e-03
4.078830942623440370e-01,4.086443166765476587e-01,7.612224142036216890e-04,2.283667242610865067e-03,-7.349535246392591148e-04,1.548713717971605952e-03
4.078856989787980059e-01,4.086443166765476587e-01,7.586176977496528195e-04,2.275853093248958459e-03,-7.814149361906608249e-04,1.494438157058297634e-03
4.078884531390676860e-01,4.086443166765476587e-01,7.558635374799727025e-04,2.267590612439918107e-03,-8.262480809040351204e-04,1.441342531535882987e-03
4.078913514335905099e-01,4.086443166765476587e-01,7.529652429571487282e-04,2.258895728871446185e-03,-8.694883568471922786e-04,1.389407372024253906e-03
4.078943886688505271e-01,4.086443166765476587e-01,7.499280076971315268e-04,2.249784023091394580e-03,-9.111705780051604364e-04,1.338613445086234144e-03
4.078975597654550533e-01,4.086443166765476587e-01,7.467569110926053355e-04,2.240270733277816007e-03,-9.513289813578573728e-04,1.288941751919958634e-03
4.079008597562347460e-01,4.086443166765476587e-01,7.434569203129126613e-04,2.230370760938737984e-03,-9.899972339078022543e-04,1.240373527030935730e-03
4.079042837843671609e-01,4.086443166765476587e-01,7.400328921804977256e-04,2.220098676541493177e-03,-1.027208439724480726e-03,1.192890236817012450e-03
4.079078271015232349e-01,4.086443166765476587e-01,7.364895750244238037e-04,2.209468725073271411e-03,-1.062995146822176551e-03,1.146473578251094860e-03
4.079114850660371383e-01,4.086443166765476587e-01,7.328316105105203704e-04,2.198494831531561111e-03,-1.097389354171030007e-03,1.101105477360531104e-03
4.079152531410987770e-01,4.086443166765476587e-01,7.290635354488816944e-04,2.187190606346645083e-03,-1.130422518491602801e-03,1.056768087855042282e-03
4.079191268929692193e-01,4.086443166765476587e-01,7.251897835784393287e-04,2.175569350735317986e-03,-1.162125561132709706e-03,1.013443789602608280e-03
4.079231019892186061e-01,4.086443166765476587e-01,7.212146873290525839e-04,2.163644061987157752e-03,-1.192528874816023432e-03,9.711151871711343198e-04
4.079271741969867082e-01,4.086443166765476587e-01,7.171424795609504521e-04,2.151427438682851356e-03,-1.221662330430639543e-03,9.297651082522118138e-04
4.079313393812656341e-01,4.086443166765476587e-01,7.129772952820245813e-04,2.138931885846073744e-03,-1.249555283677761253e-03,8.893766021683124912e-04
4.079355935032047964e-01,4.086443166765476587e-01,7.087231733428622782e-04,2.126169520028586835e-03,-1.276236581748690924e-03,8.499329382798959109e-04
4.079399326184378061e-01,4.086443166765476587e-01,7.043840581098526066e-04,2.113152174329557820e-03,-1.301734569902901484e-03,8.114176044266563359e-04
4.079443528754312376e-01,4.086443166765476587e-01,6.999638011164210916e-04,2.099891403349263275e-03,-1.326077098029454504e-03,7.738143053198087706e-04
4.079488505138552101e-01,4.086443166765476587e-01,6.954661626924485418e-04,2.086398488077345625e-03,-1.349291527191764928e-03,7.371069608855806976e-04
4.079534218629752851e-01,4.086443166765476587e-01,6.908948135723735895e-04,2.072684440717120768e-03,-1.371404736022485693e-03,7.012797046946350754e-04
4.079580633400657907e-01,4.086443166765476587e-01,6.862533364818679260e-04,2.058760009445603778e-03,-1.392443127151699045e-03,6.663168822939047331e-04
4.079627714488445189e-01,4.086443166765476587e-01,6.815452277031397443e-04,2.044635683109419233e-03,-1.412432633618454503e-03,6.322030494909647302e-04
4.079675427779282382e-01,4.086443166765476587e-01,6.767738986194204998e-04,2.030321695858261499e-03,-1.431398725115773374e-03,5.989229707424881255e-04
4.079723739993090237e-01,4.086443166765476587e-01,6.719426772386349889e-04,2.015828031715904967e-03,-1.449366414235653266e-03,5.664616174802517001e-04
4.079772618668515705e-01,4.086443166765476587e-01,6.670548096960882134e-04,2.001164429088264640e-03,-1.466360262764032640e-03,5.348041663242319999e-04
4.079822032148107125e-01,4.086443166765476587e-01,6.621134617369461850e-04,1.986340385210838555e-03,-1.482404387742608520e-03,5.039359974682300347e-04
4.079871949563695921e-01,4.086443166765476587e-01,6.571217201780665818e-04,1.971365160534199745e-03,-1.497522467663880974e-03,4.738426928703187713e-04
4.079922340821977578e-01,4.086443166765476587e-01,6.520825943499009014e-04,1.956247783049702704e-03,-1.511737748449704100e-03,4.445100345999986047e-04
4.079973176590294126e-01,4.086443166765476587e-01,6.469990175182460668e-04,1.940997052554738200e-03,-1.525073049496450395e-03,4.159240030582878056e-04
4.080024428282613691e-01,4.086443166765476587e-01,6.418738482862895722e-04,1.925621544858868717e-03,-1.537550769586948363e-03,3.880707752719203540e-04
4.080076068045708770e-01,4.086443166765476587e-01,6.367098719767816384e-04,1.910129615930344915e-03,-1.549192892852380155e-03,3.609367230779647606e-04
4.080128068745526582e-01,4.086443166765476587e-01,6.315098019950005082e-04,1.894529405985001524e-03,-1.560020994534339067e-03,3.345084114506624573e-04
4.080180403953755919e-01,4.086443166765476587e-01,6.262762811720667955e-04,1.878828843516200386e-03,-1.570056246880113804e-03,3.087725966360865826e-04
4.080233047934581636e-01,4.086443166765476587e-01,6.210118830894950648e-04,1.863035649268485194e-03,-1.579319424771519209e-03,2.837162244969659852e-04
4.080285975631632311e-01,4.086443166765476587e-01,6.157191133844275299e-04,1.847157340153282590e-03,-1.587830911520260457e-03,2.593264286330221324e-04
4.080339162655111651e-01,4.086443166765476587e-01,6.104004110364935620e-04,1.831201233109480686e-03,-1.595610704380190370e-03,2.355905287292903161e-04
4.080392585269119743e-01,4.086443166765476587e-01,6.050581496356843836e-04,1.815174448907053151e-03,-1.602678420242753532e-03,2.124960286642996188e-04
4.080446220379156386e-01,4.086443166765476587e-01,5.996946386320201050e-04,1.799083915896060315e-03,-1.609053301099283573e-03,1.900306147967767423e-04
4.080500045519807606e-01,4.086443166765476587e-01,5.943121245668980812e-04,1.782936373700694244e-03,-1.614754219536607138e-03,1.681821541640871054e-04
4.080554038842613140e-01,4.086443166765476587e-01,5.889127922863446329e-04,1.766738376859033899e-03,-1.619799684166034481e-03,1.469386926929994175e-04
4.080608179104111555e-01,4.086443166765476587e-01,5.834987661365031997e-04,1.750496298409509599e-03,-1.624207844952429980e-03,1.262884534570796191e-04
4.080662445654062997e-01,4.086443166765476587e-01,5.780721111413589242e-04,1.734216333424076772e-03,-1.627996498543282655e-03,1.062198348807941173e-04
4.080716818423849590e-01,4.086443166765476587e-01,5.726348341626996685e-04,1.717904502488099006e-03,-1.631183093597776690e-03,8.672140889032231570e-05
4.080771277915045125e-01,4.086443166765476587e-01,5.671888850431461293e-04,1.701566655129438388e-03,-1.633784735866061766e-03,6.778191926337662210e-05
4.080825805188159627e-01,4.086443166765476587e-01,5.617361577316959398e-04,1.685208473195087819e-03,-1.635818193435056855e-03,4.939027976003096398e-05
4.080880381851553773e-01,4.086443166765476587e-01,5.562784913922813601e-04,1.668835474176844080e-03,-1.637299901824373904e-03,3.153557235247017587e-05
4.080934990050520406e-01,4.086443166765476587e-01,5.508176714956181108e-04,1.652453014486854332e-03,-1.638245968998974789e-03,1.420704548787954380e-05
4.080989612456532578e-01,4.086443166765476587e-01,5.453554308944008611e-04,1.636066292683202583e-03,-1.638672180365174924e-03,-2.605887681972340886e-06
4.081044232256657023e-01,4.086443166765476587e-01,5.398934508819563938e-04,1.619680352645869181e-03,-1.638594003733340188e-03,-1.891365108747100621e-05
4.081098833143130267e-01,4.086443166765476587e-01,5.344333622346320034e-04,1.603300086703896010e-03,-1.638026594197317110e-03,-3.472650749342109933e-05
4.081153399303096285e-01,4.086443166765476587e-01,5.289767462380301488e-04,1.586930238714090446e-03,-1.636984798980556377e-03,-5.005456026646593060e-05
4.081207915408501807e-01,4.086443166765476587e-01,5.235251356974779391e-04,1.570575407092433817e-03,-1.635483162165662918e-03,-6.490775507322910087e-05
4.081262366606152603e-01,4.086443166765476587e-01,5.180800159323983856e-04,1.554240047797195157e-03,-1.633535929523866059e-03,-7.929588172667090262e-05
4.081316738507921316e-01,4.086443166765476587e-01,5.126428257555271095e-04,1.537928477266581329e-03,-1.631157053061382811e-03,-9.322857579480148260e-05
4.081371017181114613e-01,4.086443166765476587e-01,5.072149584361973496e-04,1.521644875308592049e-03,-1.628360195798927990e-03,-1.067153204903359409e-04
4.081425189138987442e-01,4.086443166765476587e-01,5.017977626489145138e-04,1.505393287946743541e-03,-1.625158736184850738e-03,-1.197654482381071972e-04
4.081479241331411600e-01,4.086443166765476587e-01,4.963925434064986320e-04,1.489177630219495896e-03,-1.621565772724764543e-03,-1.323881425052686467e-04
4.081533161135693644e-01,4.086443166765476587e-01,4.910005629782943082e-04,1.473001688934882925e-03,-1.617594128461297132e-03,-1.445924395264142071e-04
4.081586936347535999e-01,4.086443166765476587e-01,4.856230417940587962e-04,1.456869125382176389e-03,-1.613256355270653586e-03,-1.563872298884771972e-04
4.081640555172148521e-01,4.086443166765476587e-01,4.802611593328065531e-04,1.440783477998419659e-03,-1.608564738375672931e-03,-1.677812603772532718e-04
4.081694006215500492e-01,4.086443166765476587e-01,4.749160549976094714e-04,1.424748164992828414e-03,-1.603531300559124517e-03,-1.787831355662961030e-04
4.081747278475716945e-01,4.086443166765476587e-01,4.695888289759642120e-04,1.408766486927892636e-03,-1.598167806493577814e-03,-1.894013195656851778e-04
4.081800361334613769e-01,4.086443166765476587e-01,4.642805430862817495e-04,1.392841629258845249e-03,-1.592485766904738753e-03,-1.996441376458935046e-04
4.081853244549373261e-01,4.086443166765476587e-01,4.589922216103325958e-04,1.376976664830997787e-03,-1.586496442784746108e-03,-2.095197779537483207e-04
4.081905918244354559e-01,4.086443166765476587e-01,4.537248521122028144e-04,1.361174556336608443e-03,-1.580210849438934417e-03,-2.190362931023259740e-04
4.081958372903042864e-01,4.086443166765476587e-01,4.484793862433722467e-04,1.345438158730116740e-03,-1.573639760649170327e-03,-2.282016019190535872e-04
4.082010599360129111e-01,4.086443166765476587e-01,4.432567405347476175e-04,1.329770221604242852e-03,-1.566793712587388754e-03,-2.370234909831459014e-04
4.082062588793724522e-01,4.086443166765476587e-01,4.380577971752064315e-04,1.314173391525619294e-03,-1.559683007862355808e-03,-2.455096163367365136e-04
4.082114332717703409e-01,4.086443166765476587e-01,4.328834047773177929e-04,1.298650214331953379e-03,-1.552317719366591575e-03,-2.536675050346381965e-04
4.082165822974177516e-01,4.086443166765476587e-01,4.277343791299070830e-04,1.283203137389721249e-03,-1.544707694223212968e-03,-2.615045568334917192e-04
4.082217051726094725e-01,4.086443166765476587e-01,4.226115039381861394e-04,1.267834511814558418e-03,-1.536862557516283090e-03,-2.690280457017246718e-04
4.082268011449965983e-01,4.086443166765476587e-01,4.175155315510603593e-04,1.252546594653181078e-03,-1.528791716137734014e-03,-2.762451214845529357e-04
4.082318694928716019e-01,4.086443166765476587e-01,4.124471836760568166e-04,1.237341551028170450e-03,-1.520504362501062801e-03,-2.831628114728923507e-04
4.082369095244654522e-01,4.086443166765476587e-01,4.074071520822064585e-04,1.222221456246619375e-03,-1.512009478155107445e-03,-2.897880219084880693e-04
4.082419205772571114e-01,4.086443166765476587e-01,4.023960992905473155e-04,1.207188297871641947e-03,-1.503315837497742891e-03,-2.961275396261009440e-04
4.082469020172947993e-01,4.086443166765476587e-01,3.974146592528593480e-04,1.192243977758578044e-03,-1.494432011306390251e-03,-3.021880335478122070e-04
4.082518532385291388e-01,4.086443166765476587e-01,3.924634380185199056e-04,1.177390314055559717e-03,-1.485366370301832717e-03,-3.079760562462730000e-04
4.082567736621578458e-01,4.086443166765476587e-01,3.875430143898128676e-04,1.162629043169438603e-03,-1.476127088612111393e-03,-3.134980454426727903e-04
4.082616627359820227e-01,4.086443166765476587e-01,3.826539405656359527e-04,1.147961821696907858e-03,-1.466722147253074482e-03,-3.187603255561666238e-04
4.082665199337736639e-01,4.086443166765476587e-01,3.777967427739947759e-04,1.133390228321984328e-03,-1.457159337492353046e-03,-3.237691091703687185e-04
4.082713447546543750e-01,4.086443166765476587e-01,3.729719218932836533e-04,1.118915765679850960e-03,-1.447446264213336775e-03,-3.285304985334858152e-04
4.082761367224851945e-01,4.086443166765476587e-01,3.681799540624641764e-04,1.104539862187392529e-03,-1.437590349245843058e-03,-3.330504870584505284e-04
4.082808953852673506e-01,4.086443166765476587e-01,3.634212912803080897e-04,1.090263873840924269e-03,-1.427598834646826020e-03,-3.373349608059017513e-04
4.082856203145533991e-01,4.086443166765476587e-01,3.586963619942595827e-04,1.076089085982778748e-03,-1.417478785814552111e-03,-3.413896998317733633e-04
4.082903111048694633e-01,4.086443166765476587e-01,3.540055716781953521e-04,1.062016715034586056e-03,-1.407237094819269174e-03,-3.452203797846831179e-04
4.082949673731475770e-01,4.086443166765476587e-01,3.493493034000816344e-04,1.048047910200244903e-03,-1.396880483434115305e-03,-3.488325732338704022e-04
4.082995887581683525e-01,4.086443166765476587e-01,3.447279183793061641e-04,1.034183755137918492e-03,-1.386415506232641093e-03,-3.522317510947226005e-04
4.083041749200140291e-01,4.086443166765476587e-01,3.401417565336295468e-04,1.020425269600888640e-03,-1.375848553702985200e-03,-3.554232841020965594e-04
4.083087255395312920e-01,4.086443166765476587e-01,3.355911370163666696e-04,1.006773411049100009e-03,-1.365185855178863150e-03,-3.584124441297631414e-04
4.083132403178041381e-01,4.086443166765476587e-01,3.310763587435205935e-04,9.932290762305617804e-04,-1.354433481853822840e-03,-3.612044056232610600e-04
4.083177189756364012e-01,4.086443166765476587e-01,3.265977009112575047e-04,9.797931027337725141e-04,-1.343597349678926633e-03,-3.638042469451541194e-04
4.083221612530439915e-01,4.086443166765476587e-01,3.221554235036672154e-04,9.664662705110016461e-04,-1.332683222277086799e-03,-3.662169517660851525e-04
4.083265669087564054e-01,4.086443166765476587e-01,3.177497677912533014e-04,9.532493033737599042e-04,-1.321696713724174188e-03,-3.684474103504142839e-04
4.083309357197277834e-01,4.086443166765476587e-01,3.133809568198753226e-04,9.401428704596259678e-04,-1.310643291413393641e-03,-3.705004209537676729e-04
4.083352674806570715e-01,4.086443166765476587e-01,3.090491958905872139e-04,9.271475876717616416e-04,-1.299528278786432622e-03,-3.723806911146709808e-04
4.083395620035172313e-01,4.086443166765476587e-01,3.047546730304273588e-04,9.142640190912820763e-04,-1.288356858047956521e-03,-3.740928389566744450e-04
4.083438191170934983e-01,4.086443166765476587e-01,3.004975594541603456e-04,9.014926783624810369e-04,-1.277134072880103943e-03,-3.756413945176229063e-04
4.083480386665302997e-01,4.086443166765476587e-01,2.962780100173589837e-04,8.888340300520769510e-04,-1.265864831040408589e-03,-3.770308009883316380e-04
4.083522205128869986e-01,4.086443166765476587e-01,2.920961636606600464e-04,8.762884909819801393e-04,-1.254553907009681168e-03,-3.782654160277010291e-04
4.083563645327021319e-01,4.086443166765476587e-01,2.879521438455268090e-04,8.638564315365804269e-04,-1.243205944539971242e-03,-3.793495130033908147e-04
4.083604706175659738e-01,4.086443166765476587e-01,2.838460589816849122e-04,8.515381769450547367e-04,-1.231825459152569024e-03,-3.802872822075142878e-04
4.083645386737015937e-01,4.086443166765476587e-01,2.797780028460650215e-04,8.393340085381950644e-04,-1.220416840685967230e-03,-3.810828321477721659e-04
4.083685686215539623e-01,4.086443166765476587e-01,2.757480549936963676e-04,8.272441649810891029e-04,-1.208984355710596148e-03,-3.817401907295070451e-04
4.083725603953872740e-01,4.086443166765476587e-01,2.717562811603846384e-04,8.152688434811539153e-04,-1.197532149993518757e-03,-3.822633065123648421e-04
4.083765139428899293e-01,4.086443166765476587e-01,2.678027336577293305e-04,8.034082009731879914e-04,-1.186064250796592390e-03,-3.826560498234043983e-04
4.083804292247876222e-01,4.086443166765476587e-01,2.638874517600364733e-04,7.916623552801094199e-04,-1.174584569307857151e-03,-3.829222140277477315e-04
4.083843062144639213e-01,4.086443166765476587e-01,2.600104620837373481e-04,7.800313862512120444e-04,-1.163096902889737549e-03,-3.830655166385255050e-04
4.083881448975885120e-01,4.086443166765476587e-01,2.561717789591466676e-04,7.685153368774400029e-04,-1.151604937377204152e-03,-3.830896004997641491e-04
4.083919452717530985e-01,4.086443166765476587e-01,2.523714047945602168e-04,7.571142143836806504e-04,-1.140112249375935249e-03,-3.829980349922545990e-04
4.083957073461141341e-01,4.086443166765476587e-01,2.486093304335246224e-04,7.458279913005738671e-04,-1.128622308310678335e-03,-3.827943170101044679e-04
4.083994311410434896e-01,4.086443166765476587e-01,2.448855355041690274e-04,7.346566065125070821e-04,-1.117138478806678492e-03,-3.824818722941714100e-04
4.084031166877856167e-01,4.086443166765476587e-01,2.411999887620419614e-04,7.235999662861258841e-04,-1.105664022638119803e-03,-3.820640563519939192e-04
4.084067640281220934e-01,4.086443166765476587e-01,2.375526484255652271e-04,7.126579452766956813e-04,-1.094202100943020284e-03,-3.815441556663246025e-04
4.084103732140429988e-01,4.086443166765476587e-01,2.339434625046599159e-04,7.018303875139797476e-04,-1.082755776271593362e-03,-3.809253887576136144e-04
4.084139443074250586e-01,4.086443166765476587e-01,2.303723691226000625e-04,6.911171073678001875e-04,-1.071328014617956015e-03,-3.802109072501558273e-04
4.084174773797163982e-01,4.086443166765476587e-01,2.268392968312604729e-04,6.805178904937814188e-04,-1.059921687401876866e-03,-3.794037969080954475e-04
4.084209725116280110e-01,4.086443166765476587e-01,2.233441649196477030e-04,6.700324947589431090e-04,-1.048539573483830978e-03,-3.785070787248878688e-04
4.084244297928317780e-01,4.086443166765476587e-01,2.198868837158807210e-04,6.596606511476421630e-04,-1.037184361130094601e-03,-3.775237099824524378e-04
4.084278493216645378e-01,4.086443166765476587e-01,2.164673548831208549e-04,6.494020646493625648e-04,-1.025858649827959823e-03,-3.764565851785972583e-04
4.084312312048387628e-01,1.744250039674724029e-01,-2.340062272373663599e-01,-7.020186817120990241e-01,0.000000000000000000e+00,-7.020186817120990241e-01
4.083644112198417941e-01,1.744250039674724029e-01,-2.339394072523693913e-01,-7.018182217571081738e-01,2.004599549909058531e-02,-6.817722262580175885e-01
4.082294140122190163e-01,1.744250039674724029e-01,-2.338044100447466134e-01,-7.014132301342398401e-01,4.049916228683336783e-02,-6.609140678474064723e-01
4.080283253978115310e-01,1.744250039674724029e-01,-2.336033214303391281e-01,-7.008099642910173843e-01,6.032658432224557998e-02,-6.404833799687718043e-01
4.077631884454071542e-01,1.744250039674724029e-01,-2.333381844779347514e-01,-7.000145534338042541e-01,7.954108572131302068e-02,-6.204734677124912334e-01
4.074360041462315452e-01,1.744250039674724029e-01,-2.330110001787591423e-01,-6.990330005362774823e-01,9.815528975268272838e-02,-6.008777107835947540e-01
4.070487320759775818e-01,1.744250039674724029e-01,-2.326237281085051789e-01,-6.978711843255155367e-01,1.161816210761890122e-01,-5.816895632493265245e-01
4.066032910493986852e-01,1.744250039674724029e-01,-2.321782870819262823e-01,-6.965348612457789024e-01,1.336323079736689845e-01,-5.629025532721099179e-01
4.061015597674925703e-01,1.744250039674724029e-01,-2.316765558000201675e-01,-6.950296674000604469e-01,1.505193845718344470e-01,-5.445102828282259999e-01
4.055453774573036241e-01,1.744250039674724029e-01,-2.311203734898312212e-01,-6.933611204694936081e-01,1.668546930566838782e-01,-5.265064274128097299e-01
4.049365445043733858e-01,1.744250039674724029e-01,-2.305115405369009829e-01,-6.915346216107030042e-01,1.826498858790714941e-01,-5.088847357316315101e-01
4.042768230778699956e-01,1.744250039674724029e-01,-2.298518191103975927e-01,-6.895554573311928337e-01,1.979164279510170488e-01,-4.916390293801757849e-01
4.035679377484285846e-01,1.744250039674724029e-01,-2.291429337809561817e-01,-6.874288013428685451e-01,2.126655988324233082e-01,-4.747632025104452369e-01
4.028115760987361349e-01,1.744250039674724029e-01,-2.283865721312637320e-01,-6.851597163937912516e-01,2.269084949077349034e-01,-4.582512214860563482e-01
4.020093893268950613e-01,1.744250039674724029e-01,-2.275843853594226585e-01,-6.827531560782680309e-01,2.406560315523220694e-01,-4.420971245259459614e-01
4.011629928426013736e-01,1.744250039674724029e-01,-2.267379888751289707e-01,-6.802139666253869121e-01,2.539189452881063236e-01,-4.262950213372805885e-01
4.002739668561740016e-01,1.744250039674724029e-01,-2.258489628887015988e-01,-6.775468886661047963e-01,2.667077959282115884e-01,-4.108390927378932078e-01
3.993438569604728094e-01,1.744250039674724029e-01,-2.249188529930004066e-01,-6.747565589790012197e-01,2.790329687103576539e-01,-3.957235902686435658e-01
3.983741747057447657e-01,1.744250039674724029e-01,-2.239491707382723629e-01,-6.718475122148170886e-01,2.909046764184131106e-01,-3.809428357964039780e-01
3.973663981674370738e-01,1.744250039674724029e-01,-2.229413941999646709e-01,-6.688241825998939571e-01,3.023329614923075948e-01,-3.664912211075863624e-01
3.963219725070186161e-01,1.744250039674724029e-01,-2.218969685395462133e-01,-6.656909056186386398e-01,3.133276981255372906e-01,-3.523632074931013491e-01
3.952423105258508484e-01,1.744250039674724029e-01,-2.208173065583784456e-01,-6.624519196751352812e-01,3.238985943503303044e-01,-3.385533253248049768e-01
3.941287932121506077e-01,1.744250039674724029e-01,-2.197037892446782048e-01,-6.591113677340345589e-01,3.340551941100722289e-01,-3.250561736239623301e-01
3.929827702810879675e-01,1.744250039674724029e-01,-2.185577663136155646e-01,-6.556732989408466938e-01,3.438068793187920580e-01,-3.118664196220546359e-01
3.918055607080631053e-01,1.744250039674724029e-01,-2.173805567405907024e-01,-6.521416702217721628e-01,3.531628719074586531e-01,-2.989787983143135097e-01
3.905984532552068123e-01,1.744250039674724029e-01,-2.161734492877344094e-01,-6.485203478632032281e-01,3.621322358568879185e-01,-2.863881120063153096e-01
3.893627069911498872e-01,1.744250039674724029e-01,-2.149377030236774844e-01,-6.448131090710325086e-01,3.707238792170775010e-01,-2.740892298539550076e-01
3.880995518041076009e-01,1.744250039674724029e-01,-2.136745478366351980e-01,-6.410236435099055941e-01,3.789465561126859061e-01,-2.620770873972196879e-01
3.868101889083255807e-01,1.744250039674724029e-01,-2.123851849408531778e-01,-6.371555548225595889e-01,3.868088687346060706e-01,-2.503466860879535183e-01
3.854957913439347461e-01,1.744250039674724029e-01,-2.110707873764623432e-01,-6.332123621293870297e-01,3.943192693172503649e-01,-2.388930928121366648e-01
3.841575044702627006e-01,1.744250039674724029e-01,-2.097325005027902978e-01,-6.291975015083708378e-01,4.014860621016136388e-01,-2.277114394067571990e-01
3.827964464526499855e-01,1.744250039674724029e-01,-2.083714424851775826e-01,-6.251143274555327478e-01,4.083174052838145496e-01,-2.167969221717181982e-01
3.814137087428201012e-01,1.744250039674724029e-01,-2.069887047753476983e-01,-6.209661143260430949e-01,4.148213129489652928e-01,-2.061448013770778021e-01
3.800103565528525351e-01,1.744250039674724029e-01,-2.055853525853801322e-01,-6.167560577561403967e-01,4.210056569902698165e-01,-1.957504007658705802e-01
3.785874293228083665e-01,1.744250039674724029e-01,-2.041624253553359636e-01,-6.124872760660078352e-01,4.268781690132505968e-01,-1.856091070527572384e-01
3.771459411820589080e-01,1.744250039674724029e-01,-2.027209372145865052e-01,-6.081628116437595155e-01,4.324464422248375239e-01,-1.757163694189219916e-01
3.756868814043675675e-01,1.744250039674724029e-01,-2.012618774368951646e-01,-6.037856323106854939e-01,4.377179333074021628e-01,-1.660676990032833311e-01
3.742112148567758867e-01,1.744250039674724029e-01,-1.997862108893034838e-01,-5.993586326679104515e-01,4.426999642775042432e-01,-1.566586683904062083e-01
3.727198824423451629e-01,1.744250039674724029e-01,-1.982948784748727600e-01,-5.948846354246182244e-01,4.473997243292171522e-01,-1.474849110954010722e-01
3.712138015368049437e-01,1.744250039674724029e-01,-1.967887975693325409e-01,-5.903663927079976226e-01,4.518242716620657351e-01,-1.385421210459318875e-01
3.696938664191600776e-01,1.744250039674724029e-01,-1.952688624516876748e-01,-5.858065873550630798e-01,4.559805352934598321e-01,-1.298260520616032476e-01
3.681609486963090538e-01,1.744250039674724029e-01,-1.937359447288366510e-01,-5.812078341865098974e-01,4.598753168553071369e-01,-1.213325173312027605e-01
3.666158977217249260e-01,1.744250039674724029e-01,-1.921908937542525231e-01,-5.765726812627576248e-01,4.635152923752383636e-01,-1.130573888875192612e-01
3.650595410082520531e-01,1.744250039674724029e-01,-1.906345370407796502e-01,-5.719036111223390062e-01,4.669070140418618564e-01,-1.049965970804771498e-01
3.634926846350711171e-01,1.744250039674724029e-01,-1.890676806675987143e-01,-5.672030420027961428e-01,4.700569119542807872e-01,-9.714613004851535560e-02
3.619161136488853736e-01,1.744250039674724029e-01,-1.874911096814129707e-01,-5.624733290442389677e-01,4.729712958557230618e-01,-8.950203318851590595e-02
3.603305924593807608e-01,1.744250039674724029e-01,-1.859055884919083579e-01,-5.577167654757251292e-01,4.756563568513838547e-01,-8.206040862434127448e-02
3.587368652290137128e-01,1.744250039674724029e-01,-1.843118612615413099e-01,-5.529355837846239297e-01,4.781181691101143993e-01,-7.481741467450953031e-02
3.571356562571791904e-01,1.744250039674724029e-01,-1.827106522897067875e-01,-5.481319568691203070e-01,4.803626915503567130e-01,-6.776926531876359405e-02
3.555276703588128306e-01,1.744250039674724029e-01,-1.811026663913404278e-01,-5.433079991740212833e-01,4.823957695099079235e-01,-6.091222966411335982e-02
3.539135932374800619e-01,1.744250039674724029e-01,-1.794885892700076591e-01,-5.384657678100229772e-01,4.842231363998306115e-01,-5.424263141019236567e-02
3.522940918530062526e-01,1.744250039674724029e-01,-1.778690878855338497e-01,-5.336072636566016048e-01,4.858504153421427940e-01,-4.775684831445881073e-02
3.506698147837010171e-01,1.744250039674724029e-01,-1.762448108162286142e-01,-5.287344324486857872e-01,4.872831207915706564e-01,-4.145131165711513077e-02
3.490413925832300257e-01,1.744250039674724029e-01,-1.746163886157576228e-01,-5.238491658472728130e-01,4.885266601412974197e-01,-3.532250570597539330e-02
3.474094381321884417e-01,1.744250039674724029e-01,-1.729844341647160388e-01,-5.189533024941481720e-01,4.895863353124751960e-01,-2.936696718167297604e-02
3.457745469844287212e-01,1.744250039674724029e-01,-1.713495430169563183e-01,-5.140486290508690104e-01,4.904673443279161660e-01,-2.358128472295284439e-02
3.441372977081966766e-01,1.744250039674724029e-01,-1.697122937407242738e-01,-5.091368812221728213e-01,4.911747828696133578e-01,-1.796209835255946352e-02
3.424982522221293735e-01,1.744250039674724029e-01,-1.680732482546569706e-01,-5.042197447639709118e-01,4.917136458201909477e-01,-1.250609894377996412e-02
3.408579561261677049e-01,1.744250039674724029e-01,-1.664329521586953020e-01,-4.992988564760859060e-01,4.920888287885005763e-01,-7.210027687585329748e-03
3.392169390274372698e-01,1.744250039674724029e-01,-1.647919350599648669e-01,-4.943758051798946007e-01,4.923051296191305326e-01,-2.070675560764068113e-03
3.375757148611507885e-01,1.744250039674724029e-01,-1.631507108936783856e-01,-4.894521326810351569e-01,4.923672498859443802e-01,2.915117204909223325e-03
3.359347822065847922e-01,1.744250039674724029e-01,-1.615097782391123893e-01,-4.845293347173371679e-01,4.922797963697989054e-01,7.750461652461737572e-03
3.342946245981840425e-01,1.744250039674724029e-01,-1.598696206307116396e-01,-4.796088618921349189e-01,4.920472825202248934e-01,1.243842062808997451e-02
3.326557108318460854e-01,1.744250039674724029e-01,-1.582307068643736825e-01,-4.746921205931210475e-01,4.916741299013871469e-01,1.698200930826609945e-02
3.310184952664389502e-01,1.744250039674724029e-01,-1.565934912989665473e-01,-4.697804738968996419e-01,4.911646696221405595e-01,2.138419572524091761e-02
3.293834181206043432e-01,1.744250039674724029e-01,-1.549584141531319403e-01,-4.648752424593958210e-01,4.905231437503820846e-01,2.564790129098626359e-02
3.277509057648988477e-01,1.744250039674724029e-01,-1.533259017974264449e-01,-4.599777053922793346e-01,4.897537067116486398e-01,2.977600131936930516e-02
3.261213710093252560e-01,1.744250039674724029e-01,-1.516963670418528531e-01,-4.550891011255585594e-01,4.888604266720775193e-01,3.377132554651895990e-02
3.244952133863063248e-01,1.744250039674724029e-01,-1.500702094188339220e-01,-4.502106282565017659e-01,4.878472869056793559e-01,3.763665864917759007e-02
3.228728194291523024e-01,1.744250039674724029e-01,-1.484478154616798995e-01,-4.453434463850396985e-01,4.867181871462067377e-01,4.137474076116703925e-02
3.212545629460744068e-01,1.744250039674724029e-01,-1.468295589786020039e-01,-4.404886769358060117e-01,4.854769449233686807e-01,4.498826798756266898e-02
3.196408052897952712e-01,1.744250039674724029e-01,-1.452158013223228683e-01,-4.356474039669686049e-01,4.841272968837406765e-01,4.847989291677207158e-02
3.180318956228078142e-01,1.744250039674724029e-01,-1.436068916553354113e-01,-4.308206749660062340e-01,4.826729000962370897e-01,5.185222513023085567e-02
3.164281711783333839e-01,1.744250039674724029e-01,-1.420031672108609810e-01,-4.260095016325829431e-01,4.811173333423290899e-01,5.510783170974614675e-02
3.148299575170299125e-01,1.744250039674724029e-01,-1.404049535495575096e-01,-4.212148606486725289e-01,4.794640983910414267e-01,5.824923774236889784e-02
3.132375687795007080e-01,1.744250039674724029e-01,-1.388125648120283051e-01,-4.164376944360849153e-01,4.777166212587613536e-01,6.127892682267643831e-02
3.116513079346537873e-01,1.744250039674724029e-01,-1.372263039671813845e-01,-4.116789119015441534e-01,4.758782534540761944e-01,6.419934155253204100e-02
3.100714670239620996e-01,1.744250039674724029e-01,-1.356464630564896967e-01,-4.069393891694690901e-01,4.739522732075063249e-01,6.701288403803723481e-02
3.084983274016742105e-01,1.744250039674724029e-01,-1.340733234342018076e-01,-4.022199703026054229e-01,4.719418866863667184e-01,6.972191638376129541e-02
3.069321599710246873e-01,1.744250039674724029e-01,-1.325071560035522844e-01,-3.975214680106568532e-01,4.698502291948569720e-01,7.232876118420011879e-02
3.053732254164935878e-01,1.744250039674724029e-01,-1.309482214490211849e-01,-3.928446643470635546e-01,4.676803663593298577e-01,7.483570201226630303e-02
3.038217744321637381e-01,1.744250039674724029e-01,-1.293967704646913353e-01,-3.881903113940740058e-01,4.654352952989548875e-01,7.724498390488088173e-02
3.022780479462243708e-01,1.744250039674724029e-01,-1.278530439787519679e-01,-3.835591319362559037e-01,4.631179457818102030e-01,7.955881384555429925e-02
3.007422773416695283e-01,1.744250039674724029e-01,-1.263172733741971254e-01,-3.789518201225913763e-01,4.607311813664527467e-01,8.177936124386137040e-02
2.992146846732390841e-01,1.744250039674724029e-01,-1.247896807057666813e-01,-3.743690421173000438e-01,4.582778005291332502e-01,8.390875841183320638e-02
2.976954828806498421e-01,1.744250039674724029e-01,-1.232704789131774392e-01,-3.698114367395323177e-01,4.557605377767726118e-01,8.594910103724029415e-02
2.961848759981642876e-01,1.744250039674724029e-01,-1.217598720306918847e-01,-3.652796160920756541e-01,4.531820647456663576e-01,8.790244865359070348e-02
2.946830593605441195e-01,1.744250039674724029e-01,-1.202580553930717167e-01,-3.607741661792151500e-01,4.505449912860504114e-01,8.977082510683526140e-02
2.931902198054346376e-01,1.744250039674724029e-01,-1.187652158379622347e-01,-3.562956475138867041e-01,4.478518665328445891e-01,9.155621901895788506e-02
2.917065358722270574e-01,1.744250039674724029e-01,-1.172815319047546545e-01,-3.518445957142639635e-01,4.451051799622740557e-01,9.326058424801009217e-02
2.902321779974442739e-01,1.744250039674724029e-01,-1.158071740299718710e-01,-3.474215220899156131e-01,4.423073624348350386e-01,9.488584034491942543e-02
2.887673087066959798e-01,1.744250039674724029e-01,-1.143423047392235770e-01,-3.430269142176707309e-01,4.394607872244882252e-01,9.643387300681749430e-02
2.873120828032483809e-01,1.744250039674724029e-01,-1.128870788357759780e-01,-3.386612365073279340e-01,4.365677710342796836e-01,9.790653452695174952e-02
2.858666475532534723e-01,1.744250039674724029e-01,-1.114416435857810694e-01,-3.343249307573432083e-01,4.336305749984725733e-01,9.930564424112936495e-02
2.844311428676826736e-01,1.744250039674724029e-01,-1.100061389002102707e-01,-3.300184167006308122e-01,4.306514056712396066e-01,1.006329889706087943e-01
2.830057014810089533e-01,1.744250039674724029e-01,-1.085806975135365504e-01,-3.257420925406096512e-01,4.276324160021161003e-01,1.018903234615064490e-01
2.815904491266813525e-01,1.744250039674724029e-01,-1.071654451592089496e-01,-3.214963354776268489e-01,4.245757062982802310e-01,1.030793708206533821e-01
2.801855047094358175e-01,1.744250039674724029e-01,-1.057605007419634147e-01,-3.172815022258902440e-01,4.214833251736604947e-01,1.042018229477702507e-01
2.787909804744850839e-01,1.744250039674724029e-01,-1.043659765070126810e-01,-3.130979295210380431e-01,4.183572704852200896e-01,1.052593409641820466e-01
2.774069821736307451e-01,1.744250039674724029e-01,-1.029819782061583422e-01,-3.089459346184750266e-01,4.151994902563016510e-01,1.062535556378266244e-01
2.760336092283401932e-01,1.744250039674724029e-01,-1.016086052608677903e-01,-3.048258157826033710e-01,4.120118835871655616e-01,1.071860678045621906e-01
2.746709548898301212e-01,1.744250039674724029e-01,-1.002459509223577183e-01,-3.007378527670731549e-01,4.087963015530216015e-01,1.080584487859484466e-01
2.733191063961986078e-01,1.744250039674724029e-01,-9.889410242872620493e-02,-2.966823072861786148e-01,4.055545480894540145e-01,1.088722408032753997e-01
2.719781451266474193e-01,1.744250039674724029e-01,-9.755314115917501638e-02,-2.926594234775250492e-01,4.022883808653565652e-01,1.096289573878315160e-01
2.706481467528350504e-01,1.744250039674724029e-01,-9.622314278536264753e-02,-2.886694283560879426e-01,3.989995121437106551e-01,1.103300837876227125e-01
2.693291813874014173e-01,1.744250039674724029e-01,-9.490417741992901446e-02,-2.847125322597870434e-01,3.956896096300899224e-01,1.109770773703028790e-01
2.680213137297048354e-01,1.744250039674724029e-01,-9.359630976223243248e-02,-2.807889292866972974e-01,3.923602973089745927e-01,1.115713680222772952e-01
2.667246032088104735e-01,1.744250039674724029e-01,-9.229959924133807059e-02,-2.768987977240142118e-01,3.890131562683085686e-01,1.121143585442943569e-01
2.654391041237705307e-01,1.744250039674724029e-01,-9.101410015629812778e-02,-2.730423004688943833e-01,3.856497255119828438e-01,1.126074250430884605e-01
2.641648657812348810e-01,1.744250039674724029e-01,-8.973986181376247817e-02,-2.692195854412874345e-01,3.822715027606948812e-01,1.130519173194074467e-01
2.629019326304312121e-01,1.744250039674724029e-01,-8.847692866295880920e-02,-2.654307859888764276e-01,3.788799452411006907e-01,1.134491592522242631e-01
2.616503443955527364e-01,1.744250039674724029e-01,-8.722534042808033350e-02,-2.616760212842410005e-01,3.754764704635427108e-01,1.138004491793017103e-01
2.604101362055921687e-01,1.744250039674724029e-01,-8.598513223811976580e-02,-2.579553967143592974e-01,3.720624569881703092e-01,1.141070602738110118e-01
2.591813387216589937e-01,1.744250039674724029e-01,-8.475633475418659080e-02,-2.542690042625597724e-01,3.686392451799525016e-01,1.143702409173927292e-01
2.579639782618175503e-01,1.744250039674724029e-01,-8.353897429434514743e-02,-2.506169228830354423e-01,3.652081379524330096e-01,1.145912150693975673e-01
2.567580769234830695e-01,1.744250039674724029e-01,-8.233307295601066667e-02,-2.469992188680320000e-01,3.617704015003442297e-01,1.147711826323122297e-01
2.555636527034118033e-01,1.744250039674724029e-01,-8.113864873593940041e-02,-2.434159462078182012e-01,3.583272660213798755e-01,1.149113198135616742e-01
2.543807196153219374e-01,1.744250039674724029e-01,-7.995571564784953456e-02,-2.398671469435486037e-01,3.548799264269597575e-01,1.150127794834111539e-01
2.532092878051803719e-01,1.744250039674724029e-01,-7.878428383770796906e-02,-2.363528515131239072e-01,3.514295430424696498e-01,1.150766915293457426e-01
2.520493636641917279e-01,1.744250039674724029e-01,-7.762435969671932501e-02,-2.328730790901579750e-01,3.479772422965932144e-01,1.151041632064352394e-01
2.509009499395237763e-01,1.744250039674724029e-01,-7.647594597205137346e-02,-2.294278379161541204e-01,3.445241174003854656e-01,1.150962794842313452e-01
2.497640458428042332e-01,1.744250039674724029e-01,-7.533904187533183028e-02,-2.260171256259954908e-01,3.410712290158629534e-01,1.150541033898674625e-01
2.486386471564236700e-01,1.744250039674724029e-01,-7.421364318895126710e-02,-2.226409295668538013e-01,3.376196059141689521e-01,1.149786763473151507e-01
2.475247463376778478e-01,1.744250039674724029e-01,-7.309974237020544496e-02,-2.192992271106163349e-01,3.341702456237466423e-01,1.148710185131303074e-01
2.464223326207833353e-01,1.744250039674724029e-01,-7.199732865331093246e-02,-2.159919859599327974e-01,3.307241150683537523e-01,1.147321291084209549e-01
2.453313921167996625e-01,1.744250039674724029e-01,-7.090638814932725964e-02,-2.127191644479817789e-01,3.272821511951018447e-01,1.145629867471200658e-01
2.442519079114907066e-01,1.744250039674724029e-01,-6.982690394401830369e-02,-2.094807118320549111e-01,3.238452615926867839e-01,1.143645497606318728e-01
2.431838601611578110e-01,1.744250039674724029e-01,-6.875885619368540813e-02,-2.062765685810562244e-01,3.204143250998686687e-01,1.141377565188124443e-01
2.421272261864767794e-01,1.744250039674724029e-01,-6.770222221900437654e-02,-2.031066666570131296e-01,3.169901924043094787e-01,1.138835257472963491e-01
2.410819805643704961e-01,1.744250039674724029e-01,-6.665697659689809318e-02,-1.999709297906942795e-01,3.135736866318850069e-01,1.136027568411907274e-01
2.400480952179483152e-01,1.744250039674724029e-01,-6.562309125047591229e-02,-1.968692737514277369e-01,3.101656039266542653e-01,1.132963301752265284e-01
2.390255395045436659e-01,1.744250039674724029e-01,-6.460053553707126306e-02,-1.938016066112137892e-01,3.067667140213947707e-01,1.129651074101809816e-01
2.380142803018800435e-01,1.744250039674724029e-01,-6.358927633440764060e-02,-1.907678290032229218e-01,3.033777607990867375e-01,1.126099317958638157e-01
2.370142820923960003e-01,1.744250039674724029e-01,-6.258927812492359744e-02,-1.877678343747707923e-01,2.999994628452129497e-01,1.122316284704421574e-01
2.360255070457590032e-01,1.744250039674724029e-01,-6.160050307828660032e-02,-1.848015092348598010e-01,2.966325139910991338e-01,1.118310047562393328e-01
2.350479150995976318e-01,1.744250039674724029e-01,-6.062291113212522897e-02,-1.818687333963756869e-01,2.932775838484114050e-01,1.114088504520357181e-01
2.340814640384814571e-01,1.744250039674724029e-01,-5.965646007100905424e-02,-1.789693802130271627e-01,2.899353183348524210e-01,1.109659381218252583e-01
2.331261095711774645e-01,1.744250039674724029e-01,-5.870110560370506159e-02,-1.761033168111151848e-01,2.866063401911977948e-01,1.105030233800826100e-01
2.321818054062114722e-01,1.744250039674724029e-01,-5.775680143873906935e-02,-1.732704043162172081e-01,2.832912494897976696e-01,1.100208451735804616e-01
2.312485033257628553e-01,1.744250039674724029e-01,-5.682349935829045240e-02,-1.704704980748713572e-01,2.799906241345850866e-01,1.095201260597137294e-01
2.303261532579201909e-01,1.744250039674724029e-01,-5.590114929044778802e-02,-1.677034478713433641e-01,2.767050203527993135e-01,1.090015724814559495e-01
2.294147033473256936e-01,1.744250039674724029e-01,-5.498969937985329071e-02,-1.649690981395598721e-01,2.734349731783491944e-01,1.084658750387893222e-01
2.285141000242350562e-01,1.744250039674724029e-01,-5.408909605676265331e-02,-1.622672881702879599e-01,2.701809969271912193e-01,1.079137087569032594e-01
2.276242880720201200e-01,1.744250039674724029e-01,-5.319928410454771717e-02,-1.595978523136431515e-01,2.669435856644808425e-01,1.073457333508376910e-01
2.267452106931402700e-01,1.744250039674724029e-01,-5.232020672566786712e-02,-1.569606201770036014e-01,2.637232136639550140e-01,1.067625934869514126e-01
2.258768095736091164e-01,1.744250039674724029e-01,-5.145180560613671350e-02,-1.543554168184101405e-01,2.605203358593460861e-01,1.061649190409359456e-01
2.250190249459820546e-01,1.744250039674724029e-01,-5.059402097850965174e-02,-1.517820629355289552e-01,2.573353882881185273e-01,1.055533253525895721e-01
2.241717956508902376e-01,1.744250039674724029e-01,-4.974679168341783475e-02,-1.492403750502535043e-01,2.541687885275450975e-01,1.049284134772915933e-01
2.233350591971461629e-01,1.744250039674724029e-01,-4.891005522967376007e-02,-1.467301656890212802e-01,2.510209361232224046e-01,1.042907704342011244e-01
2.225087518204454939e-01,1.744250039674724029e-01,-4.808374785297309106e-02,-1.442512435589192732e-01,2.478922130102007015e-01,1.036409694512814283e-01
2.216928085406899562e-01,1.744250039674724029e-01,-4.726780457321755335e-02,-1.418034137196526601e-01,2.447829839266613128e-01,1.029795702070086527e-01
2.208871632179551237e-01,1.744250039674724029e-01,-4.646215925048272077e-02,-1.393864777514481623e-01,2.416935968204497742e-01,1.023071190690016119e-01
2.200917486071271856e-01,1.744250039674724029e-01,-4.566674463965478270e-02,-1.370002339189643481e-01,2.386243832483814220e-01,1.016241493294170739e-01
2.193064964112322046e-01,1.744250039674724029e-01,-4.488149244375980174e-02,-1.346444773312794052e-01,2.355756587684942893e-01,1.009311814372148841e-01
2.185313373334809295e-01,1.744250039674724029e-01,-4.410633336600852661e-02,-1.323190000980255798e-01,2.325477233253825382e-01,1.002287232273569584e-01
2.177662011280523946e-01,1.744250039674724029e-01,-4.334119716057999172e-02,-1.300235914817399752e-01,2.295408616285604664e-01,9.951727014682049122e-02
2.170110166496385384e-01,1.744250039674724029e-01,-4.258601268216613556e-02,-1.277580380464984067e-01,2.265553435241568492e-01,9.879730547765844251e-02
2.162657119017724616e-01,1.744250039674724029e-01,-4.184070793430005875e-02,-1.255221238029001762e-01,2.235914243598230433e-01,9.806930055692286707e-02
2.155302140839620850e-01,1.744250039674724029e-01,-4.110521011648968215e-02,-1.233156303494690464e-01,2.206493453431129792e-01,9.733371499364393276e-02
2.148044496376510515e-01,1.744250039674724029e-01,-4.037944567017864861e-02,-1.211383370105359458e-01,2.177293338933100619e-01,9.659099688277411611e-02
2.140883442910282985e-01,1.744250039674724029e-01,-3.966334032355589567e-02,-1.189900209706676870e-01,2.148316039868258809e-01,9.584158301615819386e-02
2.133818231027071743e-01,1.744250039674724029e-01,-3.895681913523477147e-02,-1.168704574057043144e-01,2.119563564963372615e-01,9.508589909063294709e-02
2.126848105042951076e-01,1.744250039674724029e-01,-3.825980653682270471e-02,-1.147794196104681141e-01,2.091037795236200258e-01,9.432435991315191171e-02
2.119972303418743431e-01,1.744250039674724029e-01,-3.757222637440194024e-02,-1.127166791232058207e-01,2.062740487262293421e-01,9.355736960302352134e-02
2.113190059164138934e-01,1.744250039674724029e-01,-3.689400194894149054e-02,-1.106820058468244716e-01,2.034673276381349094e-01,9.278532179131043778e-02
2.106500600231325793e-01,1.744250039674724029e-01,-3.622505605566017639e-02,-1.086751681669805292e-01,2.006837679843942457e-01,9.200859981741371652e-02
2.099903149898330046e-01,1.744250039674724029e-01,-3.556531102236060171e-02,-1.066959330670818051e-01,1.979235099898724037e-01,9.122757692279059860e-02
2.093396927142257002e-01,1.744250039674724029e-01,-3.491468874675329737e-02,-1.047440662402598921e-01,1.951866826821913037e-01,9.044261644193141159e-02
2.086981147002625880e-01,1.744250039674724029e-01,-3.427311073279018516e-02,-1.028193321983705555e-01,1.924734041889336611e-01,8.965407199056310561e-02
2.080655020934985278e-01,1.744250039674724029e-01,-3.364049812602612488e-02,-1.009214943780783746e-01,1.897837820292180844e-01,8.886228765113970973e-02
2.074417757154995989e-01,1.744250039674724029e-01,-3.301677174802719605e-02,-9.905031524408158816e-02,1.871179133996786481e-01,8.806759815559705995e-02
2.068268560973162140e-01,1.744250039674724029e-01,-3.240185212984381113e-02,-9.720555638953143340e-02,1.844758854550154759e-01,8.727032906548404245e-02
2.062206635120393816e-01,1.744250039674724029e-01,-3.179565954456697874e-02,-9.538697863370093621e-02,1.818577755830497189e-01,8.647079694934878269e-02
2.056231180064574948e-01,1.744250039674724029e-01,-3.119811403898509194e-02,-9.359434211695527583e-02,1.792636516745660380e-01,8.566930955761076216e-02
2.050341394318313526e-01,1.744250039674724029e-01,-3.060913546435894972e-02,-9.182740639307684916e-02,1.766935723878426678e-01,8.486616599476581868e-02
2.044536474738047060e-01,1.744250039674724029e-01,-3.002864350633230317e-02,-9.008593051899690951e-02,1.741475874079939645e-01,8.406165688899705501e-02
2.038815616814669551e-01,1.744250039674724029e-01,-2.945655771399455225e-02,-8.836967314198365675e-02,1.716257377013252761e-01,8.325606455934161931e-02
2.033178014955851209e-01,1.744250039674724029e-01,-2.889279752811271806e-02,-8.667839258433815419e-02,1.691280557645502558e-01,8.244966318021210161e-02
2.027622862760213307e-01,1.744250039674724029e-01,-2.833728230854892782e-02,-8.501184692564678347e-02,1.666545658691370724e-01,8.164271894349028891e-02
2.022149353283518858e-01,1.744250039674724029e-01,-2.778993136087948290e-02,-8.336979408263844871e-02,1.642052843008334762e-01,8.083549021819502745e-02
2.016756679297042609e-01,1.744250039674724029e-01,-2.725066396223185805e-02,-8.175199188669557415e-02,1.617802195942874555e-01,8.002822770759188131e-02
2.011444033538273835e-01,1.744250039674724029e-01,-2.671939938635498057e-02,-8.015819815906494172e-02,1.593793727630632429e-01,7.922117460399830113e-02
2.006210608954109020e-01,1.744250039674724029e-01,-2.619605692793849916e-02,-7.858817078381549748e-02,1.570027375249444246e-01,7.841456674112892711e-02
2.001055598936685442e-01,1.744250039674724029e-01,-2.568055592619614136e-02,-7.704166777858842408e-02,1.546503005227073402e-01,7.760863274411891610e-02
1.995978197552006062e-01,1.744250039674724029e-01,-2.517281578772820327e-02,-7.551844736318460982e-02,1.523220415403814254e-01,7.680359417719681558e-02
1.990977599761503680e-01,1.744250039674724029e-01,-2.467275600867796514e-02,-7.401826802603389543e-02,1.500179337150714387e-01,7.599966568903754327e-02
1.986053001636690352e-01,1.744250039674724029e-01,-2.418029619619663229e-02,-7.254088858858989686e-02,1.477379437443998578e-01,7.519705515580996091e-02
1.981203600567033041e-01,1.744250039674724029e-01,-2.369535608923090120e-02,-7.108606826769270359e-02,1.454820320897193264e-01,7.439596382202662284e-02
1.976428595461197646e-01,1.744250039674724029e-01,-2.321785557864736171e-02,-6.965356673594208514e-02,1.432501531750618451e-01,7.359658643911975995e-02
1.971727186941801269e-01,1.744250039674724029e-01,-2.274771472670772399e-02,-6.824314418012317196e-02,1.410422555818913182e-01,7.279911140176814621e-02
1.967098577533806791e-01,1.744250039674724029e-01,-2.228485378590827626e-02,-6.685456135772482877e-02,1.388582822398343186e-01,7.200372088210948984e-02
1.962541971846694377e-01,1.744250039674724029e-01,-2.182919321719703487e-02,-6.548757965159110461e-02,1.366981706133724161e-01,7.121059096178131154e-02
1.958056576750543676e-01,1.744250039674724029e-01,-2.138065370758196471e-02,-6.414196112274589412e-02,1.345618528845210493e-01,7.041989176177515519e-02
1.953641601546154960e-01,1.744250039674724029e-01,-2.093915618714309312e-02,-6.281746856142927937e-02,1.324492561316614747e-01,6.963178757023219534e-02
1.949296258129336323e-01,1.744250039674724029e-01,-2.050462184546122946e-02,-6.151386553638368837e-02,1.303603025045591002e-01,6.884643696817541181e-02
1.945019761149485993e-01,1.744250039674724029e-01,-2.007697214747619641e-02,-6.023091644242858922e-02,1.282949093955099151e-01,6.806399295308132591e-02
1.940811328162588556e-01,1.744250039674724029e-01,-1.965612884878645272e-02,-5.896838654635935817e-02,1.262529896069231050e-01,6.728460306056374685e-02
1.936670179778751666e-01,1.744250039674724029e-01,-1.924201401040276371e-02,-5.772604203120829114e-02,1.242344515151067030e-01,6.650840948389841190e-02
1.932595539804398688e-01,1.744250039674724029e-01,-1.883455001296746589e-02,-5.650365003890239768e-02,1.222391992305893460e-01,6.573554919168694832e-02
1.928586635379237468e-01,1.744250039674724029e-01,-1.843365957045134396e-02,-5.530097871135403187e-02,1.202671327548365809e-01,6.496615404348254907e-02
1.924642697108119860e-01,1.744250039674724029e-01,-1.803926574333958310e-02,-5.411779723001874931e-02,1.183181481335282559e-01,6.420035090350950657e-02
1.920762959187905516e-01,1.744250039674724029e-01,-1.765129195131814877e-02,-5.295387585395444630e-02,1.163921376064303015e-01,6.343826175247585519e-02
1.916946659529443764e-01,1.744250039674724029e-01,-1.726966198547197351e-02,-5.180898595641592053e-02,1.144889897538525769e-01,6.268000379743665640e-02
1.913193039874779566e-01,1.744250039674724029e-01,-1.689430002000555375e-02,-5.068290006001666126e-02,1.126085896399259267e-01,6.192568957990926548e-02
1.909501345909695169e-01,1.744250039674724029e-01,-1.652513062349711404e-02,-4.957539187049134211e-02,1.107508189525319153e-01,6.117542708204057322e-02
1.905870827371692888e-01,1.744250039674724029e-01,-1.616207876969688595e-02,-4.848623630909065785e-02,1.089155561400684258e-01,6.042931983097776794e-02
1.902300738153521464e-01,1.744250039674724029e-01,-1.580506984787974356e-02,-4.741520954363923068e-02,1.071026765451427165e-01,5.968746700150348583e-02
1.898790336402351453e-01,1.744250039674724029e-01,-1.545402967276274242e-02,-4.636208901828822726e-02,1.053120525351003423e-01,5.894996351681211499e-02
1.895338884614698460e-01,1.744250039674724029e-01,-1.510888449399744315e-02,-4.532665348199232946e-02,1.035435536295897796e-01,5.821690014759745013e-02
1.891945649727193035e-01,1.744250039674724029e-01,-1.476956100524690063e-02,-4.430868301574070189e-02,1.017970466251627570e-01,5.748836360942205514e-02
1.888609903203296858e-01,1.744250039674724029e-01,-1.443598635285728293e-02,-4.330795905857184880e-02,1.000723957168853095e-01,5.676443665831346075e-02
1.885330921116059044e-01,1.744250039674724029e-01,-1.410808814413350154e-02,-4.232426443240050462e-02,9.836946261713441775e-02,5.604519818473391313e-02
1.882107984227006092e-01,1.744250039674724029e-01,-1.378579445522820635e-02,-4.135738336568461904e-02,9.668810667158855843e-02,5.533072330590393939e-02
1.878940378061259020e-01,1.744250039674724029e-01,-1.346903383865349912e-02,-4.040710151596049737e-02,9.502818497241216633e-02,5.462108345645166896e-02
1.875827392978968444e-01,1.744250039674724029e-01,-1.315773533042444154e-02,-3.947320599127332463e-02,9.338955246871727400e-02,5.391634647744394937e-02
1.872768324243155313e-01,1.744250039674724029e-01,-1.285182845684312847e-02,-3.855548537052938540e-02,9.177206207439392305e-02,5.321657670386453765e-02
1.869762472084046112e-01,1.744250039674724029e-01,-1.255124324093220833e-02,-3.765372972279662500e-02,9.017556477327604014e-02,5.252183505047941514e-02
1.866809141759987190e-01,1.744250039674724029e-01,-1.225591020852631607e-02,-3.676773062557894822e-02,8.859990972176767787e-02,5.183217909618872965e-02
1.863907643615024534e-01,1.744250039674724029e-01,-1.196576039403005054e-02,-3.589728118209015162e-02,8.704494434887966037e-02,5.114766316678950875e-02
1.861057293133228652e-01,1.744250039674724029e-01,-1.168072534585046229e-02,-3.504217603755138688e-02,8.551051445387647387e-02,5.046833841632508699e-02
1.858257410989849201e-01,1.744250039674724029e-01,-1.140073713151251722e-02,-3.420221139453755166e-02,8.399646430138352216e-02,4.979425290684597050e-02
1.855507323099376549e-01,1.744250039674724029e-01,-1.112572834246525200e-02,-3.337718502739575599e-02,8.250263671417956690e-02,4.912545168678381091e-02
1.852806360660590734e-01,1.744250039674724029e-01,-1.085563209858667055e-02,-3.256689629576001166e-02,8.102887316357443304e-02,4.846197686781442138e-02
1.850153860198672506e-01,1.744250039674724029e-01,-1.059038205239484776e-02,-3.177114615718454327e-02,7.957501385754683909e-02,4.780386770036229582e-02
1.847549163604454703e-01,1.744250039674724029e-01,-1.032991239297306740e-02,-3.098973717891920221e-02,7.814089782653410587e-02,4.715116064761490366e-02
1.844991618170884473e-01,1.744250039674724029e-01,-1.007415784961604444e-02,-3.022247354884813331e-02,7.672636300710689028e-02,4.650388945825875697e-02
1.842480576626772670e-01,1.744250039674724029e-01,-9.823053695204864155e-03,-2.946916108561459247e-02,7.533124632335408410e-02,4.586208523773949164e-02
1.840015397167898414e-01,1.744250039674724029e-01,-9.576535749317438562e-03,-2.872960724795231569e-02,7.395538376622767807e-02,4.522577651827536238e-02
1.837595443485542657e-01,1.744250039674724029e-01,-9.334540381081862792e-03,-2.800362114324558838e-02,7.259861047067273088e-02,4.459498932742714250e-02
1.835220084792514306e-01,1.744250039674724029e-01,-9.097004511779027691e-03,-2.729101353533708307e-02,7.126076079085053028e-02,4.396974725551344720e-02
1.832888695846741356e-01,1.744250039674724029e-01,-8.863865617201732716e-03,-2.659159685160519815e-02,6.994166837318849250e-02,4.335007152158329435e-02
1.830600656972490026e-01,1.744250039674724029e-01,-8.635061729776599693e-03,-2.590518518932979908e-02,6.864116622753990704e-02,4.273598103821010796e-02
1.828355354079276851e-01,1.744250039674724029e-01,-8.410531440455282226e-03,-2.523159432136584668e-02,6.735908679639523999e-02,4.212749247502939332e-02
1.826152178678538684e-01,1.744250039674724029e-01,-8.190213900381465573e-03,-2.457064170114439672e-02,6.609526202214499602e-02,4.152462032100059930e-02
1.823990527898121661e-01,1.744250039674724029e-01,-7.974048822339763198e-03,-2.392214646701928960e-02,6.484952341251071228e-02,4.092737694549142269e-02
1.821869804494650191e-01,1.744250039674724029e-01,-7.761976481992616250e-03,-2.328592944597784875e-02,6.362170210414408444e-02,4.033577265816623569e-02
1.819789416863836773e-01,1.744250039674724029e-01,-7.553937718911274413e-03,-2.266181315673382324e-02,6.241162892440255128e-02,3.974981576766872804e-02
1.817748779048790897e-01,1.744250039674724029e-01,-7.349873937406686819e-03,-2.204962181222006046e-02,6.121913445137627807e-02,3.916951263915621761e-02
1.815747310746384235e-01,1.744250039674724029e-01,-7.149727107166020668e-03,-2.144918132149806200e-02,6.004404907219984544e-02,3.859486775070178344e-02
1.813784437311728448e-01,1.744250039674724029e-01,-6.953439763700441922e-03,-2.086031929110132577e-02,5.888620303967362357e-02,3.802588374857229780e-02
1.811859589760821121e-01,1.744250039674724029e-01,-6.760955008609709216e-03,-2.028286502582912765e-02,5.774542652721981195e-02,3.746256150139068430e-02
1.809972204771415072e-01,1.744250039674724029e-01,-6.572216509669104312e-03,-1.971664952900731294e-02,5.662154968218147122e-02,3.690490015317415828e-02
1.808121724682162368e-01,1.744250039674724029e-01,-6.387168500743833910e-03,-1.916150550223150173e-02,5.551440267758112057e-02,3.635289717534961884e-02
1.806307597490084960e-01,1.744250039674724029e-01,-6.205755781536093085e-03,-1.861726734460827926e-02,5.442381576232224738e-02,3.580654841771396812e-02
1.804529276846425223e-01,1.744250039674724029e-01,-6.027923717170119433e-03,-1.808377115151035830e-02,5.334961930979209566e-02,3.526584815828173736e-02
1.802786222050923870e-01,1.744250039674724029e-01,-5.853618237619984122e-03,-1.756085471285995236e-02,5.229164386504059348e-02,3.473078915218064111e-02
1.801077898044574632e-01,1.744250039674724029e-01,-5.682785836985060346e-03,-1.704835751095518104e-02,5.124972019047713268e-02,3.420136267952195164e-02
1.799403775400904848e-01,1.744250039674724029e-01,-5.515373572618081921e-03,-1.654612071785424576e-02,5.022367931009352748e-02,3.367755859223928172e-02
1.797763330315827468e-01,1.744250039674724029e-01,-5.351329064110343925e-03,-1.605398719233103177e-02,4.921335255232139883e-02,3.315936535999036705e-02
1.796156044596110002e-01,1.744250039674724029e-01,-5.190600492138597311e-03,-1.557180147641579193e-02,4.821857159152398431e-02,3.264677011510819238e-02
1.794581405646507588e-01,1.744250039674724029e-01,-5.033136597178355931e-03,-1.509940979153506779e-02,4.723916848807241387e-02,3.213975869653734607e-02
1.793038906455601822e-01,1.744250039674724029e-01,-4.878886678087779316e-03,-1.463666003426333795e-02,4.627497572717298446e-02,3.163831569290964651e-02
1.791528045580388917e-01,1.744250039674724029e-01,-4.727800590566488825e-03,-1.418340177169946648e-02,4.532582625638714724e-02,3.114242448468768076e-02
1.790048327129660777e-01,1.744250039674724029e-01,-4.579828745493674802e-03,-1.373948623648102441e-02,4.439155352184420700e-02,3.065206728536318259e-02
1.788599260746217834e-01,1.744250039674724029e-01,-4.434922107149380510e-03,-1.330476632144814153e-02,4.347199150328828754e-02,3.016722518184014601e-02
1.787180361587956678e-01,1.744250039674724029e-01,-4.293032191323264968e-03,-1.287909657396979490e-02,4.256697474783466273e-02,2.968787817386486783e-02
1.785791150307869390e-01,1.744250039674724029e-01,-4.154111063314536167e-03,-1.246233318994360850e-02,4.167633840261864009e-02,2.921400521267503159e-02
1.784431153032994821e-01,1.744250039674724029e-01,-4.018111335827079245e-03,-1.205433400748123773e-02,4.079991824623707686e-02,2.874558423875583912e-02
1.783099901342359017e-01,1.744250039674724029e-01,-3.884986166763498838e-03,-1.165495850029049651e-02,3.993755071907412191e-02,2.828259221878362539e-02
1.781796932243941978e-01,1.744250039674724029e-01,-3.754689256921794893e-03,-1.126406777076538468e-02,3.908907295251118352e-02,2.782500518174579884e-02
1.780521788150706830e-01,1.744250039674724029e-01,-3.627174847598280127e-03,-1.088152454279484038e-02,3.825432279705442973e-02,2.737279825425958935e-02
1.779274016855725837e-01,1.744250039674724029e-01,-3.502397718100180857e-03,-1.050719315430054257e-02,3.743313884942978120e-02,2.692594569512923863e-02
1.778053171506439878e-01,1.744250039674724029e-01,-3.380313183171584912e-03,-1.014093954951475474e-02,3.662536047857878341e-02,2.648442092906402867e-02
1.776858810578083037e-01,1.744250039674724029e-01,-3.260877090335900785e-03,-9.782631271007702356e-03,3.583082785070523801e-02,2.604819657969753566e-02
1.775690497846305893e-01,1.744250039674724029e-01,-3.144045817158186429e-03,-9.432137451474559287e-03,3.504938195331430695e-02,2.561724450183974766e-02
1.774547802359030535e-01,1.744250039674724029e-01,-3.029776268430650621e-03,-9.089328805291951863e-03,3.428086461826074238e-02,2.519153581296879052e-02
1.773430298407568384e-01,1.744250039674724029e-01,-2.918025873284435523e-03,-8.754077619853306569e-03,3.352511854386452939e-02,2.477104092401122282e-02
1.772337565497030254e-01,1.744250039674724029e-01,-2.808752582230622519e-03,-8.426257746691867556e-03,3.278198731614390127e-02,2.435572956945203371e-02
1.771269188316061394e-01,1.744250039674724029e-01,-2.701914864133736494e-03,-8.105744592401209481e-03,3.205131542906580755e-02,2.394557083666459807e-02
1.770224756705929270e-01,1.744250039674724029e-01,-2.597471703120524111e-03,-7.792415109361572334e-03,3.133294830396371466e-02,2.354053319460214233e-02
1.769203865628991845e-01,1.744250039674724029e-01,-2.495382595426781647e-03,-7.486147786280344940e-03,3.062673230812273939e-02,2.314058452184239445e-02
1.768206115136576051e-01,1.744250039674724029e-01,-2.395607546185202219e-03,-7.186822638555606657e-03,2.993251477247382830e-02,2.274569213391822164e-02
1.767231110336294209e-01,1.744250039674724029e-01,-2.298107066157017986e-03,-6.894321198471053957e-03,2.925014400845526996e-02,2.235582280998421600e-02
1.766278461358822549e-01,1.744250039674724029e-01,-2.202842168409852031e-03,-6.608526505229556092e-03,2.857946932414978658e-02,2.197094281892023049e-02
1.765347783324169584e-01,1.744250039674724029e-01,-2.109774364944555503e-03,-6.329323094833666508e-03,2.792034103958895841e-02,2.159101794475529190e-02
1.764438696307461529e-01,1.744250039674724029e-01,-2.018865663273750055e-03,-6.056596989821250165e-03,2.727261050124163422e-02,2.121601351142038405e-02
1.763550825304264769e-01,1.744250039674724029e-01,-1.930078562954073984e-03,-5.790235688862221952e-03,2.663613009590282132e-02,2.084589440704059937e-02
1.762683800195475048e-01,1.744250039674724029e-01,-1.843376052075101912e-03,-5.530128156225305736e-03,2.601075326369162166e-02,2.048062510746631593e-02
1.761837255711792838e-01,1.744250039674724029e-01,-1.758721603706880909e-03,-5.276164811120642728e-03,2.539633451046630075e-02,2.012016969934565802e-02
1.761010831397810117e-01,1.744250039674724029e-01,-1.676079172308608811e-03,-5.028237516925826434e-03,2.479272941948162945e-02,1.976449190255580302e-02
1.760204171575729948e-01,1.744250039674724029e-01,-1.595413190100591905e-03,-4.786239570301775714e-03,2.419979466240507193e-02,1.941355509210329622e-02
1.759416925308741886e-01,1.744250039674724029e-01,-1.516688563401785705e-03,-4.550065690205357116e-03,2.361738800964185980e-02,1.906732231943650269e-02
1.758648746364073201e-01,1.744250039674724029e-01,-1.439870668934917219e-03,-4.319612006804751658e-03,2.304536834006054580e-02,1.872575633325579414e-02
1.757899293175737843e-01,1.744250039674724029e-01,-1.364925350101381385e-03,-4.094776050304144155e-03,2.248359565006075034e-02,1.838881959975660618e-02
1.757168228807002019e-01,1.744250039674724029e-01,-1.291818913227799070e-03,-3.875456739683397211e-03,2.193193106207469434e-02,1.805647432239129713e-02
1.756455220912588600e-01,1.744250039674724029e-01,-1.220518123786457076e-03,-3.661554371359371229e-03,2.139023683240259821e-02,1.772868246104322698e-02
1.755759941700636428e-01,1.744250039674724029e-01,-1.150990202591239964e-03,-3.452970607773719891e-03,2.085837635856513383e-02,1.740540575079141394e-02
1.755082067894434827e-01,1.744250039674724029e-01,-1.083202821971079866e-03,-3.249608465913239597e-03,2.033621418604802944e-02,1.708660572013478984e-02
1.754421280693953533e-01,1.744250039674724029e-01,-1.017124101922950441e-03,-3.051372305768851323e-03,1.982361601443882737e-02,1.677224370866997605e-02
1.753777265737180846e-01,1.744250039674724029e-01,-9.527226062456817246e-04,-2.858167818737045174e-03,1.932044870318061491e-02,1.646228088444356974e-02
1.753149713061292470e-01,1.744250039674724029e-01,-8.899673386568440758e-04,-2.669902015970532227e-03,1.882658027665129463e-02,1.615667826068076240e-02
1.752538317063664919e-01,1.744250039674724029e-01,-8.288277388940890056e-04,-2.486483216682267017e-03,1.834187992882652107e-02,1.585539671214425406e-02
1.751942776462749596e-01,1.744250039674724029e-01,-7.692736788025567041e-04,-2.307821036407670112e-03,1.786621802745969045e-02,1.555839699105202034e-02
1.751362794258825295e-01,1.744250039674724029e-01,-7.112754584101266264e-04,-2.133826375230379879e-03,1.739946611772902330e-02,1.526563974249864342e-02
1.750798077694643295e-01,1.744250039674724029e-01,-6.548038019919266706e-04,-1.964411405975780012e-03,1.694149692545998676e-02,1.497708551948420674e-02
1.750248338215980859e-01,1.744250039674724029e-01,-5.998298541256830152e-04,-1.799489562377049046e-03,1.649218435987309661e-02,1.469269479749604757e-02
1.749713291432115903e-01,1.744250039674724029e-01,-5.463251757391873742e-04,-1.638975527217562123e-03,1.605140351594869230e-02,1.441242798873113018e-02
1.749192657076239776e-01,1.744250039674724029e-01,-4.942617401515747577e-04,-1.482785220454724273e-03,1.561903067628378494e-02,1.413624545582906067e-02
1.748686158965819526e-01,1.744250039674724029e-01,-4.436119291095497186e-04,-1.330835787328649156e-03,1.519494331260751174e-02,1.386410752527886259e-02
1.748193524962924350e-01,1.744250039674724029e-01,-3.943485288200321293e-04,-1.183045586460096388e-03,1.477902008685527679e-02,1.359597450039518041e-02
1.747714486934529576e-01,1.744250039674724029e-01,-3.464447259805547574e-04,-1.039334177941664272e-03,1.437114085184321155e-02,1.333180667390154728e-02
1.747248780712808702e-01,1.744250039674724029e-01,-2.998741038084673516e-04,-8.996223114254020548e-04,1.397118665162622175e-02,1.307156434020081970e-02
1.746796146055428212e-01,1.744250039674724029e-01,-2.546106380704182826e-04,-7.638319142112548477e-04,1.357903972141472071e-02,1.281520780720346586e-02
1.746356326605854881e-01,1.744250039674724029e-01,-2.106286931130851858e-04,-6.318860793392555575e-04,1.319458348719992902e-02,1.256269740786067346e-02
1.745929069853689453e-01,1.744250039674724029e-01,-1.679030178965423836e-04,-5.037090536896271509e-04,1.281770256496284066e-02,1.231399351127321351e-02
1.745514127095035284e-01,1.744250039674724029e-01,-1.264087420311255094e-04,-3.792262260933765283e-04,1.244828275962506225e-02,1.206905653353168573e-02
1.745111253392914452e-01,1.744250039674724029e-01,-8.612137181904233607e-05,-2.583641154571270082e-04,1.208621106362495201e-02,1.182784694816782500e-02
1.744720207537741874e-01,1.744250039674724029e-01,-4.701678630178451890e-05,-1.410503589053535567e-04,1.173137565517734515e-02,1.159032529627199160e-02
1.744340752007865480e-01,1.744250039674724029e-01,-9.071233314145166204e-06,-2.721369994243549861e-05,1.138366589629180581e-02,1.135645219634937031e-02
1.743972652930185496e-01,1.744250039674724029e-01,2.773867445385325148e-05,8.321602336155975443e-05,1.104297233039952530e-02,1.112618835376108506e-02
1.743615680040859484e-01,1.744250039674724029e-01,6.343596338645451915e-05,1.903078901593635575e-04,1.070918667978038030e-02,1.089949456993974386e-02
1.743269606646103143e-01,1.744250039674724029e-01,9.804330286208862155e-05,2.941299085862658647e-04,1.038220184269023072e-02,1.067633175127649658e-02
1.742934209583098248e-01,1.744250039674724029e-01,1.315830091625780351e-04,3.947490274877341054e-04,1.006191189014682408e-02,1.045666091763455818e-02
1.742609269181011056e-01,1.744250039674724029e-01,1.640770493712973011e-04,4.922311481138919032e-04,9.748212062615779772e-03,1.024044321072967167e-02
1.742294569222134493e-01,1.744250039674724029e-01,1.955470452589536112e-04,5.866411357768608337e-04,9.440998766296893052e-03,1.002763990207375389e-02
1.741989896903159973e-01,1.744250039674724029e-01,2.260142771564055408e-04,6.780428314692166225e-04,9.140169569235578884e-03,9.818212400704795506e-03
1.741695042796586046e-01,1.744250039674724029e-01,2.554996878137982819e-04,7.664990634413948456e-04,8.845623197217822309e-03,9.612122260659217154e-03
1.741409800812273034e-01,1.744250039674724029e-01,2.840238862450994439e-04,8.520716587352983318e-04,8.557259529390348618e-03,9.409331188125646950e-03
1.741133968159148115e-01,1.744250039674724029e-01,3.116071515575913331e-04,9.348214546727739993e-04,8.274979593747566753e-03,9.209801048420340752e-03
1.740867345307071656e-01,1.744250039674724029e-01,3.382694367652372414e-04,1.014808310295711724e-03,7.998685562293772477e-03,9.013493872589484202e-03
1.740609735948867587e-01,1.744250039674724029e-01,3.640303725856441908e-04,1.092091117756932572e-03,7.728280746122084821e-03,8.820371863879017393e-03
1.740360946962527522e-01,1.744250039674724029e-01,3.889092712196506874e-04,1.166727813658952062e-03,7.463669590201948978e-03,8.630397403860901040e-03
1.740120788373591132e-01,1.744250039674724029e-01,4.129251301132896845e-04,1.238775390339869054e-03,7.204757668091699152e-03,8.443533058431568206e-03
1.739889073317713308e-01,1.744250039674724029e-01,4.360966357010720440e-04,1.308289907103216132e-03,6.951451676334707841e-03,8.259741583437923973e-03
1.739665618003418956e-01,1.744250039674724029e-01,4.584421671305072277e-04,1.375326501391521683e-03,6.703659428830555100e-03,8.078985930222076783e-03
1.739450241675054853e-01,1.744250039674724029e-01,4.799797999669175308e-04,1.439939399900752592e-03,6.461289850923090938e-03,7.901229250823843531e-03
1.739242766575941623e-01,1.744250039674724029e-01,5.007273098782405452e-04,1.502181929634721635e-03,6.224252973396904309e-03,7.726434903031625945e-03
1.739043017911731381e-01,1.744250039674724029e-01,5.207021762992647407e-04,1.562106528897794222e-03,5.992459926307258655e-03,7.554566455205052877e-03
1.738850823813976321e-01,1.744250039674724029e-01,5.399215860747708096e-04,1.619764758224312429e-03,5.765822932651820665e-03,7.385587690876133093e-03
1.738666015303912127e-01,1.744250039674724029e-01,5.584024370811901949e-04,1.675207311243570585e-03,5.544255301925815616e-03,7.219462613169386200e-03
1.738488426256460939e-01,1.744250039674724029e-01,5.761613418263089592e-04,1.728484025478926878e-03,5.327671423535629280e-03,7.056155449014556158e-03
1.738317893364458855e-01,1.744250039674724029e-01,5.932146310265173916e-04,1.779643893079552175e-03,5.115986760062529726e-03,6.895630653142081901e-03
1.738154256103109918e-01,1.744250039674724029e-01,6.095783571614110663e-04,1.828735071484233199e-03,4.909117840468102401e-03,6.737852911952335599e-03
1.737997356694672979e-01,1.744250039674724029e-01,6.252682980051049721e-04,1.875804894015314916e-03,4.706982253108171754e-03,6.582787147123486671e-03
1.737847040073383087e-01,1.744250039674724029e-01,6.402999601340941815e-04,1.920899880402282545e-03,4.509498638696762818e-03,6.430398519099045362e-03
1.737703153850612414e-01,1.744250039674724029e-01,6.546885824111614571e-04,1.964065747233484371e-03,4.316586683120182677e-03,6.280652430353667048e-03
1.737565548280272099e-01,1.744250039674724029e-01,6.684491394451930191e-04,2.005347418335579057e-03,4.128167110209468582e-03,6.133514528545047639e-03
1.737434076224460278e-01,1.744250039674724029e-01,6.815963450263751167e-04,2.044789035079125350e-03,3.944161674354629277e-03,5.988950709433754627e-03
1.737308593119357980e-01,1.744250039674724029e-01,6.941446555366048710e-04,2.082433966609814613e-03,3.764493153068926290e-03,5.846927119678740903e-03
1.737188956941375373e-01,1.744250039674724029e-01,7.061082733348655882e-04,2.118324820004596765e-03,3.589085339478215175e-03,5.707410159482811940e-03
1.737075028173552249e-01,1.744250039674724029e-01,7.175011501171779660e-04,2.152503450351533898e-03,3.417863034693713331e-03,5.570366485045247229e-03
1.736966669772214145e-01,1.744250039674724029e-01,7.283369902509884142e-04,2.185010970752965243e-03,3.250752040143134458e-03,5.435763010896099701e-03
1.736863747133886859e-01,1.744250039674724029e-01,7.386292540837169351e-04,2.215887762251150805e-03,3.087679149818556290e-03,5.303566912069707096e-03
1.736766128062471604e-01,1.744250039674724029e-01,7.483911612252425183e-04,2.245173483675727555e-03,2.928572142457674943e-03,5.173745626133402498e-03
1.736673682736682434e-01,1.744250039674724029e-01,7.576356938041595157e-04,2.272907081412478547e-03,2.773359773675099227e-03,5.046266855087577774e-03
1.736586283677748477e-01,1.744250039674724029e-01,7.663755996975551987e-04,2.299126799092665596e-03,2.621971768018704907e-03,4.921098567111370503e-03
1.736503805717381499e-01,1.744250039674724029e-01,7.746233957342529841e-04,2.323870187202758952e-03,2.474338811009335615e-03,4.798208998212094567e-03
1.736426125966012701e-01,1.744250039674724029e-01,7.823913708711327519e-04,2.347174112613398256e-03,2.330392541063930345e-03,4.677566653677328601e-03
1.736353123781297636e-01,1.744250039674724029e-01,7.896915893426392774e-04,2.369074768027917832e-03,2.190065541451957642e-03,4.559140309479875475e-03
1.736284680736892017e-01,1.744250039674724029e-01,7.965358937832012209e-04,2.389607681349603663e-03,2.053291332168583061e-03,4.442899013518186724e-03
1.736220680591500087e-01,1.744250039674724029e-01,8.029359083223941429e-04,2.408807724967182429e-03,1.920004361757876588e-03,4.328812086725059016e-03
1.736161009258194721e-01,1.744250039674724029e-01,8.089030416529308098e-04,2.426709124958792430e-03,1.790139999161000084e-03,4.216849124119792513e-03
1.736105554774013682e-01,1.744250039674724029e-01,8.144484900710347031e-04,2.443345470213104109e-03,1.663634525431167965e-03,4.106979995644272075e-03
1.736054207269828176e-01,1.744250039674724029e-01,8.195832404895853074e-04,2.458749721468755922e-03,1.540425125565181297e-03,3.999174847033937219e-03
1.736006858940489783e-01,1.744250039674724029e-01,8.243180734234245577e-04,2.472954220270273673e-03,1.420449880151775091e-03,3.893404100422048764e-03
1.735963404015251621e-01,1.744250039674724029e-01,8.286635659472407767e-04,2.485990697841722330e-03,1.303647757144865693e-03,3.789638454986588023e-03
1.735923738728468446e-01,1.744250039674724029e-01,8.326300946255582591e-04,2.497890283876674777e-03,1.189958603495244738e-03,3.687848887371919515e-03
1.735887761290572651e-01,1.744250039674724029e-01,8.362278384151378141e-04,2.508683515245413442e-03,1.079323136873866495e-03,3.588006652119279938e-03
1.735855371859329199e-01,1.744250039674724029e-01,8.394667815394829535e-04,2.518400344618448861e-03,9.716829373035418271e-04,3.490083281921990688e-03
1.735826472511367569e-01,1.744250039674724029e-01,8.423567163356460163e-04,2.527070149006938049e-03,8.669804388489188440e-04,3.394050587855856893e-03
1.735800967213993740e-01,1.744250039674724029e-01,8.449072460730289169e-04,2.534721738219086751e-03,7.651589212148701691e-04,3.299880659433956920e-03
1.735778761797279468e-01,1.744250039674724029e-01,8.471277877444560733e-04,2.541383363233368220e-03,6.661625014281469248e-04,3.207545864661515145e-03
1.735759763926429666e-01,1.744250039674724029e-01,8.490275748294362490e-04,2.547082724488308747e-03,5.699361254940527033e-04,3.117018849982361450e-03
1.735743883074429839e-01,1.744250039674724029e-01,8.506156600294190184e-04,2.551846980088257055e-03,4.764255599948308273e-04,3.028272540083087883e-03
1.735731030494970240e-01,1.744250039674724029e-01,8.519009179753789240e-04,2.555702753926136772e-03,3.855773837879716837e-04,2.941280137714108456e-03
1.735721119195648421e-01,1.744250039674724029e-01,8.528920479075607908e-04,2.558676143722682372e-03,2.973389796545600205e-04,2.856015123377242393e-03
1.735714063911449889e-01,1.744250039674724029e-01,8.535975763274139538e-04,2.560792728982241862e-03,2.116585259559489174e-04,2.772451254938190779e-03
1.735709781078506320e-01,1.744250039674724029e-01,8.540258596217709108e-04,2.562077578865312733e-03,1.284849883070871002e-04,2.690562567172399833e-03
1.735708188808129937e-01,1.744250039674724029e-01,8.541850866594091762e-04,2.562555259978227529e-03,4.776811129147962021e-05,2.610323371269707149e-03
1.735709206861124898e-01,1.744250039674724029e-01,8.540832813599130713e-04,2.562249844079739214e-03,-3.054158984883148520e-05,2.531708254230907729e-03
1.735712756622374009e-01,1.744250039674724029e-01,8.537283052350019830e-04,2.561184915705005949e-03,-1.064928374733264960e-04,2.454692078231679453e-03
1.735718761075701333e-01,1.744250039674724029e-01,8.531278599022695808e-04,2.559383579706808742e-03,-1.801335998197206578e-04,2.379249979887088084e-03
1.735727144779008468e-01,1.744250039674724029e-01,8.522894895715560359e-04,2.556868468714668108e-03,-2.515110992140634494e-04,2.305357369500604658e-03
1.735737833839685051e-01,1.744250039674724029e-01,8.512205835038977320e-04,2.553661750511693196e-03,-3.206718202974911947e-04,2.232989930214202001e-03
1.735750755890291819e-01,1.744250039674724029e-01,8.499283784432209998e-04,2.549785135329662999e-03,-3.876615182030196394e-04,2.162123617126643360e-03
1.735765840064515952e-01,1.744250039674724029e-01,8.484199610208076336e-04,2.545259883062422901e-03,-4.525252267240098547e-04,2.092734656338413046e-03
1.735783016973396209e-01,1.744250039674724029e-01,8.467022701327819867e-04,2.540106810398345960e-03,-5.153072664076940868e-04,2.024799543990651873e-03
1.735802218681820608e-01,1.744250039674724029e-01,8.447820992903420922e-04,2.534346297871026277e-03,-5.760512527319683329e-04,1.958295045139057944e-03
1.735823378685290019e-01,1.744250039674724029e-01,8.426660989434009430e-04,2.527998296830202829e-03,-6.348001040823447738e-04,1.893198192747858055e-03
1.735846431886952368e-01,1.744250039674724029e-01,8.403607787771660842e-04,2.521082336331498253e-03,-6.915960498704576409e-04,1.829486286461040612e-03
1.735871314574901070e-01,1.744250039674724029e-01,8.378725099822958988e-04,2.513617529946887696e-03,-7.464806384610556123e-04,1.767136891485832084e-03
1.735897964399741311e-01,1.744250039674724029e-01,8.352075274982717623e-04,2.505622582494815287e-03,-7.994947452072409533e-04,1.706127837287574334e-03
1.735926320352418895e-01,1.744250039674724029e-01,8.323719322305134227e-04,2.497115796691540268e-03,-8.506785803275018765e-04,1.646437216364038392e-03
1.735956322742312763e-01,1.744250039674724029e-01,8.293716932411265841e-04,2.488115079723379752e-03,-9.000716968160515918e-04,1.588043382907328160e-03
1.735987913175589537e-01,1.744250039674724029e-01,8.262126499134492263e-04,2.478637949740347679e-03,-9.477129983032073213e-04,1.530924951437140358e-03
1.736021034533817842e-01,1.744250039674724029e-01,8.229005140906187066e-04,2.468701542271856120e-03,-9.936407468491559314e-04,1.475060795422700188e-03
1.736055630952841322e-01,1.744250039674724029e-01,8.194408721882706637e-04,2.458322616564811991e-03,-1.037892570704412876e-03,1.420430045860399115e-03
1.736091647801910887e-01,1.744250039674724029e-01,8.158391872813142154e-04,2.447517561843942646e-03,-1.080505472086934482e-03,1.367012089757008164e-03
1.736129031663070088e-01,1.744250039674724029e-01,8.121008011653940706e-04,2.436302403496182212e-03,-1.121515834776043441e-03,1.314786568720138771e-03
1.736167730310798074e-01,1.744250039674724029e-01,8.082309363925954671e-04,2.424692809177786401e-03,-1.160959431839581057e-03,1.263733377338205344e-03
1.736207692691903448e-01,1.744250039674724029e-01,8.042346982820580692e-04,2.412704094846174208e-03,-1.198871433161219358e-03,1.213832661684954850e-03
1.736248868905670428e-01,1.744250039674724029e-01,8.001170769053600473e-04,2.400351230716080142e-03,-1.235286413009406559e-03,1.165064817706673583e-03
1.736291210184255085e-01,1.744250039674724029e-01,7.958829490468943835e-04,2.387648847140683150e-03,-1.270238357539699159e-03,1.117410489600983992e-03
1.736334668873329434e-01,1.744250039674724029e-01,7.915370801394594480e-04,2.374611240418378344e-03,-1.303760672230480644e-03,1.070850568187897700e-03
1.736379198412972003e-01,1.744250039674724029e-01,7.870841261752026252e-04,2.361252378525607876e-03,-1.335886189277046832e-03,1.025366189248561044e-03
1.736424753318803749e-01,1.744250039674724029e-01,7.825286355920280101e-04,2.347585906776084030e-03,-1.366647174952384525e-03,9.809387318236995057e-04
1.736471289163367404e-01,1.744250039674724029e-01,7.778750511356624653e-04,2.333625153406987396e-03,-1.396075336909663456e-03,9.375498164973239401e-04
1.736518762557747453e-01,1.744250039674724029e-01,7.731277116976575936e-04,2.319383135092972781e-03,-1.424201831401461504e-03,8.951813036915112765e-04
1.736567131133431308e-01,1.744250039674724029e-01,7.682908541292721161e-04,2.304872562387816348e-03,-1.451057270515643260e-03,8.538152918721730877e-04
1.736616353524406964e-01,1.744250039674724029e-01,7.633686150317064989e-04,2.290105845095119497e-03,-1.476671729269685152e-03,8.134341158254343451e-04
1.736666389349498518e-01,1.744250039674724029e-01,7.583650325225510525e-04,2.275095097567653157e-03,-1.501074752746633933e-03,7.740203448210192239e-04
1.736717199194934835e-01,1.744250039674724029e-01,7.532840479789193466e-04,2.259852143936758040e-03,-1.524295363089511746e-03,7.355567808472462943e-04
1.736768744597151914e-01,1.744250039674724029e-01,7.481295077572114316e-04,2.244388523271634295e-03,-1.546362066512374511e-03,6.980264567592597835e-04
1.736820988025825629e-01,1.744250039674724029e-01,7.429051648898399307e-04,2.228715494669519792e-03,-1.567302860211450266e-03,6.614126344580695260e-04
1.736873892867134006e-01,1.744250039674724029e-01,7.376146807590022725e-04,2.212844042277006817e-03,-1.587145239251297468e-03,6.256988030257093492e-04
1.736927423407245430e-01,1.744250039674724029e-01,7.322616267478598839e-04,2.196784880243579652e-03,-1.605916203342716564e-03,5.908686769008630879e-04
1.736981544816033618e-01,1.744250039674724029e-01,7.268494858690410787e-04,2.180548457607123236e-03,-1.623642263645641570e-03,5.569061939614816659e-04
1.737036223131015744e-01,1.744250039674724029e-01,7.213816543708284623e-04,2.164144963112485387e-03,-1.640349449463784914e-03,5.237955136487004726e-04
1.737091425241511500e-01,1.744250039674724029e-01,7.158614433212528994e-04,2.147584329963758698e-03,-1.656063314872668890e-03,4.915210150910898079e-04
1.737147118873022533e-01,1.744250039674724029e-01,7.102920801701495535e-04,2.130876240510448660e-03,-1.670808945331003770e-03,4.600672951794448906e-04
1.737203272571828661e-01,1.744250039674724029e-01,7.046767102895368229e-04,2.114030130868610469e-03,-1.684610964183819171e-03,4.294191666847912980e-04
1.737259855689801402e-01,1.744250039674724029e-01,6.990183984922626603e-04,2.097055195476787981e-03,-1.697493539182248767e-03,3.995616562945392136e-04
1.737316838369430405e-01,1.744250039674724029e-01,6.933201305293623662e-04,2.079960391588087099e-03,-1.709480388870088241e-03,3.704800027179988575e-04
1.737374191529062195e-01,1.744250039674724029e-01,6.875848145661833666e-04,2.062754443698550100e-03,-1.720594788953699883e-03,3.421596547448502168e-04
1.737431886848348761e-01,1.744250039674724029e-01,6.818152826375267761e-04,2.045445847912580328e-03,-1.730859578596977144e-03,3.145862693156031842e-04
1.737489896753904584e-01,1.744250039674724029e-01,6.760142920819445234e-04,2.028042876245833570e-03,-1.740297166674675822e-03,2.877457095711577484e-04
1.737548194405169888e-01,1.744250039674724029e-01,6.701845269554140838e-04,2.010553580866242251e-03,-1.748929537959131864e-03,2.616240429071103879e-04
1.737606753680478178e-01,1.744250039674724029e-01,6.643285994245851089e-04,1.992985798273755327e-03,-1.756778259248692464e-03,2.362075390250628626e-04
1.737665549163325551e-01,1.744250039674724029e-01,6.584490511398477519e-04,1.975347153419543256e-03,-1.763864485421207107e-03,2.114826679983361490e-04
1.737724556128840969e-01,1.744250039674724029e-01,6.525483545883059566e-04,1.957645063764917870e-03,-1.770208965462538586e-03,1.874360983023792837e-04
1.737783750530454696e-01,1.744250039674724029e-01,6.466289144269332656e-04,1.939886743280799797e-03,-1.775832048411807307e-03,1.640546948689924900e-04
1.737843108986763252e-01,1.744250039674724029e-01,6.406930687960776805e-04,1.922079206388233041e-03,-1.780753689256675543e-03,1.413255171315574987e-04
1.737902608768588930e-01,1.744250039674724029e-01,6.347430906135098638e-04,1.904229271840529591e-03,-1.784993454770344989e-03,1.192358170701846021e-04
1.737962227786231661e-01,1.744250039674724029e-01,6.287811888492367274e-04,1.886343566547710182e-03,-1.788570529281940935e-03,9.777303726576924703e-05
1.738021944576911559e-01,1.744250039674724029e-01,6.228095097812469394e-04,1.868428529343740818e-03,-1.791503720396936394e-03,7.692480894680442383e-05
1.738081738292400480e-01,1.744250039674724029e-01,6.168301382323548854e-04,1.850490414697064656e-03,-1.793811464667616207e-03,5.667895002944844940e-05
1.738141588686839545e-01,1.744250039674724029e-01,6.108450987884483929e-04,1.832535296365345179e-03,-1.795511833171947735e-03,3.702346319339744340e-05
1.738201476104741794e-01,1.744250039674724029e-01,6.048563569982234878e-04,1.814569070994670463e-03,-1.796622537067471548e-03,1.794653392719891549e-05
1.738261381469178024e-01,1.744250039674724029e-01,5.988658205546004698e-04,1.796597461663801409e-03,-1.797160933086905388e-03,-5.634714231039783527e-07
1.738321286270142763e-01,1.744250039674724029e-01,5.928753404581266206e-04,1.778626021374379862e-03,-1.797144028942154748e-03,-1.851800756777488566e-05
1.738381172553099818e-01,1.744250039674724029e-01,5.868867121624210537e-04,1.760660136487263161e-03,-1.796588488711670095e-03,-3.592835222440693421e-05
1.738441022907704636e-01,1.744250039674724029e-01,5.809016767019392624e-04,1.742705030105817787e-03,-1.795510638144537374e-03,-5.280560803871958697e-05
1.738500820456701512e-01,1.744250039674724029e-01,5.749219218022516564e-04,1.724765765406754969e-03,-1.793926469906281795e-03,-6.916070449952682608e-05
1.738560548844994003e-01,1.744250039674724029e-01,5.689490829730026178e-04,1.706847248919007853e-03,-1.791851648774711592e-03,-8.500439985570373835e-05
1.738620192228886585e-01,1.744250039674724029e-01,5.629847445837443676e-04,1.688954233751233103e-03,-1.789301516777475065e-03,-1.003472830262419624e-04
1.738679735265496185e-01,1.744250039674724029e-01,5.570304409227844200e-04,1.671091322768353260e-03,-1.786291098287984269e-03,-1.151997755196310091e-04
1.738739163102330232e-01,1.744250039674724029e-01,5.510876572393796913e-04,1.653262971718139074e-03,-1.782835105021418620e-03,-1.295721333032795464e-04
1.738798461367030979e-01,1.744250039674724029e-01,5.451578307693050185e-04,1.635473492307915055e-03,-1.778947941022401835e-03,-1.434744487144867797e-04
1.738857616157283015e-01,1.744250039674724029e-01,5.392423517441014003e-04,1.617727055232304201e-03,-1.774643707561085471e-03,-1.569166523287812698e-04
1.738916614030882601e-01,1.744250039674724029e-01,5.333425643841427366e-04,1.600027693152428210e-03,-1.769936207987599097e-03,-1.699085148351708874e-04
1.738975441995967430e-01,1.744250039674724029e-01,5.274597678756598462e-04,1.582379303626979539e-03,-1.764838952544867112e-03,-1.824596489178875736e-04
1.739034087501403203e-01,1.744250039674724029e-01,5.215952173320825835e-04,1.564785651996247751e-03,-1.759365163073178806e-03,-1.945795110769310554e-04
1.739092538427327861e-01,1.744250039674724029e-01,5.157501247396167887e-04,1.547250374218850366e-03,-1.753527777739738447e-03,-2.062774035208880807e-04
1.739150783075849027e-01,1.744250039674724029e-01,5.099256598875001600e-04,1.529776979662500480e-03,-1.747339455634988603e-03,-2.175624759724881230e-04
1.739208810161894381e-01,1.744250039674724029e-01,5.041229512829648041e-04,1.512368853848894412e-03,-1.740812581360606792e-03,-2.284437275117123800e-04
1.739266608804212189e-01,1.744250039674724029e-01,4.983430870511840194e-04,1.495029261153552058e-03,-1.733959269534235403e-03,-2.389300083806833452e-04
1.739324168516521718e-01,1.744250039674724029e-01,4.925871158202310696e-04,1.477761347460693209e-03,-1.726791369285884947e-03,-2.490300218251917386e-04
1.739381479198809366e-01,1.744250039674724029e-01,4.868560475914662788e-04,1.460568142774398837e-03,-1.719320468629437215e-03,-2.587523258550383787e-04
1.739438531128771059e-01,1.744250039674724029e-01,4.811508545952969396e-04,1.443452563785890819e-03,-1.711557898850801784e-03,-2.681053350649109657e-04
1.739495314953397598e-01,1.744250039674724029e-01,4.754724721326430981e-04,1.426417416397929294e-03,-1.703514738796152450e-03,-2.770973223982231559e-04
1.739551821680701826e-01,1.744250039674724029e-01,4.698217994022202415e-04,1.409465398206660725e-03,-1.695201819126856968e-03,-2.857364209201962435e-04
1.739608042671585142e-01,1.744250039674724029e-01,4.641997003138886857e-04,1.392599100941666057e-03,-1.686629726499466742e-03,-2.940306255578006844e-04
1.739663969631842777e-01,1.744250039674724029e-01,4.586070042881251752e-04,1.375821012864375525e-03,-1.677808807729053164e-03,-3.019877948646776389e-04
1.739719594604305641e-01,1.744250039674724029e-01,4.530445070418387399e-04,1.359133521125516220e-03,-1.668749173885930581e-03,-3.096156527604143616e-04
1.739774909961115668e-01,1.744250039674724029e-01,4.475129713608361204e-04,1.342538914082508361e-03,-1.659460704300785849e-03,-3.169217902182774882e-04
1.739829908396135494e-01,1.744250039674724029e-01,4.420131278588534940e-04,1.326039383576560482e-03,-1.649953050594787918e-03,-3.239136670182274358e-04
1.739884582917488320e-01,1.744250039674724029e-01,4.365456757235708363e-04,1.309637027170712509e-03,-1.640235640584797316e-03,-3.305986134140848076e-04
1.739938926840227940e-01,1.744250039674724029e-01,4.311112834496089175e-04,1.293333850348826752e-03,-1.630317682188575645e-03,-3.369838318397488930e-04
1.739992933779135609e-01,1.744250039674724029e-01,4.257105895588420008e-04,1.277131768676526002e-03,-1.620208167230074991e-03,-3.430763985535489891e-04
1.740046597641644599e-01,1.744250039674724029e-01,4.203442033079429763e-04,1.261032609923828929e-03,-1.609915875269707364e-03,-3.488832653458784350e-04
1.740099912620888256e-01,1.744250039674724029e-01,4.150127053835772628e-04,1.245038116150731788e-03,-1.599449377309714038e-03,-3.544112611589822492e-04
1.740152873188870741e-01,1.744250039674724029e-01,4.097166485853287465e-04,1.229149945755986240e-03,-1.588817039474554882e-03,-3.596670937185686423e-04
1.740205474089759619e-01,1.744250039674724029e-01,4.044565584964410210e-04,1.213369675489323063e-03,-1.578027026666317667e-03,-3.646573511769946041e-04
1.740257710333297236e-01,1.744250039674724029e-01,3.992329341426792411e-04,1.197698802428037723e-03,-1.567087306128533974e-03,-3.693885037004962513e-04
1.740309577188331180e-01,1.744250039674724029e-01,3.940462486392848351e-04,1.182138745917854505e-03,-1.556005651018321778e-03,-3.738669051004672728e-04
1.740361070176460190e-01,1.744250039674724029e-01,3.888969498263838975e-04,1.166690849479151693e-03,-1.544789643870281282e-03,-3.780987943911295890e-04
1.740412185065794703e-01,1.744250039674724029e-01,3.837854608929325284e-04,1.151356382678797585e-03,-1.533446680035410736e-03,-3.820902973566131511e-04
1.740462917864831760e-01,1.744250039674724029e-01,3.787121809892268764e-04,1.136136542967680629e-03,-1.521983971111695588e-03,-3.858474281440149589e-04
1.740513264816440642e-01,1.744250039674724029e-01,3.736774858283387069e-04,1.121032457485016121e-03,-1.510408548266450879e-03,-3.893760907814347583e-04
1.740563222391958986e-01,1.744250039674724029e-01,3.686817282765042503e-04,1.106045184829512751e-03,-1.498727265550336973e-03,-3.926820807208242226e-04
1.740612787285396590e-01,1.744250039674724029e-01,3.637252389327438884e-04,1.091175716798231665e-03,-1.486946803128108563e-03,-3.957710863298768977e-04
1.740661956407747735e-01,1.744250039674724029e-01,3.588083266976294095e-04,1.076424980092888228e-03,-1.475073670534343684e-03,-3.986486904414554555e-04
1.740710726881408432e-01,1.744250039674724029e-01,3.539312793315596561e-04,1.061793837994678968e-03,-1.463114209820925993e-03,-4.013203718262470243e-04
1.740759096034697473e-01,1.744250039674724029e-01,3.490943640026555883e-04,1.047283092007966765e-03,-1.451074598671220350e-03,-4.037915066632535854e-04
1.740807061396479616e-01,1.744250039674724029e-01,3.442978278244412937e-04,1.032893483473323881e-03,-1.438960853464288370e-03,-4.060673699909644885e-04
1.740854620690891752e-01,1.744250039674724029e-01,3.395418983832276805e-04,1.018625695149683041e-03,-1.426778832364083982e-03,-4.081531372144009406e-04
1.740901771832166767e-01,1.744250039674724029e-01,3.348267842557262064e-04,1.004480352767178619e-03,-1.414534238250442222e-03,-4.100538854832636027e-04
1.740948512919556213e-01,1.744250039674724029e-01,3.301526755167816241e-04,9.904580265503448722e-04,-1.402232621683374703e-03,-4.117745951330298304e-04
1.740994842232350681e-01,1.744250039674724029e-01,3.255197442373347627e-04,9.765592327120042881e-04,-1.389879383834058402e-03,-4.133201511220541136e-04
1.741040758224993990e-01,1.744250039674724029e-01,3.209281449730039260e-04,9.627844349190117779e-04,-1.377479779299251028e-03,-4.146953443802392503e-04
1.741086259522292845e-01,1.744250039674724029e-01,3.163780152431183712e-04,9.491340457293551136e-04,-1.365038918965666426e-03,-4.159048732363113121e-04
1.741131344914718659e-01,1.744250039674724029e-01,3.118694760005369382e-04,9.356084280016108146e-04,-1.352561772774429905e-03,-4.169533447728190900e-04
1.741176013353799568e-01,1.744250039674724029e-01,3.074026320924461153e-04,9.222078962773383459e-04,-1.340053172427246864e-03,-4.178452761499085177e-04
1.741220263947604319e-01,1.744250039674724029e-01,3.029775727119710105e-04,9.089327181359130314e-04,-1.327517814142531449e-03,-4.185850960066184179e-04
1.741264095956313041e-01,1.744250039674724029e-01,2.985943718410988268e-04,8.957831155232964804e-04,-1.314960261261655106e-03,-4.191771457383586252e-04
1.741307508787875991e-01,1.744250039674724029e-01,2.942530886848038207e-04,8.827592660544114622e-04,-1.302384946888501815e-03,-4.196256808340903532e-04
1.741350501993758071e-01,1.744250039674724029e-01,2.899537680965957875e-04,8.698613042897873626e-04,-1.289796176462409960e-03,-4.199348721726225975e-04
1.741393075264767998e-01,1.744250039674724029e-01,2.856964409956030959e-04,8.570893229868092877e-04,-1.277198130297807488e-03,-4.201088073109982002e-04
1.741435228426970738e-01,1.744250039674724029e-01,2.814811247753290502e-04,8.444433743259871505e-04,-1.264594866082213720e-03,-4.201514917562265694e-04
1.741476961437681548e-01,1.744250039674724029e-01,2.773078237042481131e-04,8.319234711127443394e-04,-1.251990321324281119e-03,-4.200668502115367797e-04
1.741518274381542164e-01,1.744250039674724029e-01,2.731765293181864784e-04,8.195295879545594353e-04,-1.239388315818490405e-03,-4.198587278639309694e-04
1.741559167466674996e-01,1.744250039674724029e-01,2.690872208049033265e-04,8.072616624147099795e-04,-1.226792553984945577e-03,-4.195308915702355979e-04
1.741599641020916411e-01,1.744250039674724029e-01,2.650398653807617411e-04,7.951195961422852232e-04,-1.214206627242475633e-03,-4.190870311001904103e-04
1.741639695488126638e-01,1.744250039674724029e-01,2.610344186597390870e-04,7.831032559792172609e-04,-1.201634016306796227e-03,-4.185307603275789656e-04
1.741679331424576538e-01,1.744250039674724029e-01,2.570708250147490936e-04,7.712124750442472809e-04,-1.189078093496998001e-03,-4.178656184527507200e-04
1.741718549495407942e-01,1.744250039674724029e-01,2.531490179316087108e-04,7.594470537948261324e-04,-1.176542124942114853e-03,-4.170950711472887207e-04
1.741757350471168087e-01,1.744250039674724029e-01,2.492689203555942257e-04,7.478067610667826770e-04,-1.164029272804345538e-03,-4.162225117375628614e-04
1.741795735224416497e-01,1.744250039674724029e-01,2.454304450307531749e-04,7.362913350922595246e-04,-1.151542597452315242e-03,-4.152512623600557173e-04
1.741833704726402643e-01,1.744250039674724029e-01,2.416334948321385845e-04,7.249004844964157535e-04,-1.139085059584377113e-03,-4.141845750879613597e-04
1.741871260043813818e-01,1.744250039674724029e-01,2.378779630910210496e-04,7.136338892730631489e-04,-1.126659522335260455e-03,-4.130256330621973060e-04
1.741908402335591854e-01,9.264154894842785426e-01,7.522246492507194127e-01,2.256673947752158238e+00,0.000000000000000000e+00,2.256673947752158238e+00
1.744202218575122143e-01,9.264154894842785426e-01,7.519952676267662728e-01,2.255985802880299040e+00,-6.881448718594196379e-02,2.187171315694357077e+00
1.748683206130346723e-01,9.264154894842785426e-01,7.515471688712438425e-01,2.254641506613731750e+00,-1.344296266567290843e-01,2.120211879957002665e+00
1.755284405565528394e-01,9.264154894842785426e-01,7.508870489277257310e-01,2.252661146783177415e+00,-1.980359830554334621e-01,2.054625163727743953e+00
1.763940230164437739e-01,9.264154894842785426e-01,7.500214664678347409e-01,2.250064399403504112e+00,-2.596747379672970091e-01,1.990389661436207103e+00
1.774586444424783305e-01,9.264154894842785426e-01,7.489568450418002676e-01,2.246870535125400803e+00,-3.193864278103419885e-01,1.927484107315058814e+00
1.787160142792443840e-01,9.264154894842785426e-01,7.476994752050341031e-01,2.243098425615102087e+00,-3.772109510298493618e-01,1.865887474585252725e+00
1.801599728634689646e-01,9.264154894842785426e-01,7.462555166208095780e-01,2.238766549862428512e+00,-4.331875752673575164e-01,1.805578974595070996e+00
1.817844893451530386e-01,9.264154894842785426e-01,7.446310001391255318e-01,2.233893000417376484e+00,-4.873549445052138829e-01,1.746538055912162601e+00
1.835836596324283421e-01,9.264154894842785426e-01,7.428318298518501450e-01,2.228495489555550435e+00,-5.397510861826160244e-01,1.688744403372934411e+00
1.855517043600409255e-01,9.264154894842785426e-01,7.408637851242376726e-01,2.222591355372713018e+00,-5.904134182837417200e-01,1.632177937088971298e+00
1.876829668813624064e-01,9.264154894842785426e-01,7.387325226029161085e-01,2.216197567808748214e+00,-6.393787563964692389e-01,1.576818811412278976e+00
1.899719112838251234e-01,9.264154894842785426e-01,7.364435782004534747e-01,2.209330734601360646e+00,-6.866833207387901261e-01,1.522647413862570520e+00
1.924131204276741114e-01,9.264154894842785426e-01,7.340023690566044312e-01,2.202007107169813516e+00,-7.323627431547130584e-01,1.469644364015100457e+00
1.950012940079245971e-01,9.264154894842785426e-01,7.314141954763540010e-01,2.194242586429061781e+00,-7.764520740751290617e-01,1.417790512353932719e+00
1.977312466394104684e-01,9.264154894842785426e-01,7.286842428448681019e-01,2.186052728534604306e+00,-8.189857894457697185e-01,1.367066939088834587e+00
2.005979059648052287e-01,9.264154894842785426e-01,7.258175835194733416e-01,2.177452750558420025e+00,-8.599977976184280948e-01,1.317454952939991930e+00
2.035963107854940057e-01,9.264154894842785426e-01,7.228191786987845369e-01,2.168457536096353611e+00,-8.995214462066414285e-01,1.268936089889712182e+00
2.067216092151717421e-01,9.264154894842785426e-01,7.196938802691068560e-01,2.159081640807320568e+00,-9.375895289033042701e-01,1.221492111904016298e+00
2.099690568560398929e-01,9.264154894842785426e-01,7.164464326282387052e-01,2.149339297884716338e+00,-9.742342922604452227e-01,1.175105005624271115e+00
2.133340149974704558e-01,9.264154894842785426e-01,7.130814744868081423e-01,2.139244423460424649e+00,-1.009487442429168880e+00,1.129756981031255769e+00
2.168119488370041370e-01,9.264154894842785426e-01,7.096035406472743778e-01,2.128810621941823022e+00,-1.043380151860129335e+00,1.085430470081693688e+00
2.203984257235460098e-01,9.264154894842785426e-01,7.060170637607325883e-01,2.118051191282197543e+00,-1.075943065962536860e+00,1.042108125319660683e+00
2.240891134226198345e-01,9.264154894842785426e-01,7.023263760616587081e-01,2.106979128184976346e+00,-1.107206309722164050e+00,9.997728184628122960e-01
2.278797784035399288e-01,9.264154894842785426e-01,6.985357110807386416e-01,2.095607133242215703e+00,-1.137199494276019962e+00,9.584076389661957407e-01
2.317662841483566494e-01,9.264154894842785426e-01,6.946492053359218932e-01,2.083947616007765902e+00,-1.165951723445024513e+00,9.179958925627413890e-01
2.357445894824296562e-01,9.264154894842785426e-01,6.906709000018489419e-01,2.072012700005546826e+00,-1.193491600221885385e+00,8.785210997836614411e-01
2.398107469264810221e-01,9.264154894842785426e-01,6.866047425577974650e-01,2.059814227673392395e+00,-1.219847233215443083e+00,8.399669944579493119e-01
2.439609010699781977e-01,9.264154894842785426e-01,6.824545884143002894e-01,2.047363765242900868e+00,-1.245046243049152679e+00,8.023175221937481894e-01
2.481912869656947296e-01,9.264154894842785426e-01,6.782242025185838408e-01,2.034672607555751522e+00,-1.269115768714934589e+00,7.655568388408169334e-01
2.524982285452953557e-01,9.264154894842785426e-01,6.739172609389831869e-01,2.021751782816949561e+00,-1.292082473880196147e+00,7.296693089367534135e-01
2.568781370557896571e-01,9.264154894842785426e-01,6.695373524284888855e-01,2.008612057285466435e+00,-1.313972553148290423e+00,6.946395041371760115e-01
2.613275095166976425e-01,9.264154894842785426e-01,6.650879799675808446e-01,1.995263939902742534e+00,-1.334811738272412285e+00,6.604522016303302490e-01
2.658429271977686970e-01,9.264154894842785426e-01,6.605725622865098456e-01,1.981717686859529426e+00,-1.354625304321299684e+00,6.270923825382297423e-01
2.704210541170935511e-01,9.264154894842785426e-01,6.559944353671849360e-01,1.967983306101554808e+00,-1.373438075797472901e+00,5.945452303040819064e-01
2.750586355594488164e-01,9.264154894842785426e-01,6.513568539248297817e-01,1.954070561774489345e+00,-1.391274432706546271e+00,5.627961290679430739e-01
2.797524966147109104e-01,9.264154894842785426e-01,6.466629928695676321e-01,1.939988978608703007e+00,-1.408158316578644875e+00,5.318306620300581322e-01
2.844995407361760043e-01,9.264154894842785426e-01,6.419159487481025383e-01,1.925747846244307615e+00,-1.424113236439528141e+00,5.016346098047794744e-01
2.892967483186215660e-01,9.264154894842785426e-01,6.371187411656569211e-01,1.911356223496970763e+00,-1.439162274733685187e+00,4.721939487632855759e-01
2.941411752959434689e-01,9.264154894842785426e-01,6.322743141883351292e-01,1.896822942565005388e+00,-1.453328093196537552e+00,4.434948493684678361e-01
2.990299517582021838e-01,9.264154894842785426e-01,6.273855377260764143e-01,1.882156613178229243e+00,-1.466632938677614462e+00,4.155236745006147814e-01
3.039602805879109693e-01,9.264154894842785426e-01,6.224552088963675178e-01,1.867365626689102553e+00,-1.479098648912668956e+00,3.882669777764335972e-01
3.089294361153974156e-01,9.264154894842785426e-01,6.174860533688810715e-01,1.852458160106643215e+00,-1.490746658245933887e+00,3.617115018607093280e-01
3.139347627930699214e-01,9.264154894842785426e-01,6.124807266912086767e-01,1.837442180073626030e+00,-1.501598003301718443e+00,3.358441767719075877e-01
3.189736738884196288e-01,9.264154894842785426e-01,6.074418155958589693e-01,1.822325446787576908e+00,-1.511673328604912214e+00,3.106521181826646938e-01
3.240436501955875626e-01,9.264154894842785426e-01,6.023718392886909800e-01,1.807115517866072940e+00,-1.520992892150396791e+00,2.861226257156761488e-01
3.291422387653271109e-01,9.264154894842785426e-01,5.972732507189514317e-01,1.791819752156854406e+00,-1.529576570921864498e+00,2.622431812349899083e-01
3.342670516531901503e-01,9.264154894842785426e-01,5.921484378310883923e-01,1.776445313493265177e+00,-1.537443866358911837e+00,2.390014471343533398e-01
3.394157646857666188e-01,9.264154894842785426e-01,5.869997247985119238e-01,1.760999174395535771e+00,-1.544613909772940552e+00,2.163852646225952192e-01
3.445861162448053405e-01,9.264154894842785426e-01,5.818293732394732576e-01,1.745488119718419773e+00,-1.551105467711599850e+00,1.943826520068199226e-01
3.497759060690447397e-01,9.264154894842785426e-01,5.766395834152338029e-01,1.729918750245701409e+00,-1.556936947271836402e+00,1.729818029738650065e-01
3.549829940735815259e-01,9.264154894842785426e-01,5.714324954106970722e-01,1.714297486232091217e+00,-1.562126401361019212e+00,1.521710848710720043e-01
3.602052991866054321e-01,9.264154894842785426e-01,5.662101902976730550e-01,1.698630570893019165e+00,-1.566691533907205169e+00,1.319390369858139955e-01
3.654407982033279212e-01,9.264154894842785426e-01,5.609746912809505659e-01,1.682924073842851698e+00,-1.570649705016746722e+00,1.122743688261049755e-01
3.706875246569329985e-01,9.264154894842785426e-01,5.557279648273455441e-01,1.667183894482036521e+00,-1.574017936081506530e+00,9.316595840052999122e-02
3.759435677063781567e-01,9.264154894842785426e-01,5.504719217779003859e-01,1.651415765333701158e+00,-1.576812914833547463e+00,7.460285050015369457e-02
3.812070710408733132e-01,9.264154894842785426e-01,5.452084184434051739e-01,1.635625255330215522e+00,-1.579051000348563605e+00,5.657425498165191691e-02
3.864762318008666542e-01,9.264154894842785426e-01,5.399392576834118884e-01,1.619817773050235665e+00,-1.580748227997985644e+00,3.906954505225002094e-02
3.917492995153651902e-01,9.264154894842785426e-01,5.346661899689133524e-01,1.603998569906740057e+00,-1.581920314349560819e+00,2.207825555717923827e-02
3.970245750554194375e-01,9.264154894842785426e-01,5.293909144288591051e-01,1.588172743286577315e+00,-1.582582662016274178e+00,5.590081270303137728e-03
4.023004096036007504e-01,9.264154894842785426e-01,5.241150798806777367e-01,1.572345239642033210e+00,-1.582750364454410530e+00,-1.040512481237731990e-02
4.075752036393008315e-01,9.264154894842785426e-01,5.188402858449776556e-01,1.556520857534932967e+00,-1.582438210710024329e+00,-2.591735317509136216e-02
4.128474059396833873e-01,9.264154894842785426e-01,5.135680835445951553e-01,1.540704250633785577e+00,-1.581660690114750079e+00,-4.095643948096450160e-02
4.181155125961178443e-01,9.264154894842785426e-01,5.082999768881606428e-01,1.524899930664481928e+00,-1.580431996930353744e+00,-5.553206626587181560e-02
4.233780660459257050e-01,9.264154894842785426e-01,5.030374234383527821e-01,1.509112270315058346e+00,-1.578766034942358232e+00,-6.965376462729988560e-02
4.286336541192708460e-01,9.264154894842785426e-01,4.977818353650076966e-01,1.493345506095023145e+00,-1.576676422003525646e+00,-8.333091590850250086e-02
4.338809091010251140e-01,9.264154894842785426e-01,4.925345803832534286e-01,1.477603741149760230e+00,-1.574176494526280390e+00,-9.657275337652015956e-02
4.391185068074417441e-01,9.264154894842785426e-01,4.872969826768367985e-01,1.461890948030510451e+00,-1.571279311924989042e+00,-1.093883638944785908e-01
4.443451656774689562e-01,9.264154894842785426e-01,4.820703238068095864e-01,1.446210971420428759e+00,-1.567997661008163623e+00,-1.217866895877348643e-01
4.495596458785373617e-01,9.264154894842785426e-01,4.768558436057411809e-01,1.430567530817223432e+00,-1.564344060320521645e+00,-1.337765295032982138e-01
4.547607484266554256e-01,9.264154894842785426e-01,4.716547410576231170e-01,1.414964223172869406e+00,-1.560330764435419182e+00,-1.453665412625497755e-01
4.599473143206472825e-01,9.264154894842785426e-01,4.664681751636312601e-01,1.399404525490893780e+00,-1.555969768197557057e+00,-1.565652427066632768e-01
4.651182236903684264e-01,9.264154894842785426e-01,4.612972657939101162e-01,1.383891797381730404e+00,-1.551272810916343170e+00,-1.673810135346127659e-01
4.702723949587361285e-01,9.264154894842785426e-01,4.561430945255424141e-01,1.368429283576627187e+00,-1.546251380510310636e+00,-1.778220969336834489e-01
4.754087840174104906e-01,9.264154894842785426e-01,4.510067054668680520e-01,1.353020116400604156e+00,-1.540916717602308639e+00,-1.878966012017044829e-01
4.805263834159646530e-01,9.264154894842785426e-01,4.458891060683138896e-01,1.337667318204941669e+00,-1.535279819566248705e+00,-1.976125013613070358e-01
4.856242215643826743e-01,9.264154894842785426e-01,4.407912679198958683e-01,1.322373803759687494e+00,-1.529351444525406389e+00,-2.069776407657188955e-01
4.907013619487241574e-01,9.264154894842785426e-01,4.357141275355543852e-01,1.307142382606663045e+00,-1.523142115302444921e+00,-2.159997326957818764e-01
4.957569023597960256e-01,9.264154894842785426e-01,4.306585871244825170e-01,1.291975761373447495e+00,-1.516662123321560474e+00,-2.246863619481129781e-01
5.007899741346730771e-01,9.264154894842785426e-01,4.256255153496054655e-01,1.276876546048816508e+00,-1.509921532463115446e+00,-2.330449864142989380e-01
5.057997414109086654e-01,9.264154894842785426e-01,4.206157480733698772e-01,1.261847244220109632e+00,-1.502930182870676479e+00,-2.410829386505668470e-01
5.107854003932792430e-01,9.264154894842785426e-01,4.156300890909992996e-01,1.246890267272998010e+00,-1.495697694711173309e+00,-2.488074274381752993e-01
5.157461786329060605e-01,9.264154894842785426e-01,4.106693108513724821e-01,1.232007932554117335e+00,-1.488233471888045223e+00,-2.562255393339278875e-01
5.206813343185994203e-01,9.264154894842785426e-01,4.057341551656791223e-01,1.217202465497037256e+00,-1.480546705708007948e+00,-2.633442402109706926e-01
5.255901555802716674e-01,9.264154894842785426e-01,4.008253339040068752e-01,1.202476001712020626e+00,-1.472646378501674125e+00,-2.701703767896534991e-01
5.304719598042649809e-01,9.264154894842785426e-01,3.959435296800135617e-01,1.187830589040040685e+00,-1.464541267197994046e+00,-2.767106781579533603e-01
5.353260929604425344e-01,9.264154894842785426e-01,3.910893965238360082e-01,1.173268189571508024e+00,-1.456239946853266076e+00,-2.829717572817580518e-01
5.401519289408919233e-01,9.264154894842785426e-01,3.862635605433866193e-01,1.158790681630159858e+00,-1.447750794134816665e+00,-2.889601125046568075e-01
5.449488689100907557e-01,9.264154894842785426e-01,3.814666205741877869e-01,1.144399861722563472e+00,-1.439081990759649710e+00,-2.946821290370862378e-01
5.497163406663859719e-01,9.264154894842785426e-01,3.766991488178925707e-01,1.130097446453677712e+00,-1.430241526888564874e+00,-3.001440804348871616e-01
5.544537980146376777e-01,9.264154894842785426e-01,3.719616914696408649e-01,1.115885074408922595e+00,-1.421237204475511717e+00,-3.053521300665891225e-01
5.591607201498827173e-01,9.264154894842785426e-01,3.672547693343958253e-01,1.101764308003187587e+00,-1.412076640573511899e+00,-3.103123325703243118e-01
5.638366110518706620e-01,9.264154894842785426e-01,3.625788784324078806e-01,1.087736635297223753e+00,-1.402767270596383398e+00,-3.150306352991596448e-01
5.684809988903287703e-01,9.264154894842785426e-01,3.579344905939497723e-01,1.073803471781849428e+00,-1.393316351537432496e+00,-3.195128797555830680e-01
5.730934354408112608e-01,9.264154894842785426e-01,3.533220540434672818e-01,1.059966162130401734e+00,-1.383730965144747138e+00,-3.237648030143454037e-01
5.776734955109923408e-01,9.264154894842785426e-01,3.487419939732862018e-01,1.046225981919858494e+00,-1.374018021054324024e+00,-3.277920391344655293e-01
5.822207763772599964e-01,9.264154894842785426e-01,3.441947131070185462e-01,1.032584139321055527e+00,-1.364184259880296679e+00,-3.316001205592411516e-01
5.867348972314716526e-01,9.264154894842785426e-01,3.396805922528068900e-01,1.019041776758420781e+00,-1.354236256263496863e+00,-3.351944795050760817e-01
5.912154986377328170e-01,9.264154894842785426e-01,3.351999908465457256e-01,1.005599972539637177e+00,-1.344180421878349296e+00,-3.385804493387121195e-01
5.956622419990601491e-01,9.264154894842785426e-01,3.307532474852183935e-01,9.922597424556551804e-01,-1.334023008398199650e+00,-3.417632659425444697e-01
6.000748090337931773e-01,9.264154894842785426e-01,3.263406804504853653e-01,9.790220413514560960e-01,-1.323770110419908441e+00,-3.447480690684523452e-01
6.044529012616194352e-01,9.264154894842785426e-01,3.219625882226591074e-01,9.658877646679773221e-01,-1.313427668347877386e+00,-3.475399036799000640e-01
6.087962394990776849e-01,9.264154894842785426e-01,3.176192499852008577e-01,9.528577499556025732e-01,-1.303001471237474895e+00,-3.501437212818723221e-01
6.131045633644077730e-01,9.264154894842785426e-01,3.133109261198707696e-01,9.399327783596123087e-01,-1.292497159599026446e+00,-3.525643812394141374e-01
6.173776307916138961e-01,9.264154894842785426e-01,3.090378586926646465e-01,9.271135760779939394e-01,-1.281920228161836928e+00,-3.548066520838429883e-01
6.216152175536115987e-01,9.264154894842785426e-01,3.048002719306669439e-01,9.144008157920008317e-01,-1.271276028599310770e+00,-3.568752128073099383e-01
6.258171167943286095e-01,9.264154894842785426e-01,3.005983726899499331e-01,9.017951180698497993e-01,-1.260569772215103246e+00,-3.587746541452534466e-01
6.299831385696310626e-01,9.264154894842785426e-01,2.964323509146474800e-01,8.892970527439424400e-01,-1.249806532590735930e+00,-3.605094798467934902e-01
6.341131093969488708e-01,9.264154894842785426e-01,2.923023800873296718e-01,8.769071402619890154e-01,-1.238991248195342454e+00,-3.620841079333534385e-01
6.382068718134733531e-01,9.264154894842785426e-01,2.882086176708051894e-01,8.646258530124155683e-01,-1.228128724957344708e+00,-3.635028719449291401e-01
6.422642839428033268e-01,9.264154894842785426e-01,2.841512055414752158e-01,8.524536166244256474e-01,-1.217223638798992091e+00,-3.647700221745664440e-01
6.462852190699158728e-01,9.264154894842785426e-01,2.801302704143626698e-01,8.403908112430880095e-01,-1.206280538133763791e+00,-3.658897268906757816e-01
6.502695652243393187e-01,9.264154894842785426e-01,2.761459242599392239e-01,8.284377727798176716e-01,-1.195303846327033792e+00,-3.668660735472161205e-01
6.542172247714079791e-01,9.264154894842785426e-01,2.721982647128705635e-01,8.165947941386116904e-01,-1.184297864120598121e+00,-3.677030699819864301e-01
6.581281140114785266e-01,9.264154894842785426e-01,2.682873754728000160e-01,8.048621264184000479e-01,-1.173266772021164250e+00,-3.684046456027642025e-01
6.620021627869887570e-01,9.264154894842785426e-01,2.644133266972897855e-01,7.932399800918693566e-01,-1.162214632653069124e+00,-3.689746525611997674e-01
6.658393140972428403e-01,9.264154894842785426e-01,2.605761753870357023e-01,7.817285261611071068e-01,-1.151145393076224988e+00,-3.694168669151178808e-01
6.696395237208054851e-01,9.264154894842785426e-01,2.567759657634730575e-01,7.703278972904191724e-01,-1.140062887068793440e+00,-3.697349897783742678e-01
6.734027598453902197e-01,9.264154894842785426e-01,2.530127296388883229e-01,7.590381889166649687e-01,-1.128970837375420366e+00,-3.699326484587553976e-01
6.771290027051291016e-01,9.264154894842785426e-01,2.492864867791494410e-01,7.478594603374483230e-01,-1.117872857921664576e+00,-3.700133975842162526e-01
6.808182442251096145e-01,9.264154894842785426e-01,2.455972452591689281e-01,7.367917357775067844e-01,-1.106772455994153859e+00,-3.699807202166470743e-01
6.844704876730683951e-01,9.264154894842785426e-01,2.419450018112101475e-01,7.258350054336304424e-01,-1.095673034387634193e+00,-3.698380289540037502e-01
6.880857473181317685e-01,9.264154894842785426e-01,2.383297421661467741e-01,7.149892264984403223e-01,-1.084577893519012015e+00,-3.695886670205716928e-01
6.916640480964930671e-01,9.264154894842785426e-01,2.347514413877854755e-01,7.042543241633564266e-01,-1.073490233508389569e+00,-3.692359093450331420e-01
6.952054252839199311e-01,9.264154894842785426e-01,2.312100642003586115e-01,6.936301926010758345e-01,-1.062413156228059208e+00,-3.687829636269833733e-01
6.987099241749841205e-01,9.264154894842785426e-01,2.277055653092944221e-01,6.831166959278832662e-01,-1.051349667319256831e+00,-3.682329713913735647e-01
7.021775997689091442e-01,9.264154894842785426e-01,2.242378897153693984e-01,6.727136691461081952e-01,-1.040302678177507101e+00,-3.675890090313989056e-01
7.056085164619310124e-01,9.264154894842785426e-01,2.208069730223475302e-01,6.624209190670425906e-01,-1.029275007906560457e+00,-3.668540888395178667e-01
7.090027477460689731e-01,9.264154894842785426e-01,2.174127417382095695e-01,6.522382252146287085e-01,-1.018269385241388214e+00,-3.660311600267595056e-01
7.123603759142042025e-01,9.264154894842785426e-01,2.140551135700743401e-01,6.421653407102230204e-01,-1.007288450440568806e+00,-3.651231097303457851e-01
7.156814917713664181e-01,9.264154894842785426e-01,2.107339977129121245e-01,6.322019931387363734e-01,-9.963347571486647070e-01,-3.641327640099283336e-01
7.189661943521276077e-01,9.264154894842785426e-01,2.074492951321509349e-01,6.223478853964528046e-01,-9.854107742283568783e-01,-3.630628888319040737e-01
7.222145906440056162e-01,9.264154894842785426e-01,2.042008988402729264e-01,6.126026965208187791e-01,-9.745188875634025472e-01,-3.619161910425837680e-01
7.254267953167793381e-01,9.264154894842785426e-01,2.009886941674992045e-01,6.029660825024976134e-01,-9.636614018321165709e-01,-3.606953193296189575e-01
7.286029304576201460e-01,9.264154894842785426e-01,1.978125590266583966e-01,5.934376770799751899e-01,-9.528405422522423507e-01,-3.594028651722671608e-01
7.317431253119437429e-01,9.264154894842785426e-01,1.946723641723347997e-01,5.840170925170043992e-01,-9.420584562970790721e-01,-3.580413637800746729e-01
7.348475160298892916e-01,9.264154894842785426e-01,1.915679734543892510e-01,5.747039203631677529e-01,-9.313172153836646316e-01,-3.566132950204968788e-01
7.379162454183327835e-01,9.264154894842785426e-01,1.884992440659457591e-01,5.654977321978372773e-01,-9.206188165330475570e-01,-3.551210843352102797e-01
7.409494626983428311e-01,9.264154894842785426e-01,1.854660267859357115e-01,5.563980803578071344e-01,-9.099651840030142935e-01,-3.535671036452071592e-01
7.439473232679882919e-01,9.264154894842785426e-01,1.824681662162902507e-01,5.474044986488707520e-01,-8.993581708936382313e-01,-3.519536722447674792e-01
7.469099884704093473e-01,9.264154894842785426e-01,1.795055010138691953e-01,5.385165030416075860e-01,-8.887995607263166065e-01,-3.502830576847090205e-01
7.498376253670618885e-01,9.264154894842785426e-01,1.765778641172166541e-01,5.297335923516499623e-01,-8.782910689957623696e-01,-3.485574766441124073e-01
7.527304065160500546e-01,9.264154894842785426e-01,1.736850829682284880e-01,5.210552489046854641e-01,-8.678343446964498220e-01,-3.467790957917643579e-01
7.555885097554589924e-01,9.264154894842785426e-01,1.708269797288195502e-01,5.124809391864586505e-01,-8.574309718226813537e-01,-3.449500326362227032e-01
7.584121179916043509e-01,9.264154894842785426e-01,1.680033714926741917e-01,5.040101144780225750e-01,-8.470824708436075490e-01,-3.430723563655849739e-01
7.612014189921131324e-01,9.264154894842785426e-01,1.652140704921654102e-01,4.956422114764962306e-01,-8.367903001526344475e-01,-3.411480886761382170e-01
7.639566051837543004e-01,9.264154894842785426e-01,1.624588843005242422e-01,4.873766529015727267e-01,-8.265558574923503876e-01,-3.391792045907776609e-01
7.666778734549363206e-01,9.264154894842785426e-01,1.597376160293422220e-01,4.792128480880266661e-01,-8.163804813546060579e-01,-3.371676332665793918e-01
7.693654249627916997e-01,9.264154894842785426e-01,1.570500645214868429e-01,4.711501935644605288e-01,-8.062654523566137321e-01,-3.351152587921532033e-01
7.720194649447679192e-01,9.264154894842785426e-01,1.543960245395106234e-01,4.631880736185318703e-01,-7.962119945928658460e-01,-3.330239209743339757e-01
7.746402025346467157e-01,9.264154894842785426e-01,1.517752869496318269e-01,4.553258608488954806e-01,-7.862212769636389709e-01,-3.308954161147434903e-01
7.772278505829139927e-01,9.264154894842785426e-01,1.491876389013645499e-01,4.475629167040936496e-01,-7.762944144801831037e-01,-3.287314977760894541e-01
7.797826254814036462e-01,9.264154894842785426e-01,1.466328640028748964e-01,4.398985920086246892e-01,-7.664324695468960336e-01,-3.265338775382713443e-01
7.823047469921394770e-01,9.264154894842785426e-01,1.441107424921390656e-01,4.323322274764171969e-01,-7.566364532207492388e-01,-3.243042257443320420e-01
7.847944380803009157e-01,9.264154894842785426e-01,1.416210514039776269e-01,4.248631542119328808e-01,-7.469073264484316077e-01,-3.220441722364987269e-01
7.872519247512387297e-01,9.264154894842785426e-01,1.391635647330398129e-01,4.174906941991194387e-01,-7.372460012813442098e-01,-3.197553070822247712e-01
7.896774358914683267e-01,9.264154894842785426e-01,1.367380535928102159e-01,4.102141607784306476e-01,-7.276533420688791054e-01,-3.174391812904484578e-01
7.920712031135688225e-01,9.264154894842785426e-01,1.343442863707097201e-01,4.030328591121291604e-01,-7.181301666301487252e-01,-3.150973075180195648e-01
7.944334606049174852e-01,9.264154894842785426e-01,1.319820288793610574e-01,3.959460866380831723e-01,-7.086772474045988091e-01,-3.127311607665156368e-01
7.967644449801895012e-01,9.264154894842785426e-01,1.296510445040890414e-01,3.889531335122671241e-01,-6.992953125816048221e-01,-3.103421790693376980e-01
7.990643951375546727e-01,9.264154894842785426e-01,1.273510943467238699e-01,3.820532830401716096e-01,-6.899850472095514498e-01,-3.079317641693798402e-01
8.013335521185028787e-01,9.264154894842785426e-01,1.250819373657756639e-01,3.752458120973269917e-01,-6.807470942844617845e-01,-3.055012821871347928e-01
8.035721589712323532e-01,9.264154894842785426e-01,1.228433305130461894e-01,3.685299915391385683e-01,-6.715820558188423384e-01,-3.030520642797037700e-01
8.057804606175338336e-01,9.264154894842785426e-01,1.206350288667447090e-01,3.619050866002341271e-01,-6.624904938904441210e-01,-3.005854072902099938e-01
8.079587037231062974e-01,9.264154894842785426e-01,1.184567857611722452e-01,3.553703572835167357e-01,-6.534729316717391434e-01,-2.981025743882224077e-01
8.101071365712400052e-01,9.264154894842785426e-01,1.163083529130385374e-01,3.489250587391156122e-01,-6.445298544401123486e-01,-2.956047957009967364e-01
8.122260089398035676e-01,9.264154894842785426e-01,1.141894805444749750e-01,3.425684416334249249e-01,-6.356617105690687275e-01,-2.930932689356438026e-01
8.143155719814735294e-01,9.264154894842785426e-01,1.120999175028050132e-01,3.362997525084150396e-01,-6.268689125009885288e-01,-2.905691599925734891e-01
8.163760781071442985e-01,9.264154894842785426e-01,1.100394113771342441e-01,3.301182341314027324e-01,-6.181518377012307219e-01,-2.880336035698279895e-01
8.184077808724580239e-01,9.264154894842785426e-01,1.080077086118205187e-01,3.240231258354615562e-01,-6.095108295941176202e-01,-2.854877037586560640e-01
8.204109348673959135e-01,9.264154894842785426e-01,1.060045546168826291e-01,3.180136638506478874e-01,-6.009461984813668778e-01,-2.829325346307189903e-01
8.223857956088707066e-01,9.264154894842785426e-01,1.040296938754078360e-01,3.120890816262235079e-01,-5.924582224424379540e-01,-2.803691408162144461e-01
8.243326194362639026e-01,9.264154894842785426e-01,1.020828700480146400e-01,3.062486101440439201e-01,-5.840471482179587781e-01,-2.777985380739148580e-01
8.262516634098496793e-01,9.264154894842785426e-01,1.001638260744288633e-01,3.004914782232865900e-01,-5.757131920757330157e-01,-2.752217138524464257e-01
8.281431852120502146e-01,9.264154894842785426e-01,9.827230427222832798e-02,2.948169128166849839e-01,-5.674565406601606021e-01,-2.726396278434756182e-01
8.300074430514664536e-01,9.264154894842785426e-01,9.640804643281208897e-02,2.892241392984362669e-01,-5.592773518248717046e-01,-2.700532125264354377e-01
8.318446955696300327e-01,9.264154894842785426e-01,9.457079391464850993e-02,2.837123817439455298e-01,-5.511757554490737121e-01,-2.674633737051281823e-01
8.336552017504230694e-01,9.264154894842785426e-01,9.276028773385547321e-02,2.782808632015664196e-01,-5.431518542379110137e-01,-2.648709910363445941e-01
8.354392208321125279e-01,9.264154894842785426e-01,9.097626865216601466e-02,2.729288059564980440e-01,-5.352057245068375657e-01,-2.622769185503395217e-01
8.371970122219468680e-01,9.264154894842785426e-01,8.921847726233167464e-02,2.676554317869950239e-01,-5.273374169503020070e-01,-2.596819851633069831e-01
8.389288354132649062e-01,9.264154894842785426e-01,8.748665407101363645e-02,2.624599622130409093e-01,-5.195469573954114573e-01,-2.570869951823705479e-01
8.406349499050647101e-01,9.264154894842785426e-01,8.578053957921383255e-02,2.573416187376414976e-01,-5.118343475399411702e-01,-2.544927288022996725e-01
8.423156151239843403e-01,9.264154894842785426e-01,8.409987436029420227e-02,2.522996230808826068e-01,-5.041995656758890831e-01,-2.518999425950064763e-01
8.439710903486443705e-01,9.264154894842785426e-01,8.244439913563417210e-02,2.473331974069025163e-01,-4.966425673980090494e-01,-2.493093699911065331e-01
8.456016346363053326e-01,9.264154894842785426e-01,8.081385484797320995e-02,2.424415645439196298e-01,-4.891632862982886465e-01,-2.467217217543690166e-01
8.472075067517909064e-01,9.264154894842785426e-01,7.920798273248763621e-02,2.376239481974629086e-01,-4.817616346456721210e-01,-2.441376864482092124e-01
8.487889650986316648e-01,9.264154894842785426e-01,7.762652438564687785e-02,2.328795731569406335e-01,-4.744375040522275100e-01,-2.415579308952868764e-01
8.503462676523828589e-01,9.264154894842785426e-01,7.606922183189568365e-02,2.282076654956870509e-01,-4.671907661253582589e-01,-2.389831006296712079e-01
8.518796718960710557e-01,9.264154894842785426e-01,7.453581758820748693e-02,2.236074527646224608e-01,-4.600212731064590166e-01,-2.364138203418365558e-01
8.533894347577251072e-01,9.264154894842785426e-01,7.302605472655343544e-02,2.190781641796603063e-01,-4.529288584962154474e-01,-2.338506943165551411e-01
8.548758125499474891e-01,9.264154894842785426e-01,7.153967693433105346e-02,2.146190308029931604e-01,-4.459133376667145932e-01,-2.312943068637214328e-01
8.563390609114834851e-01,9.264154894842785426e-01,7.007642857279505755e-02,2.102292857183851726e-01,-4.389745084607987735e-01,-2.287452227424136009e-01
8.577794347507452510e-01,9.264154894842785426e-01,6.863605473353329156e-02,2.059081642005998747e-01,-4.321121517785297961e-01,-2.262039875779299214e-01
8.591971881912492393e-01,9.264154894842785426e-01,6.721830129302930334e-02,2.016549038790879100e-01,-4.253260321511964648e-01,-2.236711282721085547e-01
8.605925745189260123e-01,9.264154894842785426e-01,6.582291496535253028e-02,1.974687448960575908e-01,-4.186158983030319192e-01,-2.211471534069743283e-01
8.619658461312620368e-01,9.264154894842785426e-01,6.444964335301650582e-02,1.933489300590495175e-01,-4.119814837008073383e-01,-2.186325536417578208e-01
8.633172544882339317e-01,9.264154894842785426e-01,6.309823499604461094e-02,1.892947049881338328e-01,-4.054225070915684626e-01,-2.161278021034346297e-01
8.646470500649954261e-01,9.264154894842785426e-01,6.176843941928311654e-02,1.853053182578493496e-01,-3.989386730284483207e-01,-2.136333547705989711e-01
8.659554823062799445e-01,9.264154894842785426e-01,6.046000717799859814e-02,1.813800215339957944e-01,-3.925296723853555214e-01,-2.111496508513597270e-01
8.672427995824792957e-01,9.264154894842785426e-01,5.917268990179924693e-02,1.775180697053977408e-01,-3.861951828598053638e-01,-2.086771131544076230e-01
8.685092491473631604e-01,9.264154894842785426e-01,5.790624033691538219e-02,1.737187210107461466e-01,-3.799348694651594194e-01,-2.062161484544132728e-01
8.697550770974016299e-01,9.264154894842785426e-01,5.666041238687691273e-02,1.699812371606307382e-01,-3.737483850115408401e-01,-2.037671478509101020e-01
8.709805283326550462e-01,9.264154894842785426e-01,5.543496115162349636e-02,1.663048834548704891e-01,-3.676353705760249113e-01,-2.013304871211544222e-01
8.721858465191962839e-01,9.264154894842785426e-01,5.422964296508225868e-02,1.626889288952467760e-01,-3.615954559623713038e-01,-1.989065270671245278e-01
8.733712740530308327e-01,9.264154894842785426e-01,5.304421543124770988e-02,1.591326462937431296e-01,-3.556282601503646390e-01,-1.964956138566215094e-01
8.745370520254797109e-01,9.264154894842785426e-01,5.187843745879883173e-02,1.556353123763964952e-01,-3.497333917346634458e-01,-1.940980793582669506e-01
8.756834201899927894e-01,9.264154894842785426e-01,5.073206929428575318e-02,1.521962078828572595e-01,-3.439104493539235641e-01,-1.917142414710663045e-01
8.768106169303587771e-01,9.264154894842785426e-01,4.960487255391976547e-02,1.488146176617592964e-01,-3.381590221097963145e-01,-1.893444044480370181e-01
8.779188792302798916e-01,9.264154894842785426e-01,4.849661025399865100e-02,1.454898307619959530e-01,-3.324786899763343406e-01,-1.869888592143383876e-01
8.790084426442795751e-01,9.264154894842785426e-01,4.740704683999896751e-02,1.422211405199969025e-01,-3.268690241999050450e-01,-1.846478836799081424e-01
8.800795412699112807e-01,9.264154894842785426e-01,4.633594821436726185e-02,1.390078446431017856e-01,-3.213295876895116976e-01,-1.823217430464099120e-01
8.811324077212383532e-01,9.264154894842785426e-01,4.528308176304018939e-02,1.358492452891205682e-01,-3.158599353981217384e-01,-1.800106901090011702e-01
8.821672731035545834e-01,9.264154894842785426e-01,4.424821638072395924e-02,1.327446491421718777e-01,-3.104596146948690460e-01,-1.777149655526971683e-01
8.831843669893154614e-01,9.264154894842785426e-01,4.323112249496308124e-02,1.296933674848892437e-01,-3.051281657282634008e-01,-1.754347982433741571e-01
8.841839173952520392e-01,9.264154894842785426e-01,4.223157208902650339e-02,1.266947162670795102e-01,-2.998651217809733538e-01,-1.731704055138938436e-01
8.851661507606372048e-01,9.264154894842785426e-01,4.124933872364133780e-02,1.237480161709240134e-01,-2.946700096155496773e-01,-1.709219934446256639e-01
8.861312919266779442e-01,9.264154894842785426e-01,4.028419755760059839e-02,1.208525926728017952e-01,-2.895423498122218220e-01,-1.686897571394200268e-01
8.870795641170047263e-01,9.264154894842785426e-01,3.933592536727381628e-02,1.180077761018214488e-01,-2.844816570980346349e-01,-1.664738809962131860e-01
8.880111889192319197e-01,9.264154894842785426e-01,3.840430056504662293e-02,1.152129016951398688e-01,-2.794874406681580048e-01,-1.642745389730181360e-01
8.889263862675618189e-01,9.264154894842785426e-01,3.748910321671672374e-02,1.124673096501501712e-01,-2.745592044989697555e-01,-1.620918948488195843e-01
8.898253744264067455e-01,9.264154894842785426e-01,3.659011505787179708e-02,1.097703451736153912e-01,-2.696964476534779998e-01,-1.599261024798626085e-01
8.907083699750036887e-01,9.264154894842785426e-01,3.570711950927485390e-02,1.071213585278245617e-01,-2.648986645790829542e-01,-1.577773060512583925e-01
8.915755877929955053e-01,9.264154894842785426e-01,3.483990169128303727e-02,1.045197050738491118e-01,-2.601653453975449892e-01,-1.556456403236958774e-01
8.924272410469550332e-01,9.264154894842785426e-01,3.398824843732350942e-02,1.019647453119705283e-01,-2.554959761878583535e-01,-1.535312308758878252e-01
8.932635411778269141e-01,9.264154894842785426e-01,3.315194830645162849e-02,9.945584491935488547e-02,-2.508900392615642794e-01,-1.514341943422093939e-01
8.940846978892645902e-01,9.264154894842785426e-01,3.233079159501395239e-02,9.699237478504185717e-02,-2.463470134313028304e-01,-1.493546386462609732e-01
8.948909191368376037e-01,9.264154894842785426e-01,3.152457034744093889e-02,9.457371104232281667e-02,-2.418663742719040499e-01,-1.472926632295812333e-01
8.956824111180876624e-01,9.264154894842785426e-01,3.073307836619088018e-02,9.219923509857264055e-02,-2.374475943750176121e-01,-1.452483592764449716e-01
8.964593782634101560e-01,9.264154894842785426e-01,2.995611122086838662e-02,8.986833366260515987e-02,-2.330901435967480673e-01,-1.432218099341429074e-01
8.972220232277392515e-01,9.264154894842785426e-01,2.919346625653929106e-02,8.758039876961787318e-02,-2.287934892987286695e-01,-1.412130905291107963e-01
8.979705468830153636e-01,9.264154894842785426e-01,2.844494260126317897e-02,8.533482780378953692e-02,-2.245570965828336263e-01,-1.392222687790440894e-01
8.987051483114135708e-01,9.264154894842785426e-01,2.771034117286497178e-02,8.313102351859491534e-02,-2.203804285194621571e-01,-1.372494050008672417e-01
8.994260247993116630e-01,9.264154894842785426e-01,2.698946468496687956e-02,8.096839405490063868e-02,-2.162629463694276666e-01,-1.352945523145270279e-01
9.001333718319783905e-01,9.264154894842785426e-01,2.628211765230015207e-02,7.884635295690045620e-02,-2.122041098000182480e-01,-1.333577568431177918e-01
9.008273830889608202e-01,9.264154894842785426e-01,2.558810639531772235e-02,7.676431918595316706e-02,-2.082033770947289142e-01,-1.314390579087757471e-01
9.015082504401523700e-01,9.264154894842785426e-01,2.490723904412617262e-02,7.472171713237851787e-02,-2.042602053574649190e-01,-1.295384882250864012e-01
9.021761639425213142e-01,9.264154894842785426e-01,2.423932554175722842e-02,7.271797662527168526e-02,-2.003740507106832602e-01,-1.276560740854115750e-01
9.028313118374817758e-01,9.264154894842785426e-01,2.358417764679676676e-02,7.075253294039030028e-02,-1.965443684881384989e-01,-1.257918355477481986e-01
9.034738805488874425e-01,9.264154894842785426e-01,2.294160893539110013e-02,6.882482680617330040e-02,-1.927706134216999878e-01,-1.239457866155266874e-01
9.041040546816315748e-01,9.264154894842785426e-01,2.231143480264696777e-02,6.693430440794090330e-02,-1.890522398232397094e-01,-1.221179354152988061e-01
9.047220170208342127e-01,9.264154894842785426e-01,2.169347246344432989e-02,6.508041739033298967e-02,-1.853887017607913634e-01,-1.203082843704583738e-01
9.053279485315998132e-01,9.264154894842785426e-01,2.108754095267872941e-02,6.326262285803618823e-02,-1.817794532296801435e-01,-1.185168303716439553e-01
9.059220283593282241e-01,9.264154894842785426e-01,2.049346112495031846e-02,6.148038337485095539e-02,-1.782239483185232842e-01,-1.167435649436723288e-01
9.065044338305622285e-01,9.264154894842785426e-01,1.991105565371631414e-02,5.973316696114894242e-02,-1.747216413702012971e-01,-1.149884744090523547e-01
9.070753404543553389e-01,9.264154894842785426e-01,1.934014902992320373e-02,5.802044708976961118e-02,-1.712719871379331238e-01,-1.132515400481635126e-01
9.076349219241436339e-01,9.264154894842785426e-01,1.878056756013490869e-02,5.634170268040472607e-02,-1.678744409364885115e-01,-1.115327382560837854e-01
9.081833501201063141e-01,9.264154894842785426e-01,1.823213936417222847e-02,5.469641809251668541e-02,-1.645284587888040662e-01,-1.098320406962873808e-01
9.087207951119993243e-01,9.264154894842785426e-01,1.769469437227921826e-02,5.308408311683765479e-02,-1.612334975679030613e-01,-1.081494144510654065e-01
9.092474251624472759e-01,9.264154894842785426e-01,1.716806432183126674e-02,5.150419296549380022e-02,-1.579890151343854576e-01,-1.064848221688916574e-01
9.097634067306783479e-01,9.264154894842785426e-01,1.665208275360019474e-02,4.995624826080058423e-02,-1.547944704693215989e-01,-1.048382222085210147e-01
9.102689044766885118e-01,9.264154894842785426e-01,1.614658500759003079e-02,4.843975502277009237e-02,-1.516493238030491852e-01,-1.032095687802790929e-01
9.107640812658206464e-01,9.264154894842785426e-01,1.565140821845789620e-02,4.695422465537368861e-02,-1.485530367396403761e-01,-1.015988120842666875e-01
9.112490981737444429e-01,9.264154894842785426e-01,1.516639131053409972e-02,4.549917393160229917e-02,-1.455050723771389443e-01,-1.000058984455366451e-01
9.117241144918236673e-01,9.264154894842785426e-01,1.469137499245487533e-02,4.407412497736462598e-02,-1.425048954237673193e-01,-9.843077044640269335e-02
9.121892877328582339e-01,9.264154894842785426e-01,1.422620175142030874e-02,4.267860525426092622e-02,-1.395519723103699761e-01,-9.687336705610904986e-02
9.126447736371872121e-01,9.264154894842785426e-01,1.377071584709133045e-02,4.131214754127399136e-02,-1.366457712986934858e-01,-9.533362375741949446e-02
9.130907261791404439e-01,9.264154894842785426e-01,1.332476330513809870e-02,3.997428991541429610e-02,-1.337857625859695254e-01,-9.381147267055522931e-02
9.135272975738265577e-01,9.264154894842785426e-01,1.288819191045198487e-02,3.866457573135595460e-02,-1.309714184058341502e-01,-9.230684267447819558e-02
9.139546382842452799e-01,9.264154894842785426e-01,1.246085120003326274e-02,3.738255360009978823e-02,-1.282022131256166375e-01,-9.081965952551684929e-02
9.143728970287113844e-01,9.264154894842785426e-01,1.204259245556715818e-02,3.612777736670147455e-02,-1.254776233398313678e-01,-8.934984597312989330e-02
9.147822207885801804e-01,9.264154894842785426e-01,1.163326869569836219e-02,3.489980608709508658e-02,-1.227971279606387967e-01,-8.789732187354371007e-02
9.151827548162616566e-01,9.264154894842785426e-01,1.123273466801688603e-02,3.369820400405065808e-02,-1.201602083044428504e-01,-8.646200430039219231e-02
9.155746426435130703e-01,9.264154894842785426e-01,1.084084684076547234e-02,3.252254052229641701e-02,-1.175663481754241069e-01,-8.504380765312768986e-02
9.159580260899992110e-01,9.264154894842785426e-01,1.045746339427933158e-02,3.137239018283799474e-02,-1.150150339458422266e-01,-8.364264376300423187e-02
9.163330452721090147e-01,9.264154894842785426e-01,1.008244421216952791e-02,3.024733263650858373e-02,-1.125057546329411018e-01,-8.225842199643251806e-02
9.166998386120192022e-01,9.264154894842785426e-01,9.715650872259340431e-03,2.914695261677802129e-02,-1.100380019730562431e-01,-8.089104935627822179e-02
9.170585428469937295e-01,9.264154894842785426e-01,9.356946637284813129e-03,2.807083991185443939e-02,-1.076112704923581909e-01,-7.954043058050375148e-02
9.174092930389102785e-01,9.264154894842785426e-01,9.006196445368264136e-03,2.701858933610479241e-02,-1.052250575749646977e-01,-7.820646823885990528e-02
9.177522225840029080e-01,9.264154894842785426e-01,8.663266900275634619e-03,2.598980070082690386e-02,-1.028788635277888552e-01,-7.688906282696195138e-02
9.180874632228128718e-01,9.264154894842785426e-01,8.328026261465670821e-03,2.498407878439701246e-02,-1.005721916429891394e-01,-7.558811285859212692e-02
9.184151450503369452e-01,9.264154894842785426e-01,8.000344433941597444e-03,2.400103330182479233e-02,-9.830454825722201306e-02,-7.430351495539722073e-02
9.187353965263654887e-01,9.264154894842785426e-01,7.680092957913053908e-03,2.304027887373916172e-02,-9.607544280856306074e-02,-7.303516393482389901e-02
9.190483444860005902e-01,9.264154894842785426e-01,7.367144998277952439e-03,2.210143499483385732e-02,-9.388438789053044076e-02,-7.178295289569658344e-02
9.193541141503460690e-01,9.264154894842785426e-01,7.061375333932473630e-03,2.118412600179742089e-02,-9.173089930364364264e-02,-7.054677330184622175e-02
9.196528291373613495e-01,9.264154894842785426e-01,6.762660346917193088e-03,2.028798104075157926e-02,-8.961449610458416259e-02,-6.932651506383258333e-02
9.199446114728702106e-01,9.264154894842785426e-01,6.470878011408331965e-03,1.941263403422499589e-02,-8.753470065265833711e-02,-6.812206661843334121e-02
9.202295816017173058e-01,9.264154894842785426e-01,6.185907882561236804e-03,1.855772364768371041e-02,-8.549103865412854830e-02,-6.693331500644483789e-02
9.205078583990636831e-01,9.264154894842785426e-01,5.907631085214859468e-03,1.772289325564457840e-02,-8.348303920391320077e-02,-6.576014594826862236e-02
9.207795591818153103e-01,9.264154894842785426e-01,5.635930302463232344e-03,1.690779090738969703e-02,-8.151023482548813703e-02,-6.460244391809844000e-02
9.210447997201750558e-01,9.264154894842785426e-01,5.370689764103486752e-03,1.611206929231046026e-02,-7.957216150792367770e-02,-6.346009221561321745e-02
9.213036942493132431e-01,9.264154894842785426e-01,5.111795234965299528e-03,1.533538570489589858e-02,-7.766835874145616714e-02,-6.233297303656026855e-02
9.215563554811477820e-01,9.264154894842785426e-01,4.859134003130760604e-03,1.457740200939228181e-02,-7.579836955036167723e-02,-6.122096754096939542e-02
9.218028946162282189e-01,9.264154894842785426e-01,4.612594868050323704e-03,1.383778460415097111e-02,-7.396174052413106992e-02,-6.012395591998009881e-02
9.220434213557167080e-01,9.264154894842785426e-01,4.372068128561834577e-03,1.311620438568550373e-02,-7.215802184654673823e-02,-5.904181746086123450e-02
9.222780439134591335e-01,9.264154894842785426e-01,4.137445570819409113e-03,1.241233671245822734e-02,-7.038676732272763914e-02,-5.797443061026941180e-02
9.225068690281404971e-01,9.264154894842785426e-01,3.908620456138045540e-03,1.172586136841413662e-02,-6.864753440440907184e-02,-5.692167303599493522e-02
9.227300019755182436e-01,9.264154894842785426e-01,3.685487508760298958e-03,1.105646252628089687e-02,-6.693988421332397465e-02,-5.588342168704307777e-02
9.229475465807273071e-01,9.264154894842785426e-01,3.467942903551235467e-03,1.040382871065370640e-02,-6.526338156271904722e-02,-5.485955285206534082e-02
9.231596052306511035e-01,9.264154894842785426e-01,3.255884253627439051e-03,9.767652760882317153e-03,-6.361759497713892486e-02,-5.384994221625660771e-02
9.233662788863533644e-01,9.264154894842785426e-01,3.049210597925178234e-03,9.147631793775534703e-03,-6.200209671067824502e-02,-5.285446491690271031e-02
9.235676670955639267e-01,9.264154894842785426e-01,2.847822388714615904e-03,8.543467166143847713e-03,-6.041646276316869901e-02,-5.187299559702485130e-02
9.237638680052147055e-01,9.264154894842785426e-01,2.651621479063837050e-03,7.954864437191511151e-03,-5.886027289523365624e-02,-5.090540845804214509e-02
9.239549783740197419e-01,9.264154894842785426e-01,2.460511110258800649e-03,7.381533330776401947e-03,-5.733311064151092040e-02,-4.995157731073451846e-02
9.241410935850936648e-01,9.264154894842785426e-01,2.274395899184877834e-03,6.823187697554633502e-03,-5.583456332217684448e-02,-4.901137562462221098e-02
9.243223076586051246e-01,9.264154894842785426e-01,2.093181825673418039e-03,6.279545477020254118e-03,-5.436422205343793834e-02,-4.808467657641768422e-02
9.244987132644589822e-01,9.264154894842785426e-01,1.916776219819560367e-03,5.750328659458681102e-03,-5.292168175615730163e-02,-4.717135309669862053e-02
9.246704017350031446e-01,9.264154894842785426e-01,1.745087749275398004e-03,5.235263247826194011e-03,-5.150654116324870913e-02,-4.627127791542251511e-02
9.248374630777558281e-01,9.264154894842785426e-01,1.578026406522714531e-03,4.734079219568143593e-03,-5.011840282580504180e-02,-4.538432360623689821e-02
9.249999859881478104e-01,9.264154894842785426e-01,1.415503496130732231e-03,4.246510488392196692e-03,-4.875687311759469011e-02,-4.451036262920249342e-02
9.251580578622768947e-01,9.264154894842785426e-01,1.257431622001647931e-03,3.772294866004943792e-03,-4.742156223872528997e-02,-4.364926737272034618e-02
9.253117648096687020e-01,9.264154894842785426e-01,1.103724674609840584e-03,3.311174023829521751e-03,-4.611208421754220410e-02,-4.280091019371268235e-02
9.254611916660411275e-01,9.264154894842785426e-01,9.542978182374151075e-04,2.862893454712245322e-03,-4.482805691172764284e-02,-4.196516345701539752e-02
9.256064220060679082e-01,9.264154894842785426e-01,8.090674782106344054e-04,2.427202434631903216e-03,-4.356910200803421063e-02,-4.114189957340230741e-02
9.257475381561373062e-01,9.264154894842785426e-01,6.679513281412363668e-04,2.003853984423709100e-03,-4.233484502081941159e-02,-4.033099103639570249e-02
9.258846212071030202e-01,9.264154894842785426e-01,5.308682771755224294e-04,1.592604831526567288e-03,-4.112491528971418120e-02,-3.953231045818761391e-02
9.260177510270229950e-01,9.264154894842785426e-01,3.977384572555475728e-04,1.193215371766642718e-03,-3.993894597599245699e-02,-3.874573060422581428e-02
9.261470062738824671e-01,9.264154894842785426e-01,2.684832103960754779e-04,8.054496311882264337e-04,-3.877657405784162847e-02,-3.797112442665340204e-02
9.262724644082993564e-01,9.264154894842785426e-01,1.430250759791862336e-04,4.290752279375587008e-04,-3.763744032506677328e-02,-3.720836509712921458e-02
9.263942017062064549e-01,9.264154894842785426e-01,2.128777807208770412e-05,6.386333421626311235e-05,-3.652118937212955885e-02,-3.645732603791329574e-02
9.265122932715098569e-01,9.264154894842785426e-01,-9.680378723131433105e-05,-2.904113616939429932e-04,-3.542746959102061055e-02,-3.571788095271455354e-02
9.266268130487179677e-01,9.264154894842785426e-01,-2.113235644394251267e-04,-6.339706933182753801e-04,-3.435593316243323869e-02,-3.498990385575151407e-02
9.267378338355404255e-01,9.264154894842785426e-01,-3.223443512618828777e-04,-9.670330537856486330e-04,-3.330623604673732530e-02,-3.427326910052297393e-02
9.268454272954528284e-01,9.264154894842785426e-01,-4.299378111742857556e-04,-1.289813433522857267e-03,-3.227803797372086336e-02,-3.356785140724372063e-02
9.269496639702246021e-01,9.264154894842785426e-01,-5.341744859460595407e-04,-1.602523457838178622e-03,-3.127100243153213555e-02,-3.287352588937031417e-02
9.270506132924073439e-01,9.264154894842785426e-01,-6.351238081288013149e-04,-1.905371424386403945e-03,-3.028479665482253225e-02,-3.219016807920893619e-02
9.271483435977821985e-01,9.264154894842785426e-01,-7.328541135036559240e-04,-2.198562340510967772e-03,-2.931909161245638273e-02,-3.151765395296735051e-02
9.272429221377618269e-01,9.264154894842785426e-01,-8.274326534832843194e-04,-2.482297960449852958e-03,-2.837356199388851863e-02,-3.085585995433837159e-02
9.273344150917459672e-01,9.264154894842785426e-01,-9.189256074674245767e-04,-2.756776822402273730e-03,-2.744788619524207718e-02,-3.020466301764435091e-02
9.274228875794283677e-01,9.264154894842785426e-01,-1.007398095149825146e-03,-3.022194285449475437e-03,-2.654174630472017071e-02,-2.956394059016964615e-02
9.275084036730517623e-01,9.264154894842785426e-01,-1.092914188773219664e-03,-3.278742566319658991e-03,-2.565482808701835538e-02,-2.893357065333801437e-02
9.275910264096097757e-01,9.264154894842785426e-01,-1.175536925331233107e-03,-3.526610775993699320e-03,-2.478682096740403296e-02,-2.831343174339773228e-02
9.276708178029934304e-01,9.264154894842785426e-01,-1.255328318714887814e-03,-3.765984956144663443e-03,-2.393741801509641220e-02,-2.770340297124107565e-02
9.277478388560800315e-01,9.264154894842785426e-01,-1.332349371801488935e-03,-3.997048115404466806e-03,-2.310631592598033635e-02,-2.710336404138480315e-02
9.278221495727624335e-01,9.264154894842785426e-01,-1.406660088483890902e-03,-4.219980265451672707e-03,-2.229321500472059014e-02,-2.651319527017226285e-02
9.278938089699177993e-01,9.264154894842785426e-01,-1.478319485639256747e-03,-4.434958456917770242e-03,-2.149781914660975346e-02,-2.593277760352752370e-02
9.279628750893128553e-01,9.264154894842785426e-01,-1.547385605034312661e-03,-4.642156815102937983e-03,-2.071983581851677414e-02,-2.536199263361971212e-02
9.280294050094445302e-01,9.264154894842785426e-01,-1.613915525165987574e-03,-4.841746575497962723e-03,-1.995897603950247401e-02,-2.480072261500043673e-02
9.280934548573147591e-01,9.264154894842785426e-01,-1.677965373036216512e-03,-5.033896119108649536e-03,-1.921495436106868127e-02,-2.424885048017733080e-02
9.281550798201368968e-01,9.264154894842785426e-01,-1.739590335858354209e-03,-5.218771007575062626e-03,-1.848748884664130898e-02,-2.370625985421637161e-02
9.282143341569736306e-01,9.264154894842785426e-01,-1.798844672695087965e-03,-5.396534018085263895e-03,-1.777630105102012692e-02,-2.317283506910539082e-02
9.282712712103035058e-01,9.264154894842785426e-01,-1.855781726024963163e-03,-5.567345178074889489e-03,-1.708111599896255939e-02,-2.264846117703744888e-02
9.283259434175156199e-01,9.264154894842785426e-01,-1.910453933237077351e-03,-5.731361799711232052e-03,-1.640166216363425633e-02,-2.213302396334548838e-02
9.283784023223313753e-01,9.264154894842785426e-01,-1.962912838052832676e-03,-5.888738514158498027e-03,-1.573767144472659751e-02,-2.162640995888509554e-02
9.284286985861512909e-01,9.264154894842785426e-01,-2.013209101872748263e-03,-6.039627305618244790e-03,-1.508887914597467628e-02,-2.112850645159292107e-02
9.284768819993260980e-01,9.264154894842785426e-01,-2.061392515047555385e-03,-6.184177545142666155e-03,-1.445502395244213645e-02,-2.063920149758480260e-02
9.285230014923511188e-01,9.264154894842785426e-01,-2.107512008072576215e-03,-6.322536024217728645e-03,-1.383584790750624904e-02,-2.015838393172397769e-02
9.285671051469829296e-01,9.264154894842785426e-01,-2.151615662704386978e-03,-6.454846988113160933e-03,-1.323109638954322875e-02,-1.968594337765638969e-02
9.286092402072769758e-01,9.264154894842785426e-01,-2.193750722998433211e-03,-6.581252168995299634e-03,-1.264051808821387013e-02,-1.922177025720916976e-02
9.286494530905453626e-01,9.264154894842785426e-01,-2.233963606266820001e-03,-6.701890818800460004e-03,-1.206386498051603695e-02,-1.876575579931649695e-02
9.286877893982338206e-01,9.264154894842785426e-01,-2.272299913955277972e-03,-6.816899741865833917e-03,-1.150089230653739136e-02,-1.831779204840322528e-02
9.287242939267174036e-01,9.264154894842785426e-01,-2.308804442438860960e-03,-6.926413327316582880e-03,-1.095135854507489626e-02,-1.787777187239147914e-02
9.287590106780136967e-01,9.264154894842785426e-01,-2.343521193735154107e-03,-7.030563581205462320e-03,-1.041502538888794405e-02,-1.744558897009340637e-02
9.287919828704129799e-01,9.264154894842785426e-01,-2.376493386134437280e-03,-7.129480158403311840e-03,-9.891657719784952008e-03,-1.702113787818826385e-02
9.288232529490244582e-01,9.264154894842785426e-01,-2.407763464745915627e-03,-7.223290394237746881e-03,-9.381023583443504066e-03,-1.660431397768125095e-02
9.288528625962382268e-01,9.264154894842785426e-01,-2.437373111959684202e-03,-7.312119335879052606e-03,-8.882894164130572534e-03,-1.619501350000962514e-02
9.288808527421019701e-01,9.264154894842785426e-01,-2.465363257823427467e-03,-7.396089773470282402e-03,-8.397043759122979623e-03,-1.579313353259326203e-02
9.289072635746123963e-01,9.264154894842785426e-01,-2.491774090333853664e-03,-7.475322271001560992e-03,-7.923249753127858952e-03,-1.539857202412941994e-02
9.289321345499204075e-01,9.264154894842785426e-01,-2.516645065641864853e-03,-7.549935196925594560e-03,-7.461292592403356849e-03,-1.501122778932895141e-02
9.289555044024495611e-01,9.264154894842785426e-01,-2.540014918171018543e-03,-7.620044754513055629e-03,-7.010955758746106881e-03,-1.463100051325916251e-02
9.289774111549273794e-01,9.264154894842785426e-01,-2.561921670648836802e-03,-7.685765011946510405e-03,-6.572025743345477622e-03,-1.425779075529198803e-02
9.289978921283296165e-01,9.264154894842785426e-01,-2.582402644051073892e-03,-7.747207932153221677e-03,-6.144292020671127119e-03,-1.389149995282434880e-02
9.290169839517365968e-01,9.264154894842785426e-01,-2.601494467458054238e-03,-7.804483402374162715e-03,-5.727547022094103824e-03,-1.353203042446826654e-02
9.290347225721011792e-01,9.264154894842785426e-01,-2.619233087822636641e-03,-7.857699263467909923e-03,-5.321586109374720763e-03,-1.317928537284263069e-02
9.290511432639284584e-01,9.264154894842785426e-01,-2.635653779649915762e-03,-7.906961338949747287e-03,-4.926207548183736407e-03,-1.283316888713348369e-02
9.290662806388669814e-01,9.264154894842785426e-01,-2.650791154588438836e-03,-7.952373463765316508e-03,-4.541212481556922143e-03,-1.249358594532223865e-02
9.290801686552110361e-01,9.264154894842785426e-01,-2.664679170932493513e-03,-7.994037512797480538e-03,-4.166404903216403000e-03,-1.216044241601388354e-02
9.290928406273134543e-01,9.264154894842785426e-01,-2.677351143034911729e-03,-8.032053429104735187e-03,-3.801591630725464910e-03,-1.183364505983020010e-02
9.291043292349099314e-01,9.264154894842785426e-01,-2.688839750631388803e-03,-8.066519251894166409e-03,-3.446582278943122191e-03,-1.151310153083728860e-02
9.291146665323533060e-01,9.264154894842785426e-01,-2.699177048074763441e-03,-8.097531144224290323e-03,-3.101189233012391355e-03,-1.119872037723668168e-02
9.291238839577589115e-01,9.264154894842785426e-01,-2.708394473480368880e-03,-8.125183420441106641e-03,-2.765227621681631831e-03,-1.089041104212273847e-02
9.291320123420603316e-01,9.264154894842785426e-01,-2.716522857781789035e-03,-8.149568573345367106e-03,-2.438515290426046533e-03,-1.058808386377141364e-02
9.291390819179753402e-01,9.264154894842785426e-01,-2.723592433696797599e-03,-8.170777301090392797e-03,-2.120872774502569058e-03,-1.029165007559296185e-02
9.291451223288827999e-01,9.264154894842785426e-01,-2.729632844604257258e-03,-8.188898533812771774e-03,-1.812123272237897709e-03,-1.000102180605066948e-02
9.291501626376096334e-01,9.264154894842785426e-01,-2.734673153331090845e-03,-8.204019459993272534e-03,-1.512092618050075998e-03,-9.716112078043348532e-03
9.291542313351286442e-01,9.264154894842785426e-01,-2.738741850850101578e-03,-8.216225552550304734e-03,-1.220609255703219986e-03,-9.436834808253524720e-03
9.291573563491668519e-01,9.264154894842785426e-01,-2.741866864888309330e-03,-8.225600594664927989e-03,-9.375042114623255429e-04,-9.163104806127253532e-03
9.291595650527244565e-01,9.264154894842785426e-01,-2.744075568445913937e-03,-8.232226705337741812e-03,-6.626110672813823044e-04,-8.894837772619124117e-03
9.291608842725048722e-01,9.264154894842785426e-01,-2.745394788226329652e-03,-8.236184364678988956e-03,-3.957659341247143914e-04,-8.631950298803703348e-03
9.291613402972553892e-01,9.264154894842785426e-01,-2.745850812976846633e-03,-8.237552438930539900e-03,-1.368074251550943643e-04,-8.374359864085634264e-03
9.291609588860194613e-01,9.264154894842785426e-01,-2.745469401740918691e-03,-8.236408205222756074e-03,1.144233707783826048e-04,-8.121984834444373469e-03
9.291597652763000648e-01,9.264154894842785426e-01,-2.744275792021522165e-03,-8.232827376064566494e-03,3.580829158189580141e-04,-7.874744460245608479e-03
9.291577841921346836e-01,9.264154894842785426e-01,-2.742294707856141045e-03,-8.226884123568423135e-03,5.943252496143358599e-04,-7.632558873954087275e-03
9.291550398520819209e-01,9.264154894842785426e-01,-2.739550367803378350e-03,-8.218651103410135050e-03,8.233020158288084644e-04,-7.395349087581326586e-03
9.291515559771204025e-01,9.264154894842785426e-01,-2.736066492841859876e-03,-8.208199478525579629e-03,1.045162488455542160e-03,-7.163036990070037469e-03
9.291473557984598619e-01,9.264154894842785426e-01,-2.731866314181319311e-03,-8.195598942543957932e-03,1.260053598162169664e-03,-6.935545344381788269e-03
9.291424620652648514e-01,9.264154894842785426e-01,-2.726972580986308792e-03,-8.180917742958926375e-03,1.468119958503155686e-03,-6.712797784455770689e-03
9.291368970522914106e-01,9.264154894842785426e-01,-2.721407568012867983e-03,-8.164222704038603950e-03,1.669503892032242476e-03,-6.494718812006361475e-03
9.291306825674368053e-01,9.264154894842785426e-01,-2.715193083158262688e-03,-8.145579249474788064e-03,1.864345456381588662e-03,-6.281233793093199402e-03
9.291238399592028907e-01,9.264154894842785426e-01,-2.708350474924348106e-03,-8.125051424773044317e-03,2.052782470174374652e-03,-6.072268954598669666e-03
9.291163901240734324e-01,9.264154894842785426e-01,-2.700900639794889813e-03,-8.102701919384669438e-03,2.234950538837487954e-03,-5.867751380547181483e-03
9.291083535138059402e-01,9.264154894842785426e-01,-2.692864029527397562e-03,-8.078592088582192687e-03,2.410983080247675048e-03,-5.667609008334517640e-03
9.290997501426376814e-01,9.264154894842785426e-01,-2.684260658359138851e-03,-8.052781975077416554e-03,2.581011350477613320e-03,-5.471770624599803234e-03
9.290905995944068740e-01,9.264154894842785426e-01,-2.675110110128331442e-03,-8.025330330384994326e-03,2.745164469242222793e-03,-5.280165861142771533e-03
9.290809210295900566e-01,9.264154894842785426e-01,-2.665431545311514050e-03,-7.996294635934542150e-03,2.903569445045217634e-03,-5.092725190889324516e-03
9.290707331922540835e-01,9.264154894842785426e-01,-2.655243707975540879e-03,-7.965731123926622637e-03,3.056351200791951328e-03,-4.909379923134671309e-03
9.290600544169258512e-01,9.264154894842785426e-01,-2.644564932647308630e-03,-7.933694797941925891e-03,3.203632598469674519e-03,-4.730062199472251372e-03
9.290489026353776492e-01,9.264154894842785426e-01,-2.633413151099106564e-03,-7.900239453297319692e-03,3.345534464460619972e-03,-4.554704988836699719e-03
9.290372953833305747e-01,9.264154894842785426e-01,-2.621805899052032096e-03,-7.865417697156096288e-03,3.482175614122340335e-03,-4.383242083033755954e-03
9.290252498070751264e-01,9.264154894842785426e-01,-2.609760322796583765e-03,-7.829280968389751294e-03,3.613672876634499431e-03,-4.215608091755251863e-03
9.290127826700105285e-01,9.264154894842785426e-01,-2.597293185731985865e-03,-7.791879557195957595e-03,3.740141119379369883e-03,-4.051738437816587712e-03
9.289999103591021212e-01,9.264154894842785426e-01,-2.584420874823578629e-03,-7.753262624470735886e-03,3.861693272522170872e-03,-3.891569351948565014e-03
9.289866488912585929e-01,9.264154894842785426e-01,-2.571159406980050299e-03,-7.713478220940150898e-03,3.978440353058498857e-03,-3.735037867881652041e-03
9.289730139196282765e-01,9.264154894842785426e-01,-2.557524435349733949e-03,-7.672573306049201847e-03,4.090491489094905120e-03,-3.582081816954296727e-03
9.289590207398162880e-01,9.264154894842785426e-01,-2.543531255537745395e-03,-7.630593766613236184e-03,4.197953943596566262e-03,-3.432639823016669922e-03
9.289446842960219497e-01,9.264154894842785426e-01,-2.529194811743407101e-03,-7.587584435230221303e-03,4.300933138301488157e-03,-3.286651296928733146e-03
9.289300191870979440e-01,9.264154894842785426e-01,-2.514529702819401358e-03,-7.543589108458204073e-03,4.399532677201722919e-03,-3.144056431256481154e-03
9.289150396725307512e-01,9.264154894842785426e-01,-2.499550188252208649e-03,-7.498650564756625947e-03,4.493854370157812639e-03,-3.004796194598813308e-03
9.288997596783441502e-01,9.264154894842785426e-01,-2.484270194065607562e-03,-7.452810582196822686e-03,4.583998255980326064e-03,-2.868812326216496622e-03
9.288841928029248907e-01,9.264154894842785426e-01,-2.468703318646348066e-03,-7.406109955939044198e-03,4.670062625777848808e-03,-2.736047330161195390e-03
9.288683523227726502e-01,9.264154894842785426e-01,-2.452862838494107578e-03,-7.358588515482322734e-03,4.752144045672146433e-03,-2.606444469810176301e-03
9.288522511981733842e-01,9.264154894842785426e-01,-2.436761713894841641e-03,-7.310285141684524923e-03,4.830337379779781060e-03,-2.479947761904743864e-03
9.288359020787979592e-01,9.264154894842785426e-01,-2.420412594519416594e-03,-7.261237783558249781e-03,4.904735812627514235e-03,-2.356501970930735546e-03
9.288193173092254007e-01,9.264154894842785426e-01,-2.403827824946858094e-03,-7.211483474840574281e-03,4.975430871767549945e-03,-2.236052603073024336e-03
9.288025089343925345e-01,9.264154894842785426e-01,-2.387019450113991859e-03,-7.161058350341975576e-03,5.042512449859870571e-03,-2.118545900482105004e-03
9.287854887049696861e-01,9.264154894842785426e-01,-2.369999220691143549e-03,-7.109997662073430647e-03,5.106068826854492926e-03,-2.003928835218937721e-03
9.287682680826633286e-01,9.264154894842785426e-01,-2.352778598384785980e-03,-7.058335795154357939e-03,5.166186691907270756e-03,-1.892149103247087183e-03
9.287508582454465644e-01,9.264154894842785426e-01,-2.335368761168021834e-03,-7.006106283504065502e-03,5.222951165029243725e-03,-1.783155118474821776e-03
9.287332700927179996e-01,9.264154894842785426e-01,-2.317780608439456991e-03,-6.953341825318370972e-03,5.276445818569452939e-03,-1.676896006748918033e-03
9.287155142503887850e-01,9.264154894842785426e-01,-2.300024766110242425e-03,-6.900074298330727274e-03,5.326752698764369853e-03,-1.573321599566357420e-03
9.286976010758996036e-01,9.264154894842785426e-01,-2.282111591621061031e-03,-6.846334774863183092e-03,5.373952346754418130e-03,-1.472382428108764962e-03
9.286795406631676020e-01,9.264154894842785426e-01,-2.264051178889059379e-03,-6.792153536667178138e-03,5.418123819600495494e-03,-1.374029717066682643e-03
9.286613428474639331e-01,9.264154894842785426e-01,-2.245853363185390528e-03,-6.737560089556171583e-03,5.459344711100655445e-03,-1.278215378455516138e-03
9.286430172102223546e-01,9.264154894842785426e-01,-2.227527725943811987e-03,-6.682583177831435961e-03,5.497691172473562204e-03,-1.184892005357873757e-03
9.286245730837802137e-01,9.264154894842785426e-01,-2.209083599501671102e-03,-6.627250798505013307e-03,5.533237932642265378e-03,-1.094012865862747930e-03
9.286060195560514874e-01,9.264154894842785426e-01,-2.190530071772944787e-03,-6.571590215318834360e-03,5.566058318617894685e-03,-1.005531896700939676e-03
9.285873654751330974e-01,9.264154894842785426e-01,-2.171875990854554850e-03,-6.515627972563664549e-03,5.596224275516981095e-03,-9.194036970466834546e-04
9.285686194538450566e-01,9.264154894842785426e-01,-2.153129969566514035e-03,-6.459389908699542104e-03,5.623806386412244507e-03,-8.355835222872975976e-04
9.285497898742047784e-01,9.264154894842785426e-01,-2.134300389926235830e-03,-6.402901169778707491e-03,5.648873892083461357e-03,-7.540272776952461342e-04
9.285308848918366609e-01,9.264154894842785426e-01,-2.115395407558118279e-03,-6.346186222674354838e-03,5.671494710435265318e-03,-6.746915122390895192e-04
9.285119124403173885e-01,9.264154894842785426e-01,-2.096422956038845875e-03,-6.289268868116537625e-03,5.691735455781721242e-03,-5.975334123348163828e-04
9.284928802354568411e-01,9.264154894842785426e-01,-2.077390751178298522e-03,-6.232172253534895567e-03,5.709661458164205783e-03,-5.225107953706897845e-04
9.284737957795168306e-01,9.264154894842785426e-01,-2.058306295238288008e-03,-6.174918885714864025e-03,5.725336782003154212e-03,-4.495821037117098129e-04
9.284546663653664433e-01,9.264154894842785426e-01,-2.039176881087900739e-03,-6.117530643263702217e-03,5.738824245116180833e-03,-3.787063981475213836e-04
9.284354990805762098e-01,9.264154894842785426e-01,-2.020009596297667187e-03,-6.060028788893001561e-03,5.750185437070065575e-03,-3.098433518229359862e-04
9.284163008114507676e-01,9.264154894842785426e-01,-2.000811327172224985e-03,-6.002433981516674955e-03,5.759480737632660663e-03,-2.429532438840142916e-04
9.283970782470009064e-01,9.264154894842785426e-01,-1.981588762722363839e-03,-5.944766288167091517e-03,5.766769334958343762e-03,-1.779969532087477546e-04
9.283778378828557720e-01,9.264154894842785426e-01,-1.962348398577229425e-03,-5.887045195731688274e-03,5.772109243540324286e-03,-1.149359521913639881e-04
9.283585860251154509e-01,9.264154894842785426e-01,-1.943096540836908304e-03,-5.829289622510724911e-03,5.775557322096336321e-03,-5.373230041438858962e-05
9.283393287941450467e-01,9.264154894842785426e-01,-1.923839309866504088e-03,-5.771517929599512264e-03,5.777169291121264649e-03,5.651361521752384931e-06
9.283200721283108026e-01,9.264154894842785426e-01,-1.904582644032259964e-03,-5.713747932096779891e-03,5.776999750273237311e-03,6.325181817645741944e-05
9.283008217876583812e-01,9.264154894842785426e-01,-1.885332303379838592e-03,-5.655996910139515776e-03,5.775102195726411480e-03,1.191052855868957039e-04
9.282815833575345232e-01,9.264154894842785426e-01,-1.866093873255980640e-03,-5.598281619767941919e-03,5.771529037157385744e-03,1.732474173894438252e-04
9.282623622521524176e-01,9.264154894842785426e-01,-1.846872767873874999e-03,-5.540618303621624996e-03,5.766331614631692304e-03,2.257133110100673079e-04
9.282431637181013384e-01,9.264154894842785426e-01,-1.827674233822795813e-03,-5.483022701468387439e-03,5.759560215323755727e-03,2.765375138553682888e-04
9.282239928378016591e-01,9.264154894842785426e-01,-1.808503353523116530e-03,-5.425510060569349591e-03,5.751264089903784793e-03,3.257540293344352023e-04
9.282048545329049105e-01,9.264154894842785426e-01,-1.789365048626367916e-03,-5.368095145879103747e-03,5.741491469024584404e-03,3.733963231454806575e-04
9.281857535676405480e-01,9.264154894842785426e-01,-1.770264083362005358e-03,-5.310792250086016075e-03,5.730289579308767145e-03,4.194973292227510697e-04
9.281666945521090950e-01,9.264154894842785426e-01,-1.751205067830552409e-03,-5.253615203491657226e-03,5.717704659435884906e-03,4.640894559442276801e-04
9.281476819455232175e-01,9.264154894842785426e-01,-1.732192461244674853e-03,-5.196577383734024558e-03,5.703781975763266843e-03,5.072045920292422849e-04
9.281287200593965059e-01,9.264154894842785426e-01,-1.713230575117963284e-03,-5.139691725353889851e-03,5.688565838013470710e-03,5.488741126595808595e-04
9.281098130606810770e-01,9.264154894842785426e-01,-1.694323576402534393e-03,-5.082970729207603178e-03,5.672099614628667297e-03,5.891288854210641190e-04
9.280909649748542156e-01,9.264154894842785426e-01,-1.675475490575673021e-03,-5.026426471727019063e-03,5.654425748058411472e-03,6.279992763313924087e-04
9.280721796889549458e-01,9.264154894842785426e-01,-1.656690204676403155e-03,-4.970070614029209466e-03,5.635585769780959708e-03,6.655151557517502425e-04
9.280534609545713076e-01,9.264154894842785426e-01,-1.637971470292765019e-03,-4.913914410878295058e-03,5.615620315091440773e-03,7.017059042131457147e-04
9.280348123907781188e-01,9.264154894842785426e-01,-1.619322906499576220e-03,-4.857968719498728660e-03,5.594569137956639793e-03,7.366004184579111325e-04
9.280162374870267739e-01,9.264154894842785426e-01,-1.600748002748231258e-03,-4.802244008244693774e-03,5.572471125403488657e-03,7.702271171587948828e-04
9.279977396059870820e-01,9.264154894842785426e-01,-1.582250121708539403e-03,-4.746750365125618210e-03,5.549364311907556413e-03,8.026139467819382034e-04
9.279793219863420317e-01,9.264154894842785426e-01,-1.563832502063489116e-03,-4.691497506190467348e-03,5.525285893515086144e-03,8.337883873246187960e-04
9.279609877455358147e-01,9.264154894842785426e-01,-1.545498261257272077e-03,-4.636494783771816230e-03,5.500272241865111766e-03,8.637774580932955359e-04
9.279427398824753315e-01,9.264154894842785426e-01,-1.527250398196788872e-03,-4.581751194590366616e-03,5.474358918144961450e-03,8.926077235545948341e-04
9.279245812801871773e-01,9.264154894842785426e-01,-1.509091795908634737e-03,-4.527275387725904210e-03,5.447580686446240605e-03,9.203052987203363955e-04
9.279065147084289977e-01,9.264154894842785426e-01,-1.491025224150455131e-03,-4.473075672451365392e-03,5.419971527453881777e-03,9.468958550025163845e-04
9.278885428262563240e-01,9.264154894842785426e-01,-1.473053341977781372e-03,-4.419160025933344116e-03,5.391564651802127628e-03,9.724046258687835120e-04
9.278706681845462212e-01,9.264154894842785426e-01,-1.455178700267678593e-03,-4.365536100803035779e-03,5.362392513030833641e-03,9.968564122277978612e-04
9.278528932284773045e-01,9.264154894842785426e-01,-1.437403744198761935e-03,-4.312211232596285804e-03,5.332486820674997574e-03,1.020275588078711770e-03
9.278352202999672338e-01,9.264154894842785426e-01,-1.419730815688691195e-03,-4.259192447066073584e-03,5.301878553021222018e-03,1.042686105955148435e-03
9.278176516400676865e-01,9.264154894842785426e-01,-1.402162155789143938e-03,-4.206486467367431814e-03,5.270597969864176946e-03,1.064111502496745132e-03
9.278001893913184750e-01,9.264154894842785426e-01,-1.384699907039932398e-03,-4.154099721119797195e-03,5.238674624763461907e-03,1.084574903643664712e-03
9.277828356000595855e-01,9.264154894842785426e-01,-1.367346115781042926e-03,-4.102038347343128777e-03,5.206137377666841815e-03,1.104099030323713038e-03
9.277655922187036941e-01,9.264154894842785426e-01,-1.350102734425151496e-03,-4.050308203275454488e-03,5.173014406767428852e-03,1.122706203491974364e-03
9.277484611079681587e-01,9.264154894842785426e-01,-1.332971623689616081e-03,-3.998914871068848242e-03,5.139333220660624590e-03,1.140418349591776348e-03
9.277314440390675987e-01,9.264154894842785426e-01,-1.315954554789056097e-03,-3.947863664367168290e-03,5.105120670167995200e-03,1.157257005800826910e-03
9.277145426958676167e-01,9.264154894842785426e-01,-1.299053211589074053e-03,-3.897159634767222158e-03,5.070402959994613212e-03,1.173243325227391054e-03
9.276977586770001061e-01,9.264154894842785426e-01,-1.282269192721563478e-03,-3.846807578164690433e-03,5.035205660253172510e-03,1.188398082088482077e-03
9.276810934979408119e-01,9.264154894842785426e-01,-1.265604013662269267e-03,-3.796812040986807801e-03,4.999553717788263185e-03,1.202741676801455384e-03
9.276645485930492541e-01,9.264154894842785426e-01,-1.249059108770711468e-03,-3.747177326312134404e-03,4.963471467467339693e-03,1.216294141155205288e-03
9.276481253175717923e-01,9.264154894842785426e-01,-1.232635833293249661e-03,-3.697907499879748983e-03,4.926982643238542181e-03,1.229075143358793198e-03
9.276318249496087187e-01,9.264154894842785426e-01,-1.216335465330176113e-03,-3.649006395990528340e-03,4.890110388922064288e-03,1.241103992931535949e-03
9.276156486920449362e-01,9.264154894842785426e-01,-1.200159207766393621e-03,-3.600477623299180863e-03,4.852877269134747706e-03,1.252399645835566844e-03
9.275995976744456639e-01,9.264154894842785426e-01,-1.184108190167121322e-03,-3.552324570501363965e-03,4.815305279781689762e-03,1.262980709280325797e-03
9.275836729549173931e-01,9.264154894842785426e-01,-1.168183470638850530e-03,-3.504550411916551589e-03,4.777415858481237620e-03,1.272865446564686032e-03
9.275678755219337601e-01,9.264154894842785426e-01,-1.152386037655217521e-03,-3.457158112965652563e-03,4.739229895089902556e-03,1.282071782124249992e-03
9.275522062961283343e-01,9.264154894842785426e-01,-1.136716811849791675e-03,-3.410150435549375025e-03,4.700767741627753793e-03,1.290617306078378768e-03
9.275366661320535444e-01,9.264154894842785426e-01,-1.121176647775001811e-03,-3.363529943325005434e-03,4.662049222436959184e-03,1.298519279111953750e-03
9.275212558199066315e-01,9.264154894842785426e-01,-1.105766335628088903e-03,-3.317299006884266710e-03,4.623093644073872355e-03,1.305794637189605645e-03
9.275059760872234049e-01,9.264154894842785426e-01,-1.090486602944862327e-03,-3.271459808834586980e-03,4.583919804967973022e-03,1.312459996133386042e-03
9.274908276005398022e-01,9.264154894842785426e-01,-1.075338116261259636e-03,-3.226014348783778907e-03,4.544546005080807305e-03,1.318531656297028398e-03
9.274758109670218076e-01,9.264154894842785426e-01,-1.060321482743264987e-03,-3.180964448229794961e-03,4.504990055398394588e-03,1.324025607168599628e-03
9.274609267360646170e-01,9.264154894842785426e-01,-1.045437251786074384e-03,-3.136311755358223152e-03,4.465269287157180855e-03,1.328957531798957703e-03
9.274461754008606063e-01,9.264154894842785426e-01,-1.030685916582063655e-03,-3.092057749746190964e-03,4.425400561203218786e-03,1.333342811457027821e-03
9.274315573999376561e-01,9.264154894842785426e-01,-1.016067915659113474e-03,-3.048203746977340423e-03,4.385400276885054183e-03,1.337196529907713760e-03
9.274170731186677230e-01,9.264154894842785426e-01,-1.001583634389180411e-03,-3.004750903167541232e-03,4.345284380979919092e-03,1.340533477812377861e-03
9.274027228907455456e-01,9.264154894842785426e-01,-9.872334064670029719e-04,-2.961700219401008916e-03,4.305068376653231610e-03,1.343368157252222694e-03
9.273885069996391506e-01,9.264154894842785426e-01,-9.730175153606079874e-04,-2.919052546081823962e-03,4.264767331918495330e-03,1.345714785836671368e-03
9.273744256800112717e-01,9.264154894842785426e-01,-9.589361957327291464e-04,-2.876808587198187439e-03,4.224395888363652318e-03,1.347587301165464879e-03
9.273604791191135677e-01,9.264154894842785426e-01,-9.449896348350250719e-04,-2.834968904505075216e-03,4.183968269311222343e-03,1.348999364806147128e-03
9.273466674581523073e-01,9.264154894842785426e-01,-9.311779738737646639e-04,-2.793533921621293992e-03,4.143498288378122396e-03,1.349964366756828404e-03
9.273329907936277428e-01,9.264154894842785426e-01,-9.175013093492001559e-04,-2.752503928047600468e-03,4.102999357369352396e-03,1.350495429321751928e-03
9.273194491786460603e-01,9.264154894842785426e-01,-9.039596943675176632e-04,-2.711879083102552990e-03,4.062484494504747801e-03,1.350605411402194811e-03
9.273060426242055732e-01,9.264154894842785426e-01,-8.905531399270305570e-04,-2.671659419781091671e-03,4.021966332146131862e-03,1.350306912365040191e-03
9.272927711004562701e-01,9.264154894842785426e-01,-8.772816161777274857e-04,-2.631844848533182457e-03,3.981457124790921398e-03,1.349612276257738941e-03
9.272796345379346050e-01,9.264154894842785426e-01,-8.641450536560624229e-04,-2.592435160968187269e-03,3.940968756499518832e-03,1.348533595531331564e-03
9.272666328287725301e-01,9.264154894842785426e-01,-8.511433444939875415e-04,-2.553430033481962624e-03,3.900512748622464443e-03,1.347082715140501818e-03
9.272537658278819928e-01,9.264154894842785426e-01,-8.382763436034501581e-04,-2.514829030810350474e-03,3.860100267161215015e-03,1.345271236350864541e-03
9.272410333541151184e-01,9.264154894842785426e-01,-8.255438698365757944e-04,-2.476631609509727383e-03,3.819742130062309116e-03,1.343110520552581733e-03
9.272284351914001910e-01,9.264154894842785426e-01,-8.129457071216483754e-04,-2.438837121364945126e-03,3.779448814478225671e-03,1.340611693113280545e-03
9.272159710898546514e-01,9.264154894842785426e-01,-8.004816055761088123e-04,-2.401444816728326437e-03,3.739230463661868953e-03,1.337785646933542516e-03
9.272036407668737823e-01,9.264154894842785426e-01,-7.881512825952396994e-04,-2.364453847785719098e-03,3.699096894260733848e-03,1.334643046475014749e-03
9.271914439081975212e-01,9.264154894842785426e-01,-7.759544239189786197e-04,-2.327863271756935859e-03,3.659057602878323934e-03,1.331194331121388075e-03
9.271793801689544035e-01,9.264154894842785426e-01,-7.638906846758608538e-04,-2.291672054027582561e-03,3.619121772935329773e-03,1.327449718907747211e-03
9.271674491746831892e-01,6.844936202263156577e-01,-2.426738289483675315e-01,-7.280214868451025945e-01,0.000000000000000000e+00,-7.280214868451025945e-01
9.270827160317274274e-01,6.844936202263156577e-01,-2.425890958054117696e-01,-7.277672874162353089e-01,2.541994288672855262e-02,-7.023473445295067563e-01
9.269277481543187758e-01,6.844936202263156577e-01,-2.424341279280031181e-01,-7.273023837840093542e-01,4.649036322259547660e-02,-6.808120205614138776e-01
9.267046990748539770e-01,6.844936202263156577e-01,-2.422110788485383193e-01,-7.266332365456149578e-01,6.691472383943963820e-02,-6.597185127061753196e-01
9.264156781441185151e-01,6.844936202263156577e-01,-2.419220579178028574e-01,-7.257661737534085722e-01,8.670627922063856019e-02,-6.390598945327700120e-01
9.260627512239297809e-01,6.844936202263156577e-01,-2.415691309976141232e-01,-7.247073929928423697e-01,1.058780760566202517e-01,-6.188293169362221180e-01
9.256479413720474225e-01,6.844936202263156577e-01,-2.411543211457317648e-01,-7.234629634371952944e-01,1.244429555647075247e-01,-5.990200078724877697e-01
9.251732295193778599e-01,6.844936202263156577e-01,-2.406796092930622022e-01,-7.220388278791866066e-01,1.424135558008687852e-01,-5.796252720783178214e-01
9.246405551395003863e-01,6.844936202263156577e-01,-2.401469349131847286e-01,-7.204408047395541859e-01,1.598023139632420708e-01,-5.606384907763121150e-01
9.240518169105453872e-01,6.844936202263156577e-01,-2.395581966842297295e-01,-7.186745900526891884e-01,1.766214686864997496e-01,-5.420531213661894387e-01
9.234088733694537643e-01,6.844936202263156577e-01,-2.389152531431381066e-01,-7.167457594294143197e-01,1.928830623274868650e-01,-5.238626971019274547e-01
9.227135435586518719e-01,6.844936202263156577e-01,-2.382199233323362142e-01,-7.146597699970086426e-01,2.085989432405677135e-01,-5.060608267564409291e-01
9.219676076651743823e-01,6.844936202263156577e-01,-2.374739874388587246e-01,-7.124219623165761739e-01,2.237807680432468693e-01,-4.886411942733293046e-01
9.211728076522694986e-01,6.844936202263156577e-01,-2.366791874259538409e-01,-7.100375622778615226e-01,2.384400038714651338e-01,-4.715975584063963888e-01
9.203308478835240392e-01,6.844936202263156577e-01,-2.358372276572083814e-01,-7.075116829716251443e-01,2.525879306236378241e-01,-4.549237523479873202e-01
9.194433957395438117e-01,6.844936202263156577e-01,-2.349497755132281540e-01,-7.048493265396844620e-01,2.662356431940682278e-01,-4.386136833456162343e-01
9.185120822272290209e-01,6.844936202263156577e-01,-2.340184620009133631e-01,-7.020553860027400894e-01,2.793940536944372610e-01,-4.226613323083028284e-01
9.175385025816833462e-01,6.844936202263156577e-01,-2.330448823553676885e-01,-6.991346470661030654e-01,2.920738936637023997e-01,-4.070607534024006657e-01
9.165242168607974360e-01,6.844936202263156577e-01,-2.320305966344817783e-01,-6.960917899034453349e-01,3.042857162657730541e-01,-3.918060736376722808e-01
9.154707505325477834e-01,6.844936202263156577e-01,-2.309771303062321257e-01,-6.929313909186963771e-01,3.160398984748957751e-01,-3.768914924438006020e-01
9.143795950550537288e-01,6.844936202263156577e-01,-2.298859748287380711e-01,-6.896579244862142133e-01,3.273466432482163846e-01,-3.623112812379978287e-01
9.132522084494358872e-01,6.844936202263156577e-01,-2.287585882231202294e-01,-6.862757646693606883e-01,3.382159816853524958e-01,-3.480597829840081925e-01
9.120900158655196321e-01,6.844936202263156577e-01,-2.275963956392039744e-01,-6.827891869176119233e-01,3.486577751748765053e-01,-3.341314117427354180e-01
9.108944101404291560e-01,6.844936202263156577e-01,-2.264007899141134983e-01,-6.792023697423404949e-01,3.586817175271428404e-01,-3.205206522151976545e-01
9.096667523501170693e-01,6.844936202263156577e-01,-2.251731321238014116e-01,-6.755193963714042349e-01,3.682973370936259982e-01,-3.072220592777782366e-01
9.084083723538772803e-01,6.844936202263156577e-01,-2.239147521275616226e-01,-6.717442563826848678e-01,3.775139988719367068e-01,-2.942302575107481610e-01
9.071205693318863394e-01,6.844936202263156577e-01,-2.226269491055706817e-01,-6.678808473167120452e-01,3.863409065972822631e-01,-2.815399407194297821e-01
9.058046123158235430e-01,6.844936202263156577e-01,-2.213109920895078853e-01,-6.639329762685236558e-01,3.947871048188389409e-01,-2.691458714496847149e-01
9.044617407126157582e-01,6.844936202263156577e-01,-2.199681204863001005e-01,-6.599043614589003015e-01,4.028614809623354276e-01,-2.570428804965648739e-01
9.030931648213582630e-01,6.844936202263156577e-01,-2.185995445950426053e-01,-6.557986337851278158e-01,4.105727673772485709e-01,-2.452258664078792449e-01
9.017000663434600050e-01,6.844936202263156577e-01,-2.172064461171443472e-01,-6.516193383514330417e-01,4.179295433694774076e-01,-2.336897949819556342e-01
9.002835988860635741e-01,6.844936202263156577e-01,-2.157899786597479164e-01,-6.473699359792437491e-01,4.249402372189292620e-01,-2.224296987603144871e-01
8.988448884587910692e-01,6.844936202263156577e-01,-2.143512682324754115e-01,-6.430538046974262345e-01,4.316131281817514598e-01,-2.114406765156747747e-01
8.973850339638670404e-01,6.844936202263156577e-01,-2.128914137375513826e-01,-6.386742412126541479e-01,4.379563484772086568e-01,-2.007178927354454911e-01
8.959051076796694657e-01,6.844936202263156577e-01,-2.114114874533538080e-01,-6.342344623600614240e-01,4.439778852592723979e-01,-1.902565771007890261e-01
8.944061557377618321e-01,6.844936202263156577e-01,-2.099125355114461744e-01,-6.297376065343385232e-01,4.496855825722900768e-01,-1.800520239620484464e-01
8.928891985934579445e-01,6.844936202263156577e-01,-2.083955783671422868e-01,-6.251867351014268603e-01,4.550871432911662851e-01,-1.700995918102605753e-01
8.913552314899730877e-01,6.844936202263156577e-01,-2.068616112636574300e-01,-6.205848337909722900e-01,4.601901310454570293e-01,-1.603947027455152607e-01
8.898052249162136107e-01,6.844936202263156577e-01,-2.053116046898979530e-01,-6.159348140696938589e-01,4.650019721278431106e-01,-1.509328419418507483e-01
8.882401250582599994e-01,6.844936202263156577e-01,-2.037465048319443417e-01,-6.112395144958330251e-01,4.695299573860833853e-01,-1.417095571097496398e-01
8.866608542445953978e-01,6.844936202263156577e-01,-2.021672340182797400e-01,-6.065017020548392201e-01,4.737812440993804941e-01,-1.327204579554587260e-01
8.850683113851351980e-01,6.844936202263156577e-01,-2.005746911588195402e-01,-6.017240734764586207e-01,4.777628578380599400e-01,-1.239612156383986807e-01
8.834633724041112135e-01,6.844936202263156577e-01,-1.989697521777955558e-01,-5.969092565333866673e-01,4.814816943071953403e-01,-1.154275622261913270e-01
8.818468906668646135e-01,6.844936202263156577e-01,-1.973532704405489557e-01,-5.920598113216468672e-01,4.849445211739800143e-01,-1.071152901476668529e-01
8.802196974006032404e-01,6.844936202263156577e-01,-1.957260771742875827e-01,-5.871782315228627480e-01,4.881579798784119184e-01,-9.902025164445082961e-02
8.785826021091773796e-01,6.844936202263156577e-01,-1.940889818828617219e-01,-5.822669456485851658e-01,4.911285874277582231e-01,-9.113835822082694271e-02
8.769363929819294912e-01,6.844936202263156577e-01,-1.924427727556138334e-01,-5.773283182668415003e-01,4.938627381743665445e-01,-8.346558009247495580e-02
8.752818372966723048e-01,6.844936202263156577e-01,-1.907882170703566471e-01,-5.723646512110699414e-01,4.963667055771558978e-01,-7.599794563391404356e-02
8.736196818168517897e-01,6.844936202263156577e-01,-1.891260615905361320e-01,-5.673781847716083959e-01,4.986466439461545441e-01,-6.873154082545385180e-02
8.719506531829487317e-01,6.844936202263156577e-01,-1.874570329566330740e-01,-5.623710988698992219e-01,5.007085901709174003e-01,-6.166250869898182163e-02
8.702754582981757636e-01,6.844936202263156577e-01,-1.857818380718601059e-01,-5.573455142155803177e-01,5.025584654318904221e-01,-5.478704878368989561e-02
8.685947847085243589e-01,6.844936202263156577e-01,-1.841011644822087012e-01,-5.523034934466261037e-01,5.042020768954214027e-01,-4.810141655120470094e-02
8.669093009772178560e-01,6.844936202263156577e-01,-1.824156807509021982e-01,-5.472470422527065947e-01,5.056451193919508924e-01,-4.160192286075570234e-02
8.652196570536252462e-01,6.844936202263156577e-01,-1.807260368273095885e-01,-5.421781104819287656e-01,5.068931770777829193e-01,-3.528493340414584623e-02
8.635264846366922376e-01,6.844936202263156577e-01,-1.790328644103765798e-01,-5.370985932311297395e-01,5.079517250799026051e-01,-2.914686815122713437e-02
8.618303975329441036e-01,6.844936202263156577e-01,-1.773367773066284458e-01,-5.320103319198853375e-01,5.088261311244401952e-01,-2.318420079544514234e-02
8.601319920091164972e-01,6.844936202263156577e-01,-1.756383717828008395e-01,-5.269151153484025185e-01,5.095216571482819035e-01,-1.739345820012061505e-02
8.584318471394688510e-01,6.844936202263156577e-01,-1.739382269131531933e-01,-5.218146807394595799e-01,5.100434608942938652e-01,-1.177121984516571462e-02
8.567305251478366523e-01,6.844936202263156577e-01,-1.722369049215209946e-01,-5.167107147645629839e-01,5.103965974896595981e-01,-6.314117274903385812e-03
8.550285717444769951e-01,6.844936202263156577e-01,-1.705349515181613373e-01,-5.116048545544840120e-01,5.105860210078971839e-01,-1.018833546586828120e-03
8.533265164577626960e-01,6.844936202263156577e-01,-1.688328962314470383e-01,-5.064986886943411148e-01,5.106165860142897195e-01,4.117897319948604640e-03
8.516248729607803769e-01,6.844936202263156577e-01,-1.671312527344647192e-01,-5.013937582033941576e-01,5.104930490946957278e-01,9.099290891301570205e-03
8.499241393928871346e-01,6.844936202263156577e-01,-1.654305191665714769e-01,-4.962915574997144308e-01,5.102200703679726779e-01,1.392851286825824708e-02
8.482247986762807557e-01,6.844936202263156577e-01,-1.637311784499650980e-01,-4.911935353498952939e-01,5.098022149819136928e-01,1.860867963201839892e-02
8.465273188276375427e-01,6.844936202263156577e-01,-1.620336986013218850e-01,-4.861010958039656549e-01,5.092439545929638989e-01,2.314285878899824400e-02
8.448321532648732646e-01,6.844936202263156577e-01,-1.603385330385576069e-01,-4.810155991156728206e-01,5.085496688292834300e-01,2.753406971361060940e-02
8.431397411090802985e-01,6.844936202263156577e-01,-1.586461208827646407e-01,-4.759383626482939222e-01,5.077236467378898332e-01,3.178528408959591101e-02
8.414505074816963637e-01,6.844936202263156577e-01,-1.569568872553807060e-01,-4.708706617661421179e-01,5.067700882151804365e-01,3.589942644903831859e-02
8.397648637969573615e-01,6.844936202263156577e-01,-1.552712435706417038e-01,-4.658137307119251114e-01,5.056931054217006505e-01,3.987937470977553911e-02
8.380832080496892766e-01,6.844936202263156577e-01,-1.535895878233736189e-01,-4.607687634701208568e-01,5.044967241804254598e-01,4.372796071030460308e-02
8.364059250984922089e-01,6.844936202263156577e-01,-1.519123048721765512e-01,-4.557369146165296536e-01,5.031848853591203152e-01,4.744797074259066161e-02
8.347333869443693821e-01,6.844936202263156577e-01,-1.502397667180537244e-01,-4.507193001541611732e-01,5.017614462368480410e-01,5.104214608268686781e-02
8.330659530048548644e-01,6.844936202263156577e-01,-1.485723327785392067e-01,-4.457169983356176202e-01,5.002301818543553047e-01,5.451318351873768453e-02
8.314039703836921813e-01,6.844936202263156577e-01,-1.469103501573765236e-01,-4.407310504721295707e-01,4.985947863488049414e-01,5.786373587667537066e-02
8.297477741361172221e-01,6.844936202263156577e-01,-1.452541539098015644e-01,-4.357624617294046931e-01,4.968588742724877605e-01,6.109641254308306735e-02
8.280976875297965112e-01,6.844936202263156577e-01,-1.436040673034808535e-01,-4.308122019104425604e-01,4.950259818962132741e-01,6.421377998577071367e-02
8.264540223014744669e-01,6.844936202263156577e-01,-1.419604020751588092e-01,-4.258812062254764275e-01,4.930995684966132941e-01,6.721836227113686668e-02
8.248170789093794975e-01,6.844936202263156577e-01,-1.403234586830638397e-01,-4.209703760491915192e-01,4.910830176284908255e-01,7.011264157929930629e-02
8.231871467814424470e-01,6.844936202263156577e-01,-1.386935265551267893e-01,-4.160805796653803679e-01,4.889796383811151337e-01,7.289905871573476581e-02
8.215645045593770179e-01,6.844936202263156577e-01,-1.370708843330613602e-01,-4.112126529991840806e-01,4.867926666196287222e-01,7.558001362044464155e-02
8.199494203386735736e-01,6.844936202263156577e-01,-1.354558001123579158e-01,-4.063674003370737475e-01,4.845252662110333119e-01,7.815786587395956442e-02
8.183421519045575021e-01,6.844936202263156577e-01,-1.338485316782418444e-01,-4.015455950347255332e-01,4.821805302348214362e-01,8.063493520009590299e-02
8.167429469639614359e-01,6.844936202263156577e-01,-1.322493267376457782e-01,-3.967479802129373345e-01,4.797614821788198647e-01,8.301350196588253016e-02
8.151520433735619520e-01,6.844936202263156577e-01,-1.306584231472462942e-01,-3.919752694417388827e-01,4.772710771198451774e-01,8.529580767810629460e-02
8.135696693639303811e-01,6.844936202263156577e-01,-1.290760491376147234e-01,-3.872281474128441703e-01,4.747122028894712464e-01,8.748405547662707615e-02
8.119960437598464642e-01,6.844936202263156577e-01,-1.275024235335308065e-01,-3.825072706005924195e-01,4.720876812251750820e-01,8.958041062458266257e-02
8.104313761968249263e-01,6.844936202263156577e-01,-1.259377559705092686e-01,-3.778132679115278059e-01,4.694002689064613598e-01,9.158700099493355395e-02
8.088758673339029315e-01,6.844936202263156577e-01,-1.243822471075872738e-01,-3.731467413227618213e-01,4.666526588765984584e-01,9.350591755383663717e-02
8.073297090627362671e-01,6.844936202263156577e-01,-1.228360888364206094e-01,-3.685082665092618281e-01,4.638474813499993132e-01,9.533921484073748509e-02
8.057930847130536645e-01,6.844936202263156577e-01,-1.212994644867380067e-01,-3.638983934602140202e-01,4.609873049047807925e-01,9.708891144456677225e-02
8.042661692545155505e-01,6.844936202263156577e-01,-1.197725490281998928e-01,-3.593176470845996784e-01,4.580746375614341837e-01,9.875699047683450527e-02
8.027491294950251932e-01,6.844936202263156577e-01,-1.182555092687095355e-01,-3.547665278061286065e-01,4.551119278471071894e-01,1.003454000409785829e-01
8.012421242755388695e-01,6.844936202263156577e-01,-1.167485040492232118e-01,-3.502455121476696354e-01,4.521015658458971131e-01,1.018560536982274778e-01
7.997453046614223515e-01,6.844936202263156577e-01,-1.152516844351066938e-01,-3.457550533053200814e-01,4.490458842349553947e-01,1.032908309296353133e-01
7.982588141303987861e-01,6.844936202263156577e-01,-1.137651939040831284e-01,-3.412955817122493851e-01,4.459471593070696294e-01,1.046515775948202442e-01
7.967827887571347079e-01,6.844936202263156577e-01,-1.122891685308190501e-01,-3.368675055924571504e-01,4.428076119792234699e-01,1.059401063867663195e-01
7.953173573945093722e-01,6.844936202263156577e-01,-1.108237371681937145e-01,-3.324712115045811434e-01,4.396294087876007062e-01,1.071581972830195628e-01
7.938626418516122607e-01,6.844936202263156577e-01,-1.093690216252966030e-01,-3.281070648758898090e-01,4.364146628691334406e-01,1.083075979932436317e-01
7.924187570685145010e-01,6.844936202263156577e-01,-1.079251368421988433e-01,-3.237754105265965299e-01,4.331654349293279083e-01,1.093900244027313784e-01
7.909858112878570546e-01,6.844936202263156577e-01,-1.064921910615413969e-01,-3.194765731846241907e-01,4.298837341972339132e-01,1.104071610126097225e-01
7.895639062233008598e-01,6.844936202263156577e-01,-1.050702859969852021e-01,-3.152108579909556063e-01,4.265715193668584426e-01,1.113606613759028363e-01
7.881531372248822276e-01,6.844936202263156577e-01,-1.036595169985665699e-01,-3.109785509956997096e-01,4.232306995255896709e-01,1.122521485298899613e-01
7.867535934413165677e-01,6.844936202263156577e-01,-1.022599732150009100e-01,-3.067799196450027299e-01,4.198631350696979680e-01,1.130832154246952381e-01
7.853653579792934103e-01,6.844936202263156577e-01,-1.008717377529777526e-01,-3.026152132589332577e-01,4.164706386069472188e-01,1.138554253480139611e-01
7.839885080598050227e-01,6.844936202263156577e-01,-9.949488783348936494e-02,-2.984846635004680948e-01,4.130549758465162924e-01,1.145703123460481976e-01
7.826231151715512535e-01,6.844936202263156577e-01,-9.812949494523559579e-02,-2.943884848357067874e-01,4.096178664761307431e-01,1.152293816404239557e-01
7.812692452214615724e-01,6.844936202263156577e-01,-9.677562499514591465e-02,-2.903268749854377440e-01,4.061609850269043420e-01,1.158341100414665981e-01
7.799269586823760481e-01,6.844936202263156577e-01,-9.543333845606039034e-02,-2.863000153681811710e-01,4.026859617256572932e-01,1.163859463574761222e-01
7.785963107379262338e-01,6.844936202263156577e-01,-9.410269051161057607e-02,-2.823080715348317282e-01,3.991943833349442805e-01,1.168863118001125523e-01
7.772773514246564819e-01,6.844936202263156577e-01,-9.278373119834082416e-02,-2.783511935950224725e-01,3.956877939809255729e-01,1.173366003859031004e-01
7.759701257714253231e-01,6.844936202263156577e-01,-9.147650554510966536e-02,-2.744295166353289961e-01,3.921676959693476405e-01,1.177381793340186444e-01
7.746746739361275447e-01,6.844936202263156577e-01,-9.018105370981188695e-02,-2.705431611294356609e-01,3.886355505893335227e-01,1.180923894598978618e-01
7.733910313397757141e-01,6.844936202263156577e-01,-8.889741111346005642e-02,-2.666922333403801693e-01,3.850927789055491601e-01,1.184005455651689909e-01
7.721192287979804503e-01,6.844936202263156577e-01,-8.762560857166479256e-02,-2.628768257149943777e-01,3.815407625385791590e-01,1.186639368235847813e-01
7.708592926498675224e-01,6.844936202263156577e-01,-8.636567242355186469e-02,-2.590970172706555941e-01,3.779808444338783602e-01,1.188838271632227661e-01
7.696112448844708576e-01,6.844936202263156577e-01,-8.511762465815519985e-02,-2.553528739744655995e-01,3.744143296189994530e-01,1.190614556445338534e-01
7.683751032646386481e-01,6.844936202263156577e-01,-8.388148303832299035e-02,-2.516444491149689711e-01,3.708424859496628478e-01,1.191980368346938768e-01
7.671508814484899741e-01,6.844936202263156577e-01,-8.265726122217431637e-02,-2.479717836665229491e-01,3.672665448446021941e-01,1.192947611780792450e-01
7.659385891084591336e-01,6.844936202263156577e-01,-8.144496888214347585e-02,-2.443349066464304276e-01,3.636877020092521562e-01,1.193527953628217286e-01
7.647382320479645390e-01,6.844936202263156577e-01,-8.024461182164888129e-02,-2.407338354649466439e-01,3.601071181483783690e-01,1.193732826834317251e-01
7.635498123157382633e-01,6.844936202263156577e-01,-7.905619208942260556e-02,-2.371685762682678167e-01,3.565259196678827180e-01,1.193573433996149014e-01
7.623733283178519837e-01,6.844936202263156577e-01,-7.787970809153632601e-02,-2.336391242746089780e-01,3.529451993658838660e-01,1.193060750912748880e-01
7.612087749274748516e-01,6.844936202263156577e-01,-7.671515470115919388e-02,-2.301454641034775817e-01,3.493660171131396375e-01,1.192205530096620558e-01
7.600561435923985920e-01,6.844936202263156577e-01,-7.556252336608293430e-02,-2.266875700982488029e-01,3.457894005228778767e-01,1.191018304246290738e-01
7.589154224403648064e-01,6.844936202263156577e-01,-7.442180221404914864e-02,-2.232654066421474459e-01,3.422163456101356971e-01,1.189509389679882512e-01
7.577865963822278950e-01,6.844936202263156577e-01,-7.329297615591223725e-02,-2.198789284677367117e-01,3.386478174410734177e-01,1.187688889733367059e-01
7.566696472129882389e-01,6.844936202263156577e-01,-7.217602698667258121e-02,-2.165280809600177436e-01,3.350847507718968110e-01,1.185566698118790674e-01
7.555645537107298360e-01,6.844936202263156577e-01,-7.107093348441417824e-02,-2.132128004532425347e-01,3.315280506775208913e-01,1.183152502242783566e-01
7.544712917334938096e-01,6.844936202263156577e-01,-6.997767150717815188e-02,-2.099330145215344556e-01,3.279785931708079083e-01,1.180455786492734527e-01
7.533898343141227638e-01,6.844936202263156577e-01,-6.889621408780710610e-02,-2.066886422634213183e-01,3.244372258113137342e-01,1.177485835478924159e-01
7.523201517531065141e-01,6.844936202263156577e-01,-6.782653152679085640e-02,-2.034795945803725692e-01,3.209047683048749100e-01,1.174251737245023408e-01
7.512622117094627239e-01,6.844936202263156577e-01,-6.676859148314706616e-02,-2.003057744494411985e-01,3.173820130931370720e-01,1.170762386436958735e-01
7.502159792896833101e-01,6.844936202263156577e-01,-6.572235906336765243e-02,-1.971670771901029573e-01,3.138697259338241174e-01,1.167026487437211602e-01
7.491814171347782603e-01,6.844936202263156577e-01,-6.468779690846260255e-02,-1.940633907253878077e-01,3.103686464715149640e-01,1.163052557461271563e-01
7.481584855054478345e-01,6.844936202263156577e-01,-6.366486527913217675e-02,-1.909945958373965302e-01,3.068794887991277420e-01,1.158848929617312118e-01
7.471471423654135746e-01,6.844936202263156577e-01,-6.265352213909791690e-02,-1.879605664172937507e-01,3.034029420102779540e-01,1.154423755929842033e-01
7.461473434629385393e-01,6.844936202263156577e-01,-6.165372323662288156e-02,-1.849611697098686447e-01,2.999396707425106001e-01,1.149785010326419554e-01
7.451590424105667410e-01,6.844936202263156577e-01,-6.066542218425108324e-02,-1.819962665527532497e-01,2.964903157115394983e-01,1.144940491587862486e-01
7.441821907631108735e-01,6.844936202263156577e-01,-5.968857053679521574e-02,-1.790657116103856472e-01,2.930554942367602500e-01,1.139897826263746028e-01
7.432167380939176393e-01,6.844936202263156577e-01,-5.872311786760198160e-02,-1.761693536028059448e-01,2.896358007579702409e-01,1.134664471551642961e-01
7.422626320694398760e-01,6.844936202263156577e-01,-5.776901184312421833e-02,-1.733070355293726550e-01,2.862318073433289811e-01,1.129247718139563261e-01
7.413198185221435699e-01,6.844936202263156577e-01,-5.682619829582791215e-02,-1.704785948874837365e-01,2.828440641888918528e-01,1.123654693014081163e-01
7.403882415217774016e-01,6.844936202263156577e-01,-5.589462129546174385e-02,-1.676838638863852315e-01,2.794731001098504919e-01,1.117892362234652603e-01
7.394678434450335791e-01,6.844936202263156577e-01,-5.497422321871792139e-02,-1.649226696561537642e-01,2.761194230231467373e-01,1.111967533669929731e-01
7.385585650436264915e-01,6.844936202263156577e-01,-5.406494481731083379e-02,-1.621948344519325014e-01,2.727835204221262799e-01,1.105886859701937786e-01
7.376603455108163843e-01,6.844936202263156577e-01,-5.316672528450072654e-02,-1.595001758535021796e-01,2.694658598430321739e-01,1.099656839895299942e-01
7.367731225464052569e-01,6.844936202263156577e-01,-5.227950232008959919e-02,-1.568385069602687976e-01,2.661668893233382072e-01,1.093283823630694096e-01
7.358968324202304068e-01,6.844936202263156577e-01,-5.140321219391474905e-02,-1.542096365817442472e-01,2.628870378524550411e-01,1.086774012707107939e-01
7.350314100341825974e-01,6.844936202263156577e-01,-5.053778980786693964e-02,-1.516133694236008189e-01,2.596267158143428233e-01,1.080133463907420044e-01
7.341767889827739424e-01,6.844936202263156577e-01,-4.968316875645828468e-02,-1.490495062693748540e-01,2.563863154225964891e-01,1.073368091532216351e-01
7.333329016122805966e-01,6.844936202263156577e-01,-4.883928138596493884e-02,-1.465178441578948165e-01,2.531662111480037503e-01,1.066483669901089337e-01
7.324996790784862322e-01,6.844936202263156577e-01,-4.800605885217057445e-02,-1.440181765565117233e-01,2.499667601383093185e-01,1.059485835817975952e-01
7.316770514030500605e-01,6.844936202263156577e-01,-4.718343117673440279e-02,-1.415502935302032084e-01,2.467883026308514971e-01,1.052380091006482887e-01
7.308649475285239339e-01,6.844936202263156577e-01,-4.637132730220827614e-02,-1.391139819066248284e-01,2.436311623578379937e-01,1.045171804512131652e-01
7.300632953720429530e-01,6.844936202263156577e-01,-4.556967514572729527e-02,-1.367090254371818858e-01,2.404956469442942613e-01,1.037866215071123754e-01
7.292720218777126728e-01,6.844936202263156577e-01,-4.477840165139701512e-02,-1.343352049541910453e-01,2.373820482990840475e-01,1.030468433448930021e-01
7.284910530677168872e-01,6.844936202263156577e-01,-4.399743284140122945e-02,-1.319922985242036884e-01,2.342906429987356987e-01,1.022983444745320103e-01
7.277203140921685298e-01,6.844936202263156577e-01,-4.322669386585287210e-02,-1.296800815975586163e-01,2.312216926645072057e-01,1.015416110669485894e-01
7.269597292777268960e-01,6.844936202263156577e-01,-4.246610905141123826e-02,-1.273983271542337148e-01,2.281754443324901516e-01,1.007771171782564368e-01
7.262092221750030552e-01,6.844936202263156577e-01,-4.171560194868739746e-02,-1.251468058460621924e-01,2.251521308171522406e-01,1.000053249710900483e-01
7.254687156047763263e-01,6.844936202263156577e-01,-4.097509537846066863e-02,-1.229252861353820059e-01,2.221519710680186499e-01,9.922668493263664402e-02
7.247381317030429093e-01,6.844936202263156577e-01,-4.024451147672725160e-02,-1.207335344301817548e-01,2.191751705200251088e-01,9.844163608984335401e-02
7.240173919649184331e-01,6.844936202263156577e-01,-3.952377173860277537e-02,-1.185713152158083261e-01,2.162219214373428677e-01,9.765060622153454162e-02
7.233064172874160702e-01,6.844936202263156577e-01,-3.881279706110041250e-02,-1.164383911833012375e-01,2.132924032507088619e-01,9.685401206740762436e-02
7.226051280111205344e-01,6.844936202263156577e-01,-3.811150778480487666e-02,-1.143345233544146300e-01,2.103867828886607505e-01,9.605225953424612051e-02
7.219134439607783893e-01,6.844936202263156577e-01,-3.741982373446273158e-02,-1.122594712033881947e-01,2.075052151026435254e-01,9.524574389925533069e-02
7.212312844848262072e-01,6.844936202263156577e-01,-3.673766425851054951e-02,-1.102129927755316485e-01,2.046478427856546212e-01,9.443485001012297264e-02
7.205585684938750068e-01,6.844936202263156577e-01,-3.606494826755934913e-02,-1.081948448026780474e-01,2.018147972853601146e-01,9.361995248268206726e-02
7.198952144981720647e-01,6.844936202263156577e-01,-3.540159427185640695e-02,-1.062047828155692208e-01,1.990061987108826536e-01,9.280141589531343271e-02
7.192411406440586408e-01,6.844936202263156577e-01,-3.474752041774298306e-02,-1.042425612532289492e-01,1.962221562340271674e-01,9.197959498079821827e-02
7.185962647494432698e-01,6.844936202263156577e-01,-3.410264452312761208e-02,-1.023079335693828362e-01,1.934627683846112944e-01,9.115483481522845821e-02
7.179605043383094909e-01,6.844936202263156577e-01,-3.346688411199383317e-02,-1.004006523359814995e-01,1.907281233401336706e-01,9.032747100415217112e-02
7.173337766742761135e-01,6.844936202263156577e-01,-3.284015644796045574e-02,-9.852046934388136723e-02,1.880182992100132289e-01,8.949782986613186164e-02
7.167159987932293363e-01,6.844936202263156577e-01,-3.222237856691367863e-02,-9.666713570074103590e-02,1.853333643140331333e-01,8.866622861329209737e-02
7.161070875350439291e-01,6.844936202263156577e-01,-3.161346730872827138e-02,-9.484040192618481413e-02,1.826733774556221768e-01,8.783297552943736264e-02
7.155069595744114608e-01,6.844936202263156577e-01,-3.101333934809580306e-02,-9.304001804428740918e-02,1.800383881897404947e-01,8.699837014545308556e-02
7.149155314507934511e-01,6.844936202263156577e-01,-3.042191122447779339e-02,-9.126573367343338017e-02,1.774284370854029014e-01,8.616270341196952121e-02
7.143327195975166521e-01,6.844936202263156577e-01,-2.983909937120099443e-02,-8.951729811360298328e-02,1.748435559830396890e-01,8.532625786943670576e-02
7.137584403700267810e-01,6.844936202263156577e-01,-2.926482014371112328e-02,-8.779446043113336984e-02,1.722837682469613441e-01,8.448930781582797422e-02
7.131926100733185780e-01,6.844936202263156577e-01,-2.869898984700292033e-02,-8.609696954100876098e-02,1.697490890124608853e-01,8.365211947145212434e-02
7.126351449885575118e-01,6.844936202263156577e-01,-2.814152476224185406e-02,-8.442457428672556219e-02,1.672395254283198796e-01,8.281495114159431736e-02
7.120859613989105608e-01,6.844936202263156577e-01,-2.759234117259490304e-02,-8.277702351778470913e-02,1.647550768940853061e-01,8.197805337630059697e-02
7.115449756146012827e-01,6.844936202263156577e-01,-2.705135538828562503e-02,-8.115406616485687508e-02,1.622957352927834052e-01,8.114166912792653008e-02
7.110121039972047141e-01,6.844936202263156577e-01,-2.651848377088905639e-02,-7.955545131266716918e-02,1.598614852189705893e-01,8.030603390630342009e-02
7.104872629831988640e-01,6.844936202263156577e-01,-2.599364275688320625e-02,-7.798092827064961874e-02,1.574523042017550445e-01,7.947137593110542575e-02
7.099703691067861255e-01,6.844936202263156577e-01,-2.547674888047046782e-02,-7.643024664141140345e-02,1.550681629238215287e-01,7.863791628241012521e-02
7.094613390220015914e-01,6.844936202263156577e-01,-2.496771879568593366e-02,-7.490315638705780099e-02,1.527090254353602461e-01,7.780586904830244510e-02
7.089600895241219281e-01,6.844936202263156577e-01,-2.446646929780627033e-02,-7.339940789341881100e-02,1.503748493638989991e-01,7.697544147048018814e-02
7.084665375703892432e-01,6.844936202263156577e-01,-2.397291734407358543e-02,-7.191875203222075630e-02,1.480655861198054701e-01,7.614683408758471383e-02
7.079806003000653769e-01,6.844936202263156577e-01,-2.348698007374971919e-02,-7.046094022124915757e-02,1.457811810971598732e-01,7.532024087591071559e-02
7.075021950538290527e-01,6.844936202263156577e-01,-2.300857482751339500e-02,-6.902572448254018500e-02,1.435215738708972566e-01,7.449584938835707160e-02
7.070312393925315408e-01,6.844936202263156577e-01,-2.253761916621588313e-02,-6.761285749864764938e-02,1.412866983892535622e-01,7.367384089060591279e-02
7.065676511153231587e-01,6.844936202263156577e-01,-2.207403088900750099e-02,-6.622209266702250297e-02,1.390764831625146414e-01,7.285439049549213841e-02
7.061113482771642635e-01,6.844936202263156577e-01,-2.161772805084860583e-02,-6.485318415254581748e-02,1.368908514476685490e-01,7.203766729512273148e-02
7.056622492057349483e-01,6.844936202263156577e-01,-2.116862897941929056e-02,-6.350588693825787168e-02,1.347297214287945799e-01,7.122383449053670823e-02
7.052202725177546538e-01,6.844936202263156577e-01,-2.072665229143899612e-02,-6.217995687431698837e-02,1.325930063940883308e-01,7.041304951977134241e-02
7.047853371347263529e-01,6.844936202263156577e-01,-2.029171690841069520e-02,-6.087515072523208559e-02,1.304806149084902778e-01,6.960546418325819218e-02
7.043573622981164073e-01,6.844936202263156577e-01,-1.986374207180074958e-02,-5.959122621540224873e-02,1.283924509829836857e-01,6.880122476758143701e-02
7.039362675839831995e-01,6.844936202263156577e-01,-1.944264735766754182e-02,-5.832794207300262546e-02,1.263284142399623278e-01,6.800047216695970231e-02
7.035219729170666403e-01,6.844936202263156577e-01,-1.902835269075098257e-02,-5.708505807225294770e-02,1.242884000749677753e-01,6.720334200271482761e-02
7.031143985843503197e-01,6.844936202263156577e-01,-1.862077835803466197e-02,-5.586233507410398591e-02,1.222722998148961793e-01,6.640996474079219336e-02
7.027134652481081822e-01,6.844936202263156577e-01,-1.821984502179252452e-02,-5.465953506537757356e-02,1.202800008726412351e-01,6.562046580726366152e-02
7.023190939584467163e-01,6.844936202263156577e-01,-1.782547373213105857e-02,-5.347642119639317571e-02,1.183113868984397854e-01,6.483496570204660969e-02
7.019312061653554258e-01,6.844936202263156577e-01,-1.743758593903976806e-02,-5.231275781711930417e-02,1.163663379273871534e-01,6.405358011026784926e-02
7.015497237302752431e-01,6.844936202263156577e-01,-1.705610350395958541e-02,-5.116831051187875623e-02,1.144447305240547941e-01,6.327642001217603784e-02
7.011745689371962076e-01,6.844936202263156577e-01,-1.668094871088054987e-02,-5.004284613264164960e-02,1.125464379237106627e-01,6.250359179106901308e-02
7.008056645032962884e-01,6.844936202263156577e-01,-1.631204427698063064e-02,-4.893613283094189192e-02,1.106713301699757679e-01,6.173519733903387596e-02
7.004429335891302344e-01,6.844936202263156577e-01,-1.594931336281457668e-02,-4.784794008844373003e-02,1.088192742498161891e-01,6.097133416137245909e-02
7.000862998083803301e-01,6.844936202263156577e-01,-1.559267958206467242e-02,-4.677803874619401725e-02,1.069901342249712783e-01,6.021209547877726109e-02
6.997356872371783831e-01,6.844936202263156577e-01,-1.524206701086272542e-02,-4.572620103258817625e-02,1.051837713605840996e-01,5.945757032799592334e-02
6.993910204230091576e-01,6.844936202263156577e-01,-1.489740019669349991e-02,-4.469220059008049972e-02,1.034000442507676532e-01,5.870784366068715343e-02
6.990522243932060231e-01,6.844936202263156577e-01,-1.455860416689036541e-02,-4.367581250067109622e-02,1.016388089409403506e-01,5.796299644026925435e-02
6.987192246630469228e-01,6.844936202263156577e-01,-1.422560443673126507e-02,-4.267681331019379520e-02,9.989991904773010134e-02,5.722310573753630614e-02
6.983919472434615416e-01,6.844936202263156577e-01,-1.389832701714588392e-02,-4.169498105143765176e-02,9.818322587561434389e-02,5.648824482417669213e-02
6.980703186483586675e-01,6.844936202263156577e-01,-1.357669842204300981e-02,-4.073009526612902942e-02,9.648857853086223457e-02,5.575848326473320515e-02
6.977542659015821824e-01,6.844936202263156577e-01,-1.326064567526652471e-02,-3.978193702579957414e-02,9.481582403294552819e-02,5.503388700714595405e-02
6.974437165435064534e-01,6.844936202263156577e-01,-1.295009631719079568e-02,-3.885028895157238704e-02,9.316480742271870952e-02,5.431451847114632248e-02
6.971385986372777843e-01,6.844936202263156577e-01,-1.264497841096212660e-02,-3.793493523288637981e-02,9.153537186860072339e-02,5.360043663571434358e-02
6.968388407747126978e-01,6.844936202263156577e-01,-1.234522054839704008e-02,-3.703566164519112025e-02,8.992735876952595575e-02,5.289169712433483550e-02
6.965443720818600415e-01,6.844936202263156577e-01,-1.205075185554438377e-02,-3.615225556663315132e-02,8.834060785579689323e-02,5.218835228916374191e-02
6.962551222242363558e-01,6.844936202263156577e-01,-1.176150199792069806e-02,-3.528450599376209418e-02,8.677495728710571399e-02,5.149045129334361981e-02
6.959710214117419413e-01,6.844936202263156577e-01,-1.147740118542628363e-02,-3.443220355627885088e-02,8.523024374832433026e-02,5.079804019204547938e-02
6.956920004032667304e-01,6.844936202263156577e-01,-1.119838017695107268e-02,-3.359514053085321805e-02,8.370630254256328229e-02,5.011116201171006423e-02
6.954179905109927340e-01,6.844936202263156577e-01,-1.092437028467707627e-02,-3.277311085403122881e-02,8.220296768219892414e-02,4.942985682816769533e-02
6.951489236044016140e-01,6.844936202263156577e-01,-1.065530337808595629e-02,-3.196591013425786887e-02,8.072007197733599426e-02,4.875416184307812539e-02
6.948847321139947075e-01,6.844936202263156577e-01,-1.039111188767904981e-02,-3.117333566303714942e-02,7.925744712207194453e-02,4.808411145903479511e-02
6.946253490347337189e-01,6.844936202263156577e-01,-1.013172880841806123e-02,-3.039518642525418368e-02,7.781492377829657414e-02,4.741973735304239046e-02
6.943707079292080753e-01,6.844936202263156577e-01,-9.877087702892417553e-03,-2.963126310867725266e-02,7.639233165769310219e-02,4.676106854901584953e-02
6.941207429305372711e-01,6.844936202263156577e-01,-9.627122704221613425e-03,-2.888136811266484028e-02,7.498949960124123848e-02,4.610813148857639820e-02
6.938753887450154201e-01,6.844936202263156577e-01,-9.381768518699762360e-03,-2.814530555609928708e-02,7.360625565655531943e-02,4.546095010045603235e-02
6.936345806545035630e-01,6.844936202263156577e-01,-9.140960428187905329e-03,-2.742288128456371599e-02,7.224242715355710942e-02,4.481954586899339343e-02
6.933982545185786162e-01,6.844936202263156577e-01,-8.904634292262958439e-03,-2.671390287678887532e-02,7.089784077748406688e-02,4.418393790069519156e-02
6.931663467764437314e-01,6.844936202263156577e-01,-8.672726550128073697e-03,-2.601817965038422109e-02,6.957232264046542269e-02,4.355414299008120160e-02
6.929387944486078421e-01,6.844936202263156577e-01,-8.445174222292184396e-03,-2.533552266687655319e-02,6.826569835076679027e-02,4.293017568389023708e-02
6.927155351383403881e-01,6.844936202263156577e-01,-8.221914912024730349e-03,-2.466574473607419105e-02,6.697779308023621425e-02,4.231204834416202321e-02
6.924965070329073269e-01,6.844936202263156577e-01,-8.002886806591669178e-03,-2.400866041977500753e-02,6.570843162991835129e-02,4.169977121014334376e-02
6.922816489045953148e-01,6.844936202263156577e-01,-7.788028678279657058e-03,-2.336408603483897117e-02,6.445743849360363598e-02,4.109335245876466480e-02
6.920709001115291636e-01,6.844936202263156577e-01,-7.577279885213505928e-03,-2.273183965564051778e-02,6.322463791984533898e-02,4.049279826420482120e-02
6.918642005982894583e-01,6.844936202263156577e-01,-7.370580371973800560e-03,-2.211174111592140168e-02,6.200985397191161042e-02,3.989811285599020874e-02
6.916614908963353292e-01,6.844936202263156577e-01,-7.167870670019671486e-03,-2.150361201005901446e-02,6.081291058623872203e-02,3.930929857617970757e-02
6.914627121242388208e-01,6.844936202263156577e-01,-6.969091897923163081e-03,-2.090727569376948924e-02,5.963363162895252145e-02,3.872635593518303221e-02
6.912678059877358505e-01,6.844936202263156577e-01,-6.774185761420192797e-03,-2.032255728426057839e-02,5.847184095089108524e-02,3.814928366663050685e-02
6.910767147795995324e-01,6.844936202263156577e-01,-6.583094553283874717e-03,-1.974928365985162415e-02,5.732736244089542410e-02,3.757807878104379995e-02
6.908893813793413052e-01,6.844936202263156577e-01,-6.395761153025647516e-03,-1.918728345907694255e-02,5.620002007746816020e-02,3.701273661839121765e-02
6.907057492527448606e-01,6.844936202263156577e-01,-6.212129026429202838e-03,-1.863638707928760851e-02,5.508963797893340342e-02,3.645325089964579490e-02
6.905257624512384229e-01,6.844936202263156577e-01,-6.032142224922765195e-03,-1.809642667476829558e-02,5.399604045193129309e-02,3.589961377716299751e-02
6.903493656111097110e-01,6.844936202263156577e-01,-5.855745384794053265e-03,-1.756723615438215980e-02,5.291905203861357876e-02,3.535181588423141896e-02
6.901765039525693535e-01,6.844936202263156577e-01,-5.682883726253695755e-03,-1.704865117876108727e-02,5.185849756210725303e-02,3.480984638334616577e-02
6.900071232786674225e-01,6.844936202263156577e-01,-5.513503052351764744e-03,-1.654050915705529423e-02,5.081420217057930344e-02,3.427369301352400921e-02
6.898411699740667480e-01,6.844936202263156577e-01,-5.347549747751090266e-03,-1.604264924325327080e-02,4.978599138020234349e-02,3.374334213694907270e-02
6.896785910036797862e-01,6.844936202263156577e-01,-5.184970777364128480e-03,-1.555491233209238544e-02,4.877369111608853558e-02,3.321877878399615014e-02
6.895193339111712616e-01,6.844936202263156577e-01,-5.025713684855603880e-03,-1.507714105456681164e-02,4.777712775255738009e-02,3.269998669799056845e-02
6.893633468173325785e-01,6.844936202263156577e-01,-4.869726591016920736e-03,-1.460917977305076221e-02,4.679612815160494321e-02,3.218694837855418101e-02
6.892105784183316652e-01,6.844936202263156577e-01,-4.716958192016007523e-03,-1.415087457604802257e-02,4.583051970027396393e-02,3.167964512422594137e-02
6.890609779838432480e-01,6.844936202263156577e-01,-4.567357757527590323e-03,-1.370207327258277097e-02,4.488013034652515998e-02,3.117805707394238901e-02
6.889144953550622175e-01,6.844936202263156577e-01,-4.420875128746559746e-03,-1.326262538623967924e-02,4.394478863430917315e-02,3.068216324806949391e-02
6.887710809426059733e-01,6.844936202263156577e-01,-4.277460716290315546e-03,-1.283238214887094664e-02,4.302432373687326006e-02,3.019194158800231342e-02
6.886306857243085222e-01,6.844936202263156577e-01,-4.137065497992864493e-03,-1.241119649397859348e-02,4.211856548923531562e-02,2.970736899525672214e-02
6.884932612429105481e-01,6.844936202263156577e-01,-3.999641016594890353e-03,-1.199892304978467106e-02,4.122734441939224226e-02,2.922842136960757120e-02
6.883587596036495615e-01,6.844936202263156577e-01,-3.865139377333903781e-03,-1.159541813200171134e-02,4.035049177829597156e-02,2.875507364629426021e-02
6.882271334717532385e-01,6.844936202263156577e-01,-3.733513245437580785e-03,-1.120053973631274236e-02,3.948783956889689861e-02,2.828729983258415626e-02
6.880983360698401663e-01,6.844936202263156577e-01,-3.604715843524508578e-03,-1.081414753057352574e-02,3.863922057392166209e-02,2.782507304334813636e-02
6.879723211752314382e-01,6.844936202263156577e-01,-3.478700948915780522e-03,-1.043610284674734157e-02,3.780446838261841691e-02,2.736836553587107534e-02
6.878490431171763175e-01,6.844936202263156577e-01,-3.355422890860659813e-03,-1.006626867258197944e-02,3.698341741653621284e-02,2.691714874395423340e-02
6.877284567739955223e-01,6.844936202263156577e-01,-3.234836547679864616e-03,-9.704509643039593847e-03,3.617590295423855906e-02,2.647139331119896521e-02
6.876105175701459071e-01,6.844936202263156577e-01,-3.116897343830249412e-03,-9.350692031490748235e-03,3.538176115488456119e-02,2.603106912339381296e-02
6.874951814732086497e-01,6.844936202263156577e-01,-3.001561246892991974e-03,-9.004683740678975923e-03,3.460082908117723122e-02,2.559614534049825529e-02
6.873824049908053846e-01,6.844936202263156577e-01,-2.888784764489726875e-03,-8.666354293469180625e-03,3.383294472097952976e-02,2.516659042751034914e-02
6.872721451674448367e-01,6.844936202263156577e-01,-2.778524941129179027e-03,-8.335574823387537080e-03,3.307794700816435451e-02,2.474237218477681743e-02
6.871643595813028416e-01,6.844936202263156577e-01,-2.670739354987183845e-03,-8.012218064961551534e-03,3.233567584259855465e-02,2.432345777763700312e-02
6.870590063409386383e-01,6.844936202263156577e-01,-2.565386114622980607e-03,-7.696158343868941820e-03,3.160597210926097134e-02,2.390981376539202952e-02
6.869560440819508784e-01,6.844936202263156577e-01,-2.462423855635220704e-03,-7.387271566905662112e-03,3.088867769632797078e-02,2.350140612942230867e-02
6.868554319635761241e-01,6.844936202263156577e-01,-2.361811737260466337e-03,-7.085435211781399012e-03,3.018363551242631004e-02,2.309820030064491103e-02
6.867571296652313917e-01,6.844936202263156577e-01,-2.263509438915733973e-03,-6.790528316747201920e-03,2.949068950341970918e-02,2.270016118667250726e-02
6.866610973830052922e-01,6.844936202263156577e-01,-2.167477156689634477e-03,-6.502431470068903430e-03,2.880968466782984905e-02,2.230725319776094562e-02
6.865672958260989889e-01,6.844936202263156577e-01,-2.073675599783331158e-03,-6.221026799349993475e-03,2.814046707189099550e-02,2.191944027254100202e-02
6.864756862132199711e-01,6.844936202263156577e-01,-1.982065986904313348e-03,-5.946197960712940045e-03,2.748288386370534297e-02,2.153668590299240293e-02
6.863862302689313077e-01,6.844936202263156577e-01,-1.892610042615650023e-03,-5.677830127846950070e-03,2.683678328659899748e-02,2.115895315875204741e-02
6.862988902199584906e-01,6.844936202263156577e-01,-1.805269993642832915e-03,-5.415809980928498746e-03,2.620201469184513243e-02,2.078620471091663369e-02
6.862136287914567534e-01,6.844936202263156577e-01,-1.720008565141095680e-03,-5.160025695423287040e-03,2.557842855052117059e-02,2.041840285509788355e-02
6.861304092032405322e-01,6.844936202263156577e-01,-1.636788976924874461e-03,-4.910366930774623384e-03,2.496587646486636558e-02,2.005550953409174220e-02
6.860491951659777321e-01,6.844936202263156577e-01,-1.555574939662074385e-03,-4.666724818986223156e-03,2.436421117884002285e-02,1.969748635985379970e-02
6.859699508773509091e-01,6.844936202263156577e-01,-1.476330651035251407e-03,-4.428991953105754220e-03,2.377328658804689354e-02,1.934429463494113932e-02
6.858926410181875877e-01,6.844936202263156577e-01,-1.399020791871929958e-03,-4.197062375615789875e-03,2.319295774899643447e-02,1.899589537338064460e-02
6.858172307485616015e-01,6.844936202263156577e-01,-1.323610522245943777e-03,-3.970831566737831331e-03,2.262308088779585447e-02,1.865224932105802313e-02
6.857436857038676781e-01,6.844936202263156577e-01,-1.250065477552020354e-03,-3.750196432656061063e-03,2.206351340817702678e-02,1.831331697552096571e-02
6.856719719908713762e-01,6.844936202263156577e-01,-1.178351764555718439e-03,-3.535055293667155318e-03,2.151411389889057446e-02,1.797905860522341914e-02
6.856020561837355975e-01,6.844936202263156577e-01,-1.108435957419939832e-03,-3.325307872259819497e-03,2.097474214073358212e-02,1.764943426847376262e-02
6.855339053200265598e-01,6.844936202263156577e-01,-1.040285093710902053e-03,-3.120855281132706160e-03,2.044525911271133367e-02,1.732440383157862751e-02
6.854674868967007839e-01,6.844936202263156577e-01,-9.738666703851261985e-04,-2.921600011155378596e-03,1.992552699773275648e-02,1.700392698657737789e-02
6.854027688660736528e-01,6.844936202263156577e-01,-9.091486397579950918e-04,-2.727445919273985275e-03,1.941540918813933203e-02,1.668796326886534676e-02
6.853397196317734252e-01,6.844936202263156577e-01,-8.460994054577675172e-04,-2.538298216373302552e-03,1.891477029006827237e-02,1.637647207369496982e-02
6.852783080446804842e-01,6.844936202263156577e-01,-7.846878183648264837e-04,-2.354063455094479451e-03,1.842347612788231004e-02,1.606941267278783059e-02
6.852185033988548168e-01,6.844936202263156577e-01,-7.248831725391591263e-04,-2.174649517617477379e-03,1.794139374770020723e-02,1.576674423008272985e-02
6.851602754274521700e-01,6.844936202263156577e-01,-6.666552011365123320e-04,-1.999965603409536996e-03,1.746839142079403828e-02,1.546842581738450129e-02
6.851035942986313243e-01,6.844936202263156577e-01,-6.099740723156665823e-04,-1.829922216946999747e-03,1.700433864625372493e-02,1.517441642930672518e-02
6.850484306114533739e-01,6.844936202263156577e-01,-5.548103851377161888e-04,-1.664431155413148566e-03,1.654910615338511803e-02,1.488467499797196947e-02
6.849947553917752341e-01,6.844936202263156577e-01,-5.011351654595763705e-04,-1.503405496378729111e-03,1.610256590344194549e-02,1.459916040706321638e-02
6.849425400881378190e-01,6.844936202263156577e-01,-4.489198618221612591e-04,-1.346759585466483777e-03,1.566459109122453341e-02,1.431783150575804964e-02
6.848917565676508890e-01,6.844936202263156577e-01,-3.981363413352312364e-04,-1.194409024005693709e-03,1.523505614607900682e-02,1.404064712207331311e-02
6.848423771118762327e-01,6.844936202263156577e-01,-3.487568855605749363e-04,-1.046270656681724809e-03,1.481383673239689003e-02,1.376756607571516522e-02
6.847943744127091836e-01,6.844936202263156577e-01,-3.007541863935259130e-04,-9.022625591805777390e-04,1.440080975011470699e-02,1.349854719093412925e-02
6.847477215682611362e-01,6.844936202263156577e-01,-2.541013419454785094e-04,-7.623040258364355282e-04,1.399585333441422108e-02,1.323354930857778555e-02
6.847023920787439488e-01,6.844936202263156577e-01,-2.087718524282911048e-04,-6.263155572848733144e-04,1.359884685515622138e-02,1.297253129787134807e-02
6.846583598423565675e-01,6.844936202263156577e-01,-1.647396160409098087e-04,-4.942188481227294261e-04,1.320967091621438882e-02,1.271545206809165940e-02
6.846155991511759797e-01,6.844936202263156577e-01,-1.219789248603220244e-04,-3.659367745809660732e-04,1.282820735417633529e-02,1.246227057959536921e-02
6.845740846870533858e-01,6.844936202263156577e-01,-8.046446073772806074e-05,-2.413933822131841822e-04,1.245433923677818910e-02,1.221294585456500492e-02
6.845337915175162546e-01,6.844936202263156577e-01,-4.017129120059692582e-05,-1.205138736017907775e-04,1.208795086113934047e-02,1.196743698753754970e-02
6.844946950916778183e-01,6.844936202263156577e-01,-1.074865362160615234e-06,-3.224596086481845703e-06,1.172892775153089318e-02,1.172570315544441133e-02
6.844567712361550038e-01,6.844936202263156577e-01,3.684899016065390498e-05,1.105469704819617149e-04,1.137715665684435606e-02,1.148770362732631778e-02
6.844199961509949137e-01,6.844936202263156577e-01,7.362407532074399796e-05,2.208722259622319939e-04,1.103252554802702790e-02,1.125339777398925989e-02
6.843843464056121872e-01,6.844936202263156577e-01,1.092738207034704701e-04,3.278214621104114102e-04,1.069492361481794163e-02,1.102274507692835304e-02
6.843497989347371302e-01,6.844936202263156577e-01,1.438212915785275214e-04,4.314638747355825643e-04,1.036424126251711542e-02,1.079570513725269798e-02
6.843163310343758354e-01,6.844936202263156577e-01,1.772891919398222882e-04,5.318675758194668646e-04,1.004037010838843003e-02,1.057223768420789689e-02
6.842839203577829599e-01,6.844936202263156577e-01,2.096998685326978418e-04,6.290996055980935253e-04,9.723202977862666074e-03,1.035230258346075960e-02
6.842525449114484903e-01,6.844936202263156577e-01,2.410753148671673785e-04,7.232259446015021354e-04,9.412633900340861004e-03,1.013585984494236314e-02
6.842221830510984981e-01,6.844936202263156577e-01,2.714371752171595986e-04,8.143115256514787959e-04,9.108558104997666049e-03,9.922869630649144845e-03
6.841928134777115478e-01,6.844936202263156577e-01,3.008067486041099414e-04,9.024202458123298243e-04,8.810872016085102842e-03,9.713292261897432667e-03
6.841644152335507600e-01,6.844936202263156577e-01,3.292049927648976748e-04,9.876149782946930245e-04,8.519473248236320018e-03,9.507088226531013042e-03
6.841369676982126391e-01,6.844936202263156577e-01,3.566525281030186179e-04,1.069957584309055854e-03,8.234260601436282911e-03,9.304218185745338765e-03
6.841104505846931083e-01,6.844936202263156577e-01,3.831696416225494062e-04,1.149508924867648219e-03,7.955134055859236497e-03,9.104642980726884716e-03
6.840848439354716426e-01,6.844936202263156577e-01,4.087762908440151222e-04,1.226328872532045366e-03,7.681994766439714795e-03,8.908323638971760161e-03
6.840601281186140525e-01,6.844936202263156577e-01,4.334921077016051782e-04,1.300476323104815535e-03,7.414745057277016826e-03,8.715221380381832361e-03
6.840362838238944754e-01,6.844936202263156577e-01,4.573364024211823420e-04,1.372009207263547026e-03,7.153288415873149120e-03,8.525297623136696146e-03
6.840132920589372389e-01,6.844936202263156577e-01,4.803281673784187689e-04,1.440984502135256307e-03,6.897529487170928064e-03,8.338513989306184371e-03
6.839911341453789317e-01,6.844936202263156577e-01,5.024860809367259762e-04,1.507458242810177929e-03,6.647374067492162197e-03,8.154832310302340126e-03
6.839697917150516782e-01,6.844936202263156577e-01,5.238285112639795571e-04,1.571485533791938671e-03,6.402729098176074274e-03,7.974214631968012945e-03
6.839492467061876191e-01,6.844936202263156577e-01,5.443735201280386349e-04,1.633120560384115905e-03,6.163502659217723334e-03,7.796623219601839239e-03
6.839294813596454858e-01,6.844936202263156577e-01,5.641388666701718790e-04,1.692416600010515637e-03,5.929603962639973247e-03,7.622020562650488884e-03
6.839104782151596007e-01,6.844936202263156577e-01,5.831420111560570163e-04,1.749426033468171049e-03,5.700943345765541181e-03,7.450369379233712230e-03
6.838922201076116369e-01,6.844936202263156577e-01,6.014001187040207697e-04,1.804200356112062309e-03,5.477432264389126004e-03,7.281632620501188313e-03
6.838746901633258046e-01,6.844936202263156577e-01,6.189300629898530914e-04,1.856790188969559274e-03,5.258983285749696535e-03,7.115773474719255809e-03
6.838578717963874620e-01,6.844936202263156577e-01,6.357484299281956908e-04,1.907245289784587072e-03,5.045510081502779798e-03,6.952755371287366870e-03
6.838417487049861521e-01,6.844936202263156577e-01,6.518715213295056543e-04,1.955614563988516963e-03,4.836927420392989063e-03,6.792541984381506026e-03
6.838263048677832856e-01,6.844936202263156577e-01,6.673153585323721160e-04,2.001946075597116348e-03,4.633151160859938500e-03,6.635097236457054848e-03
6.838115245403041387e-01,6.844936202263156577e-01,6.820956860115190423e-04,2.046287058034557127e-03,4.434098243744077905e-03,6.480385301778635032e-03
6.837973922513551628e-01,6.844936202263156577e-01,6.962279749604949330e-04,2.088683924881484799e-03,4.239686684692767216e-03,6.328370609574252015e-03
6.837838927994671634e-01,6.844936202263156577e-01,7.097274268484943249e-04,2.129182280545482975e-03,4.049835566399817566e-03,6.179017846945300541e-03
6.837710112493637915e-01,6.844936202263156577e-01,7.226089769518662109e-04,2.167826930855598633e-03,3.864465031011565799e-03,6.032291961867164432e-03
6.837587329284566806e-01,6.844936202263156577e-01,7.348872978589771066e-04,2.204661893576931320e-03,3.683496272133268690e-03,5.888158165710200009e-03
6.837470434233661187e-01,6.844936202263156577e-01,7.465768029495389868e-04,2.239730408848616960e-03,3.506851527168564076e-03,5.746581936017181036e-03
6.837359285764691430e-01,6.844936202263156577e-01,7.576916498465147143e-04,2.273074949539544143e-03,3.334454069092718242e-03,5.607529018632262385e-03
6.837253744824740576e-01,6.844936202263156577e-01,7.682457438416001594e-04,2.304737231524800478e-03,3.166228198525633530e-03,5.470965430050434009e-03
6.837153674850219298e-01,6.844936202263156577e-01,7.782527412937279010e-04,2.334758223881183703e-03,3.002099235638322483e-03,5.336857459519506186e-03
6.837058941733157313e-01,6.844936202263156577e-01,7.877260529999263738e-04,2.363178158999779122e-03,2.841993511859541854e-03,5.205171670859320976e-03
6.836969413787766792e-01,6.844936202263156577e-01,7.966788475389785518e-04,2.390036542616935655e-03,2.685838361715653377e-03,5.075874904332589033e-03
6.836884961717279996e-01,6.844936202263156577e-01,8.051240545876581223e-04,2.415372163762974367e-03,2.533562114603871152e-03,4.948934278366845518e-03
6.836805458581072248e-01,6.844936202263156577e-01,8.130743682084329294e-04,2.439223104625298788e-03,2.385094086232442123e-03,4.824317190857740911e-03
6.836730779762054677e-01,6.844936202263156577e-01,8.205422501101899968e-04,2.461626750330569990e-03,2.240364570527120236e-03,4.701991320857690226e-03
6.836660802934357850e-01,6.844936202263156577e-01,8.275399328798727083e-04,2.482619798639618125e-03,2.099304830904813457e-03,4.581924629544431582e-03
6.836595408031290733e-01,6.844936202263156577e-01,8.340794231865844566e-04,2.502238269559753370e-03,1.961847092013524474e-03,4.464085361573277844e-03
6.836534477213584982e-01,6.844936202263156577e-01,8.401725049571595605e-04,2.520517514871478681e-03,1.827924531172531175e-03,4.348442046044009857e-03
6.836477894837925673e-01,6.844936202263156577e-01,8.458307425230904286e-04,2.537492227569271286e-03,1.697471269779260439e-03,4.234963497348531725e-03
6.836425547425764027e-01,6.844936202263156577e-01,8.510654837392550576e-04,2.553196451217765173e-03,1.570422364849388686e-03,4.123618816067153858e-03
6.836377323632417680e-01,6.844936202263156577e-01,8.558878630738897542e-04,2.567663589221669262e-03,1.446713800390408977e-03,4.014377389612078240e-03
6.836333114216461837e-01,6.844936202263156577e-01,8.603088046694740143e-04,2.580926414008422043e-03,1.326282478675278043e-03,3.907208892683700086e-03
6.836292812009397979e-01,6.844936202263156577e-01,8.643390253758598263e-04,2.593017076127579479e-03,1.209066211915743594e-03,3.802083288043323073e-03
6.836256311885622328e-01,6.844936202263156577e-01,8.679890377534249524e-04,2.603967113260274857e-03,1.095003713269537826e-03,3.698970826529812683e-03
6.836223510732672981e-01,6.844936202263156577e-01,8.712691530483596125e-04,2.613807459145078838e-03,9.840345884803980425e-04,3.597842047625476880e-03
6.836194307421771255e-01,6.844936202263156577e-01,8.741894841385322579e-04,2.622568452415596774e-03,8.760993270517936082e-04,3.498667779467390382e-03
6.836168602778649461e-01,6.844936202263156577e-01,8.767599484507115903e-04,2.630279845352134771e-03,7.711392936537997400e-04,3.401419139005934511e-03
6.836146299554666239e-01,6.844936202263156577e-01,8.789902708490338057e-04,2.636970812547101417e-03,6.690967194966646048e-04,3.306067532043766022e-03
6.836127302398214978e-01,6.844936202263156577e-01,8.808899864941599489e-04,2.642669959482479847e-03,5.699146935378429646e-04,3.212584653020322811e-03
6.836111517826417572e-01,6.844936202263156577e-01,8.824684436739005378e-04,2.647405331021701613e-03,4.735371539221766568e-04,3.120942484943878270e-03
6.836098854197104613e-01,6.844936202263156577e-01,8.837348066051964324e-04,2.651204419815589297e-03,3.799088793887683835e-04,3.031113299204357681e-03
6.836089221681090899e-01,6.844936202263156577e-01,8.846980582065677723e-04,2.654094174619703317e-03,2.889754804114019748e-04,2.943069655031105292e-03
6.836082532234731834e-01,6.844936202263156577e-01,8.853670028424742711e-04,2.656101008527422813e-03,2.006833907719496324e-04,2.856784399299372446e-03
6.836078699572772921e-01,6.844936202263156577e-01,8.857502690383656230e-04,2.657250807115096869e-03,1.149798587674055739e-04,2.772230665882502443e-03
6.836077639141479034e-01,6.844936202263156577e-01,8.858563121677542895e-04,2.657568936503262869e-03,3.181293881659996714e-05,2.689381875319862836e-03
6.836079268092061234e-01,6.844936202263156577e-01,8.856934171095343089e-04,2.657080251328602927e-03,-4.886851746599418789e-05,2.608211733862608739e-03
6.836083505254376691e-01,6.844936202263156577e-01,8.852697008779886190e-04,2.655809102633965857e-03,-1.271148694637069809e-04,2.528694233170258876e-03
6.836090271110925043e-01,6.844936202263156577e-01,8.845931152231534256e-04,2.653779345669460277e-03,-2.029756964505580186e-04,2.450803649218902258e-03
6.836099487771123417e-01,6.844936202263156577e-01,8.836714492033159729e-04,2.651014347609947919e-03,-2.764998059512357997e-04,2.374514541658712119e-03
6.836111078945863451e-01,6.844936202263156577e-01,8.825123317293126490e-04,2.647536995187937947e-03,-3.477352422009971633e-04,2.299801752986940784e-03
6.836124969922355854e-01,6.844936202263156577e-01,8.811232340800723151e-04,2.643369702240216945e-03,-4.167292947721001894e-04,2.226640407468116756e-03
6.836141087539255867e-01,6.844936202263156577e-01,8.795114723900709919e-04,2.638534417170212976e-03,-4.835285070003969565e-04,2.155005910169816019e-03
6.836159360162066267e-01,6.844936202263156577e-01,8.776842101090309711e-04,2.633052630327092913e-03,-5.481786843120062258e-04,2.084873946015086688e-03
6.836179717658822375e-01,6.844936202263156577e-01,8.756484604334202615e-04,2.626945381300260784e-03,-6.107249026832128891e-04,2.016220478617047895e-03
6.836202091376057943e-01,6.844936202263156577e-01,8.734110887098633924e-04,2.620233266129590177e-03,-6.712115170670607256e-04,1.949021749062529452e-03
6.836226414115041949e-01,6.844936202263156577e-01,8.709788148114627759e-04,2.612936444434388328e-03,-7.296821695201849423e-04,1.883254274914203386e-03
6.836252620108300704e-01,6.844936202263156577e-01,8.683582154855873370e-04,2.605074646456762011e-03,-7.861797977626316936e-04,1.818894848694130317e-03
6.836280644996408640e-01,6.844936202263156577e-01,8.655557266747937462e-04,2.596667180024381238e-03,-8.407466432380772403e-04,1.755920536786303998e-03
6.836310425805053326e-01,6.844936202263156577e-01,8.625776458103251443e-04,2.587732937430975433e-03,-8.934242593405805621e-04,1.694308678090394871e-03
6.836341900922375814e-01,6.844936202263156577e-01,8.594301340780763354e-04,2.578290402234229006e-03,-9.442535196746426607e-04,1.634036882559586346e-03
6.836375010076580772e-01,6.844936202263156577e-01,8.561192186575805607e-04,2.568357655972741682e-03,-9.932746261487324091e-04,1.575083029824009273e-03
6.836409694313815288e-01,6.844936202263156577e-01,8.526507949341288750e-04,2.557952384802386625e-03,-1.040527117035505711e-03,1.517425267766880914e-03
6.836445895976317466e-01,6.844936202263156577e-01,8.490306286839111038e-04,2.547091886051733312e-03,-1.086049875065331349e-03,1.461042010986401962e-03
6.836483558680831463e-01,6.844936202263156577e-01,8.452643582325114480e-04,2.535793074697534344e-03,-1.129881135419896765e-03,1.405911939277637579e-03
6.836522627297284549e-01,6.844936202263156577e-01,8.413574965872028244e-04,2.524072489761608473e-03,-1.172058493592587070e-03,1.352013996169021404e-03
6.836563047927733949e-01,6.844936202263156577e-01,8.373154335422627881e-04,2.511946300626788364e-03,-1.212618913482010896e-03,1.299327387144777468e-03
6.836604767885570144e-01,6.844936202263156577e-01,8.331434377586433015e-04,2.499430313275929905e-03,-1.251598735085845959e-03,1.247831578190083945e-03
6.836647735674984405e-01,6.844936202263156577e-01,8.288466588172171967e-04,2.486539976451651590e-03,-1.289033682427831451e-03,1.197506294023820139e-03
6.836691900970692792e-01,6.844936202263156577e-01,8.244301292463784847e-04,2.473290387739135454e-03,-1.324958871251613601e-03,1.148331516487521853e-03
6.836737214597917722e-01,6.844936202263156577e-01,8.198987665238854916e-04,2.459696299571656475e-03,-1.359408816747897930e-03,1.100287482823758545e-03
6.836783628512625999e-01,6.844936202263156577e-01,8.152573750530578423e-04,2.445772125159173527e-03,-1.392417441248294807e-03,1.053354683910878720e-03
6.836831095782017753e-01,6.844936202263156577e-01,8.105106481138824037e-04,2.431531944341647211e-03,-1.424018081752631559e-03,1.007513862589015652e-03
6.836879570565271846e-01,6.844936202263156577e-01,8.056631697884730769e-04,2.416989509365419231e-03,-1.454243497622798031e-03,9.627460117426211994e-04
6.836929008094537741e-01,6.844936202263156577e-01,8.007194168618836372e-04,2.402158250585650912e-03,-1.483125877976831930e-03,9.190323726088189815e-04
6.836979364656176061e-01,6.844936202263156577e-01,7.956837606980515787e-04,2.387051282094154736e-03,-1.510696849149617549e-03,8.763544329445371872e-04
6.837030597572247848e-01,6.844936202263156577e-01,7.905604690908729637e-04,2.371681407272618891e-03,-1.536987482153584494e-03,8.346939251190343967e-04
6.837082665182244723e-01,6.844936202263156577e-01,7.853537080911854318e-04,2.356061124273556295e-03,-1.562028299906259576e-03,7.940328243672967190e-04
6.837135526825065535e-01,6.844936202263156577e-01,7.800675438091042579e-04,2.340202631427312774e-03,-1.585849284624352151e-03,7.543533468029606226e-04
6.837189142821233911e-01,6.844936202263156577e-01,7.747059441922665712e-04,2.324117832576799714e-03,-1.608479885051306013e-03,7.156379475254937006e-04
6.837243474455348968e-01,6.844936202263156577e-01,7.692727807807608897e-04,2.307818342342282669e-03,-1.629949023451704448e-03,6.778693188905782208e-04
6.837298483958783590e-01,6.844936202263156577e-01,7.637718304372986822e-04,2.291315491311896047e-03,-1.650285103038662271e-03,6.410303882732337755e-04
6.837354134492605873e-01,6.844936202263156577e-01,7.582067770550704466e-04,2.274620331165211340e-03,-1.669516014668470660e-03,6.051043164967406796e-04
6.837410390130744808e-01,6.844936202263156577e-01,7.525812132411768829e-04,2.257743639723530649e-03,-1.687669144168069124e-03,5.700744955554615245e-04
6.837467215843379131e-01,6.844936202263156577e-01,7.468986419777445818e-04,2.240695925933233745e-03,-1.704771379029690337e-03,5.359245469035434084e-04
6.837524577480560417e-01,6.844936202263156577e-01,7.411624782596160088e-04,2.223487434778848026e-03,-1.720849115438571886e-03,5.026383193402761407e-04
6.837582441756061558e-01,6.844936202263156577e-01,7.353760507095019605e-04,2.206128152128505882e-03,-1.735928265034214490e-03,4.701998870942913911e-04
6.837640776231449502e-01,6.844936202263156577e-01,7.295426031707075154e-04,2.188627809512122546e-03,-1.750034261638333533e-03,4.385935478737890136e-04
6.837699549300385593e-01,6.844936202263156577e-01,7.236652962770984132e-04,2.170995888831295240e-03,-1.763192068082730657e-03,4.078038207485645827e-04
6.837758730173142396e-01,6.844936202263156577e-01,7.177472090014180850e-04,2.153241627004254255e-03,-1.775426182704098466e-03,3.778154443001557894e-04
6.837818288861343685e-01,6.844936202263156577e-01,7.117913401812892005e-04,2.135374020543867601e-03,-1.786760646038665357e-03,3.486133745052022448e-04
6.837878196162918698e-01,6.844936202263156577e-01,7.058006100237879110e-04,2.117401830071363733e-03,-1.797219047250386836e-03,3.201827828209768967e-04
6.837938423647277331e-01,6.844936202263156577e-01,6.997778615879246544e-04,2.099333584763773963e-03,-1.806824530758976977e-03,2.925090540047969867e-04
6.837998943640689609e-01,6.844936202263156577e-01,6.937258622466968561e-04,2.081177586740090568e-03,-1.815599802368339510e-03,2.655777843717510578e-04
6.838059729211886095e-01,6.844936202263156577e-01,6.876473051270481918e-04,2.062941915381144575e-03,-1.823567135894599289e-03,2.393747794865452860e-04
6.838120754157862580e-01,6.844936202263156577e-01,6.815448105293997472e-04,2.044634431588199242e-03,-1.830748379294533379e-03,2.138860522936658626e-04
6.838181992989891267e-01,6.844936202263156577e-01,6.754209273265310287e-04,2.026262781979593086e-03,-1.837164960860615537e-03,1.890978211189775493e-04
6.838243420919740689e-01,6.844936202263156577e-01,6.692781343415887818e-04,2.007834403024766345e-03,-1.842837895482674071e-03,1.649965075420922744e-04
6.838305013846097680e-01,6.844936202263156577e-01,6.631188417058897500e-04,1.989356525117669250e-03,-1.847787790709709554e-03,1.415687344079596954e-04
6.838366748341189183e-01,6.844936202263156577e-01,6.569453921967394194e-04,1.970836176590218258e-03,-1.852034852745099158e-03,1.188013238451191000e-04
6.838428601637605020e-01,6.844936202263156577e-01,6.507600625551557272e-04,1.952280187665467182e-03,-1.855598892475107675e-03,9.668129519035950636e-05
6.838490551615316049e-01,6.844936202263156577e-01,6.445650647840528435e-04,1.933695194352158531e-03,-1.858499331330865090e-03,7.519586302129344091e-05
6.838552576788889947e-01,6.844936202263156577e-01,6.383625474266629851e-04,1.915087642279988955e-03,-1.860755207216957530e-03,5.433243506303142567e-05
6.838614656294899063e-01,6.844936202263156577e-01,6.321545968257513692e-04,1.896463790477254108e-03,-1.862385180273484764e-03,3.407861020376934391e-05
6.838676769879518114e-01,6.844936202263156577e-01,6.259432383638463548e-04,1.877829715091539065e-03,-1.863407538571504318e-03,1.442217652003474626e-05
6.838738897886313950e-01,6.844936202263156577e-01,6.197304376842627249e-04,1.859191313052788175e-03,-1.863840203875088974e-03,-4.648890822300799641e-06
6.838801021244218514e-01,6.844936202263156577e-01,6.135181018938062891e-04,1.840554305681418867e-03,-1.863700737136930741e-03,-2.314643145551187331e-05
6.838863121455691640e-01,6.844936202263156577e-01,6.073080807464936726e-04,1.821924242239481018e-03,-1.863006344193784969e-03,-4.108210195430395117e-05
6.838925180585062602e-01,6.844936202263156577e-01,6.011021678093975140e-04,1.803306503428192542e-03,-1.861773881128847563e-03,-5.846737770065502104e-05
6.838987181247055958e-01,6.844936202263156577e-01,5.949021016100619619e-04,1.784706304830185886e-03,-1.860019859800665643e-03,-7.531355497047975689e-05
6.839049106595493921e-01,6.844936202263156577e-01,5.887095667662656240e-04,1.766128700298796872e-03,-1.857760453138901369e-03,-9.163175284010449673e-05
6.839110940312179698e-01,6.844936202263156577e-01,5.825261950976878822e-04,1.747578585293063647e-03,-1.855011500573322536e-03,-1.074329152802588894e-04
6.839172666595949579e-01,6.844936202263156577e-01,5.763535667206998170e-04,1.729060700162099451e-03,-1.851788513096419564e-03,-1.227278129343201130e-04
6.839234270151907102e-01,6.844936202263156577e-01,5.701932111249474744e-04,1.710579633374842423e-03,-1.848106678725702778e-03,-1.375270453508603552e-04
6.839295736180819318e-01,6.844936202263156577e-01,5.640466082337258769e-04,1.692139824701177631e-03,-1.843980867366479259e-03,-1.518410426653016287e-04
6.839357050368688462e-01,6.844936202263156577e-01,5.579151894468115103e-04,1.673745568340434531e-03,-1.839425636074309978e-03,-1.656800677338754468e-04
6.839418198876490163e-01,6.844936202263156577e-01,5.518003386666414656e-04,1.655401015999924397e-03,-1.834455234051013406e-03,-1.790542180510890091e-04
6.839479168330073744e-01,6.844936202263156577e-01,5.457033933082833244e-04,1.637110179924849973e-03,-1.829083607507442366e-03,-1.919734275825923930e-04
6.839539945810230170e-01,6.844936202263156577e-01,5.396256452926406766e-04,1.618876935877922030e-03,-1.823324404692794332e-03,-2.044474688148723018e-04
6.839600518842917642e-01,6.844936202263156577e-01,5.335683420238934715e-04,1.600705026071680415e-03,-1.817190980624161512e-03,-2.164859545524810969e-04
6.839660875389650396e-01,6.844936202263156577e-01,5.275326873506180902e-04,1.582598062051854271e-03,-1.810696401982614390e-03,-2.280983399307601189e-04
6.839721003838042934e-01,6.844936202263156577e-01,5.215198425113642955e-04,1.564559527534092886e-03,-1.803853451776138428e-03,-2.392939242420455415e-04
6.839780892992511907e-01,6.844936202263156577e-01,5.155309270644670150e-04,1.546592781193401045e-03,-1.796674634069184151e-03,-2.500818528757831061e-04
6.839840532065127876e-01,6.844936202263156577e-01,5.095670198028701137e-04,1.528701059408610341e-03,-1.789172178479070396e-03,-2.604711190704600554e-04
6.839899910666624727e-01,6.844936202263156577e-01,5.036291596531849990e-04,1.510887478959554997e-03,-1.781358044905534399e-03,-2.704705659459794020e-04
6.839959018797555634e-01,6.844936202263156577e-01,4.977183465600942824e-04,1.493155039680282847e-03,-1.773243927927214969e-03,-2.800888882469321217e-04
6.840017846839597793e-01,6.844936202263156577e-01,4.918355423558784523e-04,1.475506627067635357e-03,-1.764841261264749050e-03,-2.893346341971136937e-04
6.840076385547005922e-01,6.844936202263156577e-01,4.859816716150655580e-04,1.457945014845196674e-03,-1.756161222243868281e-03,-2.982162073986716067e-04
6.840134626038206767e-01,6.844936202263156577e-01,4.801576224949810623e-04,1.440472867484943187e-03,-1.747214736025348714e-03,-3.067418685404055267e-04
6.840192559787539039e-01,6.844936202263156577e-01,4.743642475617537713e-04,1.423092742685261314e-03,-1.738012479968187307e-03,-3.149197372829259933e-04
6.840250178617134358e-01,6.844936202263156577e-01,4.686023646022219324e-04,1.405807093806665797e-03,-1.728564887859551646e-03,-3.227577940528858491e-04
6.840307474688934741e-01,6.844936202263156577e-01,4.628727574221835894e-04,1.388618272266550768e-03,-1.718882154011502905e-03,-3.302638817449521369e-04
6.840364440496853327e-01,6.844936202263156577e-01,4.571761766303250596e-04,1.371528529890975179e-03,-1.708974237557558951e-03,-3.374457076665837718e-04
6.840421068859064979e-01,6.844936202263156577e-01,4.515133404091598024e-04,1.354540021227479407e-03,-1.698850866349577160e-03,-3.443108451220977528e-04
6.840477352910431241e-01,6.844936202263156577e-01,4.458849352725335891e-04,1.337654805817600767e-03,-1.688521540987864000e-03,-3.508667351702632331e-04
6.840533286095061838e-01,6.844936202263156577e-01,4.402916168094739291e-04,1.320874850428421787e-03,-1.677995538917897989e-03,-3.571206884894762013e-04
6.840588862159004968e-01,6.844936202263156577e-01,4.347340104151609097e-04,1.304202031245482729e-03,-1.667281918293905818e-03,-3.630798870484230889e-04
6.840644075143060832e-01,6.844936202263156577e-01,4.292127120095745596e-04,1.287638136028723679e-03,-1.656389521675905030e-03,-3.687513856471813511e-04
6.840698919375730602e-01,6.844936202263156577e-01,4.237282887425974920e-04,1.271184866227792476e-03,-1.645326980093120284e-03,-3.741421138653278078e-04
6.840753389466286416e-01,6.844936202263156577e-01,4.182812796870161165e-04,1.254843839061048349e-03,-1.634102716674412648e-03,-3.792588776133642980e-04
6.840807480297964593e-01,6.844936202263156577e-01,4.128721965191983756e-04,1.238616589557595127e-03,-1.622724950345322270e-03,-3.841083607877271433e-04
6.840861187021282097e-01,6.844936202263156577e-01,4.075015241874480054e-04,1.222504572562344016e-03,-1.611201699525111053e-03,-3.886971269627670367e-04
6.840914505047472893e-01,6.844936202263156577e-01,4.021697215683683879e-04,1.206509164705105164e-03,-1.599540785723885250e-03,-3.930316210187800863e-04
6.840967430042043107e-01,6.844936202263156577e-01,3.968772221113470167e-04,1.190631666334041050e-03,-1.587749837106411377e-03,-3.971181707723703269e-04
6.841019957918441641e-01,6.844936202263156577e-01,3.916244344714936432e-04,1.174873303414480930e-03,-1.575836291956012047e-03,-4.009629885415311179e-04
6.841072084831851807e-01,6.844936202263156577e-01,3.864117431304769923e-04,1.159235229391430977e-03,-1.563807402304995264e-03,-4.045721729135642875e-04
6.841123807173089544e-01,6.844936202263156577e-01,3.812395090067033365e-04,1.143718527020110010e-03,-1.551670237132096730e-03,-4.079517101119867206e-04
6.841175121562617090e-01,6.844936202263156577e-01,3.761080700539487509e-04,1.128324210161846253e-03,-1.539431685826375684e-03,-4.111074756645294315e-04
6.841226024844668796e-01,6.844936202263156577e-01,3.710177418487781154e-04,1.113053225546334346e-03,-1.527098461551190667e-03,-4.140452360048563207e-04
6.841276514081484628e-01,6.844936202263156577e-01,3.659688181671949536e-04,1.097906454501584861e-03,-1.514677104474948521e-03,-4.167706499733636605e-04
6.841326586547650246e-01,6.844936202263156577e-01,3.609615715506331313e-04,1.082884714651899394e-03,-1.502173984968546705e-03,-4.192892703166473112e-04
6.841376239724545893e-01,6.844936202263156577e-01,3.559962538610683680e-04,1.067988761583205104e-03,-1.489595306869428981e-03,-4.216065452862238772e-04
6.841425471294896310e-01,6.844936202263156577e-01,3.510730968260267204e-04,1.053219290478080161e-03,-1.476947110512494277e-03,-4.237278200344141155e-04
6.841474279137426118e-01,6.844936202263156577e-01,3.461923125730459461e-04,1.038576937719137838e-03,-1.464235275894232302e-03,-4.256583381750944639e-04
6.841522661321618459e-01,6.844936202263156577e-01,3.413540941538117934e-04,1.024062282461435380e-03,-1.451465525770245790e-03,-4.274032433088104099e-04
6.841570616102566893e-01,6.844936202263156577e-01,3.365586160589684184e-04,1.009675848176905255e-03,-1.438643428453012518e-03,-4.289675802761072632e-04
6.841618141915934981e-01,6.844936202263156577e-01,3.318060347221596373e-04,9.954181041664789120e-04,-1.425774401042634310e-03,-4.303562968761553975e-04
6.841665237373006914e-01,6.844936202263156577e-01,3.270964890149663518e-04,9.812894670448990553e-04,-1.412863712157985674e-03,-4.315742451130866186e-04
6.841711901255833617e-01,6.844936202263156577e-01,3.224301007322960544e-04,9.672903021968881632e-04,-1.399916484801089211e-03,-4.326261826042010483e-04
6.841758132512477664e-01,6.844936202263156577e-01,3.178069750678913508e-04,9.534209252036740523e-04,-1.386937699321411088e-03,-4.335167741177370360e-04
6.841803930252347010e-01,6.844936202263156577e-01,3.132272010809566964e-04,9.396816032428700893e-04,-1.373932196080396295e-03,-4.342505928375262059e-04
6.841849293741624205e-01,6.844936202263156577e-01,3.086908521532372163e-04,9.260725564597116488e-04,-1.360904678315844052e-03,-4.348321218561324031e-04
6.841894222398778869e-01,6.844936202263156577e-01,3.041979864377708509e-04,9.125939593133125527e-04,-1.347859714639909612e-03,-4.352657553265970591e-04
6.841938715790178982e-01,6.844936202263156577e-01,2.997486472977595184e-04,8.992459418932785553e-04,-1.334801742003399738e-03,-4.355558001101211829e-04
6.841982773625778780e-01,6.844936202263156577e-01,2.953428637377797372e-04,8.860285912133392117e-04,-1.321735067993934365e-03,-4.357064767805951533e-04
6.842026395754901014e-01,6.844936202263156577e-01,2.909806508255563529e-04,8.729419524766690586e-04,-1.308663873667015309e-03,-4.357219211903462508e-04
6.842069582162102481e-01,6.844936202263156577e-01,2.866620101054095926e-04,8.599860303162287778e-04,-1.295592216044028078e-03,-4.356061857277992999e-04
6.842112332963118382e-01,6.844936202263156577e-01,2.823869300038195362e-04,8.471607900114586087e-04,-1.282524030477016908e-03,-4.353632404655582988e-04
6.842154648400893269e-01,6.844936202263156577e-01,2.781553862263308474e-04,8.344661586789925423e-04,-1.269463133246606645e-03,-4.349969745676141031e-04
6.842196528841694159e-01,6.844936202263156577e-01,2.739673421462418546e-04,8.219020264387255637e-04,-1.256413224026697861e-03,-4.345111975879722976e-04
6.842237974771296916e-01,6.844936202263156577e-01,2.698227491859661598e-04,8.094682475578984793e-04,-1.243377888082708438e-03,-4.339096405248099586e-04
6.842278986791259232e-01,6.844936202263156577e-01,2.657215471897345083e-04,7.971646415692035248e-04,-1.230360598869495448e-03,-4.331959573002919228e-04
6.842319565615264665e-01,6.844936202263156577e-01,2.616636647891912304e-04,7.849909943675736912e-04,-1.217364720162983360e-03,-4.323737257954096691e-04
6.842359712065544386e-01,6.844936202263156577e-01,2.576490197612191224e-04,7.729470592836573672e-04,-1.204393508391632395e-03,-4.314464491079750275e-04
6.842399427069374429e-01,6.844936202263156577e-01,2.536775193782148108e-04,7.610325581346444324e-04,-1.191450114901293489e-03,-4.304175567666490565e-04
6.842438711655648431e-01,6.844936202263156577e-01,2.497490607508145999e-04,7.492471822524437997e-04,-1.178537588220063270e-03,-4.292904059676194706e-04
6.842477566951515877e-01,6.844936202263156577e-01,2.458635311640700039e-04,7.375905934922100116e-04,-1.165658876023378809e-03,-4.280682825311687978e-04
6.842515994179101391e-01,9.048164807961377454e-01,2.205648813782276063e-01,6.616946441346828189e-01,0.000000000000000000e+00,6.616946441346828189e-01
6.843216116050820919e-01,9.048164807961377454e-01,2.204948691910556535e-01,6.614846075731669606e-01,-2.100365615158583665e-02,6.404809514215811239e-01
6.844556718873961998e-01,9.048164807961377454e-01,2.203608089087415456e-01,6.610824267262246368e-01,-4.021808469423238108e-02,6.208643420319922557e-01
6.846518186039135534e-01,9.048164807961377454e-01,2.201646621922241920e-01,6.604939865766725759e-01,-5.884401495520608094e-02,6.016499716214664950e-01
6.849081303175930113e-01,9.048164807961377454e-01,2.199083504785447341e-01,6.597250514356342022e-01,-7.689351410383737928e-02,5.828315373317968229e-01
6.852227251850057099e-01,9.048164807961377454e-01,2.195937556111320355e-01,6.587812668333961064e-01,-9.437846022380957933e-02,5.644028066095865270e-01
6.855937603330792829e-01,9.048164807961377454e-01,2.192227204630584625e-01,6.576681613891753875e-01,-1.113105444220718887e-01,5.463576169671034988e-01
6.860194312428495866e-01,9.048164807961377454e-01,2.187970495532881587e-01,6.563911486598644762e-01,-1.277012729310911254e-01,5.286898757287733508e-01
6.864979711401928419e-01,9.048164807961377454e-01,2.183185096559449034e-01,6.549555289678347103e-01,-1.435619692029765915e-01,5.113935597648581188e-01
6.870276503935125456e-01,9.048164807961377454e-01,2.177888304026251998e-01,6.533664912078755993e-01,-1.589037759959111007e-01,4.944627152119644986e-01
6.876067759183533967e-01,9.048164807961377454e-01,2.172097048777843487e-01,6.516291146333530460e-01,-1.737376574522553341e-01,4.778914571810977119e-01
6.882336905889123724e-01,9.048164807961377454e-01,2.165827902072253730e-01,6.497483706216761190e-01,-1.880744011676926952e-01,4.616739694539834238e-01
6.889067726564167549e-01,9.048164807961377454e-01,2.159097081397209905e-01,6.477291244191629715e-01,-2.019246202513147459e-01,4.458045041678482256e-01
6.896244351743379131e-01,9.048164807961377454e-01,2.151920456217998323e-01,6.455761368653994969e-01,-2.152987553763474615e-01,4.302773814890520354e-01
6.903851254304079754e-01,9.048164807961377454e-01,2.144313553657297700e-01,6.432940660971893099e-01,-2.282070768210187062e-01,4.150869892761706037e-01
6.911873243854056437e-01,9.048164807961377454e-01,2.136291564107321017e-01,6.408874692321963051e-01,-2.406596864993004736e-01,4.002277827328958315e-01
6.920295461186766195e-01,9.048164807961377454e-01,2.127869346774611259e-01,6.383608040323833777e-01,-2.526665199812927476e-01,3.856942840510906301e-01
6.929103372803526728e-01,9.048164807961377454e-01,2.119061435157850726e-01,6.357184305473552177e-01,-2.642373485028159941e-01,3.714810820445392237e-01
6.938282765502332694e-01,9.048164807961377454e-01,2.109882042459044760e-01,6.329646127377134279e-01,-2.753817809641789793e-01,3.575828317735344486e-01
6.947819741032912333e-01,9.048164807961377454e-01,2.100345066928465121e-01,6.301035200785395363e-01,-2.861092659173891661e-01,3.439942541611503701e-01
6.957700710817652512e-01,9.048164807961377454e-01,2.090464097143724942e-01,6.271392291431174826e-01,-2.964290935422053685e-01,3.307101356009121140e-01
6.967912390737993622e-01,9.048164807961377454e-01,2.080252417223383832e-01,6.240757251670151495e-01,-3.063503976102333048e-01,3.177253275567818447e-01
6.978441795985891316e-01,9.048164807961377454e-01,2.069723011975486138e-01,6.209169035926458413e-01,-3.158821574369308216e-01,3.050347461557150197e-01
6.989276235979945406e-01,9.048164807961377454e-01,2.058888571981432047e-01,6.176665715944296142e-01,-3.250331998216227092e-01,2.926333717728069050e-01
7.000403309345771818e-01,9.048164807961377454e-01,2.047761498615605635e-01,6.143284495846816906e-01,-3.338122009747923613e-01,2.805162486098893293e-01
7.011810898960207927e-01,9.048164807961377454e-01,2.036353909001169527e-01,6.109061727003508580e-01,-3.422276884330832658e-01,2.686784842672675921e-01
7.023487167058911629e-01,9.048164807961377454e-01,2.024677640902465825e-01,6.074032922707397475e-01,-3.502880429611110458e-01,2.571152493096287017e-01
7.035420550406924489e-01,9.048164807961377454e-01,2.012744257554452965e-01,6.038232772663358894e-01,-3.580015004403858114e-01,2.458217768259500779e-01
7.047599755531763766e-01,9.048164807961377454e-01,2.000565052429613688e-01,6.001695157288841065e-01,-3.653761537451782893e-01,2.347933619837058172e-01
7.060013754018586996e-01,9.048164807961377454e-01,1.988151053942790458e-01,5.964453161828371375e-01,-3.724199546046969012e-01,2.240253615781402363e-01
7.072651777866988398e-01,9.048164807961377454e-01,1.975513030094389055e-01,5.926539090283167166e-01,-3.791407154520420875e-01,2.135131935762746291e-01
7.085503314908965233e-01,9.048164807961377454e-01,1.962661493052412220e-01,5.887984479157236661e-01,-3.855461112593050466e-01,2.032523366564186196e-01
7.098558104287598924e-01,9.048164807961377454e-01,1.949606703673778529e-01,5.848820111021335588e-01,-3.916436813590107313e-01,1.932383297431228275e-01
7.111806131995975777e-01,9.048164807961377454e-01,1.936358675965401677e-01,5.809076027896205030e-01,-3.974408312513055819e-01,1.834667715383149211e-01
7.125237626475890984e-01,9.048164807961377454e-01,1.922927181485486470e-01,5.768781544456459409e-01,-4.029448343974562086e-01,1.739333200481897324e-01
7.138843054275854083e-01,9.048164807961377454e-01,1.909321753685523371e-01,5.727965261056570112e-01,-4.081628339988929710e-01,1.646336921067640402e-01
7.152613115767924024e-01,9.048164807961377454e-01,1.895551692193453430e-01,5.686655076580360291e-01,-4.131018447620982137e-01,1.555636628959378154e-01
7.166538740922889783e-01,9.048164807961377454e-01,1.881626067038487671e-01,5.644878201115463012e-01,-4.177687546489727843e-01,1.467190654625735169e-01
7.180611085143318029e-01,9.048164807961377454e-01,1.867553722818059425e-01,5.602661168454178275e-01,-4.221703266128473686e-01,1.380957902325704589e-01
7.194821525153979325e-01,9.048164807961377454e-01,1.853343282807398129e-01,5.560029848422194387e-01,-4.263132003198388809e-01,1.296897845223805579e-01
7.209161654949163278e-01,9.048164807961377454e-01,1.839003153012214176e-01,5.517009459036642527e-01,-4.302038938555186043e-01,1.214970520481456484e-01
7.223623281796395235e-01,9.048164807961377454e-01,1.824541526164982219e-01,5.473624578494946658e-01,-4.338488054169586938e-01,1.135136524325359719e-01
7.238198422296059364e-01,9.048164807961377454e-01,1.809966385665318089e-01,5.429899156995954268e-01,-4.372542149899238950e-01,1.057357007096715318e-01
7.252879298496432980e-01,9.048164807961377454e-01,1.795285509464944473e-01,5.385856528394833420e-01,-4.404262860112084788e-01,9.815936682827486326e-02
7.267658334063635817e-01,9.048164807961377454e-01,1.780506473897741637e-01,5.341519421693224912e-01,-4.433710670160850853e-01,9.078087515323740586e-02
7.282528150505991338e-01,9.048164807961377454e-01,1.765636657455386116e-01,5.296909972366158348e-01,-4.460944932706656374e-01,8.359650396595019739e-02
7.297481563452312692e-01,9.048164807961377454e-01,1.750683244509064762e-01,5.252049733527194286e-01,-4.486023883896406161e-01,7.660258496307881249e-02
7.312511578983597049e-01,9.048164807961377454e-01,1.735653228977780405e-01,5.206959686933341214e-01,-4.509004659385307257e-01,6.979550275480339572e-02
7.327611390017636506e-01,9.048164807961377454e-01,1.720553417943740948e-01,5.161660253831222844e-01,-4.529943310211836938e-01,6.317169436193859067e-02
7.342774372746038170e-01,9.048164807961377454e-01,1.705390435215339284e-01,5.116171305646017853e-01,-4.548894818520499150e-01,5.672764871255187025e-02
7.357994083123151619e-01,9.048164807961377454e-01,1.690170724838225835e-01,5.070512174514677506e-01,-4.565913113134034695e-01,5.045990613806428104e-02
7.373264253406403013e-01,9.048164807961377454e-01,1.674900554554974441e-01,5.024701663664923323e-01,-4.581051084975418242e-01,4.436505786895050818e-02
7.388578788747524051e-01,9.048164807961377454e-01,1.659586019213853403e-01,4.978758057641560208e-01,-4.594360602336311494e-01,3.843974553052487142e-02
7.403931763834175062e-01,9.048164807961377454e-01,1.644233044127202392e-01,4.932699132381607177e-01,-4.605892525995303188e-01,3.268066063863039883e-02
7.419317419581464845e-01,9.048164807961377454e-01,1.628847388379912609e-01,4.886542165139737826e-01,-4.615696724186935107e-01,2.708454409528027185e-02
7.434730159872849908e-01,9.048164807961377454e-01,1.613434648088527545e-01,4.840303944265582636e-01,-4.623822087415518922e-01,2.164818568500637141e-02
7.450164548349920146e-01,9.048164807961377454e-01,1.598000259611457308e-01,4.794000778834371923e-01,-4.630316543121071327e-01,1.636842357133005965e-02
7.465615305250561384e-01,9.048164807961377454e-01,1.582549502710816069e-01,4.747648508132448208e-01,-4.635227070192371457e-01,1.124214379400767516e-02
7.481077304294997399e-01,9.048164807961377454e-01,1.567087503666380055e-01,4.701262510999140165e-01,-4.638599713330804342e-01,6.266279766833582343e-03
7.496545569619199600e-01,9.048164807961377454e-01,1.551619238342177853e-01,4.654857715026533560e-01,-4.640479597260660505e-01,1.437811776587305523e-03
7.512015272755178108e-01,9.048164807961377454e-01,1.536149535206199346e-01,4.608448605618598037e-01,-4.640910940793552264e-01,-3.246233517495422660e-03
7.527481729657640175e-01,9.048164807961377454e-01,1.520683078303737279e-01,4.562049234911211837e-01,-4.639937070738620051e-01,-7.788783582740821387e-03
7.542940397776518591e-01,9.048164807961377454e-01,1.505224410184858863e-01,4.515673230554576589e-01,-4.637600435663524756e-01,-1.219272051089481668e-02
7.558386873174886000e-01,9.048164807961377454e-01,1.489777934786491453e-01,4.469333804359474360e-01,-4.633942619510222904e-01,-1.646088151507485442e-02
7.573816887691738886e-01,9.048164807961377454e-01,1.474347920269638568e-01,4.423043760808915703e-01,-4.629004355055865716e-01,-2.059605942469500128e-02
7.589226306149167156e-01,9.048164807961377454e-01,1.458938501812210298e-01,4.376815505436630893e-01,-4.622825537228480997e-01,-2.460100317918501034e-02
7.604611123603416400e-01,9.048164807961377454e-01,1.443553684357961053e-01,4.330661053073883160e-01,-4.615445236274773322e-01,-2.847841832008901619e-02
7.619967462639345435e-01,9.048164807961377454e-01,1.428197345322032019e-01,4.284592035966096057e-01,-4.606901710778710246e-01,-3.223096748126141886e-02
7.635291570707792852e-01,9.048164807961377454e-01,1.412873237253584602e-01,4.238619711760753805e-01,-4.597232420534225206e-01,-3.586127087734714003e-02
7.650579817505362978e-01,9.048164807961377454e-01,1.397584990456014475e-01,4.192754971368043426e-01,-4.586474039271037917e-01,-3.937190679029944906e-02
7.665828692396142729e-01,9.048164807961377454e-01,1.382336115565234724e-01,4.147008346695704173e-01,-4.574662467233925334e-01,-4.276541205382211608e-02
7.681034801874868645e-01,9.048164807961377454e-01,1.367130006086508809e-01,4.101390018259526427e-01,-4.561832843617774635e-01,-4.604428253582482089e-02
7.696194867071058932e-01,9.048164807961377454e-01,1.351969940890318522e-01,4.055909822670955567e-01,-4.548019558857085975e-01,-4.921097361861304087e-02
7.711305721293630899e-01,9.048164807961377454e-01,1.336859086667746555e-01,4.010577260003239664e-01,-4.533256266771590326e-01,-5.226790067683506624e-02
7.726364307615525284e-01,9.048164807961377454e-01,1.321800500345852170e-01,3.965401501037556509e-01,-4.517575896568315486e-01,-5.521743955307589768e-02
7.741367676497866723e-01,9.048164807961377454e-01,1.306797131463510730e-01,3.920391394390532191e-01,-4.501010664702431718e-01,-5.806192703118995269e-02
7.756312983453177434e-01,9.048164807961377454e-01,1.291851824508200020e-01,3.875555473524600059e-01,-4.483592086593213288e-01,-6.080366130686132298e-02
7.771197486747181138e-01,9.048164807961377454e-01,1.276967321214196316e-01,3.830901963642588948e-01,-4.465350988201111093e-01,-6.344490245585221455e-02
7.786018545138728708e-01,9.048164807961377454e-01,1.262146262822648746e-01,3.786438788467946237e-01,-4.446317517464271063e-01,-6.598787289963248259e-02
7.800773615657377036e-01,9.048164807961377454e-01,1.247391192304000418e-01,3.742173576912001254e-01,-4.426521155594498325e-01,-6.843475786824970708e-02
7.815460251418157034e-01,9.048164807961377454e-01,1.232704556543220420e-01,3.698113669629661260e-01,-4.405990728233999398e-01,-7.078770586043381385e-02
7.830076099473076701e-01,9.048164807961377454e-01,1.218088708488300753e-01,3.654266125464902260e-01,-4.384754416475900030e-01,-7.304882910109977701e-02
7.844618898698895171e-01,9.048164807961377454e-01,1.203545909262482283e-01,3.610637727787446849e-01,-4.362839767745541053e-01,-7.522020399580942041e-02
7.859086477720718111e-01,9.048164807961377454e-01,1.189078330240659342e-01,3.567234990721978027e-01,-4.340273706546882160e-01,-7.730387158249041324e-02
7.873476752870958162e-01,9.048164807961377454e-01,1.174688055090419292e-01,3.524064165271257876e-01,-4.317082545072015165e-01,-7.930183798007572893e-02
7.887787726183218551e-01,9.048164807961377454e-01,1.160377081778158903e-01,3.481131245334476709e-01,-4.293291993678116647e-01,-8.121607483436399377e-02
7.902017483420644695e-01,9.048164807961377454e-01,1.146147324540732759e-01,3.438441973622198278e-01,-4.268927171227843154e-01,-8.304851976056448759e-02
7.916164192138309685e-01,9.048164807961377454e-01,1.132000615823067768e-01,3.396001847469203305e-01,-4.244012615299497249e-01,-8.480107678302939433e-02
7.930226099779191795e-01,9.048164807961377454e-01,1.117938708182185659e-01,3.353816124546556976e-01,-4.218572292264632928e-01,-8.647561677180759521e-02
7.944201531803302130e-01,9.048164807961377454e-01,1.103963276158075324e-01,3.311889828474225972e-01,-4.192629607233100408e-01,-8.807397787588744364e-02
7.958088889849536107e-01,9.048164807961377454e-01,1.090075918111841347e-01,3.270227754335524040e-01,-4.166207413870193221e-01,-8.959796595346691817e-02
7.971886649929816882e-01,9.048164807961377454e-01,1.076278158031560572e-01,3.228834474094681717e-01,-4.139328024084232283e-01,-9.104935499895505657e-02
7.985593360655098838e-01,9.048164807961377454e-01,1.062571447306278616e-01,3.187714341918835848e-01,-4.112013217584586933e-01,-9.242988756657510852e-02
7.999207641492814824e-01,9.048164807961377454e-01,1.048957166468562630e-01,3.146871499405687889e-01,-4.084284251314795888e-01,-9.374127519091079996e-02
8.012728181055339682e-01,9.048164807961377454e-01,1.035436626906037771e-01,3.106309880718113314e-01,-4.056161868757457434e-01,-9.498519880393441195e-02
8.026153735419060409e-01,9.048164807961377454e-01,1.022011072542317045e-01,3.066033217626951135e-01,-4.027666309116217924e-01,-9.616330914892667892e-02
8.039483126473632169e-01,9.048164807961377454e-01,1.008681681487745285e-01,3.026045044463235856e-01,-3.998817316371527930e-01,-9.727722719082920744e-02
8.052715240301012711e-01,9.048164807961377454e-01,9.954495676603647425e-02,2.986348702981094227e-01,-3.969634148214162828e-01,-9.832854452330686001e-02
8.065849025583869958e-01,9.048164807961377454e-01,9.823157823775074959e-02,2.946947347132522488e-01,-3.940135584857173967e-01,-9.931882377246514793e-02
8.078883492042955305e-01,9.048164807961377454e-01,9.692813159184221483e-02,2.907843947755266445e-01,-3.910339937725604287e-01,-1.002495989970337842e-01
8.091817708903042972e-01,9.048164807961377454e-01,9.563470990583344822e-02,2.869041297175003447e-01,-3.880265058026299840e-01,-1.011223760851296394e-01
8.104650803387045688e-01,9.048164807961377454e-01,9.435140045743317661e-02,2.830542013722995298e-01,-3.849928345200814839e-01,-1.019386331477819541e-01
8.117381959237900402e-01,9.048164807961377454e-01,9.307828487234770520e-02,2.792348546170431156e-01,-3.819346755256414205e-01,-1.026998209085983049e-01
8.130010415267846513e-01,9.048164807961377454e-01,9.181543926935309408e-02,2.754463178080592822e-01,-3.788536808983833382e-01,-1.034073630903240559e-01
8.142535463934702511e-01,9.048164807961377454e-01,9.056293440266749428e-02,2.716888032080024828e-01,-3.757514600056799381e-01,-1.040626567976774552e-01
8.154956449944761321e-01,9.048164807961377454e-01,8.932083580166161330e-02,2.679625074049848399e-01,-3.726295803017642960e-01,-1.046670728967794561e-01
8.167272768881923550e-01,9.048164807961377454e-01,8.808920390794539035e-02,2.642676117238361710e-01,-3.694895681148668842e-01,-1.052219563910307132e-01
8.179483865862694492e-01,9.048164807961377454e-01,8.686809420986829622e-02,2.606042826296048887e-01,-3.663329094231282390e-01,-1.057286267935233504e-01
8.191589234216671844e-01,9.048164807961377454e-01,8.565755737447056095e-02,2.569726721234116829e-01,-3.631610506193205801e-01,-1.061883784959088972e-01
8.203588414192153344e-01,9.048164807961377454e-01,8.445763937692241097e-02,2.533729181307672329e-01,-3.599753992644449951e-01,-1.066024811336777622e-01
8.215480991686501255e-01,9.048164807961377454e-01,8.326838162748761984e-02,2.498051448824628595e-01,-3.567773248304373368e-01,-1.069721799479744773e-01
8.227266597000900683e-01,9.048164807961377454e-01,8.208982109604767707e-02,2.462694632881430312e-01,-3.535681594319828314e-01,-1.072986961438398001e-01
8.238944903619156435e-01,9.048164807961377454e-01,8.092199043422210192e-02,2.427659713026663058e-01,-3.503491985476725468e-01,-1.075832272450062410e-01
8.250515627010167607e-01,9.048164807961377454e-01,7.976491809512098463e-02,2.392947542853629539e-01,-3.471217017303351859e-01,-1.078269474449722320e-01
8.261978523453733514e-01,9.048164807961377454e-01,7.861862845076439399e-02,2.358558853522931820e-01,-3.438868933069771927e-01,-1.080310079546840107e-01
8.273333388889344553e-01,9.048164807961377454e-01,7.748314190720329009e-02,2.324494257216098703e-01,-3.406459630683311701e-01,-1.081965373467212999e-01
8.284580057787609420e-01,9.048164807961377454e-01,7.635847501737680343e-02,2.290754250521304103e-01,-3.374000669479459980e-01,-1.083246418958155877e-01
8.295718402043977813e-01,9.048164807961377454e-01,7.524464059173996411e-02,2.257339217752198923e-01,-3.341503276910517961e-01,-1.084164059158319038e-01
8.306748329894431127e-01,9.048164807961377454e-01,7.414164780669463273e-02,2.224249434200838982e-01,-3.308978355135994143e-01,-1.084728920935155161e-01
8.317669784852790293e-01,9.048164807961377454e-01,7.304950231085871604e-02,2.191485069325761481e-01,-3.276436487507750073e-01,-1.084951418181988592e-01
8.328482744669331028e-01,9.048164807961377454e-01,7.196820632920464256e-02,2.159046189876139277e-01,-3.243887944962220438e-01,-1.084841755086081161e-01
8.339187220310363413e-01,9.048164807961377454e-01,7.089775876510140407e-02,2.126932762953042122e-01,-3.211342692309715474e-01,-1.084409929356673352e-01
8.349783254958460521e-01,9.048164807961377454e-01,6.983815530029169327e-02,2.095144659008750798e-01,-3.178810394429132380e-01,-1.083665735420381582e-01
8.360270923033015222e-01,9.048164807961377454e-01,6.878938849283622314e-02,2.063681654785086694e-01,-3.146300422366410388e-01,-1.082618767581323693e-01
8.370650329230812092e-01,9.048164807961377454e-01,6.775144787305653615e-02,2.032543436191696085e-01,-3.113821859339060971e-01,-1.081278423147364887e-01
8.380921607586293565e-01,9.048164807961377454e-01,6.672432003750838891e-02,2.001729601125251667e-01,-3.081383506644441717e-01,-1.079653905519190049e-01
8.391084920551223902e-01,9.048164807961377454e-01,6.570798874101535514e-02,1.971239662230460654e-01,-3.048993889479101327e-01,-1.077754227248640673e-01
8.401140458093429020e-01,9.048164807961377454e-01,6.470243498679484340e-02,1.941073049603845302e-01,-3.016661262661535226e-01,-1.075588213057689924e-01
8.411088436814327940e-01,9.048164807961377454e-01,6.370763711470495139e-02,1.911229113441148542e-01,-2.984393616269676031e-01,-1.073164502828527489e-01
8.420929099084943914e-01,9.048164807961377454e-01,6.272357088764335398e-02,1.881707126629300619e-01,-2.952198681184792228e-01,-1.070491554555491609e-01
8.430662712200104325e-01,9.048164807961377454e-01,6.175020957612731287e-02,1.852506287283819386e-01,-2.920083934548123317e-01,-1.067577647264303931e-01
8.440289567550538496e-01,9.048164807961377454e-01,6.078752404108389573e-02,1.823625721232516872e-01,-2.888056605130251420e-01,-1.064430883897734548e-01
8.449809979812583638e-01,9.048164807961377454e-01,5.983548281487938159e-02,1.795064484446381448e-01,-2.856123678613542438e-01,-1.061059194167160991e-01
8.459224286155211381e-01,9.048164807961377454e-01,5.889405218061660729e-02,1.766821565418498219e-01,-2.824291902788322872e-01,-1.057470337369824653e-01
8.468532845464102898e-01,9.048164807961377454e-01,5.796319624972745554e-02,1.738895887491823666e-01,-2.792567792667455251e-01,-1.053671905175631585e-01
8.477736037582476181e-01,9.048164807961377454e-01,5.704287703789012731e-02,1.711286311136703819e-01,-2.760957635511984698e-01,-1.049671324375280879e-01
8.486834262568412335e-01,9.048164807961377454e-01,5.613305453929651190e-02,1.683991636178895357e-01,-2.729467495780846242e-01,-1.045475859601950885e-01
8.495827939968387810e-01,9.048164807961377454e-01,5.523368679929896441e-02,1.657010603978968932e-01,-2.698103219992642465e-01,-1.041092616013673533e-01
8.504717508106761636e-01,9.048164807961377454e-01,5.434472998546158173e-02,1.630341899563847452e-01,-2.666870441512148027e-01,-1.036528541948300575e-01
8.513503423390941238e-01,9.048164807961377454e-01,5.346613845704362156e-02,1.603984153711308647e-01,-2.635774585253880531e-01,-1.031790431542571884e-01
8.522186159631967017e-01,9.048164807961377454e-01,5.259786483294104364e-02,1.577935944988231309e-01,-2.604820872307733737e-01,-1.026884927319502427e-01
8.530766207380260369e-01,9.048164807961377454e-01,5.173986005811170852e-02,1.552195801743351256e-01,-2.574014324488005379e-01,-1.021818522744654123e-01
8.539244073276279767e-01,9.048164807961377454e-01,5.089207346850976865e-02,1.526762204055293060e-01,-2.543359768805819598e-01,-1.016597564750526539e-01
8.547620279415824029e-01,9.048164807961377454e-01,5.005445285455534243e-02,1.501633585636660273e-01,-2.512861841863278656e-01,-1.011228256226618383e-01
8.555895362729745157e-01,9.048164807961377454e-01,4.922694452316322966e-02,1.476808335694896890e-01,-2.482524994176338318e-01,-1.005716658481441428e-01
8.564069874377817637e-01,9.048164807961377454e-01,4.840949335835598166e-02,1.452284800750679450e-01,-2.452353494421743996e-01,-1.000068693671064546e-01
8.572144379156523275e-01,9.048164807961377454e-01,4.760204288048541788e-02,1.428061286414562536e-01,-2.422351433611691363e-01,-9.942901471971288263e-02
8.580119454920509536e-01,9.048164807961377454e-01,4.680453530408679175e-02,1.404136059122603752e-01,-2.392522729195878384e-01,-9.883866700732746313e-02
8.587995692017488247e-01,9.048164807961377454e-01,4.601691159438892065e-02,1.380507347831667619e-01,-2.362871129093613298e-01,-9.823637812619456788e-02
8.595773692736340399e-01,9.048164807961377454e-01,4.523911152250370549e-02,1.357173345675111165e-01,-2.333400215655645482e-01,-9.762268699805343175e-02
8.603454070768195017e-01,9.048164807961377454e-01,4.447107371931824371e-02,1.334132211579547311e-01,-2.304113409556385328e-01,-9.699811979768380166e-02
8.611037450680252281e-01,9.048164807961377454e-01,4.371273572811251729e-02,1.311382071843375519e-01,-2.275013973617179275e-01,-9.636319017738037562e-02
8.618524467402132183e-01,9.048164807961377454e-01,4.296403405592452707e-02,1.288921021677735812e-01,-2.246105016563970658e-01,-9.571839948862348457e-02
8.625915765724523343e-01,9.048164807961377454e-01,4.222490422368541108e-02,1.266747126710562332e-01,-2.217389496717347974e-01,-9.506423700067856419e-02
8.633211999809913273e-01,9.048164807961377454e-01,4.149528081514641809e-02,1.244858424454392543e-01,-2.188870225616978971e-01,-9.440118011625864280e-02
8.640413832715186926e-01,9.048164807961377454e-01,4.077509752461905279e-02,1.223252925738571584e-01,-2.160549871582095882e-01,-9.372969458435242984e-02
8.647521935925877035e-01,9.048164807961377454e-01,4.006428720355004192e-02,1.201928616106501257e-01,-2.132430963207032626e-01,-9.305023471005313684e-02
8.654536988901856409e-01,9.048164807961377454e-01,3.936278190595210447e-02,1.180883457178563134e-01,-2.104515892793812348e-01,-9.236324356152492143e-02
8.661459678634274573e-01,9.048164807961377454e-01,3.867051293271028811e-02,1.160115387981308643e-01,-2.076806919725449063e-01,-9.166915317441404198e-02
8.668290699213517803e-01,9.048164807961377454e-01,3.798741087478596512e-02,1.139622326243578954e-01,-2.049306173772968975e-01,-9.096838475293900217e-02
8.675030751408008278e-01,9.048164807961377454e-01,3.731340565533691755e-02,1.119402169660107527e-01,-2.022015658347142697e-01,-9.026134886870351703e-02
8.681680542253630284e-01,9.048164807961377454e-01,3.664842657077471699e-02,1.099452797123241510e-01,-1.994937253686601686e-01,-8.954844565633601761e-02
8.688240784653595838e-01,9.048164807961377454e-01,3.599240233077816153e-02,1.079772069923344846e-01,-1.968072719989666375e-01,-8.883006500663215288e-02
8.694712196988554354e-01,9.048164807961377454e-01,3.534526109728231003e-02,1.060357832918469301e-01,-1.941423700487554527e-01,-8.810658675690852260e-02
8.701095502736756471e-01,9.048164807961377454e-01,3.470693052246209831e-02,1.041207915673862949e-01,-1.914991724460635147e-01,-8.737838087867721981e-02
8.707391430104080010e-01,9.048164807961377454e-01,3.407733778572974437e-02,1.022320133571892331e-01,-1.888778210197061824e-01,-8.664580766251694932e-02
8.713600711663740395e-01,9.048164807961377454e-01,3.345640962976370592e-02,1.003692288892911177e-01,-1.862784467898115359e-01,-8.590921790052041818e-02
8.719724084005501252e-01,9.048164807961377454e-01,3.284407239558762015e-02,9.853221718676286045e-02,-1.837011702528257295e-01,-8.516895306606286908e-02
8.725762287394195349e-01,9.048164807961377454e-01,3.224025205671821048e-02,9.672075617015463145e-02,-1.811461016608229002e-01,-8.442534549066826877e-02
8.731716065437399310e-01,9.048164807961377454e-01,3.164487425239781437e-02,9.493462275719344312e-02,-1.786133412961188327e-01,-8.367871853892538958e-02
8.737586164762064511e-01,9.048164807961377454e-01,3.105786431993129426e-02,9.317359295979388278e-02,-1.761029797399560337e-01,-8.292938678016215093e-02
8.743373334699948707e-01,9.048164807961377454e-01,3.047914732614287470e-02,9.143744197842862409e-02,-1.736150981365258694e-01,-8.217765615809724533e-02
8.749078326981675202e-01,9.048164807961377454e-01,2.990864809797022517e-02,8.972594429391067550e-02,-1.711497684517948592e-01,-8.142382415788418371e-02
8.754701895439244153e-01,9.048164807961377454e-01,2.934629125221333013e-02,8.803887375663999038e-02,-1.687070537270685122e-01,-8.066817997042852184e-02
8.760244795716842781e-01,9.048164807961377454e-01,2.879200122445346732e-02,8.637600367336040197e-02,-1.662870083279588407e-01,-7.991100465459843871e-02
8.765707784989786866e-01,9.048164807961377454e-01,2.824570229715905878e-02,8.473710689147717634e-02,-1.638896781883225628e-01,-7.915257129684538651e-02
8.771091621691433637e-01,9.048164807961377454e-01,2.770731862699438164e-02,8.312195588098314492e-02,-1.615151010494031425e-01,-7.839314516841999758e-02
8.776397065247911744e-01,9.048164807961377454e-01,2.717677427134657098e-02,8.153032281403971293e-02,-1.591633066943431984e-01,-7.763298388030348551e-02
8.781624875820509546e-01,9.048164807961377454e-01,2.665399321408679079e-02,7.996197964226037236e-02,-1.568343171779340572e-01,-7.687233753567368488e-02
8.786775814055571843e-01,9.048164807961377454e-01,2.613889939058056111e-02,7.841669817174168333e-02,-1.545281470518689027e-01,-7.611144888012721932e-02
8.791850640841754050e-01,9.048164807961377454e-01,2.563141671196234039e-02,7.689425013588702118e-02,-1.522448035854662152e-01,-7.535055344957919399e-02
8.796850117074486164e-01,9.048164807961377454e-01,2.513146908868912899e-02,7.539440726606738696e-02,-1.499842869819634217e-01,-7.458987971589603472e-02
8.801775003427503297e-01,9.048164807961377454e-01,2.463898045338741571e-02,7.391694136016224714e-02,-1.477465905905139820e-01,-7.382964923035173488e-02
8.806626060131289568e-01,9.048164807961377454e-01,2.415387478300878854e-02,7.246162434902636562e-02,-1.455317011135881522e-01,-7.307007676456178658e-02
8.811404046758311015e-01,9.048164807961377454e-01,2.367607612030664388e-02,7.102822836091993164e-02,-1.433395988106433983e-01,-7.231137044972346661e-02
8.816109722014883188e-01,9.048164807961377454e-01,2.320550859464942661e-02,6.961652578394827984e-02,-1.411702576971651801e-01,-7.155373191321690030e-02
8.820743843539542439e-01,9.048164807961377454e-01,2.274209644218350146e-02,6.822628932655050438e-02,-1.390236457397775460e-01,-7.079735641322704165e-02
8.825307167707787670e-01,9.048164807961377454e-01,2.228576402535897838e-02,6.685729207607693514e-02,-1.368997250473569238e-01,-7.004243297127998868e-02
8.829800449443061527e-01,9.048164807961377454e-01,2.183643585183159264e-02,6.550930755549477791e-02,-1.347984520582157231e-01,-6.928914450272094516e-02
8.834224442033833391e-01,9.048164807961377454e-01,2.139403659275440628e-02,6.418210977826321884e-02,-1.327197777231559073e-01,-6.853766794489268843e-02
8.838579896956659798e-01,9.048164807961377454e-01,2.095849110047176556e-02,6.287547330141529667e-02,-1.306636476847922168e-01,-6.778817438337692014e-02
8.842867563705103517e-01,9.048164807961377454e-01,2.052972442562739364e-02,6.158917327688218091e-02,-1.286300024533115760e-01,-6.704082917642939510e-02
8.847088189624370269e-01,9.048164807961377454e-01,2.010766183370071847e-02,6.032298550110215540e-02,-1.266187775780025504e-01,-6.629579207690039500e-02
8.851242519751559845e-01,9.048164807961377454e-01,1.969222882098176086e-02,5.907668646294528259e-02,-1.246299038156872818e-01,-6.555321735274199924e-02
8.855331296661397289e-01,9.048164807961377454e-01,1.928335112999801648e-02,5.785005338999404945e-02,-1.226633072951233139e-01,-6.481325390512926443e-02
8.859355260317329783e-01,9.048164807961377454e-01,1.888095476440476705e-02,5.664286429321430116e-02,-1.207189096779748283e-01,-6.407604538476052713e-02
8.863315147927877113e-01,9.048164807961377454e-01,1.848496600335003404e-02,5.545489801005010211e-02,-1.187966283164199055e-01,-6.334173030636980339e-02
8.867211693808118023e-01,9.048164807961377454e-01,1.809531141532594312e-02,5.428593424597782935e-02,-1.168963764072272760e-01,-6.261044216124944661e-02
8.871045629246198105e-01,9.048164807961377454e-01,1.771191787151793484e-02,5.313575361455380452e-02,-1.150180631424024824e-01,-6.188230952784867789e-02
8.874817682374750438e-01,9.048164807961377454e-01,1.733471255866270155e-02,5.200413767598810466e-02,-1.131615938565699864e-01,-6.115745618058188171e-02
8.878528578047122366e-01,9.048164807961377454e-01,1.696362299142550878e-02,5.089086897427652634e-02,-1.113268701711578323e-01,-6.043600119688130601e-02
8.882179037718296311e-01,9.048164807961377454e-01,1.659857702430811432e-02,4.979573107292434297e-02,-1.095137901352183363e-01,-5.971805906229399330e-02
8.885769779330408014e-01,9.048164807961377454e-01,1.623950286309694402e-02,4.871850858929083206e-02,-1.077222483633510919e-01,-5.900373977406025983e-02
8.889301517202745639e-01,9.048164807961377454e-01,1.588632907586318144e-02,4.765898722758954431e-02,-1.059521361701287745e-01,-5.829314894253923018e-02
8.892774961926140920e-01,9.048164807961377454e-01,1.553898460352365340e-02,4.661695381057096021e-02,-1.042033417018584096e-01,-5.758638789128744939e-02
8.896190820261645760e-01,9.048164807961377454e-01,1.519739876997316941e-02,4.559219630991950822e-02,-1.024757500651451991e-01,-5.688355375522569091e-02
8.899549795043394385e-01,9.048164807961377454e-01,1.486150129179830692e-02,4.458450387539492077e-02,-1.007692434524587455e-01,-5.618473957706382471e-02
8.902852585085566650e-01,9.048164807961377454e-01,1.453122228758108037e-02,4.359366686274324110e-02,-9.908370126516796716e-02,-5.549003440242472607e-02
8.906099885093335944e-01,9.048164807961377454e-01,1.420649228680415099e-02,4.261947686041245298e-02,-9.741900023307881185e-02,-5.479952337266635887e-02
8.909292385577732842e-01,9.048164807961377454e-01,1.388724223836446114e-02,4.166172671509338343e-02,-9.577501453190695457e-02,-5.411328781681357114e-02
8.912430772774313503e-01,9.048164807961377454e-01,1.357340351870639505e-02,4.072021055611918516e-02,-9.415161589741982695e-02,-5.343140534130064179e-02
8.915515728565552855e-01,9.048164807961377454e-01,1.326490793958245984e-02,3.979472381874737952e-02,-9.254867373718056456e-02,-5.275394991843318504e-02
8.918547930406873769e-01,9.048164807961377454e-01,1.296168775545036844e-02,3.888506326635110533e-02,-9.096605523962741913e-02,-5.208099197327631380e-02
8.921528051256221170e-01,9.048164807961377454e-01,1.266367567051562837e-02,3.799102701154688511e-02,-8.940362548042202206e-02,-5.141259846887513696e-02
8.924456759507098935e-01,9.048164807961377454e-01,1.237080484542785186e-02,3.711241453628355558e-02,-8.786124752633295287e-02,-5.074883299004939730e-02
8.927334718924987422e-01,9.048164807961377454e-01,1.208300890363900315e-02,3.624902671091700945e-02,-8.633878253665461244e-02,-5.008975582573760299e-02
8.930162588587049477e-01,9.048164807961377454e-01,1.180022193743279768e-02,3.540066581229839304e-02,-8.483608986186164103e-02,-4.943542404956324798e-02
8.932941022825062749e-01,9.048164807961377454e-01,1.152237851363147048e-02,3.456713554089441143e-02,-8.335302714039816152e-02,-4.878589159950375009e-02
8.935670671171476176e-01,9.048164807961377454e-01,1.124941367899012779e-02,3.374824103697038336e-02,-8.188945039240280721e-02,-4.814120935543242386e-02
8.938352178308534013e-01,9.048164807961377454e-01,1.098126296528434409e-02,3.294378889585303227e-02,-8.044521411173510828e-02,-4.750142521588207600e-02
8.940986184020376371e-01,9.048164807961377454e-01,1.071786239410010833e-02,3.215358718230032498e-02,-7.902017135527072966e-02,-4.686658417297040469e-02
8.943573323148045207e-01,9.048164807961377454e-01,1.045914848133322472e-02,3.137744544399967417e-02,-7.761417383006508075e-02,-4.623672838606540658e-02
8.946114225547328047e-01,9.048164807961377454e-01,1.020505824140494067e-02,3.061517472421482200e-02,-7.622707197848521687e-02,-4.561189725427039487e-02
8.948609516049357282e-01,9.048164807961377454e-01,9.955529191202017181e-03,2.986658757360605154e-02,-7.485871506087704574e-02,-4.499212748727099420e-02
8.951059814423898420e-01,9.048164807961377454e-01,9.710499353747903406e-03,2.913149806124371022e-02,-7.350895123623413241e-02,-4.437745317499042219e-02
8.953465735345265131e-01,9.048164807961377454e-01,9.469907261611232308e-03,2.840972178483369692e-02,-7.217762764100132955e-02,-4.376790585616763263e-02
8.955827888360775590e-01,9.048164807961377454e-01,9.233691960060186332e-03,2.770107588018055900e-02,-7.086459046531379258e-02,-4.316351458513323358e-02
8.958146877861701274e-01,9.048164807961377454e-01,9.001793009967617998e-03,2.700537902990285399e-02,-6.956968502777050034e-02,-4.256430599786764635e-02
8.960423303056628264e-01,9.048164807961377454e-01,8.774150490474919017e-03,2.632245147142475705e-02,-6.829275584780969410e-02,-4.197030437638493705e-02
8.962657757947178894e-01,9.048164807961377454e-01,8.550705001419856011e-03,2.565211500425956803e-02,-6.703364671651890205e-02,-4.138153171225933402e-02
8.964850831306017120e-01,9.048164807961377454e-01,8.331397665536033337e-03,2.499419299660810001e-02,-6.579220076514680215e-02,-4.079800776853870214e-02
8.967003106657087663e-01,9.048164807961377454e-01,8.116170130428979057e-03,2.434851039128693717e-02,-6.456826053211628391e-02,-4.021975014082934674e-02
8.969115162258016749e-01,9.048164807961377454e-01,7.904964570336070473e-03,2.371489371100821142e-02,-6.336166802787257524e-02,-3.964677431686436382e-02
8.971187571084628942e-01,9.048164807961377454e-01,7.697723687674851156e-03,2.309317106302455347e-02,-6.217226479836579500e-02,-3.907909373534124153e-02
8.973220900817505674e-01,9.048164807961377454e-01,7.494390714387177965e-03,2.248317214316153390e-02,-6.099989198630195730e-02,-3.851671984314042341e-02
8.975215713830539954e-01,9.048164807961377454e-01,7.294909413083749961e-03,2.188472823925124988e-02,-5.984439039102840141e-02,-3.795966215177715153e-02
8.977172567181421758e-01,9.048164807961377454e-01,7.099224077995569537e-03,2.129767223398670861e-02,-5.870560052645412696e-02,-3.740792829246741835e-02
8.979092012604011908e-01,9.048164807961377454e-01,6.907279535736554621e-03,2.072183860720966386e-02,-5.758336267770447492e-02,-3.686152407049481106e-02
8.980974596502531160e-01,9.048164807961377454e-01,6.719021145884629398e-03,2.015706343765388819e-02,-5.647751695557756690e-02,-3.632045351792367871e-02
8.982820859947532321e-01,9.048164807961377454e-01,6.534394801384513229e-03,1.960318440415353969e-02,-5.538790335003485055e-02,-3.578471894588131086e-02
8.984631338673587653e-01,9.048164807961377454e-01,6.353346928778980107e-03,1.906004078633694032e-02,-5.431436178165993667e-02,-3.525432099532299635e-02
8.986406563078648269e-01,9.048164807961377454e-01,6.175824488272918522e-03,1.852747346481875557e-02,-5.325673215181847553e-02,-3.472925868699971996e-02
8.988147058225021135e-01,9.048164807961377454e-01,6.001774973635631838e-03,1.800532492090689551e-02,-5.221485439118600524e-02,-3.420952947027910973e-02
8.989853343841923694e-01,9.048164807961377454e-01,5.831146411945375974e-03,1.749343923583612792e-02,-5.118856850707675932e-02,-3.369512927124063140e-02
8.991525934329555048e-01,9.048164807961377454e-01,5.663887363182240620e-03,1.699166208954672186e-02,-5.017771462894060619e-02,-3.318605253939388433e-02
8.993165338764647077e-01,9.048164807961377454e-01,5.499946919673037726e-03,1.649984075901911318e-02,-4.918213305276086800e-02,-3.268229229374175482e-02
8.994772060907445521e-01,9.048164807961377454e-01,5.339274705393193265e-03,1.601782411617957980e-02,-4.820166428395333824e-02,-3.218384016777375844e-02
8.996346599210076622e-01,9.048164807961377454e-01,5.181820875130083159e-03,1.554546262539024948e-02,-4.723614907893303183e-02,-3.169068645354278235e-02
8.997889446826253801e-01,9.048164807961377454e-01,5.027536113512365290e-03,1.508260834053709587e-02,-4.628542848531536080e-02,-3.120282014477826493e-02
8.999401091622286630e-01,9.048164807961377454e-01,4.876371633909082348e-03,1.462911490172724704e-02,-4.534934388098488256e-02,-3.072022897925763552e-02
9.000882016189339918e-01,9.048164807961377454e-01,4.728279177203753569e-03,1.418483753161126071e-02,-4.442773701159863364e-02,-3.024289947998737293e-02
9.002332697856912924e-01,9.048164807961377454e-01,4.583211010446452960e-03,1.374963303133935888e-02,-4.352045002719018285e-02,-2.977081699585082397e-02
9.003753608707489864e-01,9.048164807961377454e-01,4.441119925388758993e-03,1.332335977616627698e-02,-4.262732551730818997e-02,-2.930396574114191299e-02
9.005145215592326169e-01,9.048164807961377454e-01,4.301959236905128492e-03,1.290587771071538548e-02,-4.174820654508915041e-02,-2.884232883437376493e-02
9.006507980148328318e-01,9.048164807961377454e-01,4.165682781304913540e-03,1.249704834391474062e-02,-4.088293668006448556e-02,-2.838588833614974494e-02
9.007842358815993933e-01,9.048164807961377454e-01,4.032244914538352099e-03,1.209673474361505630e-02,-4.003136002996843246e-02,-2.793462528635337616e-02
9.009148802858373273e-01,9.048164807961377454e-01,3.901600510300418101e-03,1.170480153090125430e-02,-3.919332127138019928e-02,-2.748851974047894497e-02
9.010427758381012175e-01,9.048164807961377454e-01,3.773704958036527835e-03,1.132111487410958350e-02,-3.836866567916707993e-02,-2.704755080505749643e-02
9.011679666352845341e-01,9.048164807961377454e-01,3.648514160853211230e-03,1.094554248255963369e-02,-3.755723915499498133e-02,-2.661169667243534764e-02
9.012904962628006666e-01,9.048164807961377454e-01,3.525984533337078730e-03,1.057795360001123619e-02,-3.675888825483974998e-02,-2.618093465482851379e-02
9.014104077968513318e-01,9.048164807961377454e-01,3.406072999286413605e-03,1.021821899785924082e-02,-3.597346021519953752e-02,-2.575524121734029670e-02
9.015277438067802462e-01,9.048164807961377454e-01,3.288736989357499141e-03,9.866210968072497423e-03,-3.520080297867433927e-02,-2.533459201060184185e-02
9.016425463575080679e-01,9.048164807961377454e-01,3.173934438629677501e-03,9.521803315889032504e-03,-3.444076521834649185e-02,-2.491896190245745935e-02
9.017548570120457185e-01,9.048164807961377454e-01,3.061623784092026845e-03,9.184871352276080536e-03,-3.369319636129519679e-02,-2.450832500901911626e-02
9.018647168340824249e-01,9.048164807961377454e-01,2.951763962055320434e-03,8.855291886165961301e-03,-3.295794661101192347e-02,-2.410265472484596216e-02
9.019721663906465903e-01,9.048164807961377454e-01,2.844314405491155107e-03,8.532943216473465320e-03,-3.223486696924959816e-02,-2.370192375277613284e-02
9.020772457548354994e-01,9.048164807961377454e-01,2.739235041302245932e-03,8.217705123906737796e-03,-3.152380925667275235e-02,-2.330610413276601456e-02
9.021799945086111938e-01,9.048164807961377454e-01,2.636486287526551564e-03,7.909458862579654692e-03,-3.082462613270831042e-02,-2.291516727012865573e-02
9.022804517456598505e-01,9.048164807961377454e-01,2.536029050477894842e-03,7.608087151433684525e-03,-3.013717111459701670e-02,-2.252908396316333217e-02
9.023786560743122243e-01,9.048164807961377454e-01,2.437824721825521124e-03,7.313474165476563371e-03,-2.946129859571211540e-02,-2.214782443023555203e-02
9.024746456205214873e-01,9.048164807961377454e-01,2.341835175616258091e-03,7.025505526848774274e-03,-2.879686386277890975e-02,-2.177135833593013547e-02
9.025684580308972471e-01,9.048164807961377454e-01,2.248022765240498266e-03,6.744068295721494799e-03,-2.814372311272794747e-02,-2.139965481700645267e-02
9.026601304757913002e-01,9.048164807961377454e-01,2.156350320346445137e-03,6.469050961039335412e-03,-2.750173346821593867e-02,-2.103268250717660326e-02
9.027496996524345674e-01,9.048164807961377454e-01,2.066781143703178003e-03,6.200343431109534009e-03,-2.687075299298014031e-02,-2.067040956187060630e-02
9.028372017881216571e-01,9.048164807961377454e-01,1.979279008016088248e-03,5.937837024048264745e-03,-2.625064070612692646e-02,-2.031280368207866172e-02
9.029226726434406158e-01,9.048164807961377454e-01,1.893808152697129543e-03,5.681424458091388630e-03,-2.564125659568761151e-02,-1.995983213759622288e-02
9.030061475155457540e-01,9.048164807961377454e-01,1.810333280591991389e-03,5.430999841775974168e-03,-2.504246163154144611e-02,-1.961146178976547194e-02
9.030876612414718840e-01,9.048164807961377454e-01,1.728819554665861347e-03,5.186458663997584040e-03,-2.445411777783901286e-02,-1.926765911384142882e-02
9.031672482014866388e-01,9.048164807961377454e-01,1.649232594651106609e-03,4.947697783953319828e-03,-2.387608800442642121e-02,-1.892839022047310138e-02
9.032449423224794272e-01,9.048164807961377454e-01,1.571538473658318225e-03,4.714615420974954674e-03,-2.330823629783651540e-02,-1.859362087686156073e-02
9.033207770813844739e-01,9.048164807961377454e-01,1.495703714753271463e-03,4.487111144259814388e-03,-2.275042767151402856e-02,-1.826331652725421417e-02
9.033947855086368328e-01,9.048164807961377454e-01,1.421695287500912563e-03,4.265085862502737690e-03,-2.220252817570766979e-02,-1.793744231320493210e-02
9.034670001916578208e-01,9.048164807961377454e-01,1.349480604479924573e-03,4.048441813439773718e-03,-2.166440490629639726e-02,-1.761596309285662354e-02
9.035374532783695400e-01,9.048164807961377454e-01,1.279027517768205335e-03,3.837082553304616006e-03,-2.113592601351577116e-02,-1.729884346021115515e-02
9.036061764807352681e-01,9.048164807961377454e-01,1.210304315402477293e-03,3.630912946207431879e-03,-2.061696070971841266e-02,-1.698604776351098078e-02
9.036732010783246061e-01,9.048164807961377454e-01,1.143279717813139307e-03,3.429839153439417920e-03,-2.010737927680139592e-02,-1.667754012336197800e-02
9.037385579219016085e-01,9.048164807961377454e-01,1.077922874236136863e-03,3.233768622708410589e-03,-1.960705307310073309e-02,-1.637328445039232250e-02
9.038022774370335632e-01,9.048164807961377454e-01,1.014203359104182134e-03,3.042610077312546402e-03,-1.911585453958641878e-02,-1.607324446227387238e-02
9.038643896277193113e-01,9.048164807961377454e-01,9.520911684184341084e-04,2.856273505255302325e-03,-1.863365720572440765e-02,-1.577738370046910532e-02
9.039249240800349972e-01,9.048164807961377454e-01,8.915567161027482257e-04,2.674670148308244677e-03,-1.816033569470576481e-02,-1.548566554639752013e-02
9.039839099657960286e-01,9.048164807961377454e-01,8.325708303417167500e-04,2.497712491025150250e-03,-1.769576572830944272e-02,-1.519805323728429247e-02
9.040413760462333581e-01,9.048164807961377454e-01,7.751047499043872691e-04,2.325314249713161807e-03,-1.723982413119884427e-02,-1.491450988148568246e-02
9.040973506756825318e-01,9.048164807961377454e-01,7.191301204552136284e-04,2.157390361365640885e-03,-1.679238883475209221e-02,-1.463499847338645132e-02
9.041518618052843959e-01,9.048164807961377454e-01,6.646189908533495228e-04,1.993856972560048568e-03,-1.635333888055923168e-02,-1.435948190799918311e-02
9.042049369866954622e-01,9.048164807961377454e-01,6.115438094422831483e-04,1.834631428326849445e-03,-1.592255442331991233e-02,-1.408792299499306289e-02
9.042566033758070443e-01,9.048164807961377454e-01,5.598774203307010922e-04,1.679632260992103276e-03,-1.549991673347461685e-02,-1.382028447248251357e-02
9.043068877364713876e-01,9.048164807961377454e-01,5.095930596663578172e-04,1.528779178999073451e-03,-1.508530819930298250e-02,-1.355652902030390905e-02
9.043558164442336844e-01,9.048164807961377454e-01,4.606643519040609647e-04,1.381993055712182894e-03,-1.467861232868905574e-02,-1.329661927297687285e-02
9.044034154900686406e-01,9.048164807961377454e-01,4.130653060691047429e-04,1.239195918207314229e-03,-1.427971375048686653e-02,-1.304051783227955230e-02
9.044497104841203727e-01,9.048164807961377454e-01,3.667703120173726461e-04,1.100310936052117938e-03,-1.388849821551962904e-02,-1.278818727946751110e-02
9.044947266594441926e-01,9.048164807961377454e-01,3.217541366935527947e-04,9.652624100806583840e-04,-1.350485259714595543e-02,-1.253959018706529704e-02
9.045384888757492803e-01,9.048164807961377454e-01,2.779919203884650969e-04,8.339757611653952907e-04,-1.312866489152630933e-02,-1.229468913036091404e-02
9.045810216231413570e-01,9.048164807961377454e-01,2.354591729963884106e-04,7.063775189891652317e-04,-1.275982421762300589e-02,-1.205344669863384066e-02
9.046223490258635813e-01,9.048164807961377454e-01,1.941317702741640616e-04,5.823953108224921849e-04,-1.239822081666730469e-02,-1.181582550584481250e-02
9.046624948460352256e-01,9.048164807961377454e-01,1.539859501025198085e-04,4.619578503075594256e-04,-1.204374605149327593e-02,-1.158178820118571650e-02
9.047014824873866878e-01,9.048164807961377454e-01,1.149983087510575430e-04,3.449949262531726291e-04,-1.169629240543867965e-02,-1.135129747918550702e-02
9.047393349989902855e-01,9.048164807961377454e-01,7.714579714745983807e-05,2.314373914423795142e-04,-1.135575348107931148e-02,-1.112431608963693197e-02
9.047760750789848316e-01,9.048164807961377454e-01,4.040571715291374488e-05,1.212171514587412346e-04,-1.102202399836382796e-02,-1.090080684690508672e-02
9.048117250782947707e-01,9.048164807961377454e-01,4.755717842974682696e-06,1.426715352892404809e-05,-1.069499979298171866e-02,-1.068073263945279461e-02
9.048463070043407663e-01,9.048164807961377454e-01,-2.982620820302095410e-05,-8.947862460906286231e-05,-1.037457781379869104e-02,-1.046405643840775390e-02
9.048798425247428501e-01,9.048164807961377454e-01,-6.336172860510469462e-05,-1.900851858153140839e-04,-1.006065612062512216e-02,-1.025074130644043624e-02
9.049123529710143554e-01,9.048164807961377454e-01,-9.587217487661003901e-05,-2.876165246298301170e-04,-9.753133881451603315e-03,-1.004075040608143343e-02
9.049438593422451937e-01,9.048164807961377454e-01,-1.273785461074483649e-04,-3.821356383223450948e-04,-9.451911369251497774e-03,-9.834047007573842869e-03
9.049743823087753603e-01,9.048164807961377454e-01,-1.579015126376148714e-04,-4.737045379128446143e-04,-9.156889959049951955e-03,-9.630594496962796569e-03
9.050039422158557834e-01,9.048164807961377454e-01,-1.874614197180379804e-04,-5.623842591541139413e-04,-8.867972124126932698e-03,-9.430356383281046639e-03
9.050325590872978498e-01,9.048164807961377454e-01,-2.160782911601044631e-04,-6.482348734803133894e-04,-8.585061432619944810e-03,-9.233296306100258199e-03
9.050602526291092742e-01,9.048164807961377454e-01,-2.437718329715288235e-04,-7.313154989145864704e-04,-8.308062543427308100e-03,-9.039378042341894570e-03
9.050870422331165344e-01,9.048164807961377454e-01,-2.705614369787889828e-04,-8.116843109363669484e-04,-8.036881202178047801e-03,-8.848565513114414749e-03
9.051129469805724304e-01,9.048164807961377454e-01,-2.964661844346849762e-04,-8.893985533040549285e-04,-7.771424236768798011e-03,-8.660822790072852939e-03
9.051379856457493212e-01,9.048164807961377454e-01,-3.215048496115757715e-04,-9.645145488347273144e-04,-7.511599553067238588e-03,-8.476114101901965903e-03
9.051621766995160412e-01,9.048164807961377454e-01,-3.456959033782958102e-04,-1.037087710134887431e-03,-7.257316130016011613e-03,-8.294403840150899043e-03
9.051855383128987187e-01,9.048164807961377454e-01,-3.690575167609733143e-04,-1.107172550282919943e-03,-7.008484014803251227e-03,-8.115656565086171170e-03
9.052080883606249406e-01,9.048164807961377454e-01,-3.916075644871952477e-04,-1.174822693461585743e-03,-6.765014317866580029e-03,-7.939837011328165772e-03
9.052298444246500431e-01,9.048164807961377454e-01,-4.133636285122976872e-04,-1.240090885536893062e-03,-6.526819207530731859e-03,-7.766910093067624921e-03
9.052508237976658600e-01,9.048164807961377454e-01,-4.343430015281146694e-04,-1.303029004584344008e-03,-6.293811904745094665e-03,-7.596840909329438674e-03
9.052710434865907096e-01,9.048164807961377454e-01,-4.545626904529642687e-04,-1.363688071358892806e-03,-6.065906677454879770e-03,-7.429594748813772576e-03
9.052905202160406173e-01,9.048164807961377454e-01,-4.740394199028719058e-04,-1.422118259708615717e-03,-5.843018834972291131e-03,-7.265137094680906849e-03
9.053092704317811101e-01,9.048164807961377454e-01,-4.927896356433647540e-04,-1.478368906930094262e-03,-5.625064722147854468e-03,-7.103433629077948730e-03
9.053273103041586944e-01,9.048164807961377454e-01,-5.108295080209490635e-04,-1.532488524062847191e-03,-5.411961713275292851e-03,-6.944450237338140042e-03
9.053446557315125709e-01,9.048164807961377454e-01,-5.281749353748255160e-04,-1.584524806124476548e-03,-5.203628206162935754e-03,-6.788153012287412302e-03
9.053613223435651447e-01,9.048164807961377454e-01,-5.448415474273993198e-04,-1.634524642282197959e-03,-4.999983615772141121e-03,-6.634508258054339080e-03
9.053773255047919966e-01,9.048164807961377454e-01,-5.608447086542511784e-04,-1.682534125962753535e-03,-4.800948368055557580e-03,-6.483482494018311115e-03
9.053926803177694271e-01,9.048164807961377454e-01,-5.761995216316817547e-04,-1.728598564895045264e-03,-4.606443893229172915e-03,-6.335042458124218179e-03
9.054074016265010183e-01,9.048164807961377454e-01,-5.909208303632729198e-04,-1.772762491089818759e-03,-4.416392619477349513e-03,-6.189155110567168272e-03
9.054215040197215458e-01,9.048164807961377454e-01,-6.050232235838004513e-04,-1.815069670751401354e-03,-4.230717966158259458e-03,-6.045787636909660812e-03
9.054350018341783546e-01,9.048164807961377454e-01,-6.185210380406092057e-04,-1.855563114121827617e-03,-4.049344337042626307e-03,-5.904907451164453924e-03
9.054479091578900851e-01,9.048164807961377454e-01,-6.314283617523397396e-04,-1.894285085257019219e-03,-3.872197113519160183e-03,-5.766482198776179402e-03
9.054602398333819746e-01,9.048164807961377454e-01,-6.437590372442292264e-04,-1.931277111732687679e-03,-3.699202647566846025e-03,-5.630479759299533704e-03
9.054720074608979541e-01,9.048164807961377454e-01,-6.555266647602087104e-04,-1.966579994280626131e-03,-3.530288254793845226e-03,-5.496868249074471358e-03
9.054832254015889870e-01,9.048164807961377454e-01,-6.667446054512415898e-04,-2.000233816353724769e-03,-3.365382207309863816e-03,-5.365616023663588585e-03
9.054939067806776487e-01,9.048164807961377454e-01,-6.774259845399033253e-04,-2.032277953619709976e-03,-3.204413726598520640e-03,-5.236691680218230616e-03
9.055040644905982816e-01,9.048164807961377454e-01,-6.875836944605362433e-04,-2.062751083381608730e-03,-3.047312976189875400e-03,-5.110064059571484130e-03
9.055137111941129469e-01,9.048164807961377454e-01,-6.972303979752014769e-04,-2.091691193925604431e-03,-2.894011054399570071e-03,-4.985702248325174502e-03
9.055228593274028404e-01,9.048164807961377454e-01,-7.063785312650949777e-04,-2.119135593795284933e-03,-2.744439986968050249e-03,-4.863575580763335182e-03
9.055315211031346179e-01,9.048164807961377454e-01,-7.150403069968724878e-04,-2.145120920990617464e-03,-2.598532719533253044e-03,-4.743653640523870507e-03
9.055397085135022950e-01,9.048164807961377454e-01,-7.232277173645496049e-04,-2.169683152093648815e-03,-2.456223110303135115e-03,-4.625906262396783930e-03
9.055474333332437231e-01,9.048164807961377454e-01,-7.309525371059777399e-04,-2.192857611317933220e-03,-2.317445922428440497e-03,-4.510303533746373716e-03
9.055547071226318634e-01,9.048164807961377454e-01,-7.382263264941180125e-04,-2.214678979482354038e-03,-2.182136816442081795e-03,-4.396815795924435832e-03
9.055615412304404144e-01,9.048164807961377454e-01,-7.450604343026689946e-04,-2.235181302908006984e-03,-2.050232342565294630e-03,-4.285413645473301614e-03
9.055679467968843488e-01,9.048164807961377454e-01,-7.514660007466034131e-04,-2.254398002239810239e-03,-1.921669933180325529e-03,-4.176067935420135768e-03
9.055739347565348041e-01,9.048164807961377454e-01,-7.574539603970587009e-04,-2.272361881191176103e-03,-1.796387895136586366e-03,-4.068749776327762468e-03
9.055795158412075496e-01,9.048164807961377454e-01,-7.630350450698042408e-04,-2.289105135209412722e-03,-1.674325401823661963e-03,-3.963430537033074685e-03
9.055847005828265850e-01,9.048164807961377454e-01,-7.682197866888396121e-04,-2.304659360066518836e-03,-1.555422485710611369e-03,-3.860081845777130205e-03
9.055894993162610929e-01,9.048164807961377454e-01,-7.730185201233474857e-04,-2.319055560370042457e-03,-1.439620030352362079e-03,-3.758675590722404536e-03
9.055939221821365237e-01,9.048164807961377454e-01,-7.774413859987783226e-04,-2.332324157996334968e-03,-1.326859762629251094e-03,-3.659183920625586062e-03
9.055979791296199233e-01,9.048164807961377454e-01,-7.814983334821778982e-04,-2.344495000446533695e-03,-1.217084245019872668e-03,-3.561579245466406363e-03
9.056016799191787259e-01,9.048164807961377454e-01,-7.851991230409804956e-04,-2.355597369122941487e-03,-1.110236867640779224e-03,-3.465834236763720710e-03
9.056050341253139013e-01,9.048164807961377454e-01,-7.885533291761559482e-04,-2.365659987528467845e-03,-1.006261840552635789e-03,-3.371921828081103634e-03
9.056080511392662347e-01,9.048164807961377454e-01,-7.915703431284892844e-04,-2.374711029385467853e-03,-9.051041857000008406e-04,-3.279815215085468694e-03
9.056107401716970706e-01,9.048164807961377454e-01,-7.942593755593252425e-04,-2.382778126677975727e-03,-8.067097292507874329e-04,-3.189487855928763160e-03
9.056131102553423018e-01,9.048164807961377454e-01,-7.966294592045564116e-04,-2.389888377613669235e-03,-7.110250935693507301e-04,-3.100913471183019965e-03
9.056151702476403775e-01,9.048164807961377454e-01,-7.986894515026321528e-04,-2.396068354507896458e-03,-6.179976894227223738e-04,-3.014066043930618832e-03
9.056169288333341116e-01,9.048164807961377454e-01,-8.004480371963662577e-04,-2.401344111589098773e-03,-5.275757081202314680e-04,-2.928919819709330241e-03
9.056183945270458446e-01,9.048164807961377454e-01,-8.019137309080992537e-04,-2.405741192724297761e-03,-4.397081135198988022e-04,-2.845449306244196563e-03
9.056195756758269599e-01,9.048164807961377454e-01,-8.030948796892145580e-04,-2.409284639067643674e-03,-3.543446343345912908e-04,-2.763629273402234965e-03
9.056204804616807547e-01,9.048164807961377454e-01,-8.039996655430092787e-04,-2.411998996629027836e-03,-2.714357561384161954e-04,-2.683434752767444031e-03
9.056211169040592202e-01,9.048164807961377454e-01,-8.046361079214747747e-04,-2.413908323764424324e-03,-1.909327135396488018e-04,-2.604841037304073126e-03
9.056214928623339544e-01,9.048164807961377454e-01,-8.050120661962090196e-04,-2.415036198588627059e-03,-1.127874824202734771e-04,-2.527823681008900536e-03
9.056216160382406510e-01,9.048164807961377454e-01,-8.051352421029056572e-04,-2.415405726308716972e-03,-3.695277200899127479e-05,-2.452358498317708246e-03
9.056214939782974982e-01,9.048164807961377454e-01,-8.050131821597528159e-04,-2.415039546479258448e-03,3.661798294585238978e-05,-2.378421563533406058e-03
9.056211340761980422e-01,9.048164807961377454e-01,-8.046532800602967939e-04,-2.413959840180890382e-03,1.079706298368066086e-04,-2.305989210344083773e-03
9.056205435751775168e-01,9.048164807961377454e-01,-8.040627790397714136e-04,-2.412188337119314241e-03,1.771503061576140681e-04,-2.235038030961700173e-03
9.056197295703538597e-01,9.048164807961377454e-01,-8.032487742161142918e-04,-2.409746322648342876e-03,2.442014470971365370e-04,-2.165544875551206339e-03
9.056186990110426382e-01,9.048164807961377454e-01,-8.022182149048928679e-04,-2.406654644714678604e-03,3.091677933664271904e-04,-2.097486851348251413e-03
9.056174587030463297e-01,9.048164807961377454e-01,-8.009779069085842806e-04,-2.402933720725752842e-03,3.720923988925761705e-04,-2.030841321833176671e-03
9.056160153109178435e-01,9.048164807961377454e-01,-7.995345147800980712e-04,-2.398603544340294214e-03,4.330176385458628374e-04,-1.965585905794431376e-03
9.056143753601987312e-01,9.048164807961377454e-01,-7.978945640609858003e-04,-2.393683692182957401e-03,4.919852157336812581e-04,-1.901698476449276143e-03
9.056125452396319719e-01,9.048164807961377454e-01,-7.960644434942265590e-04,-2.388193330482679677e-03,5.490361700277723855e-04,-1.839157160454907292e-03
9.056105312033492227e-01,9.048164807961377454e-01,-7.940504072114773493e-04,-2.382151221634432048e-03,6.042108848247629282e-04,-1.777940336809669120e-03
9.056083393730327558e-01,9.048164807961377454e-01,-7.918585768950103798e-04,-2.375575730685031139e-03,6.575490949400908391e-04,-1.718026635744940300e-03
9.056059757400527488e-01,9.048164807961377454e-01,-7.894949439150034110e-04,-2.368484831745010233e-03,7.090898940020906593e-04,-1.659394937742919574e-03
9.056034461675789293e-01,9.048164807961377454e-01,-7.869653714411839474e-04,-2.360896114323551842e-03,7.588717421458390788e-04,-1.602024372177712763e-03
9.056007563926679049e-01,9.048164807961377454e-01,-7.842755965301595467e-04,-2.352826789590478640e-03,8.069324733073202083e-04,-1.545894316283158432e-03
9.055979120283252914e-01,9.048164807961377454e-01,-7.814312321875460654e-04,-2.344293696562638196e-03,8.533093027840443767e-04,-1.490984393778593819e-03
9.055949185655433054e-01,9.048164807961377454e-01,-7.784377694055599761e-04,-2.335313308216679928e-03,8.980388345958267848e-04,-1.437274473620853144e-03
9.055917813753139312e-01,9.048164807961377454e-01,-7.753005791761857779e-04,-2.325901737528557334e-03,9.411570688122594674e-04,-1.384744668716297866e-03
9.055885057106176639e-01,9.048164807961377454e-01,-7.720249144799185004e-04,-2.316074743439755501e-03,9.826994088801832561e-04,-1.333375334559572245e-03
9.055850967083879377e-01,9.048164807961377454e-01,-7.686159122501923235e-04,-2.305847736750576971e-03,1.022700668917853051e-03,-1.283147067832723920e-03
9.055815593914514627e-01,9.048164807961377454e-01,-7.650785953137173578e-04,-2.295235785941152074e-03,1.061195080942489710e-03,-1.234040704998662363e-03
9.055778986704444700e-01,9.048164807961377454e-01,-7.614178743067245847e-04,-2.284253622920173754e-03,1.098216302097831942e-03,-1.186037320822341812e-03
9.055741193457054194e-01,9.048164807961377454e-01,-7.576385495676740689e-04,-2.272915648703022207e-03,1.133797421715154741e-03,-1.139118226987867466e-03
9.055702261091436167e-01,9.048164807961377454e-01,-7.537453130058713313e-04,-2.261235939017613994e-03,1.167970968540821275e-03,-1.093264970476792719e-03
9.055662235460847365e-01,9.048164807961377454e-01,-7.497427499469910828e-04,-2.249228249840973248e-03,1.200768917664074564e-03,-1.048459332176898684e-03
9.055621161370926986e-01,9.048164807961377454e-01,-7.456353409549532074e-04,-2.236906022864859622e-03,1.232222697611362605e-03,-1.004683325253497017e-03
9.055579082597681184e-01,9.048164807961377454e-01,-7.414274636303730404e-04,-2.224282390891119121e-03,1.262363197374050117e-03,-9.619191935170690044e-04
9.055536041905242195e-01,9.048164807961377454e-01,-7.371233943864741178e-04,-2.211370183159422353e-03,1.291220773169676761e-03,-9.201494099897455925e-04
9.055492081063393206e-01,9.048164807961377454e-01,-7.327273102015752215e-04,-2.198181930604725665e-03,1.318825255469668889e-03,-8.793566751350567756e-04
9.055447240864868963e-01,9.048164807961377454e-01,-7.282432903491509180e-04,-2.184729871047452754e-03,1.345205955727291069e-03,-8.395239153201616844e-04
9.055401561142428779e-01,9.048164807961377454e-01,-7.236753181051325257e-04,-2.171025954315397577e-03,1.370391673205517691e-03,-8.006342811098798862e-04
9.055355080785707500e-01,9.048164807961377454e-01,-7.190272824330046220e-04,-2.157081847299013866e-03,1.394410701638371108e-03,-7.626711456606427575e-04
9.055307837757841094e-01,9.048164807961377454e-01,-7.143029796463640224e-04,-2.142908938939092067e-03,1.417290835992179865e-03,-7.256181029469122024e-04
9.055259869111871307e-01,9.048164807961377454e-01,-7.095061150493853219e-04,-2.128518345148155966e-03,1.439059379093610147e-03,-6.894589660545458187e-04
9.055211211006936045e-01,9.048164807961377454e-01,-7.046403045558591316e-04,-2.113920913667577395e-03,1.459743148057857098e-03,-6.541777656097202964e-04
9.055161898724235492e-01,9.048164807961377454e-01,-6.997090762858038104e-04,-2.099127228857411431e-03,1.479368481016596348e-03,-6.197587478408150830e-04
9.055111966682786173e-01,9.048164807961377454e-01,-6.947158721408719373e-04,-2.084147616422615812e-03,1.497961243479561944e-03,-5.861863729430538683e-04
9.055061448454964079e-01,9.048164807961377454e-01,-6.896640493586625453e-04,-2.068992148075987636e-03,1.515546834662817588e-03,-5.534453134131700480e-04
9.055010376781829073e-01,9.048164807961377454e-01,-6.845568820451619629e-04,-2.053670646135485889e-03,1.532150194050174719e-03,-5.215204520853111703e-04
9.054958783588241689e-01,9.048164807961377454e-01,-6.793975626864234840e-04,-2.038192688059270452e-03,1.547795807621543673e-03,-4.903968804377267787e-04
9.054906699997773423e-01,9.048164807961377454e-01,-6.741892036395968901e-04,-2.022567610918790670e-03,1.562507714047978169e-03,-4.600598968708125014e-04
9.054854156347408312e-01,9.048164807961377454e-01,-6.689348386030857796e-04,-2.006804515809257339e-03,1.576309510953333159e-03,-4.304950048559241793e-04
9.054801182202039112e-01,9.048164807961377454e-01,-6.636374240661657709e-04,-1.990912272198497313e-03,1.589224361076002623e-03,-4.016879111224946897e-04
9.054747806368758090e-01,9.048164807961377454e-01,-6.582998407380635797e-04,-1.974899522214190739e-03,1.601274998430657348e-03,-3.736245237835333910e-04
9.054694056910953526e-01,9.048164807961377454e-01,-6.529248949576071936e-04,-1.958774684872821581e-03,1.612483734136915814e-03,-3.462909507359057670e-04
9.054639961162198603e-01,9.048164807961377454e-01,-6.475153200821148758e-04,-1.942545960246344627e-03,1.622872462647695357e-03,-3.196734975986492699e-04
9.054585545739946006e-01,9.048164807961377454e-01,-6.420737778568552656e-04,-1.926221333570565797e-03,1.632462667577883053e-03,-2.937586659926827437e-04
9.054530836559027129e-01,9.048164807961377454e-01,-6.366028597649675547e-04,-1.909808579294902664e-03,1.641275427566313283e-03,-2.685331517285893810e-04
9.054475858844956981e-01,9.048164807961377454e-01,-6.311050883579527593e-04,-1.893315265073858278e-03,1.649331422104438616e-03,-2.439838429694196620e-04
9.054420637147043704e-01,9.048164807961377454e-01,-6.255829185666250680e-04,-1.876748755699875204e-03,1.656650937398307377e-03,-2.200978183015678269e-04
9.054365195351311568e-01,9.048164807961377454e-01,-6.200387389934114424e-04,-1.860116216980234327e-03,1.663253871964087693e-03,-1.968623450161466337e-04
9.054309556693235228e-01,9.048164807961377454e-01,-6.144748731857774260e-04,-1.843424619557332278e-03,1.669159742290204917e-03,-1.742648772671273605e-04
9.054253743770280805e-01,9.048164807961377454e-01,-6.088935808903350733e-04,-1.826680742671005220e-03,1.674387688632705817e-03,-1.522930540382994025e-04
9.054197778554272658e-01,9.048164807961377454e-01,-6.032970592895203765e-04,-1.809891177868561130e-03,1.678956480244409022e-03,-1.309346976241521077e-04
9.054141682403566982e-01,9.048164807961377454e-01,-5.976874442189528125e-04,-1.793062332656858437e-03,1.682884521170269210e-03,-1.101778114865892277e-04
9.054085476075049987e-01,9.048164807961377454e-01,-5.920668113672533650e-04,-1.776200434101760095e-03,1.686189855509834246e-03,-9.001057859192584942e-05
9.054029179735954003e-01,9.048164807961377454e-01,-5.864371774576548901e-04,-1.759311532372964670e-03,1.688890172879542462e-03,-7.042135949342220869e-05
9.053972812975498163e-01,9.048164807961377454e-01,-5.808005014120709575e-04,-1.742401504236212872e-03,1.691002813675179794e-03,-5.139869056103307798e-05
9.053916394816352575e-01,9.048164807961377454e-01,-5.751586854975121454e-04,-1.725476056492536436e-03,1.692544774367643612e-03,-3.293128212489282447e-05
9.053859943725924841e-01,9.048164807961377454e-01,-5.695135764547387680e-04,-1.708540729364216304e-03,1.693532712832013232e-03,-1.500801653220307230e-05
9.053803477627480056e-01,9.048164807961377454e-01,-5.638669666102602562e-04,-1.691600899830780769e-03,1.693982953343553532e-03,2.382053512772763781e-06
9.053747013911088715e-01,9.048164807961377454e-01,-5.582205949711260828e-04,-1.674661784913378249e-03,1.693911491740252018e-03,1.924970682687376922e-05
9.053690569444404757e-01,9.048164807961377454e-01,-5.525761483027302745e-04,-1.657728444908190824e-03,1.693334000518742499e-03,3.560555561055167573e-05
9.053634160583275969e-01,9.048164807961377454e-01,-5.469352621898515565e-04,-1.640805786569554670e-03,1.692265833863615399e-03,5.146004729406072897e-05
9.053577803182194517e-01,9.048164807961377454e-01,-5.412995220817062858e-04,-1.623898566245118857e-03,1.690722032443581213e-03,6.682346619846235569e-05
9.053521512604579824e-01,9.048164807961377454e-01,-5.356704643202370164e-04,-1.607011392960711049e-03,1.688717328440780818e-03,8.170593548006976903e-05
9.053465303732900482e-01,9.048164807961377454e-01,-5.300495771523028310e-04,-1.590148731456908493e-03,1.686266150380255624e-03,9.611741892334713100e-05
9.053409190978639609e-01,9.048164807961377454e-01,-5.244383017262155278e-04,-1.573314905178646583e-03,1.683382627826190969e-03,1.100677226475443859e-04
9.053353188292101450e-01,9.048164807961377454e-01,-5.188380330723996181e-04,-1.556514099217198854e-03,1.680080596144772898e-03,1.235664969275740432e-04
9.053297309172060325e-01,9.048164807961377454e-01,-5.132501210682871573e-04,-1.539750363204861472e-03,1.676373601233738242e-03,1.366232380288767700e-04
9.053241566675257479e-01,9.048164807961377454e-01,-5.076758713880025198e-04,-1.523027614164007559e-03,1.672274904085391256e-03,1.492472899213836968e-04
9.053185973425744715e-01,9.048164807961377454e-01,-5.021165464367260967e-04,-1.506349639310178290e-03,1.667797485382926936e-03,1.614478460727486464e-04
9.053130541624078154e-01,9.048164807961377454e-01,-4.965733662700699824e-04,-1.489720098810209947e-03,1.662954049996834271e-03,1.732339511866243242e-04
9.053075283056362110e-01,9.048164807961377454e-01,-4.910475094984656508e-04,-1.473142528495396952e-03,1.657757031481299492e-03,1.846145029859025399e-04
9.053020209103149751e-01,9.048164807961377454e-01,-4.855401141772297535e-04,-1.456620342531689261e-03,1.652218596370769177e-03,1.955982538390799164e-04
9.052965330748190542e-01,9.048164807961377454e-01,-4.800522786813088416e-04,-1.440156836043926525e-03,1.646350648776273573e-03,2.061938127323470482e-04
9.052910658587044468e-01,9.048164807961377454e-01,-4.745850625667014100e-04,-1.423755187700104230e-03,1.640164834382229486e-03,2.164096466821252562e-04
9.052856202835545263e-01,9.048164807961377454e-01,-4.691394874167809093e-04,-1.407418462250342728e-03,1.633672544976150220e-03,2.262540827258074927e-04
9.052801973338128194e-01,9.048164807961377454e-01,-4.637165376750740364e-04,-1.391149613025222109e-03,1.626884922512061848e-03,2.357353094868397392e-04
9.052747979576021287e-01,9.048164807961377454e-01,-4.583171614643832825e-04,-1.374951484393149848e-03,1.619812863207226172e-03,2.448613788140763248e-04
9.052694230675292220e-01,9.048164807961377454e-01,-4.529422713914765808e-04,-1.358826814174429742e-03,1.612467021872010520e-03,2.536402076975807773e-04
9.052640735414770878e-01,9.048164807961377454e-01,-4.475927453393424571e-04,-1.342778236018027371e-03,1.604857815640237106e-03,2.620795796222097351e-04
9.052587502233829797e-01,9.048164807961377454e-01,-4.422694272452343256e-04,-1.326808281735702977e-03,1.596995428232439451e-03,2.701871464967364744e-04
9.052534539240034706e-01,9.048164807961377454e-01,-4.369731278657251750e-04,-1.310919383597175525e-03,1.588889813852745192e-03,2.779704302555696671e-04
9.052481854216669621e-01,9.048164807961377454e-01,-4.317046255292167345e-04,-1.295113876587650203e-03,1.580550700952532139e-03,2.854368243648819359e-04
9.052429454630129824e-01,9.048164807961377454e-01,-4.264646668752369862e-04,-1.279394000625710959e-03,1.571987596193924475e-03,2.925935955682135159e-04
9.052377347637184934e-01,9.048164807961377454e-01,-4.212539675807480677e-04,-1.263761902742244203e-03,1.563209788346675566e-03,2.994478856044313630e-04
9.052325540092125422e-01,9.048164807961377454e-01,-4.160732130747968327e-04,-1.248219639224390498e-03,1.554226351785370497e-03,3.060067125609799987e-04
9.052274038553779212e-01,9.048164807961377454e-01,-4.109230592401758031e-04,-1.232769177720527409e-03,1.545046150386308881e-03,3.122769726657814715e-04
9.052222849292405060e-01,9.048164807961377454e-01,-4.058041331027606446e-04,-1.217412399308281934e-03,1.535677841224547535e-03,3.182654419162656012e-04
9.052171978296472687e-01,9.048164807961377454e-01,-4.007170335095233682e-04,-1.202151100528570105e-03,1.526129877971182935e-03,3.239787774426128308e-04
9.052121431279318564e-01,9.048164807961377454e-01,-3.956623317941110329e-04,-1.186986995382333099e-03,1.516410514623700578e-03,3.294235192413674795e-04
9.052071213685682904e-01,9.048164807961377454e-01,-3.906405724305450633e-04,-1.171921717291635190e-03,1.506527809069790891e-03,3.346060917781557009e-04
9.052021330698138968e-01,9.048164807961377454e-01,-3.856522736761514025e-04,-1.156956821028454208e-03,1.496489626318098232e-03,3.395328052896440241e-04
9.051971787243401346e-01,9.048164807961377454e-01,-3.806979282023892353e-04,-1.142093784607167706e-03,1.486303642128650182e-03,3.442098575214824763e-04
9.051922587998521008e-01,9.048164807961377454e-01,-3.757780037143554352e-04,-1.127334011143066306e-03,1.475977346410140001e-03,3.486433352670736951e-04
9.051873737396975983e-01,9.048164807961377454e-01,-3.708929435598529167e-04,-1.112678830679558750e-03,1.465518046350755554e-03,3.528392156711968042e-04
9.051825239634646580e-01,9.048164807961377454e-01,-3.660431673269126662e-04,-1.098129501980737999e-03,1.454932869882075153e-03,3.568033679013371540e-04
9.051777098675685140e-01,9.048164807961377454e-01,-3.612290714307686557e-04,-1.083687214292305967e-03,1.444228768843203170e-03,3.605415545508972031e-04
9.051729318258278090e-01,9.048164807961377454e-01,-3.564510296900635922e-04,-1.069353089070190777e-03,1.433412522211519047e-03,3.640594331413282703e-04
9.051681901900303640e-01,9.048164807961377454e-01,-3.517093938926185714e-04,-1.055128181677855714e-03,1.422490739233506218e-03,3.673625575556505041e-04
9.051634852904887341e-01,9.048164807961377454e-01,-3.470044943509886792e-04,-1.041013483052966038e-03,1.411469862488967664e-03,3.704563794360016260e-04
9.051588174365849948e-01,9.048164807961377454e-01,-3.423366404472494295e-04,-1.027009921341748289e-03,1.400356171121774906e-03,3.733462497800266178e-04
9.051541869173063137e-01,9.048164807961377454e-01,-3.377061211685683517e-04,-1.013118363505705055e-03,1.389155783604323346e-03,3.760374200986182913e-04
9.051495940017696418e-01,9.048164807961377454e-01,-3.331132056318963919e-04,-9.993396168956891756e-04,1.377874661001587953e-03,3.785350441058987769e-04
9.051450389397373009e-01,9.048164807961377454e-01,-3.285581435995554855e-04,-9.856744307986664566e-04,1.366518609702271903e-03,3.808441789036054459e-04
9.051405219621229126e-01,9.048164807961377454e-01,-3.240411659851671899e-04,-9.721234979555015698e-04,1.355093284316488678e-03,3.829697863609871078e-04
9.051360432814871126e-01,9.048164807961377454e-01,-3.195624853493672646e-04,-9.586874560481017937e-04,1.343604190739977611e-03,3.849167346918758170e-04
9.051316030925248279e-01,9.048164807961377454e-01,-3.151222963870825566e-04,-9.453668891612476699e-04,1.332056688685412382e-03,3.866897995241647124e-04
9.051272015725424502e-01,9.048164807961377454e-01,-3.107207764047048570e-04,-9.321623292141145711e-04,1.320455994713309877e-03,3.882936654991953063e-04
9.051228388819266835e-01,9.048164807961377454e-01,-3.063580857889380837e-04,-9.190742573668142512e-04,1.308807184730031992e-03,3.897329273632177404e-04
9.051185151646036209e-01,9.048164807961377454e-01,-3.020343684658755024e-04,-9.061031053976265071e-04,1.297115196918774416e-03,3.910120915211479087e-04
9.051142305484897177e-01,9.048164807961377454e-01,-2.977497523519723188e-04,-8.932492570559169565e-04,1.285384834170955060e-03,3.921355771150381031e-04
9.051099851459335488e-01,9.048164807961377454e-01,-2.935043497958034209e-04,-8.805130493874102626e-04,1.273620766850669384e-03,3.931077174632591209e-04
9.051057790541491288e-01,9.048164807961377454e-01,-2.892982580113834246e-04,-8.678947740341502737e-04,1.261827535325998895e-03,3.939327612918486210e-04
9.051016123556407944e-01,9.048164807961377454e-01,-2.851315595030490257e-04,-8.553946785091470772e-04,1.250009552500319643e-03,3.946148739911725656e-04
9.050974851186198711e-01,9.048164807961377454e-01,-2.810043224821257013e-04,-8.430129674463771039e-04,1.238171106276997335e-03,3.951581388306202314e-04
9.050933973974127911e-01,9.048164807961377454e-01,-2.769166012750456929e-04,-8.307498038251370787e-04,1.226316362124002524e-03,3.955665582988654450e-04
9.050893492328615508e-01,9.048164807961377454e-01,-2.728684367238054520e-04,-8.186053101714163560e-04,1.214449365372072265e-03,3.958440552006559088e-04
9.050853406527158418e-01,9.048164807961377454e-01,-2.688598565780964122e-04,-8.065795697342892367e-04,1.202574043712711926e-03,3.959944739784226897e-04
9.050813716720175206e-01,9.048164807961377454e-01,-2.648908758797752228e-04,-7.946726276393256683e-04,1.190694209496356848e-03,3.960215818570311797e-04
9.050774422934774188e-01,9.048164807961377454e-01,-2.609614973396734428e-04,-7.828844920190203283e-04,1.178813562030534001e-03,3.959290700115136730e-04
9.050735525078442700e-01,9.048164807961377454e-01,-2.570717117065246526e-04,-7.712151351195739579e-04,1.166935689944637033e-03,3.957205548250630756e-04
9.050697022942666425e-01,9.048164807961377454e-01,-2.532214981288971600e-04,-7.596644943866914801e-04,1.155064073288247783e-03,3.953995789015563034e-04
9.050658916206468785e-01,9.048164807961377454e-01,-2.494108245091331000e-04,-7.482324735273992999e-04,1.143202085929218015e-03,3.949696124018187149e-04
9.050621204439883716e-01,9.048164807961377454e-01,-2.456396478506261971e-04,-7.369189435518785913e-04,1.131352997552070860e-03,3.944340540001922690e-04
9.050583887107352954e-01,9.048164807961377454e-01,-2.419079145975500111e-04,-7.257237437926500334e-04,1.119519975922855792e-03,3.937962321302057589e-04
9.050546963571054482e-01,9.048164807961377454e-01,-2.382155609677027996e-04,-7.146466829031083989e-04,1.107706088954163448e-03,3.930594060510550491e-04
9.050510433094162144e-01,9.048164807961377454e-01,-2.345625132784689981e-04,-7.036875398354069944e-04,1.095914306770140456e-03,3.922267669347334618e-04
9.050474294844036427e-01,9.048164807961377454e-01,-2.309486882658973173e-04,-6.928460647976919518e-04,1.084147503771504262e-03,3.913014389738123100e-04
9.050438547895349739e-01,9.048164807961377454e-01,-2.273739933972285243e-04,-6.821219801916855729e-04,1.072408460600637881e-03,3.902864804089523076e-04
9.050403191233142852e-01,9.048164807961377454e-01,-2.238383271765398419e-04,-6.715149815296195257e-04,1.060699866206604725e-03,3.891848846769851988e-04
9.050368223755821395e-01,4.926877668907182484e-01,-4.123490554848638912e-01,-1.237047166454591673e+00,0.000000000000000000e+00,-1.237047166454591673e+00
9.049096209112045264e-01,4.926877668907182484e-01,-4.122218540204862780e-01,-1.236665562061458834e+00,3.816043931328394478e-02,-1.198505122748174889e+00
9.046625689345521026e-01,4.926877668907182484e-01,-4.119748020438338543e-01,-1.235924406131501563e+00,7.411559299572711978e-02,-1.161808813135774443e+00
9.042993360765860800e-01,4.926877668907182484e-01,-4.116115691858678316e-01,-1.234834707557603384e+00,1.089698573898068013e-01,-1.125864850167796583e+00
9.038235167336032827e-01,4.926877668907182484e-01,-4.111357498428850343e-01,-1.233407249528655214e+00,1.427458028948391799e-01,-1.090661446633816034e+00
9.032386312459570465e-01,4.926877668907182484e-01,-4.105508643552387982e-01,-1.231652593065716506e+00,1.754656462938708472e-01,-1.056186946771845658e+00
9.025481270636336317e-01,4.926877668907182484e-01,-4.098603601729153834e-01,-1.229581080518746150e+00,2.071512546970244451e-01,-1.022429825821721705e+00
9.017553798987281155e-01,4.926877668907182484e-01,-4.090676130080098671e-01,-1.227202839024029490e+00,2.378241494716548665e-01,-9.893786895523746239e-01
9.008636948648672815e-01,4.926877668907182484e-01,-4.081759279741490332e-01,-1.224527783922447099e+00,2.675055101582501926e-01,-9.570222737641969069e-01
8.998763076036300212e-01,4.926877668907182484e-01,-4.071885407129117729e-01,-1.221565622138735208e+00,2.962161783711780849e-01,-9.253494437675571227e-01
8.987963853980160955e-01,4.926877668907182484e-01,-4.061086185072978472e-01,-1.218325855521893430e+00,3.239766616841777136e-01,-8.943491938377157169e-01
8.976270282730183236e-01,4.926877668907182484e-01,-4.049392613823000753e-01,-1.214817784146900337e+00,3.508071374993315672e-01,-8.640106466475687697e-01
8.963712700833558200e-01,4.926877668907182484e-01,-4.036835031926375716e-01,-1.211050509577912715e+00,3.767274568987510897e-01,-8.343230526791616253e-01
8.950320795884254554e-01,4.926877668907182484e-01,-4.023443126977072071e-01,-1.207032938093121732e+00,4.017571484791093717e-01,-8.052757896140123606e-01
8.936123615145336041e-01,4.926877668907182484e-01,-4.009245946238153557e-01,-1.202773783871446067e+00,4.259154221675554020e-01,-7.768583617038906652e-01
8.921149576044713481e-01,4.926877668907182484e-01,-3.994271907137530997e-01,-1.198281572141259410e+00,4.492211730186768115e-01,-7.490603991225825986e-01
8.905426476544968661e-01,4.926877668907182484e-01,-3.978548807637786178e-01,-1.193564642291335964e+00,4.716929849923445772e-01,-7.218716572989913871e-01
8.888981505387925086e-01,4.926877668907182484e-01,-3.962103836480742602e-01,-1.188631150944222892e+00,4.933491347113072578e-01,-6.952820162329156339e-01
8.871841252214648366e-01,4.926877668907182484e-01,-3.944963583307465882e-01,-1.183489074992239765e+00,5.142075951983016147e-01,-6.692814797939381499e-01
8.854031717561577919e-01,4.926877668907182484e-01,-3.927154048654395435e-01,-1.178146214596318631e+00,5.342860395921134042e-01,-6.438601750042052263e-01
8.835578322733502743e-01,4.926877668907182484e-01,-3.908700653826320259e-01,-1.172610196147896078e+00,5.536018448422552751e-01,-6.190083513056408027e-01
8.816505919554122883e-01,4.926877668907182484e-01,-3.889628250646940399e-01,-1.166888475194082009e+00,5.721720953813957955e-01,-5.947163798126862133e-01
8.796838799994929348e-01,4.926877668907182484e-01,-3.869961131087746864e-01,-1.160988339326324059e+00,5.900135867758060648e-01,-5.709747525505179944e-01
8.776600705683186288e-01,4.926877668907182484e-01,-3.849723036776003804e-01,-1.154916911032801252e+00,6.071428293522918018e-01,-5.477740816805094504e-01
8.755814837289762620e-01,4.926877668907182484e-01,-3.828937168382580136e-01,-1.148681150514774041e+00,6.235760518027100296e-01,-5.251050987120640112e-01
8.734503863797626888e-01,4.926877668907182484e-01,-3.807626194890444404e-01,-1.142287858467133432e+00,6.393292047640719566e-01,-5.029586537030614757e-01
8.712689931651788067e-01,4.926877668907182484e-01,-3.785812262744605583e-01,-1.135743678823381675e+00,6.544179643751646402e-01,-4.813257144482170347e-01
8.690394673791500546e-01,4.926877668907182484e-01,-3.763517004884318062e-01,-1.129055101465295419e+00,6.688577358086256197e-01,-4.601973656566697990e-01
8.667639218565555970e-01,4.926877668907182484e-01,-3.740761549658373486e-01,-1.122228464897512046e+00,6.826636567783372911e-01,-4.395648081191747547e-01
8.644444198531492374e-01,4.926877668907182484e-01,-3.717566529624309890e-01,-1.115269958887292967e+00,6.958506010219078775e-01,-4.194193578653850896e-01
8.620829759139563286e-01,4.926877668907182484e-01,-3.693952090232380803e-01,-1.108185627069714130e+00,7.084331817578726209e-01,-3.997524453118415089e-01
8.596815567302322769e-01,4.926877668907182484e-01,-3.669937898395140286e-01,-1.100981369518541975e+00,7.204257551172155161e-01,-3.805556144013264586e-01
8.572420819850681273e-01,4.926877668907182484e-01,-3.645543150943498789e-01,-1.093662945283049748e+00,7.318424235492448915e-01,-3.618205217338048563e-01
8.547664251877306052e-01,4.926877668907182484e-01,-3.620786582970123568e-01,-1.086235974891037070e+00,7.426970392012566258e-01,-3.435389356897804447e-01
8.522564144968240996e-01,4.926877668907182484e-01,-3.595686476061058512e-01,-1.078705942818317443e+00,7.530032072719516911e-01,-3.257027355463657514e-01
8.497138335323629610e-01,4.926877668907182484e-01,-3.570260666416447126e-01,-1.071078199924934138e+00,7.627742893383415712e-01,-3.083039105865925666e-01
8.471404221768431553e-01,4.926877668907182484e-01,-3.544526552861249069e-01,-1.063357965858374721e+00,7.720234066559417130e-01,-2.913345592024330077e-01
8.445378773654030891e-01,4.926877668907182484e-01,-3.518501104746848407e-01,-1.055550331424054633e+00,7.807634434320198658e-01,-2.747868879920347673e-01
8.419078538651637578e-01,4.926877668907182484e-01,-3.492200869744455094e-01,-1.047660260923336528e+00,7.890070500717993873e-01,-2.586532108515371409e-01
8.392519650438393652e-01,4.926877668907182484e-01,-3.465641981531211169e-01,-1.039692594459363351e+00,7.967666463973177571e-01,-2.429259480620455935e-01
8.365717836277086761e-01,4.926877668907182484e-01,-3.438840167369904277e-01,-1.031652050210971172e+00,8.040544248392067495e-01,-2.275976253717644227e-01
8.338688424490409146e-01,4.926877668907182484e-01,-3.411810755583226662e-01,-1.023543226674967999e+00,8.108823536003284538e-01,-2.126608730746395448e-01
8.311446351830655832e-01,4.926877668907182484e-01,-3.384568682923473348e-01,-1.015370604877042116e+00,8.172621797925994080e-01,-1.981084250844427075e-01
8.284006170745819020e-01,4.926877668907182484e-01,-3.357128501838636536e-01,-1.007138550551590850e+00,8.232054325451043653e-01,-1.839331180064864846e-01
8.256382056542975745e-01,4.926877668907182484e-01,-3.329504387635793261e-01,-9.988513162907379783e-01,8.287234260852982537e-01,-1.701278902054397246e-01
8.228587814449926929e-01,4.926877668907182484e-01,-3.301710145542744446e-01,-9.905130436628233337e-01,8.338272627914644630e-01,-1.566857808713588707e-01
8.200636886576005979e-01,4.926877668907182484e-01,-3.273759217668823496e-01,-9.821277653006470487e-01,8.385278362176284972e-01,-1.435999290830185515e-01
8.172542358773002835e-01,4.926877668907182484e-01,-3.245664689865820351e-01,-9.736994069597461054e-01,8.428358340900943269e-01,-1.308635728696517786e-01
8.144316967397129403e-01,4.926877668907182484e-01,-3.217439298489946919e-01,-9.652317895469840758e-01,8.467617412762029616e-01,-1.184700482707811142e-01
8.115973105972985602e-01,4.926877668907182484e-01,-3.189095437065803118e-01,-9.567286311197409354e-01,8.503158427243140416e-01,-1.064127883954268938e-01
8.087522831760446396e-01,4.926877668907182484e-01,-3.160645162853263912e-01,-9.481935488559791736e-01,8.535082263761761823e-01,-9.468532247980299132e-02
8.058977872225426831e-01,4.926877668907182484e-01,-3.132100203318244347e-01,-9.396300609954733041e-01,8.563487860505869520e-01,-8.328127494488635207e-02
8.030349631415463207e-01,4.926877668907182484e-01,-3.103471962508280724e-01,-9.310415887524842171e-01,8.588472242989086958e-01,-7.219436445357552135e-02
8.001649196241045203e-01,4.926877668907182484e-01,-3.074771527333862720e-01,-9.224314582001588159e-01,8.610130552325401254e-01,-6.141840296761869045e-02
7.972887342663660393e-01,4.926877668907182484e-01,-3.046009673756477909e-01,-9.138029021269433727e-01,8.628556073215443156e-01,-5.094729480539905708e-02
7.944074541791469324e-01,4.926877668907182484e-01,-3.017196872884286840e-01,-9.051590618652860520e-01,8.643840261657320667e-01,-4.077503569955398532e-02
7.915220965883579263e-01,4.926877668907182484e-01,-2.988343296976396779e-01,-8.965029890929190337e-01,8.656072772367018331e-01,-3.089571185621720062e-02
7.886336494263832542e-01,4.926877668907182484e-01,-2.959458825356650058e-01,-8.878376476069950174e-01,8.665341485924016318e-01,-2.130349901459338557e-02
7.857430719145070963e-01,4.926877668907182484e-01,-2.930553050237888479e-01,-8.791659150713665438e-01,8.671732535628473570e-01,-1.199266150851918677e-02
7.828512951364801076e-01,4.926877668907182484e-01,-2.901635282457618592e-01,-8.704905847372855776e-01,8.675330334080966210e-01,-2.957551329188956579e-03
7.799592226033201792e-01,4.926877668907182484e-01,-2.872714557126019308e-01,-8.618143671378057924e-01,8.676217599479785214e-01,5.807392810172729014e-03
7.770677308094413593e-01,4.926877668907182484e-01,-2.843799639187231110e-01,-8.531398917561693329e-01,8.674475381636459481e-01,1.430764640747661520e-02
7.741776697802033036e-01,4.926877668907182484e-01,-2.814899028894850552e-01,-8.444697086684551657e-01,8.670183087714167236e-01,2.254860010296155792e-02
7.712898636109755124e-01,4.926877668907182484e-01,-2.786020967202572640e-01,-8.358062901607717921e-01,8.663418507683373626e-01,3.053556060756557056e-02
7.684051109978085048e-01,4.926877668907182484e-01,-2.757173441070902564e-01,-8.271520323212707693e-01,8.654257839501022787e-01,3.827375162883150939e-02
7.655241857598042987e-01,4.926877668907182484e-01,-2.728364188690860503e-01,-8.185092566072581510e-01,8.642775714012618238e-01,4.576831479400367275e-02
7.626478373532795674e-01,4.926877668907182484e-01,-2.699600704625613190e-01,-8.098802113876839570e-01,8.629045219574194014e-01,5.302431056973544443e-02
7.597767913778117332e-01,4.926877668907182484e-01,-2.670890244870934849e-01,-8.012670734612804546e-01,8.613137926403502398e-01,6.004671917906978518e-02
7.569117500742618132e-01,4.926877668907182484e-01,-2.642239831835435648e-01,-7.926719495506306945e-01,8.595123910649760113e-01,6.684044151434531678e-02
7.540533928148633880e-01,4.926877668907182484e-01,-2.613656259241451396e-01,-7.840968777724354188e-01,8.575071778195275662e-01,7.341030004709214740e-02
7.512023765854696222e-01,4.926877668907182484e-01,-2.585146096947513739e-01,-7.755438290842541216e-01,8.553048688181297265e-01,7.976103973387560497e-02
7.483593364600492626e-01,4.926877668907182484e-01,-2.556715695693310142e-01,-7.670147087079930426e-01,8.529120376261078995e-01,8.589732891811485693e-02
7.455248860675207645e-01,4.926877668907182484e-01,-2.528371191768025161e-01,-7.585113575304075484e-01,8.503351177585494192e-01,9.182376022814187078e-02
7.426996180510150314e-01,4.926877668907182484e-01,-2.500118511602967830e-01,-7.500355534808903490e-01,8.475804049517199346e-01,9.754485147082958552e-02
7.398841045196563604e-01,4.926877668907182484e-01,-2.471963376289381120e-01,-7.415890128868143361e-01,8.446540594076012987e-01,1.030650465207869626e-01
7.370788974929497472e-01,4.926877668907182484e-01,-2.443911306022314989e-01,-7.331733918066944966e-01,8.415621080119839448e-01,1.083887162052894482e-01
7.342845293378637006e-01,4.926877668907182484e-01,-2.415967624471454522e-01,-7.247902873414363567e-01,8.383104465258139903e-01,1.135201591843776336e-01
7.315015131986960517e-01,4.926877668907182484e-01,-2.388137463079778033e-01,-7.164412389239334100e-01,8.349048417502946684e-01,1.184636028263612584e-01
7.287303434198111329e-01,4.926877668907182484e-01,-2.360425765290928846e-01,-7.081277295872786537e-01,8.313509336654756332e-01,1.232232040781969795e-01
7.259714959613340346e-01,4.926877668907182484e-01,-2.332837290706157862e-01,-6.998511872118473587e-01,8.276542375431295007e-01,1.278030503312821420e-01
7.232254288078899807e-01,4.926877668907182484e-01,-2.305376619171717323e-01,-6.916129857515151969e-01,8.238201460332161830e-01,1.322071602817009861e-01
7.204925823704740884e-01,4.926877668907182484e-01,-2.278048154797558400e-01,-6.834144464392675200e-01,8.198539312247676847e-01,1.364394847855001647e-01
7.177733798815367772e-01,4.926877668907182484e-01,-2.250856129908185288e-01,-6.752568389724555864e-01,8.157607466811933605e-01,1.405039077087377741e-01
7.150682277833703138e-01,4.926877668907182484e-01,-2.223804608926520654e-01,-6.671413826779561962e-01,8.115456294499390211e-01,1.444042467719828249e-01
7.123775161098810926e-01,4.926877668907182484e-01,-2.196897492191628443e-01,-6.590692476574885328e-01,8.072135020467663402e-01,1.481442543892778074e-01
7.097016188618308075e-01,4.926877668907182484e-01,-2.170138519711125591e-01,-6.510415559133376773e-01,8.027691744150855513e-01,1.517276185017478740e-01
7.070408943756306686e-01,4.926877668907182484e-01,-2.143531274849124202e-01,-6.430593824547372606e-01,7.982173458600416716e-01,1.551579634053044110e-01
7.043956856857710447e-01,4.926877668907182484e-01,-2.117079187950527963e-01,-6.351237563851583889e-01,7.935626069578871622e-01,1.584388505727287733e-01
7.017663208809686859e-01,4.926877668907182484e-01,-2.090785539902504375e-01,-6.272356619707513126e-01,7.888094414407076371e-01,1.615737794699563246e-01
6.991531134541133508e-01,4.926877668907182484e-01,-2.064653465633951024e-01,-6.193960396901853072e-01,7.839622280566005408e-01,1.645661883664152336e-01
6.965563626460946622e-01,4.926877668907182484e-01,-2.038685957553764139e-01,-6.116057872661292416e-01,7.790252424056065550e-01,1.674194551394773134e-01
6.939763537835899054e-01,4.926877668907182484e-01,-2.012885868928716571e-01,-6.038657606786149712e-01,7.740026587514270418e-01,1.701368980728120706e-01
6.914133586108924812e-01,4.926877668907182484e-01,-1.987255917201742328e-01,-5.961767751605226984e-01,7.688985518092272820e-01,1.727217766487045836e-01
6.888676356158598413e-01,4.926877668907182484e-01,-1.961798687251415929e-01,-5.885396061754247787e-01,7.637168985097919638e-01,1.751772923343671851e-01
6.863394303500607307e-01,4.926877668907182484e-01,-1.936516634593424824e-01,-5.809549903780274471e-01,7.584615797397331605e-01,1.775065893617057133e-01
6.838289757431977867e-01,4.926877668907182484e-01,-1.911412088524795383e-01,-5.734236265574386149e-01,7.531363820588832247e-01,1.797127555014446099e-01
6.813364924118849864e-01,4.926877668907182484e-01,-1.886487255211667380e-01,-5.659461765635002140e-01,7.477449993938400929e-01,1.817988228303398790e-01
6.788621889628552175e-01,4.926877668907182484e-01,-1.861744220721369691e-01,-5.585232662164109074e-01,7.422910347089306526e-01,1.837677684925197452e-01
6.764062622906746869e-01,4.926877668907182484e-01,-1.837184953999564385e-01,-5.511554861998693156e-01,7.367780016541591870e-01,1.856225154542898714e-01
6.739688978700395516e-01,4.926877668907182484e-01,-1.812811309793213033e-01,-5.438433929379639098e-01,7.312093261905405761e-01,1.873659332525766663e-01
6.715502700427297134e-01,4.926877668907182484e-01,-1.788625031520114650e-01,-5.365875094560343950e-01,7.255883481929514822e-01,1.890008387369170872e-01
6.691505422992934937e-01,4.926877668907182484e-01,-1.764627754085752454e-01,-5.293883262257257361e-01,7.199183230308658921e-01,1.905299968051401560e-01
6.667698675555377985e-01,4.926877668907182484e-01,-1.740821006648195501e-01,-5.222463019944586504e-01,7.142024231267085632e-01,1.919561211322499128e-01
6.644083884238953797e-01,4.926877668907182484e-01,-1.717206215331771313e-01,-5.151618645995313939e-01,7.084437394927256548e-01,1.932818748931942610e-01
6.620662374797422478e-01,4.926877668907182484e-01,-1.693784705890239994e-01,-5.081354117670719983e-01,7.026452832459395559e-01,1.945098714788675576e-01
6.597435375227370669e-01,4.926877668907182484e-01,-1.670557706320188185e-01,-5.011673118960564555e-01,6.968099871015542845e-01,1.956426752054978291e-01
6.574404018332523636e-01,4.926877668907182484e-01,-1.647526349425341152e-01,-4.942579048276023457e-01,6.909407068454109790e-01,1.966828020178086334e-01
6.551569344239694948e-01,4.926877668907182484e-01,-1.624691675332512464e-01,-4.874075025997537391e-01,6.850402227848606529e-01,1.976327201851069137e-01
6.528932302867050952e-01,4.926877668907182484e-01,-1.602054633959868468e-01,-4.806163901879605405e-01,6.791112411793198689e-01,1.984948509913593284e-01
6.506493756345398394e-01,4.926877668907182484e-01,-1.579616087438215910e-01,-4.738848262314647730e-01,6.731563956495767442e-01,1.992715694181119712e-01
6.484254481393163516e-01,4.926877668907182484e-01,-1.557376812485981032e-01,-4.672130437457943097e-01,6.671782485670463281e-01,1.999652048212520183e-01
6.462215171645749878e-01,4.926877668907182484e-01,-1.535337502738567395e-01,-4.606012508215702184e-01,6.611792924224091372e-01,2.005780416008389189e-01
6.440376439939937692e-01,4.926877668907182484e-01,-1.513498771032755208e-01,-4.540496313098265624e-01,6.551619511743655977e-01,2.011123198645390353e-01
6.418738820553989699e-01,4.926877668907182484e-01,-1.491861151646807215e-01,-4.475583454940421646e-01,6.491285815784397784e-01,2.015702360843976138e-01
6.397302771404126398e-01,4.926877668907182484e-01,-1.470425102496943914e-01,-4.411275307490831743e-01,6.430814744958990303e-01,2.019539437468158560e-01
6.376068676198010099e-01,4.926877668907182484e-01,-1.449191007290827615e-01,-4.347573021872482846e-01,6.370228561834889724e-01,2.022655539962406879e-01
6.355036846545889517e-01,4.926877668907182484e-01,-1.428159177638707034e-01,-4.284477532916121101e-01,6.309548895636174493e-01,2.025071362720053392e-01
6.334207524030041059e-01,4.926877668907182484e-01,-1.407329855122858575e-01,-4.221989565368575725e-01,6.248796754754537552e-01,2.026807189385961827e-01
6.313580882233131852e-01,4.926877668907182484e-01,-1.386703213325949369e-01,-4.160109639977848106e-01,6.187992539072761922e-01,2.027882899094913816e-01
6.293157028726131808e-01,4.926877668907182484e-01,-1.366279359818949324e-01,-4.098838079456847971e-01,6.127156052100013461e-01,2.028317972643165490e-01
6.272936007016396420e-01,4.926877668907182484e-01,-1.346058338109213937e-01,-4.038175014327641810e-01,6.066306512920616179e-01,2.028131498592974369e-01
6.252917798456519849e-01,4.926877668907182484e-01,-1.326040129549337365e-01,-3.978120388648012096e-01,6.005462567962971399e-01,2.027342179314959303e-01
6.233102324114574433e-01,4.926877668907182484e-01,-1.306224655207391949e-01,-3.918673965622175848e-01,5.944642302583624804e-01,2.025968336961448957e-01
6.213489446606325073e-01,4.926877668907182484e-01,-1.286611777699142589e-01,-3.859835333097427768e-01,5.883863252474808014e-01,2.024027919377380247e-01
6.194078971890013552e-01,4.926877668907182484e-01,-1.267201302982831068e-01,-3.801603908948493205e-01,5.823142414893456298e-01,2.021538505944963093e-01
6.174870651024296775e-01,4.926877668907182484e-01,-1.247992982117114291e-01,-3.743978946351342874e-01,5.762496259715033098e-01,2.018517313363690224e-01
6.155864181889916242e-01,4.926877668907182484e-01,-1.228986512982733759e-01,-3.686959538948201276e-01,5.701940740314159761e-01,2.014981201365958485e-01
6.137059210875672743e-01,4.926877668907182484e-01,-1.210181541968490260e-01,-3.630544625905470779e-01,5.641491304273049678e-01,2.010946678367578899e-01
6.118455334529265821e-01,4.926877668907182484e-01,-1.191577665622083337e-01,-3.574732996866250012e-01,5.581162903922076701e-01,2.006429907055826689e-01
6.100052101173564223e-01,4.926877668907182484e-01,-1.173174432266381739e-01,-3.519523296799145218e-01,5.520970006710479439e-01,2.001446709911334221e-01
6.081849012488853568e-01,4.926877668907182484e-01,-1.154971343581671084e-01,-3.464914030745013251e-01,5.460926605413196633e-01,1.996012574668183381e-01
6.063845525061609676e-01,4.926877668907182484e-01,-1.136967856154427192e-01,-3.410903568463281577e-01,5.401046228173167485e-01,1.990142659709885908e-01
6.046041051900337138e-01,4.926877668907182484e-01,-1.119163382993154654e-01,-3.357490148979463962e-01,5.341341948381761462e-01,1.983851799402297500e-01
6.028434963919004907e-01,4.926877668907182484e-01,-1.101557295011822424e-01,-3.304671885035467271e-01,5.281826394399669056e-01,1.977154509364201784e-01
6.011026591388609619e-01,4.926877668907182484e-01,-1.084148922481427135e-01,-3.252446767444281406e-01,5.222511759118586561e-01,1.970064991674305155e-01
5.993815225357381760e-01,4.926877668907182484e-01,-1.066937556450199276e-01,-3.200812669350597828e-01,5.163409809368357806e-01,1.962597140017759978e-01
5.976800119040155401e-01,4.926877668907182484e-01,-1.049922450132972918e-01,-3.149767350398918753e-01,5.104531895167907507e-01,1.954764544768988754e-01
5.959980489177405527e-01,4.926877668907182484e-01,-1.033102820270223043e-01,-3.099308460810669130e-01,5.045888958824962245e-01,1.946580498014293115e-01
5.943355517364456997e-01,4.926877668907182484e-01,-1.016477848457274513e-01,-3.049433545371823540e-01,4.987491543884559064e-01,1.938057998512735525e-01
5.926924351351360309e-01,4.926877668907182484e-01,-1.000046682444177826e-01,-3.000140047332533477e-01,4.929349803929006235e-01,1.929209756596472758e-01
5.910686106313922661e-01,4.926877668907182484e-01,-9.838084374067401772e-02,-2.951425312220220532e-01,4.871473511231294573e-01,1.920048199011074042e-01
5.894639866096386127e-01,4.926877668907182484e-01,-9.677621971892036434e-02,-2.903286591567610930e-01,4.813872065260960120e-01,1.910585473693349190e-01
5.878784684426219265e-01,4.926877668907182484e-01,-9.519070155190367810e-02,-2.855721046557110343e-01,4.756554501050058725e-01,1.900833454492948382e-01
5.863119586101501746e-01,4.926877668907182484e-01,-9.362419171943192620e-02,-2.808725751582957786e-01,4.699529497415255719e-01,1.890803745832297933e-01
5.847643568151367210e-01,4.926877668907182484e-01,-9.207658992441847268e-02,-2.762297697732554180e-01,4.642805385040360555e-01,1.880507687307806375e-01
5.832355600969963971e-01,4.926877668907182484e-01,-9.054779320627814876e-02,-2.716433796188344463e-01,4.586390154420971754e-01,1.869956358232627291e-01
5.817254629424383205e-01,4.926877668907182484e-01,-8.903769605172007218e-02,-2.671130881551602165e-01,4.530291463674229746e-01,1.859160582122627581e-01
5.802339573937015382e-01,4.926877668907182484e-01,-8.754619050298328986e-02,-2.626385715089498696e-01,4.474516646210346948e-01,1.848130931120848253e-01
5.787609331542759028e-01,4.926877668907182484e-01,-8.607316626355765443e-02,-2.582194987906729633e-01,4.419072718276906286e-01,1.836877730370176653e-01
5.773062776921540351e-01,4.926877668907182484e-01,-8.461851080143578674e-02,-2.538555324043073602e-01,4.363966386365603078e-01,1.825411062322529476e-01
5.758698763406553400e-01,4.926877668907182484e-01,-8.318210944993709166e-02,-2.495463283498112750e-01,4.309204054496085234e-01,1.813740770997972485e-01
5.744516123968665955e-01,4.926877668907182484e-01,-8.176384550614834712e-02,-2.452915365184450414e-01,4.254791831366233623e-01,1.801876466181783210e-01
5.730513672177397488e-01,4.926877668907182484e-01,-8.036360032702150047e-02,-2.410908009810645014e-01,4.200735537380539952e-01,1.789827527569894938e-01
5.716690203138885540e-01,4.926877668907182484e-01,-7.898125342317030562e-02,-2.369437602695109168e-01,4.147040711553584558e-01,1.777603108858475389e-01
5.703044494411260157e-01,4.926877668907182484e-01,-7.761668255040776732e-02,-2.328500476512233019e-01,4.093712618287614902e-01,1.765212141775381882e-01
5.689575306897811657e-01,4.926877668907182484e-01,-7.626976379906291736e-02,-2.288092913971887521e-01,4.040756254034549855e-01,1.752663340062662334e-01
5.676281385718369155e-01,4.926877668907182484e-01,-7.494037168111866709e-02,-2.248211150433560013e-01,3.988176353832750820e-01,1.739965203399190807e-01
5.663161461059267321e-01,4.926877668907182484e-01,-7.362837921520848372e-02,-2.208851376456254512e-01,3.935977397730550109e-01,1.727126021274295598e-01
5.650214249002292188e-01,4.926877668907182484e-01,-7.233365800951097047e-02,-2.170009740285329114e-01,3.884163617092539766e-01,1.714153876807210652e-01
5.637438452332997896e-01,4.926877668907182484e-01,-7.105607834258154121e-02,-2.131682350277446236e-01,3.832739000788287775e-01,1.701056650510841539e-01
5.624832761328755204e-01,4.926877668907182484e-01,-6.979550924215727203e-02,-2.093865277264718161e-01,3.781707301272807520e-01,1.687842024008089359e-01
5.612395854526912586e-01,4.926877668907182484e-01,-6.855181856197301027e-02,-2.056554556859190308e-01,3.731072040552785296e-01,1.674517483693594988e-01
5.600126399473439598e-01,4.926877668907182484e-01,-6.732487305662571142e-02,-2.019746191698771343e-01,3.680836516041896544e-01,1.661090324343125202e-01
5.588023053452401134e-01,4.926877668907182484e-01,-6.611453845452186506e-02,-1.983436153635655952e-01,3.631003806311539073e-01,1.647567652675883121e-01
5.576084464196630064e-01,4.926877668907182484e-01,-6.492067952894475802e-02,-1.947620385868342741e-01,3.581576776731321132e-01,1.633956390862978392e-01
5.564309270579945732e-01,4.926877668907182484e-01,-6.374316016727632483e-02,-1.912294805018289745e-01,3.532558085005299553e-01,1.620263279987009808e-01
5.552696103291260288e-01,4.926877668907182484e-01,-6.258184343840778041e-02,-1.877455303152233412e-01,3.483950186605633270e-01,1.606494883453399858e-01
5.541243585490919221e-01,4.926877668907182484e-01,-6.143659165837367375e-02,-1.843097749751210213e-01,3.435755340102319977e-01,1.592657590351109764e-01
5.529950333449613620e-01,4.926877668907182484e-01,-6.030726645424311361e-02,-1.809217993627293408e-01,3.387975612391680436e-01,1.578757618764387027e-01
5.518814957170184998e-01,4.926877668907182484e-01,-5.919372882630025146e-02,-1.775811864789007544e-01,3.340612883828586455e-01,1.564801019039578911e-01
5.507836060992660210e-01,4.926877668907182484e-01,-5.809583920854777261e-02,-1.742875176256433178e-01,3.293668853257436524e-01,1.550793677001003346e-01
5.497012244182835072e-01,4.926877668907182484e-01,-5.701345752756525886e-02,-1.710403725826957766e-01,3.247145042947541249e-01,1.536741317120583483e-01
5.486342101504722013e-01,4.926877668907182484e-01,-5.594644325975395294e-02,-1.678393297792618588e-01,3.201042803433917783e-01,1.522649505641299195e-01
5.475824223777173705e-01,4.926877668907182484e-01,-5.489465548699912212e-02,-1.646839664609973664e-01,3.155363318264492456e-01,1.508523653654518792e-01
5.465457198414990225e-01,4.926877668907182484e-01,-5.385795295078077416e-02,-1.615738588523423225e-01,3.110107608655043876e-01,1.494369020131620651e-01
5.455239609954820601e-01,4.926877668907182484e-01,-5.283619410476381173e-02,-1.585085823142914352e-01,3.065276538050887289e-01,1.480190714907972938e-01
5.445170040566140734e-01,4.926877668907182484e-01,-5.182923716589582508e-02,-1.554877114976874752e-01,3.020870816603959952e-01,1.465993701627085199e-01
5.435247070547624126e-01,4.926877668907182484e-01,-5.083694016404416427e-02,-1.525108204921324928e-01,2.976891005554982428e-01,1.451782800633657500e-01
5.425469278809170737e-01,4.926877668907182484e-01,-4.985916099019882530e-02,-1.495774829705964759e-01,2.933337521536016901e-01,1.437562691830052142e-01
5.415835243339900407e-01,4.926877668907182484e-01,-4.889575744327179230e-02,-1.466872723298153769e-01,2.890210640781099016e-01,1.423337917482945247e-01
5.406343541662378405e-01,4.926877668907182484e-01,-4.794658727551959210e-02,-1.438397618265587763e-01,2.847510503256600600e-01,1.409112884991012837e-01
5.396992751273355093e-01,4.926877668907182484e-01,-4.701150823661726097e-02,-1.410345247098517829e-01,2.805237116706993383e-01,1.394891869608475554e-01
5.387781450071292833e-01,4.926877668907182484e-01,-4.609037811641103488e-02,-1.382711343492331046e-01,2.763390360618678265e-01,1.380679017126347219e-01
5.378708216770943240e-01,4.926877668907182484e-01,-4.518305478637607564e-02,-1.355491643591282269e-01,2.721969990104877724e-01,1.366478346513595454e-01
5.369771631305245707e-01,4.926877668907182484e-01,-4.428939623980632234e-02,-1.328681887194189670e-01,2.680975639709259895e-01,1.352293752515070224e-01
5.360970275214799186e-01,4.926877668907182484e-01,-4.340926063076167019e-02,-1.302277818922850106e-01,2.640406827133956469e-01,1.338129008211106363e-01
5.352302732025173704e-01,4.926877668907182484e-01,-4.254250631179912201e-02,-1.276275189353973660e-01,2.600262956887644528e-01,1.323987767533670867e-01
5.343767587612301417e-01,4.926877668907182484e-01,-4.168899187051189337e-02,-1.250669756115356801e-01,2.560543323861685927e-01,1.309873567746329126e-01
5.335363430556203657e-01,4.926877668907182484e-01,-4.084857616490211729e-02,-1.225457284947063519e-01,2.521247116829328228e-01,1.295789831882264709e-01
5.327088852483294890e-01,4.926877668907182484e-01,-4.002111835761124059e-02,-1.200633550728337218e-01,2.482373421872630104e-01,1.281739871144292886e-01
5.318942448397500078e-01,4.926877668907182484e-01,-3.920647794903175942e-02,-1.176194338470952783e-01,2.443921225738443503e-01,1.267726887267490721e-01
5.310922817000431895e-01,4.926877668907182484e-01,-3.840451480932494110e-02,-1.152135444279748233e-01,2.405889419120454953e-01,1.253753974840706720e-01
5.303028561000847629e-01,4.926877668907182484e-01,-3.761508920936651457e-02,-1.128452676280995437e-01,2.368276799875279615e-01,1.239824123594284178e-01
5.295258287413623366e-01,4.926877668907182484e-01,-3.683806185064408822e-02,-1.105141855519322647e-01,2.331082076167279027e-01,1.225940220647956380e-01
5.287610607848464150e-01,4.926877668907182484e-01,-3.607329389412816667e-02,-1.082198816823845000e-01,2.294303869547764663e-01,1.212105052723919663e-01
5.280084138788576631e-01,4.926877668907182484e-01,-3.532064698813941472e-02,-1.059619409644182442e-01,2.257940717966255839e-01,1.198321308322073397e-01
5.272677501859521776e-01,4.926877668907182484e-01,-3.457998329523392922e-02,-1.037399498857017877e-01,2.221991078716456514e-01,1.184591579859438637e-01
5.265389324088453060e-01,4.926877668907182484e-01,-3.385116551812705765e-02,-1.015534965543811730e-01,2.186453331320614701e-01,1.170918365776802972e-01
5.258218238153961055e-01,4.926877668907182484e-01,-3.313405692467785713e-02,-9.940217077403357138e-02,2.151325780347601579e-01,1.157304072607265866e-01
5.251162882626729811e-01,4.926877668907182484e-01,-3.242852137195473272e-02,-9.728556411586419816e-02,2.116606658169373212e-01,1.143751017010731230e-01
5.244221902201200436e-01,4.926877668907182484e-01,-3.173442332940179522e-02,-9.520326998820538567e-02,2.082294127658812499e-01,1.130261427776758643e-01
5.237393947918448367e-01,4.926877668907182484e-01,-3.105162790112658833e-02,-9.315488370337976498e-02,2.048386284825620685e-01,1.116837447791823035e-01
5.230677677380475288e-01,4.926877668907182484e-01,-3.038000084732928041e-02,-9.114000254198784123e-02,2.014881161391923747e-01,1.103481135972045335e-01
5.224071754956099989e-01,4.926877668907182484e-01,-2.971940860489175051e-02,-8.915822581467525154e-02,1.981776727312589692e-01,1.090194469165837177e-01
5.217574851978641348e-01,4.926877668907182484e-01,-2.906971830714588645e-02,-8.720915492143765935e-02,1.949070893237592195e-01,1.076979344023215601e-01
5.211185646935584392e-01,4.926877668907182484e-01,-2.843079780284019087e-02,-8.529239340852057261e-02,1.916761512917086741e-01,1.063837578831881014e-01
5.204902825650410403e-01,4.926877668907182484e-01,-2.780251567432279192e-02,-8.340754702296837575e-02,1.884846385552196857e-01,1.050770915322513099e-01
5.198725081456768704e-01,4.926877668907182484e-01,-2.718474125495862204e-02,-8.155422376487586611e-02,1.853323258092509640e-01,1.037781020443750979e-01
5.192651115365172210e-01,4.926877668907182484e-01,-2.657734464579897260e-02,-7.973203393739691780e-02,1.822189827478948310e-01,1.024869488104979132e-01
5.186679636222385481e-01,4.926877668907182484e-01,-2.598019673152029974e-02,-7.794059019456089921e-02,1.791443742836018593e-01,1.012037840890409601e-01
5.180809360863688484e-01,4.926877668907182484e-01,-2.539316919565060005e-02,-7.617950758695180014e-02,1.761082607609099071e-01,9.992875317395810697e-02
5.175039014258164816e-01,4.926877668907182484e-01,-2.481613453509823319e-02,-7.444840360529469958e-02,1.731103981657100555e-01,9.866199456041535587e-02
5.169367329647202025e-01,4.926877668907182484e-01,-2.424896607400195414e-02,-7.274689822200586242e-02,1.701505383288837159e-01,9.740364010687785346e-02
5.163793048676346142e-01,4.926877668907182484e-01,-2.369153797691636587e-02,-7.107461393074909761e-02,1.672284291256764810e-01,9.615381519492738338e-02
5.158314921520684715e-01,4.926877668907182484e-01,-2.314372526135022312e-02,-6.943117578405066936e-02,1.643438146698428248e-01,9.491263888579215546e-02
5.152931707003909345e-01,4.926877668907182484e-01,-2.260540380967268614e-02,-6.781621142901805843e-02,1.614964355032610932e-01,9.368022407424303477e-02
5.147642172711208719e-01,4.926877668907182484e-01,-2.207645038040262353e-02,-6.622935114120787059e-02,1.586860287810187842e-01,9.245667763981091358e-02
5.142445095096147556e-01,4.926877668907182484e-01,-2.155674261889650722e-02,-6.467022785668952167e-02,1.559123284518348918e-01,9.124210059514537008e-02
5.137339259581681361e-01,4.926877668907182484e-01,-2.104615906744988774e-02,-6.313847720234966321e-02,1.531750654339858464e-01,9.003658823163618319e-02
5.132323460655446867e-01,4.926877668907182484e-01,-2.054457917482643836e-02,-6.163373752447931508e-02,1.504739677870348125e-01,8.884023026255549738e-02
5.127396501959474717e-01,4.926877668907182484e-01,-2.005188330522922335e-02,-6.015564991568767006e-02,1.478087608791645025e-01,8.765311096347683240e-02
5.122557196374466493e-01,4.926877668907182484e-01,-1.956795274672840090e-02,-5.870385824018520271e-02,1.451791675502467349e-01,8.647530931006153221e-02
5.117804366098768210e-01,4.926877668907182484e-01,-1.909266971915857258e-02,-5.727800915747571775e-02,1.425849082709484961e-01,8.530689911347277832e-02
5.113136842722183495e-01,4.926877668907182484e-01,-1.862591738150010112e-02,-5.587775214450030337e-02,1.400257012975414384e-01,8.414794915304113498e-02
5.108553467294751904e-01,4.926877668907182484e-01,-1.816757983875694205e-02,-5.450273951627082614e-02,1.375012628229477230e-01,8.299852330667689682e-02
5.104053090390626712e-01,4.926877668907182484e-01,-1.771754214834442287e-02,-5.315262644503326861e-02,1.350113071237557527e-01,8.185868067872248410e-02
5.099634572167179858e-01,4.926877668907182484e-01,-1.727569032599973742e-02,-5.182707097799921225e-02,1.325555467034056356e-01,8.072847572540642336e-02
5.095296782419458381e-01,4.926877668907182484e-01,-1.684191135122758975e-02,-5.052573405368276926e-02,1.301336924316442989e-01,7.960795837796152963e-02
5.091038600630115596e-01,4.926877668907182484e-01,-1.641609317229331122e-02,-4.924827951687993366e-02,1.277454536802835605e-01,7.849717416340362686e-02
5.086858916014935783e-01,4.926877668907182484e-01,-1.599812471077532994e-02,-4.799437413232598981e-02,1.253905384553943847e-01,7.739616432306839489e-02
5.082756627564078977e-01,4.926877668907182484e-01,-1.558789586568964936e-02,-4.676368759706894807e-02,1.230686535257041747e-01,7.630496592863522665e-02
5.078730644079151313e-01,4.926877668907182484e-01,-1.518529751719688292e-02,-4.555589255159064876e-02,1.207795045478299301e-01,7.522361199623928130e-02
5.074779884206219727e-01,4.926877668907182484e-01,-1.479022152990372430e-02,-4.437066458971117289e-02,1.185227961879475878e-01,7.415213159823641487e-02
5.070903276464886478e-01,4.926877668907182484e-01,-1.440256075577039940e-02,-4.320768226731119821e-02,1.162982322399974677e-01,7.309054997268626952e-02
5.067099759273525628e-01,4.926877668907182484e-01,-1.402220903663431439e-02,-4.206662710990294318e-02,1.141055157408255027e-01,7.203888863092255956e-02
5.063368280970795832e-01,4.926877668907182484e-01,-1.364906120636133480e-02,-4.094718361908400439e-02,1.119443490818938791e-01,7.099716546280987473e-02
5.059707799833528252e-01,4.926877668907182484e-01,-1.328301309263457686e-02,-3.984903927790373057e-02,1.098144341180273820e-01,6.996539484012365140e-02
5.056117284091101727e-01,4.926877668907182484e-01,-1.292396151839192431e-02,-3.877188455517577292e-02,1.077154722727957648e-01,6.894358771761999183e-02
5.052595711936391787e-01,4.926877668907182484e-01,-1.257180430292093032e-02,-3.771541290876279096e-02,1.056471646412981968e-01,6.793175173253540589e-02
5.049142071533414544e-01,4.926877668907182484e-01,-1.222644026262320605e-02,-3.667932078786961814e-02,1.036092120893172819e-01,6.692989130144766374e-02
5.045755361021738716e-01,4.926877668907182484e-01,-1.188776921145562326e-02,-3.566330763436686979e-02,1.016013153502748345e-01,6.593800771590796472e-02
5.042434588517779037e-01,4.926877668907182484e-01,-1.155569196105965535e-02,-3.466707588317896604e-02,9.962317511879037468e-02,6.495609923561140864e-02
5.039178772113055427e-01,4.926877668907182484e-01,-1.123011032058729430e-02,-3.369033096176188291e-02,9.767449214170831340e-02,6.398416117994643049e-02
5.035986939869511181e-01,4.926877668907182484e-01,-1.091092709623286972e-02,-3.273278128869860915e-02,9.575496730632737652e-02,6.302218601762876737e-02
5.032858129811984549e-01,4.926877668907182484e-01,-1.059804609048020652e-02,-3.179413827144061955e-02,9.386430172579895981e-02,6.207016345435834026e-02
5.029791389917912525e-01,4.926877668907182484e-01,-1.029137210107300415e-02,-3.087411630321901246e-02,9.200219682216070893e-02,6.112808051894169648e-02
5.026785778104359004e-01,4.926877668907182484e-01,-9.990810919717652006e-03,-2.997243275915295602e-02,9.016835440660564416e-02,6.019592164745268814e-02
5.023840362212453892e-01,4.926877668907182484e-01,-9.696269330527140795e-03,-2.908880799158142239e-02,8.836247675715336314e-02,5.927366876557194075e-02
5.020954219989314238e-01,4.926877668907182484e-01,-9.407655108213175410e-03,-2.822296532463952623e-02,8.658426669418961552e-02,5.836130136955008929e-02
5.018126439067543965e-01,4.926877668907182484e-01,-9.124877016036148092e-03,-2.737463104810844428e-02,8.483342765310819544e-02,5.745879660499975117e-02
5.015356116942378817e-01,4.926877668907182484e-01,-8.847844803519633317e-03,-2.654353441055889995e-02,8.310966375495443259e-02,5.656612934439553264e-02
5.012642360946557574e-01,4.926877668907182484e-01,-8.576469203937509000e-03,-2.572940761181252700e-02,8.141267987463729483e-02,5.568327226282476783e-02
5.009984288222999460e-01,4.926877668907182484e-01,-8.310661931581697637e-03,-2.493198579474509291e-02,7.974218170674340911e-02,5.481019591199831620e-02
5.007381025695353260e-01,4.926877668907182484e-01,-8.050335678817077678e-03,-2.415100703645123303e-02,7.809787582938598760e-02,5.394686879293475457e-02
5.004831710036500292e-01,4.926877668907182484e-01,-7.795404112931780816e-03,-2.338621233879534245e-02,7.647946976558905874e-02,5.309325742679371629e-02
5.002335487635073408e-01,4.926877668907182484e-01,-7.545781872789092404e-03,-2.263734561836727721e-02,7.488667204280652356e-02,5.224932642443924635e-02
4.999891514560071415e-01,4.926877668907182484e-01,-7.301384565288893125e-03,-2.190415369586667937e-02,7.331919225005978369e-02,5.141503855419310431e-02
4.997498956523623304e-01,4.926877668907182484e-01,-7.062128761644081987e-03,-2.118638628493224596e-02,7.177674109344334141e-02,5.059035480851109545e-02
4.995156988841983892e-01,4.926877668907182484e-01,-6.827931993480140793e-03,-2.048379598044042238e-02,7.025903044918235807e-02,4.977523446874193569e-02
4.992864796394813065e-01,4.926877668907182484e-01,-6.598712748763058134e-03,-1.979613824628917440e-02,6.876577341512479791e-02,4.896963516883562351e-02
4.990621573582811332e-01,4.926877668907182484e-01,-6.374390467562884854e-03,-1.912317140268865456e-02,6.729668436005198373e-02,4.817351295736332917e-02
4.988426524283766650e-01,4.926877668907182484e-01,-6.154885537658416617e-03,-1.846465661297524985e-02,6.585147897134047135e-02,4.738682235836522150e-02
4.986278861807080798e-01,4.926877668907182484e-01,-5.940119289989831408e-03,-1.782035786996949422e-02,6.442987430057556253e-02,4.660951643060606830e-02
4.984177808846825264e-01,4.926877668907182484e-01,-5.730013993964278018e-03,-1.719004198189283406e-02,6.303158880766601690e-02,4.584154682577318285e-02
4.982122597433395472e-01,4.926877668907182484e-01,-5.524492852621298855e-03,-1.657347855786389657e-02,6.165634240289374901e-02,4.508286384502985245e-02
4.980112468883810539e-01,4.926877668907182484e-01,-5.323479997662805552e-03,-1.597043999298841666e-02,6.030385648754799099e-02,4.433341649455957434e-02
4.978146673750720175e-01,4.926877668907182484e-01,-5.126900484353769105e-03,-1.538070145306130732e-02,5.897385399271093398e-02,4.359315253964962666e-02
4.976224471770169799e-01,4.926877668907182484e-01,-4.934680286298731566e-03,-1.480404085889619470e-02,5.766605941651126166e-02,4.286201855761506696e-02
4.974345131808177167e-01,4.926877668907182484e-01,-4.746746290099468357e-03,-1.424023887029840507e-02,5.638019885977896273e-02,4.213995998948055766e-02
4.972507931806173787e-01,4.926877668907182484e-01,-4.563026289899130283e-03,-1.368907886969739085e-02,5.511600006010142216e-02,4.142692119040403131e-02
4.970712158725360541e-01,4.926877668907182484e-01,-4.383448981817805734e-03,-1.315034694545341720e-02,5.387319242439736477e-02,4.072284547894394757e-02
4.968957108490026364e-01,4.926877668907182484e-01,-4.207943958284388053e-03,-1.262383187485316416e-02,5.265150706002530434e-02,4.002767518517214018e-02
4.967242085929877704e-01,4.926877668907182484e-01,-4.036441702269522036e-03,-1.210932510680856611e-02,5.145067680445980507e-02,3.934135169765123896e-02
4.965566404721426519e-01,4.926877668907182484e-01,-3.868873581424403518e-03,-1.160662074427321055e-02,5.027043625353555534e-02,3.866381550926234478e-02
4.963929387328484544e-01,4.926877668907182484e-01,-3.705171842130206006e-03,-1.111551552639061802e-02,4.911052178825925374e-02,3.799500626186863572e-02
4.962330364941804350e-01,4.926877668907182484e-01,-3.545269603462186669e-03,-1.063580881038656001e-02,4.797067160040580092e-02,3.733486279001924091e-02
4.960768677417914385e-01,4.926877668907182484e-01,-3.389100851073190146e-03,-1.016730255321957044e-02,4.685062571669895704e-02,3.668332316347938660e-02
4.959243673217187953e-01,4.926877668907182484e-01,-3.236600431000546951e-03,-9.709801293001640854e-03,4.575012602179295840e-02,3.604032472879131754e-02
4.957754709341190003e-01,4.926877668907182484e-01,-3.087704043400751885e-03,-9.263112130202255656e-03,4.466891627993851976e-02,3.540580414973626411e-02
4.956301151269341676e-01,4.926877668907182484e-01,-2.942348236215919233e-03,-8.827044708647757698e-03,4.360674215544979582e-02,3.477969744680203812e-02
4.954882372894940379e-01,4.926877668907182484e-01,-2.800470398775789516e-03,-8.401411196327368547e-03,4.256335123203891513e-02,3.416194003571154658e-02
4.953497756460574775e-01,4.926877668907182484e-01,-2.662008755339229094e-03,-7.986026266017687281e-03,4.153849303096812662e-02,3.355246676495043934e-02
4.952146692492974123e-01,4.926877668907182484e-01,-2.526902358579163899e-03,-7.580707075737491696e-03,4.053191902801955848e-02,3.295121195228206679e-02
4.950828579737325819e-01,4.926877668907182484e-01,-2.395091083014333488e-03,-7.185273249043000465e-03,3.954338266944912306e-02,3.235810942040612259e-02
4.949542825091097775e-01,4.926877668907182484e-01,-2.266515618391529152e-03,-6.799546855174587456e-03,3.857263938684130089e-02,3.177309253166671343e-02
4.948288843537401727e-01,4.926877668907182484e-01,-2.141117463021924294e-03,-6.423352389065772883e-03,3.761944661088145736e-02,3.119609422181568448e-02
4.947066058077927431e-01,4.926877668907182484e-01,-2.018838917074494699e-03,-6.056516751223484096e-03,3.668356378422887865e-02,3.062704703300539455e-02
4.945873899665486073e-01,4.926877668907182484e-01,-1.899623075830358943e-03,-5.698869227491076828e-03,3.576475237324072687e-02,3.006588314574965004e-02
4.944711807136190629e-01,4.926877668907182484e-01,-1.783413822900814516e-03,-5.350241468702443548e-03,3.486277587886332796e-02,2.951253441016088441e-02
4.943579227141305377e-01,4.926877668907182484e-01,-1.670155823412289298e-03,-5.010467470236867893e-03,3.397739984655756551e-02,2.896693237632069762e-02
4.942475614078796209e-01,4.926877668907182484e-01,-1.559794517161372518e-03,-4.679383551484117554e-03,3.310839187527503391e-02,2.842900832379091636e-02
4.941400430024610602e-01,4.926877668907182484e-01,-1.452276111742811793e-03,-4.356828335228435378e-03,3.225552162556821756e-02,2.789869329033978218e-02
4.940353144663715557e-01,4.926877668907182484e-01,-1.347547575653307295e-03,-4.042642726959921884e-03,3.141856082685134943e-02,2.737591809989142755e-02
4.939333235220920160e-01,4.926877668907182484e-01,-1.245556631373767598e-03,-3.736669894121302793e-03,3.059728328386190910e-02,2.686061338974060630e-02
4.938340186391514952e-01,4.926877668907182484e-01,-1.146251748433246842e-03,-3.438755245299740526e-03,2.979146488215622668e-02,2.635270963685648615e-02
4.937373490271746435e-01,4.926877668907182484e-01,-1.049582136456395087e-03,-3.148746409369185262e-03,2.900088359305552643e-02,2.585213718368634117e-02
4.936432646289161674e-01,4.926877668907182484e-01,-9.554977381979190554e-04,-2.866493214593757166e-03,2.822531947754280957e-02,2.535882626294905240e-02
4.935517161132839670e-01,4.926877668907182484e-01,-8.639492225657185998e-04,-2.591847667697155799e-03,2.746455468966013669e-02,2.487270702196298089e-02
4.934626548683539449e-01,4.926877668907182484e-01,-7.748879776356965010e-04,-2.324663932907089503e-03,2.671837347900662962e-02,2.439370954609954012e-02
4.933760329943785439e-01,4.926877668907182484e-01,-6.882661036602955029e-04,-2.064798310980886509e-03,2.598656219262029943e-02,2.392176388163941292e-02
4.932918032967913424e-01,4.926877668907182484e-01,-6.040364060730940565e-04,-1.812109218219282170e-03,2.526890927616043392e-02,2.345680005794115175e-02
4.932099192792099296e-01,4.926877668907182484e-01,-5.221523884916812186e-04,-1.566457165475043656e-03,2.456520527442385138e-02,2.299874810894880772e-02
4.931303351364393905e-01,4.926877668907182484e-01,-4.425682457211421728e-04,-1.327704737163426518e-03,2.387524283116171375e-02,2.254753809399828723e-02
4.930530057474782346e-01,4.926877668907182484e-01,-3.652388567599862412e-04,-1.095716570279958724e-03,2.319881668834677946e-02,2.210310011806682073e-02
4.929778866685289307e-01,4.926877668907182484e-01,-2.901197778106823222e-04,-8.703593334320469665e-04,2.253572368479117571e-02,2.166536435135912875e-02
4.929049341260147155e-01,4.926877668907182484e-01,-2.171672352964670871e-04,-6.515017058894012614e-04,2.188576275426457052e-02,2.123426104837516926e-02
4.928341050096053388e-01,4.926877668907182484e-01,-1.463381188870904737e-04,-4.390143566612714210e-04,2.124873492281298404e-02,2.080972056615171262e-02
4.927653568652525795e-01,4.926877668907182484e-01,-7.758997453433114089e-05,-2.327699236029934227e-04,2.062444330582779983e-02,2.039167338222480641e-02
4.926986478882380838e-01,4.926877668907182484e-01,-1.088099751983540031e-05,-3.264299255950620093e-05,2.001269310434872217e-02,1.998005011178921597e-02
4.926339369162347492e-01,4.926877668907182484e-01,5.382997448349913228e-05,1.614899234504973968e-04,1.941329160100035978e-02,1.957478152445085717e-02
4.925711834223838737e-01,4.926877668907182484e-01,1.165834683343747180e-04,3.497504050031241540e-04,1.882604815526267572e-02,1.917579856026579987e-02
4.925103475083890125e-01,4.926877668907182484e-01,1.774193823292358196e-04,5.322581469877074589e-04,1.825077419845833049e-02,1.878303234544603795e-02
4.924513898976287107e-01,4.926877668907182484e-01,2.363769930895376348e-04,7.091309792686129043e-04,1.768728322809054454e-02,1.839641420735915744e-02
4.923942719282891067e-01,4.926877668907182484e-01,2.934949624291416370e-04,8.804848872874249111e-04,1.713539080188120067e-02,1.801587568916862558e-02
4.923389555465184642e-01,4.926877668907182484e-01,3.488113441997842123e-04,1.046434032599352637e-03,1.659491453119277260e-02,1.764134856379212524e-02
4.922854032996041851e-01,4.926877668907182484e-01,4.023635911140632793e-04,1.207090773342189838e-03,1.606567407428372007e-02,1.727276484762590991e-02
4.922335783291746369e-01,4.926877668907182484e-01,4.541885615436114243e-04,1.362565684630834273e-03,1.554749112886444351e-02,1.691005681349527778e-02
4.921834443644264590e-01,4.926877668907182484e-01,5.043225262917894192e-04,1.512967578875368257e-03,1.504018942445339846e-02,1.655315700332876672e-02
4.921349657153786250e-01,4.926877668907182484e-01,5.528011753396233630e-04,1.658403526018870089e-03,1.454359471435018314e-02,1.620199824036905323e-02
4.920881072661548172e-01,4.926877668907182484e-01,5.996596245634311373e-04,1.798978873690293412e-03,1.405753476714233230e-02,1.585651364083262571e-02
4.920428344682951094e-01,4.926877668907182484e-01,6.449324224231389735e-04,1.934797267269416920e-03,1.358183935791235086e-02,1.551663662518176778e-02
4.919991133340979039e-01,4.926877668907182484e-01,6.886535566203444425e-04,2.065960669861033328e-03,1.311634025916164070e-02,1.518230092902267403e-02
4.919569104299936213e-01,4.926877668907182484e-01,7.308564607246270661e-04,2.192569382173881198e-03,1.266087123128478709e-02,1.485344061345866828e-02
4.919161928699506414e-01,4.926877668907182484e-01,7.715740207676069495e-04,2.314722062302820849e-03,1.221526801289396502e-02,1.452999007519678587e-02
4.918769283089152178e-01,4.926877668907182484e-01,8.108385818030305892e-04,2.432515745409091767e-03,1.177936831062709189e-02,1.421188405603618365e-02
4.918390849362853645e-01,4.926877668907182484e-01,8.486819544328838560e-04,2.546045863298651568e-03,1.135301178895598007e-02,1.389905765225463163e-02
4.918026314694207701e-01,4.926877668907182484e-01,8.851354212974782421e-04,2.655406263892434726e-03,1.093604005937831580e-02,1.359144632327075053e-02
4.917675371471884604e-01,4.926877668907182484e-01,9.202297435297879247e-04,2.760689230589363774e-03,1.052829666969290479e-02,1.328898590028226856e-02
4.917337717235462091e-01,4.926877668907182484e-01,9.539951671720392490e-04,2.861985501516117747e-03,1.012962709267539729e-02,1.299161259419151504e-02
4.917013054611633627e-01,4.926877668907182484e-01,9.864614295548856937e-04,2.959384288664657081e-03,9.739878714853933417e-03,1.269926300351859050e-02
4.916701091250808564e-01,4.926877668907182484e-01,1.017657765637391964e-03,3.052973296912175893e-03,9.358900824751881231e-03,1.241187412166405712e-02
4.916401539764105322e-01,4.926877668907182484e-01,1.047612914307716192e-03,3.142838742923148576e-03,8.986544601097268270e-03,1.212938334402041685e-02
4.916114117660745908e-01,4.926877668907182484e-01,1.076355124643657568e-03,3.229065373930972704e-03,8.622663100782412826e-03,1.185172847471338553e-02
4.915838547285861226e-01,4.926877668907182484e-01,1.103912162132125729e-03,3.311736486396377188e-03,8.267111246540448377e-03,1.157884773293682557e-02
4.915574555758709940e-01,4.926877668907182484e-01,1.130311314847254334e-03,3.390933944541763001e-03,7.919745814538581286e-03,1.131067975908034429e-02
4.915321874911317557e-01,4.926877668907182484e-01,1.155579399586492695e-03,3.466738198759478085e-03,7.580425421771508354e-03,1.104716362053098644e-02
4.915080241227545721e-01,4.926877668907182484e-01,1.179742767963676275e-03,3.539228303891028826e-03,7.249010513155074165e-03,1.078823881704610299e-02
4.914849395782590613e-01,4.926877668907182484e-01,1.202827312459187059e-03,3.608481937377561177e-03,6.925363348653235107e-03,1.053384528603079628e-02
4.914629084182921548e-01,4.926877668907182484e-01,1.224858472426093581e-03,3.674575417278280742e-03,6.609347990071956502e-03,1.028392340735023724e-02
4.914419056506660333e-01,4.926877668907182484e-01,1.245861240052215102e-03,3.737583720156645306e-03,6.300830287836456378e-03,1.003841400799310168e-02
4.914219067244406935e-01,4.926877668907182484e-01,1.265860166277554821e-03,3.797580498832664464e-03,5.999677867601915793e-03,9.797258366434580257e-03
4.914028875240519789e-01,4.926877668907182484e-01,1.284879366666269451e-03,3.854638099998808354e-03,5.705760116614388977e-03,9.560398216613197331e-03
4.913848243634849622e-01,4.926877668907182484e-01,1.302942527233286185e-03,3.908827581699858555e-03,5.418948170105020168e-03,9.327775751804878723e-03
4.913676939804931254e-01,4.926877668907182484e-01,1.320072910225122964e-03,3.960218730675368892e-03,5.139114897551033678e-03,9.099333628226402571e-03
4.913514735308641135e-01,4.926877668907182484e-01,1.336293359854134888e-03,4.008880079562404664e-03,4.866134888703577133e-03,8.875014968265981796e-03
4.913361405827318951e-01,4.926877668907182484e-01,1.351626307986353304e-03,4.054878923959059911e-03,4.599884439665524738e-03,8.654763363624584649e-03
4.913216731109360524e-01,4.926877668907182484e-01,1.366093779782195927e-03,4.098281339346587782e-03,4.340241538752787065e-03,8.438522878099374847e-03
4.913080494914280338e-01,4.926877668907182484e-01,1.379717399290214530e-03,4.139152197870643590e-03,4.087085852405580866e-03,8.226238050276224456e-03
4.912952484957250343e-01,4.926877668907182484e-01,1.392518394993214059e-03,4.177555184979642178e-03,3.840298710899858747e-03,8.017853895879500925e-03
4.912832492854116162e-01,4.926877668907182484e-01,1.404517605306632166e-03,4.213552815919896499e-03,3.599763094025432153e-03,7.813315909945328652e-03
4.912720314066891802e-01,4.926877668907182484e-01,1.415735484029068125e-03,4.247206452087204376e-03,3.365363616730787655e-03,7.612570068817992031e-03
4.912615747849736203e-01,4.926877668907182484e-01,1.426192105744628069e-03,4.278576317233884208e-03,3.136986514667983172e-03,7.415562831901867380e-03
4.912518597195412728e-01,4.926877668907182484e-01,1.435907171176975528e-03,4.307721513530926583e-03,2.914519629704237502e-03,7.222241143235164085e-03
4.912428668782232166e-01,4.926877668907182484e-01,1.444900012495031749e-03,4.334700037485095248e-03,2.697852395416866500e-03,7.032552432901961748e-03
4.912345772921484777e-01,4.926877668907182484e-01,1.453189598569770702e-03,4.359568795709312106e-03,2.486875822421685811e-03,6.846444618130997917e-03
4.912269723505355290e-01,4.926877668907182484e-01,1.460794540182719370e-03,4.382383620548158110e-03,2.281482483884600398e-03,6.663866104432758508e-03
4.912200337955330287e-01,4.926877668907182484e-01,1.467733095185219661e-03,4.403199285555658982e-03,2.081566500750087201e-03,6.484765786305746182e-03
4.912137437171091858e-01,4.926877668907182484e-01,1.474023173609062543e-03,4.422069520827187628e-03,1.887023527152864588e-03,6.309093047980052216e-03
4.912080845479901425e-01,4.926877668907182484e-01,1.479682342728105837e-03,4.439047028184317512e-03,1.697750735712988401e-03,6.136797763897305913e-03
4.912030390586474837e-01,4.926877668907182484e-01,1.484727832070764642e-03,4.454183496212293925e-03,1.513646802797641300e-03,5.967830299009935224e-03
4.911985903523347075e-01,4.926877668907182484e-01,1.489176538383540915e-03,4.467529615150622746e-03,1.334611893832882146e-03,5.802141508983504892e-03
4.911947218601728227e-01,4.926877668907182484e-01,1.493045030545425700e-03,4.479135091636277100e-03,1.160547648565435352e-03,5.639682740201712452e-03
4.911914173362849634e-01,4.926877668907182484e-01,1.496349554433284990e-03,4.489048663299854969e-03,9.913571663577869231e-04,5.480405829657641892e-03
4.911886608529800746e-01,4.926877668907182484e-01,1.499106037738173747e-03,4.497318113214521240e-03,8.269449914666271440e-04,5.324263104681148384e-03
4.911864367959856703e-01,4.926877668907182484e-01,1.501330094732578058e-03,4.503990284197734173e-03,6.672170983212932782e-04,5.171207382519027451e-03
4.911847298597294964e-01,4.926877668907182484e-01,1.503037030988751965e-03,4.509111092966255896e-03,5.120808768521722953e-04,5.021191969818428191e-03
4.911835250426703214e-01,4.926877668907182484e-01,1.504241848047926933e-03,4.512725544143780798e-03,3.614451177524902192e-04,4.874170661896271017e-03
4.911828076426773548e-01,4.926877668907182484e-01,1.504959248040893538e-03,4.514877744122680614e-03,2.152199978899815846e-04,4.730097742012662199e-03
4.911825632524585705e-01,4.926877668907182484e-01,1.505203638259677845e-03,4.515610914779033536e-03,7.331706563529216680e-05,4.588927980414325702e-03
4.911827777550378249e-01,4.926877668907182484e-01,1.504989135680423473e-03,4.514967407041270420e-03,-6.435077377631159834e-05,4.450616633264958821e-03
4.911834373192803804e-01,4.926877668907182484e-01,1.504329571437867941e-03,4.512988714313603822e-03,-1.978692727666597762e-04,4.315119441546944046e-03
4.911845283954671126e-01,4.926877668907182484e-01,1.503238495251135731e-03,4.509715485753407194e-03,-3.273228560196628223e-04,4.182392629733744371e-03
4.911860377109168452e-01,4.926877668907182484e-01,1.501729179801403191e-03,4.505187539404209573e-03,-4.527946349197620179e-04,4.052392904484447556e-03
4.911879522656569796e-01,4.926877668907182484e-01,1.499814625061268725e-03,4.499443875183806174e-03,-5.743664220403399412e-04,3.925077453143466233e-03
4.911902593281424201e-01,4.926877668907182484e-01,1.497507562575828288e-03,4.492522687727484865e-03,-6.921187456321309384e-04,3.800403942095353926e-03
4.911929464310220705e-01,4.926877668907182484e-01,1.494820459696177828e-03,4.484461379088533484e-03,-8.061308638951381056e-04,3.678330515193395378e-03
4.911960013669532943e-01,4.926877668907182484e-01,1.491765523764954082e-03,4.475296571294862247e-03,-9.164807793671236880e-04,3.558815791927738559e-03
4.911994121844636685e-01,4.926877668907182484e-01,1.488354706254579884e-03,4.465064118763739653e-03,-1.023245253112259334e-03,3.441818865651480319e-03
4.912031671838606450e-01,4.926877668907182484e-01,1.484599706857603341e-03,4.453799120572810022e-03,-1.126499819092963151e-03,3.327299301479846871e-03
4.912072549131877297e-01,4.926877668907182484e-01,1.480511977530518664e-03,4.441535932591555991e-03,-1.226318798125403120e-03,3.215217134466152871e-03
4.912116641642282899e-01,4.926877668907182484e-01,1.476102726489958439e-03,4.428308179469875316e-03,-1.322775312168067430e-03,3.105532867301807887e-03
4.912163839685555478e-01,4.926877668907182484e-01,1.471382922162700613e-03,4.414148766488101838e-03,-1.415941298177347818e-03,2.998207468310754020e-03
4.912214035936296463e-01,4.926877668907182484e-01,1.466363297088602025e-03,4.399089891265806074e-03,-1.505887522229576447e-03,2.893202369036229626e-03
4.912267125389406797e-01,4.926877668907182484e-01,1.461054351777568705e-03,4.383163055332706115e-03,-1.592683593309995871e-03,2.790479462022710244e-03
4.912323005321979075e-01,4.926877668907182484e-01,1.455466358520340897e-03,4.366399075561022691e-03,-1.676397977168342379e-03,2.690001098392680312e-03
4.912381575255649890e-01,4.926877668907182484e-01,1.449609365153259333e-03,4.348828095459777998e-03,-1.757098010124469312e-03,2.591730085335308686e-03
4.912442736919405695e-01,4.926877668907182484e-01,1.443493198777678899e-03,4.330479596333036696e-03,-1.834849912674130223e-03,2.495629683658906472e-03
4.912506394212845517e-01,4.926877668907182484e-01,1.437127469433696625e-03,4.311382408301089875e-03,-1.909718803194682124e-03,2.401663605106407751e-03
4.912572453169889997e-01,4.926877668907182484e-01,1.430521573729248708e-03,4.291564721187746123e-03,-1.981768711334375155e-03,2.309796009853370968e-03
4.912640821922944490e-01,4.926877668907182484e-01,1.423684698423799411e-03,4.271054095271398232e-03,-2.051062591634789101e-03,2.219991503636609131e-03
4.912711410667502387e-01,4.926877668907182484e-01,1.416625823968009623e-03,4.249877471904028869e-03,-2.117662336736936268e-03,2.132215135167092601e-03
4.912784131627195849e-01,4.926877668907182484e-01,1.409353727998663430e-03,4.228061183995990291e-03,-2.181628790803857854e-03,2.046432393192132437e-03
4.912858899019282299e-01,4.926877668907182484e-01,1.401876988790018430e-03,4.205630966370055290e-03,-2.243021762593500057e-03,1.962609203776555233e-03
4.912935629020572792e-01,4.926877668907182484e-01,1.394203988660969173e-03,4.182611965982907520e-03,-2.301900038714776997e-03,1.880711927268130523e-03
4.913014239733790589e-01,4.926877668907182484e-01,1.386342917339189462e-03,4.159028752017568387e-03,-2.358321396533913372e-03,1.800707355483655014e-03
4.913094651154363834e-01,4.926877668907182484e-01,1.378301775281864927e-03,4.134905325845594781e-03,-2.412342617197360539e-03,1.722562708648234242e-03
4.913176785137645664e-01,4.926877668907182484e-01,1.370088376953682019e-03,4.110265130861046057e-03,-2.464019498454872448e-03,1.646245632406173609e-03
4.913260565366559529e-01,4.926877668907182484e-01,1.361710354062295458e-03,4.085131062186886375e-03,-2.513406867415968193e-03,1.571724194770918182e-03
4.913345917319668632e-01,4.926877668907182484e-01,1.353175158751385165e-03,4.059525476254155496e-03,-2.560558593273087880e-03,1.498966882981067616e-03
4.913432768239660575e-01,4.926877668907182484e-01,1.344490066752190849e-03,4.033470200256572546e-03,-2.605527599758294954e-03,1.427942600498277592e-03
4.913521047102252792e-01,4.926877668907182484e-01,1.335662180492969142e-03,4.006986541478907426e-03,-2.648365877766512000e-03,1.358620663712395427e-03
4.913610684585508759e-01,4.926877668907182484e-01,1.326698432167372488e-03,3.980095296502117463e-03,-2.689124497678996306e-03,1.290970798823121157e-03
4.913701613039563876e-01,4.926877668907182484e-01,1.317605586761860792e-03,3.952816760285582376e-03,-2.727853621653508753e-03,1.224963138632073623e-03
4.913793766456757139e-01,4.926877668907182484e-01,1.308390245042534428e-03,3.925170735127603283e-03,-2.764602515797909277e-03,1.160568219329694006e-03
4.913887080442169708e-01,4.926877668907182484e-01,1.299058846501277564e-03,3.897176539503832693e-03,-2.799419562377059023e-03,1.097756977126773670e-03
4.913981492184559818e-01,4.926877668907182484e-01,1.289617672262266534e-03,3.868853016786799603e-03,-2.832352271703308944e-03,1.036500745083490660e-03
4.914076940427694606e-01,4.926877668907182484e-01,1.280072847948787729e-03,3.840218543846363186e-03,-2.863447294043641733e-03,9.767712498027214529e-04
4.914173365442079389e-01,4.926877668907182484e-01,1.270430346510309505e-03,3.811291039530928515e-03,-2.892750431543467116e-03,9.185406079874613994e-04
4.914270708997072190e-01,4.926877668907182484e-01,1.260695991011029360e-03,3.782087973033088080e-03,-2.920306649784043529e-03,8.617813232490445507e-04
4.914368914333388516e-01,4.926877668907182484e-01,1.250875457379396760e-03,3.752626372138190280e-03,-2.946160089489779921e-03,8.064662826484103597e-04
4.914467926135987486e-01,4.926877668907182484e-01,1.240974277119499813e-03,3.722922831358499440e-03,-2.970354077969084017e-03,7.525687533894154235e-04
4.914567690507339881e-01,4.926877668907182484e-01,1.230997839984260267e-03,3.692993519952780801e-03,-2.992931140571863935e-03,7.000623793809168660e-04
4.914668154941071454e-01,4.926877668907182484e-01,1.220951396611102968e-03,3.662854189833308904e-03,-3.013933011947189655e-03,6.489211778861192492e-04
4.914769268295980931e-01,4.926877668907182484e-01,1.210840061120155298e-03,3.632520183360465893e-03,-3.033400647284301144e-03,5.991195360761647493e-04
4.914870980770426612e-01,4.926877668907182484e-01,1.200668813675587199e-03,3.602006441026761596e-03,-3.051374233370429678e-03,5.506322076563319179e-04
4.914973243877079900e-01,4.926877668907182484e-01,1.190442503010258335e-03,3.571327509030775005e-03,-3.067893199598659137e-03,5.034343094321158674e-04
4.915076010418042429e-01,4.926877668907182484e-01,1.180165848914005444e-03,3.540497546742016333e-03,-3.082996228875867217e-03,4.575013178661491153e-04
4.915179234460322899e-01,4.926877668907182484e-01,1.169843444685958467e-03,3.509530334057875400e-03,-3.096721268414093231e-03,4.128090656437821693e-04
4.915282871311669188e-01,4.926877668907182484e-01,1.159479759551329536e-03,3.478439278653988609e-03,-3.109105540388679145e-03,3.693337382653094636e-04
4.915386877496753515e-01,4.926877668907182484e-01,1.149079141042896879e-03,3.447237423128690637e-03,-3.120185552529797235e-03,3.270518705988934016e-04
4.915491210733708427e-01,4.926877668907182484e-01,1.138645817347405664e-03,3.415937452042216993e-03,-3.129997108647364357e-03,2.859403433948526363e-04
4.915595829911006964e-01,4.926877668907182484e-01,1.128183899617551944e-03,3.384551698852655832e-03,-3.138575318956116078e-03,2.459763798965397541e-04
4.915700695064685322e-01,4.926877668907182484e-01,1.117697384249716208e-03,3.353092152749148624e-03,-3.145954610350720770e-03,2.071375423984278541e-04
4.915805767355905798e-01,4.926877668907182484e-01,1.107190155127668607e-03,3.321570465383005821e-03,-3.152168736614280320e-03,1.694017287687255013e-04
4.915911009048855029e-01,4.926877668907182484e-01,1.096665985832745438e-03,3.289997957498236314e-03,-3.157250788476950731e-03,1.327471690212855826e-04
4.916016383488973629e-01,4.926877668907182484e-01,1.086128541820885474e-03,3.258385625462656421e-03,-3.161233203557989313e-03,9.715242190466710781e-05
4.916121855081513892e-01,4.926877668907182484e-01,1.075581382566859201e-03,3.226744147700577603e-03,-3.164147776207881790e-03,6.259637149269581258e-05
4.916227389270425574e-01,4.926877668907182484e-01,1.065027963675690970e-03,3.195083891027072909e-03,-3.166025667350469419e-03,2.905822367660348959e-05
4.916332952517560861e-01,4.926877668907182484e-01,1.054471638962162228e-03,3.163414916886486683e-03,-3.166897414058622573e-03,-3.482497172135889940e-06
4.916438512282199080e-01,4.926877668907182484e-01,1.043915662498340335e-03,3.131746987495021006e-03,-3.166792939146567676e-03,-3.504595165154666958e-05
4.916544037000885603e-01,4.926877668907182484e-01,1.033363190629688066e-03,3.100089571889064199e-03,-3.165741560595680681e-03,-6.565198870661648201e-05
4.916649496067583835e-01,4.926877668907182484e-01,1.022817283959864820e-03,3.068451851879594461e-03,-3.163772000946973861e-03,-9.532014906737940052e-05
4.916754859814132517e-01,4.926877668907182484e-01,1.012280909304996701e-03,3.036842727914990103e-03,-3.160912396460435758e-03,-1.240696685454456549e-04
4.916860099491012770e-01,4.926877668907182484e-01,1.001756941616971375e-03,3.005270824850914124e-03,-3.157190306407597902e-03,-1.519194815566837775e-04
4.916965187248411584e-01,4.926877668907182484e-01,9.912481658770899706e-04,2.973744497631269912e-03,-3.152632721964421236e-03,-1.788882243331513244e-04
4.917070096117586164e-01,4.926877668907182484e-01,9.807572789596319396e-04,2.942271836878895819e-03,-3.147266075237409311e-03,-2.049942383585134920e-04
4.917174799992522494e-01,4.926877668907182484e-01,9.702868914659990018e-04,2.910860674397997006e-03,-3.141116248089881324e-03,-2.302555736918843188e-04
4.917279273611884771e-01,4.926877668907182484e-01,9.598395295297712515e-04,2.879518588589313755e-03,-3.134208580868325100e-03,-2.546899922790113457e-04
4.917383492541254619e-01,4.926877668907182484e-01,9.494176365927864403e-04,2.848252909778359321e-03,-3.126567881095443369e-03,-2.783149713170840478e-04
4.917487433155653398e-01,4.926877668907182484e-01,9.390235751529085739e-04,2.817070725458725722e-03,-3.118218431963359905e-03,-3.011477065046341828e-04
4.917591072622345960e-01,4.926877668907182484e-01,9.286596284836523552e-04,2.785978885450957065e-03,-3.109184000776865631e-03,-3.232051153259085652e-04
4.917694388883923073e-01,4.926877668907182484e-01,9.183280023259410285e-04,2.754984006977823086e-03,-3.099487847313397992e-03,-3.445038403355749068e-04
4.917797360641659732e-01,4.926877668907182484e-01,9.080308265522751832e-04,2.724092479656825549e-03,-3.089152732099753607e-03,-3.650602524429280571e-04
4.917899967339143807e-01,4.926877668907182484e-01,8.977701568038676250e-04,2.693310470411602875e-03,-3.078200924522267456e-03,-3.848904541106645816e-04
4.918002189146173930e-01,4.926877668907182484e-01,8.875479761008553403e-04,2.662643928302566021e-03,-3.066654210903685396e-03,-4.040102826011193748e-04
4.918104006942921602e-01,4.926877668907182484e-01,8.773661964260881518e-04,2.632098589278264456e-03,-3.054533902430156544e-03,-4.224353131518920890e-04
4.918205402304355878e-01,4.926877668907182484e-01,8.672266602826605997e-04,2.601679980847981799e-03,-3.041860843028265649e-03,-4.401808621802838495e-04
4.918306357484927838e-01,4.926877668907182484e-01,8.571311422254646040e-04,2.571393426676393812e-03,-3.028655417158798713e-03,-4.572619904824049009e-04
4.918406855403509303e-01,4.926877668907182484e-01,8.470813503673180200e-04,2.541244051101954060e-03,-3.014937557443975180e-03,-4.736935063420211200e-04
4.918506879628584683e-01,4.926877668907182484e-01,8.370789278597801086e-04,2.511236783579340326e-03,-3.000726752261373420e-03,-4.894899686820330942e-04
4.918606414363691504e-01,4.926877668907182484e-01,8.271254543490980105e-04,2.481376363047294031e-03,-2.986042053204629454e-03,-5.046656901573354226e-04
4.918705444433107976e-01,4.926877668907182484e-01,8.172224474074507583e-04,2.451667342222352275e-03,-2.970902082494175644e-03,-5.192347402718233695e-04
4.918803955267784245e-01,4.926877668907182484e-01,8.073713639398238939e-04,2.422114091819471682e-03,-2.955325040288059313e-03,-5.332109484685876311e-04
4.918901932891511786e-01,4.926877668907182484e-01,7.975736015670698009e-04,2.392720804701209403e-03,-2.939328711826227902e-03,-5.466079071250184995e-04
4.918999363907332611e-01,4.926877668907182484e-01,7.878304999849872203e-04,2.363491499954961661e-03,-2.922930474624774178e-03,-5.594389746698125165e-04
4.919096235484178292e-01,4.926877668907182484e-01,7.781433423004191496e-04,2.334430026901257449e-03,-2.906147305370421208e-03,-5.717172784691637588e-04
4.919192535343746009e-01,4.926877668907182484e-01,7.685133563436474802e-04,2.305540069030942441e-03,-2.888995787031500839e-03,-5.834557180005583987e-04
4.919288251747595542e-01,4.926877668907182484e-01,7.589417159586941963e-04,2.276825147876082589e-03,-2.871492115485985153e-03,-5.946669676099025637e-04
4.919383373484477184e-01,4.926877668907182484e-01,7.494295422705299359e-04,2.248288626811589808e-03,-2.853652106449278136e-03,-6.053634796376883287e-04
4.919477889857879482e-01,4.926877668907182484e-01,7.399779049303001344e-04,2.219933714790900403e-03,-2.835491202068940453e-03,-6.155574872780400497e-04
4.919571790673794576e-01,4.926877668907182484e-01,7.305878233387907983e-04,2.191763470016372395e-03,-2.817024477452800824e-03,-6.252610074364284287e-04
4.919665066228702255e-01,4.926877668907182484e-01,7.212602678480228846e-04,2.163780803544068654e-03,-2.798266647230374105e-03,-6.344858436863054507e-04
4.919757707297766069e-01,4.926877668907182484e-01,7.119961609416414205e-04,2.135988482824924262e-03,-2.779232071914439217e-03,-6.432435890895149555e-04
4.919849705123240935e-01,4.926877668907182484e-01,7.027963783941548748e-04,2.108389135182464624e-03,-2.759934764245963734e-03,-6.515456290634991099e-04
4.919941051403086685e-01,4.926877668907182484e-01,6.936617504095798914e-04,2.080985251228739674e-03,-2.740388395372495012e-03,-6.594031441437553376e-04
4.920031738279788125e-01,4.926877668907182484e-01,6.845930627394358758e-04,2.053779188218307628e-03,-2.720606301043204667e-03,-6.668271128248970392e-04
4.920121758329376593e-01,4.926877668907182484e-01,6.755910577805890327e-04,2.026773173341767098e-03,-2.700601487654052946e-03,-6.738283143122858476e-04
4.920211104550650805e-01,4.926877668907182484e-01,6.666564356531679003e-04,1.999969306959503701e-03,-2.680386638226339713e-03,-6.804173312668360118e-04
4.920299770354594204e-01,4.926877668907182484e-01,6.577898552588279379e-04,1.973369565776483814e-03,-2.659974118301988710e-03,-6.866045525255048965e-04
4.920387749553984946e-01,4.926877668907182484e-01,6.489919353197537433e-04,1.946975805959261230e-03,-2.639375981722258402e-03,-6.924001757629971721e-04
4.920475036353199605e-01,4.926877668907182484e-01,6.402632553982878783e-04,1.920789766194863635e-03,-2.618603976439759506e-03,-6.978142102448958717e-04
4.920561625338203959e-01,4.926877668907182484e-01,6.316043568978524370e-04,1.894813070693557311e-03,-2.597669550130632388e-03,-7.028564794370750768e-04
4.920647511466729185e-01,4.926877668907182484e-01,6.230157440453298889e-04,1.869047232135989667e-03,-2.576583855756764407e-03,-7.075366236207747406e-04
4.920732690058630676e-01,4.926877668907182484e-01,6.144978848551807538e-04,1.843493654565542261e-03,-2.555357757044740552e-03,-7.118641024791982908e-04
4.920817156786429503e-01,4.926877668907182484e-01,6.060512120752981069e-04,1.818153636225894321e-03,-2.534001833964794059e-03,-7.158481977388997386e-04
4.920900907666030943e-01,4.926877668907182484e-01,5.976761241151540283e-04,1.793028372345462085e-03,-2.512526388043223591e-03,-7.194980156977615060e-04
4.920983939047616773e-01,4.926877668907182484e-01,5.893729859565710605e-04,1.768118957869713181e-03,-2.490941447574890333e-03,-7.228224897051771514e-04
4.921066247606712962e-01,4.926877668907182484e-01,5.811421300469521434e-04,1.743426390140856430e-03,-2.469256772885675133e-03,-7.258303827448187029e-04
4.921147830335426132e-01,4.926877668907182484e-01,5.729838571756351584e-04,1.718951571526905475e-03,-2.447481861395095493e-03,-7.285302898681900174e-04
4.921228684533849318e-01,4.926877668907182484e-01,5.648984373333165721e-04,1.694695311999949716e-03,-2.425625952695575904e-03,-7.309306406956261881e-04
4.921308807801632046e-01,4.926877668907182484e-01,5.568861105550437784e-04,1.670658331665131335e-03,-2.403698033481838081e-03,-7.330397018167067458e-04
4.921388198029713057e-01,4.926877668907182484e-01,5.489470877469426746e-04,1.646841263240828024e-03,-2.381706842430331150e-03,-7.348655791895031264e-04
4.921466853392214569e-01,4.926877668907182484e-01,5.410815514967914908e-04,1.623244654490374472e-03,-2.359660875045355155e-03,-7.364162205549806828e-04
4.921544772338495854e-01,4.926877668907182484e-01,5.332896568686629202e-04,1.599868970605988761e-03,-2.337568388438571176e-03,-7.376994178325824159e-04
4.921621953585358922e-01,4.926877668907182484e-01,5.255715321823561936e-04,1.576714596547068581e-03,-2.315437405892017964e-03,-7.387228093449493826e-04
4.921698396109412954e-01,4.926877668907182484e-01,5.179272797769529646e-04,1.553781839330858894e-03,-2.293275721620968710e-03,-7.394938822901098163e-04
4.921774099139584746e-01,4.926877668907182484e-01,5.103569767597737616e-04,1.531070930279321285e-03,-2.271090905153760886e-03,-7.400199748744396011e-04
4.921849062149781240e-01,4.926877668907182484e-01,5.028606757401243854e-04,1.508582027220373156e-03,-2.248890305894812869e-03,-7.403082786744397126e-04
4.921923284851699165e-01,4.926877668907182484e-01,4.954384055483318505e-04,1.486315216644995552e-03,-2.226681057537760466e-03,-7.403658408927649148e-04
4.921996767187776234e-01,4.926877668907182484e-01,4.880901719406249839e-04,1.464270515821874952e-03,-2.204470082312059986e-03,-7.401995664901850347e-04
4.922069509324286662e-01,4.926877668907182484e-01,4.808159582895821238e-04,1.442447874868746371e-03,-2.182264095312858032e-03,-7.398162204441116607e-04
4.922141511644577139e-01,4.926877668907182484e-01,4.736157262605344975e-04,1.420847178781603493e-03,-2.160069608714287881e-03,-7.392224299326843884e-04
4.922212774742437680e-01,4.926877668907182484e-01,4.664894164744803895e-04,1.399468249423441168e-03,-2.137892935816232409e-03,-7.384246863927912408e-04
4.922283299415611824e-01,4.926877668907182484e-01,4.594369491570660102e-04,1.378310847471198031e-03,-2.115740195224313780e-03,-7.374293477531157492e-04
4.922353086659437826e-01,4.926877668907182484e-01,4.524582247744657337e-04,1.357374674323397201e-03,-2.093617314780082950e-03,-7.362426404566857485e-04
4.922422137660623642e-01,4.926877668907182484e-01,4.455531246558841474e-04,1.336659373967652442e-03,-2.071530035574475903e-03,-7.348706616068234609e-04
4.922490453791147913e-01,4.926877668907182484e-01,4.387215116034570705e-04,1.316164534810371212e-03,-2.049483915728123051e-03,-7.333193809177518396e-04
4.922558036602290854e-01,4.926877668907182484e-01,4.319632304891629637e-04,1.295889691467488891e-03,-2.027484334288232048e-03,-7.315946428207431573e-04
4.922624887818791151e-01,4.926877668907182484e-01,4.252781088391333064e-04,1.275834326517399919e-03,-2.005536495008897191e-03,-7.297021684914972717e-04
4.922691009333122758e-01,4.926877668907182484e-01,4.186659574059725664e-04,1.255997872217917699e-03,-1.983645429948222016e-03,-7.276475577303043174e-04
4.922756403199896602e-01,1.358181673684961677e-01,-3.564574729514934925e-01,-1.069372418854480422e+00,0.000000000000000000e+00,-1.069372418854480422e+00
4.921752424647816149e-01,1.358181673684961677e-01,-3.563570750962854472e-01,-1.069071225288856342e+00,3.011935656241360171e-02,-1.038951868726442740e+00
4.919709494227009206e-01,1.358181673684961677e-01,-3.561527820542047529e-01,-1.068458346162614259e+00,6.128791262420829611e-02,-1.007170433538405963e+00
4.916659393372663778e-01,1.358181673684961677e-01,-3.558477719687702101e-01,-1.067543315906310575e+00,9.150302563036283310e-02,-9.760402902759477417e-01
4.912633252228042480e-01,1.358181673684961677e-01,-3.554451578543080803e-01,-1.066335473562924241e+00,1.207842343386389405e-01,-9.455512392242853004e-01
4.907661559844196941e-01,1.358181673684961677e-01,-3.549479886159235265e-01,-1.064843965847770635e+00,1.491507715153661540e-01,-9.156931943324044809e-01
4.901774174266019246e-01,1.358181673684961677e-01,-3.543592500581057569e-01,-1.063077750174317160e+00,1.766215673453308543e-01,-8.864561828289863055e-01
4.895000332505012319e-01,1.358181673684961677e-01,-3.536818658820050643e-01,-1.061045597646015137e+00,2.032152528302078043e-01,-8.578303448158073330e-01
4.887368660399189491e-01,1.358181673684961677e-01,-3.529186986714227814e-01,-1.058756096014268344e+00,2.289501631746848620e-01,-8.298059328395834822e-01
4.878907182360527339e-01,1.358181673684961677e-01,-3.520725508675565663e-01,-1.056217652602669643e+00,2.538443411598645394e-01,-8.023733114428051039e-01
4.869643331010422571e-01,1.358181673684961677e-01,-3.511461657325460894e-01,-1.053438497197638268e+00,2.779155405031430437e-01,-7.755229566944952246e-01
4.859603956703623107e-01,1.358181673684961677e-01,-3.501422283018661430e-01,-1.050426684905598318e+00,3.011812292039839356e-01,-7.492454557016143823e-01
4.848815336941121878e-01,1.358181673684961677e-01,-3.490633663256160202e-01,-1.047190098976848116e+00,3.236585928750368435e-01,-7.235315061018112726e-01
4.837303185672519046e-01,1.358181673684961677e-01,-3.479121511987557369e-01,-1.043736453596267211e+00,3.453645380580849800e-01,-6.983719155381822308e-01
4.825092662488377759e-01,1.358181673684961677e-01,-3.466910988803416083e-01,-1.040073296641024880e+00,3.663156955242385937e-01,-6.737576011167862866e-01
4.812208381703119708e-01,1.358181673684961677e-01,-3.454026708018158032e-01,-1.036208012405447354e+00,3.865284235577415295e-01,-6.496795888477058245e-01
4.798674421329013895e-01,1.358181673684961677e-01,-3.440492747644052218e-01,-1.032147824293215610e+00,4.060188112231744029e-01,-6.261290130700412071e-01
4.784514331941838172e-01,1.358181673684961677e-01,-3.426332658256876496e-01,-1.027899797477062949e+00,4.248026816152716822e-01,-6.030971158617912664e-01
4.769751145438800854e-01,1.358181673684961677e-01,-3.411569471753839178e-01,-1.023470841526151753e+00,4.428955950911195316e-01,-5.805752464350322217e-01
4.754407383689328581e-01,1.358181673684961677e-01,-3.396225710004366904e-01,-1.018867713001310182e+00,4.603128524841682001e-01,-5.585548605171419823e-01
4.738505067079338828e-01,1.358181673684961677e-01,-3.380323393394377152e-01,-1.014097018018313090e+00,4.770694982996925848e-01,-5.370275197186205052e-01
4.722065722949630451e-01,1.358181673684961677e-01,-3.363884049264668774e-01,-1.009165214779400577e+00,4.931803238912513265e-01,-5.159848908881492502e-01
4.705110393929033963e-01,1.358181673684961677e-01,-3.346928720244072286e-01,-1.004078616073221575e+00,5.086598706178946383e-01,-4.954187454553269365e-01
4.687659646162982141e-01,1.358181673684961677e-01,-3.329477972478020464e-01,-9.988433917434060838e-01,5.235224329815546529e-01,-4.753209587618514309e-01
4.669733577438168748e-01,1.358181673684961677e-01,-3.311551903753207071e-01,-9.934655711259621214e-01,5.377820617444017959e-01,-4.556835093815603255e-01
4.651351825203973722e-01,1.358181673684961677e-01,-3.293170151519012046e-01,-9.879510454557036692e-01,5.514525670258507706e-01,-4.364984784298528986e-01
4.632533574491348727e-01,1.358181673684961677e-01,-3.274351900806387050e-01,-9.823055702419161150e-01,5.645475213787498614e-01,-4.177580488631662536e-01
4.613297565729860827e-01,1.358181673684961677e-01,-3.255115892044899151e-01,-9.765347676134696897e-01,5.770802628446369820e-01,-3.994545047688327077e-01
4.593662102463603736e-01,1.358181673684961677e-01,-3.235480428778642059e-01,-9.706441286335926177e-01,5.890638979877127479e-01,-3.815802306458798698e-01
4.573645058966701038e-01,1.358181673684961677e-01,-3.215463385281739361e-01,-9.646390155845218084e-01,6.005113049070809339e-01,-3.641277106774408745e-01
4.553263887759120832e-01,1.358181673684961677e-01,-3.195082214074159155e-01,-9.585246642222478020e-01,6.114351362274061952e-01,-3.470895279948416068e-01
4.532535627023545621e-01,1.358181673684961677e-01,-3.174353953338583945e-01,-9.523061860015751279e-01,6.218478220672563062e-01,-3.304583639343188217e-01
4.511476907924036328e-01,1.358181673684961677e-01,-3.153295234239074651e-01,-9.459885702717223399e-01,6.317615729852787965e-01,-3.142269972864435434e-01
4.490103961827240364e-01,1.358181673684961677e-01,-3.131922288142278687e-01,-9.395766864426835507e-01,6.411883829038789173e-01,-2.983883035388046334e-01
4.468432627426905390e-01,1.358181673684961677e-01,-3.110250953741943714e-01,-9.330752861225830586e-01,6.501400320100492181e-01,-2.829352541125338405e-01
4.446478357772458145e-01,1.358181673684961677e-01,-3.088296684087496469e-01,-9.264890052262488851e-01,6.586280896334173462e-01,-2.678609155928315388e-01
4.424256227202418290e-01,1.358181673684961677e-01,-3.066074553517456613e-01,-9.198223660552369285e-01,6.666639171011956577e-01,-2.531584489540412708e-01
4.401780938183424419e-01,1.358181673684961677e-01,-3.043599264498462742e-01,-9.130797793495388781e-01,6.742586705698161431e-01,-2.388211087797227350e-01
4.379066828055650507e-01,1.358181673684961677e-01,-3.020885154370688830e-01,-9.062655463112065934e-01,6.814233038332173642e-01,-2.248422424779892292e-01
4.356127875685398831e-01,1.358181673684961677e-01,-2.997946202000437155e-01,-8.993838606001312019e-01,6.881685711075502532e-01,-2.112152894925809488e-01
4.332977708025654295e-01,1.358181673684961677e-01,-2.974796034340692619e-01,-8.924388103022078411e-01,6.945050297923360816e-01,-1.979337805098717595e-01
4.309629606585400063e-01,1.358181673684961677e-01,-2.951447932900438387e-01,-8.854343798701315160e-01,7.004430432076269586e-01,-1.849913366625045574e-01
4.286096513808483333e-01,1.358181673684961677e-01,-2.927914840123521656e-01,-8.783744520370564413e-01,7.059927833075019254e-01,-1.723816687295545158e-01
4.262391039362836698e-01,1.358181673684961677e-01,-2.904209365677875021e-01,-8.712628097033625618e-01,7.111642333693990459e-01,-1.600985763339635159e-01
4.238525466340856140e-01,1.358181673684961677e-01,-2.880343792655894464e-01,-8.641031377967682836e-01,7.159671906594167190e-01,-1.481359471373515646e-01
4.214511757371738332e-01,1.358181673684961677e-01,-2.856330083686776655e-01,-8.568990251060329966e-01,7.204112690735342550e-01,-1.364877560324987416e-01
4.190361560646588268e-01,1.358181673684961677e-01,-2.832179886961626591e-01,-8.496539660884879774e-01,7.245059017545019131e-01,-1.251480643339860643e-01
4.166086215857104369e-01,1.358181673684961677e-01,-2.807904542172142692e-01,-8.423713626516428077e-01,7.282603436845169753e-01,-1.141110189671258324e-01
4.141696760048653170e-01,1.358181673684961677e-01,-2.783515086363691493e-01,-8.350545259091074479e-01,7.316836742535359761e-01,-1.033708516555714718e-01
4.117203933388546289e-01,1.358181673684961677e-01,-2.759022259703584612e-01,-8.277066779110753281e-01,7.347847998032064343e-01,-9.292187810786889379e-02
4.092618184850331797e-01,1.358181673684961677e-01,-2.734436511165370121e-01,-8.203309533496110362e-01,7.375724561464347406e-01,-8.275849720317629554e-02
4.067949677814913789e-01,1.358181673684961677e-01,-2.709768004129952113e-01,-8.129304012389856338e-01,7.400552110625402413e-01,-7.287519017644539243e-02
4.043208295589319490e-01,1.358181673684961677e-01,-2.685026621904357813e-01,-8.055079865713072884e-01,7.422414667678289835e-01,-6.326651980347830495e-02
4.018403646843921595e-01,1.358181673684961677e-01,-2.660221973158959918e-01,-7.980665919476879200e-01,7.441394623619368431e-01,-5.392712958575107685e-02
3.993545070968937960e-01,1.358181673684961677e-01,-2.635363397283976283e-01,-7.906090191851928850e-01,7.457572762495090490e-01,-4.485174293568383597e-02
3.968641643351018544e-01,1.358181673684961677e-01,-2.610459969666056868e-01,-7.831379908998170603e-01,7.471028285375824751e-01,-3.603516236223458513e-02
3.943702180570737292e-01,1.358181673684961677e-01,-2.585520506885775616e-01,-7.756561520657326847e-01,7.481838834084375556e-01,-2.747226865729512912e-02
3.918735245521798305e-01,1.358181673684961677e-01,-2.560553571836836628e-01,-7.681660715510509885e-01,7.490080514681696222e-01,-1.915802008288136626e-02
3.893749152452776752e-01,1.358181673684961677e-01,-2.535567478767815075e-01,-7.606702436303445225e-01,7.495827920706465974e-01,-1.108745155969792506e-02
3.868751971932195555e-01,1.358181673684961677e-01,-2.510570298247233878e-01,-7.531710894741701079e-01,7.499154156174359098e-01,-3.255673856734198068e-03
3.843751535737757186e-01,1.358181673684961677e-01,-2.485569862052795509e-01,-7.456709586158386527e-01,7.500130858331510719e-01,4.342127217312419241e-03
3.818755441670536599e-01,1.358181673684961677e-01,-2.460573767985574922e-01,-7.381721303956725322e-01,7.498828220166176006e-01,1.171069162094506844e-02
3.793771058294936882e-01,1.358181673684961677e-01,-2.435589384609975205e-01,-7.306768153829925616e-01,7.495315012679915068e-01,1.885468588499894516e-02
3.768805529605221971e-01,1.358181673684961677e-01,-2.410623855920260294e-01,-7.231871567760781438e-01,7.489658606914473271e-01,2.577870391536918326e-02
3.743865779619422463e-01,1.358181673684961677e-01,-2.385684105934460786e-01,-7.157052317803382913e-01,7.481924995739852591e-01,3.248726779364696782e-02
3.718958516901416655e-01,1.358181673684961677e-01,-2.360776843216454979e-01,-7.082330529649365491e-01,7.472178815401742114e-01,3.898482857523766221e-02
3.694090239011986188e-01,1.358181673684961677e-01,-2.335908565327024511e-01,-7.007725695981072978e-01,7.460483366829140373e-01,4.527576708480673950e-02
3.669267236889640627e-01,1.358181673684961677e-01,-2.311085563204678950e-01,-6.933256689614036850e-01,7.446900636703668308e-01,5.136439470896314585e-02
3.644495599162003718e-01,1.358181673684961677e-01,-2.286313925477042042e-01,-6.858941776431126680e-01,7.431491318291072457e-01,5.725495418599457764e-02
3.619781216388552880e-01,1.358181673684961677e-01,-2.261599542703591204e-01,-6.784798628110773056e-01,7.414314832035251435e-01,6.295162039244783792e-02
3.595129785235494646e-01,1.358181673684961677e-01,-2.236948111550532969e-01,-6.710844334651598908e-01,7.395429345917470254e-01,6.845850112658713460e-02
3.570546812583562657e-01,1.358181673684961677e-01,-2.212365138898600980e-01,-6.637095416695802941e-01,7.374891795579596732e-01,7.377963788837937908e-02
3.546037619569519239e-01,1.358181673684961677e-01,-2.187855945884557562e-01,-6.563567837653672132e-01,7.352757904213025331e-01,7.891900665593531983e-02
3.521607345562131619e-01,1.358181673684961677e-01,-2.163425671877169942e-01,-6.490277015631509272e-01,7.329082202216286035e-01,8.388051865847767630e-02
3.497260952073402707e-01,1.358181673684961677e-01,-2.139079278388441030e-01,-6.417237835165323645e-01,7.303918046618673721e-01,8.866802114533500756e-02
3.473003226605819171e-01,1.358181673684961677e-01,-2.114821552920857495e-01,-6.344464658762571929e-01,7.277317640275060562e-01,9.328529815124886326e-02
3.448838786436386750e-01,1.358181673684961677e-01,-2.090657112751425073e-01,-6.271971338254275219e-01,7.249332050829726537e-01,9.773607125754513181e-02
3.424772082338211621e-01,1.358181673684961677e-01,-2.066590408653249944e-01,-6.199771225959749277e-01,7.220011229452538704e-01,1.020240003492789427e-01
3.400807402240386135e-01,1.358181673684961677e-01,-2.042625728555424458e-01,-6.127877185666272819e-01,7.189404029347645775e-01,1.061526843681372956e-01
3.376948874826928848e-01,1.358181673684961677e-01,-2.018767201141967171e-01,-6.056301603425902069e-01,7.157558224037186001e-01,1.101256620611283932e-01
3.353200473075532706e-01,1.358181673684961677e-01,-1.995018799390571029e-01,-5.985056398171713088e-01,7.124520525418842620e-01,1.139464127247129532e-01
3.329566017736861339e-01,1.358181673684961677e-01,-1.971384344051899662e-01,-5.914153032155698986e-01,7.090336601601410216e-01,1.176183569445711230e-01
3.306049180755134542e-01,1.358181673684961677e-01,-1.947867507070172866e-01,-5.843602521210518042e-01,7.055051094518038912e-01,1.211448573307520871e-01
3.282653488630738470e-01,1.358181673684961677e-01,-1.924471814945776793e-01,-5.773415444837330934e-01,7.018707637318821746e-01,1.245292192481490812e-01
3.259382325725590501e-01,1.358181673684961677e-01,-1.901200652040628825e-01,-5.703601956121886474e-01,6.981348871544390544e-01,1.277746915422504070e-01
3.236238937511984881e-01,1.358181673684961677e-01,-1.878057263827023204e-01,-5.634171791481069613e-01,6.943016464081686046e-01,1.308844672600616432e-01
3.213226433765639101e-01,1.358181673684961677e-01,-1.855044760080677424e-01,-5.565134280242032272e-01,6.903751123903734133e-01,1.338616843661701861e-01
3.190347791703659341e-01,1.358181673684961677e-01,-1.832166118018697665e-01,-5.496498354056092994e-01,6.863592618593927774e-01,1.367094264537834780e-01
3.167605859068133300e-01,1.358181673684961677e-01,-1.809424185383171624e-01,-5.428272556149514871e-01,6.822579790657812282e-01,1.394307234508297411e-01
3.145003357156058166e-01,1.358181673684961677e-01,-1.786821683471096489e-01,-5.360465050413290022e-01,6.780750573622540411e-01,1.420285523209250389e-01
3.122542883796304292e-01,1.358181673684961677e-01,-1.764361210111342615e-01,-5.293083630334027845e-01,6.738142007926162247e-01,1.445058377592134402e-01
3.100226916274309574e-01,1.358181673684961677e-01,-1.742045242589347898e-01,-5.226135727768044248e-01,6.694790256598415201e-01,1.468654528830370953e-01
3.078057814205197862e-01,1.358181673684961677e-01,-1.719876140520236185e-01,-5.159628421560709111e-01,6.650730620733513732e-01,1.491102199172804621e-01
3.056037822356003075e-01,1.358181673684961677e-01,-1.697856148671041399e-01,-5.093568446013123641e-01,6.605997554758435975e-01,1.512429108745312334e-01
3.034169073417682938e-01,1.358181673684961677e-01,-1.675987399732721261e-01,-5.027962199198163784e-01,6.560624681496041166e-01,1.532662482297877382e-01
3.012453590727592889e-01,1.358181673684961677e-01,-1.654271917042631213e-01,-4.962815751127893638e-01,6.514644807027014650e-01,1.551829055899121013e-01
2.990893290943092420e-01,1.358181673684961677e-01,-1.632711617258130743e-01,-4.898134851774392229e-01,6.468089935350140873e-01,1.569955083575748644e-01
2.969489986666949410e-01,1.358181673684961677e-01,-1.611308312981987734e-01,-4.833924938945963201e-01,6.420991282842902770e-01,1.587066343896939569e-01
2.948245389025196395e-01,1.358181673684961677e-01,-1.590063715340234718e-01,-4.770191146020704154e-01,6.373379292525904738e-01,1.603188146505200584e-01
2.927161110198093774e-01,1.358181673684961677e-01,-1.568979436513132097e-01,-4.706938309539396292e-01,6.325283648130786140e-01,1.618345338591389848e-01
2.906238665904850582e-01,1.358181673684961677e-01,-1.548056992219888905e-01,-4.644170976659666716e-01,6.276733287972957598e-01,1.632562311313290881e-01
2.885479477842738394e-01,1.358181673684961677e-01,-1.527297804157776717e-01,-4.581893412473330152e-01,6.227756418633656477e-01,1.645863006160326325e-01
2.864884876081242315e-01,1.358181673684961677e-01,-1.506703202396280639e-01,-4.520109607188841916e-01,6.178380528448823572e-01,1.658270921259981656e-01
2.844456101411872440e-01,1.358181673684961677e-01,-1.486274427726910763e-01,-4.458823283180732289e-01,6.128632400810962721e-01,1.669809117630230433e-01
2.824194307654265268e-01,1.358181673684961677e-01,-1.466012633969303591e-01,-4.398037901907910774e-01,6.078538127282151482e-01,1.680500225374240708e-01
2.804100563919195710e-01,1.358181673684961677e-01,-1.445918890234234033e-01,-4.337756670702702100e-01,6.028123120520867406e-01,1.690366449818165306e-01
2.784175856829108064e-01,1.358181673684961677e-01,-1.425994183144146388e-01,-4.277982549432439163e-01,5.977412127026293653e-01,1.699429577593854490e-01
2.764421092696779381e-01,1.358181673684961677e-01,-1.406239419011817704e-01,-4.218718257035453112e-01,5.926429239698605134e-01,1.707710982663152022e-01
2.744837099662717494e-01,1.358181673684961677e-01,-1.386655425977755818e-01,-4.159966277933267453e-01,5.875197910218565855e-01,1.715231632285298402e-01
2.725424629791883824e-01,1.358181673684961677e-01,-1.367242956106922147e-01,-4.101728868320766441e-01,5.823740961250101211e-01,1.722012092929334770e-01
2.706184361130343219e-01,1.358181673684961677e-01,-1.348002687445381542e-01,-4.044008062336144627e-01,5.772080598462181467e-01,1.728072536126036840e-01
2.687116899722415408e-01,1.358181673684961677e-01,-1.328935226037453732e-01,-3.986805678112361195e-01,5.720238422378343124e-01,1.733432744265981928e-01
2.668222781588913683e-01,1.358181673684961677e-01,-1.310041107903952007e-01,-3.930123323711856020e-01,5.668235440050517493e-01,1.738112116338661473e-01
2.649502474667045915e-01,1.358181673684961677e-01,-1.291320800982084238e-01,-3.873962402946252714e-01,5.616092076560330604e-01,1.742129673614077889e-01
2.630956380712539677e-01,1.358181673684961677e-01,-1.272774707027578001e-01,-3.818324121082734002e-01,5.563828186351871263e-01,1.745504065269137262e-01
2.612584837164560470e-01,1.358181673684961677e-01,-1.254403163479598793e-01,-3.763209490438796379e-01,5.511463064393762323e-01,1.748253573954965945e-01
2.594388118973976476e-01,1.358181673684961677e-01,-1.236206445289014799e-01,-3.708619335867044398e-01,5.459015457175198094e-01,1.750396121308153696e-01
2.576366440395523316e-01,1.358181673684961677e-01,-1.218184766710561640e-01,-3.654554300131684919e-01,5.406503573535947904e-01,1.751949273404262986e-01
2.558519956744410573e-01,1.358181673684961677e-01,-1.200338283059448896e-01,-3.601014849178346688e-01,5.353945095333823012e-01,1.752930246155476324e-01
2.540848766117913549e-01,1.358181673684961677e-01,-1.182667092432951872e-01,-3.548001277298855616e-01,5.301357187949107264e-01,1.753355910650251648e-01
2.523352911082481498e-01,1.358181673684961677e-01,-1.165171237397519821e-01,-3.495513712192559463e-01,5.248756510629615235e-01,1.753242798437055772e-01
2.506032380326893017e-01,1.358181673684961677e-01,-1.147850706641931340e-01,-3.443552119925794019e-01,5.196159226676544396e-01,1.752607106750750376e-01
2.488887110281979842e-01,1.358181673684961677e-01,-1.130705436597018165e-01,-3.392116309791054496e-01,5.143581013473952357e-01,1.751464703682897861e-01
2.471916986707435038e-01,1.358181673684961677e-01,-1.113735313022473361e-01,-3.341205939067419806e-01,5.091037072363441274e-01,1.749831133296021468e-01
2.455121846246219874e-01,1.358181673684961677e-01,-1.096940172561258198e-01,-3.290820517683774593e-01,5.038542138364549006e-01,1.747721620680774413e-01
2.438501477947072615e-01,1.358181673684961677e-01,-1.080319804262110939e-01,-3.240959412786332816e-01,4.986110489744177698e-01,1.745151076957844882e-01
2.422055624755621306e-01,1.358181673684961677e-01,-1.063873951070659629e-01,-3.191621853211978888e-01,4.933755957435392858e-01,1.742134104223413971e-01
2.405783984974592116e-01,1.358181673684961677e-01,-1.047602311289630439e-01,-3.142806933868891317e-01,4.881491934308757052e-01,1.738685000439865735e-01
2.389686213693607009e-01,1.358181673684961677e-01,-1.031504540008645332e-01,-3.094513620025935996e-01,4.829331384295532104e-01,1.734817764269596108e-01
2.373761924189048966e-01,1.358181673684961677e-01,-1.015580250504087290e-01,-3.046740751512261869e-01,4.777286851367412712e-01,1.730546099855150843e-01
2.358010689294476325e-01,1.358181673684961677e-01,-9.998290156095146486e-02,-2.999487046828543946e-01,4.725370468371792310e-01,1.725883421543248364e-01
2.342432042742058074e-01,1.358181673684961677e-01,-9.842503690570963970e-02,-2.952751107171289191e-01,4.673593965725475474e-01,1.720842858554186283e-01
2.327025480475495289e-01,1.358181673684961677e-01,-9.688438067905336126e-02,-2.906531420371600838e-01,4.621968679968835314e-01,1.715437259597234476e-01
2.311790461934892238e-01,1.358181673684961677e-01,-9.536087882499305612e-02,-2.860826364749791684e-01,4.570505562180915415e-01,1.709679197431123732e-01
2.296726411314032323e-01,1.358181673684961677e-01,-9.385447376290706467e-02,-2.815634212887211940e-01,4.519215186257974359e-01,1.703580973370762419e-01
2.281832718790509362e-01,1.358181673684961677e-01,-9.236510451055476856e-02,-2.770953135316642779e-01,4.468107757056888341e-01,1.697154621740245561e-01
2.267108741729160493e-01,1.358181673684961677e-01,-9.089270680441988159e-02,-2.726781204132596725e-01,4.417193118404660890e-01,1.690411914272064164e-01
2.252553805859238700e-01,1.358181673684961677e-01,-8.943721321742770236e-02,-2.683116396522831071e-01,4.366480760976537701e-01,1.683364364453706630e-01
2.238167206425762390e-01,1.358181673684961677e-01,-8.799855327408007133e-02,-2.639956598222402140e-01,4.315979830042893095e-01,1.676023231820490955e-01
2.223948209315468050e-01,1.358181673684961677e-01,-8.657665356305063731e-02,-2.597299606891518842e-01,4.265699133088302064e-01,1.668399526196783222e-01
2.209896052157793445e-01,1.358181673684961677e-01,-8.517143784728317679e-02,-2.555143135418495026e-01,4.215647147302381548e-01,1.660504011883886522e-01
2.196009945401307117e-01,1.358181673684961677e-01,-8.378282717163454407e-02,-2.513484815149036322e-01,4.165832026945898159e-01,1.652347211796861837e-01
2.182289073366000531e-01,1.358181673684961677e-01,-8.241073996810388547e-02,-2.472322199043116564e-01,4.116261610591975817e-01,1.643939411548859253e-01
2.168732595271848917e-01,1.358181673684961677e-01,-8.105509215868872408e-02,-2.431652764760661722e-01,4.066943428245484160e-01,1.635290663484822438e-01
2.155339646244045781e-01,1.358181673684961677e-01,-7.971579725590841048e-02,-2.391473917677252314e-01,4.017884708340940803e-01,1.626410790663688488e-01
2.142109338295309084e-01,1.358181673684961677e-01,-7.839276646103474078e-02,-2.351782993831042223e-01,3.969092384621009106e-01,1.617309390789966883e-01
2.129040761285651284e-01,1.358181673684961677e-01,-7.708590876006896075e-02,-2.312577262802068823e-01,3.920573102897340068e-01,1.607995840095271245e-01
2.116132983860002925e-01,1.358181673684961677e-01,-7.579513101750412485e-02,-2.273853930525123745e-01,3.872333227694507718e-01,1.598479297169383972e-01
2.103385054364071693e-01,1.358181673684961677e-01,-7.452033806791100168e-02,-2.235610142037330050e-01,3.824378848779369511e-01,1.588768706742039460e-01
2.090796001738814414e-01,1.358181673684961677e-01,-7.326143280538527369e-02,-2.197842984161558211e-01,3.776715787577183958e-01,1.578872803415625747e-01
2.078364836393898907e-01,1.358181673684961677e-01,-7.201831627089372301e-02,-2.160549488126811690e-01,3.729349603474652053e-01,1.568800115347840363e-01
2.066090551060518199e-01,1.358181673684961677e-01,-7.079088773755565223e-02,-2.123726632126669567e-01,3.682285600014212346e-01,1.558558967887542779e-01
2.053972121623926228e-01,1.358181673684961677e-01,-6.957904479389645513e-02,-2.087371343816893654e-01,3.635528830977591275e-01,1.548157487160697621e-01
2.042008507936050321e-01,1.358181673684961677e-01,-6.838268342510886444e-02,-2.051480502753265933e-01,3.589084106362772086e-01,1.537603603609506153e-01
2.030198654608535436e-01,1.358181673684961677e-01,-6.720169809235737590e-02,-2.016050942770721277e-01,3.542955998254465610e-01,1.526905055483744333e-01
2.018541491786568776e-01,1.358181673684961677e-01,-6.603598181016070989e-02,-1.981079454304821297e-01,3.497148846589998028e-01,1.516069392285176731e-01
2.007035935903830615e-01,1.358181673684961677e-01,-6.488542622188689379e-02,-1.946562786656606814e-01,3.451666764821448297e-01,1.505103978164841483e-01
1.995680890418908837e-01,1.358181673684961677e-01,-6.374992167339471605e-02,-1.912497650201841481e-01,3.406513645476533236e-01,1.494015995274691755e-01
1.984475246533514703e-01,1.358181673684961677e-01,-6.262935728485530262e-02,-1.878880718545659079e-01,3.361693165618240275e-01,1.482812447072581197e-01
1.973417883892827907e-01,1.358181673684961677e-01,-6.152362102078662298e-02,-1.845708630623598689e-01,3.317208792206038925e-01,1.471500161582440236e-01
1.962507671268299281e-01,1.358181673684961677e-01,-6.043259975833376041e-02,-1.812977992750012812e-01,3.273063787358587717e-01,1.460085794608574905e-01
1.951743467223231443e-01,1.358181673684961677e-01,-5.935617935382697663e-02,-1.780685380614809299e-01,3.229261213520351337e-01,1.448575832905542038e-01
1.941124120761454075e-01,1.358181673684961677e-01,-5.829424470764923982e-02,-1.748827341229477195e-01,3.185803938533210422e-01,1.436976597303733227e-01
1.930648471959407197e-01,1.358181673684961677e-01,-5.724667982744455208e-02,-1.717400394823336562e-01,3.142694640614063228e-01,1.425294245790726666e-01
1.920315352581939417e-01,1.358181673684961677e-01,-5.621336788969777398e-02,-1.686401036690933219e-01,3.099935813240334292e-01,1.413534776549401073e-01
1.910123586682126451e-01,1.358181673684961677e-01,-5.519419129971647742e-02,-1.655825738991494323e-01,3.057529769943889697e-01,1.401704030952395374e-01
1.900071991185408871e-01,1.358181673684961677e-01,-5.418903175004471939e-02,-1.625670952501341582e-01,3.015478649015274071e-01,1.389807696513932489e-01
1.890159376458342699e-01,1.358181673684961677e-01,-5.319777027733810226e-02,-1.595933108320143068e-01,2.973784418119851392e-01,1.377851309799708324e-01
1.880384546862256534e-01,1.358181673684961677e-01,-5.222028731772948573e-02,-1.566608619531884572e-01,2.932448878825849592e-01,1.365840259293965020e-01
1.870746301292099678e-01,1.358181673684961677e-01,-5.125646276071380014e-02,-1.537693882821414004e-01,2.891473671047056770e-01,1.353779788225642766e-01
1.861243433700765504e-01,1.358181673684961677e-01,-5.030617600158038272e-02,-1.509185280047411482e-01,2.850860277400252274e-01,1.341674997352840792e-01
1.851874733609166490e-01,1.358181673684961677e-01,-4.936930599242048134e-02,-1.481079179772614440e-01,2.810610027479704121e-01,1.329530847707089680e-01
1.842638986602338214e-01,1.358181673684961677e-01,-4.844573129173765369e-02,-1.453371938752129611e-01,2.770724102048482962e-01,1.317352163296353351e-01
1.833534974811839580e-01,1.358181673684961677e-01,-4.753533011268779029e-02,-1.426059903380633709e-01,2.731203537149590188e-01,1.305143633768956479e-01
1.824561477384717689e-01,1.358181673684961677e-01,-4.663798036997560126e-02,-1.399139411099268038e-01,2.692049228136567107e-01,1.292909817037299069e-01
1.815717270939299632e-01,1.358181673684961677e-01,-4.575355972543379557e-02,-1.372606791763013867e-01,2.653261933625417068e-01,1.280655141862403201e-01
1.807001130008067946e-01,1.358181673684961677e-01,-4.488194563231062695e-02,-1.346458368969318808e-01,2.614842279369505862e-01,1.268383910400187053e-01
1.798411827467876201e-01,1.358181673684961677e-01,-4.402301537829145239e-02,-1.320690461348743572e-01,2.576790762057523665e-01,1.256100300708780093e-01
1.789948134957755344e-01,1.358181673684961677e-01,-4.317664612727936668e-02,-1.295299383818381000e-01,2.539107753036257131e-01,1.243808369217876131e-01
1.781608823284556165e-01,1.358181673684961677e-01,-4.234271495995944878e-02,-1.270281448798783464e-01,2.501793501959753696e-01,1.231512053160970233e-01
1.773392662816673238e-01,1.358181673684961677e-01,-4.152109891317115609e-02,-1.245632967395134683e-01,2.464848140364878093e-01,1.219215172969743410e-01
1.765298423866087096e-01,1.358181673684961677e-01,-4.071167501811254197e-02,-1.221350250543376259e-01,2.428271685175842354e-01,1.206921434632466095e-01
1.757324877058964174e-01,1.358181673684961677e-01,-3.991432033740024976e-02,-1.197429610122007493e-01,2.392064042136876623e-01,1.194634432014869130e-01
1.749470793695042936e-01,1.358181673684961677e-01,-3.912891200100812594e-02,-1.173867360030243778e-01,2.356225009176371454e-01,1.182357649146127676e-01
1.741734946096036296e-01,1.358181673684961677e-01,-3.835532724110746194e-02,-1.150659817233223858e-01,2.320754279701991996e-01,1.170094462468768137e-01
1.734116107943276530e-01,1.358181673684961677e-01,-3.759344342583148535e-02,-1.127803302774944560e-01,2.285651445827929784e-01,1.157848143052985224e-01
1.726613054604821951e-01,1.358181673684961677e-01,-3.684313809198602740e-02,-1.105294142759580822e-01,2.250916001536373834e-01,1.145621858776793012e-01
1.719224563452245169e-01,1.358181673684961677e-01,-3.610428897672834925e-02,-1.083128669301850477e-01,2.216547345773034472e-01,1.133418676471183995e-01
1.711949414167315553e-01,1.358181673684961677e-01,-3.537677404823538763e-02,-1.061303221447061629e-01,2.182544785478884863e-01,1.121241564031823235e-01
1.704786389038789041e-01,1.358181673684961677e-01,-3.466047153538273640e-02,-1.039814146061482092e-01,2.148907538557953689e-01,1.109093392496471597e-01
1.697734273249512094e-01,1.358181673684961677e-01,-3.395525995645504169e-02,-1.018657798693651251e-01,2.115634736783084113e-01,1.096976938089432863e-01
1.690791855154044065e-01,1.358181673684961677e-01,-3.326101814690823888e-02,-9.978305444072471664e-02,2.082725428640408438e-01,1.084894884233161272e-01
1.683957926546999495e-01,1.358181673684961677e-01,-3.257762528620378184e-02,-9.773287585861134552e-02,2.050178582113371117e-01,1.072849823527257662e-01
1.677231282922307665e-01,1.358181673684961677e-01,-3.190496092373459880e-02,-9.571488277120379640e-02,2.017993087407549124e-01,1.060844259695511160e-01
1.670610723723585378e-01,1.358181673684961677e-01,-3.124290500386237013e-02,-9.372871501158711038e-02,1.986167759616686013e-01,1.048880609500814909e-01
1.664095052585813084e-01,1.358181673684961677e-01,-3.059133789008514070e-02,-9.177401367025542211e-02,1.954701341331688269e-01,1.036961204629134048e-01
1.657683077568503638e-01,1.358181673684961677e-01,-2.995014038835419612e-02,-8.985042116506258836e-02,1.923592505192833757e-01,1.025088293542207873e-01
1.651373611380548556e-01,1.358181673684961677e-01,-2.931919376955868795e-02,-8.795758130867606384e-02,1.892839856386524522e-01,1.013264043299763884e-01
1.645165471596923279e-01,1.358181673684961677e-01,-2.869837979119616023e-02,-8.609513937358848068e-02,1.862441935087583156e-01,1.001490541351698349e-01
1.639057480867433247e-01,1.358181673684961677e-01,-2.808758071824715707e-02,-8.426274215474147122e-02,1.832397218847009457e-01,9.897697972995947446e-02
1.633048467117673153e-01,1.358181673684961677e-01,-2.748667934327114759e-02,-8.246003802981344277e-02,1.802704124928028451e-01,9.781037446298940230e-02
1.627137263742376161e-01,1.358181673684961677e-01,-2.689555900574144842e-02,-8.068667701722434527e-02,1.773361012589097507e-01,9.664942424168540547e-02
1.621322709791320760e-01,1.358181673684961677e-01,-2.631410361063590830e-02,-7.894231083190772491e-02,1.744366185316620355e-01,9.549430769975431055e-02
1.615603650147965087e-01,1.358181673684961677e-01,-2.574219764630034102e-02,-7.722659293890102306e-02,1.715717893006701855e-01,9.434519636176916246e-02
1.609978935700971114e-01,1.358181673684961677e-01,-2.517972620160094377e-02,-7.553917860480283131e-02,1.687414334098191748e-01,9.320225480501634352e-02
1.604447423508782167e-01,1.358181673684961677e-01,-2.462657498238204901e-02,-7.387972494714614702e-02,1.659453657656684289e-01,9.206564081852228187e-02
1.599007976957411981e-01,1.358181673684961677e-01,-2.408263032724503039e-02,-7.224789098173509116e-02,1.631833965411055853e-01,9.093550555937049418e-02
1.593659465911601014e-01,1.358181673684961677e-01,-2.354777922266393375e-02,-7.064333766799180125e-02,1.604553313743289911e-01,8.981199370633718981e-02
1.588400766859496271e-01,1.358181673684961677e-01,-2.302190931745345948e-02,-6.906572795236037843e-02,1.577609715631422826e-01,8.869524361078190422e-02
1.583230763051002576e-01,1.358181673684961677e-01,-2.250490893660408998e-02,-6.751472680981226993e-02,1.551001142548108502e-01,8.758538744499858031e-02
1.578148344629953792e-01,1.358181673684961677e-01,-2.199666709449921154e-02,-6.599000128349763461e-02,1.524725526314635315e-01,8.648255134796589694e-02
1.573152408760253029e-01,1.358181673684961677e-01,-2.149707350752913526e-02,-6.449122052258740578e-02,1.498780760910228826e-01,8.538685556843547686e-02
1.568241859746120626e-01,1.358181673684961677e-01,-2.100601860611589489e-02,-6.301805581834768466e-02,1.473164704239721123e-01,8.429841460562442768e-02
1.563415609146593943e-01,1.358181673684961677e-01,-2.052339354616322664e-02,-6.157018063848967993e-02,1.447875179858004735e-01,8.321733734731079357e-02
1.558672575884414435e-01,1.358181673684961677e-01,-2.004909021994527585e-02,-6.014727065983582754e-02,1.422909978653852381e-01,8.214372720554941054e-02
1.554011686349440480e-01,1.358181673684961677e-01,-1.958300126644788031e-02,-5.874900379934364092e-02,1.398266860492186625e-01,8.107768224987502159e-02
1.549431874496716433e-01,1.358181673684961677e-01,-1.912502008117547558e-02,-5.737506024352642675e-02,1.373943555817214168e-01,8.001929533819499007e-02
1.544932081939330570e-01,1.358181673684961677e-01,-1.867504082543688937e-02,-5.602512247631066811e-02,1.349937767215758644e-01,7.896865424526519628e-02
1.540511258036189879e-01,1.358181673684961677e-01,-1.823295843512282022e-02,-5.469887530536846065e-02,1.326247170942207454e-01,7.792584178885228474e-02
1.536168359974838249e-01,1.358181673684961677e-01,-1.779866862898765723e-02,-5.339600588696297168e-02,1.302869418405488977e-01,7.689093595358592603e-02
1.531902352849440208e-01,1.358181673684961677e-01,-1.737206791644785309e-02,-5.211620374934355926e-02,1.279802137619412417e-01,7.586401001259768240e-02
1.527712209734054527e-01,1.358181673684961677e-01,-1.695305360490928503e-02,-5.085916081472785510e-02,1.257042934615704155e-01,7.484513264684256040e-02
1.523596911751315675e-01,1.358181673684961677e-01,-1.654152380663539978e-02,-4.962457141990619935e-02,1.234589394821655750e-01,7.383436806225937565e-02
1.519555448136639120e-01,1.358181673684961677e-01,-1.613737744516774431e-02,-4.841213233550323292e-02,1.212439084402966438e-01,7.283177610479341091e-02
1.515586816298067352e-01,1.358181673684961677e-01,-1.574051426131056752e-02,-4.722154278393170257e-02,1.190589551571530347e-01,7.183741237322133211e-02
1.511690021871869016e-01,1.358181673684961677e-01,-1.535083481869073396e-02,-4.605250445607220189e-02,1.169038327859500681e-01,7.085132832987786622e-02
1.507864078774000527e-01,1.358181673684961677e-01,-1.496824050890388502e-02,-4.490472152671165507e-02,1.147782929360546822e-01,6.987357140934302713e-02
1.504108009247541178e-01,1.358181673684961677e-01,-1.459263355625795011e-02,-4.377790066877385033e-02,1.126820857937804732e-01,6.890418512500662285e-02
1.500420843906206947e-01,1.358181673684961677e-01,-1.422391702212452702e-02,-4.267175106637358106e-02,1.106149602400269272e-01,6.794320917365334611e-02
1.496801621774046243e-01,1.358181673684961677e-01,-1.386199480890845659e-02,-4.158598442672536977e-02,1.085766639648211296e-01,6.699067953809575982e-02
1.493249390321423897e-01,1.358181673684961677e-01,-1.350677166364622206e-02,-4.052031499093866618e-02,1.065669435786703589e-01,6.604662858773169276e-02
1.489763205497389165e-01,1.358181673684961677e-01,-1.315815318124274880e-02,-3.947445954372824639e-02,1.045855447210419786e-01,6.511108517731373224e-02
1.486342131758531804e-01,1.358181673684961677e-01,-1.281604580735701271e-02,-3.844813742207103813e-02,1.026322121657208264e-01,6.418407474364978826e-02
1.482985242094418121e-01,1.358181673684961677e-01,-1.248035684094564446e-02,-3.744107052283693338e-02,1.007066899234104751e-01,6.326561940057354172e-02
1.479691618049704949e-01,1.358181673684961677e-01,-1.215099443647432720e-02,-3.645298330942298159e-02,9.880872134139517815e-02,6.235573803197219656e-02
1.476460349743023703e-01,1.358181673684961677e-01,-1.182786760580620267e-02,-3.548360281741860800e-02,9.693804920043735951e-02,6.145444638301875151e-02
1.473290535882725572e-01,1.358181673684961677e-01,-1.151088621977638948e-02,-3.453265865932916845e-02,9.509441580894395507e-02,6.056175714961478662e-02
1.470181283779576908e-01,1.358181673684961677e-01,-1.119996100946152318e-02,-3.359988302838456953e-02,9.327756309445989213e-02,5.967768006607532261e-02
1.467131709356494507e-01,1.358181673684961677e-01,-1.089500356715328300e-02,-3.268501070145984899e-02,9.148723269247205359e-02,5.880222199101220459e-02
1.464140937155402888e-01,1.358181673684961677e-01,-1.059592634704412117e-02,-3.178777904113236352e-02,8.972316603274854696e-02,5.793538699161618344e-02
1.461208100341302996e-01,1.358181673684961677e-01,-1.030264266563413189e-02,-3.090792799690239567e-02,8.798510442299678491e-02,5.707717642609438924e-02
1.458332340703629160e-01,1.358181673684961677e-01,-1.001506670186674830e-02,-3.004520010560024490e-02,8.627278913021507734e-02,5.622758902461483244e-02
1.455512808654979839e-01,1.358181673684961677e-01,-9.733113497001816272e-03,-2.919934049100544882e-02,8.458596145947960832e-02,5.538662096847415950e-02
1.452748663227299009e-01,1.358181673684961677e-01,-9.456698954233733190e-03,-2.837009686270119957e-02,8.292436283042492473e-02,5.455426596772372516e-02
1.450039072065585910e-01,1.358181673684961677e-01,-9.185739838062423335e-03,-2.755721951418727000e-02,8.128773485139295651e-02,5.373051533720568651e-02
1.447383211419210058e-01,1.358181673684961677e-01,-8.920153773424838173e-03,-2.676046132027451452e-02,7.967581939127554858e-02,5.291535807100103406e-02
1.444780266130905322e-01,1.358181673684961677e-01,-8.659859244594364514e-03,-2.597957773378309354e-02,7.808835864914209779e-02,5.210878091535900425e-02
1.442229429623515802e-01,1.358181673684961677e-01,-8.404775593855412508e-03,-2.521432678156623752e-02,7.652509522168560174e-02,5.131076844011936422e-02
1.439729903884566509e-01,1.358181673684961677e-01,-8.154823019960483199e-03,-2.446446905988144960e-02,7.498577216847879257e-02,5.052130310859734297e-02
1.437280899448725724e-01,1.358181673684961677e-01,-7.909922576376404724e-03,-2.372976772912921417e-02,7.347013307522354264e-02,4.974036534609432847e-02
1.434881635378231213e-01,1.358181673684961677e-01,-7.669996169326953606e-03,-2.300998850798086082e-02,7.197792211483533542e-02,4.896793360685447460e-02
1.432531339241343571e-01,1.358181673684961677e-01,-7.434966555638189423e-03,-2.230489966691456827e-02,7.050888410662925487e-02,4.820398443971468661e-02
1.430229247088895539e-01,1.358181673684961677e-01,-7.204757340393386222e-03,-2.161427202118015867e-02,6.906276457344096009e-02,4.744849255226080142e-02
1.427974603428999734e-01,1.358181673684961677e-01,-6.979292974403805694e-03,-2.093787892321141708e-02,6.763930979687415856e-02,4.670143087366274148e-02
1.425766661199977525e-01,1.358181673684961677e-01,-6.758498751501584856e-03,-2.027549625450475457e-02,6.623826687066625141e-02,4.596277061616149684e-02
1.423604681741571509e-01,1.358181673684961677e-01,-6.542300805660983265e-03,-1.962690241698294979e-02,6.485938375218047725e-02,4.523248133519752745e-02
1.421487934764500694e-01,1.358181673684961677e-01,-6.330626107953901682e-03,-1.899187832386170505e-02,6.350240931212447482e-02,4.451053098826276977e-02
1.419415698318418073e-01,1.358181673684961677e-01,-6.123402463345639646e-03,-1.837020739003691894e-02,6.216709338247861094e-02,4.379688599244169200e-02
1.417387258758328050e-01,1.358181673684961677e-01,-5.920558507336637355e-03,-1.776167552200991206e-02,6.085318680270068725e-02,4.309151128069077519e-02
1.415401910709518651e-01,1.358181673684961677e-01,-5.722023702455697469e-03,-1.716607110736709241e-02,5.956044146428196573e-02,4.239437035691487332e-02
1.413458957031066276e-01,1.358181673684961677e-01,-5.527728334610459981e-03,-1.658318500383137994e-02,5.828861035357124631e-02,4.170542534973986637e-02
1.411557708777963493e-01,1.358181673684961677e-01,-5.337603509300181681e-03,-1.601281052790054504e-02,5.703744759308349010e-02,4.102463706518294506e-02
1.409697485161925945e-01,1.358181673684961677e-01,-5.151581147696426832e-03,-1.545474344308928050e-02,5.580670848112645466e-02,4.035196503803717416e-02
1.407877613510926385e-01,1.358181673684961677e-01,-4.969593982596470783e-03,-1.490878194778941235e-02,5.459614952998681492e-02,3.968736758219740257e-02
1.406097429227509132e-01,1.358181673684961677e-01,-4.791575554254745573e-03,-1.437472666276423672e-02,5.340552850251756301e-02,3.903080183975332629e-02
1.404356275745931582e-01,1.358181673684961677e-01,-4.617460206096990483e-03,-1.385238061829097145e-02,5.223460444732652697e-02,3.838222382903555552e-02
1.402653504488182989e-01,1.358181673684961677e-01,-4.447183080322131277e-03,-1.334154924096639383e-02,5.108313773245776179e-02,3.774158849149136796e-02
1.400988474818926077e-01,1.358181673684961677e-01,-4.280680113396440056e-03,-1.284204034018932017e-02,4.995089007770736611e-02,3.710884973751804594e-02
1.399360553999406676e-01,1.358181673684961677e-01,-4.117888031444499886e-03,-1.235366409433349966e-02,4.883762458558205122e-02,3.648396049124855156e-02
1.397769117140378325e-01,1.358181673684961677e-01,-3.958744345541664877e-03,-1.187623303662499463e-02,4.774310577085050245e-02,3.586687273422550781e-02
1.396213547154084300e-01,1.358181673684961677e-01,-3.803187346912262345e-03,-1.140956204073678704e-02,4.666709958882075959e-02,3.525753754808397256e-02
1.394693234705338403e-01,1.358181673684961677e-01,-3.651156102037672602e-03,-1.095346830611301781e-02,4.560937346237692314e-02,3.465590515626390533e-02
1.393207578161748672e-01,1.358181673684961677e-01,-3.502590447678699537e-03,-1.050777134303609861e-02,4.456969630769191948e-02,3.406192496465582087e-02
1.391755983543123687e-01,1.358181673684961677e-01,-3.357430985816201030e-03,-1.007229295744860309e-02,4.354783855874955201e-02,3.347554560130094892e-02
1.390337864470100049e-01,1.358181673684961677e-01,-3.215619078513837215e-03,-9.646857235541511644e-03,4.254357219070914464e-02,3.289671495516763300e-02
1.388952642112031566e-01,1.358181673684961677e-01,-3.077096842706988911e-03,-9.231290528120966732e-03,4.155667074205449119e-02,3.232538021393352445e-02
1.387599745134177054e-01,1.358181673684961677e-01,-2.941807144921537720e-03,-8.825421434764613160e-03,4.058690933563535719e-02,3.176148790087074403e-02
1.386278609644223392e-01,1.358181673684961677e-01,-2.809693595926171517e-03,-8.429080787778514550e-03,3.963406469860986103e-02,3.120498391083134648e-02
1.384988679138180467e-01,1.358181673684961677e-01,-2.680700545321879069e-03,-8.042101635965637207e-03,3.869791518128773422e-02,3.065581354532209701e-02
1.383729404445682987e-01,1.358181673684961677e-01,-2.554773076072130999e-03,-7.664319228216392998e-03,3.777824077492442090e-02,3.011392154670802790e-02
1.382500243674732177e-01,1.358181673684961677e-01,-2.431856998977049988e-03,-7.295570996931149965e-03,3.687482312852430333e-02,2.957925213159315336e-02
1.381300662155912906e-01,1.358181673684961677e-01,-2.311898847095122944e-03,-6.935696541285368832e-03,3.598744556457811328e-02,2.905174902329274444e-02
1.380130132386117037e-01,1.358181673684961677e-01,-2.194845870115536002e-03,-6.584537610346608005e-03,3.511589309387608271e-02,2.853135548352947470e-02
1.378988133971804642e-01,1.358181673684961677e-01,-2.080646028684296489e-03,-6.241938086052889467e-03,3.425995242937185381e-02,2.801801434331896434e-02
1.377874153571835569e-01,1.358181673684961677e-01,-1.969247988687389261e-03,-5.907743966062167784e-03,3.341941199907216831e-02,2.751166803301000052e-02
1.376787684839899384e-01,1.358181673684961677e-01,-1.860601115493770719e-03,-5.581803346481312156e-03,3.259406195808556284e-02,2.701225861160425068e-02
1.375728228366574768e-01,1.358181673684961677e-01,-1.754655468161309129e-03,-5.263966404483927386e-03,3.178369419973847698e-02,2.651972779525454960e-02
1.374695291621045590e-01,1.358181673684961677e-01,-1.651361793608391304e-03,-4.954085380825173912e-03,3.098810236587534739e-02,2.603401698505017348e-02
1.373688388892501389e-01,1.358181673684961677e-01,-1.550671520753971189e-03,-4.652014562261913566e-03,3.020708185632603460e-02,2.555506729406412103e-02
1.372707041231251146e-01,1.358181673684961677e-01,-1.452536754628946936e-03,-4.357610263886840807e-03,2.944042983750727593e-02,2.508281957362043513e-02
1.371750776389574489e-01,1.358181673684961677e-01,-1.356910270461281209e-03,-4.070730811383843628e-03,2.868794525029971787e-02,2.461721443891587424e-02
1.370819128762336969e-01,1.358181673684961677e-01,-1.263745507737529250e-03,-3.791236523212587750e-03,2.794942881712558780e-02,2.415819229391300005e-02
1.369911639327393293e-01,1.358181673684961677e-01,-1.172996564243161677e-03,-3.518989692729485030e-03,2.722468304831027197e-02,2.370569335558078694e-02
1.369027855585805142e-01,1.358181673684961677e-01,-1.084618190084346567e-03,-3.253854570253039702e-03,2.651351224764453285e-02,2.325965767739149315e-02
1.368167331501894401e-01,1.358181673684961677e-01,-9.985657816932724806e-04,-2.995697345079817442e-03,2.581572251732222600e-02,2.282002517224240856e-02
1.367329627443155948e-01,1.358181673684961677e-01,-9.147953758194271590e-04,-2.744386127458281477e-03,2.513112176215359650e-02,2.238673563469531502e-02
1.366514310120052200e-01,1.358181673684961677e-01,-8.332636435090523541e-04,-2.499790930527157062e-03,2.445951969311244145e-02,2.195972876258528439e-02
1.365720952525711074e-01,1.358181673684961677e-01,-7.539278840749397137e-04,-2.261783652224819141e-03,2.380072783023379213e-02,2.153894417800897298e-02
1.364949133875547893e-01,1.358181673684961677e-01,-6.767460190586216395e-04,-2.030238057175864919e-03,2.315455950489542225e-02,2.112432144771955733e-02
1.364198439546832342e-01,1.358181673684961677e-01,-6.016765861870665422e-04,-1.805029758561199626e-03,2.252082986146652921e-02,2.071580010290532958e-02
1.363468461018219613e-01,1.358181673684961677e-01,-5.286787333257936261e-04,-1.586036199977380878e-03,2.189935585838187482e-02,2.031331965840449394e-02
1.362758795809265455e-01,1.358181673684961677e-01,-4.577122124303778516e-04,-1.373136637291133555e-03,2.128995626862473234e-02,1.991681963133359878e-02
1.362069047419942613e-01,1.358181673684961677e-01,-3.887373734980936746e-04,-1.166212120494281024e-03,2.069245167968525312e-02,1.952623955919097209e-02
1.361398825270178914e-01,1.358181673684961677e-01,-3.217151585217237209e-04,-9.651454755651711626e-04,2.010666449291098612e-02,1.914151901734581496e-02
1.360747744639432544e-01,1.358181673684961677e-01,-2.566070954470867083e-04,-7.698212863412601248e-04,1.953241892239110378e-02,1.876259763604984365e-02
1.360115426606322286e-01,1.358181673684961677e-01,-1.933752921360609722e-04,-5.801258764081829167e-04,1.896954099330772081e-02,1.838941511689953789e-02
1.359501497988328811e-01,1.358181673684961677e-01,-1.319824303367134188e-04,-3.959472910101402565e-04,1.841785853980426602e-02,1.802191124879412576e-02
1.358905591281584224e-01,1.358181673684961677e-01,-7.239175966225475101e-05,-2.171752789867642530e-04,1.787720120233760035e-02,1.766002592335083610e-02
1.358327344600762931e-01,1.358181673684961677e-01,-1.456709158012547967e-05,-4.370127474037643900e-05,1.734740042463878140e-02,1.730369914989840496e-02
1.357766401619091567e-01,1.358181673684961677e-01,4.152720658701092304e-05,1.245816197610327691e-04,1.682828945014092081e-02,1.695287106990195358e-02
1.357222411508490212e-01,1.358181673684961677e-01,9.592621764714648336e-05,2.877786529414394501e-04,1.631970331804066809e-02,1.660748197098210754e-02
1.356695028879859877e-01,1.358181673684961677e-01,1.486644805101799971e-04,4.459934415305399913e-04,1.582147885891005412e-02,1.626747230044059411e-02
1.356183913723529866e-01,1.358181673684961677e-01,1.997759961431810893e-04,5.993279884295432680e-04,1.533345468990032767e-02,1.593278267832987094e-02
1.355688731349878329e-01,1.358181673684961677e-01,2.492942335083347949e-04,7.478827005250043847e-04,1.485547120954611167e-02,1.560335391007111605e-02
1.355209152330136835e-01,1.358181673684961677e-01,2.972521354824841922e-04,8.917564064474525765e-04,1.438737059224481918e-02,1.527912699869227175e-02
1.354744852437393954e-01,1.358181673684961677e-01,3.436821247567722892e-04,1.031046374270316868e-03,1.392899678228642912e-02,1.496004315655674599e-02
1.354295512587807560e-01,1.358181673684961677e-01,3.886161097154117172e-04,1.165848329146235152e-03,1.348019548759182840e-02,1.464604381673806355e-02
1.353860818782038067e-01,1.358181673684961677e-01,4.320854902923609853e-04,1.296256470877082956e-03,1.304081417308478041e-02,1.433707064396186337e-02
1.353440462046912318e-01,1.358181673684961677e-01,4.741211638049358523e-04,1.422363491414807557e-03,1.261070205377246012e-02,1.403306554518726768e-02
1.353034138377331719e-01,1.358181673684961677e-01,5.147535307629957924e-04,1.544260592288987377e-03,1.218971008741798201e-02,1.373397067970696939e-02
1.352641548678431005e-01,1.358181673684961677e-01,5.540125006530671747e-04,1.662037501959201524e-03,1.177769096702141471e-02,1.343972846898061624e-02
1.352262398707999302e-01,1.358181673684961677e-01,5.919274976962374257e-04,1.775782493088712277e-03,1.137449911295107530e-02,1.315028160603978757e-02
1.351896399019173467e-01,1.358181673684961677e-01,6.285274665788209703e-04,1.885582399736462911e-03,1.097999066477506336e-02,1.286557306451152627e-02
1.351543264903412311e-01,1.358181673684961677e-01,6.638408781549365312e-04,1.991522634464809594e-03,1.059402347283466828e-02,1.258554610729947787e-02
1.351202716333758380e-01,1.358181673684961677e-01,6.978957351203296522e-04,2.093687205360988957e-03,1.021645708961793630e-02,1.231014429497892526e-02
1.350874477908399485e-01,1.358181673684961677e-01,7.307195776562191991e-04,2.192158732968657597e-03,9.847152760766864077e-03,1.203931149373552167e-02
1.350558278794534162e-01,1.358181673684961677e-01,7.623394890427515058e-04,2.287018467128254517e-03,9.485973415959692012e-03,1.177299188308794653e-02
1.350253852672552157e-01,1.358181673684961677e-01,7.927821012409519419e-04,2.378346303722855826e-03,9.132783659460130821e-03,1.151112996318298665e-02
1.349960937680533268e-01,1.358181673684961677e-01,8.220736004428408350e-04,2.466220801328522505e-03,8.787449760566667933e-03,1.125367056189519044e-02
1.349679276359076197e-01,1.358181673684961677e-01,8.502397325885480139e-04,2.550719197765644042e-03,8.449839643712153681e-03,1.100055884147779772e-02
1.349408615596460748e-01,1.358181673684961677e-01,8.773058088500929053e-04,2.631917426550278716e-03,8.119822878463467397e-03,1.075174030501374611e-02
1.349148706574150314e-01,1.358181673684961677e-01,9.032967110811362943e-04,2.709890133243408883e-03,7.797270669313016711e-03,1.050716080255642559e-02
1.348899304712642411e-01,1.358181673684961677e-01,9.282368972319265943e-04,2.784710691695779783e-03,7.482055845237089997e-03,1.026676653693286978e-02
1.348660169617671434e-01,1.358181673684961677e-01,9.521504067290242901e-04,2.856451220187072870e-03,7.174052849129308740e-03,1.003050406931638161e-02
1.348431065026769737e-01,1.358181673684961677e-01,9.750608658191939337e-04,2.925182597457581801e-03,6.873137727050893098e-03,9.798320324508474899e-03
1.348211758756192591e-01,1.358181673684961677e-01,9.969914928769085805e-04,2.990974478630725741e-03,6.579188117314394013e-03,9.570162595945119755e-03
1.348002022648211173e-01,1.358181673684961677e-01,1.017965103675050331e-03,3.053895311025150994e-03,6.292083239442525233e-03,9.345978550467676227e-03
1.347801632518780268e-01,1.358181673684961677e-01,1.038004116618140849e-03,3.114012349854422546e-03,6.011703882927155185e-03,9.125716232781577730e-03
1.347610368105582324e-01,1.358181673684961677e-01,1.057130557937935311e-03,3.171391673813805934e-03,5.737932395938338814e-03,8.909324069752144748e-03
1.347428013016453985e-01,1.358181673684961677e-01,1.075366066850769187e-03,3.226098200552307560e-03,5.470652673850162628e-03,8.696750874402470188e-03
1.347254354678200094e-01,1.358181673684961677e-01,1.092731900676158219e-03,3.278195702028474656e-03,5.209750147616709626e-03,8.487945849645184282e-03
1.347089184285795715e-01,1.358181673684961677e-01,1.109248939916596122e-03,3.327746819749788365e-03,4.955111772131370884e-03,8.282858591881159249e-03
1.346932296751983393e-01,1.358181673684961677e-01,1.124937693297828334e-03,3.374813079893485002e-03,4.706626014369663658e-03,8.081439094263148659e-03
1.346783490657265381e-01,1.358181673684961677e-01,1.139818302769629588e-03,3.419454908308888763e-03,4.464182841540376145e-03,7.883637749849264909e-03
1.346642568200297208e-01,1.358181673684961677e-01,1.153910548466446917e-03,3.461731645399340751e-03,4.227673709045198791e-03,7.689405354444539542e-03
1.346509335148683428e-01,1.358181673684961677e-01,1.167233853627824836e-03,3.501701560883474507e-03,3.996991548413375561e-03,7.498693109296850068e-03
1.346383600790178880e-01,1.358181673684961677e-01,1.179807289478279619e-03,3.539421868434838858e-03,3.772030755136435154e-03,7.311452623571274012e-03
1.346265177884297948e-01,1.358181673684961677e-01,1.191649580066372893e-03,3.574948740199118680e-03,3.552687176427982152e-03,7.127635916627100832e-03
1.346153882614333774e-01,1.358181673684961677e-01,1.202779107062790231e-03,3.608337321188370694e-03,3.338858098925201467e-03,6.947195420113572162e-03
1.346049534539789649e-01,1.358181673684961677e-01,1.213213914517202729e-03,3.639641743551608188e-03,3.130442236323749405e-03,6.770083979875357594e-03
1.345951956549225337e-01,1.358181673684961677e-01,1.222971713573633989e-03,3.668915140720901968e-03,2.927339716929378000e-03,6.596254857650279968e-03
1.345860974813518629e-01,1.358181673684961677e-01,1.232069887144304765e-03,3.696209661432914295e-03,2.729452071201232677e-03,6.425661732634146972e-03
1.345776418739544622e-01,1.358181673684961677e-01,1.240525494541705465e-03,3.721576483625116394e-03,2.536682219220209866e-03,6.258258702845326260e-03
1.345698120924273544e-01,1.358181673684961677e-01,1.248355276068813247e-03,3.745065828206439740e-03,2.348934458132334591e-03,6.094000286338774330e-03
1.345625917109288805e-01,1.358181673684961677e-01,1.255575657567287173e-03,3.766726972701861520e-03,2.166114449542178022e-03,5.932841422244039542e-03
1.345559646135726095e-01,1.358181673684961677e-01,1.262202754923558157e-03,3.786608264770674470e-03,1.988129206881295019e-03,5.774737471651969489e-03
1.345499149899635205e-01,1.358181673684961677e-01,1.268252378532647162e-03,3.804757135597941486e-03,1.814887082726701628e-03,5.619644218324643115e-03
1.345444273307762617e-01,1.358181673684961677e-01,1.273740037719905960e-03,3.821220113159717879e-03,1.646297756177639293e-03,5.467517869337357173e-03
1.345394864233759313e-01,1.358181673684961677e-01,1.278680945120236334e-03,3.836042835360709002e-03,1.482272220099112303e-03,5.318315055459821306e-03
1.345350773474811579e-01,1.358181673684961677e-01,1.283090021015009796e-03,3.849270063045029389e-03,1.322722768432038620e-03,5.171992831477068009e-03
1.345311854708695354e-01,1.358181673684961677e-01,1.286981897626632287e-03,3.860945692879896862e-03,1.167562983486747363e-03,5.028508676366644226e-03
1.345277964451255248e-01,1.358181673684961677e-01,1.290370923370642853e-03,3.871112770111928558e-03,1.016707723203169600e-03,4.887820493315098158e-03
1.345248962014308491e-01,1.358181673684961677e-01,1.293271167065318528e-03,3.879813501195955583e-03,8.700731084027024664e-04,4.749886609598658049e-03
1.345224709463971324e-01,1.358181673684961677e-01,1.295696422099035239e-03,3.887089266297105716e-03,7.275765101150133418e-04,4.614665776412119058e-03
1.345205071579410605e-01,1.358181673684961677e-01,1.297660210555107163e-03,3.892980631665321489e-03,5.891365368215772946e-04,4.482117168486898784e-03
1.345189915812018411e-01,1.358181673684961677e-01,1.299175787294326589e-03,3.897527361882979768e-03,4.546730217658279116e-04,4.352200383648807680e-03
1.345179112245009911e-01,1.358181673684961677e-01,1.300256143995176528e-03,3.900768431985529583e-03,3.241070102549814536e-04,4.224875442240511036e-03
1.345172533553443683e-01,1.358181673684961677e-01,1.300914013151799331e-03,3.902742039455397993e-03,1.973607469868410291e-04,4.100102786442239022e-03
1.345170054964663908e-01,1.358181673684961677e-01,1.301161872029776845e-03,3.903485616089330534e-03,7.435766339325411423e-05,3.977843279482584649e-03
1.345171554219163623e-01,1.358181673684961677e-01,1.301011946579805345e-03,3.903035839739416035e-03,-4.497763499144991073e-05,3.858058204747966125e-03
1.345176911531867914e-01,1.358181673684961677e-01,1.300476215309376293e-03,3.901428645928128880e-03,-1.607193811287155327e-04,3.740709264799413347e-03
1.345186009553837048e-01,1.358181673684961677e-01,1.299566413112462904e-03,3.898699239337388711e-03,-2.729406590740168781e-04,3.625758580263371833e-03
1.345198733334386498e-01,1.358181673684961677e-01,1.298294035057517837e-03,3.894882105172553510e-03,-3.817134164835200849e-04,3.513168688689033425e-03
1.345214970283624689e-01,1.358181673684961677e-01,1.296670340133698751e-03,3.890011020401096253e-03,-4.871084771457256934e-04,3.402902543255370560e-03
1.345234610135405962e-01,1.358181673684961677e-01,1.294706354955571515e-03,3.884119064866714544e-03,-5.891955534381709825e-04,3.294923511428543561e-03
1.345257544910698766e-01,1.358181673684961677e-01,1.292412877426291073e-03,3.877238632278873220e-03,-6.880432587841323055e-04,3.189195373494740915e-03
1.345283668881365191e-01,1.358181673684961677e-01,1.289800480359648560e-03,3.869401441078945680e-03,-7.837191199927540097e-04,3.085682321086191671e-03
1.345312878534352663e-01,1.358181673684961677e-01,1.286879515060901369e-03,3.860638545182704107e-03,-8.762895896241573723e-04,2.984348955558546734e-03
1.345345072536295594e-01,1.358181673684961677e-01,1.283660114866608248e-03,3.850980344599824745e-03,-9.658200582879361562e-04,2.885160286311888589e-03
1.345380151698524762e-01,1.358181673684961677e-01,1.280152198643691452e-03,3.840456595931074357e-03,-1.052374866875038784e-03,2.788081729056035574e-03
1.345418018942483029e-01,1.358181673684961677e-01,1.276365474247864729e-03,3.829096422743594186e-03,-1.136017318748017146e-03,2.693079103995577039e-03
1.345458579265545462e-01,1.358181673684961677e-01,1.272309441941621433e-03,3.816928325824864299e-03,-1.216809691872988708e-03,2.600118633951875591e-03
1.345501739707241629e-01,1.358181673684961677e-01,1.267993397772004815e-03,3.803980193316014446e-03,-1.294813250884985223e-03,2.509166942431029224e-03
1.345547409315880349e-01,1.358181673684961677e-01,1.263426436908132722e-03,3.790279310724398165e-03,-1.370088259161628130e-03,2.420191051562770035e-03
1.345595499115570526e-01,1.358181673684961677e-01,1.258617456939115087e-03,3.775852370817345260e-03,-1.442693990705290474e-03,2.333158380112054786e-03
1.345645922073640810e-01,1.358181673684961677e-01,1.253575161132086668e-03,3.760725483396260005e-03,-1.512688742108525553e-03,2.248036741287734452e-03
1.345698593068452575e-01,1.358181673684961677e-01,1.248308061650910128e-03,3.744924184952730384e-03,-1.580129844352962110e-03,2.164794340599768274e-03
1.345753428857604794e-01,1.358181673684961677e-01,1.242824482735688241e-03,3.728473448207064722e-03,-1.645073674566566169e-03,2.083399773640498553e-03
1.345810348046530824e-01,1.358181673684961677e-01,1.237132563843085231e-03,3.711397691529255694e-03,-1.707575667780902862e-03,2.003822023748352832e-03
1.345869271057480443e-01,1.358181673684961677e-01,1.231240262748123371e-03,3.693720788244370112e-03,-1.767690328488558116e-03,1.926030459755811997e-03
1.345930120098889904e-01,1.358181673684961677e-01,1.225155358607177281e-03,3.675466075821531842e-03,-1.825471242283827067e-03,1.849994833537704775e-03
1.345992819135132801e-01,1.358181673684961677e-01,1.218885454982887584e-03,3.656656364948662752e-03,-1.880971087286908983e-03,1.775685277661753769e-03
1.346057293856653403e-01,1.358181673684961677e-01,1.212437982830827377e-03,3.637313948492482130e-03,-1.934241645618062222e-03,1.703072302874419908e-03
1.346123471650476910e-01,1.358181673684961677e-01,1.205820203448476624e-03,3.617460610345429872e-03,-1.985333814705225741e-03,1.632126795640204131e-03
1.346191281571096077e-01,1.358181673684961677e-01,1.199039211386560000e-03,3.597117634159680000e-03,-2.034297618574987254e-03,1.562820015584692745e-03
1.346260654311730864e-01,1.358181673684961677e-01,1.192101937323081229e-03,3.576305811969243686e-03,-2.081182219043631321e-03,1.495123592925612366e-03
1.346331522175958639e-01,1.358181673684961677e-01,1.185015150900303738e-03,3.555045452700911213e-03,-2.126035926833247380e-03,1.429009525867663832e-03
1.346403819049712125e-01,1.358181673684961677e-01,1.177785463524955167e-03,3.533356390574865502e-03,-2.168906212604571060e-03,1.364450177970294442e-03
1.346477480373643731e-01,1.358181673684961677e-01,1.170419331131794527e-03,3.511257993395383581e-03,-2.209839717948192117e-03,1.301418275447191464e-03
1.346552443115850706e-01,1.358181673684961677e-01,1.162923056911097097e-03,3.488769170733291292e-03,-2.248882266209228931e-03,1.239886904524062361e-03
1.346628645744962216e-01,1.358181673684961677e-01,1.155302793999946065e-03,3.465908381999838195e-03,-2.286078873345309681e-03,1.179829508654528514e-03
1.346706028203582262e-01,1.358181673684961677e-01,1.147564548137941509e-03,3.442693644413824527e-03,-2.321473758601366733e-03,1.121219885812457795e-03
1.346784531882088132e-01,1.358181673684961677e-01,1.139714180287354495e-03,3.419142540862063484e-03,-2.355110355176104342e-03,1.064032185685959142e-03
1.346864099592779696e-01,1.358181673684961677e-01,1.131757409218198118e-03,3.395272227654594355e-03,-2.387031320746912932e-03,1.008240906907681422e-03
1.346944675544378134e-01,1.358181673684961677e-01,1.123699814058354285e-03,3.371099442175062855e-03,-2.417278547953150003e-03,9.538208942219128517e-04
1.347026205316870784e-01,1.358181673684961677e-01,1.115546836809089282e-03,3.346640510427267845e-03,-2.445893174779500967e-03,9.007473356477668780e-04
1.347108635836699042e-01,1.358181673684961677e-01,1.107303784826263460e-03,3.321911354478790379e-03,-2.472915594847746590e-03,8.489957596310437893e-04
1.347191915352287106e-01,1.358181673684961677e-01,1.098975833267457070e-03,3.296927499802371209e-03,-2.498385467641917046e-03,7.985420321604541627e-04
1.347275993409907391e-01,1.358181673684961677e-01,1.090568027505428583e-03,3.271704082516285750e-03,-2.522341728608545885e-03,7.493623539077398643e-04
1.347360820829881511e-01,1.358181673684961677e-01,1.082085285508016526e-03,3.246255856524049577e-03,-2.544822599223617310e-03,7.014332573004322668e-04
1.347446349683112943e-01,1.358181673684961677e-01,1.073532400184873392e-03,3.220597200554620176e-03,-2.565865596942940030e-03,6.547316036116801463e-04
1.347532533267948029e-01,1.358181673684961677e-01,1.064914041701364722e-03,3.194742125104094166e-03,-2.585507545052601053e-03,6.092345800514931131e-04
1.347619326087363123e-01,1.358181673684961677e-01,1.056234759759855368e-03,3.168704279279566105e-03,-2.603784582452806085e-03,5.649196968267600205e-04
1.347706683826475071e-01,1.358181673684961677e-01,1.047498985848660524e-03,3.142496957545981573e-03,-2.620732173358453210e-03,5.217647841875283632e-04
1.347794563330371176e-01,1.358181673684961677e-01,1.038711035459050080e-03,3.116133106377150241e-03,-2.636385116883133151e-03,4.797479894940170908e-04
1.347882922582256671e-01,1.358181673684961677e-01,1.029875110270500604e-03,3.089625330811501813e-03,-2.650777556564842818e-03,4.388477742466589948e-04
1.347971720681916397e-01,1.358181673684961677e-01,1.020995300304528008e-03,3.062985900913584025e-03,-2.663942989791778793e-03,3.990429111218052327e-04
1.348060917824487337e-01,1.358181673684961677e-01,1.012075586047433973e-03,3.036226758142301918e-03,-2.675914277128210728e-03,3.603124810140911904e-04
1.348150475279539240e-01,1.358181673684961677e-01,1.003119840542243679e-03,3.009359521626731038e-03,-2.686723651557088033e-03,3.226358700696430049e-04
1.348240355370461108e-01,1.358181673684961677e-01,9.941318314500569020e-04,2.982395494350170706e-03,-2.696402727656033171e-03,2.859927666941375346e-04
1.348330521454149666e-01,1.358181673684961677e-01,9.851152230812010302e-04,2.955345669243603091e-03,-2.704982510656761541e-03,2.503631585868415499e-04
1.348420937900997041e-01,1.358181673684961677e-01,9.760735783964635814e-04,2.928220735189390744e-03,-2.712493405421234627e-03,2.157273297681561175e-04
1.348511570075174026e-01,1.358181673684961677e-01,9.670103609787650267e-04,2.901031082936295080e-03,-2.718965225309566414e-03,1.820658576267286666e-04
1.348602384315208680e-01,1.358181673684961677e-01,9.579289369752996830e-04,2.873786810925899049e-03,-2.724427201039603119e-03,1.493596098862959298e-04
1.348693347914853291e-01,1.358181673684961677e-01,9.488325770108385626e-04,2.846497731032515688e-03,-2.728907989338336115e-03,1.175897416941795726e-04
1.348784429104239457e-01,1.358181673684961677e-01,9.397244580722219354e-04,2.819173374216665806e-03,-2.732435681584988174e-03,8.673769263167763199e-05
1.348875597031318485e-01,1.358181673684961677e-01,9.306076653643191587e-04,2.791822996092957476e-03,-2.735037812370832988e-03,5.678518372212448817e-05
1.348966821743581013e-01,1.358181673684961677e-01,9.214851941380663991e-04,2.764455582414199197e-03,-2.736741367875827891e-03,2.771421453837130677e-05
1.349058074170058075e-01,1.358181673684961677e-01,9.123599514903601992e-04,2.737079854471080598e-03,-2.737572794311859958e-03,-4.929398407793605941e-07
1.349149326103595281e-01,1.358181673684961677e-01,9.032347581366395595e-04,2.709704274409918678e-03,-2.737558006116191933e-03,-2.785373170627325479e-05
1.349240550183400944e-01,1.358181673684961677e-01,8.941123501560732656e-04,2.682337050468219797e-03,-2.736722394169888162e-03,-5.438534370166836496e-05
1.349331719877862878e-01,1.358181673684961677e-01,8.849953807098798197e-04,2.654986142129639459e-03,-2.735090833858033754e-03,-8.010469172839429497e-05
1.349422809467633044e-01,1.358181673684961677e-01,8.758864217328632407e-04,2.627659265198589722e-03,-2.732687693104973725e-03,-1.050284279063840032e-04
1.349513794028975311e-01,1.358181673684961677e-01,8.667879655986365783e-04,2.600363896795909735e-03,-2.729536840267998699e-03,-1.291729434720889635e-04
1.349604649417374125e-01,1.358181673684961677e-01,8.577024267587551876e-04,2.573107280276265563e-03,-2.725661651964417231e-03,-1.525543716881516687e-04
1.349695352251401304e-01,1.358181673684961677e-01,8.486321433560373162e-04,2.545896430068111949e-03,-2.721085020815361410e-03,-1.751885907472494619e-04
1.349785879896837626e-01,1.358181673684961677e-01,8.395793788124050749e-04,2.518738136437215225e-03,-2.715829363089672377e-03,-1.970912266524571521e-04
1.349876210451047276e-01,1.358181673684961677e-01,8.305463233914400778e-04,2.491638970174320233e-03,-2.709916626289499142e-03,-2.182776561151789085e-04
1.349966322727600976e-01,1.358181673684961677e-01,8.215350957360700868e-04,2.464605287208210260e-03,-2.703368296610997312e-03,-2.387630094027870520e-04
1.350056196241145035e-01,1.358181673684961677e-01,8.125477443816642165e-04,2.437643233144992649e-03,-2.696205406321761089e-03,-2.585621731767684395e-04
1.350145811192516032e-01,1.358181673684961677e-01,8.035862492445644545e-04,2.410758747733693363e-03,-2.688448541129928593e-03,-2.776897933962352294e-04
1.350235148454093648e-01,1.358181673684961677e-01,7.946525230868028977e-04,2.383957569260408693e-03,-2.680117847328467029e-03,-2.961602780680583358e-04
1.350324189555393295e-01,1.358181673684961677e-01,7.857484129568381714e-04,2.357245238870514514e-03,-2.671233038989417885e-03,-3.139878001189033707e-04
1.350412916668892738e-01,1.358181673684961677e-01,7.768757016068938981e-04,2.330627104820681694e-03,-2.661813404983282005e-03,-3.311863001626003111e-04
1.350501312596092129e-01,1.358181673684961677e-01,7.680361088869547270e-04,2.304108326660864181e-03,-2.651877815981751318e-03,-3.477694893208871374e-04
1.350589360753802204e-01,1.358181673684961677e-01,7.592312931159472811e-04,2.277693879347841843e-03,-2.641444731302233784e-03,-3.637508519543919405e-04
1.350677045160660061e-01,1.358181673684961677e-01,7.504628524301615311e-04,2.251388557290484593e-03,-2.630532205735724993e-03,-3.791436484452403999e-04
1.350764350423869498e-01,1.358181673684961677e-01,7.417323261092179099e-04,2.225196978327653730e-03,-2.619157896283086373e-03,-3.939609179554326435e-04
1.350851261726161157e-01,1.358181673684961677e-01,7.330411958800520100e-04,2.199123587640156030e-03,-2.607339068749769950e-03,-4.082154811096139202e-04
1.350937764812971675e-01,1.358181673684961677e-01,7.243908871990001330e-04,2.173172661597000399e-03,-2.595092604315563101e-03,-4.219199427185627016e-04
1.351023845979839322e-01,1.358181673684961677e-01,7.157827705122354889e-04,2.147348311536706467e-03,-2.582435006029393243e-03,-4.350866944926867763e-04
1.351109492060012518e-01,1.358181673684961677e-01,7.072181624949158696e-04,2.121654487484747609e-03,-2.569382405195885788e-03,-4.477279177111381792e-04
1.351194690412268196e-01,1.358181673684961677e-01,6.986983272693481073e-04,2.096094981808044322e-03,-2.555950567670328688e-03,-4.598555858622843662e-04
1.351279428908937763e-01,1.358181673684961677e-01,6.902244776023913619e-04,2.070673432807174086e-03,-2.542154900087023606e-03,-4.714814672798495199e-04
1.351363695924140129e-01,1.358181673684961677e-01,6.817977760821547495e-04,2.045393328246464248e-03,-2.528010456070983736e-03,-4.826171278245194873e-04
1.351447480322214845e-01,1.358181673684961677e-01,6.734193362746832001e-04,2.020258008824049600e-03,-2.513531942241464812e-03,-4.932739334174152113e-04
1.351530771446355916e-01,1.358181673684961677e-01,6.650902238605760353e-04,1.995270671581728106e-03,-2.498733724232149456e-03,-5.034630526504213499e-04
1.351613559107444351e-01,1.358181673684961677e-01,6.568114577517325525e-04,1.970434373255197658e-03,-2.483629832653044822e-03,-5.131954593978471646e-04
1.351695833573073602e-01,1.358181673684961677e-01,6.485840111888074855e-04,1.945752033566422456e-03,-2.468233968877520113e-03,-5.224819353110976561e-04
1.351777585556767358e-01,1.358181673684961677e-01,6.404088128194318497e-04,1.921226438458295549e-03,-2.452559510812690746e-03,-5.313330723543951972e-04
1.351858806207388852e-01,1.358181673684961677e-01,6.322867477572824413e-04,1.896860243271847324e-03,-2.436619518644822513e-03,-5.397592753729751891e-04
1.351939487098735015e-01,1.358181673684961677e-01,6.242186586226661227e-04,1.872655975867998368e-03,-2.420426740384895581e-03,-5.477707645168972128e-04
1.352019620219316598e-01,1.358181673684961677e-01,6.162053465645078720e-04,1.848616039693523616e-03,-2.403993617447475195e-03,-5.553775777539515790e-04
1.352099197962320365e-01,1.358181673684961677e-01,6.082475722641311755e-04,1.824742716792393527e-03,-2.387332290113008959e-03,-5.625895733206154326e-04
1.352178213115750871e-01,1.358181673684961677e-01,6.003460569210805620e-04,1.801038170763241686e-03,-2.370454602915184061e-03,-5.694164321519423755e-04
1.352256658852749316e-01,1.358181673684961677e-01,5.925014832212360805e-04,1.777504449663708241e-03,-2.353372109953344449e-03,-5.758676602896362073e-04
1.352334528722087259e-01,1.358181673684961677e-01,5.847144962874417651e-04,1.754143488862325295e-03,-2.336096080138294617e-03,-5.819525912759693220e-04
1.352411816638834086e-01,1.358181673684961677e-01,5.769857046127591094e-04,1.730957113838277328e-03,-2.318637502404796713e-03,-5.876803885665193850e-04
1.352488516875192393e-01,1.358181673684961677e-01,5.693156809769284177e-04,1.707947042930785253e-03,-2.301007090749207507e-03,-5.930600478184222535e-04
1.352564624051502684e-01,1.358181673684961677e-01,5.617049633458992552e-04,1.685114890037697766e-03,-2.283215289308748730e-03,-5.981003992710509642e-04
1.352640133127413768e-01,1.358181673684961677e-01,5.541540557547908197e-04,1.662462167264372459e-03,-2.265272277332530670e-03,-6.028101100681582114e-04
1.352715039393214691e-01,1.358181673684961677e-01,5.466634291746985674e-04,1.639990287524095702e-03,-2.247187974027675672e-03,-6.071976865035799698e-04
1.352789338461329316e-01,1.358181673684961677e-01,5.392335223632360730e-04,1.617700567089708219e-03,-2.228972043438748329e-03,-6.112714763490401104e-04
1.352863026257967449e-01,1.358181673684961677e-01,5.318647426994227434e-04,1.595594228098268230e-03,-2.210633899143998882e-03,-6.150396710457306515e-04
1.352936099014934723e-01,1.358181673684961677e-01,5.245574670026953434e-04,1.573672401008086030e-03,-2.192182709018219988e-03,-6.185103080101339579e-04
1.353008553261593749e-01,1.358181673684961677e-01,5.173120423367927323e-04,1.551936127010378197e-03,-2.173627399770783342e-03,-6.216912727604051447e-04
1.353080385816980147e-01,1.358181673684961677e-01,5.101287867981529889e-04,1.530386360394458967e-03,-2.154976661591923026e-03,-6.245903011974640595e-04
1.353151593782065398e-01,1.358181673684961677e-01,5.030079902896278377e-04,1.509023970868883513e-03,-2.136238952557545367e-03,-6.272149816886618545e-04
1.353222174532169031e-01,1.358181673684961677e-01,4.959499152792645749e-04,1.487849745837793725e-03,-2.117422503108978837e-03,-6.295727572711851128e-04
1.353292125709515126e-01,1.358181673684961677e-01,4.889547975446550954e-04,1.466864392633965286e-03,-2.098535320382843850e-03,-6.316709277488785634e-04
1.353361445215933712e-01,1.358181673684961677e-01,4.820228469027965090e-04,1.446068540708389527e-03,-2.079585192557575901e-03,-6.335166518491863741e-04
1.353430131205700382e-01,1.358181673684961677e-01,4.751542479261294805e-04,1.425462743778388441e-03,-2.060579693000108570e-03,-6.351169492217201284e-04
1.353498182078517742e-01,1.358181673684961677e-01,4.683491606443934696e-04,1.405047481933180409e-03,-2.041526184520803255e-03,-6.364787025876228466e-04
1.353565596472632582e-01,1.358181673684961677e-01,4.616077212329094959e-04,1.384823163698728488e-03,-2.022431823445192123e-03,-6.376086597464636352e-04
1.353632373258087662e-01,1.358181673684961677e-01,4.549300426874014480e-04,1.364790128062204344e-03,-2.003303563652414354e-03,-6.385134355902100101e-04
1.353698511530107007e-01,1.358181673684961677e-01,4.483162154854669623e-04,1.344948646456400887e-03,-1.984148160580345710e-03,-6.391995141239448230e-04
1.353764010602612478e-01,1.358181673684961677e-01,4.417663082349199133e-04,1.325298924704759740e-03,-1.964972175164114709e-03,-6.396732504593549695e-04
1.353828870001867468e-01,1.358181673684961677e-01,4.352803683094208509e-04,1.305841104928262553e-03,-1.945781977649718719e-03,-6.399408727214561665e-04
1.353893089460249666e-01,1.358181673684961677e-01,4.288584224712010950e-04,1.286575267413603285e-03,-1.926583751465926753e-03,-6.400084840523234675e-04
1.353956668910147876e-01,1.358181673684961677e-01,4.225004774813800879e-04,1.267501432444140264e-03,-1.907383496946302159e-03,-6.398820645021618958e-04
1.354019608477981529e-01,1.358181673684961677e-01,4.162065206980147813e-04,1.248619562094044344e-03,-1.888187035009591952e-03,-6.395674729155476079e-04
1.354081908478342311e-01,1.358181673684961677e-01,4.099765206619365721e-04,1.229929561985809716e-03,-1.869000010823462787e-03,-6.390704488376530712e-04
1.354143569408254311e-01,1.358181673684961677e-01,4.038104276707366047e-04,1.211431283012209814e-03,-1.849827897359990203e-03,-6.383966143477803890e-04
1.354204591941551850e-01,1.358181673684961677e-01,3.977081743409827119e-04,1.193124523022948136e-03,-1.830675998926167836e-03,-6.375514759032196999e-04
1.354264976923373331e-01,1.358181673684961677e-01,3.916696761588345232e-04,1.175009028476503570e-03,-1.811549454644456603e-03,-6.365404261679530329e-04
1.354324725364768889e-01,1.358181673684961677e-01,3.856948320192787882e-04,1.157084496057836365e-03,-1.792453241866720504e-03,-6.353687458088841389e-04
1.354383838437418497e-01,1.358181673684961677e-01,3.797835247543179804e-04,1.139350574262953941e-03,-1.773392179488242348e-03,-6.340416052252884072e-04
1.354442317468463053e-01,1.358181673684961677e-01,3.739356216498623819e-04,1.121806864949587146e-03,-1.754370931336679540e-03,-6.325640663870923941e-04
1.354500163935441204e-01,1.358181673684961677e-01,3.681509749520472941e-04,1.104452924856141882e-03,-1.735394009344526367e-03,-6.309410844883844849e-04
1.354557379461334699e-01,1.358181673684961677e-01,3.624294223626978173e-04,1.087288267088093452e-03,-1.716465776804843024e-03,-6.291775097167495723e-04
1.354613965809718656e-01,3.744190832012929127e-01,2.389576866203210470e-01,7.168730598609631688e-01,0.000000000000000000e+00,7.168730598609631688e-01
1.355387425217963460e-01,3.744190832012929127e-01,2.388803406794965667e-01,7.166410220384896723e-01,-2.320378224734409578e-02,6.934372397911455765e-01
1.356854321865999524e-01,3.744190832012929127e-01,2.387336510146929602e-01,7.162009530440789362e-01,-4.400689944108193696e-02,6.721940536029969993e-01
1.358993412567638392e-01,3.744190832012929127e-01,2.385197419445290734e-01,7.155592258335872202e-01,-6.417272104916604825e-02,6.513865047844211720e-01
1.361783889774061673e-01,3.744190832012929127e-01,2.382406942238867453e-01,7.147220826716602637e-01,-8.371431619269842361e-02,6.310077664789618401e-01
1.365205374746963907e-01,3.744190832012929127e-01,2.378985457265965220e-01,7.136956371797895660e-01,-1.026445491870670024e-01,6.110510879927225636e-01
1.369237910807858949e-01,3.744190832012929127e-01,2.374952921205070178e-01,7.124858763615210533e-01,-1.209760818268512672e-01,5.915097945346697861e-01
1.373861956663288697e-01,3.744190832012929127e-01,2.370328875349640430e-01,7.110986626048920733e-01,-1.387213756628924433e-01,5.723772869419996301e-01
1.379058379805660484e-01,3.744190832012929127e-01,2.365132452207268643e-01,7.095397356621806484e-01,-1.558926942711535979e-01,5.536470413910270505e-01
1.384808449989423096e-01,3.744190832012929127e-01,2.359382382023506031e-01,7.078147146070518092e-01,-1.725021055128783676e-01,5.353126090941734416e-01
1.391093832782279993e-01,3.744190832012929127e-01,2.353096999230649133e-01,7.059290997691947123e-01,-1.885614837857069181e-01,5.173676159834877941e-01
1.397896583191120257e-01,3.744190832012929127e-01,2.346294248821808870e-01,7.038882746465426887e-01,-2.040825122652079049e-01,4.998057623813347838e-01
1.405199139362341976e-01,3.744190832012929127e-01,2.338991692650587151e-01,7.016975077951761453e-01,-2.190766851366515722e-01,4.826208226585245731e-01
1.412984316356222236e-01,3.744190832012929127e-01,2.331206515656706890e-01,6.993619546970120116e-01,-2.335553098164078190e-01,4.658066448806041926e-01
1.421235299994983159e-01,3.744190832012929127e-01,2.322955532017945968e-01,6.968866596053837625e-01,-2.475295091628276767e-01,4.493571504425560859e-01
1.429935640784186501e-01,3.744190832012929127e-01,2.314255191228742625e-01,6.942765573686228153e-01,-2.610102236761002725e-01,4.332663336925225428e-01
1.439069247907082405e-01,3.744190832012929127e-01,2.305121584105846722e-01,6.915364752317539887e-01,-2.740082136868771112e-01,4.175282615448768775e-01
1.448620383291523150e-01,3.744190832012929127e-01,2.295570448721405976e-01,6.886711346164218206e-01,-2.865340615332223617e-01,4.021370730831994589e-01
1.458573655749047238e-01,3.744190832012929127e-01,2.285617176263881889e-01,6.856851528791645389e-01,-2.985981737257226154e-01,3.870869791534419235e-01
1.468914015185724675e-01,3.744190832012929127e-01,2.275276816827204451e-01,6.825830450481613632e-01,-3.102107831003231286e-01,3.723722619478382345e-01
1.479626746884349919e-01,3.744190832012929127e-01,2.264564085128579207e-01,6.793692255385737067e-01,-3.213819509587573231e-01,3.579872745798163836e-01
1.490697465857555026e-01,3.744190832012929127e-01,2.253493366155374100e-01,6.760480098466121746e-01,-3.321215691961532102e-01,3.439264406504589644e-01
1.502112111271410588e-01,3.744190832012929127e-01,2.242078720741518538e-01,6.726236162224555892e-01,-3.424393624156668592e-01,3.301842538067887300e-01
1.513856940939072859e-01,3.744190832012929127e-01,2.230333891073856267e-01,6.691001673221568247e-01,-3.523448900298681297e-01,3.167552772922886950e-01
1.525918525884027432e-01,3.744190832012929127e-01,2.218272306128901694e-01,6.654816918386705638e-01,-3.618475483486371935e-01,3.036341434900333702e-01
1.538283744972472056e-01,3.744190832012929127e-01,2.205907087040457071e-01,6.617721261121370935e-01,-3.709565726533387009e-01,2.908155534587983926e-01
1.550939779614375624e-01,3.744190832012929127e-01,2.193251052398553502e-01,6.579753157195660229e-01,-3.796810392571070558e-01,2.782942764624589671e-01
1.563874108532741503e-01,3.744190832012929127e-01,2.180316723480187624e-01,6.540950170440562594e-01,-3.880298675509763484e-01,2.660651494930799110e-01
1.577074502600600558e-01,3.744190832012929127e-01,2.167116329412328568e-01,6.501348988236985704e-01,-3.960118220357716767e-01,2.541230767879268937e-01
1.590529019745247630e-01,3.744190832012929127e-01,2.153661812267681497e-01,6.460985436803043935e-01,-4.036355143394121381e-01,2.424630293408922554e-01
1.604225999919235424e-01,3.744190832012929127e-01,2.139964832093693703e-01,6.419894496281081109e-01,-4.109094052196338165e-01,2.310800444084742944e-01
1.618154060137631800e-01,3.744190832012929127e-01,2.126036771875297327e-01,6.378110315625892257e-01,-4.178418065518912927e-01,2.199692250106979330e-01
1.632302089581038895e-01,3.744190832012929127e-01,2.111888742431890231e-01,6.335666227295670971e-01,-4.244408833022128569e-01,2.091257394273542403e-01
1.646659244763873375e-01,3.744190832012929127e-01,2.097531587249055751e-01,6.292594761747167809e-01,-4.307146554850344033e-01,1.985448206896823775e-01
1.661214944767397395e-01,3.744190832012929127e-01,2.082975887245531732e-01,6.248927661736595196e-01,-4.366710001057205748e-01,1.882217660679389448e-01
1.675958866536989278e-01,3.744190832012929127e-01,2.068231965475939849e-01,6.204695896427819823e-01,-4.423176530877565016e-01,1.781519365550254808e-01
1.690880940243136288e-01,3.744190832012929127e-01,2.053309891769792839e-01,6.159929675309379071e-01,-4.476622111844102969e-01,1.683307563465276102e-01
1.705971344705629889e-01,3.744190832012929127e-01,2.038219487307299238e-01,6.114658461921897992e-01,-4.527121338748080204e-01,1.587537123173817788e-01
1.721220502880440872e-01,3.744190832012929127e-01,2.022970329132488254e-01,6.068910987397464485e-01,-4.574747452443295170e-01,1.494163534954169315e-01
1.736619077408747269e-01,3.744190832012929127e-01,2.007571754604181857e-01,6.022715263812545849e-01,-4.619572358491919051e-01,1.403142905320626799e-01
1.752157966227585739e-01,3.744190832012929127e-01,1.992032865785343387e-01,5.976098597356029885e-01,-4.661666645651540986e-01,1.314431951704488899e-01
1.767828298241594653e-01,3.744190832012929127e-01,1.976362533771334473e-01,5.929087601314003697e-01,-4.701099604202674254e-01,1.227987997111329443e-01
1.783621429055314567e-01,3.744190832012929127e-01,1.960569402957614560e-01,5.881708208872843402e-01,-4.737939244115974002e-01,1.143768964756869400e-01
1.799528936765510123e-01,3.744190832012929127e-01,1.944661895247419003e-01,5.833985685742256733e-01,-4.772252313058666928e-01,1.061733372683589804e-01
1.815542617812974102e-01,3.744190832012929127e-01,1.928648214199955024e-01,5.785944642599865073e-01,-4.804104314239193707e-01,9.818403283606713661e-02
1.831654482893274316e-01,3.744190832012929127e-01,1.912536349119654810e-01,5.737609047358964709e-01,-4.833559524090064174e-01,9.040495232689005345e-02
1.847856752925901291e-01,3.744190832012929127e-01,1.896334079087027835e-01,5.689002237261083783e-01,-4.860681009788092588e-01,8.283212274729911950e-02
1.864141855081275501e-01,3.744190832012929127e-01,1.880048976931653626e-01,5.640146930794960323e-01,-4.885530646612262773e-01,7.546162841826975498e-02
1.880502418865067915e-01,3.744190832012929127e-01,1.863688413147861211e-01,5.591065239443583357e-01,-4.908169135137724348e-01,6.828961043058590086e-02
1.896931272259290979e-01,3.744190832012929127e-01,1.847259559753638147e-01,5.541778679260914720e-01,-4.928656018266919236e-01,6.131226609939954830e-02
1.913421437919613499e-01,3.744190832012929127e-01,1.830769394093315627e-01,5.492308182279946882e-01,-4.947049698096755987e-01,5.452584841831908946e-02
1.929966129428354327e-01,3.744190832012929127e-01,1.814224702584574800e-01,5.442674107753724400e-01,-4.963407452622248250e-01,4.792666551314761492e-02
1.946558747602608330e-01,3.744190832012929127e-01,1.797632084410320796e-01,5.392896253230962111e-01,-4.977785452276201061e-01,4.151108009547610500e-02
1.963192876856957869e-01,3.744190832012929127e-01,1.780997955155971257e-01,5.342993865467913217e-01,-4.990238776304861679e-01,3.527550891630515384e-02
1.979862281620223541e-01,3.744190832012929127e-01,1.764328550392705586e-01,5.292985651178117035e-01,-5.000821428979701500e-01,2.921642221984155352e-02
1.996560902805709081e-01,3.744190832012929127e-01,1.747629929207220045e-01,5.242889787621660691e-01,-5.009586355645662126e-01,2.333034319759985653e-02
2.013282854334392247e-01,3.744190832012929127e-01,1.730907977678536880e-01,5.192723933035610084e-01,-5.016585458604949643e-01,1.761384744306604411e-02
2.030022419710518500e-01,3.744190832012929127e-01,1.714168412302410627e-01,5.142505236907232158e-01,-5.021869612837875918e-01,1.206356240693562398e-02
2.046774048649051825e-01,3.744190832012929127e-01,1.697416783363877302e-01,5.092250350091631628e-01,-5.025488681559997506e-01,6.676166853163412185e-03
2.063532353754438109e-01,3.744190832012929127e-01,1.680658478258491018e-01,5.041975434775473053e-01,-5.027491531615885245e-01,1.448390315958780761e-03
2.080292107250140410e-01,3.744190832012929127e-01,1.663898724762788717e-01,4.991696174288365873e-01,-5.027926048710690266e-01,-3.622987442232439292e-03
2.097048237758400435e-01,3.744190832012929127e-01,1.647142594254528691e-01,4.941427782763586074e-01,-5.026839152478007611e-01,-8.541136971442153669e-03
2.113795827129689164e-01,3.744190832012929127e-01,1.630395004883239962e-01,4.891185014649719887e-01,-5.024276811386618746e-01,-1.330917967368988597e-02
2.130530107321304267e-01,3.744190832012929127e-01,1.613660724691624859e-01,4.840982174074874855e-01,-5.020284057484530882e-01,-1.793018834096560266e-02
2.147246457324578361e-01,3.744190832012929127e-01,1.596944374688350765e-01,4.790833124065052573e-01,-5.014905000982228245e-01,-2.240718769171756719e-02
2.163940400140160758e-01,3.744190832012929127e-01,1.580250431872768369e-01,4.740751295618305106e-01,-5.008182844674718970e-01,-2.674315490564138642e-02
2.180607599800837293e-01,3.744190832012929127e-01,1.563583232212091834e-01,4.690749696636275501e-01,-5.000159898202960473e-01,-3.094102015666849725e-02
2.197243858441357278e-01,3.744190832012929127e-01,1.546946973571571848e-01,4.640840920714715545e-01,-4.990877592155995579e-01,-3.500366714412800340e-02
2.213845113414733001e-01,3.744190832012929127e-01,1.530345718598196125e-01,4.591037155794588376e-01,-4.980376492012716927e-01,-3.893393362181285511e-02
2.230407434454486915e-01,3.744190832012929127e-01,1.513783397558442212e-01,4.541350192675326358e-01,-4.968696311926174003e-01,-4.273461192508476447e-02
2.246927020882315829e-01,3.744190832012929127e-01,1.497263811130613298e-01,4.491791433391839616e-01,-4.955875928348674186e-01,-4.640844949568345701e-02
2.263400198860649193e-01,3.744190832012929127e-01,1.480790633152279934e-01,4.442371899456839524e-01,-4.941953393500009284e-01,-4.995814940431697604e-02
2.279823418689578274e-01,3.744190832012929127e-01,1.464367413323350853e-01,4.393102239970052558e-01,-4.926965948678724283e-01,-5.338637087086717248e-02
2.296193252147636366e-01,3.744190832012929127e-01,1.447997579865292761e-01,4.343992739595878283e-01,-4.910950037417427527e-01,-5.669572978215492443e-02
2.312506389875912394e-01,3.744190832012929127e-01,1.431684442137016733e-01,4.295053326411050199e-01,-4.893941318482808445e-01,-5.988879920717582461e-02
2.328759638804981102e-01,3.744190832012929127e-01,1.415431193207948024e-01,4.246293579623844350e-01,-4.875974678720612632e-01,-6.296810990967682820e-02
2.344949919624140233e-01,3.744190832012929127e-01,1.399240912388788893e-01,4.197722737166366680e-01,-4.857084245747739226e-01,-6.593615085813725463e-02
2.361074264292441216e-01,3.744190832012929127e-01,1.383116567720487911e-01,4.149349703161463454e-01,-4.837303400490294836e-01,-6.879536973288313817e-02
2.377129813591009333e-01,3.744190832012929127e-01,1.367061018421919794e-01,4.101183055265759103e-01,-4.816664789570435090e-01,-7.154817343046759870e-02
2.393113814716146814e-01,3.744190832012929127e-01,1.351077017296782312e-01,4.053231051890346937e-01,-4.795200337541244417e-01,-7.419692856508974810e-02
2.409023618912719267e-01,3.744190832012929127e-01,1.335167213100209860e-01,4.005501639300629302e-01,-4.772941258971735712e-01,-7.674396196711064100e-02
2.424856679147324723e-01,3.744190832012929127e-01,1.319334152865604404e-01,3.958002458596813211e-01,-4.749918070381636825e-01,-7.919156117848236143e-02
2.440610547820751541e-01,3.744190832012929127e-01,1.303580284192177585e-01,3.910740852576533033e-01,-4.726160602028045554e-01,-8.154197494515125211e-02
2.456282874519233328e-01,3.744190832012929127e-01,1.287907957493695799e-01,3.863723872481087396e-01,-4.701698009544535983e-01,-8.379741370634485875e-02
2.471871403804008771e-01,3.744190832012929127e-01,1.272319428208920356e-01,3.816958284626761344e-01,-4.676558785432632925e-01,-8.596005008058715813e-02
2.487373973038703723e-01,3.744190832012929127e-01,1.256816858974225404e-01,3.770450576922675934e-01,-4.650770770408485522e-01,-8.803201934858095878e-02
2.502788510254049803e-01,3.744190832012929127e-01,1.241402321758879324e-01,3.724206965276637971e-01,-4.624361164603824070e-01,-9.001541993271860997e-02
2.518113032049463240e-01,3.744190832012929127e-01,1.226077799963465886e-01,3.678233399890397659e-01,-4.597356538624031153e-01,-9.191231387336334935e-02
2.533345641531003500e-01,3.744190832012929127e-01,1.210845190481925626e-01,3.632535571445776879e-01,-4.569782844462078053e-01,-9.372472730163011745e-02
2.548484526285241802e-01,3.744190832012929127e-01,1.195706305727687324e-01,3.587118917183061972e-01,-4.541665426271490613e-01,-9.545465090884286408e-02
2.563527956388571560e-01,3.744190832012929127e-01,1.180662875624357566e-01,3.541988626873072699e-01,-4.513029030998927382e-01,-9.710404041258546837e-02
2.578474282451488908e-01,3.744190832012929127e-01,1.165716549561440218e-01,3.497149648684320655e-01,-4.483897818875204333e-01,-9.867481701908836778e-02
2.593321933697386728e-01,3.744190832012929127e-01,1.150868898315542399e-01,3.452606694946627197e-01,-4.454295373769345812e-01,-1.001688678822718614e-01
2.608069416075402547e-01,3.744190832012929127e-01,1.136121415937526580e-01,3.408364247812579739e-01,-4.424244713404745788e-01,-1.015880465592166049e-01
2.622715310406859013e-01,3.744190832012929127e-01,1.121475521606070114e-01,3.364426564818210341e-01,-4.393768299436939806e-01,-1.029341734618729465e-01
2.637258270564853957e-01,3.744190832012929127e-01,1.106932561448075170e-01,3.320797684344225509e-01,-4.362888047398483238e-01,-1.042090363054257729e-01
2.651697021686543199e-01,3.744190832012929127e-01,1.092493810326385928e-01,3.277481430979157784e-01,-4.331625336506772506e-01,-1.054143905527614722e-01
2.666030358417679769e-01,3.744190832012929127e-01,1.078160473595249358e-01,3.234481420785748074e-01,-4.300001019340971009e-01,-1.065519598555222935e-01
2.680257143188960467e-01,3.744190832012929127e-01,1.063933688823968660e-01,3.191801066471905979e-01,-4.268035431384209488e-01,-1.076234364912303509e-01
2.694376304523750099e-01,3.744190832012929127e-01,1.049814527489179028e-01,3.149443582467537084e-01,-4.235748400436889494e-01,-1.086304817969352410e-01
2.708386835376742630e-01,3.744190832012929127e-01,1.035803996636186497e-01,3.107411989908559491e-01,-4.203159255897759294e-01,-1.095747265989199803e-01
2.722287791503136267e-01,3.744190832012929127e-01,1.021903040509792859e-01,3.065709121529378578e-01,-4.170286837918091294e-01,-1.104577716388712716e-01
2.736078289857891144e-01,3.744190832012929127e-01,1.008112542155037983e-01,3.024337626465113948e-01,-4.137149506426462953e-01,-1.112811879961349004e-01
2.749757507024649938e-01,3.744190832012929127e-01,9.944333249882791881e-02,2.983299974964837564e-01,-4.103765150027638420e-01,-1.120465175062800856e-01
2.763324677673902330e-01,3.744190832012929127e-01,9.808661543390267967e-02,2.942598463017080390e-01,-4.070151194775717407e-01,-1.127552731758637017e-01
2.776779093049979164e-01,3.744190832012929127e-01,9.674117389629499630e-02,2.902235216888849889e-01,-4.036324612823050106e-01,-1.134089395934200217e-01
2.790120099486462224e-01,3.744190832012929127e-01,9.540707325264669025e-02,2.862212197579400708e-01,-4.002301930944918151e-01,-1.140089733365517444e-01
2.803347096949608819e-01,3.744190832012929127e-01,9.408437350633203078e-02,2.822531205189960923e-01,-3.968099238943978424e-01,-1.145568033754017501e-01
2.816459537609380392e-01,3.744190832012929127e-01,9.277312944035487341e-02,2.783193883210646202e-01,-3.933732197931472108e-01,-1.150538314720825905e-01
2.829456924437679932e-01,3.744190832012929127e-01,9.147339075752491944e-02,2.744201722725747583e-01,-3.899216048489861919e-01,-1.155014325764114336e-01
2.842338809833402924e-01,3.744190832012929127e-01,9.018520221795262026e-02,2.705556066538578608e-01,-3.864565618716897522e-01,-1.159009552178318914e-01
2.855104794273907731e-01,3.744190832012929127e-01,8.890860377390213953e-02,2.667258113217064186e-01,-3.829795332151442189e-01,-1.162537218934378003e-01
2.867754524992519594e-01,3.744190832012929127e-01,8.764363070204095330e-02,2.629308921061228599e-01,-3.794919215583558714e-01,-1.165610294522330115e-01
2.880287694681679111e-01,3.744190832012929127e-01,8.639031373312500151e-02,2.591709411993750045e-01,-3.759950906747855370e-01,-1.168241494754105325e-01
2.892704040221363293e-01,3.744190832012929127e-01,8.514867917915658335e-02,2.554460375374697501e-01,-3.724903661905254459e-01,-1.170443286530556959e-01
2.905003341432393915e-01,3.744190832012929127e-01,8.391874905805352114e-02,2.517562471741605634e-01,-3.689790363309186638e-01,-1.172227891567581004e-01
2.917185419854267936e-01,3.744190832012929127e-01,8.270054121586611906e-02,2.481016236475983572e-01,-3.654623526562206237e-01,-1.173607290086222665e-01
2.929250137547133592e-01,3.744190832012929127e-01,8.149406944657955343e-02,2.444822083397386603e-01,-3.619415307859696895e-01,-1.174593224462310292e-01
2.941197395917553026e-01,3.744190832012929127e-01,8.029934360953761008e-02,2.408980308286128302e-01,-3.584177511125830051e-01,-1.175197202839701749e-01
2.953027134567688394e-01,3.744190832012929127e-01,7.911636974452407323e-02,2.373491092335722197e-01,-3.548921595040610555e-01,-1.175430502704888358e-01
2.964739330167553422e-01,3.744190832012929127e-01,7.794515018453757049e-02,2.338354505536127115e-01,-3.513658679959508202e-01,-1.175304174423381087e-01
2.976333995349975670e-01,3.744190832012929127e-01,7.678568366629534570e-02,2.303570509988860371e-01,-3.478399554726674392e-01,-1.174829044737814021e-01
2.987811177627924253e-01,3.744190832012929127e-01,7.563796543850048737e-02,2.269138963155014621e-01,-3.443154683384574977e-01,-1.174015720229560356e-01
2.999170958333849946e-01,3.744190832012929127e-01,7.450198736790791809e-02,2.235059621037237543e-01,-3.407934211777707834e-01,-1.172874590740470291e-01
3.010413451580701838e-01,3.744190832012929127e-01,7.337773804322272886e-02,2.201332141296681866e-01,-3.372747974055567699e-01,-1.171415832758885833e-01
3.021538803244277482e-01,3.744190832012929127e-01,7.226520287686516442e-02,2.167956086305954932e-01,-3.337605499072693327e-01,-1.169649412766738394e-01
3.032547189966576795e-01,3.744190832012929127e-01,7.116436420463523316e-02,2.134930926139056995e-01,-3.302516016689793776e-01,-1.167585090550736782e-01
3.043438818179821093e-01,3.744190832012929127e-01,7.007520138331080339e-02,2.102256041499324102e-01,-3.267488463973289292e-01,-1.165232422473965190e-01
3.054213923150817522e-01,3.744190832012929127e-01,6.899769088621116042e-02,2.069930726586334813e-01,-3.232531491298928916e-01,-1.162600764712594104e-01
3.064872768045343032e-01,3.744190832012929127e-01,6.793180639675860943e-02,2.037954191902758283e-01,-3.197653468357652962e-01,-1.159699276454894679e-01
3.075415643012223144e-01,3.744190832012929127e-01,6.687751890007059830e-02,2.006325567002117949e-01,-3.162862490064033416e-01,-1.156536923061915467e-01
3.085842864286796883e-01,3.744190832012929127e-01,6.583479677261322438e-02,1.975043903178396731e-01,-3.128166382372121745e-01,-1.153122479193725014e-01
3.096154773313451458e-01,3.744190832012929127e-01,6.480360586994776684e-02,1.944108176098433005e-01,-3.093572707996372628e-01,-1.149464531897939623e-01
3.106351735886915821e-01,3.744190832012929127e-01,6.378390961260133052e-02,1.913517288378039916e-01,-3.059088772039308957e-01,-1.145571483661269041e-01
3.116434141312014461e-01,3.744190832012929127e-01,6.277566907009146657e-02,1.883270072102743997e-01,-3.024721627529591839e-01,-1.141451555426847841e-01
3.126402401581570012e-01,3.744190832012929127e-01,6.177884304313591146e-02,1.853365291294077344e-01,-2.990478080866665334e-01,-1.137112789572587990e-01
3.136256950572168245e-01,3.744190832012929127e-01,6.079338814407608815e-02,1.823801644322282645e-01,-2.956364697179469925e-01,-1.132563052857187280e-01
3.145998243257481231e-01,3.744190832012929127e-01,5.981925887554478960e-02,1.794577766266343688e-01,-2.922387805593895660e-01,-1.127810039327551972e-01
3.155626754938861134e-01,3.744190832012929127e-01,5.885640770740679928e-02,1.765692231222203978e-01,-2.888553504413970963e-01,-1.122861273191766984e-01
3.165142980492922087e-01,3.744190832012929127e-01,5.790478515200070397e-02,1.737143554560021119e-01,-2.854867666218285915e-01,-1.117724111658264796e-01
3.174547433635817040e-01,3.744190832012929127e-01,5.696433983771120868e-02,1.708930195131336260e-01,-2.821335942868485880e-01,-1.112405747737149619e-01
3.183840646203938141e-01,3.744190832012929127e-01,5.603501858089909859e-02,1.681050557426972958e-01,-2.787963770436330257e-01,-1.106913213009357300e-01
3.193023167450758648e-01,3.744190832012929127e-01,5.511676645621704784e-02,1.653502993686511435e-01,-2.754756374046152256e-01,-1.101253380359640821e-01
3.202095563359543262e-01,3.744190832012929127e-01,5.420952686533858644e-02,1.626285805960157593e-01,-2.721718772635384198e-01,-1.095432966675226605e-01
3.211058415971659863e-01,3.744190832012929127e-01,5.331324160412692637e-02,1.599397248123807791e-01,-2.688855783634980234e-01,-1.089458535511172443e-01
3.219912322730225651e-01,3.744190832012929127e-01,5.242785092827034754e-02,1.572835527848110426e-01,-2.656172027569736471e-01,-1.083336499721626045e-01
3.228657895838819014e-01,3.744190832012929127e-01,5.155329361741101124e-02,1.546598808522330337e-01,-2.623671932578008903e-01,-1.077073124055678566e-01
3.237295761635006763e-01,3.744190832012929127e-01,5.068950703779223632e-02,1.520685211133767090e-01,-2.591359738856324757e-01,-1.070674527722557667e-01
3.245826559978422510e-01,3.744190832012929127e-01,4.983642720345066168e-02,1.495092816103519850e-01,-2.559239503024723916e-01,-1.064146686921204066e-01
3.254250943653146377e-01,3.744190832012929127e-01,4.899398883597827492e-02,1.469819665079348248e-01,-2.527315102417160286e-01,-1.057495437337812039e-01
3.262569577784136254e-01,3.744190832012929127e-01,4.816212542287928722e-02,1.444863762686378617e-01,-2.495590239296963109e-01,-1.050726476610584492e-01
3.270783139267465223e-01,3.744190832012929127e-01,4.734076927454639039e-02,1.420223078236391712e-01,-2.464068444998690488e-01,-1.043845366762298776e-01
3.278892316214117586e-01,3.744190832012929127e-01,4.652985157988115406e-02,1.395895547396434622e-01,-2.432753083995708998e-01,-1.036857536599274376e-01
3.286897807407110350e-01,3.744190832012929127e-01,4.572930246058187764e-02,1.371879073817456329e-01,-2.401647357897829238e-01,-1.029768284080372909e-01
3.294800321771694795e-01,3.744190832012929127e-01,4.493905102412343311e-02,1.348171530723702993e-01,-2.370754309375333602e-01,-1.022582778651630608e-01
3.302600577858414432e-01,3.744190832012929127e-01,4.415902541545146942e-02,1.324770762463544083e-01,-2.340076826015891065e-01,-1.015306063552346982e-01
3.310299303338778421e-01,3.744190832012929127e-01,4.338915286741507060e-02,1.301674586022452118e-01,-2.309617644109196455e-01,-1.007943058086744337e-01
3.317897234513333959e-01,3.744190832012929127e-01,4.262935974995951671e-02,1.278880792498785501e-01,-2.279379352366661671e-01,-1.000498559867876169e-01
3.325395115831902837e-01,3.744190832012929127e-01,4.187957161810262896e-02,1.256387148543078869e-01,-2.249364395570663255e-01,-9.929772470275843865e-02
3.332793699425768974e-01,3.744190832012929127e-01,4.113971325871601525e-02,1.234191397761480458e-01,-2.219575078159841119e-01,-9.853836803983606618e-02
3.340093744651594920e-01,3.744190832012929127e-01,4.040970873613342063e-02,1.212291262084002619e-01,-2.190013567747783885e-01,-9.777223056637812659e-02
3.347296017646854693e-01,3.744190832012929127e-01,3.968948143660744332e-02,1.190684443098223300e-01,-2.160681898577931914e-01,-9.699974554797086146e-02
3.354401290896566468e-01,3.744190832012929127e-01,3.897895411163626589e-02,1.169368623349087977e-01,-2.131581974913532296e-01,-9.622133515644443191e-02
3.361410342811121943e-01,3.744190832012929127e-01,3.827804892018071836e-02,1.148341467605421551e-01,-2.102715574366642581e-01,-9.543741067612210305e-02
3.368323957315001449e-01,3.744190832012929127e-01,3.758668746979276776e-02,1.127600624093783033e-01,-2.074084351163851814e-01,-9.464837270700687810e-02
3.375142923446173837e-01,3.744190832012929127e-01,3.690479085667552894e-02,1.107143725700265868e-01,-2.045689839351716444e-01,-9.385461136514505753e-02
3.381868034965980763e-01,3.744190832012929127e-01,3.623227970469483639e-02,1.086968391140845092e-01,-2.017533455942077669e-01,-9.305650648012325776e-02
3.388500089979307739e-01,3.744190832012929127e-01,3.556907420336213876e-02,1.067072226100864163e-01,-1.989616503998092867e-01,-9.225442778972287039e-02
3.395039890564844898e-01,3.744190832012929127e-01,3.491509414480842288e-02,1.047452824344252686e-01,-1.961940175661147645e-01,-9.144873513168949586e-02
3.401488242415250385e-01,3.744190832012929127e-01,3.427025895976787417e-02,1.028107768793036225e-01,-1.934505555121646125e-01,-9.063977863286099002e-02
3.407845954487023210e-01,3.744190832012929127e-01,3.363448775259059165e-02,1.009034632577717749e-01,-1.907313621531847581e-01,-8.982789889541298312e-02
3.414113838659900702e-01,3.744190832012929127e-01,3.300769933530284250e-02,9.902309800590852751e-02,-1.880365251863247433e-01,-8.901342718041621582e-02
3.420292709405597376e-01,3.744190832012929127e-01,3.238981226073317510e-02,9.716943678219952529e-02,-1.853661223709002215e-01,-8.819668558870069619e-02
3.426383383465705368e-01,3.744190832012929127e-01,3.178074485472237587e-02,9.534223456416712761e-02,-1.827202218032397685e-01,-8.737798723907264087e-02
3.432386679538574348e-01,3.744190832012929127e-01,3.118041524743547788e-02,9.354124574230643363e-02,-1.800988821860693978e-01,-8.655763644376296417e-02
3.438303417974999943e-01,3.744190832012929127e-01,3.058874140379291839e-02,9.176622421137875518e-02,-1.775021530927678448e-01,-8.573592888138908963e-02
3.444134420482544146e-01,3.744190832012929127e-01,3.000564115303849810e-02,9.001692345911549431e-02,-1.749300752263260872e-01,-8.491315176721059288e-02
3.449880509838320619e-01,3.744190832012929127e-01,2.943103221746085074e-02,8.829309665238255223e-02,-1.723826806732942085e-01,-8.408958402091165629e-02
3.455542509610076696e-01,3.744190832012929127e-01,2.886483224028524308e-02,8.659449672085572924e-02,-1.698599931526822981e-01,-8.326549643182656890e-02
3.461121243885400545e-01,3.744190832012929127e-01,2.830695881275285819e-02,8.492087643825857457e-02,-1.673620282597154674e-01,-8.244115182145689280e-02
3.466617537008903072e-01,3.744190832012929127e-01,2.775732950040260549e-02,8.327198850120781648e-02,-1.648887937050758090e-01,-8.161680520386799254e-02
3.472032213327201911e-01,3.744190832012929127e-01,2.721586186857272160e-02,8.164758560571816481e-02,-1.624402895489651666e-01,-8.079270394324700177e-02
3.477366096941557072e-01,3.744190832012929127e-01,2.668247350713720545e-02,8.004742052141161635e-02,-1.600165084306548469e-01,-7.996908790924323052e-02
3.482620011468003374e-01,3.744190832012929127e-01,2.615708205449257528e-02,7.847124616347772585e-02,-1.576174357933890491e-01,-7.914618962991132323e-02
3.487794779804819778e-01,3.744190832012929127e-01,2.563960522081093485e-02,7.691881566243280455e-02,-1.552430501044921307e-01,-7.832423444205932617e-02
3.492891223907194087e-01,3.744190832012929127e-01,2.512996081057350395e-02,7.538988243172051185e-02,-1.528933230712292701e-01,-7.750344063950875828e-02
3.497910164568928670e-01,3.744190832012929127e-01,2.462806674440004562e-02,7.388420023320013685e-02,-1.505682198520374993e-01,-7.668401961883736240e-02
3.502852421211044565e-01,3.744190832012929127e-01,2.413384108018845620e-02,7.240152324056536859e-02,-1.482676992634768265e-01,-7.586617602291145790e-02
3.507718811677137394e-01,3.744190832012929127e-01,2.364720203357917327e-02,7.094160610073751982e-02,-1.459917139827848764e-01,-7.505010788204735661e-02
3.512510152035348554e-01,3.744190832012929127e-01,2.316806799775805725e-02,6.950420399327417176e-02,-1.437402107463348067e-01,-7.423600675306063490e-02
3.517227256386806222e-01,3.744190832012929127e-01,2.269635756261229043e-02,6.808907268783687128e-02,-1.415131305437300480e-01,-7.342405785589317668e-02
3.521870936680407960e-01,3.744190832012929127e-01,2.223198953325211669e-02,6.669596859975635006e-02,-1.393104088080521219e-01,-7.261444020829577184e-02
3.526442002533801690e-01,3.744190832012929127e-01,2.177488294791274370e-02,6.532464884373823111e-02,-1.371319756018118952e-01,-7.180732675807366405e-02
3.530941261060437375e-01,3.744190832012929127e-01,2.132495709524917515e-02,6.397487128574752546e-02,-1.349777557990705645e-01,-7.100288451332303907e-02
3.535369516702559500e-01,3.744190832012929127e-01,2.088213153103696262e-02,6.264639459311088787e-02,-1.328476692636637591e-01,-7.020127467055287118e-02
3.539727571070011014e-01,3.744190832012929127e-01,2.044632609429181125e-02,6.133897828287543375e-02,-1.307416310235454127e-01,-6.940265274066997891e-02
3.544016222784722170e-01,3.744190832012929127e-01,2.001746092282069567e-02,6.005238276846208700e-02,-1.286595514413346741e-01,-6.860716867287258713e-02
3.548236267330760474e-01,3.744190832012929127e-01,1.959545646821686526e-02,5.878636940465059579e-02,-1.266013363811491210e-01,-6.781496697649852523e-02
3.552388496909822391e-01,3.744190832012929127e-01,1.918023351031067358e-02,5.754070053093202075e-02,-1.245668873718575043e-01,-6.702618684092548351e-02
3.556473700302043017e-01,3.744190832012929127e-01,1.877171317108861093e-02,5.631513951326583278e-02,-1.225561017666187968e-01,-6.624096225335296406e-02
3.560492662732010483e-01,3.744190832012929127e-01,1.836981692809186439e-02,5.510945078427559318e-02,-1.205688728990239600e-01,-6.545942211474836681e-02
3.564446165739862948e-01,3.744190832012929127e-01,1.797446662730661782e-02,5.392339988191985345e-02,-1.186050902355739733e-01,-6.468169035365411990e-02
3.568334987057362184e-01,3.744190832012929127e-01,1.758558449555669423e-02,5.275675348667008269e-02,-1.166646395249770762e-01,-6.390788603830699355e-02
3.572159900488822704e-01,3.744190832012929127e-01,1.720309315241064230e-02,5.160927945723192689e-02,-1.147474029438155796e-01,-6.313812348658365270e-02
3.575921675796796539e-01,3.744190832012929127e-01,1.682691562161325871e-02,5.048074686483977613e-02,-1.128532592392150757e-01,-6.237251237437529960e-02
3.579621078592395977e-01,3.744190832012929127e-01,1.645697534205331491e-02,4.937092602615994474e-02,-1.109820838679831390e-01,-6.161115784182319421e-02
3.583258870230153770e-01,3.744190832012929127e-01,1.609319617827753568e-02,4.827958853483260704e-02,-1.091337491327337705e-01,-6.085416059790116350e-02
3.586835807707313695e-01,3.744190832012929127e-01,1.573550243056154319e-02,4.720650729168462956e-02,-1.073081243147977482e-01,-6.010161702311311860e-02
3.590352643567450430e-01,3.744190832012929127e-01,1.538381884454786963e-02,4.615145653364360889e-02,-1.055050758041020664e-01,-5.935361927045845754e-02
3.593810125808316602e-01,3.744190832012929127e-01,1.503807062046125242e-02,4.511421186138375727e-02,-1.037244672259851619e-01,-5.861025536460140462e-02
3.597208997793818197e-01,3.744190832012929127e-01,1.469818342191109295e-02,4.409455026573327885e-02,-1.019661595650478425e-01,-5.787160929931456366e-02
3.600549998170020638e-01,3.744190832012929127e-01,1.436408338429084885e-02,4.309225015287254656e-02,-1.002300112860732284e-01,-5.713776113320068184e-02
3.603833860785090049e-01,3.744190832012929127e-01,1.403569712278390780e-02,4.210709136835172339e-02,-9.851587845208231720e-02,-5.640878708373059380e-02
3.607061314613075886e-01,3.744190832012929127e-01,1.371295173998532402e-02,4.113885521995597205e-02,-9.682361483957513393e-02,-5.568475961961916187e-02
3.610233083681441690e-01,3.744190832012929127e-01,1.339577483314874362e-02,4.018732449944623086e-02,-9.515307205097411902e-02,-5.496574755152788816e-02
3.613349887002256233e-01,3.744190832012929127e-01,1.308409450106728933e-02,3.925228350320186799e-02,-9.350409962443628764e-02,-5.425181612123441965e-02
3.616412438506949600e-01,3.744190832012929127e-01,1.277783935059795262e-02,3.833351805179385785e-02,-9.187654514080101364e-02,-5.354302708900715579e-02
3.619421446984553703e-01,3.744190832012929127e-01,1.247693850283754236e-02,3.743081550851262707e-02,-9.027025432812307848e-02,-5.283943881961045141e-02
3.622377616023338409e-01,3.744190832012929127e-01,1.218132159895907174e-02,3.654396479687721522e-02,-8.868507116354118480e-02,-5.214110636666396958e-02
3.625281643955756139e-01,3.744190832012929127e-01,1.189091880571729876e-02,3.567275641715189627e-02,-8.712083797253189488e-02,-5.144808155537999861e-02
3.628134223806618874e-01,3.744190832012929127e-01,1.160566082063102522e-02,3.481698246189307566e-02,-8.557739552588206067e-02,-5.076041306398898501e-02
3.630936043244417655e-01,3.744190832012929127e-01,1.132547887685114718e-02,3.397643663055344154e-02,-8.405458313396341197e-02,-5.007814650340997042e-02
3.633687784535712950e-01,3.744190832012929127e-01,1.105030474772161764e-02,3.315091424316485291e-02,-8.255223873885886299e-02,-4.940132449569401007e-02
3.636390124502512644e-01,3.744190832012929127e-01,1.078007075104164825e-02,3.234021225312494474e-02,-8.107019900399081713e-02,-4.872998675086587239e-02
3.639043734482561021e-01,3.744190832012929127e-01,1.051470975303681055e-02,3.154412925911043164e-02,-7.960829940145131012e-02,-4.806417014234087848e-02
3.641649280292467150e-01,3.744190832012929127e-01,1.025415517204619764e-02,3.076246551613859292e-02,-7.816637429718387153e-02,-4.740390878104527861e-02
3.644207422193592172e-01,3.744190832012929127e-01,9.998340981933695470e-03,2.999502294580108641e-02,-7.674425703375065133e-02,-4.674923408794956492e-02
3.646718814860629432e-01,3.744190832012929127e-01,9.747201715229969476e-03,2.924160514568990843e-02,-7.534178001111779821e-02,-4.610017486542788978e-02
3.649184107352801409e-01,3.744190832012929127e-01,9.500672466012771711e-03,2.850201739803831513e-02,-7.395877476515932969e-02,-4.545675736712101456e-02
3.651603943087606274e-01,3.744190832012929127e-01,9.258688892532285220e-03,2.777606667759685566e-02,-7.259507204414594739e-02,-4.481900536654909173e-02
3.653978959817044680e-01,3.744190832012929127e-01,9.021187219588444606e-03,2.706356165876533382e-02,-7.125050188315218413e-02,-4.418694022438685032e-02
3.656309789606258520e-01,3.744190832012929127e-01,8.788104240667060640e-03,2.636431272200118192e-02,-6.992489367641518960e-02,-4.356058095441400768e-02
3.658597058814517800e-01,3.744190832012929127e-01,8.559377319841132703e-03,2.567813195952339811e-02,-6.861807624777838122e-02,-4.293994428825498311e-02
3.660841388078489023e-01,3.744190832012929127e-01,8.334944393444010391e-03,2.500483318033203117e-02,-6.732987791913669362e-02,-4.232504473880466245e-02
3.663043392297721246e-01,3.744190832012929127e-01,8.114743971520788079e-03,2.434423191456236424e-02,-6.606012657696669343e-02,-4.171589466240432920e-02
3.665203680622290960e-01,3.744190832012929127e-01,7.898715139063816615e-03,2.369614541719144984e-02,-6.480864973709143939e-02,-4.111250431989998955e-02
3.667322856442540857e-01,3.744190832012929127e-01,7.686797557038826945e-03,2.306039267111648083e-02,-6.357527460749690107e-02,-4.051488193638042024e-02
3.669401517380854183e-01,3.744190832012929127e-01,7.478931463207494357e-03,2.243679438962248307e-02,-6.235982814939977636e-02,-3.992303375977729329e-02
3.671440255285408072e-01,3.744190832012929127e-01,7.275057672752105464e-03,2.182517301825631639e-02,-6.116213713661666773e-02,-3.933696411836035134e-02
3.673439656225843675e-01,3.744190832012929127e-01,7.075117578708545185e-03,2.122535273612563556e-02,-5.998202821306808374e-02,-3.875667547694244819e-02
3.675400300490802019e-01,3.744190832012929127e-01,6.879053152212710742e-03,2.063715945663813223e-02,-5.881932794875033288e-02,-3.818216849211220065e-02
3.677322762587268423e-01,3.744190832012929127e-01,6.686806942566070333e-03,2.006042082769821100e-02,-5.767386289399212274e-02,-3.761344206629391174e-02
3.679207611241668285e-01,3.744190832012929127e-01,6.498322077126084118e-03,1.949496623137825235e-02,-5.654545963199586467e-02,-3.705049340061761232e-02
3.681055409402667622e-01,3.744190832012929127e-01,6.313542261026150459e-03,1.894062678307845138e-02,-5.543394482998009742e-02,-3.649331804690164605e-02
3.682866714245620066e-01,3.744190832012929127e-01,6.132411776730906094e-03,1.839723533019271828e-02,-5.433914528857330950e-02,-3.594190995838059122e-02
3.684642077178614250e-01,3.744190832012929127e-01,5.954875483431487648e-03,1.786462645029446294e-02,-5.326088798982553385e-02,-3.539626153953107091e-02
3.686382043850068846e-01,3.744190832012929127e-01,5.780878816286028066e-03,1.734263644885808420e-02,-5.219900014363787477e-02,-3.485636369477979057e-02
3.688087154157828618e-01,3.744190832012929127e-01,5.610367785510050886e-03,1.683110335653015266e-02,-5.115330923279315378e-02,-3.432220587626300112e-02
3.689757942259712098e-01,3.744190832012929127e-01,5.443288975321702861e-03,1.632986692596510858e-02,-5.012364305650440777e-02,-3.379377613053929919e-02
3.691394936585465358e-01,3.744190832012929127e-01,5.279589542746376818e-03,1.583876862823913045e-02,-4.910982977259781279e-02,-3.327106114435868234e-02
3.692998659850074139e-01,3.744190832012929127e-01,5.119217216285498750e-03,1.535765164885649625e-02,-4.811169793826342023e-02,-3.275404628940692398e-02
3.694569629068393257e-01,3.744190832012929127e-01,4.962120294453586933e-03,1.488636088336076080e-02,-4.712907654957354531e-02,-3.224271566621278451e-02
3.696108355571046111e-01,3.744190832012929127e-01,4.808247644188301528e-03,1.442474293256490459e-02,-4.616179507958562134e-02,-3.173705214702071675e-02
3.697615345021552091e-01,3.744190832012929127e-01,4.657548699137703530e-03,1.397264609741311059e-02,-4.520968351517939965e-02,-3.123703741776628906e-02
3.699091097434640263e-01,3.744190832012929127e-01,4.509973457828886367e-03,1.352992037348665910e-02,-4.427257239264514865e-02,-3.074265201915848955e-02
3.700536107195709357e-01,3.744190832012929127e-01,4.365472481721976994e-03,1.309641744516593098e-02,-4.335029283207281203e-02,-3.025387538690688105e-02
3.701950863081391874e-01,3.744190832012929127e-01,4.223996893153725285e-03,1.267199067946117585e-02,-4.244267657047551268e-02,-2.977068589101433682e-02
3.703335848281182896e-01,3.744190832012929127e-01,4.085498373174623055e-03,1.225649511952386916e-02,-4.154955599373066910e-02,-2.929306087420679994e-02
3.704691540420099738e-01,3.744190832012929127e-01,3.949929159282938862e-03,1.184978747784881659e-02,-4.067076416750525780e-02,-2.882097668965644122e-02
3.706018411582326921e-01,3.744190832012929127e-01,3.817242043060220524e-03,1.145172612918066157e-02,-3.980613486681550128e-02,-2.835440873763483971e-02
3.707316928335816497e-01,3.744190832012929127e-01,3.687390367711262940e-03,1.106217110313378882e-02,-3.895550260468727544e-02,-2.789333150155348662e-02
3.708587551757804857e-01,3.744190832012929127e-01,3.560328025512426997e-03,1.068098407653728099e-02,-3.811870265965078275e-02,-2.743771858311350176e-02
3.709830737461209949e-01,3.744190832012929127e-01,3.436009455171917804e-03,1.030802836551575341e-02,-3.729557110215275806e-02,-2.698754273663700465e-02
3.711046935621878373e-01,3.744190832012929127e-01,3.314389639105075336e-03,9.943168917315226008e-03,-3.648594482005274031e-02,-2.654277590273751430e-02
3.712236591006644049e-01,3.744190832012929127e-01,3.195424100628507791e-03,9.586272301885523373e-03,-3.568966154297026350e-02,-2.610338924108474012e-02
3.713400143002168474e-01,3.744190832012929127e-01,3.079068901076065234e-03,9.237206703228195703e-03,-3.490655986573276692e-02,-2.566935316250457122e-02
3.714538025644530395e-01,3.744190832012929127e-01,2.965280636839873196e-03,8.895841910519619589e-03,-3.413647927085761147e-02,-2.524063736033799188e-02
3.715650667649532113e-01,3.744190832012929127e-01,2.854016436339701368e-03,8.562049309019104104e-03,-3.337926015005154845e-02,-2.481721084103244435e-02
3.716738492443693032e-01,3.744190832012929127e-01,2.745233956923609497e-03,8.235701870770828492e-03,-3.263474382482756120e-02,-2.439904195405673271e-02
3.717801918195899891e-01,3.744190832012929127e-01,2.638891381702923589e-03,7.916674145108770766e-03,-3.190277256620577262e-02,-2.398609842109700185e-02
3.718841357849685392e-01,3.744190832012929127e-01,2.534947416324373481e-03,7.604842248973120444e-03,-3.118318961356503216e-02,-2.357834736459191172e-02
3.719857219156106343e-01,3.744190832012929127e-01,2.433361285682278385e-03,7.300083857046835156e-03,-3.047583919262852881e-02,-2.317575533558169365e-02
3.720849904707191902e-01,3.744190832012929127e-01,2.334092730573722463e-03,7.002278191721167389e-03,-2.978056653256677677e-02,-2.277828834084560938e-02
3.721819811969936387e-01,3.744190832012929127e-01,2.237102004299273972e-03,6.711306012897821915e-03,-2.909721788233454731e-02,-2.238591186943672540e-02
3.722767333320811667e-01,3.744190832012929127e-01,2.142349869211745972e-03,6.427049607635237916e-03,-2.842564052625839999e-02,-2.199859091862316207e-02
3.723692856080768054e-01,3.744190832012929127e-01,2.049797593216107217e-03,6.149392779648321650e-03,-2.776568279869162659e-02,-2.161629001904330494e-02
3.724596762550705376e-01,3.744190832012929127e-01,1.959406946222375101e-03,5.878220838667125303e-03,-2.711719409811963466e-02,-2.123897325945250936e-02
3.725479430047383134e-01,3.744190832012929127e-01,1.871140196554599289e-03,5.613420589663797866e-03,-2.648002490033274370e-02,-2.086660431066894583e-02
3.726341230939750337e-01,3.744190832012929127e-01,1.784960107317878908e-03,5.354880321953636724e-03,-2.585402677101611424e-02,-2.049914644906247752e-02
3.727182532685668348e-01,3.744190832012929127e-01,1.700829932726077853e-03,5.102489798178233560e-03,-2.523905237754031639e-02,-2.013656257936208283e-02
3.728003697869007316e-01,3.744190832012929127e-01,1.618713414392181082e-03,4.856140243176543247e-03,-2.463495550016903124e-02,-1.977881525699248799e-02
3.728805084237089007e-01,3.744190832012929127e-01,1.538574777584011954e-03,4.615724332752035863e-03,-2.404159104245073841e-02,-1.942586670969870255e-02
3.729587044738461032e-01,3.744190832012929127e-01,1.460378727446809410e-03,4.381136182340428231e-03,-2.345881504116076322e-02,-1.907767885882033498e-02
3.730349927560974166e-01,3.744190832012929127e-01,1.384090445195496066e-03,4.152271335586488199e-03,-2.288648467539400322e-02,-1.873421333980751502e-02
3.731094076170147766e-01,3.744190832012929127e-01,1.309675584278136018e-03,3.929026752834408054e-03,-2.232445827520801451e-02,-1.839543152237360646e-02
3.731819829347798878e-01,3.744190832012929127e-01,1.237100266513024849e-03,3.711300799539074546e-03,-2.177259532953335075e-02,-1.806129452999427620e-02
3.732527521230920020e-01,3.744190832012929127e-01,1.166331078200910643e-03,3.498993234602731928e-03,-2.123075649363426187e-02,-1.773176325903152994e-02
3.733217481350782352e-01,3.744190832012929127e-01,1.097335066214677468e-03,3.292005198644032404e-03,-2.069880359586995233e-02,-1.740679839722591993e-02
3.733890034672247560e-01,3.744190832012929127e-01,1.030079734068156672e-03,3.090239202204470015e-03,-2.017659964395623895e-02,-1.708636044175176893e-02
3.734545501633270703e-01,3.744190832012929127e-01,9.645330379658423325e-04,2.893599113897526998e-03,-1.966400883069430172e-02,-1.677040971679677472e-02
3.735184198184577364e-01,3.744190832012929127e-01,9.006633828351762183e-04,2.701990148505528655e-03,-1.916089653919983427e-02,-1.645890639069430561e-02
3.735806435829492900e-01,3.744190832012929127e-01,8.384396183436226835e-04,2.515318855030868050e-03,-1.866712934746606045e-02,-1.615181049243519240e-02
3.736412521663916020e-01,3.744190832012929127e-01,7.778310349013106695e-04,2.333493104703932008e-03,-1.818257503269360420e-02,-1.584908192798967219e-02
3.737002758416411163e-01,3.744190832012929127e-01,7.188073596517963182e-04,2.156422078955388955e-03,-1.770710257485430539e-02,-1.555068049589891643e-02
3.737577444488410783e-01,3.744190832012929127e-01,6.613387524518343774e-04,1.984016257355503132e-03,-1.724058215998858223e-02,-1.525656590263307910e-02
3.738136873994507559e-01,3.744190832012929127e-01,6.053958018421567999e-04,1.816187405526470400e-03,-1.678288518290327325e-02,-1.496669777737680285e-02
3.738681336802827104e-01,3.744190832012929127e-01,5.509495210102022256e-04,1.652848563030606677e-03,-1.633388424958637231e-02,-1.468103568655576563e-02
3.739211118575460069e-01,3.744190832012929127e-01,4.979713437469057702e-04,1.493914031240717311e-03,-1.589345317898893661e-02,-1.439953914774821930e-02
3.739726500808945309e-01,3.744190832012929127e-01,4.464331203983817886e-04,1.339299361195145366e-03,-1.546146700455719447e-02,-1.412216764336204911e-02
3.740227760874786922e-01,3.744190832012929127e-01,3.963071138142204575e-04,1.188921341442661372e-03,-1.503780197524839934e-02,-1.384888063380573797e-02
3.740715172059994598e-01,3.744190832012929127e-01,3.475659952934528896e-04,1.042697985880358669e-03,-1.462233555623027037e-02,-1.357963757034991170e-02
3.741189003607632291e-01,3.744190832012929127e-01,3.001828405296835811e-04,9.005485215890507433e-04,-1.421494642913079254e-02,-1.331439790754174179e-02
3.741649520757362457e-01,3.744190832012929127e-01,2.541311255566669480e-04,7.623933766700008441e-04,-1.381551449190498992e-02,-1.305312111523498908e-02
3.742096984785977520e-01,3.744190832012929127e-01,2.093847226951606189e-04,6.281541680854818566e-04,-1.342392085845189875e-02,-1.279576669036641690e-02
3.742531653047901918e-01,3.744190832012929127e-01,1.659178965027208186e-04,4.977536895081624557e-04,-1.304004785773194008e-02,-1.254229416822377763e-02
3.742953779015658067e-01,3.744190832012929127e-01,1.237052997271059773e-04,3.711158991813179320e-04,-1.266377903268445237e-02,-1.229266313350313444e-02
3.743363612320280698e-01,3.744190832012929127e-01,8.272196926484287616e-05,2.481659077945286285e-04,-1.229499913867893035e-02,-1.204683323088440172e-02
3.743761398791672357e-01,3.744190832012929127e-01,4.294332212567697482e-05,1.288299663770309245e-04,-1.193359414174977040e-02,-1.180476417537273948e-02
3.744147380498888955e-01,3.744190832012929127e-01,4.345151404017144614e-06,1.303545421205143384e-05,-1.157945121649794906e-02,-1.156641576228589763e-02
3.744521795790343166e-01,3.744190832012929127e-01,-3.309637774140394839e-05,-9.928913322421184517e-05,-1.123245874362632790e-02,-1.133174787685053975e-02
3.744884879333920669e-01,3.744190832012929127e-01,-6.940473209915420938e-05,-2.082141962974626281e-04,-1.089250630732507830e-02,-1.110072050362254092e-02
3.745236862156994251e-01,3.744190832012929127e-01,-1.046030144065124290e-04,-3.138090432195372870e-04,-1.055948469220746588e-02,-1.087329373542700317e-02
3.745577971686332441e-01,3.744190832012929127e-01,-1.387139673403314788e-04,-4.161419020209944364e-04,-1.023328588014571494e-02,-1.064942778216670938e-02
3.745908431787888793e-01,3.744190832012929127e-01,-1.717599774959666092e-04,-5.152799324878998277e-04,-9.913803046690539134e-03,-1.042908297917843896e-02
3.746228462806465709e-01,3.744190832012929127e-01,-2.037630793536582274e-04,-6.112892380609746823e-04,-9.600930557307485458e-03,-1.021221979536846014e-02
3.746538281605247267e-01,3.744190832012929127e-01,-2.347449592318140432e-04,-7.042348776954421297e-04,-9.294563963446744737e-03,-9.998798841142186866e-03
3.746838101605187710e-01,3.744190832012929127e-01,-2.647269592258583160e-04,-7.941808776775749479e-04,-8.994599998213281822e-03,-9.788780875890856770e-03
3.747128132824252278e-01,3.744190832012929127e-01,-2.937300811323151351e-04,-8.811902433969454052e-04,-8.700936571937045727e-03,-9.582126815333991132e-03
3.747408581916501502e-01,3.744190832012929127e-01,-3.217749903572375558e-04,-9.653249710717126675e-04,-8.413472767476726233e-03,-9.378797738548438900e-03
3.747679652211012291e-01,3.744190832012929127e-01,-3.488820198083164570e-04,-1.046646059424949371e-03,-8.132108835323670348e-03,-9.178754894748619719e-03
3.747941543750628046e-01,3.744190832012929127e-01,-3.750711737698919634e-04,-1.125213521309675890e-03,-7.856746188472651937e-03,-8.981959709782327828e-03
3.748194453330533915e-01,3.744190832012929127e-01,-4.003621317604788565e-04,-1.201086395281436570e-03,-7.587287397176067927e-03,-8.788373792457504496e-03
3.748438574536647749e-01,3.744190832012929127e-01,-4.247742523718622820e-04,-1.274322757115586846e-03,-7.323636183415027645e-03,-8.597958940530614491e-03
3.748674097783820658e-01,3.744190832012929127e-01,-4.483265770891531332e-04,-1.344979731267459400e-03,-7.065697415187255359e-03,-8.410677146454714759e-03
3.748901210353847158e-01,3.744190832012929127e-01,-4.710378340918031093e-04,-1.413113502275409328e-03,-6.813377100794992813e-03,-8.226490603070402141e-03
3.749120096433270488e-01,3.744190832012929127e-01,-4.929264420341361586e-04,-1.478779326102408476e-03,-6.566582382699914788e-03,-8.045361708802323264e-03
3.749330937150985310e-01,3.744190832012929127e-01,-5.140105138056183520e-04,-1.542031541416855056e-03,-6.325221531444658041e-03,-7.867253072861513097e-03
3.749533910615627241e-01,3.744190832012929127e-01,-5.343078602698114743e-04,-1.602923580809434423e-03,-6.089203939257936682e-03,-7.692127520067371105e-03
3.749729191952749230e-01,3.744190832012929127e-01,-5.538359939820103328e-04,-1.661507981946030998e-03,-5.858440113659657555e-03,-7.519948095605688554e-03
3.749916953341775328e-01,3.744190832012929127e-01,-5.726121328846200953e-04,-1.717836398653860286e-03,-5.632841670782928745e-03,-7.350678069436789031e-03
3.750097364052732418e-01,3.744190832012929127e-01,-5.906532039803291667e-04,-1.771959611940987500e-03,-5.412321328712721424e-03,-7.184280940653708925e-03
3.750270590482748800e-01,3.744190832012929127e-01,-6.079758469819673827e-04,-1.823927540945902148e-03,-5.196792900491464806e-03,-7.020720441437366954e-03
3.750436796192323508e-01,3.744190832012929127e-01,-6.245964179394380977e-04,-1.873789253818314293e-03,-4.986171287241214500e-03,-6.859960541059528794e-03
3.750596141941356931e-01,3.744190832012929127e-01,-6.405309928427804778e-04,-1.921592978528341433e-03,-4.780372471002714008e-03,-6.701965449531055441e-03
3.750748785724941081e-01,3.744190832012929127e-01,-6.557953712011954650e-04,-1.967386113603586395e-03,-4.579313507524496174e-03,-6.546699621128082569e-03
3.750894882808903930e-01,3.744190832012929127e-01,-6.704050795974803023e-04,-2.011215238792440907e-03,-4.382912518885451192e-03,-6.394127757677892099e-03
3.751034585765109508e-01,3.744190832012929127e-01,-6.843753752180381511e-04,-2.053126125654114453e-03,-4.191088686167354638e-03,-6.244214811821469091e-03
3.751168044506503207e-01,3.744190832012929127e-01,-6.977212493574080909e-04,-2.093163748072224273e-03,-4.003762241810981948e-03,-6.096925989883206221e-03
3.751295406321906722e-01,3.744190832012929127e-01,-7.104574308977595898e-04,-2.131372292693278769e-03,-3.820854462105449656e-03,-5.952226754798728425e-03
3.751416815910555425e-01,3.744190832012929127e-01,-7.225983897626298003e-04,-2.167795169287889401e-03,-3.642287659461063143e-03,-5.810082828748952544e-03
3.751532415416375388e-01,3.744190832012929127e-01,-7.341583403446261258e-04,-2.202475021033878377e-03,-3.467985174598897657e-03,-5.670460195632776035e-03
3.751642344462000067e-01,3.744190832012929127e-01,-7.451512449070940569e-04,-2.235453734721282171e-03,-3.297871368740379339e-03,-5.533325103461661509e-03
3.751746740182521078e-01,3.744190832012929127e-01,-7.555908169591951662e-04,-2.266772450877585499e-03,-3.131871615630332784e-03,-5.398644066507918282e-03
3.751845737258975300e-01,3.744190832012929127e-01,-7.654905246046173062e-04,-2.296471573813851919e-03,-2.969912293626641997e-03,-5.266383867440493916e-03
3.751939467951562190e-01,3.744190832012929127e-01,-7.748635938633063880e-04,-2.324590781589919164e-03,-2.811920777606724542e-03,-5.136511559196643706e-03
3.752028062132590214e-01,3.744190832012929127e-01,-7.837230119661087180e-04,-2.351169035898326154e-03,-2.657825430840698999e-03,-5.008994466739025153e-03
3.752111647319151255e-01,3.744190832012929127e-01,-7.920815306222128704e-04,-2.376244591866638611e-03,-2.507555596831245737e-03,-4.883800188697884348e-03
3.752190348705523593e-01,3.744190832012929127e-01,-7.999516692594466072e-04,-2.399855007778339822e-03,-2.361041591170121023e-03,-4.760896598948460845e-03
3.752264289195297309e-01,3.744190832012929127e-01,-8.073457182368182217e-04,-2.422037154710454665e-03,-2.218214693211484345e-03,-4.640251847921939010e-03
3.752333589433222705e-01,3.744190832012929127e-01,-8.142757420293578186e-04,-2.442827226088073456e-03,-2.079007137761879065e-03,-4.521834363849952521e-03
3.752398367836784487e-01,3.744190832012929127e-01,-8.207535823855360846e-04,-2.462260747156608254e-03,-1.943352106853479810e-03,-4.405612854010088064e-03
3.752458740627492295e-01,3.744190832012929127e-01,-8.267908614563168612e-04,-2.480372584368950584e-03,-1.811183721234232991e-03,-4.291556305603183574e-03
3.752514821861894223e-01,3.744190832012929127e-01,-8.323989848965096527e-04,-2.497196954689528958e-03,-1.682437032057837456e-03,-4.179633986747366414e-03
3.752566723462309461e-01,3.744190832012929127e-01,-8.375891449380334919e-04,-2.512767434814100476e-03,-1.557048012457151742e-03,-4.069815447271252218e-03
3.752614555247277273e-01,3.744190832012929127e-01,-8.423723234348146072e-04,-2.527116970304443822e-03,-1.434953549034334586e-03,-3.962070519338778407e-03
3.752658424961726191e-01,3.744190832012929127e-01,-8.467592948797064700e-04,-2.540277884639119410e-03,-1.316091433467558858e-03,-3.856369318106678268e-03
3.752698438306856787e-01,3.744190832012929127e-01,-8.507606293927660879e-04,-2.552281888178298264e-03,-1.200400353917885354e-03,-3.752682242096183618e-03
3.752734698969745208e-01,3.744190832012929127e-01,-8.543866956816081881e-04,-2.563160087044824564e-03,-1.087819886652630075e-03,-3.650979973697454639e-03
3.752767308652660283e-01,3.744190832012929127e-01,-8.576476639731156482e-04,-2.572942991919346944e-03,-9.782904874522380112e-04,-3.551233479371584956e-03
3.752796367102095854e-01,3.744190832012929127e-01,-8.605535089166727047e-04,-2.581660526750018114e-03,-8.717534830671169743e-04,-3.453414009817135089e-03
3.752821972137521667e-01,3.744190832012929127e-01,-8.631140124592540097e-04,-2.589342037377762029e-03,-7.681510627743914910e-04,-3.357493100152153520e-03
3.752844219679847271e-01,3.744190832012929127e-01,-8.653387666918144205e-04,-2.596016300075443262e-03,-6.674262697681232481e-04,-3.263442569843566510e-03
3.752863203779602808e-01,3.744190832012929127e-01,-8.672371766673681037e-04,-2.601711530002104311e-03,-5.695229926661049547e-04,-3.171234522668209266e-03
3.752879016644835586e-01,3.744190832012929127e-01,-8.688184631906459288e-04,-2.606455389571937786e-03,-4.743859569833475121e-04,-3.080841346555285298e-03
3.752891748668721883e-01,3.744190832012929127e-01,-8.700916655792756416e-04,-2.610274996737826925e-03,-3.819607165889138400e-04,-2.992235713326740765e-03
3.752901488456895085e-01,3.744190832012929127e-01,-8.710656443965958395e-04,-2.613196933189787519e-03,-2.921936451960593928e-04,-2.905390578385846911e-03
3.752908322854489609e-01,3.744190832012929127e-01,-8.717490841560482373e-04,-2.615247252468144712e-03,-2.050319278357193298e-04,-2.820279180303864042e-03
3.752912336972903939e-01,3.744190832012929127e-01,-8.721504959974812898e-04,-2.616451487992443870e-03,-1.204235524299157589e-04,-2.736875040422359628e-03
3.752913614216277782e-01,3.744190832012929127e-01,-8.722782203348655727e-04,-2.616834661004596718e-03,-3.831730121528487132e-05,-2.655151962219881590e-03
3.752912236307689442e-01,3.744190832012929127e-01,-8.721404294760315423e-04,-2.616421288428094627e-03,4.133725765020912490e-05,-2.575084030777885502e-03
3.752908283315070648e-01,3.744190832012929127e-01,-8.717451302141521197e-04,-2.615235390642456359e-03,1.185897785638267976e-04,-2.496645612078629561e-03
3.752901833676839383e-01,3.744190832012929127e-01,-8.711001663910256099e-04,-2.613300499173076830e-03,1.934891469379529383e-04,-2.419811352235123891e-03
3.752892964227256267e-01,3.744190832012929127e-01,-8.702132214327140680e-04,-2.610639664298142204e-03,2.660834874934625560e-04,-2.344556176804679648e-03
3.752881750221496171e-01,3.744190832012929127e-01,-8.690918208567044445e-04,-2.607275462570113334e-03,3.364201728028870519e-04,-2.270855289767226282e-03
3.752868265360446154e-01,3.744190832012929127e-01,-8.677433347517027329e-04,-2.603230004255108199e-03,4.045458315005134864e-04,-2.198684172754594712e-03
3.752852581815223632e-01,3.744190832012929127e-01,-8.661749802294504974e-04,-2.598524940688351492e-03,4.705063566756706450e-04,-2.128018584012680847e-03
3.752834770251416985e-01,3.744190832012929127e-01,-8.643938238487858250e-04,-2.593181471546357475e-03,5.343469141994017235e-04,-2.058834557346955751e-03
3.752814899853053054e-01,3.744190832012929127e-01,-8.624067840123927908e-04,-2.587220352037178372e-03,5.961119509179102494e-04,-1.991108401119268123e-03
3.752793038346287635e-01,3.744190832012929127e-01,-8.602206333358508594e-04,-2.580661900007552578e-03,6.558452029625794211e-04,-1.924816697044973157e-03
3.752769252022825630e-01,3.744190832012929127e-01,-8.578420009896503551e-04,-2.573526002968951065e-03,7.135897038601513032e-04,-1.859936299108799762e-03
3.752743605763064205e-01,3.744190832012929127e-01,-8.552773750135078679e-04,-2.565832125040523604e-03,7.693877928427461654e-04,-1.796444332197777438e-03
3.752716163058970600e-01,3.744190832012929127e-01,-8.525331046041473293e-04,-2.557599313812441988e-03,8.232811228081615695e-04,-1.734318191004280418e-03
3.752686986036686267e-01,3.744190832012929127e-01,-8.496154023757140905e-04,-2.548846207127142272e-03,8.753106685299716361e-04,-1.673535538597170635e-03
3.752656135478862898e-01,3.744190832012929127e-01,-8.465303465933771143e-04,-2.539591039780131343e-03,9.255167347010928580e-04,-1.614074305079038485e-03
3.752623670846734760e-01,3.744190832012929127e-01,-8.432838833805633705e-04,-2.529851650141690111e-03,9.739389638441231511e-04,-1.555912686297566960e-03
3.752589650301920154e-01,3.744190832012929127e-01,-8.398818288991027892e-04,-2.519645486697308367e-03,1.020616344438174394e-03,-1.499029142259133973e-03
3.752554130727963622e-01,3.744190832012929127e-01,-8.363298715034495068e-04,-2.508989614510348520e-03,1.065587218695984717e-03,-1.443402395814363803e-03
3.752517167751611149e-01,3.744190832012929127e-01,-8.326335738682022480e-04,-2.497900721604606744e-03,1.108889290574177622e-03,-1.389011431030429122e-03
3.752478815763827802e-01,3.744190832012929127e-01,-8.287983750898675339e-04,-2.486395125269602602e-03,1.150559633500414236e-03,-1.335835491769188366e-03
3.752439127940552233e-01,3.744190832012929127e-01,-8.248295927623106039e-04,-2.474488778286931812e-03,1.190634698267079017e-03,-1.283854080019852795e-03
3.752398156263196949e-01,3.744190832012929127e-01,-8.207324250267822308e-04,-2.462197275080346692e-03,1.229150320658511930e-03,-1.233046954421834762e-03
3.752355951538887124e-01,3.744190832012929127e-01,-8.165119525957997837e-04,-2.449535857787399351e-03,1.266141729294734120e-03,-1.183394128492665232e-03
3.752312563420449054e-01,3.744190832012929127e-01,-8.121731407519927615e-04,-2.436519422255978284e-03,1.301643553142106668e-03,-1.134875869113871616e-03
3.752268040426141593e-01,3.744190832012929127e-01,-8.077208413212466631e-04,-2.423162523963739989e-03,1.335689829223829506e-03,-1.087472694739910484e-03
3.752222429959139460e-01,3.744190832012929127e-01,-8.031597946210333738e-04,-2.409479383863100121e-03,1.368314010063986785e-03,-1.041165373799113336e-03
3.752175778326763411e-01,3.744190832012929127e-01,-7.984946313834284659e-04,-2.395483894150285398e-03,1.399548971281472376e-03,-9.959349228688130218e-04
3.752128130759464497e-01,3.744190832012929127e-01,-7.937298746535370597e-04,-2.381189623960611179e-03,1.429427018967421859e-03,-9.517626049931893206e-04
3.752079531429560744e-01,3.744190832012929127e-01,-7.888699416631617112e-04,-2.366609824989485134e-03,1.457979897112604561e-03,-9.086299278768805721e-04
3.752030023469729025e-01,3.744190832012929127e-01,-7.839191456799898816e-04,-2.351757437039969645e-03,1.485238794951548869e-03,-8.665186420884207763e-04
3.751979648991255467e-01,3.744190832012929127e-01,-7.788816978326340568e-04,-2.336645093497902170e-03,1.511234354206747454e-03,-8.254107392911547159e-04
3.751928449102042151e-01,3.744190832012929127e-01,-7.737617089113024704e-04,-2.321285126733907411e-03,1.535996676399475902e-03,-7.852884503344315092e-04
3.751876463924379013e-01,3.744190832012929127e-01,-7.685631911449886111e-04,-2.305689573434965833e-03,1.559555329894157794e-03,-7.461342435408080398e-04
3.751823732612472040e-01,3.744190832012929127e-01,-7.632900599542913334e-04,-2.289870179862874000e-03,1.581939357209183328e-03,-7.079308226536906723e-04
3.751770293369742215e-01,3.744190832012929127e-01,-7.579461356813088635e-04,-2.273838407043926590e-03,1.603177281894740958e-03,-6.706611251491856329e-04
3.751716183465887422e-01,3.744190832012929127e-01,-7.525351452958295440e-04,-2.257605435887488632e-03,1.623297115643795863e-03,-6.343083202436927692e-04
3.751661439253712316e-01,3.744190832012929127e-01,-7.470607240783189162e-04,-2.241182172234956749e-03,1.642326365253188314e-03,-5.988558069817684348e-04
3.751606096185730599e-01,3.744190832012929127e-01,-7.415264172801472320e-04,-2.224579251840441696e-03,1.660292039451505275e-03,-5.642872123889364211e-04
3.751550188830536370e-01,3.744190832012929127e-01,-7.359356817607243251e-04,-2.207807045282172975e-03,1.677220655826872076e-03,-5.305863894553008997e-04
3.751493750888952317e-01,3.744190832012929127e-01,-7.302918876023190009e-04,-2.190875662806957003e-03,1.693138247521597251e-03,-4.977374152853597522e-04
3.751436815209953091e-01,3.744190832012929127e-01,-7.245983197023964095e-04,-2.173794959107189229e-03,1.708070369976777414e-03,-4.657245891304118146e-04
3.751379413806364971e-01,3.744190832012929127e-01,-7.188581793435844247e-04,-2.156574538030753274e-03,1.722042107643595443e-03,-4.345324303871578309e-04
3.751321577870346258e-01,3.744190832012929127e-01,-7.130745857417131184e-04,-2.139223757225139355e-03,1.735078080561391900e-03,-4.041456766637474551e-04
3.751263337788651175e-01,3.744190832012929127e-01,-7.072505775722048860e-04,-2.121751732716614658e-03,1.747202450852469724e-03,-3.745492818641449340e-04
3.751204723157673948e-01,3.744190832012929127e-01,-7.013891144744821560e-04,-2.104167343423446468e-03,1.758438929316818999e-03,-3.457284141066274685e-04
3.751145762798282490e-01,3.744190832012929127e-01,-6.954930785353363731e-04,-2.086479235606009119e-03,1.768810781743734850e-03,-3.176684538622742693e-04
3.751086484770437268e-01,3.744190832012929127e-01,-6.895652757508141661e-04,-2.068695827252442498e-03,1.778340835356662097e-03,-2.903549918957804010e-04
3.751026916387600330e-01,3.744190832012929127e-01,-6.836084374671203001e-04,-2.050825312401360900e-03,1.787051485108159810e-03,-2.637738272932010908e-04
3.750967084230936166e-01,3.744190832012929127e-01,-6.776252218007039474e-04,-2.032875665402111842e-03,1.794964699924905815e-03,-2.379109654772060267e-04
3.750907014163306630e-01,3.744190832012929127e-01,-6.716182150377503213e-04,-2.014854645113250964e-03,1.802102028886087837e-03,-2.127526162271631271e-04
3.750846731343060458e-01,3.744190832012929127e-01,-6.655899330131331837e-04,-1.996769799039399551e-03,1.808484607385141274e-03,-1.882851916542582771e-04
3.750786260237622960e-01,3.744190832012929127e-01,-6.595428224693833386e-04,-1.978628467408150016e-03,1.814133163124953541e-03,-1.644953042831964751e-04
3.750725624636880862e-01,3.744190832012929127e-01,-6.534792623951735102e-04,-1.960437787185520531e-03,1.819068022262948503e-03,-1.413697649225720276e-04
3.750664847666373980e-01,3.744190832012929127e-01,-6.474015653444853413e-04,-1.942204696033456024e-03,1.823309115206450670e-03,-1.188955808270053538e-04
3.750603951800286495e-01,3.744190832012929127e-01,-6.413119787357368651e-04,-1.923935936207210595e-03,1.826875982624542871e-03,-9.705995358266772399e-05
3.750542958874245048e-01,3.744190832012929127e-01,-6.352126861315920969e-04,-1.905638058394776291e-03,1.829787781243430445e-03,-7.585027715134584625e-05
3.750481890097926430e-01,3.744190832012929127e-01,-6.291058084997303013e-04,-1.887317425499190904e-03,1.832063289558538699e-03,-5.525413594065220479e-05
3.750420766067472100e-01,3.744190832012929127e-01,-6.229934054542973776e-04,-1.868980216362892133e-03,1.833720913629877103e-03,-3.525930273301502993e-05
3.750359606777715071e-01,3.744190832012929127e-01,-6.168774764785944775e-04,-1.850632429435783433e-03,1.834778692710870018e-03,-1.585373672491341424e-05
3.750298431634221386e-01,3.744190832012929127e-01,-6.107599621292258973e-04,-1.832279886387677692e-03,1.835254304810574055e-03,2.974418422896363268e-06
3.750237259465146189e-01,3.744190832012929127e-01,-6.046427452217062459e-04,-1.813928235665118738e-03,1.835165072255895424e-03,2.123683659077668651e-05
3.750176108532907171e-01,3.744190832012929127e-01,-5.985276519978044441e-04,-1.795582955993413332e-03,1.834527967170540563e-03,3.894501117712723115e-05
3.750114996545679813e-01,3.744190832012929127e-01,-5.924164532750686440e-04,-1.777249359825205932e-03,1.833359616820740001e-03,5.611025699553406909e-05
3.750053940668709451e-01,3.744190832012929127e-01,-5.863108655780324696e-04,-1.758932596734097409e-03,1.831676309110852330e-03,7.274371237675492097e-05
3.749992957535451255e-01,3.744190832012929127e-01,-5.802125522522127987e-04,-1.740637656756638396e-03,1.829493997745901268e-03,8.885634098926287194e-05
3.749932063258534232e-01,3.744190832012929127e-01,-5.741231245605105116e-04,-1.722369373681531535e-03,1.826828307510686145e-03,1.044589338291546099e-04
3.749871273440550934e-01,3.744190832012929127e-01,-5.680441427621807371e-04,-1.704132428286542211e-03,1.823694539498932343e-03,1.195621112123901320e-04
3.749810603184678959e-01,3.744190832012929127e-01,-5.619771171749832206e-04,-1.685931351524949662e-03,1.820107676159254950e-03,1.341763246343052884e-04
3.749750067105131479e-01,3.744190832012929127e-01,-5.559235092202352568e-04,-1.667770527660705771e-03,1.816082386424389128e-03,1.483118587636833574e-04
3.749689679337442905e-01,3.744190832012929127e-01,-5.498847324513778112e-04,-1.649654197354133434e-03,1.811633030657233689e-03,1.619788333031002558e-04
3.749629453548587454e-01,3.744190832012929127e-01,-5.438621535658327844e-04,-1.631586460697498353e-03,1.806773665663508055e-03,1.751872049660097019e-04
3.749569402946936747e-01,3.744190832012929127e-01,-5.378570934007620430e-04,-1.613571280202286129e-03,1.801518049521222409e-03,1.879467693189362798e-04
3.749509540292055298e-01,3.744190832012929127e-01,-5.318708279126171945e-04,-1.595612483737851583e-03,1.795879646443454547e-03,2.002671627056029635e-04
3.749449877904336703e-01,3.744190832012929127e-01,-5.259045891407576612e-04,-1.577713767422272984e-03,1.789871631557859999e-03,2.121578641355870154e-04
3.749390427674482162e-01,3.744190832012929127e-01,-5.199595661553035875e-04,-1.559878698465910762e-03,1.783506895636222112e-03,2.236281971703113491e-04
3.749331201072824693e-01,3.744190832012929127e-01,-5.140369059895566473e-04,-1.542110717968669942e-03,1.776798049724082063e-03,2.346873317554121208e-04
3.749272209158499014e-01,3.744190832012929127e-01,-5.081377145569887510e-04,-1.524413143670966253e-03,1.769757429770368873e-03,2.453442860994026198e-04
3.749213462588459889e-01,3.744190832012929127e-01,-5.022630575530762087e-04,-1.506789172659228626e-03,1.762397101173762692e-03,2.556079285145340663e-04
3.749154971626348920e-01,3.744190832012929127e-01,-4.964139613419793484e-04,-1.489241884025938045e-03,1.754728863329058086e-03,2.654869793031200409e-04
3.749096746151217574e-01,3.744190832012929127e-01,-4.905914138288447468e-04,-1.471774241486534240e-03,1.746764253940380485e-03,2.749900124538462443e-04
3.749038795666098656e-01,3.744190832012929127e-01,-4.847963653169529152e-04,-1.454389095950858746e-03,1.738514553567549470e-03,2.841254576166907242e-04
3.748981129306437343e-01,3.744190832012929127e-01,-4.790297293508216647e-04,-1.437089188052464994e-03,1.729990789839375154e-03,2.929016017869101596e-04
3.748923755848377892e-01,3.744190832012929127e-01,-4.732923835448765715e-04,-1.419877150634629714e-03,1.721203741783527974e-03,3.013265911488982596e-04
3.748866683716909343e-01,3.744190832012929127e-01,-4.675851703980216101e-04,-1.402755511194064830e-03,1.712163944056488418e-03,3.094084328624235880e-04
3.748809920993873557e-01,3.744190832012929127e-01,-4.619088980944430212e-04,-1.385726694283329063e-03,1.702881691073576675e-03,3.171549967902476119e-04
3.748753475425834480e-01,3.744190832012929127e-01,-4.562643412905353912e-04,-1.368793023871606174e-03,1.693367041172288978e-03,3.245740173006828044e-04
3.748697354431813067e-01,3.744190832012929127e-01,-4.506522418883940340e-04,-1.351956725665182102e-03,1.683629820642407182e-03,3.316730949772250803e-04
3.748641565110886198e-01,3.744190832012929127e-01,-4.450733097957071394e-04,-1.335219929387121418e-03,1.673679627806068382e-03,3.384596984189469637e-04
3.748586114249657930e-01,3.744190832012929127e-01,-4.395282236728803582e-04,-1.318584671018641075e-03,1.663525836848034345e-03,3.449411658293932703e-04
3.748531008329595293e-01,3.744190832012929127e-01,-4.340176316666166656e-04,-1.302052894999849997e-03,1.653177601879107783e-03,3.511247068792577863e-04
3.748476253534239744e-01,3.744190832012929127e-01,-4.285421521310617265e-04,-1.285626456393185180e-03,1.642643860666481714e-03,3.570174042732965347e-04
3.748421855756288723e-01,3.744190832012929127e-01,-4.231023743359596523e-04,-1.269307123007878957e-03,1.631933338530622279e-03,3.626262155227433226e-04
3.748367820604552869e-01,3.744190832012929127e-01,-4.176988591623742586e-04,-1.253096577487122776e-03,1.621054552075618105e-03,3.679579745884953290e-04
3.748314153410791660e-01,3.744190832012929127e-01,-4.123321397862533821e-04,-1.236996419358760146e-03,1.610015812836262938e-03,3.730193934775027920e-04
3.748260859236424158e-01,3.744190832012929127e-01,-4.070027223495031876e-04,-1.221008167048509563e-03,1.598825231025058358e-03,3.778170639765487948e-04
3.748207942879120402e-01,3.744190832012929127e-01,-4.017110866191275775e-04,-1.205133259857382733e-03,1.587490719112683024e-03,3.823574592553002915e-04
3.748155408879276229e-01,3.744190832012929127e-01,-3.964576866347102602e-04,-1.189373059904130780e-03,1.576019995325195211e-03,3.866469354210644305e-04
3.748103261526367080e-01,3.744190832012929127e-01,-3.912429513437953865e-04,-1.173728854031386160e-03,1.564420587274462093e-03,3.906917332430759338e-04
3.748051504865191341e-01,3.744190832012929127e-01,-3.860672852262214683e-04,-1.158201855678664405e-03,1.552699835272175477e-03,3.944979795935110722e-04
3.748000142701995441e-01,3.744190832012929127e-01,-3.809310689066314204e-04,-1.142793206719894261e-03,1.540864895877014362e-03,3.980716891571201010e-04
3.747949178610488485e-01,3.744190832012929127e-01,-3.758346597559358848e-04,-1.127503979267807654e-03,1.528922745208660672e-03,4.014187659408530173e-04
3.747898615937747535e-01,3.744190832012929127e-01,-3.707783924818408572e-04,-1.112335177445522572e-03,1.516880182228508289e-03,4.045450047829857176e-04
3.747848457810011302e-01,3.744190832012929127e-01,-3.657625797082175723e-04,-1.097287739124652717e-03,1.504743832086985478e-03,4.074560929623327610e-04
3.747798707138367824e-01,3.744190832012929127e-01,-3.607875125438697594e-04,-1.082362537631609278e-03,1.492520149304343846e-03,4.101576116727345678e-04
3.747749366624336109e-01,3.744190832012929127e-01,-3.558534611406982684e-04,-1.067560383422094805e-03,1.480215420951447314e-03,4.126550375293525086e-04
3.747700438765341757e-01,3.744190832012929127e-01,-3.509606752412630648e-04,-1.052882025723789194e-03,1.467835769830561077e-03,4.149537441067718824e-04
3.747651925860091549e-01,3.744190832012929127e-01,-3.461093847162421966e-04,-1.038328154148726590e-03,1.455387157506260465e-03,4.170590033575338751e-04
3.747603830013844783e-01,3.744190832012929127e-01,-3.412998000915656860e-04,-1.023899400274697058e-03,1.442875387402953180e-03,4.189759871282561221e-04
3.747556153143585256e-01,3.744190832012929127e-01,-3.365321130656129256e-04,-1.009596339196838777e-03,1.430306107785828118e-03,4.207097685889893413e-04
3.747508896983094417e-01,3.744190832012929127e-01,-3.318064970165290894e-04,-9.954194910495872683e-04,1.417684814725150844e-03,4.222653236755635753e-04
3.747462063087927397e-01,3.744190832012929127e-01,-3.271231074998270927e-04,-9.813693224994812780e-04,1.405016855010599031e-03,4.236475325111177526e-04
3.747415652840292433e-01,3.744190832012929127e-01,-3.224820827363306108e-04,-9.674462482089918325e-04,1.392307429048944556e-03,4.248611808399527234e-04
3.747369667453838704e-01,3.744190832012929127e-01,-3.178835440909577592e-04,-9.536506322728732776e-04,1.379561593611855486e-03,4.259109613389822080e-04
3.747324107978345920e-01,3.744190832012929127e-01,-3.133275965416792985e-04,-9.399827896250378956e-04,1.366784264783538205e-03,4.268014751585003097e-04
3.747278975304328408e-01,3.744190832012929127e-01,-3.088143291399281232e-04,-9.264429874197843695e-04,1.353980220525352607e-03,4.275372331055682373e-04
3.747234270167544290e-01,3.744190832012929127e-01,-3.043438154615163427e-04,-9.130314463845490280e-04,1.341154103523534147e-03,4.281226571389851188e-04
3.747189993153416943e-01,3.744190832012929127e-01,-2.999161140487816013e-04,-8.997483421463448039e-04,1.328310423820422415e-03,4.285620816740776107e-04
3.747146144701371528e-01,3.744190832012929127e-01,-2.955312688442401914e-04,-8.865938065327205742e-04,1.315453561362422974e-03,4.288597548297023998e-04
3.747102725109081045e-01,3.744190832012929127e-01,-2.911893096151918492e-04,-8.735679288455755476e-04,1.302587768714502658e-03,4.290198398689271109e-04
3.747059734536630216e-01,3.744190832012929127e-01,-2.868902523701089002e-04,-8.606707571103267007e-04,1.289717173524884686e-03,4.290464164145579851e-04
3.747017173010596114e-01,3.744190832012929127e-01,-2.826340997666987320e-04,-8.479022993000961961e-04,1.276845781023050463e-03,4.289434817229542674e-04
3.746975040428043302e-01,3.744190832012929127e-01,-2.784208415114175494e-04,-8.352625245342526483e-04,1.263977476584354775e-03,4.287149520501021271e-04
3.746933336560442918e-01,3.744190832012929127e-01,-2.742504547513791024e-04,-8.227513642541373073e-04,1.251116028011534098e-03,4.283646637573967908e-04
3.746892061057506274e-01,3.744190832012929127e-01,-2.701229044577146965e-04,-8.103687133731440895e-04,1.238265088099321787e-03,4.278963747261776973e-04
3.746851213450944074e-01,3.744190832012929127e-01,-2.660381438014947086e-04,-7.981144314044841259e-04,1.225428196865996355e-03,4.273137654615122294e-04
3.746810793158147357e-01,3.744190832012929127e-01,-2.619961145218230314e-04,-7.859883435654690942e-04,1.212608783901503173e-03,4.266204403360340791e-04
3.746770799485791281e-01,3.744190832012929127e-01,-2.579967472862154665e-04,-7.739902418586463995e-04,1.199810170682269472e-03,4.258199288236230728e-04
3.746731231633363968e-01,3.744190832012929127e-01,-2.540399620434841133e-04,-7.621198861304523398e-04,1.187035572819405971e-03,4.249156866889536310e-04
3.746692088696623180e-01,3.744190832012929127e-01,-2.501256683694053073e-04,-7.503770051082159220e-04,1.174288102223641772e-03,4.239110971154258500e-04
3.746653369670979727e-01,3.744190832012929127e-01,-2.462537658050600875e-04,-7.387612974151802625e-04,1.161570769303565953e-03,4.228094718883856906e-04
3.746615073454808154e-01,3.744190832012929127e-01,-2.424241441879027015e-04,-7.272724325637081044e-04,1.148886485147215808e-03,4.216140525835077035e-04
3.746577198852689139e-01,7.439516036487918704e-01,3.692938837635229565e-01,1.107881651290568925e+00,0.000000000000000000e+00,1.107881651290568925e+00
3.747647205901860623e-01,7.439516036487918704e-01,3.691868830586058081e-01,1.107560649175817424e+00,-3.210021147514452444e-02,1.075460437700672900e+00
3.749792673388732678e-01,7.439516036487918704e-01,3.689723363099186026e-01,1.106917008929755752e+00,-6.436402460616164056e-02,1.042552984323594112e+00
3.752980693859928052e-01,7.439516036487918704e-01,3.686535342627990652e-01,1.105960602788397251e+00,-9.564061413586122384e-02,1.010319988652536027e+00
3.757179034319776401e-01,7.439516036487918704e-01,3.682337002168142304e-01,1.104701100650442580e+00,-1.259502137954504608e-01,9.787508868549921193e-01
3.762356125666479478e-01,7.439516036487918704e-01,3.677159910821439226e-01,1.103147973246431768e+00,-1.553127404010923307e-01,9.478352328453394371e-01
3.768481052246028251e-01,7.439516036487918704e-01,3.671034984241890453e-01,1.101310495272567191e+00,-1.837477973864631853e-01,9.175626978861040062e-01
3.775523541523462812e-01,7.439516036487918704e-01,3.663992494964455893e-01,1.099197748489336712e+00,-2.112746783230368131e-01,8.879230701662998992e-01
3.783453953871063757e-01,7.439516036487918704e-01,3.656062082616854947e-01,1.096818624785056429e+00,-2.379123704280283746e-01,8.589062543570280539e-01
3.792243272473021509e-01,7.439516036487918704e-01,3.647272764014897195e-01,1.094181829204469159e+00,-2.636795580587325549e-01,8.305022711457366036e-01
3.801863093346125044e-01,7.439516036487918704e-01,3.637652943141793660e-01,1.091295882942538098e+00,-2.885946261931060519e-01,8.027012567494320461e-01
3.812285615475978218e-01,7.439516036487918704e-01,3.627230421011940487e-01,1.088169126303582201e+00,-3.126756638955952017e-01,7.754934624079869998e-01
3.823483631068239075e-01,7.439516036487918704e-01,3.616032405419679630e-01,1.084809721625903833e+00,-3.359404677678257123e-01,7.488692538580781211e-01
3.835430515914358129e-01,7.439516036487918704e-01,3.604085520573560575e-01,1.081225656172068117e+00,-3.584065453835716397e-01,7.228191107884964772e-01
3.848100219871266048e-01,7.439516036487918704e-01,3.591415816616652656e-01,1.077424744984995852e+00,-3.800911187072375519e-01,6.973336262777583006e-01
3.861467257454451740e-01,7.439516036487918704e-01,3.578048779033466964e-01,1.073414633710040089e+00,-4.010111274955707739e-01,6.724035062144693153e-01
3.875506698543851880e-01,7.439516036487918704e-01,3.564009337944066824e-01,1.069202801383219992e+00,-4.211832326820041938e-01,6.480195687012157979e-01
3.890194159201952884e-01,7.439516036487918704e-01,3.549321877285965821e-01,1.064796563185789857e+00,-4.406238197430301096e-01,6.241727434427597476e-01
3.905505792603496951e-01,7.439516036487918704e-01,3.534010243884421754e-01,1.060203073165326471e+00,-4.593490020463220080e-01,6.008540711190044625e-01
3.921418280076159890e-01,7.439516036487918704e-01,3.518097756411758814e-01,1.055429326923527533e+00,-4.773746241798881851e-01,5.780547027436393481e-01
3.937908822251566243e-01,7.439516036487918704e-01,3.501607214236352461e-01,1.050482164270905683e+00,-4.947162652621905909e-01,5.557658990087150919e-01
3.954955130325981671e-01,7.439516036487918704e-01,3.484560906161937033e-01,1.045368271848581054e+00,-5.113892422324628484e-01,5.339790296161182059e-01
3.972535417430013149e-01,7.439516036487918704e-01,3.466980619057905555e-01,1.040094185717371555e+00,-5.274086131209443362e-01,5.126855725964272192e-01
3.990628390106640833e-01,7.439516036487918704e-01,3.448887646381277872e-01,1.034666293914383361e+00,-5.427891802988304981e-01,4.918771136155528634e-01
4.009213239896884384e-01,7.439516036487918704e-01,3.430302796591034320e-01,1.029090838977310352e+00,-5.575454937073065498e-01,4.715453452700038017e-01
4.028269635032397655e-01,7.439516036487918704e-01,3.411246401455521049e-01,1.023373920436656315e+00,-5.716918540653981307e-01,4.516820663712581840e-01
4.047777712234282288e-01,7.439516036487918704e-01,3.391738324253636416e-01,1.017521497276090869e+00,-5.852423160565389804e-01,4.322791812195518890e-01
4.067718068617386384e-01,7.439516036487918704e-01,3.371797967870532320e-01,1.011539390361159807e+00,-5.982106914931228925e-01,4.133286988680369145e-01
4.088071753699358823e-01,7.439516036487918704e-01,3.351444282788559881e-01,1.005433284836567909e+00,-6.106105524591731726e-01,3.948227323773947361e-01
4.108820261513708161e-01,7.439516036487918704e-01,3.330695774974210543e-01,9.992087324922631630e-01,-6.224552344304801199e-01,3.767534980617830431e-01
4.129945522826119486e-01,7.439516036487918704e-01,3.309570513661799218e-01,9.928711540985397654e-01,-6.337578393723397596e-01,3.591133147262000058e-01
4.151429897453257079e-01,7.439516036487918704e-01,3.288086139034661626e-01,9.864258417103984877e-01,-6.445312388141277715e-01,3.418946028962707162e-01
4.173256166683290691e-01,7.439516036487918704e-01,3.266259869804628013e-01,9.798779609413883485e-01,-6.547880769010083757e-01,3.250898840403799728e-01
4.195407525797364978e-01,7.439516036487918704e-01,3.244108510690553726e-01,9.732325532071661733e-01,-6.645407734222286145e-01,3.086917797849375589e-01
4.217867576691224363e-01,7.439516036487918704e-01,3.221648459796694342e-01,9.664945379390083025e-01,-6.738015268157815374e-01,2.926930111232267651e-01
4.240620320596206749e-01,7.439516036487918704e-01,3.198895715891711955e-01,9.596687147675135865e-01,-6.825823171494715957e-01,2.770863976180419908e-01
4.263650150898807278e-01,7.439516036487918704e-01,3.175865885589111426e-01,9.527597656767334833e-01,-6.908949090780158730e-01,2.618648565987176102e-01
4.286941846058006655e-01,7.439516036487918704e-01,3.152574190429912049e-01,9.457722571289736146e-01,-6.987508547759813116e-01,2.470214023529923031e-01
4.310480562619558587e-01,7.439516036487918704e-01,3.129035473868360118e-01,9.387106421605080353e-01,-7.061614968465579345e-01,2.325491453139501008e-01
4.334251828326424749e-01,7.439516036487918704e-01,3.105264208161493955e-01,9.315792624484482420e-01,-7.131379712059848774e-01,2.184412912424633646e-01
4.358241535324533511e-01,7.439516036487918704e-01,3.081274501163385193e-01,9.243823503490156135e-01,-7.196912099432628551e-01,2.046911404057527584e-01
4.382435933463048050e-01,7.439516036487918704e-01,3.057080103024870654e-01,9.171240309074611963e-01,-7.258319441554361706e-01,1.912920867520250257e-01
4.406821623688314538e-01,7.439516036487918704e-01,3.032694412799604167e-01,9.098083238398813055e-01,-7.315707067579946266e-01,1.782376170818866790e-01
4.431385551530662714e-01,7.439516036487918704e-01,3.008130484957255990e-01,9.024391454871767415e-01,-7.369178352704452983e-01,1.655213102167314432e-01
4.456115000683227856e-01,7.439516036487918704e-01,2.983401035804690848e-01,8.950203107414071990e-01,-7.418834745769542494e-01,1.531368361644529497e-01
4.480997586671957023e-01,7.439516036487918704e-01,2.958518449815961682e-01,8.875555349447885600e-01,-7.464775796618750014e-01,1.410779552829135586e-01
4.506021250615969143e-01,7.439516036487918704e-01,2.933494785871949562e-01,8.800484357615848685e-01,-7.507099183203636006e-01,1.293385174412212679e-01
4.531174253077422387e-01,7.439516036487918704e-01,2.908341783410496317e-01,8.725025350231488952e-01,-7.545900738435973309e-01,1.179124611795515642e-01
4.556445168000055612e-01,7.439516036487918704e-01,2.883070868487863092e-01,8.649212605463589831e-01,-7.581274476789967576e-01,1.067938128673622256e-01
4.581822876735556216e-01,7.439516036487918704e-01,2.857693159752362488e-01,8.573079479257087465e-01,-7.613312620650181106e-01,9.597668586069063590e-02
4.607296562156917297e-01,7.439516036487918704e-01,2.832219474331001408e-01,8.496658422993004223e-01,-7.642105626408324248e-01,8.545527965846799745e-02
4.632855702857937019e-01,7.439516036487918704e-01,2.806660333629981685e-01,8.419981000889944500e-01,-7.667742210305916739e-01,7.522387905840277611e-02
4.658490067438014748e-01,7.439516036487918704e-01,2.781025969049903956e-01,8.343077907149711869e-01,-7.690309374023318600e-01,6.527685331263932689e-02
4.684189708871405178e-01,7.439516036487918704e-01,2.755326327616513526e-01,8.265978982849540024e-01,-7.709892430017128984e-01,5.560865528324110407e-02
4.709944958960078920e-01,7.439516036487918704e-01,2.729571077527839784e-01,8.188713232583519908e-01,-7.726575026602122698e-01,4.621382059813972099e-02
4.735746422869350769e-01,7.439516036487918704e-01,2.703769613618567935e-01,8.111308840855704361e-01,-7.740439172781554689e-01,3.708696680741496721e-02
4.761584973745430216e-01,7.439516036487918704e-01,2.677931062742488488e-01,8.033793188227464910e-01,-7.751565262823834068e-01,2.822279254036308416e-02
4.787451747414049885e-01,7.439516036487918704e-01,2.652064289073868819e-01,7.956192867221606457e-01,-7.760032100585900761e-01,1.961607666357056967e-02
4.813338137159333119e-01,7.439516036487918704e-01,2.626177899328585585e-01,7.878533697985756756e-01,-7.765916923584970100e-01,1.126167744007866567e-02
4.839235788582056386e-01,7.439516036487918704e-01,2.600280247905862319e-01,7.800840743717587511e-01,-7.769295426816980044e-01,3.154531690060746740e-03
4.865136594536469961e-01,7.439516036487918704e-01,2.574379441951448744e-01,7.723138325854346231e-01,-7.770241786324072475e-01,-4.710346046972624379e-03
4.891032690144836437e-01,7.439516036487918704e-01,2.548483346343082268e-01,7.645450039029246803e-01,-7.768828682509942851e-01,-1.233786434806960486e-02
4.916916447888854957e-01,7.439516036487918704e-01,2.522599588599063747e-01,7.567798765797191241e-01,-7.765127323205556209e-01,-1.973285574083649685e-02
4.942780472777132394e-01,7.439516036487918704e-01,2.496735563710786310e-01,7.490206691132359484e-01,-7.759207466483231119e-01,-2.690007753508716348e-02
4.968617597587874912e-01,7.439516036487918704e-01,2.470898438900043792e-01,7.412695316700130821e-01,-7.751137443222755330e-01,-3.384421265226245090e-02
4.994420878185965029e-01,7.439516036487918704e-01,2.445095158301953675e-01,7.335285474905861580e-01,-7.740984179427035095e-01,-4.056987045211735143e-02
5.020183588913603723e-01,7.439516036487918704e-01,2.419332447574314982e-01,7.257997342722944945e-01,-7.728813218291608056e-01,-4.708158755686631114e-02
5.045899218053685464e-01,7.439516036487918704e-01,2.393616818434233240e-01,7.180850455302699720e-01,-7.714688742024522483e-01,-5.338382867218227634e-02
5.071561463365094058e-01,7.439516036487918704e-01,2.367954573122824646e-01,7.103863719368473939e-01,-7.698673593422578065e-01,-5.948098740541041263e-02
5.097164227689098270e-01,7.439516036487918704e-01,2.342351808798820434e-01,7.027055426396461302e-01,-7.680829297201263728e-01,-6.537738708048024261e-02
5.122701614626021804e-01,7.439516036487918704e-01,2.316814421861896900e-01,6.950443265585690700e-01,-7.661216081077060203e-01,-7.107728154913695029e-02
5.148167924281396024e-01,7.439516036487918704e-01,2.291348112206522680e-01,6.874044336619568041e-01,-7.639892896612265893e-01,-7.658485599926978526e-02
5.173557649080771093e-01,7.439516036487918704e-01,2.265958387407147612e-01,6.797875162221442835e-01,-7.616917439812520563e-01,-8.190422775910777275e-02
5.198865469652387272e-01,7.439516036487918704e-01,2.240650566835531432e-01,6.721951700506594296e-01,-7.592346171484853912e-01,-8.703944709782596156e-02
5.224086250776904805e-01,7.439516036487918704e-01,2.215429785711013899e-01,6.646289357133041698e-01,-7.566234337355259854e-01,-9.199449802222181560e-02
5.249215037403400785e-01,7.439516036487918704e-01,2.190300999084517919e-01,6.570902997253553757e-01,-7.538635987948794082e-01,-9.677329906952403249e-02
5.274247050730827002e-01,7.439516036487918704e-01,2.165268985757091702e-01,6.495806957271275106e-01,-7.509603998227865063e-01,-1.013797040956589957e-01
5.299177684354157147e-01,7.439516036487918704e-01,2.140338352133761557e-01,6.421015056401284671e-01,-7.479190086999043530e-01,-1.058175030597758859e-01
5.324002500474427357e-01,7.439516036487918704e-01,2.115513536013491347e-01,6.346540608040474041e-01,-7.447444836081063002e-01,-1.100904228040588961e-01
5.348717226171894046e-01,7.439516036487918704e-01,2.090798810316024658e-01,6.272396430948073975e-01,-7.414417709240006538e-01,-1.142021278291932562e-01
5.373317749741531868e-01,7.439516036487918704e-01,2.066198286746386836e-01,6.198594860239160509e-01,-7.380157070891346649e-01,-1.181562210652186140e-01
5.397800117090103544e-01,7.439516036487918704e-01,2.041715919397815160e-01,6.125147758193445480e-01,-7.344710204571502921e-01,-1.219562446378057441e-01
5.422160528194037710e-01,7.439516036487918704e-01,2.017355508293880995e-01,6.052066524881642984e-01,-7.308123331180249593e-01,-1.256056806298606610e-01
5.446395333617342072e-01,7.439516036487918704e-01,1.993120702870576633e-01,5.979362108611729898e-01,-7.270441626991308581e-01,-1.291079518379578683e-01
5.470501031088809141e-01,7.439516036487918704e-01,1.969015005399109564e-01,5.907045016197328691e-01,-7.231709241440120728e-01,-1.324664225242792037e-01
5.494474262137751808e-01,7.439516036487918704e-01,1.945041774350166897e-01,5.835125323050500690e-01,-7.191969314682800096e-01,-1.356843991632299407e-01
5.518311808787530470e-01,7.439516036487918704e-01,1.921204227700388234e-01,5.763612683101164702e-01,-7.151263994933598767e-01,-1.387651311832434065e-01
5.542010590306126749e-01,7.439516036487918704e-01,1.897505446181791955e-01,5.692516338545375865e-01,-7.109634455578883738e-01,-1.417118117033507874e-01
5.565567660013018836e-01,7.439516036487918704e-01,1.873948376474899868e-01,5.621845129424699605e-01,-7.067120912067625937e-01,-1.445275782642926332e-01
5.588980202141646814e-01,7.439516036487918704e-01,1.850535834346271891e-01,5.551607503038815672e-01,-7.023762638588393337e-01,-1.472155135549577665e-01
5.612245528756719670e-01,7.439516036487918704e-01,1.827270507731199034e-01,5.481811523193597102e-01,-6.979597984521856979e-01,-1.497786461328259877e-01
5.635361076725660112e-01,7.439516036487918704e-01,1.804154959762258592e-01,5.412464879286775776e-01,-6.934664390682132584e-01,-1.522199511395356808e-01
5.658324404743461100e-01,7.439516036487918704e-01,1.781191631744457604e-01,5.343574895233372812e-01,-6.888998405340296394e-01,-1.545423510106923581e-01
5.681133190410251332e-01,7.439516036487918704e-01,1.758382846077667372e-01,5.275148538233002116e-01,-6.842635700037069668e-01,-1.567487161804067552e-01
5.703785227360861354e-01,7.439516036487918704e-01,1.735730809127057350e-01,5.207192427381172051e-01,-6.795611085183006495e-01,-1.588418657801834444e-01
5.726278422445690852e-01,7.439516036487918704e-01,1.713237614042227852e-01,5.139712842126683556e-01,-6.747958525448849443e-01,-1.608245683322165887e-01
5.748610792962187688e-01,7.439516036487918704e-01,1.690905243525731017e-01,5.072715730577193050e-01,-6.699711154949050673e-01,-1.626995424371857624e-01
5.770780463936248106e-01,7.439516036487918704e-01,1.668735572551670598e-01,5.006206717655011795e-01,-6.650901292218125427e-01,-1.644694574563113632e-01
5.792785665452852006e-01,7.439516036487918704e-01,1.646730371035066698e-01,4.940191113105200094e-01,-6.601560454981170167e-01,-1.661369341875970074e-01
5.814624730035268252e-01,7.439516036487918704e-01,1.624891306452650452e-01,4.874673919357951357e-01,-6.551719374724873646e-01,-1.677045455366922289e-01
5.836296090072148335e-01,7.439516036487918704e-01,1.603219946415770369e-01,4.809659839247311108e-01,-6.501408011064024883e-01,-1.691748171816713775e-01
5.857798275291846712e-01,7.439516036487918704e-01,1.581717761196071992e-01,4.745153283588215976e-01,-6.450655565909513278e-01,-1.705502282321297303e-01
5.879129910283312777e-01,7.439516036487918704e-01,1.560386126204605928e-01,4.681158378613817783e-01,-6.399490497439819237e-01,-1.718332118826001453e-01
5.900289712062896097e-01,7.439516036487918704e-01,1.539226324425022607e-01,4.617678973275067822e-01,-6.347940533874996127e-01,-1.730261560599928305e-01
5.921276487686418788e-01,7.439516036487918704e-01,1.518239548801499916e-01,4.554718646404499749e-01,-6.296032687056807298e-01,-1.741314040652307549e-01
5.942089131905876620e-01,7.439516036487918704e-01,1.497426904582042084e-01,4.492280713746126253e-01,-6.243793265837349615e-01,-1.751512552091223363e-01
5.962726624870124947e-01,7.439516036487918704e-01,1.476789411617793757e-01,4.430368234853381271e-01,-6.191247889274498206e-01,-1.760879654421116935e-01
5.983188029868932167e-01,7.439516036487918704e-01,1.456328006618986537e-01,4.368984019856959611e-01,-6.138421499642165990e-01,-1.769437479785206380e-01
6.003472491119760113e-01,7.439516036487918704e-01,1.436043545368158592e-01,4.308130636104475775e-01,-6.085338375248383613e-01,-1.777207739143907839e-01
6.023579231596674077e-01,7.439516036487918704e-01,1.415936804891244627e-01,4.247810414673733881e-01,-6.032022143074189380e-01,-1.784211728400455499e-01
6.043507550900747427e-01,7.439516036487918704e-01,1.396008485587171277e-01,4.188025456761513832e-01,-5.978495791222004918e-01,-1.790470334460491086e-01
6.063256823171374599e-01,7.439516036487918704e-01,1.376259213316544106e-01,4.128777639949632317e-01,-5.924781681188151516e-01,-1.796004041238519200e-01
6.082826495037878534e-01,7.439516036487918704e-01,1.356689541450040171e-01,4.070068624350120512e-01,-5.870901559951180460e-01,-1.800832935601059948e-01
6.102216083610821906e-01,7.439516036487918704e-01,1.337299952877096798e-01,4.011899858631290394e-01,-5.816876571883011771e-01,-1.804976713251721376e-01
6.121425174512440393e-01,7.439516036487918704e-01,1.318090861975478312e-01,3.954272585926434935e-01,-5.762727270485545894e-01,-1.808454684559110959e-01
6.140453419945602898e-01,7.439516036487918704e-01,1.299062616542315807e-01,3.897187849626947420e-01,-5.708473629948751515e-01,-1.811285780321804095e-01
6.159300536800733639e-01,7.439516036487918704e-01,1.280215499687185066e-01,3.840646499061555197e-01,-5.654135056539222326e-01,-1.813488557477667129e-01
6.177966304800116548e-01,7.439516036487918704e-01,1.261549731687802156e-01,3.784649195063406468e-01,-5.599730399814872861e-01,-1.815081204751466393e-01
6.196450564679024664e-01,7.439516036487918704e-01,1.243065471808894040e-01,3.729196415426682121e-01,-5.545277963672434751e-01,-1.816081548245752630e-01
6.214753216403107183e-01,7.439516036487918704e-01,1.224762820084811521e-01,3.674288460254434563e-01,-5.490795517224755784e-01,-1.816507056970321221e-01
6.232874217421493501e-01,7.439516036487918704e-01,1.206641819066425203e-01,3.619925457199275609e-01,-5.436300305515895381e-01,-1.816374848316619772e-01
6.250813580955048021e-01,7.439516036487918704e-01,1.188702455532870683e-01,3.566107366598612050e-01,-5.381809060066355954e-01,-1.815701693467743905e-01
6.268571374319255041e-01,7.439516036487918704e-01,1.170944662168663664e-01,3.512833986505990991e-01,-5.327338009262105878e-01,-1.814504022756114887e-01
6.286147717281187486e-01,7.439516036487918704e-01,1.153368319206731218e-01,3.460104957620193655e-01,-5.272902888579733549e-01,-1.812797930959539894e-01
6.303542780450023253e-01,7.439516036487918704e-01,1.135973256037895451e-01,3.407919768113686354e-01,-5.218518950650730126e-01,-1.810599182537043772e-01
6.320756783700605119e-01,7.439516036487918704e-01,1.118759252787313585e-01,3.356277758361940755e-01,-5.164200975174559893e-01,-1.807923216812619138e-01
6.337789994629505763e-01,7.439516036487918704e-01,1.101726041858412941e-01,3.305178125575238823e-01,-5.109963278670193176e-01,-1.804785153094954353e-01
6.354642727043097183e-01,7.439516036487918704e-01,1.084873309444821521e-01,3.254619928334464563e-01,-5.055819724077426081e-01,-1.801199795742961518e-01
6.371315339477114925e-01,7.439516036487918704e-01,1.068200697010803779e-01,3.204602091032411337e-01,-5.001783730205322520e-01,-1.797181639172911183e-01
6.387808233747215292e-01,7.439516036487918704e-01,1.051707802740703412e-01,3.155123408222110237e-01,-4.947868281030110005e-01,-1.792744872807999768e-01
6.404121853530034825e-01,7.439516036487918704e-01,1.035394182957883880e-01,3.106182548873651639e-01,-4.894085934845859853e-01,-1.787903385972208214e-01
6.420256682974256890e-01,7.439516036487918704e-01,1.019259353513661814e-01,3.057778060540985443e-01,-4.840448833266619566e-01,-1.782670772725634123e-01
6.436213245341205758e-01,7.439516036487918704e-01,1.003302791146712947e-01,3.009908373440138840e-01,-4.786968710084660295e-01,-1.777060336644521454e-01
6.451992101674490776e-01,7.439516036487918704e-01,9.875239348134279282e-02,2.962571804440283785e-01,-4.733656899985505540e-01,-1.771085095545221755e-01
6.467593849498221026e-01,7.439516036487918704e-01,9.719221869896976784e-02,2.915766560969093035e-01,-4.680524347119074946e-01,-1.764757786149981911e-01
6.483019121543336372e-01,7.439516036487918704e-01,9.564969149445823327e-02,2.869490744833746998e-01,-4.627581613534603733e-01,-1.758090868700856735e-01
6.498268584501581957e-01,7.439516036487918704e-01,9.412474519863367473e-02,2.823742355959010242e-01,-4.574838887473675619e-01,-1.751096531514665378e-01
6.513342937806675392e-01,7.439516036487918704e-01,9.261730986812433120e-02,2.778519296043729936e-01,-4.522305991528030589e-01,-1.743786695484300653e-01
6.528242912442220325e-01,7.439516036487918704e-01,9.112731240456983794e-02,2.733819372137095138e-01,-4.469992390663479753e-01,-1.736173018526384615e-01
6.542969269775913421e-01,7.439516036487918704e-01,8.965467667120052830e-02,2.689640300136015849e-01,-4.417907200107928922e-01,-1.728266899971913073e-01
6.557522800419608444e-01,7.439516036487918704e-01,8.819932360683102601e-02,2.645979708204930780e-01,-4.366059193108506875e-01,-1.720079484903576095e-01
6.571904323114813318e-01,7.439516036487918704e-01,8.676117133731053865e-02,2.602835140119316160e-01,-4.314456808561462076e-01,-1.711621668442145916e-01
6.586114683643173873e-01,7.439516036487918704e-01,8.534013528447448316e-02,2.560204058534234495e-01,-4.263108158508166490e-01,-1.702904099973931995e-01
6.600154753761537929e-01,7.439516036487918704e-01,8.393612827263807752e-02,2.518083848179142326e-01,-4.212021035509216915e-01,-1.693937187330074590e-01
6.614025430161168950e-01,7.439516036487918704e-01,8.254906063267497540e-02,2.476471818980249262e-01,-4.161202919889306351e-01,-1.684731100909057089e-01
6.627727633450708478e-01,7.439516036487918704e-01,8.117884030372102266e-02,2.435365209111630680e-01,-4.110660986861858213e-01,-1.675295777750227533e-01
6.641262307162473233e-01,7.439516036487918704e-01,7.982537293254454713e-02,2.394761187976336414e-01,-4.060402113529426593e-01,-1.665640925553090179e-01
6.654630416781682767e-01,7.439516036487918704e-01,7.848856197062359374e-02,2.354656859118707812e-01,-4.010432885762860167e-01,-1.655776026644152354e-01
6.667832948798227966e-01,7.439516036487918704e-01,7.716830876896907387e-02,2.315049263069072216e-01,-3.960759604963559610e-01,-1.645710341894487394e-01
6.680870909780582956e-01,7.439516036487918704e-01,7.586451267073357485e-02,2.275935380122007246e-01,-3.911388294706497071e-01,-1.635452914584489825e-01
6.693745325471479601e-01,7.439516036487918704e-01,7.457707110164391029e-02,2.237312133049317309e-01,-3.862324707268993684e-01,-1.625012574219676376e-01
6.706457239904954903e-01,7.439516036487918704e-01,7.330587965829638009e-02,2.199176389748891403e-01,-3.813574330042590610e-01,-1.614397940293699207e-01
6.719007714544400489e-01,7.439516036487918704e-01,7.205083219435182151e-02,2.161524965830554645e-01,-3.765142391833675717e-01,-1.603617426003121071e-01
6.731397827441245596e-01,7.439516036487918704e-01,7.081182090466731083e-02,2.124354627140019325e-01,-3.717033869053532058e-01,-1.592679241913512733e-01
6.743628672413899405e-01,7.439516036487918704e-01,6.958873640740192990e-02,2.087662092222057897e-01,-3.669253491796142796e-01,-1.581591399574084900e-01
6.755701358246596344e-01,7.439516036487918704e-01,6.838146782413223601e-02,2.051444034723967080e-01,-3.621805749809081654e-01,-1.570361715085114573e-01
6.767617007907784643e-01,7.439516036487918704e-01,6.718990285801340612e-02,2.015697085740402184e-01,-3.574694898356489681e-01,-1.558997812616087497e-01
6.779376757787710650e-01,7.439516036487918704e-01,6.601392787002080542e-02,1.980417836100624163e-01,-3.527924963977802086e-01,-1.547507127877177924e-01
6.790981756954849180e-01,7.439516036487918704e-01,6.485342795330695242e-02,1.945602838599208573e-01,-3.481499750141558991e-01,-1.535896911542350418e-01
6.802433166430833511e-01,7.439516036487918704e-01,6.370828700570851932e-02,1.911248610171255580e-01,-3.435422842795299303e-01,-1.524174232624043723e-01
6.813732158483555290e-01,7.439516036487918704e-01,6.257838780043634141e-02,1.877351634013090242e-01,-3.389697615816533727e-01,-1.512345981803443484e-01
6.824879915938096842e-01,7.439516036487918704e-01,6.146361205498218627e-02,1.843908361649465588e-01,-3.344327236362465428e-01,-1.500418874712999839e-01
6.835877631505167251e-01,7.439516036487918704e-01,6.036384049827514531e-02,1.810915214948254359e-01,-3.299314670121122894e-01,-1.488399455172868535e-01
6.846726507126720263e-01,7.439516036487918704e-01,5.927895293611984417e-02,1.778368588083595325e-01,-3.254662686465903398e-01,-1.476294098382308073e-01
6.857427753338435350e-01,7.439516036487918704e-01,5.820882831494833543e-02,1.746264849448450063e-01,-3.210373863514526249e-01,-1.464109014066076186e-01
6.867982588648743336e-01,7.439516036487918704e-01,5.715334478391753681e-02,1.714600343517526104e-01,-3.166450593092395849e-01,-1.451850249574869745e-01
6.878392238934094571e-01,7.439516036487918704e-01,5.611237975538241329e-02,1.683371392661472399e-01,-3.122895085605370546e-01,-1.439523692943898148e-01
6.888657936850151042e-01,7.439516036487918704e-01,5.508580996377676620e-02,1.652574298913302986e-01,-3.079709374816941292e-01,-1.427135075903638306e-01
6.898780921258617083e-01,7.439516036487918704e-01,5.407351152293016217e-02,1.622205345687904865e-01,-3.036895322539812092e-01,-1.414689976851907227e-01
6.908762436669397822e-01,7.439516036487918704e-01,5.307535998185208825e-02,1.592260799455562648e-01,-2.994454623234221735e-01,-1.402193823778659088e-01
6.918603732697801156e-01,7.439516036487918704e-01,5.209123037901175479e-02,1.562736911370352644e-01,-2.952388808521000385e-01,-1.389651897150647741e-01
6.928306063536489035e-01,7.439516036487918704e-01,5.112099729514296698e-02,1.533629918854289009e-01,-2.910699251606363447e-01,-1.377069332752074438e-01
6.937870687441901607e-01,7.439516036487918704e-01,5.016453490460170972e-02,1.504936047138051292e-01,-2.869387171623771771e-01,-1.364451124485720479e-01
6.947298866234865589e-01,7.439516036487918704e-01,4.922171702530531157e-02,1.476651510759159347e-01,-2.828453637889194461e-01,-1.351802127130035114e-01
6.956591864815117043e-01,7.439516036487918704e-01,4.829241716728016609e-02,1.448772515018404983e-01,-2.787899574075436426e-01,-1.339127059057031444e-01
6.965750950689462151e-01,7.439516036487918704e-01,4.737650857984565533e-02,1.421295257395369660e-01,-2.747725762303532271e-01,-1.326430504908162611e-01
6.974777393513317270e-01,7.439516036487918704e-01,4.647386429746014347e-02,1.394215928923804304e-01,-2.707932847156535594e-01,-1.313716918232731290e-01
6.983672464645348521e-01,7.439516036487918704e-01,4.558435718425701833e-02,1.367530715527710550e-01,-2.668521339609375431e-01,-1.300990624081664881e-01
6.992437436714972199e-01,7.439516036487918704e-01,4.470785997729465056e-02,1.341235799318839517e-01,-2.629491620887103309e-01,-1.288255821568263793e-01
7.001073583202438444e-01,7.439516036487918704e-01,4.384424532854802603e-02,1.315327359856440781e-01,-2.590843946239873574e-01,-1.275516586383432793e-01
7.009582178031266153e-01,7.439516036487918704e-01,4.299338584566525512e-02,1.289801575369957654e-01,-2.552578448648312737e-01,-1.262776873278355083e-01
7.017964495172765993e-01,7.439516036487918704e-01,4.215515413151527113e-02,1.264654623945458134e-01,-2.514695142449951959e-01,-1.250040518504493825e-01
7.026221808262416157e-01,7.439516036487918704e-01,4.132942282255025468e-02,1.239882684676507640e-01,-2.477193926895049358e-01,-1.237311242218541718e-01
7.034355390227844396e-01,7.439516036487918704e-01,4.051606462600743086e-02,1.215481938780222926e-01,-2.440074589628471458e-01,-1.224592650848248532e-01
7.042366512928187605e-01,7.439516036487918704e-01,3.971495235597310991e-02,1.191448570679193297e-01,-2.403336810102962851e-01,-1.211888239423769553e-01
7.050256446804588073e-01,7.439516036487918704e-01,3.892595896833306313e-02,1.167778769049991894e-01,-2.366980162920140351e-01,-1.199201393870148458e-01
7.058026460541602098e-01,7.439516036487918704e-01,3.814895759463166058e-02,1.144468727838949818e-01,-2.331004121104207627e-01,-1.186535393265257810e-01
7.065677820739288961e-01,7.439516036487918704e-01,3.738382157486297430e-02,1.121514647245889229e-01,-2.295408059306058846e-01,-1.173893412060169616e-01
7.073211791595770404e-01,7.439516036487918704e-01,3.663042448921483007e-02,1.098912734676444902e-01,-2.260191256944432681e-01,-1.161278522267987778e-01
7.080629634600025257e-01,7.439516036487918704e-01,3.588864018878934470e-02,1.076659205663680341e-01,-2.225352901276456130e-01,-1.148693695612775789e-01
7.087932608234718268e-01,7.439516036487918704e-01,3.515834282532004362e-02,1.054750284759601309e-01,-2.190892090407903225e-01,-1.136141805648301917e-01
7.095121967688846620e-01,7.439516036487918704e-01,3.443940687990720839e-02,1.033182206397216252e-01,-2.156807836238505693e-01,-1.123625629841289442e-01
7.102198964579991003e-01,7.439516036487918704e-01,3.373170719079277013e-02,1.011951215723783104e-01,-2.123099067343314772e-01,-1.111147851619531668e-01
7.109164846685973593e-01,7.439516036487918704e-01,3.303511898019451110e-02,9.910535694058353329e-02,-2.089764631794777117e-01,-1.098711062388941784e-01
7.116020857685716461e-01,7.439516036487918704e-01,3.234951788022022434e-02,9.704855364066067303e-02,-2.056803299922860262e-01,-1.086317763516253532e-01
7.122768236909108319e-01,7.439516036487918704e-01,3.167477995788103851e-02,9.502433987364311552e-02,-2.024213767017557508e-01,-1.073970368281126353e-01
7.129408219095672017e-01,7.439516036487918704e-01,3.101078173922466874e-02,9.303234521767400622e-02,-1.991994655969109296e-01,-1.061671203792369234e-01
7.135942034161856240e-01,7.439516036487918704e-01,3.035740023260624643e-02,9.107220069781873928e-02,-1.960144519855266942e-01,-1.049422512877079550e-01
7.142370906976752698e-01,7.439516036487918704e-01,2.971451295111660063e-02,8.914353885334980188e-02,-1.928661844468937403e-01,-1.037226455935439384e-01
7.148696057146055605e-01,7.439516036487918704e-01,2.908199793418630996e-02,8.724599380255892989e-02,-1.897545050790871990e-01,-1.025085112765282691e-01
7.154918698804082489e-01,7.439516036487918704e-01,2.845973376838362157e-02,8.537920130515086470e-02,-1.866792497408065188e-01,-1.013000484356556541e-01
7.161040040413673147e-01,7.439516036487918704e-01,2.784759960742455576e-02,8.354279882227366727e-02,-1.836402482877197428e-01,-1.000974494654460756e-01
7.167061284573799096e-01,7.439516036487918704e-01,2.724547519141196084e-02,8.173642557423588251e-02,-1.806373248037784762e-01,-9.890089922954259372e-02
7.172983627834694786e-01,7.439516036487918704e-01,2.665324086532239178e-02,7.995972259596717535e-02,-1.776702978268707156e-01,-9.771057523090354024e-02
7.178808260520359585e-01,7.439516036487918704e-01,2.607077759675591189e-02,7.821233279026773566e-02,-1.747389805699439691e-01,-9.652664777967623344e-02
7.184536366558245124e-01,7.439516036487918704e-01,2.549796699296735802e-02,7.649390097890207407e-02,-1.718431811365661588e-01,-9.534928015766408471e-02
7.190169123315972577e-01,7.439516036487918704e-01,2.493469131719461274e-02,7.480407395158383821e-02,-1.689827027318235864e-01,-9.417862878023974815e-02
7.195707701444920001e-01,7.439516036487918704e-01,2.438083350429987028e-02,7.314250051289961085e-02,-1.661573438684227355e-01,-9.301484335552312466e-02
7.201153264730512094e-01,7.439516036487918704e-01,2.383627717574066107e-02,7.150883152722198322e-02,-1.633668985677627639e-01,-9.185806704054078065e-02
7.206506969949063590e-01,7.439516036487918704e-01,2.330090665388551141e-02,6.990271996165653423e-02,-1.606111565565448984e-01,-9.070843659488836419e-02
7.211769966731019776e-01,7.439516036487918704e-01,2.277460697568989278e-02,6.832382092706967835e-02,-1.578899034586855876e-01,-8.956608253161590927e-02
7.216943397430444218e-01,7.439516036487918704e-01,2.225726390574744862e-02,6.677179171724234585e-02,-1.552029209827332501e-01,-8.843112926549090425e-02
7.222028397000603839e-01,7.439516036487918704e-01,2.174876394873148655e-02,6.524629184619445965e-02,-1.525499871047886202e-01,-8.730369525859416058e-02
7.227026092875504792e-01,7.439516036487918704e-01,2.124899436124139118e-02,6.374698308372417355e-02,-1.499308762470286105e-01,-8.618389316330443695e-02
7.231937604857242574e-01,7.439516036487918704e-01,2.075784316306761301e-02,6.227352948920283904e-02,-1.473453594521334509e-01,-8.507182996293061183e-02
7.236764045009017599e-01,7.439516036487918704e-01,2.027519914789011057e-02,6.082559744367033172e-02,-1.447932045532507317e-01,-8.396760710958039997e-02
7.241506517553683020e-01,7.439516036487918704e-01,1.980095189342356843e-02,5.940285568027070529e-02,-1.422741763399626436e-01,-8.287132065969193828e-02
7.246166118777688236e-01,7.439516036487918704e-01,1.933499177102304678e-02,5.800497531306914034e-02,-1.397880367201564944e-01,-8.178306140708735406e-02
7.250743936940285961e-01,7.439516036487918704e-01,1.887720995476327435e-02,5.663162986428982304e-02,-1.373345448779317302e-01,-8.070291501364190712e-02
7.255241052187870743e-01,7.439516036487918704e-01,1.842749843000479615e-02,5.528249529001438844e-02,-1.349134574275434595e-01,-7.963096213752907104e-02
7.259658536473317936e-01,7.439516036487918704e-01,1.798575000146007685e-02,5.395725000438023056e-02,-1.325245285634157888e-01,-7.856727855903555824e-02
7.263997453480205424e-01,7.439516036487918704e-01,1.755185830077132803e-02,5.265557490231398408e-02,-1.301675102066246481e-01,-7.751193530431066403e-02
7.268258858551789325e-01,7.439516036487918704e-01,1.712571779361293789e-02,5.137715338083881367e-02,-1.278421521475170408e-01,-7.646499876667822715e-02
7.272443798624605993e-01,7.439516036487918704e-01,1.670722378633127114e-02,5.012167135899381343e-02,-1.255482021845000240e-01,-7.542653082550621058e-02
7.276553312166597065e-01,7.439516036487918704e-01,1.629627243213216392e-02,4.888881729639649176e-02,-1.232854062597321665e-01,-7.439658896333567473e-02
7.280588429119625449e-01,7.439516036487918704e-01,1.589276073682932555e-02,4.767828221048797666e-02,-1.210535085908515107e-01,-7.337522638036353406e-02
7.284550170846273431e-01,7.439516036487918704e-01,1.549658656416452729e-02,4.648975969249358187e-02,-1.188522517994394789e-01,-7.236249210694589706e-02
7.288439550080814122e-01,7.439516036487918704e-01,1.510764864071045821e-02,4.532294592213137463e-02,-1.166813770362207237e-01,-7.135843111408934902e-02
7.292257570884240758e-01,7.439516036487918704e-01,1.472584656036779460e-02,4.417753968110338381e-02,-1.145406241027990824e-01,-7.036308442169569854e-02
7.296005228603246184e-01,7.439516036487918704e-01,1.435108078846725199e-02,4.305324236540175598e-02,-1.124297315701627831e-01,-6.937648920476102710e-02
7.299683509833045925e-01,7.439516036487918704e-01,1.398325266548727797e-02,4.194975799646183390e-02,-1.103484368939922078e-01,-6.839867889753037389e-02
7.303293392383948257e-01,7.439516036487918704e-01,1.362226441039704472e-02,4.086679323119113416e-02,-1.082964765270699736e-01,-6.742968329587883947e-02
7.306835845251554717e-01,7.439516036487918704e-01,1.326801912363639868e-02,3.980405737090919605e-02,-1.062735860281938116e-01,-6.646952865728461557e-02
7.310311828590504435e-01,7.439516036487918704e-01,1.292042078974142694e-02,3.876126236922428081e-02,-1.042795001684915235e-01,-6.551823779926724267e-02
7.313722293691654608e-01,7.439516036487918704e-01,1.257937427962640964e-02,3.773812283887922892e-02,-1.023139530345051895e-01,-6.457583019562596061e-02
7.317068182962609413e-01,7.439516036487918704e-01,1.224478535253092915e-02,3.673435605759278744e-02,-1.003766781286441478e-01,-6.364232207105136041e-02
7.320350429911492984e-01,7.439516036487918704e-01,1.191656065764257200e-02,3.574968197292771599e-02,-9.846740846650714474e-02,-6.271772649357942875e-02
7.323569959133883200e-01,7.439516036487918704e-01,1.159460773540355039e-02,3.478382320621065116e-02,-9.658587667170648317e-02,-6.180205346549583201e-02
7.326727686302807463e-01,7.439516036487918704e-01,1.127883501851112413e-02,3.383650505553337240e-02,-9.473181506772787586e-02,-6.089531001219450346e-02
7.329824518161719427e-01,7.439516036487918704e-01,1.096915183261992777e-02,3.290745549785978330e-02,-9.290495576735890992e-02,-5.999750026949912662e-02
7.332861352520362308e-01,7.439516036487918704e-01,1.066546839675563962e-02,3.199640519026691887e-02,-9.110503075928644279e-02,-5.910862556901952392e-02
7.335839078253436618e-01,7.439516036487918704e-01,1.036769582344820861e-02,3.110308747034462584e-02,-8.933177199222930298e-02,-5.822868452188467714e-02
7.338758575301989051e-01,7.439516036487918704e-01,1.007574611859296532e-02,3.022723835577889595e-02,-8.758491145657298915e-02,-5.735767310079409320e-02
7.341620714677440374e-01,7.439516036487918704e-01,9.789532181047833070e-03,2.936859654314349921e-02,-8.586418126353967395e-02,-5.649558472039617474e-02
7.344426358468171268e-01,7.439516036487918704e-01,9.508967801974743672e-03,2.852690340592423102e-02,-8.416931372192681948e-02,-5.564241031600258847e-02
7.347176359848586191e-01,7.439516036487918704e-01,9.233967663933251302e-03,2.770190299179975391e-02,-8.250004141244771105e-02,-5.479813842064795715e-02
7.349871563090580873e-01,7.439516036487918704e-01,8.964447339733783160e-03,2.689334201920134948e-02,-8.085609725984044260e-02,-5.396275524063909312e-02
7.352512803577334610e-01,7.439516036487918704e-01,8.700323291058409403e-03,2.610096987317522821e-02,-7.923721460261212712e-02,-5.313624472943689891e-02
7.355100907819358547e-01,7.439516036487918704e-01,8.441512866856015762e-03,2.532453860056804729e-02,-7.764312726071809223e-02,-5.231858866015004494e-02
7.357636693472722200e-01,7.439516036487918704e-01,8.187934301519650404e-03,2.456380290455895121e-02,-7.607356960090960740e-02,-5.150976669635065619e-02
7.360120969359389420e-01,7.439516036487918704e-01,7.939506712852928416e-03,2.381852013855878525e-02,-7.452827660001659638e-02,-5.070975646145781113e-02
7.362554535489596041e-01,7.439516036487918704e-01,7.696150099832266278e-03,2.308845029949679883e-02,-7.300698390619864142e-02,-4.991853360670184259e-02
7.364938183086195966e-01,7.439516036487918704e-01,7.457785340172273791e-03,2.237335602051682137e-02,-7.150942789799774602e-02,-4.913607187748092464e-02
7.367272694610917938e-01,7.439516036487918704e-01,7.224334187700076626e-03,2.167300256310022988e-02,-7.003534574165914961e-02,-4.836234317855891973e-02
7.369558843792460845e-01,7.439516036487918704e-01,6.995719269545785934e-03,2.098715780863735780e-02,-6.858447544628720749e-02,-4.759731763764984969e-02
7.371797395656366492e-01,7.439516036487918704e-01,6.771864083155221259e-03,2.031559224946566378e-02,-6.715655591716940265e-02,-4.684096366770373887e-02
7.373989106556604334e-01,7.439516036487918704e-01,6.552692993131437049e-03,1.965807897939431115e-02,-6.575132700713526290e-02,-4.609324802774095176e-02
7.376134724208814886e-01,7.439516036487918704e-01,6.338131227910381860e-03,1.901439368373114558e-02,-6.436852956631655687e-02,-4.535413588258541129e-02
7.378234987725142968e-01,7.439516036487918704e-01,6.128104876277573609e-03,1.838431462883272083e-02,-6.300790548984247508e-02,-4.462359086100975425e-02
7.380290627650609725e-01,7.439516036487918704e-01,5.922540883730897932e-03,1.776762265119269379e-02,-6.166919776400270337e-02,-4.390157511281000957e-02
7.382302366000963456e-01,7.439516036487918704e-01,5.721367048695524815e-03,1.716410114608657445e-02,-6.035215051061193492e-02,-4.318804936452536047e-02
7.384270916301952647e-01,7.439516036487918704e-01,5.524512018596605678e-03,1.657353605578981703e-02,-5.905650902967574112e-02,-4.248297297388592408e-02
7.386196983629967905e-01,7.439516036487918704e-01,5.331905285795079941e-03,1.599571585738523982e-02,-5.778201984045772122e-02,-4.178630398307248139e-02
7.388081264654000613e-01,7.439516036487918704e-01,5.143477183391809149e-03,1.543043155017542745e-02,-5.652843072098123756e-02,-4.109799917080581011e-02
7.389924447678861696e-01,7.439516036487918704e-01,4.959158880905700784e-03,1.487747664271710235e-02,-5.529549074583250956e-02,-4.041801410311540721e-02
7.391727212689620519e-01,7.439516036487918704e-01,4.778882379829818561e-03,1.433664713948945568e-02,-5.408295032276466685e-02,-3.974630318327521117e-02
7.393490231397196188e-01,7.439516036487918704e-01,4.602580509072251580e-03,1.380774152721675474e-02,-5.289056122727009424e-02,-3.908281970005333950e-02
7.395214167285071305e-01,7.439516036487918704e-01,4.430186920284739927e-03,1.329056076085421978e-02,-5.171807663625349605e-02,-3.842751587539927627e-02
7.396899675657071516e-01,7.439516036487918704e-01,4.261636083084718862e-03,1.278490824925415659e-02,-5.056525116000631925e-02,-3.778034291075216267e-02
7.398547403686160928e-01,7.439516036487918704e-01,4.096863280175777611e-03,1.229058984052733283e-02,-4.943184087268237548e-02,-3.714125103215504264e-02
7.400157990464217850e-01,7.439516036487918704e-01,3.935804602370085448e-03,1.180741380711025634e-02,-4.831760334170764892e-02,-3.651018953459739258e-02
7.401732067052739783e-01,7.439516036487918704e-01,3.778396943517892126e-03,1.133519083055367638e-02,-4.722229765565799653e-02,-3.588710682510432015e-02
7.403270256534436600e-01,7.439516036487918704e-01,3.624577995348210457e-03,1.087373398604463137e-02,-4.614568445090450055e-02,-3.527195046485986918e-02
7.404773174065668595e-01,7.439516036487918704e-01,3.474286242225010923e-03,1.042285872667503277e-02,-4.508752593695986022e-02,-3.466466721028482745e-02
7.406241426929690563e-01,7.439516036487918704e-01,3.327460955822814093e-03,9.982382867468442278e-03,-4.404758592065904921e-02,-3.406520305319060693e-02
7.407675614590659707e-01,7.439516036487918704e-01,3.184042189725899696e-03,9.552126569177699089e-03,-4.302562982907431888e-02,-3.347350325989661979e-02
7.409076328748368523e-01,7.439516036487918704e-01,3.043970773955018139e-03,9.131912321865054416e-03,-4.202142473126446731e-02,-3.288951240939941290e-02
7.410444153393668243e-01,7.439516036487918704e-01,2.907188309425046135e-03,8.721564928275138406e-03,-4.103473935899160097e-02,-3.231317443071646256e-02
7.411779664864537320e-01,7.439516036487918704e-01,2.773637162338138396e-03,8.320911487014415187e-03,-4.006534412607232198e-02,-3.174443263905790680e-02
7.413083431902767195e-01,7.439516036487918704e-01,2.643260458515150901e-03,7.929781375545452704e-03,-3.911301114689624825e-02,-3.118322977135079555e-02
7.414356015711225378e-01,7.439516036487918704e-01,2.516002077669332593e-03,7.548006233007997778e-03,-3.817751425374549257e-02,-3.062950802073749479e-02
7.415597970011662543e-01,7.439516036487918704e-01,2.391806647625616122e-03,7.175419942876848367e-03,-3.725862901311494113e-02,-3.008320907023809276e-02
7.416809841103030321e-01,7.439516036487918704e-01,2.270619538488838351e-03,6.811858615466515054e-03,-3.635613274103333126e-02,-2.954427412556681620e-02
7.417992167920272051e-01,7.439516036487918704e-01,2.152386856764665346e-03,6.457160570293996038e-03,-3.546980451725190164e-02,-2.901264394695790561e-02
7.419145482093566502e-01,7.439516036487918704e-01,2.037055439435220272e-03,6.111166318305660816e-03,-3.459942519883352219e-02,-2.848825888052786137e-02
7.420270308007981264e-01,7.439516036487918704e-01,1.924572847993744062e-03,5.773718543981232187e-03,-3.374477743244286287e-02,-2.797105888846163069e-02
7.421367162863506950e-01,7.439516036487918704e-01,1.814887362441175434e-03,5.444662087323526301e-03,-3.290564566577058869e-02,-2.746098357844706239e-02
7.422436556735454438e-01,7.439516036487918704e-01,1.707947975246426608e-03,5.123843925739279825e-03,-3.208181615842464751e-02,-2.695797223268536769e-02
7.423478992635169638e-01,7.439516036487918704e-01,1.603704385274906663e-03,4.811113155824719989e-03,-3.127307699145598363e-02,-2.646196383563126364e-02
7.424494966571049126e-01,7.439516036487918704e-01,1.502106991686957826e-03,4.506320975060873479e-03,-3.047921807638465097e-02,-2.597289710132377749e-02
7.425484967609826681e-01,7.439516036487918704e-01,1.403106887809202341e-03,4.209320663427607023e-03,-2.970003116332664561e-02,-2.549071049989903859e-02
7.426449477938104060e-01,7.439516036487918704e-01,1.306655854981464415e-03,3.919967564944393246e-03,-2.893530984832137776e-02,-2.501534228337698451e-02
7.427388972924098276e-01,7.439516036487918704e-01,1.212706356382042827e-03,3.638119069146128481e-03,-2.818484957982647643e-02,-2.454673051068034795e-02
7.428303921179582048e-01,7.439516036487918704e-01,1.121211530833665648e-03,3.363634592500996945e-03,-2.744844766451315365e-02,-2.408481307201215671e-02
7.429194784621994119e-01,7.439516036487918704e-01,1.032125186592458554e-03,3.096375559777375663e-03,-2.672590327236212815e-02,-2.362952771258475249e-02
7.430062018536693902e-01,7.439516036487918704e-01,9.454017951224802374e-04,2.836205385367440712e-03,-2.601701744099349511e-02,-2.318081205562605440e-02
7.430906071639337140e-01,7.439516036487918704e-01,8.609964848581563857e-04,2.582989454574469157e-03,-2.532159307929715553e-02,-2.273860362472268637e-02
7.431727386138355929e-01,7.439516036487918704e-01,7.788650349562775688e-04,2.336595104868832706e-03,-2.463943497056364507e-02,-2.230283986569481236e-02
7.432526397797508677e-01,7.439516036487918704e-01,6.989638690410027166e-04,2.096891607123008150e-03,-2.397034977458245564e-02,-2.187345816745944749e-02
7.433303535998494471e-01,7.439516036487918704e-01,6.212500489424233052e-04,1.863750146827269916e-03,-2.331414602957382343e-02,-2.145039588274655351e-02
7.434059223803597405e-01,7.439516036487918704e-01,5.456812684321299400e-04,1.637043805296389820e-03,-2.267063415308800955e-02,-2.103359034779161973e-02
7.434793878018353119e-01,7.439516036487918704e-01,4.722158469565584937e-04,1.416647540869675481e-03,-2.203962644267143389e-02,-2.062297890180175841e-02
7.435507909254206460e-01,7.439516036487918704e-01,4.008127233712244220e-04,1.202438170113673266e-03,-2.142093707560022153e-02,-2.021849890548654827e-02
7.436201721991154701e-01,7.439516036487918704e-01,3.314314496764003692e-04,9.942943490292011077e-04,-2.081438210844721581e-02,-1.982008775941801471e-02
7.436875714640343027e-01,7.439516036487918704e-01,2.640321847575677339e-04,7.920965542727032016e-04,-2.021977947564979061e-02,-1.942768292137708741e-02
7.437530279606610062e-01,7.439516036487918704e-01,1.985756881308642363e-04,5.957270643925927089e-04,-1.963694898801104927e-02,-1.904122192361845656e-02
7.438165803350953453e-01,7.439516036487918704e-01,1.350233136965250935e-04,4.050699410895752806e-04,-1.906571233030174284e-02,-1.866064238921216756e-02
7.438782666452907755e-01,7.439516036487918704e-01,7.333700350109495503e-05,2.200110105032848651e-04,-1.850589305862904155e-02,-1.828588204812575668e-02
7.439381243672813504e-01,7.439516036487918704e-01,1.347928151052002477e-05,4.043784453156007430e-05,-1.795731659717247908e-02,-1.791687875264091900e-02
7.439961904013967509e-01,7.439516036487918704e-01,-4.458675260488043079e-05,-1.337602578146412924e-04,-1.741981023462013667e-02,-1.755357049243477796e-02
7.440525010784628801e-01,7.439516036487918704e-01,-1.008974296710096752e-04,-3.026922890130290256e-04,-1.689320311983877332e-02,-1.719589540885180234e-02
7.441070921659881376e-01,7.439516036487918704e-01,-1.554885171962672175e-04,-4.664655515888016524e-04,-1.637732625757726268e-02,-1.684379180916606433e-02
7.441599988743324845e-01,7.439516036487918704e-01,-2.083952255406140708e-04,-6.251856766218422123e-04,-1.587201250330405600e-02,-1.649719817992589821e-02
7.442112558628587449e-01,7.439516036487918704e-01,-2.596522140668744427e-04,-7.789566422006233282e-04,-1.537709655787811158e-02,-1.615605320007873491e-02
7.442608972460650341e-01,7.439516036487918704e-01,-3.092935972731636340e-04,-9.278807918194909021e-04,-1.489241496188675740e-02,-1.582029575370624830e-02
7.443089565996959811e-01,7.439516036487918704e-01,-3.573529509041106778e-04,-1.072058852712332033e-03,-1.441780608928411311e-02,-1.548986494199644515e-02
7.443554669668327461e-01,7.439516036487918704e-01,-4.038633180408757184e-04,-1.211589954122627155e-03,-1.395311014102951219e-02,-1.516470009515213935e-02
7.444004608639599452e-01,7.439516036487918704e-01,-4.488572151680747524e-04,-1.346571645504224257e-03,-1.349816913815971020e-02,-1.484474078366393446e-02
7.444439702870088160e-01,7.439516036487918704e-01,-4.923666382169455957e-04,-1.477099914650836787e-03,-1.305282691466125300e-02,-1.452992682931208979e-02
7.444860267173747381e-01,7.439516036487918704e-01,-5.344230685828676997e-04,-1.603269205748603099e-03,-1.261692910977663118e-02,-1.422019831552523428e-02
7.445266611279091062e-01,7.439516036487918704e-01,-5.750574791172358147e-04,-1.725172437351707444e-03,-1.219032316031043450e-02,-1.391549559766214195e-02
7.445659039888836706e-01,7.439516036487918704e-01,-6.143003400918001233e-04,-1.842901020275400370e-03,-1.177285829236929260e-02,-1.361575931264469297e-02
7.446037852739270102e-01,7.439516036487918704e-01,-6.521816251351397753e-04,-1.956544875405419326e-03,-1.136438551300189559e-02,-1.332093038840731491e-02
7.446403344659314749e-01,7.439516036487918704e-01,-6.887308171396044898e-04,-2.066192451418813469e-03,-1.096475760133941435e-02,-1.303095005275822782e-02
7.446755805629307057e-01,7.439516036487918704e-01,-7.239769141388352480e-04,-2.171930742416505744e-03,-1.057382909976922747e-02,-1.274575984218573321e-02
7.447095520839457361e-01,7.439516036487918704e-01,-7.579484351538656739e-04,-2.273845305461597022e-03,-1.019145630450912776e-02,-1.246530160997072478e-02
7.447422770747997856e-01,7.439516036487918704e-01,-7.906734260079151255e-04,-2.372020278023745377e-03,-9.817497256214835488e-03,-1.218951753423858086e-02
7.447737831139004117e-01,7.439516036487918704e-01,-8.221794651085412298e-04,-2.466538395325623689e-03,-9.451811730187831273e-03,-1.191835012551345496e-02
7.448040973179884672e-01,7.439516036487918704e-01,-8.524936691965967483e-04,-2.557481007589790245e-03,-9.094261226416655575e-03,-1.165174223400644582e-02
7.448332463478530840e-01,7.439516036487918704e-01,-8.816426990612136194e-04,-2.644928097183640858e-03,-8.744708959385061320e-03,-1.138963705656870218e-02
7.448612564140120185e-01,7.439516036487918704e-01,-9.096527652201480407e-04,-2.728958295660444122e-03,-8.403019847680326393e-03,-1.113197814334077052e-02
7.448881532823566909e-01,7.439516036487918704e-01,-9.365496335648204607e-04,-2.809648900694461382e-03,-8.069060503401725981e-03,-1.087870940409618736e-02
7.449139622797609217e-01,7.439516036487918704e-01,-9.623586309690512763e-04,-2.887075892907153829e-03,-7.742699221269244703e-03,-1.062977511417639853e-02
7.449387082996536957e-01,7.439516036487918704e-01,-9.871046508618253057e-04,-2.961313952585475917e-03,-7.423805967832208808e-03,-1.038511992041768472e-02
7.449624158075545122e-01,7.439516036487918704e-01,-1.010812158762641744e-03,-3.032436476287925231e-03,-7.112252370244931399e-03,-1.014468884653285663e-02
7.449851088465706539e-01,7.439516036487918704e-01,-1.033505197778783469e-03,-3.100515593336350406e-03,-6.807911704842517508e-03,-9.908427298178867915e-03
7.450068110428569312e-01,7.439516036487918704e-01,-1.055207394065060811e-03,-3.165622182195182432e-03,-6.510658885883202629e-03,-9.676281068078385061e-03
7.450275456110364569e-01,7.439516036487918704e-01,-1.075941962244586492e-03,-3.227825886733759475e-03,-6.220370453857704263e-03,-9.448196340591463738e-03
7.450473353595818971e-01,7.439516036487918704e-01,-1.095731710790026625e-03,-3.287195132370079875e-03,-5.936924563632040019e-03,-9.224119696002119895e-03
7.450662026961577533e-01,7.439516036487918704e-01,-1.114599047365882889e-03,-3.343797142097648667e-03,-5.660200972756879167e-03,-9.003998114854527834e-03
7.450841696329221220e-01,7.439516036487918704e-01,-1.132565984130251557e-03,-3.397697952390754672e-03,-5.390081029310600513e-03,-8.787778981701355185e-03
7.451012577917882629e-01,7.439516036487918704e-01,-1.149654142996392459e-03,-3.448962428989177376e-03,-5.126447659842270355e-03,-8.575410088831447730e-03
7.451174884096455342e-01,7.439516036487918704e-01,-1.165884760853663771e-03,-3.497654282560991312e-03,-4.869185357181393670e-03,-8.366839639742384982e-03
7.451328823435388049e-01,7.439516036487918704e-01,-1.181278694746934477e-03,-3.543836084240803430e-03,-4.618180167981211781e-03,-8.162016252222015211e-03
7.451474600758069000e-01,7.439516036487918704e-01,-1.195856427015029588e-03,-3.587569281045088765e-03,-4.373319680428533474e-03,-7.960888961473622238e-03
7.451612417191788573e-01,7.439516036487918704e-01,-1.209638070386986897e-03,-3.628914211160960690e-03,-4.134493011587192512e-03,-7.763407222748153202e-03
7.451742470218285508e-01,7.439516036487918704e-01,-1.222643373036680359e-03,-3.667930119110041076e-03,-3.901590794908038617e-03,-7.569520914018079694e-03
7.451864953723867924e-01,7.439516036487918704e-01,-1.234891723594921942e-03,-3.704675170784765825e-03,-3.674505167472474909e-03,-7.379180338257240734e-03
7.451980058049112454e-01,7.439516036487918704e-01,-1.246402156119374993e-03,-3.739206468358124980e-03,-3.453129757335915428e-03,-7.192336225694040408e-03
7.452087970038131504e-01,7.439516036487918704e-01,-1.257193355021279935e-03,-3.771580065063839804e-03,-3.237359670571482440e-03,-7.008939735635322243e-03
7.452188873087414178e-01,7.439516036487918704e-01,-1.267283659949547392e-03,-3.801850979848642176e-03,-3.027091478480237186e-03,-6.828942458328879361e-03
7.452282947194238671e-01,7.439516036487918704e-01,-1.276691070631996716e-03,-3.830073211895990148e-03,-2.822223204734797264e-03,-6.652296416630787412e-03
7.452370369004647221e-01,7.439516036487918704e-01,-1.285433251672851718e-03,-3.856299755018555153e-03,-2.622654312256500475e-03,-6.478954067275055628e-03
7.452451311860988081e-01,7.439516036487918704e-01,-1.293527537306937703e-03,-3.880582611920813108e-03,-2.428285690225795435e-03,-6.308868302146608542e-03
7.452525945849026723e-01,7.439516036487918704e-01,-1.300990936110801854e-03,-3.902972808332405563e-03,-2.239019641159245566e-03,-6.141992449491651129e-03
7.452594437844616282e-01,7.439516036487918704e-01,-1.307840135669757764e-03,-3.923520407009273292e-03,-2.054759867686772878e-03,-5.978280274696046170e-03
7.452656951559930576e-01,7.439516036487918704e-01,-1.314091507201187170e-03,-3.942274521603561510e-03,-1.875411459428821814e-03,-5.817685981032383324e-03
7.452713647589264134e-01,7.439516036487918704e-01,-1.319761110134543003e-03,-3.959283330403629009e-03,-1.700880880006749862e-03,-5.660164210410378871e-03
7.452764683454387029e-01,7.439516036487918704e-01,-1.324864696646832485e-03,-3.974594089940497454e-03,-1.531075953686844571e-03,-5.505670043627342025e-03
7.452810213649466720e-01,7.439516036487918704e-01,-1.329417716154801532e-03,-3.988253148464404596e-03,-1.365905852390714159e-03,-5.354159000855118755e-03
7.452850389685545807e-01,7.439516036487918704e-01,-1.333435319762710236e-03,-4.000305959288130708e-03,-1.205281082372611223e-03,-5.205587041660741932e-03
7.452885360134582360e-01,7.439516036487918704e-01,-1.336932364666365558e-03,-4.010797093999096674e-03,-1.049113471096596584e-03,-5.059910565095693258e-03
7.452915270673053927e-01,7.439516036487918704e-01,-1.339923418513522257e-03,-4.019770255540566772e-03,-8.973161541470098257e-04,-4.917086409687576598e-03
7.452940264125116343e-01,7.439516036487918704e-01,-1.342422763719763878e-03,-4.027268291159291635e-03,-7.498035618724863127e-04,-4.777071853031777948e-03
7.452960480505325114e-01,7.439516036487918704e-01,-1.344444401740640949e-03,-4.033333205221922846e-03,-6.064914062631210356e-04,-4.639824611485043881e-03
7.452976057060922699e-01,7.439516036487918704e-01,-1.346002057300399457e-03,-4.038006171901198371e-03,-4.672966679275525337e-04,-4.505302839828750905e-03
7.452987128313680598e-01,7.439516036487918704e-01,-1.347109182576189390e-03,-4.041327547728568170e-03,-3.321375827369799083e-04,-4.373465130465548079e-03
7.452993826101308450e-01,7.439516036487918704e-01,-1.347778961338974568e-03,-4.043336884016923705e-03,-2.009336288355534350e-04,-4.244270512852477140e-03
7.452996279618423481e-01,7.439516036487918704e-01,-1.348024313050477652e-03,-4.044072939151432955e-03,-7.360551345092503084e-05,-4.117678452602357986e-03
7.452994615457085859e-01,7.439516036487918704e-01,-1.347857896916715426e-03,-4.043573690750146277e-03,4.992484012866782450e-05,-3.993648850621478452e-03
7.452988957646897727e-01,7.439516036487918704e-01,-1.347292115897902320e-03,-4.041876347693706961e-03,1.697343056439315490e-04,-3.872142042049775412e-03
7.452979427694667036e-01,7.439516036487918704e-01,-1.346339120674833190e-03,-4.039017362024499569e-03,2.858985669207392277e-04,-3.753118795103760341e-03
7.452966144623641709e-01,7.439516036487918704e-01,-1.345010813572300457e-03,-4.035032440716901370e-03,3.984921307598199292e-04,-3.636540309957081440e-03
7.452949225012306389e-01,7.439516036487918704e-01,-1.343318852438768474e-03,-4.029956557316305421e-03,5.075883400595948558e-04,-3.522368217256710565e-03
7.452928783032752857e-01,7.439516036487918704e-01,-1.341274654483415318e-03,-4.023823963450245955e-03,6.132593866059465881e-04,-3.410564576844299367e-03
7.452904930488623014e-01,7.439516036487918704e-01,-1.338889400070431002e-03,-4.016668200211293005e-03,7.155763238952950189e-04,-3.301091876315997986e-03
7.452877776852616654e-01,7.439516036487918704e-01,-1.336174036469794935e-03,-4.008522109409384804e-03,8.146090801908201229e-04,-3.193913029218564681e-03
7.452847429303580684e-01,7.439516036487918704e-01,-1.333139281566197987e-03,-3.999417844698593960e-03,9.104264710790843651e-04,-3.088991373619509595e-03
7.452813992763172024e-01,7.439516036487918704e-01,-1.329795627525331980e-03,-3.989386882575995941e-03,1.003096212259801945e-03,-2.986290670316193996e-03
7.452777569932093060e-01,7.439516036487918704e-01,-1.326153344417435598e-03,-3.978460033252306793e-03,1.092684932368914730e-03,-2.885775100883392064e-03
7.452738261325912994e-01,7.439516036487918704e-01,-1.322222483799428971e-03,-3.966667451398286914e-03,1.179258185401987902e-03,-2.787409265996299013e-03
7.452696165310467302e-01,7.439516036487918704e-01,-1.318012882254859797e-03,-3.954038646764579390e-03,1.262880463370752437e-03,-2.691158183393826953e-03
7.452651378136837534e-01,7.439516036487918704e-01,-1.313534164891883016e-03,-3.940602494675649048e-03,1.343615208893034207e-03,-2.596987285782614840e-03
7.452603993975922547e-01,7.439516036487918704e-01,-1.308795748800384295e-03,-3.926387246401152886e-03,1.421524827449616168e-03,-2.504862418951536718e-03
7.452554104952587855e-01,7.439516036487918704e-01,-1.303806846466915026e-03,-3.911420539400745078e-03,1.496670700040780844e-03,-2.414749839359964234e-03
7.452501801179414187e-01,7.439516036487918704e-01,-1.298576469149548274e-03,-3.895729407448644821e-03,1.569113195210025680e-03,-2.326616212238619141e-03
7.452447170790028608e-01,7.439516036487918704e-01,-1.293113430210990344e-03,-3.879340290632971033e-03,1.638911681567378764e-03,-2.240428609065592269e-03
7.452390299972033727e-01,7.439516036487918704e-01,-1.287426348411502275e-03,-3.862279045234506825e-03,1.706124539846420873e-03,-2.156154505388085951e-03
7.452331272999532796e-01,7.439516036487918704e-01,-1.281523651161409205e-03,-3.844570953484227616e-03,1.770809175027920901e-03,-2.073761778456306715e-03
7.452270172265254011e-01,7.439516036487918704e-01,-1.275413577733530701e-03,-3.826240733200592103e-03,1.833022028363551215e-03,-1.993218704837040889e-03
7.452207078312270694e-01,7.439516036487918704e-01,-1.269104182435198958e-03,-3.807312547305596873e-03,1.892818589499523085e-03,-1.914493957806073787e-03
7.452142069865329566e-01,7.439516036487918704e-01,-1.262603337741086129e-03,-3.787810013223258387e-03,1.950253408233848518e-03,-1.837556604989409870e-03
7.452075223861782671e-01,7.439516036487918704e-01,-1.255918737386396700e-03,-3.767756212159190099e-03,2.005380106406828844e-03,-1.762376105752361255e-03
7.452006615482130725e-01,7.439516036487918704e-01,-1.249057899421202045e-03,-3.747173698263606134e-03,2.058251389558396482e-03,-1.688922308705209652e-03
7.451936318180170105e-01,7.439516036487918704e-01,-1.242028169225140033e-03,-3.726084507675420099e-03,2.108919058818603531e-03,-1.617165448856816568e-03
7.451864403712760154e-01,7.439516036487918704e-01,-1.234836722484145000e-03,-3.704510167452434999e-03,2.157434022298510001e-03,-1.547076145153924998e-03
7.451790942169205234e-01,7.439516036487918704e-01,-1.227490568128652981e-03,-3.682471704385958944e-03,2.203846306647605502e-03,-1.478625397738353442e-03
7.451716002000252637e-01,7.439516036487918704e-01,-1.219996551233393234e-03,-3.659989653700179701e-03,2.248205068577924237e-03,-1.411784585122255464e-03
7.451639650046715246e-01,7.439516036487918704e-01,-1.212361355879654212e-03,-3.637084067638962637e-03,2.290558606121706475e-03,-1.346525461517256161e-03
7.451561951567715614e-01,7.439516036487918704e-01,-1.204591507979690945e-03,-3.613774523939072836e-03,2.330954369988980091e-03,-1.282820153950092745e-03
7.451482970268562545e-01,7.439516036487918704e-01,-1.196693378064384028e-03,-3.590080134193152084e-03,2.369438974592075198e-03,-1.220641159601076886e-03
7.451402768328249104e-01,7.439516036487918704e-01,-1.188673184033040009e-03,-3.566019552099120027e-03,2.406058209403205694e-03,-1.159961342695914333e-03
7.451321406426593130e-01,7.439516036487918704e-01,-1.180536993867442597e-03,-3.541610981602327790e-03,2.440857049679223678e-03,-1.100753931923104112e-03
7.451238943771005818e-01,7.439516036487918704e-01,-1.172290728308711394e-03,-3.516872184926134182e-03,2.473879667619360845e-03,-1.042992517306773337e-03
7.451155438122900598e-01,7.439516036487918704e-01,-1.163940163498189406e-03,-3.491820490494568219e-03,2.505169443156596287e-03,-9.866510473379719315e-04
7.451070945823748959e-01,7.439516036487918704e-01,-1.155490933583025459e-03,-3.466472800749076377e-03,2.534768974549184151e-03,-9.317038261998922266e-04
7.450985521820771007e-01,7.439516036487918704e-01,-1.146948533285230276e-03,-3.440845599855690828e-03,2.562720089338554885e-03,-8.781255105171359432e-04
7.450899219692281861e-01,7.439516036487918704e-01,-1.138318320436315645e-03,-3.414954961308946935e-03,2.589063854674389376e-03,-8.258911066345575591e-04
7.450812091672686099e-01,7.439516036487918704e-01,-1.129605518476739512e-03,-3.388816555430218536e-03,2.613840587872839905e-03,-7.749759675573786311e-04
7.450724188677122495e-01,7.439516036487918704e-01,-1.120815218920379053e-03,-3.362445656761137158e-03,2.637089866908137736e-03,-7.253557898529994219e-04
7.450635560325769013e-01,7.439516036487918704e-01,-1.111952383785030918e-03,-3.335857151355092753e-03,2.658850540604440482e-03,-6.770066107506522712e-04
7.450546254967805870e-01,7.439516036487918704e-01,-1.103021847988716608e-03,-3.309065543966149825e-03,2.679160738894292848e-03,-6.299048050718569769e-04
7.450456319705036634e-01,7.439516036487918704e-01,-1.094028321711792984e-03,-3.282084965135378951e-03,2.698057883077087382e-03,-5.840270820582915690e-04
7.450365800415186257e-01,7.439516036487918704e-01,-1.084976392726755279e-03,-3.254929178180265836e-03,2.715578695511311480e-03,-5.393504826689543563e-04
7.450274741774852716e-01,7.439516036487918704e-01,-1.075870528693401162e-03,-3.227611586080203487e-03,2.731759210006234895e-03,-4.958523760739685926e-04
7.450183187282143349e-01,7.439516036487918704e-01,-1.066715079422464463e-03,-3.200145238267393388e-03,2.746634781281009907e-03,-4.535104569863834811e-04
7.450091179278977016e-01,7.439516036487918704e-01,-1.057514279105831179e-03,-3.172542837317493536e-03,2.760240094989985238e-03,-4.123027423275082981e-04
7.449998758973067625e-01,7.439516036487918704e-01,-1.048272248514892091e-03,-3.144816745544676273e-03,2.772609177281726289e-03,-3.722075682629499838e-04
7.449905966459590134e-01,7.439516036487918704e-01,-1.038992997167142995e-03,-3.116978991501428986e-03,2.783775404324728697e-03,-3.332035871767002888e-04
7.449812840742525699e-01,7.439516036487918704e-01,-1.029680425460699489e-03,-3.089041276382098467e-03,2.793771511933051954e-03,-2.952697644490465123e-04
7.449719419755697070e-01,7.439516036487918704e-01,-1.020338326777836535e-03,-3.061014980333509605e-03,2.802629604858886125e-03,-2.583853754746234799e-04
7.449625740383493122e-01,7.439516036487918704e-01,-1.010970389557441784e-03,-3.032911168672325353e-03,2.810381166118425256e-03,-2.225300025539000970e-04
7.449531838481285861e-01,7.439516036487918704e-01,-1.001580199336715715e-03,-3.004740598010147146e-03,2.817057066217820704e-03,-1.876835317923264412e-04
7.449437748895547662e-01,7.439516036487918704e-01,-9.921712407628957564e-04,-2.976513722288687269e-03,2.822687572145987644e-03,-1.538261501426996247e-04
7.449343505483658756e-01,7.439516036487918704e-01,-9.827468995740051838e-04,-2.948240698722015551e-03,2.827302356667171779e-03,-1.209383420548437726e-04
7.449249141133428287e-01,7.439516036487918704e-01,-9.733104645509582653e-04,-2.919931393652874796e-03,2.830930506914075551e-03,-8.900088673879924528e-05
7.449154687782311157e-01,7.439516036487918704e-01,-9.638651294392452940e-04,-2.891595388317735882e-03,2.833600533513891406e-03,-5.799485480384447555e-05
7.449060176436338443e-01,7.439516036487918704e-01,-9.544139948419738673e-04,-2.863241984525921602e-03,2.835340379181428005e-03,-2.790160534449359631e-05
7.448965637188760258e-01,7.439516036487918704e-01,-9.449600700841553902e-04,-2.834880210252466171e-03,2.836177427345543123e-03,1.297217093076952210e-06
7.448871099238399962e-01,7.439516036487918704e-01,-9.355062750481257794e-04,-2.806518825144377338e-03,2.836138510808883240e-03,2.961968566450590146e-05
7.448776590907725259e-01,7.439516036487918704e-01,-9.260554419806554804e-04,-2.778166325941966441e-03,2.835249920241089683e-03,5.708359429912324146e-05
7.448682139660645074e-01,7.439516036487918704e-01,-9.166103172726369763e-04,-2.749830951817910929e-03,2.833537412405551237e-03,8.370646058764030784e-05
7.448587772120025541e-01,7.439516036487918704e-01,-9.071735632106836533e-04,-2.721520689632050960e-03,2.831026218585996901e-03,1.095055289539459409e-04
7.448493514084933986e-01,7.439516036487918704e-01,-8.977477597015282029e-04,-2.693243279104584609e-03,2.827741052746635120e-03,1.344977736420505110e-04
7.448399390547616461e-01,7.439516036487918704e-01,-8.883354059697756711e-04,-2.665006217909327013e-03,2.823706119525759561e-03,1.586999016164325482e-04
7.448305425710201044e-01,7.439516036487918704e-01,-8.789389222282339986e-04,-2.636816766684701996e-03,2.818945122462501729e-03,1.821283557777997331e-04
7.448211643001141358e-01,7.439516036487918704e-01,-8.695606513222653433e-04,-2.608681953966796030e-03,2.813481271790596594e-03,2.047993178238005640e-04
7.448118065091399176e-01,7.439516036487918704e-01,-8.602028603480471602e-04,-2.580608581044141481e-03,2.807337292265454920e-03,2.267287112213134392e-04
7.448024713910368355e-01,7.439516036487918704e-01,-8.508677422449650862e-04,-2.552603226734895259e-03,2.800535430924622204e-03,2.479322041897269457e-04
7.447931610661541191e-01,7.439516036487918704e-01,-8.415574173622486498e-04,-2.524672252086745949e-03,2.793097464814930930e-03,2.684252127281849809e-04
7.447838775837927194e-01,7.439516036487918704e-01,-8.322739350008490078e-04,-2.496821805002547023e-03,2.785044708419892601e-03,2.882229034173455773e-04
7.447746229237216520e-01,7.439516036487918704e-01,-8.230192749297815524e-04,-2.469057824789344657e-03,2.776398021320236609e-03,3.073401965308919515e-04
7.447653989976702471e-01,7.439516036487918704e-01,-8.137953488783766787e-04,-2.441386046635130036e-03,2.767177815421462128e-03,3.257917687863320921e-04
7.447562076507957540e-01,7.439516036487918704e-01,-8.046040020038836005e-04,-2.413812006011650801e-03,2.757404062347923457e-03,3.435920563362726554e-04
7.447470506631268528e-01,7.439516036487918704e-01,-7.954470143349823275e-04,-2.386341043004946982e-03,2.747096300670381908e-03,3.607552576654349252e-04
7.447379297509837404e-01,7.439516036487918704e-01,-7.863261021918699356e-04,-2.358978306575609807e-03,2.736273642933717554e-03,3.772953363581077468e-04
7.447288465683742364e-01,7.439516036487918704e-01,-7.772429195823660208e-04,-2.331728758747098063e-03,2.724954782851174429e-03,3.932260241040763660e-04
7.447198027083671290e-01,7.439516036487918704e-01,-7.681990595752585804e-04,-2.304597178725775741e-03,2.713158002132232127e-03,4.085608234064563860e-04
7.447107997044424277e-01,7.439516036487918704e-01,-7.591960556505572555e-04,-2.277588166951671766e-03,2.700901177410397480e-03,4.233130104587257136e-04
7.447018390318187464e-01,7.439516036487918704e-01,-7.502353830268759793e-04,-2.250706149080627938e-03,2.688201787104382845e-03,4.374956380237549070e-04
7.446929221087588147e-01,7.439516036487918704e-01,-7.413184599669442321e-04,-2.223955379900832696e-03,2.675076917979524183e-03,4.511215380786914864e-04
7.446840502978526732e-01,7.439516036487918704e-01,-7.324466490608028124e-04,-2.197339947182408437e-03,2.661543271842425895e-03,4.642033246600174579e-04
7.446752249072789986e-01,7.439516036487918704e-01,-7.236212584871282161e-04,-2.170863775461384648e-03,2.647617172102378902e-03,4.767533966409942536e-04
7.446664471920450001e-01,7.439516036487918704e-01,-7.148435432531297096e-04,-2.144530629759389129e-03,2.633314570199551952e-03,4.887839404401628229e-04
7.446577183552051116e-01,7.439516036487918704e-01,-7.061147064132411444e-04,-2.118344119239723433e-03,2.618651051966569554e-03,5.003069327268461208e-04
7.446490395490584779e-01,7.439516036487918704e-01,-6.974359002666075114e-04,-2.092307700799822534e-03,2.603641843990089910e-03,5.113341431902673762e-04
7.446404118763261248e-01,7.439516036487918704e-01,-6.888082275342544136e-04,-2.066424682602763241e-03,2.588301819705929319e-03,5.218771371031660777e-04
7.446318363913074778e-01,7.439516036487918704e-01,-6.802327425156073915e-04,-2.040698227546822174e-03,2.572645505594106652e-03,5.319472780472844775e-04
7.446233141010166756e-01,7.439516036487918704e-01,-6.717104522248051879e-04,-2.015131356674415564e-03,2.556687087240661072e-03,5.415557305662455079e-04
7.446148459662988994e-01,7.439516036487918704e-01,-6.632423175070290000e-04,-1.989726952521087000e-03,2.540440415332856361e-03,5.507134628117693609e-04
7.446064329029273843e-01,7.439516036487918704e-01,-6.548292541355138496e-04,-1.964487762406541549e-03,2.523919011454545114e-03,5.594312490480035649e-04
7.445980757826807794e-01,7.439516036487918704e-01,-6.464721338889090063e-04,-1.939416401666727019e-03,2.507136073981452995e-03,5.677196723147259760e-04
7.445897754344014130e-01,7.439516036487918704e-01,-6.381717856095425745e-04,-1.914515356828627723e-03,2.490104483809929548e-03,5.755891269813018241e-04
7.445815326450347937e-01,7.439516036487918704e-01,-6.299289962429233114e-04,-1.889786988728769934e-03,2.472836809985778928e-03,5.830498212570089933e-04
7.445733481606502391e-01,7.439516036487918704e-01,-6.217445118583686536e-04,-1.865233535575105961e-03,2.455345315366397330e-03,5.901117797912913687e-04
7.445652226874437396e-01,7.439516036487918704e-01,-6.136190386518691753e-04,-1.840857115955607526e-03,2.437641961949843505e-03,5.967848459942359796e-04
7.445571568927218387e-01,7.439516036487918704e-01,-6.055532439299682324e-04,-1.816659731789904697e-03,2.419738416570282880e-03,6.030786847803781825e-04
7.445491514058684146e-01,7.439516036487918704e-01,-5.975477570765441726e-04,-1.792643271229632518e-03,2.401646056027217924e-03,6.090027847975854058e-04
7.445412068192934774e-01,7.439516036487918704e-01,-5.896031705016069324e-04,-1.768809511504820797e-03,2.383375972481172056e-03,6.145664609763512587e-04
7.445333236893646456e-01,7.439516036487918704e-01,-5.817200405727751544e-04,-1.745160121718325463e-03,2.364938978649533396e-03,6.197788569312079332e-04
7.445255025373214153e-01,7.439516036487918704e-01,-5.738988885295448483e-04,-1.721696665588634545e-03,2.346345612969091832e-03,6.246489473804572867e-04
7.445177438501729972e-01,7.439516036487918704e-01,-5.661402013811267508e-04,-1.698420604143380253e-03,2.327606144525429244e-03,6.291855403820489911e-04
7.445100480815786126e-01,7.439516036487918704e-01,-5.584444327867421620e-04,-1.675333298360226486e-03,2.308730578315376647e-03,6.333972799551501609e-04
7.445024156527122461e-01,7.439516036487918704e-01,-5.508120039203756590e-04,-1.652436011761126977e-03,2.289728659909950892e-03,6.372926481488239148e-04
7.444948469531106339e-01,7.439516036487918704e-01,-5.432433043187634425e-04,-1.629729912956290327e-03,2.270609880483664966e-03,6.408799675273746388e-04
7.444873423415058200e-01,7.439516036487918704e-01,-5.357386927139495825e-04,-1.607216078141848747e-03,2.251383481444158008e-03,6.441674033023092605e-04
7.444799021466412814e-01,7.439516036487918704e-01,-5.282984978494109640e-04,-1.584895493548232892e-03,2.232058459361585534e-03,6.471629658133526419e-04
7.444725266680733977e-01,7.439516036487918704e-01,-5.209230192815272886e-04,-1.562769057844581866e-03,2.212643570365102619e-03,6.498745125205207529e-04
7.444652161769567122e-01,7.439516036487918704e-01,-5.136125281648418195e-04,-1.540837584494525458e-03,2.193147335005640741e-03,6.523097505111152827e-04
7.444579709168150927e-01,7.439516036487918704e-01,-5.063672680232222945e-04,-1.519101804069666883e-03,2.173578042485857509e-03,6.544762384161906255e-04
7.444507911042973491e-01,7.439516036487918704e-01,-4.991874555054787166e-04,-1.497562366516436150e-03,2.153943755323073361e-03,6.563813888066372115e-04
7.444436769299184187e-01,7.439516036487918704e-01,-4.920732811265482454e-04,-1.476219843379644736e-03,2.134252313679141366e-03,6.580324702994966302e-04
7.444366285587865617e-01,7.439516036487918704e-01,-4.850249099946912779e-04,-1.455074729984073834e-03,2.114511339557090253e-03,6.594366095730164190e-04
7.444296461313156810e-01,7.439516036487918704e-01,-4.780424825238105413e-04,-1.434127447571431624e-03,2.094728241264220969e-03,6.606007936927893454e-04
7.444227297639240959e-01,7.439516036487918704e-01,-4.711261151322254648e-04,-1.413378345396676394e-03,2.074910217475522956e-03,6.615318720788465612e-04
7.444158795497197723e-01,7.439516036487918704e-01,-4.642759009279018301e-04,-1.392827702783705490e-03,2.055064261297090411e-03,6.622365585133849208e-04
7.444090955591712300e-01,7.439516036487918704e-01,-4.574919103793595454e-04,-1.372475731138078636e-03,2.035197164562685401e-03,6.627214334246067651e-04
7.444023778407661274e-01,7.439516036487918704e-01,-4.507741919742569436e-04,-1.352322575922770831e-03,2.015315521530780529e-03,6.629929456080096983e-04
7.443957264216555236e-01,7.439516036487918704e-01,-4.441227728636532035e-04,-1.332368318590959611e-03,1.995425733181122041e-03,6.630574145901624306e-04
7.443891413082863728e-01,7.439516036487918704e-01,-4.375376594945024067e-04,-1.312612978483507220e-03,1.975534010745239044e-03,6.629210322617318241e-04
7.443826224870204733e-01,7.439516036487918704e-01,-4.310188382286028741e-04,-1.293056514685808622e-03,1.955646379769859777e-03,6.625898650840511550e-04
7.443761699247410935e-01,7.439516036487918704e-01,-4.245662759492230265e-04,-1.273698827847669079e-03,1.935768683813954283e-03,6.620698559662852034e-04
7.443697835694472742e-01,7.439516036487918704e-01,-4.181799206554037696e-04,-1.254539761966211309e-03,1.915906588145777079e-03,6.613668261795657699e-04
7.443634633508361409e-01,7.439516036487918704e-01,-4.118597020442704704e-04,-1.235579106132811411e-03,1.896065583339989757e-03,6.604864772071783463e-04
7.443572091808726698e-01,7.439516036487918704e-01,-4.056055320807994136e-04,-1.216816596242398241e-03,1.876250989041317041e-03,6.594343927989188003e-04
7.443510209543484635e-01,7.439516036487918704e-01,-3.994173055565930497e-04,-1.198251916669779149e-03,1.856467957261909163e-03,6.582160405921300139e-04
7.443448985494283132e-01,7.439516036487918704e-01,-3.932949006364427902e-04,-1.179884701909328371e-03,1.836721476045077850e-03,6.568367741357494793e-04
7.443388418281856600e-01,7.439516036487918704e-01,-3.872381793937895722e-04,-1.161714538181368717e-03,1.817016372795965395e-03,6.553018346145966788e-04
7.443328506371263975e-01,7.439516036487918704e-01,-3.812469883345270816e-04,-1.143740965003581245e-03,1.797357317778747188e-03,6.536163527751659430e-04
7.443269248077024614e-01,7.439516036487918704e-01,-3.753211589105909241e-04,-1.125963476731772772e-03,1.777748827180847258e-03,6.517853504490744854e-04
7.443210641568135388e-01,5.013538368852524796e-01,-2.429672272715610593e-01,-7.289016818146831778e-01,0.000000000000000000e+00,-7.289016818146831778e-01
7.442423133377431554e-01,5.013538368852524796e-01,-2.428884764524906759e-01,-7.286654293574720276e-01,2.362524572111501797e-02,-7.050401836363570096e-01
7.440930585003091569e-01,5.013538368852524796e-01,-2.427392216150566773e-01,-7.282176648451700318e-01,4.477645123019957651e-02,-6.834412136149704553e-01
7.438754595415136839e-01,5.013538368852524796e-01,-2.425216226562612043e-01,-7.275648679687836129e-01,6.527968763864189228e-02,-6.622851803301417206e-01
7.435916320646851485e-01,5.013538368852524796e-01,-2.422377951794326689e-01,-7.267133855382980068e-01,8.514824304856061232e-02,-6.415651424897373944e-01
7.432436480736076545e-01,5.013538368852524796e-01,-2.418898111883551749e-01,-7.256694335650655248e-01,1.043951973232482011e-01,-6.212742362418173236e-01
7.428335366589059463e-01,5.013538368852524796e-01,-2.414796997736534667e-01,-7.244390993209604002e-01,1.230334244105124597e-01,-6.014056749104479405e-01
7.423632846767131976e-01,5.013538368852524796e-01,-2.410094477914607181e-01,-7.230283433743821542e-01,1.410755946578245990e-01,-5.819527487165575552e-01
7.418348374196488404e-01,5.013538368852524796e-01,-2.404810005343963608e-01,-7.214430016031890824e-01,1.585341771193071736e-01,-5.629088244838819088e-01
7.412500992801360766e-01,5.013538368852524796e-01,-2.398962623948835970e-01,-7.196887871846507911e-01,1.754214418538291298e-01,-5.442673453308216613e-01
7.406109344060901600e-01,5.013538368852524796e-01,-2.392570975208376804e-01,-7.177712925625130413e-01,1.917494622137749793e-01,-5.260218303487380620e-01
7.399191673490094212e-01,5.013538368852524796e-01,-2.385653304637569416e-01,-7.156959913912708249e-01,2.075301171242216469e-01,-5.081658742670491780e-01
7.391765837045020104e-01,5.013538368852524796e-01,-2.378227468192495309e-01,-7.134682404577485926e-01,2.227750933522232302e-01,-4.906931471055253624e-01
7.383849307452839961e-01,5.013538368852524796e-01,-2.370310938600315165e-01,-7.110932815800945495e-01,2.374958877654043121e-01,-4.735973938146902373e-01
7.375459180466845677e-01,5.013538368852524796e-01,-2.361920811614320881e-01,-7.085762434842962643e-01,2.517038095798285191e-01,-4.568724339044677452e-01
7.366612181046946484e-01,5.013538368852524796e-01,-2.353073812194421688e-01,-7.059221436583265064e-01,2.654099825969757909e-01,-4.405121610613507155e-01
7.357324669465985512e-01,5.013538368852524796e-01,-2.343786300613460716e-01,-7.031358901840382147e-01,2.786253474288291621e-01,-4.245105427552090527e-01
7.347612647342269820e-01,5.013538368852524796e-01,-2.334074278489745025e-01,-7.002222835469235074e-01,2.913606637114707354e-01,-4.088616198354527720e-01
7.337491763598719130e-01,5.013538368852524796e-01,-2.323953394746194334e-01,-6.971860184238583003e-01,3.036265123065207128e-01,-3.935595061173375875e-01
7.326977320349050693e-01,5.013538368852524796e-01,-2.313438951496525897e-01,-6.940316854489577691e-01,3.154332974900531106e-01,-3.785983879589046586e-01
7.316084278711423305e-01,5.013538368852524796e-01,-2.302545909858898510e-01,-6.907637729576695529e-01,3.267912491288216259e-01,-3.639725238288479270e-01
7.304827264549966781e-01,5.013538368852524796e-01,-2.291288895697441985e-01,-6.873866687092325956e-01,3.377104248436957334e-01,-3.496762438655368621e-01
7.293220574144645418e-01,5.013538368852524796e-01,-2.279682205292120623e-01,-6.839046615876361868e-01,3.482007121596408794e-01,-3.357039494279953074e-01
7.281278179789896221e-01,5.013538368852524796e-01,-2.267739810937371425e-01,-6.803219432812114276e-01,3.582718306424759191e-01,-3.220501126387355084e-01
7.269013735322508163e-01,5.013538368852524796e-01,-2.255475366469983367e-01,-6.766426099409950101e-01,3.679333340216417447e-01,-3.087092759193532654e-01
7.256440581579199911e-01,5.013538368852524796e-01,-2.242902212726675115e-01,-6.728706638180025346e-01,3.771946122992475559e-01,-2.956760515187549787e-01
7.243571751784373403e-01,5.013538368852524796e-01,-2.230033382931848607e-01,-6.690100148795545820e-01,3.860648938447952538e-01,-2.829451210347593282e-01
7.230419976868511789e-01,5.013538368852524796e-01,-2.216881608015986993e-01,-6.650644824047960979e-01,3.945532474758484121e-01,-2.705112349289476859e-01
7.216997690717721348e-01,5.013538368852524796e-01,-2.203459321865196552e-01,-6.610377965595589655e-01,4.026685845237132355e-01,-2.583692120358457300e-01
7.203317035354894760e-01,5.013538368852524796e-01,-2.189778666502369964e-01,-6.569335999507109891e-01,4.104196608847976435e-01,-2.465139390659133456e-01
7.189389866053003120e-01,5.013538368852524796e-01,-2.175851497200478324e-01,-6.527554491601434972e-01,4.178150790567491946e-01,-2.349403701033943026e-01
7.175227756381007405e-01,5.013538368852524796e-01,-2.161689387528482609e-01,-6.485068162585447826e-01,4.248632901598714540e-01,-2.236435260986733287e-01
7.160842003182913418e-01,5.013538368852524796e-01,-2.147303634330388622e-01,-6.441910902991165866e-01,4.315725959428196035e-01,-2.126184943562969831e-01
7.146243631490463155e-01,5.013538368852524796e-01,-2.132705262637938359e-01,-6.398115787913815078e-01,4.379511507735078801e-01,-2.018604280178736277e-01
7.131443399369994385e-01,5.013538368852524796e-01,-2.117905030517469589e-01,-6.353715091552408767e-01,4.440069636140631104e-01,-1.913645455411777663e-01
7.116451802703984697e-01,5.013538368852524796e-01,-2.102913433851459901e-01,-6.308740301554379704e-01,4.497478999802906330e-01,-1.811261301751473374e-01
7.101279079907799607e-01,5.013538368852524796e-01,-2.087740711055274812e-01,-6.263222133165824435e-01,4.551816838855526903e-01,-1.711405294310297531e-01
7.085935216582184282e-01,5.013538368852524796e-01,-2.072396847729659486e-01,-6.217190543188978458e-01,4.603158997684597686e-01,-1.614031545504380771e-01
7.070429950102018468e-01,5.013538368852524796e-01,-2.056891581249493672e-01,-6.170674743748481017e-01,4.651579944049744064e-01,-1.519094799698736953e-01
7.054772774141881975e-01,5.013538368852524796e-01,-2.041234405289357179e-01,-6.123703215868071537e-01,4.697152788040948046e-01,-1.426550427827123491e-01
7.038972943138963601e-01,5.013538368852524796e-01,-2.025434574286438805e-01,-6.076303722859316414e-01,4.739949300875512250e-01,-1.336354421983804164e-01
7.023039476693846428e-01,5.013538368852524796e-01,-2.009501107841321632e-01,-6.028503323523964896e-01,4.780039933535151775e-01,-1.248463389988813121e-01
7.006981163909730137e-01,5.013538368852524796e-01,-1.993442795057205341e-01,-5.980328385171616024e-01,4.817493835234887278e-01,-1.162834549936728745e-01
6.990806567670621030e-01,5.013538368852524796e-01,-1.977268198818096234e-01,-5.931804596454288703e-01,4.852378871732732080e-01,-1.079425724721556623e-01
6.974524028859039326e-01,5.013538368852524796e-01,-1.960985660006514530e-01,-5.882956980019543591e-01,4.884761643474511139e-01,-9.981953365450324522e-02
6.958141670513803279e-01,5.013538368852524796e-01,-1.944603301661278483e-01,-5.833809904983835448e-01,4.914707503570814318e-01,-9.191024014130211306e-02
6.941667401928425241e-01,5.013538368852524796e-01,-1.928129033075900445e-01,-5.784387099227701334e-01,4.942280575613411386e-01,-8.421065236142899479e-02
6.925108922690685898e-01,5.013538368852524796e-01,-1.911570553838161102e-01,-5.734711661514483305e-01,4.967543771321802915e-01,-7.671678901926803906e-02
6.908473726663927339e-01,5.013538368852524796e-01,-1.894935357811402543e-01,-5.684806073434207629e-01,4.990558808027567572e-01,-6.942472654066400573e-02
6.891769105910627857e-01,5.013538368852524796e-01,-1.878230737058103061e-01,-5.634692211174309184e-01,5.011386225989844512e-01,-6.233059851844646726e-02
6.875002154558810252e-01,5.013538368852524796e-01,-1.861463785706285456e-01,-5.584391357118856369e-01,5.030085405545281496e-01,-5.543059515735748732e-02
6.858179772611835423e-01,5.013538368852524796e-01,-1.844641403759310627e-01,-5.533924211277931882e-01,5.046714584092448774e-01,-4.872096271854831073e-02
6.841308669702141909e-01,5.013538368852524796e-01,-1.827770300849617113e-01,-5.483310902548851340e-01,5.061330872908054168e-01,-4.219800296407971718e-02
6.824395368789484273e-01,5.013538368852524796e-01,-1.810856999936959477e-01,-5.432570999810878432e-01,5.073990273797290840e-01,-3.585807260135875918e-02
6.807446209804225434e-01,5.013538368852524796e-01,-1.793907840951700638e-01,-5.381723522855101915e-01,5.084747695577651605e-01,-2.969758272774503105e-02
6.790467353236239179e-01,5.013538368852524796e-01,-1.776928984383714383e-01,-5.330786953151143148e-01,5.093656970395876726e-01,-2.371299827552664219e-02
6.773464783669976841e-01,5.013538368852524796e-01,-1.759926414817452045e-01,-5.279779244452356135e-01,5.100770869878701319e-01,-1.790083745736548160e-02
6.756444313266257717e-01,5.013538368852524796e-01,-1.742905944413732922e-01,-5.228717833241198765e-01,5.106141121115737036e-01,-1.225767121254617287e-02
6.739411585191326104e-01,5.013538368852524796e-01,-1.725873216338801308e-01,-5.177619649016403924e-01,5.109818422479484035e-01,-6.780122653691988965e-03
6.722372076993740064e-01,5.013538368852524796e-01,-1.708833708141215268e-01,-5.126501124423645805e-01,5.111852459275811889e-01,-1.464866514783391693e-03
6.705331103929639269e-01,5.013538368852524796e-01,-1.691792735077114473e-01,-5.075378205231343420e-01,5.112291919230238513e-01,3.691371399889509242e-03
6.688293822236939246e-01,5.013538368852524796e-01,-1.674755453384414450e-01,-5.024266360153243349e-01,5.111184507810007105e-01,8.691814765676375565e-03
6.671265232359004926e-01,5.013538368852524796e-01,-1.657726863506480131e-01,-4.973180590519440392e-01,5.108576963380295766e-01,1.353963728608553740e-02
6.654250182118356394e-01,5.013538368852524796e-01,-1.640711813265831598e-01,-4.922135439797494794e-01,5.104515072194559799e-01,1.823796323970650057e-02
6.637253369840947492e-01,5.013538368852524796e-01,-1.623715000988422696e-01,-4.871145002965268089e-01,5.099043683222670431e-01,2.278986802574023418e-02
6.620279347431564654e-01,5.013538368852524796e-01,-1.606740978579039858e-01,-4.820222935737119574e-01,5.092206722814851538e-01,2.719837870777319644e-02
6.603332523400888832e-01,5.013538368852524796e-01,-1.589794154548364036e-01,-4.769382463645092107e-01,5.084047209202746664e-01,3.146647455576545571e-02
6.586417165844768995e-01,5.013538368852524796e-01,-1.572878796992244199e-01,-4.718636390976732597e-01,5.074607266835950981e-01,3.559708758592183830e-02
6.569537405376235650e-01,5.013538368852524796e-01,-1.555999036523710854e-01,-4.667997109571132563e-01,5.063928140560003399e-01,3.959310309888708357e-02
6.552697238010800618e-01,5.013538368852524796e-01,-1.539158869158275822e-01,-4.617476607474827466e-01,5.052050209630509769e-01,4.345736021556823037e-02
6.535900528005581522e-01,5.013538368852524796e-01,-1.522362159153056727e-01,-4.567086477459170180e-01,5.039013001565728622e-01,4.719265241065584426e-02
6.519151010652772804e-01,5.013538368852524796e-01,-1.505612641800248008e-01,-4.516837925400744025e-01,5.024855205842615469e-01,5.080172804418714438e-02
6.502452295028008367e-01,5.013538368852524796e-01,-1.488913926175483571e-01,-4.466741778526450712e-01,5.009614687429331248e-01,5.428729089028805355e-02
6.485807866694134338e-01,5.013538368852524796e-01,-1.472269497841609542e-01,-4.416808493524828627e-01,4.993328500162208528e-01,5.765200066373799004e-02
6.469221090360923743e-01,5.013538368852524796e-01,-1.455682721508398947e-01,-4.367048164525196841e-01,4.976032899963178657e-01,6.089847354379818167e-02
6.452695212501257105e-01,5.013538368852524796e-01,-1.439156843648732309e-01,-4.317470530946196927e-01,4.957763357899991341e-01,6.402928269537944139e-02
6.436233363924285245e-01,5.013538368852524796e-01,-1.422694995071760449e-01,-4.268084985215281346e-01,4.938554573091558098e-01,6.704695878762767514e-02
6.419838562306101615e-01,5.013538368852524796e-01,-1.406300193453576819e-01,-4.218900580360730457e-01,4.918440485455088940e-01,6.995399050943584829e-02
6.403513714678427116e-01,5.013538368852524796e-01,-1.389975345825902320e-01,-4.169926037477706959e-01,4.897454288302349745e-01,7.275282508246427859e-02
6.387261619875835850e-01,5.013538368852524796e-01,-1.373723251023311054e-01,-4.121169753069933162e-01,4.875628440777379780e-01,7.544586877074466180e-02
6.371084970942014758e-01,5.013538368852524796e-01,-1.357546602089489962e-01,-4.072639806268469886e-01,4.852994680146327511e-01,7.803548738778576244e-02
6.354986357495581162e-01,5.013538368852524796e-01,-1.341447988643056366e-01,-4.024343965929169098e-01,4.829584033930078846e-01,8.052400680009097478e-02
6.338968268055947819e-01,5.013538368852524796e-01,-1.325429899203423023e-01,-3.976289697610269069e-01,4.805426831890002859e-01,8.291371342797337896e-02
6.323033092329742866e-01,5.013538368852524796e-01,-1.309494723477218070e-01,-3.928484170431654210e-01,4.780552717861485945e-01,8.520685474298317352e-02
6.307183123458280916e-01,5.013538368852524796e-01,-1.293644754605756120e-01,-3.880934263817268359e-01,4.754990661438585065e-01,8.740563976213167052e-02
6.291420560226580472e-01,5.013538368852524796e-01,-1.277882191374055676e-01,-3.833646574122167028e-01,4.728768969510133147e-01,8.951223953879661188e-02
6.275747509234419486e-01,5.013538368852524796e-01,-1.262209140381894690e-01,-3.786627421145684069e-01,4.701915297648295855e-01,9.152878765026117858e-02
6.260165987029908674e-01,5.013538368852524796e-01,-1.246627618177383878e-01,-3.739882854532151635e-01,4.674456661353243447e-01,9.345738068210918126e-02
6.244677922206079979e-01,5.013538368852524796e-01,-1.231139553353555183e-01,-3.693418660060665548e-01,4.646419447148608661e-01,9.530007870879431131e-02
6.229285157460959788e-01,5.013538368852524796e-01,-1.215746788608434992e-01,-3.647240365825304975e-01,4.617829423536057298e-01,9.705890577107523232e-02
6.213989451621610982e-01,5.013538368852524796e-01,-1.200451082769086186e-01,-3.601353248307258559e-01,4.588711751804641636e-01,9.873585034973830776e-02
6.198792481632611207e-01,5.013538368852524796e-01,-1.185254112780086411e-01,-3.555762338340259232e-01,4.559090996699932674e-01,1.003328658359673442e-01
6.183695844509448092e-01,5.013538368852524796e-01,-1.170157475656923296e-01,-3.510472426970769888e-01,4.528991136948934404e-01,1.018518709978164516e-01
6.168701059257282182e-01,5.013538368852524796e-01,-1.155162690404757386e-01,-3.465488071214272159e-01,4.498435575649772922e-01,1.032947504435500763e-01
6.153809568755560511e-01,5.013538368852524796e-01,-1.140271199903035715e-01,-3.420813599709107145e-01,4.467447150516501431e-01,1.046633550807394286e-01
6.139022741608919365e-01,5.013538368852524796e-01,-1.125484372756394569e-01,-3.376453118269183706e-01,4.436048143992343817e-01,1.059595025723160111e-01
6.124341873964850302e-01,5.013538368852524796e-01,-1.110803505112325507e-01,-3.332410515336976520e-01,4.404260293220718658e-01,1.071849777883742139e-01
6.109768191298570184e-01,5.013538368852524796e-01,-1.096229822446045388e-01,-3.288689467338136163e-01,4.372104799884035664e-01,1.083415332545899501e-01
6.095302850165543740e-01,5.013538368852524796e-01,-1.081764481313018944e-01,-3.245293443939056832e-01,4.339602339907933093e-01,1.094308895968876261e-01
6.080946939922114991e-01,5.013538368852524796e-01,-1.067408571069590195e-01,-3.202225713208770586e-01,4.306773073028624665e-01,1.104547359819854080e-01
6.066701484414668277e-01,5.013538368852524796e-01,-1.053163115562143481e-01,-3.159489346686430444e-01,4.273636652234014122e-01,1.114147305547583677e-01
6.052567443637776323e-01,5.013538368852524796e-01,-1.039029074785251527e-01,-3.117087224355754582e-01,4.240212233067586212e-01,1.123125008711831629e-01
6.038545715361754995e-01,5.013538368852524796e-01,-1.025007346509230199e-01,-3.075022039527690598e-01,4.206518482806398396e-01,1.131496443278707797e-01
6.024637136730062181e-01,5.013538368852524796e-01,-1.011098767877537385e-01,-3.033296303632612156e-01,4.172573589507844183e-01,1.139277285875232026e-01
6.010842485826956016e-01,5.013538368852524796e-01,-9.973041169744312207e-02,-2.991912350923293662e-01,4.138395270931849446e-01,1.146482920008555784e-01
5.997162483215850992e-01,5.013538368852524796e-01,-9.836241143633261963e-02,-2.950872343089978589e-01,4.104000783331507307e-01,1.153128440241528718e-01
5.983597793448770519e-01,5.013538368852524796e-01,-9.700594245962457229e-02,-2.910178273788737169e-01,4.069406930124142008e-01,1.159228656335404839e-01
5.970149026547323379e-01,5.013538368852524796e-01,-9.566106576947985829e-02,-2.869831973084395749e-01,4.034630070434142013e-01,1.164798097349746264e-01
5.956816739455611520e-01,5.013538368852524796e-01,-9.432783706030867243e-02,-2.829835111809260173e-01,3.999686127513557565e-01,1.169851015704297392e-01
5.943601437465469983e-01,5.013538368852524796e-01,-9.300630686129451874e-02,-2.790189205838835562e-01,3.964590597042461084e-01,1.174401391203625522e-01
5.930503575614448630e-01,5.013538368852524796e-01,-9.169652067619238345e-02,-2.750895620285771503e-01,3.929358555306405876e-01,1.178462935020634372e-01
5.917523560056929810e-01,5.013538368852524796e-01,-9.039851912044050142e-02,-2.711955573613215043e-01,3.894004667255646090e-01,1.182049093642431048e-01
5.904661749408774973e-01,5.013538368852524796e-01,-8.911233805562501775e-02,-2.673370141668750533e-01,3.858543194446450997e-01,1.185173052777700464e-01
5.891918456065897702e-01,5.013538368852524796e-01,-8.783800872133729065e-02,-2.635140261640118720e-01,3.822988002863181300e-01,1.187847741223062581e-01
5.879293947497142847e-01,5.013538368852524796e-01,-8.657555786446180512e-02,-2.597266735933854154e-01,3.787352570626456583e-01,1.190085834692602429e-01
5.866788447511857019e-01,5.013538368852524796e-01,-8.532500786593322228e-02,-2.559750235977996669e-01,3.751649995585748520e-01,1.191899759607751852e-01
5.854402137502532355e-01,5.013538368852524796e-01,-8.408637686500075592e-02,-2.522591305950022678e-01,3.715893002797399092e-01,1.193301696847376414e-01
5.842135157662892153e-01,5.013538368852524796e-01,-8.285967888103673573e-02,-2.485790366431102072e-01,3.680093951892060566e-01,1.194303585460958494e-01
5.829987608181798064e-01,5.013538368852524796e-01,-8.164492393292732686e-02,-2.449347717987819806e-01,3.644264844328226616e-01,1.194917126340406810e-01
5.817959550413337455e-01,5.013538368852524796e-01,-8.044211815608126592e-02,-2.413263544682437978e-01,3.608417330538182810e-01,1.195153785855744832e-01
5.806051008023462856e-01,5.013538368852524796e-01,-7.925126391709380602e-02,-2.377537917512814181e-01,3.572562716962379703e-01,1.195024799449565522e-01
5.794261968113533223e-01,5.013538368852524796e-01,-7.807235992610084274e-02,-2.342170797783025282e-01,3.536711972978889840e-01,1.194541175195864557e-01
5.782592382321123381e-01,5.013538368852524796e-01,-7.690540134685985851e-02,-2.307162040405795755e-01,3.500875737722952685e-01,1.193713697317156930e-01
5.771042167898444708e-01,5.013538368852524796e-01,-7.575037990459199122e-02,-2.272511397137759737e-01,3.465064326803601880e-01,1.192552929665842143e-01
5.759611208768733448e-01,5.013538368852524796e-01,-7.460728399162086522e-02,-2.238218519748625956e-01,3.429287738913378014e-01,1.191069219164752058e-01
5.748299356560938600e-01,5.013538368852524796e-01,-7.347609877084138041e-02,-2.204282963125241412e-01,3.393555662338454404e-01,1.189272699213212992e-01
5.737106431623064662e-01,5.013538368852524796e-01,-7.235680627705398660e-02,-2.170704188311619598e-01,3.357877481362181449e-01,1.187173293050561851e-01
5.726032224014495631e-01,5.013538368852524796e-01,-7.124938551619708349e-02,-2.137481565485912505e-01,3.322262282570709324e-01,1.184780717084796819e-01
5.715076494477635549e-01,5.013538368852524796e-01,-7.015381256251107533e-02,-2.104614376875332260e-01,3.286718861058024466e-01,1.182104484182692206e-01
5.704238975389193111e-01,5.013538368852524796e-01,-6.907006065366683156e-02,-2.072101819610004947e-01,3.251255726532731316e-01,1.179153906922726369e-01
5.693519371691443398e-01,5.013538368852524796e-01,-6.799810028389186023e-02,-2.039943008516755807e-01,3.215881109324914000e-01,1.175938100808158193e-01
5.682917361803774270e-01,5.013538368852524796e-01,-6.693789929512494741e-02,-2.008136978853748422e-01,3.180602966300738466e-01,1.172465987446990043e-01
5.672432598514850488e-01,5.013538368852524796e-01,-6.588942296623256922e-02,-1.976682688986977077e-01,3.145428986677134553e-01,1.168746297690157476e-01
5.662064709855695321e-01,5.013538368852524796e-01,-6.485263410031705256e-02,-1.945579023009511577e-01,3.110366597746549999e-01,1.164787574737038423e-01
5.651813299954013825e-01,5.013538368852524796e-01,-6.382749311014890292e-02,-1.914824793304467088e-01,3.075422970504448905e-01,1.160598177199981818e-01
5.641677949870052000e-01,5.013538368852524796e-01,-6.281395810175272043e-02,-1.884418743052581613e-01,3.040605025188547472e-01,1.156186282135965859e-01
5.631658218414303807e-01,5.013538368852524796e-01,-6.181198495617790112e-02,-1.854359548685337034e-01,3.005919436724457938e-01,1.151559888039120905e-01
5.621753642947360241e-01,5.013538368852524796e-01,-6.082152740948354452e-02,-1.824645822284506336e-01,2.971372640083069783e-01,1.146726817798563447e-01
5.611963740162195791e-01,5.013538368852524796e-01,-5.984253713096709948e-02,-1.795276113929012984e-01,2.936970835549335135e-01,1.141694721620322150e-01
5.602288006849193147e-01,5.013538368852524796e-01,-5.887496379966683513e-02,-1.766248913990005054e-01,2.902719993900793050e-01,1.136471079910787996e-01
5.592725920644181503e-01,5.013538368852524796e-01,-5.791875517916567073e-02,-1.737562655374970122e-01,2.868625861503493191e-01,1.131063206128523069e-01
5.583276940759783757e-01,5.013538368852524796e-01,-5.697385719072589616e-02,-1.709215715721776885e-01,2.834693965319323716e-01,1.125478249597546831e-01
5.573940508700345742e-01,5.013538368852524796e-01,-5.604021398478209459e-02,-1.681206419543462838e-01,2.800929617831404705e-01,1.119723198287941868e-01
5.564716048960736128e-01,5.013538368852524796e-01,-5.511776801082113320e-02,-1.653533040324633996e-01,2.767337921882884189e-01,1.113804881558250193e-01
5.555602969709282357e-01,5.013538368852524796e-01,-5.420646008567575613e-02,-1.626193802570272684e-01,2.733923775436131187e-01,1.107729972865858503e-01
5.546600663455114599e-01,5.013538368852524796e-01,-5.330622946025898035e-02,-1.599186883807769410e-01,2.700691876250327361e-01,1.101504992442557951e-01
5.537708507700191962e-01,5.013538368852524796e-01,-5.241701388476671664e-02,-1.572510416543001499e-01,2.667646726476791130e-01,1.095136309933789631e-01
5.528925865576261867e-01,5.013538368852524796e-01,-5.153874967237370708e-02,-1.546162490171211212e-01,2.634792637179028674e-01,1.088630147007817461e-01
5.520252086467033470e-01,5.013538368852524796e-01,-5.067137176145086741e-02,-1.520141152843526022e-01,2.602133732768519003e-01,1.081992579924992981e-01
5.511686506615797176e-01,5.013538368852524796e-01,-4.981481377632723806e-02,-1.494444413289817142e-01,2.569673955370888052e-01,1.075229542081070910e-01
5.503228449718768900e-01,5.013538368852524796e-01,-4.896900808662441040e-02,-1.469070242598732312e-01,2.537417069108482970e-01,1.068346826509750658e-01
5.494877227504391115e-01,5.013538368852524796e-01,-4.813388586518663192e-02,-1.444016575955598958e-01,2.505366664313335434e-01,1.061350088357736476e-01
5.486632140298849380e-01,5.013538368852524796e-01,-4.730937714463245847e-02,-1.419281314338973754e-01,2.473526161662520373e-01,1.054244847323546619e-01
5.478492477578039699e-01,5.013538368852524796e-01,-4.649541087255149030e-02,-1.394862326176544709e-01,2.441898816242904502e-01,1.047036490066359793e-01
5.470457518506237626e-01,5.013538368852524796e-01,-4.569191496537128305e-02,-1.370757448961138492e-01,2.410487721540621742e-01,1.039730272579483250e-01
5.462526532461693396e-01,5.013538368852524796e-01,-4.489881636091686001e-02,-1.346964490827505800e-01,2.379295813363269119e-01,1.032331322535763318e-01
5.454698779549402854e-01,5.013538368852524796e-01,-4.411604106968780581e-02,-1.323481232090634174e-01,2.348325873687162613e-01,1.024844641596528438e-01
5.446973511101271814e-01,5.013538368852524796e-01,-4.334351422487470185e-02,-1.300305426746241055e-01,2.317580534439311890e-01,1.017275107693070835e-01
5.439349970163909198e-01,5.013538368852524796e-01,-4.258116013113844023e-02,-1.277434803934153207e-01,2.287062281208784853e-01,1.009627477274631646e-01
5.431827391974274333e-01,5.013538368852524796e-01,-4.182890231217495369e-02,-1.254867069365248611e-01,2.256773456890459606e-01,1.001906387525210995e-01
5.424405004423392684e-01,5.013538368852524796e-01,-4.108666355708678886e-02,-1.232599906712603666e-01,2.226716265264494510e-01,9.941163585518908441e-02
5.417082028508365399e-01,5.013538368852524796e-01,-4.035436596558406031e-02,-1.210630978967521809e-01,2.196892774508185653e-01,9.862617955406638437e-02
5.409857678772892475e-01,5.013538368852524796e-01,-3.963193099203676795e-02,-1.188957929761103038e-01,2.167304920641877075e-01,9.783469908807740367e-02
5.402731163736507192e-01,5.013538368852524796e-01,-3.891927948839823959e-02,-1.167578384651947188e-01,2.137954510915585082e-01,9.703761262636378948e-02
5.395701686312748269e-01,5.013538368852524796e-01,-3.821633174602234728e-02,-1.146489952380670418e-01,2.108843227127676911e-01,9.623532747470064930e-02
5.388768444216464060e-01,5.013538368852524796e-01,-3.752300753639392639e-02,-1.125690226091817792e-01,2.079972628885262687e-01,9.542824027934448949e-02
5.381930630360459711e-01,5.013538368852524796e-01,-3.683922615079349150e-02,-1.105176784523804745e-01,2.051344156801304663e-01,9.461673722774999185e-02
5.375187433241682688e-01,5.013538368852524796e-01,-3.616490643891578927e-02,-1.084947193167473678e-01,2.022959135633106698e-01,9.380119424656330196e-02
5.368538037317153178e-01,5.013538368852524796e-01,-3.549996684646283818e-02,-1.064999005393885145e-01,1.994818777358853268e-01,9.298197719649681225e-02
5.361981623369819205e-01,5.013538368852524796e-01,-3.484432545172944096e-02,-1.045329763551883229e-01,1.966924184200191661e-01,9.215944206483084322e-02
5.355517368864550765e-01,5.013538368852524796e-01,-3.419790000120259688e-02,-1.025937000036077906e-01,1.939276351580532243e-01,9.133393515444543365e-02
5.349144448294436138e-01,5.013538368852524796e-01,-3.356060794419113424e-02,-1.006818238325734027e-01,1.911876171034387895e-01,9.050579327086538672e-02
5.342862033517592479e-01,5.013538368852524796e-01,-3.293236646650676835e-02,-9.879709939952030506e-02,1.884724433053097670e-01,8.967534390578946191e-02
5.336669294084654958e-01,5.013538368852524796e-01,-3.231309252321301617e-02,-9.693927756963904852e-02,1.857821829881256548e-01,8.884290541848660627e-02
5.330565397557135432e-01,5.013538368852524796e-01,-3.170270287046106361e-02,-9.510810861138319083e-02,1.831168958255857682e-01,8.800878721420257733e-02
5.324549509816830506e-01,5.013538368852524796e-01,-3.110111409643057101e-02,-9.330334228929171303e-02,1.804766322091477804e-01,8.717328991985606734e-02
5.318620795366445497e-01,5.013538368852524796e-01,-3.050824265139207014e-02,-9.152472795417621043e-02,1.778614335115502598e-01,8.633670555737404939e-02
5.312778417621617510e-01,5.013538368852524796e-01,-2.992400487690927147e-02,-8.977201463072781440e-02,1.752713323448396032e-01,8.549931771411178882e-02
5.307021539194504145e-01,5.013538368852524796e-01,-2.934831703419793492e-02,-8.804495110259380475e-02,1.727063528134009651e-01,8.466140171080716037e-02
5.301349322169101042e-01,5.013538368852524796e-01,-2.878109533165762457e-02,-8.634328599497287371e-02,1.701665107620931039e-01,8.382322476712023018e-02
5.295760928368465903e-01,5.013538368852524796e-01,-2.822225595159411071e-02,-8.466676785478233214e-02,1.676518140190541573e-01,8.298504616427182512e-02
5.290255519613994428e-01,5.013538368852524796e-01,-2.767171507614696324e-02,-8.301514522844088972e-02,1.651622626341442412e-01,8.214711740570335152e-02
5.284832257976929126e-01,5.013538368852524796e-01,-2.712938891244043305e-02,-8.138816673732129914e-02,1.626978491119590586e-01,8.130968237463775949e-02
5.279490306022237567e-01,5.013538368852524796e-01,-2.659519371697127710e-02,-7.978558115091383129e-02,1.602585586407467844e-01,8.047297748983295307e-02
5.274228827045036594e-01,5.013538368852524796e-01,-2.606904581925117981e-02,-7.820713745775353942e-02,1.578443693160291872e-01,7.963723185827564777e-02
5.269046985299693509e-01,5.013538368852524796e-01,-2.555086164471687127e-02,-7.665258493415061380e-02,1.554552523602925618e-01,7.880266742614194797e-02
5.263943946221776304e-01,5.013538368852524796e-01,-2.504055773692515086e-02,-7.512167321077545257e-02,1.530911723375161237e-01,7.796949912674067118e-02
5.258918876642986184e-01,5.013538368852524796e-01,-2.453805077904613885e-02,-7.361415233713841655e-02,1.507520873637036019e-01,7.713793502656518530e-02
5.253970944999222237e-01,5.013538368852524796e-01,-2.404325761466974409e-02,-7.212977284400923228e-02,1.484379493129184269e-01,7.630817646890919459e-02
5.249099321531928153e-01,5.013538368852524796e-01,-2.355609526794033570e-02,-7.066828580382100711e-02,1.461487040188225173e-01,7.548041821500151016e-02
5.244303178482848660e-01,5.013538368852524796e-01,-2.307648096303238638e-02,-6.922944288909715915e-02,1.438842914723847954e-01,7.465484858328763629e-02
5.239581690282352211e-01,5.013538368852524796e-01,-2.260433214298274152e-02,-6.781299642894822455e-02,1.416446460148934605e-01,7.383164958594523597e-02
5.234934033731442060e-01,5.013538368852524796e-01,-2.213956648789172643e-02,-6.641869946367517930e-02,1.394296965273045252e-01,7.301099706362934594e-02
5.230359388177595603e-01,5.013538368852524796e-01,-2.168210193250708073e-02,-6.504630579752124220e-02,1.372393666153937097e-01,7.219306081787246754e-02
5.225856935684566329e-01,5.013538368852524796e-01,-2.123185668320415331e-02,-6.369557004961245994e-02,1.350735747908782258e-01,7.137800474126576589e-02
5.221425861196278273e-01,5.013538368852524796e-01,-2.078874923437534772e-02,-6.236624770312604316e-02,1.329322346486416784e-01,7.056598694551563522e-02
5.217065352694936209e-01,5.013538368852524796e-01,-2.035269838424114131e-02,-6.105809515272342392e-02,1.308152550402619241e-01,6.975715988753850016e-02
5.212774601353481474e-01,5.013538368852524796e-01,-1.992362325009566781e-02,-5.977086975028700344e-02,1.287225402436420474e-01,6.895167049335504394e-02
5.208552801682519995e-01,5.013538368852524796e-01,-1.950144328299951990e-02,-5.850432984899855970e-02,1.266539901288443737e-01,6.814966027984581398e-02
5.204399151671839086e-01,5.013538368852524796e-01,-1.908607828193142897e-02,-5.725823484579428690e-02,1.246095003204272800e-01,6.735126547463299307e-02
5.200312852926632923e-01,5.013538368852524796e-01,-1.867744840741081269e-02,-5.603234522223243808e-02,1.225889623561848829e-01,6.655661713395244483e-02
5.196293110798559933e-01,5.013538368852524796e-01,-1.827547419460351374e-02,-5.482642258381054123e-02,1.205922638421896842e-01,6.576584125837914296e-02
5.192339134511745335e-01,5.013538368852524796e-01,-1.788007656592205397e-02,-5.364022969776616190e-02,1.186192886044379335e-01,6.497905890667177164e-02
5.188450137283837638e-01,5.013538368852524796e-01,-1.749117684313128418e-02,-5.247353052939385254e-02,1.166699168372309359e-01,6.419638630783708333e-02
5.184625336442237886e-01,5.013538368852524796e-01,-1.710869675897130904e-02,-5.132609027691392711e-02,1.147440252479925427e-01,6.341793497107861555e-02
5.180863953535609356e-01,5.013538368852524796e-01,-1.673255846830845606e-02,-5.019767540492536817e-02,1.128414871988558943e-01,6.264381179393052612e-02
5.177165214440774266e-01,5.013538368852524796e-01,-1.636268455882494699e-02,-4.908805367647484097e-02,1.109621728450527200e-01,6.187411916857787908e-02
5.173528349465108533e-01,5.013538368852524796e-01,-1.599899806125837376e-02,-4.799699418377512128e-02,1.091059492699719691e-01,6.110895508619684779e-02
5.169952593444528954e-01,5.013538368852524796e-01,-1.564142245920041585e-02,-4.692426737760124755e-02,1.072726806173873726e-01,6.034841323978612504e-02
5.166437185837188251e-01,5.013538368852524796e-01,-1.528988169846634548e-02,-4.586964509539903645e-02,1.054622282202211103e-01,5.959258312482207387e-02
5.162981370812972370e-01,5.013538368852524796e-01,-1.494430019604475746e-02,-4.483290058813427237e-02,1.036744507264764081e-01,5.884155013834213577e-02
5.159584397338895512e-01,5.013538368852524796e-01,-1.460460284863707159e-02,-4.381380854591121476e-02,1.019092042223057604e-01,5.809539567639454560e-02
5.156245519260495014e-01,5.013538368852524796e-01,-1.427071504079702180e-02,-4.281214512239106540e-02,1.001663423520149365e-01,5.735419722962387112e-02
5.152963995379323814e-01,5.013538368852524796e-01,-1.394256265267990180e-02,-4.182768795803970541e-02,9.844571643513599923e-02,5.661802847709629383e-02
5.149739089526629288e-01,5.013538368852524796e-01,-1.362007206741044918e-02,-4.086021620223134754e-02,9.674717558083578695e-02,5.588695937860443941e-02
5.146570070633313954e-01,5.013538368852524796e-01,-1.330317017807891578e-02,-3.990951053423674733e-02,9.507056679946002120e-02,5.516105626522327388e-02
5.143456212796263527e-01,5.013538368852524796e-01,-1.299178439437387311e-02,-3.897535318312161934e-02,9.341573511151279874e-02,5.444038192839117940e-02
5.140396795341142244e-01,5.013538368852524796e-01,-1.268584264886174484e-02,-3.805752794658523452e-02,9.178252365363848142e-02,5.372499570705324690e-02
5.137391102881727623e-01,5.013538368852524796e-01,-1.238527340292028267e-02,-3.715582020876084801e-02,9.017077378243865127e-02,5.301495357367780326e-02
5.134438425375886794e-01,5.013538368852524796e-01,-1.209000565233619984e-02,-3.627001695700859951e-02,8.858032517522484994e-02,5.231030821821625043e-02
5.131538058178264361e-01,5.013538368852524796e-01,-1.179996893257395651e-02,-3.539990679772186954e-02,8.701101592867299672e-02,5.161110913095112718e-02
5.128689302089772806e-01,5.013538368852524796e-01,-1.151509332372480099e-02,-3.454527997117440297e-02,8.546268265474665782e-02,5.091740268357225485e-02
5.125891463403964288e-01,5.013538368852524796e-01,-1.123530945514394919e-02,-3.370592836543184756e-02,8.393516057425554067e-02,5.022923220882369311e-02
5.123143853950364868e-01,5.013538368852524796e-01,-1.096054850978400719e-02,-3.288164552935202156e-02,8.242828360798259979e-02,4.954663807863057823e-02
5.120445791134844438e-01,5.013538368852524796e-01,-1.069074222823196418e-02,-3.207222668469589255e-02,8.094188446561290107e-02,4.886965778091700852e-02
5.117796597977104511e-01,5.013538368852524796e-01,-1.042582291245797155e-02,-3.127746873737391464e-02,7.947579473219779089e-02,4.819832599482387625e-02
5.115195603145359371e-01,5.013538368852524796e-01,-1.016572342928345751e-02,-3.049717028785037254e-02,7.802984495235421036e-02,4.753267466450383782e-02
5.112642140988278294e-01,5.013538368852524796e-01,-9.910377213575349842e-03,-2.973113164072604953e-02,7.660386471243230133e-02,4.687273307170625181e-02
5.110135551564269907e-01,5.013538368852524796e-01,-9.659718271174511095e-03,-2.897915481352353329e-02,7.519768272025162403e-02,4.621852790672809075e-02
5.107675180668167503e-01,5.013538368852524796e-01,-9.413681181564270695e-03,-2.824104354469281208e-02,7.381112688307212011e-02,4.557008333837930802e-02
5.105260379855404151e-01,5.013538368852524796e-01,-9.172201100287935560e-03,-2.751660330086380668e-02,7.244402438290054036e-02,4.492742108203673368e-02
5.102890506463721998e-01,5.013538368852524796e-01,-8.935213761119720211e-03,-2.680564128335916063e-02,7.109620175046460488e-02,4.429056046710544425e-02
5.100564923632506797e-01,5.013538368852524796e-01,-8.702655477998200162e-03,-2.610796643399460049e-02,6.976748493645601457e-02,4.365951850246141408e-02
5.098283000319794311e-01,5.013538368852524796e-01,-8.474463146726951557e-03,-2.542338944018085467e-02,6.845769938137458155e-02,4.303430994119372688e-02
5.096044111317022951e-01,5.013538368852524796e-01,-8.250574246449815519e-03,-2.475172273934944656e-02,6.716667008314081144e-02,4.241494734379136489e-02
5.093847637261595951e-01,5.013538368852524796e-01,-8.030926840907115505e-03,-2.409278052272134651e-02,6.589422166281000415e-02,4.180144114008865763e-02
5.091692964647308584e-01,5.013538368852524796e-01,-7.815459579478378771e-03,-2.344637873843513631e-02,6.464017842862102015e-02,4.119379969018588383e-02
5.089579485832711470e-01,5.013538368852524796e-01,-7.604111698018667376e-03,-2.281233509405600213e-02,6.340436443791341858e-02,4.059202934385741646e-02
5.087506599047458833e-01,5.013538368852524796e-01,-7.396823019493403706e-03,-2.219046905848021112e-02,6.218660355757910096e-02,3.999613449909888985e-02
5.085473708396704984e-01,5.013538368852524796e-01,-7.193533954418018794e-03,-2.158060186325405638e-02,6.098671952261547347e-02,3.940611765936141708e-02
5.083480223863610092e-01,5.013538368852524796e-01,-6.994185501108529657e-03,-2.098255650332558897e-02,5.980453599284674127e-02,3.882197948952115230e-02
5.081525561310005212e-01,5.013538368852524796e-01,-6.798719245748041651e-03,-2.039615773724412495e-02,5.863987660814640179e-02,3.824371887090227684e-02
5.079609142475270955e-01,5.013538368852524796e-01,-6.607077362274615950e-03,-1.982123208682384785e-02,5.749256504202771012e-02,3.767133295520386227e-02
5.077730394973491990e-01,5.013538368852524796e-01,-6.419202612096719385e-03,-1.925760783629015815e-02,5.636242505336896969e-02,3.710481721707881153e-02
5.075888752288929551e-01,5.013538368852524796e-01,-6.235038343640475489e-03,-1.870511503092142647e-02,5.524928053687316876e-02,3.654416550595174229e-02
5.074083653769874136e-01,5.013538368852524796e-01,-6.054528491734934015e-03,-1.816358547520480204e-02,5.415295557166244222e-02,3.598937009645764018e-02
5.072314544620915022e-01,5.013538368852524796e-01,-5.877617576839022639e-03,-1.763285273051706792e-02,5.307327446877341259e-02,3.544042173825634467e-02
5.070580875893694328e-01,5.013538368852524796e-01,-5.704250704116953230e-03,-1.711275211235085969e-02,5.201006181662082284e-02,3.489730970426996315e-02
5.068882104476177819e-01,5.013538368852524796e-01,-5.534373562365302313e-03,-1.660312068709590694e-02,5.096314252549527524e-02,3.436002183839936830e-02
5.067217693080499075e-01,5.013538368852524796e-01,-5.367932422797427883e-03,-1.610379726839228365e-02,4.993234187036232896e-02,3.382854460197004531e-02
5.065587110229422541e-01,5.013538368852524796e-01,-5.204874137689774471e-03,-1.561462241306932341e-02,4.891748553229602337e-02,3.330286311922669995e-02
5.063989830241465429e-01,5.013538368852524796e-01,-5.045146138894063270e-03,-1.513543841668218981e-02,4.791839963871336039e-02,3.278296122203117058e-02
5.062425333214729539e-01,5.013538368852524796e-01,-4.888696436220474340e-03,-1.466608930866142302e-02,4.693491080207667920e-02,3.226882149341525619e-02
5.060893105009487414e-01,5.013538368852524796e-01,-4.735473615696261795e-03,-1.420642084708878539e-02,4.596684615726376322e-02,3.176042531017497783e-02
5.059392637229556122e-01,5.013538368852524796e-01,-4.585426837703132641e-03,-1.375628051310939792e-02,4.501403339793874636e-02,3.125775288482934844e-02
5.057923427202508648e-01,5.013538368852524796e-01,-4.438505834998385247e-03,-1.331551750499515574e-02,4.407630081142421830e-02,3.076078330642906256e-02
5.056484977958768390e-01,5.013538368852524796e-01,-4.294660910624359396e-03,-1.288398273187307819e-02,4.315347731220775529e-02,3.026949458033467710e-02
5.055076798209607869e-01,5.013538368852524796e-01,-4.153842935708307316e-03,-1.246152880712492195e-02,4.224539247481562398e-02,2.978386366769070204e-02
5.053698402324114936e-01,5.013538368852524796e-01,-4.016003347159013970e-03,-1.204801004147704191e-02,4.135187656478800378e-02,2.930386652331096187e-02
5.052349310305145336e-01,5.013538368852524796e-01,-3.881094145262053985e-03,-1.164328243578616195e-02,4.047276056908799546e-02,2.882947813330183351e-02
5.051029047764309388e-01,5.013538368852524796e-01,-3.749067891178459178e-03,-1.124720367353537753e-02,3.960787622507844219e-02,2.836067255154306466e-02
5.049737145896024959e-01,5.013538368852524796e-01,-3.619877704350016323e-03,-1.085963311305004897e-02,3.875705604853285635e-02,2.789742293548280738e-02
5.048473141450675605e-01,5.013538368852524796e-01,-3.493477259815080949e-03,-1.048043177944524285e-02,3.792013336048061234e-02,2.743970158103536949e-02
5.047236576706908284e-01,5.013538368852524796e-01,-3.369820785438348842e-03,-1.010946235631504653e-02,3.709694231301963185e-02,2.698747995670458533e-02
5.046026999443097294e-01,5.013538368852524796e-01,-3.248863059057249814e-03,-9.746589177171749441e-03,3.628731791432970866e-02,2.654072873715795922e-02
5.044843962908023283e-01,5.013538368852524796e-01,-3.130559405549848684e-03,-9.391678216649546052e-03,3.549109605222033892e-02,2.609941783557079287e-02
5.043687025790785095e-01,5.013538368852524796e-01,-3.014865693826029869e-03,-9.044597081478089606e-03,3.470811351714564452e-02,2.566351643566755492e-02
5.042555752189982199e-01,5.013538368852524796e-01,-2.901738333745740306e-03,-8.705215001237220918e-03,3.393820802408686887e-02,2.523299302284964796e-02
5.041449711582202120e-01,5.013538368852524796e-01,-2.791134272967732421e-03,-8.373402818903197264e-03,3.318121823340236531e-02,2.480781541449916805e-02
5.040368478789837292e-01,5.013538368852524796e-01,-2.683010993731249627e-03,-8.049032981193748881e-03,3.243698377094483831e-02,2.438795078975108943e-02
5.039311633948261315e-01,5.013538368852524796e-01,-2.577326509573651947e-03,-7.731979528720955841e-03,3.170534524727930403e-02,2.397336571855834819e-02
5.038278762472404582e-01,5.013538368852524796e-01,-2.474039361987978580e-03,-7.422118085963935741e-03,3.098614427570201002e-02,2.356402618973807428e-02
5.037269455022737041e-01,5.013538368852524796e-01,-2.373108617021224553e-03,-7.119325851063673660e-03,3.027922349002620805e-02,2.315989763896253439e-02
5.036283307470709181e-01,5.013538368852524796e-01,-2.274493861818438489e-03,-6.823481585455315468e-03,2.958442656083581923e-02,2.276094497538050376e-02
5.035319920863656762e-01,5.013538368852524796e-01,-2.178155201113196604e-03,-6.534465603339589812e-03,2.890159821157256559e-02,2.236713260823297578e-02
5.034378901389211514e-01,5.013538368852524796e-01,-2.084053253668671779e-03,-6.252159761006015337e-03,2.823058423335744749e-02,2.197842447235143215e-02
5.033459860339238867e-01,5.013538368852524796e-01,-1.992149148671407133e-03,-5.976447446014221399e-03,2.757123149917939386e-02,2.159478405316517247e-02
5.032562414073319390e-01,5.013538368852524796e-01,-1.902404522079459426e-03,-5.707213566238378277e-03,2.692338797758431213e-02,2.121617441134593385e-02
5.031686183981811666e-01,5.013538368852524796e-01,-1.814781512928687057e-03,-5.444344538786061172e-03,2.628690274523171055e-02,2.084255820644564938e-02
5.030830796448509945e-01,5.013538368852524796e-01,-1.729242759598514922e-03,-5.187728278795544767e-03,2.566162599905164043e-02,2.047389772025609567e-02
5.029995882812928754e-01,5.013538368852524796e-01,-1.645751396040395775e-03,-4.937254188121187326e-03,2.504740906743574413e-02,2.011015487931455681e-02
5.029181079332226689e-01,5.013538368852524796e-01,-1.564271047970189343e-03,-4.692813143910568030e-03,2.444410442106192960e-02,1.975129127715136157e-02
5.028386027142801584e-01,5.013538368852524796e-01,-1.484765829027678841e-03,-4.454297487083036522e-03,2.385156568275315081e-02,1.939726819567011429e-02
5.027610372221572588e-01,5.013538368852524796e-01,-1.407200336904779192e-03,-4.221601010714337576e-03,2.326964763686989457e-02,1.904804662615555699e-02
5.026853765346970260e-01,5.013538368852524796e-01,-1.331539649444546392e-03,-3.994618948333639175e-03,2.269820623806984017e-02,1.870358728973620099e-02
5.026115862059656880e-01,5.013538368852524796e-01,-1.257749320713208441e-03,-3.773247962139625322e-03,2.213709861940138524e-02,1.836385065726175991e-02
5.025396322623001399e-01,5.013538368852524796e-01,-1.185795377047660359e-03,-3.557386131142981078e-03,2.158618309966442439e-02,1.802879696852144331e-02
5.024694811983314580e-01,5.013538368852524796e-01,-1.115644313078978378e-03,-3.346932939236935134e-03,2.104531919060459444e-02,1.769838625136765931e-02
5.024010999729878746e-01,5.013538368852524796e-01,-1.047263087735395004e-03,-3.141789263206185012e-03,2.051436760307501217e-02,1.737257833986882716e-02
5.023344560054782137e-01,5.013538368852524796e-01,-9.806191202257341644e-04,-2.941857360677202493e-03,1.999319025289825191e-02,1.705133289222104942e-02
5.022695171712577844e-01,5.013538368852524796e-01,-9.156802860053048221e-04,-2.747040858015914466e-03,1.948165026612880268e-02,1.673460940811288822e-02
5.022062517979781759e-01,5.013538368852524796e-01,-8.524149127256963610e-04,-2.557244738177089083e-03,1.897961198388253834e-02,1.642236724570544926e-02
5.021446286614231758e-01,5.013538368852524796e-01,-7.907917761706961812e-04,-2.372375328512088544e-03,1.848694096650005392e-02,1.611456563798796537e-02
5.020846169814319193e-01,5.013538368852524796e-01,-7.307800961794397310e-04,-2.192340288538319193e-03,1.800350399737693508e-02,1.581116370883861588e-02
5.020261864178116040e-01,5.013538368852524796e-01,-6.723495325591244409e-04,-2.017048597677373323e-03,1.752916908609458702e-02,1.551212048841721369e-02
5.019693070662401002e-01,5.013538368852524796e-01,-6.154701809876206298e-04,-1.846410542962861889e-03,1.706380547145114335e-02,1.521739492848828146e-02
5.019139494541614566e-01,5.013538368852524796e-01,-5.601125689089769821e-04,-1.680337706726930946e-03,1.660728362359309429e-02,1.492694591686616334e-02
5.018600845366745222e-01,5.013538368852524796e-01,-5.062476514220426438e-04,-1.518742954266127931e-03,1.615947524608030150e-02,1.464073229181417357e-02
5.018076836924167949e-01,5.013538368852524796e-01,-4.538468071643153579e-04,-1.361540421492946074e-03,1.572025327731818578e-02,1.435871285582523971e-02
5.017567187194446054e-01,5.013538368852524796e-01,-4.028818341921258650e-04,-1.208645502576377595e-03,1.528949189165684786e-02,1.408084638908047026e-02
5.017071618311113035e-01,5.013538368852524796e-01,-3.533249458588239023e-04,-1.059974837576471707e-03,1.486706649999058882e-02,1.380709166241411712e-02
5.016589856519442225e-01,5.013538368852524796e-01,-3.051487666917429564e-04,-9.154463000752288693e-04,1.445285375012428375e-02,1.353740745004905488e-02
5.016121632135221997e-01,5.013538368852524796e-01,-2.583263282697201291e-04,-7.749789848091603872e-04,1.404673152660684821e-02,1.327175254179768782e-02
5.015666679503543168e-01,5.013538368852524796e-01,-2.128310651018372468e-04,-6.384931953055117404e-04,1.364857895036486468e-02,1.301008575505935294e-02
5.015224736957619722e-01,5.013538368852524796e-01,-1.686368105094926406e-04,-5.059104315284779219e-04,1.325827637770338185e-02,1.275236594617490393e-02
5.014795546777642832e-01,5.013538368852524796e-01,-1.257177925118035944e-04,-3.771533775354107831e-04,1.287570539930671387e-02,1.249855202177130309e-02
5.014378855149687064e-01,5.013538368852524796e-01,-8.404862971622684142e-05,-2.521458891486805243e-04,1.250074883867302589e-02,1.224860294952434536e-02
5.013974412124680979e-01,5.013538368852524796e-01,-4.360432721561835478e-05,-1.308129816468550644e-04,1.213329075018254599e-02,1.200247776853569093e-02
5.013581971577443230e-01,5.013538368852524796e-01,-4.360272491843453224e-06,-1.308081747553035967e-05,1.177321641713247047e-02,1.176013559965694011e-02
5.013201291165805262e-01,5.013538368852524796e-01,3.370776867195335313e-05,1.011233060158600594e-04,1.142041234913904191e-02,1.152153565515490197e-02
5.012832132289822828e-01,5.013538368852524796e-01,7.062365627019673298e-05,2.118709688105901989e-04,1.107476627947301395e-02,1.128663724828360415e-02
5.012474260051088537e-01,5.013538368852524796e-01,1.064108801436258744e-04,3.192326404308776233e-04,1.073616716202874244e-02,1.105539980245962006e-02
5.012127443212156530e-01,5.013538368852524796e-01,1.410925640368265732e-04,4.232776921104797196e-04,1.040450516796020963e-02,1.082778286007068935e-02
5.011791454156084846e-01,5.013538368852524796e-01,1.746914696439949566e-04,5.240744089319848698e-04,1.007967168215051501e-02,1.060374609108249988e-02
5.011466068846104349e-01,5.013538368852524796e-01,2.072300006420446650e-04,6.216900019261339949e-04,9.761559299414912516e-03,1.038324930134104651e-02
5.011151066785425323e-01,5.013538368852524796e-01,2.387302067099472680e-04,7.161906201298418040e-04,9.450061820370780907e-03,1.016625244050062271e-02
5.010846230977186178e-01,5.013538368852524796e-01,2.692137875338618258e-04,8.076413626015854774e-04,9.145074247174367343e-03,9.952715609775952821e-03
5.010551347884557583e-01,5.013538368852524796e-01,2.987020967967213281e-04,8.961062903901639842e-04,8.846492778857850681e-03,9.742599069248014665e-03
5.010266207390997595e-01,5.013538368852524796e-01,3.272161461527200998e-04,9.816484384581602995e-04,8.554214806799631532e-03,9.535863245257791831e-03
5.009990602760683309e-01,5.013538368852524796e-01,3.547766091841486613e-04,1.064329827552445984e-03,8.268138909428568439e-03,9.332468736981014423e-03
5.009724330599105713e-01,5.013538368852524796e-01,3.814038253419083091e-04,1.144211476025724927e-03,7.988164847327894336e-03,9.132376323353619263e-03
5.009467190813851056e-01,5.013538368852524796e-01,4.071178038673739508e-04,1.221353411602121852e-03,7.714193557639692500e-03,8.935546969241814352e-03
5.009218986575566523e-01,5.013538368852524796e-01,4.319382276958272371e-04,1.295814683087481711e-03,7.446127148535985896e-03,8.741941831623467607e-03
5.008979524279113527e-01,5.013538368852524796e-01,4.558844573411269252e-04,1.367653372023380776e-03,7.183868893589906435e-03,8.551522265613287210e-03
5.008748613504925284e-01,5.013538368852524796e-01,4.789755347599511381e-04,1.436926604279853414e-03,6.927323225647263882e-03,8.364249829927117297e-03
5.008526066980567570e-01,5.013538368852524796e-01,5.012301871957225430e-04,1.503690561587167629e-03,6.676395730731421452e-03,8.180086292318589081e-03
5.008311700542501521e-01,5.013538368852524796e-01,5.226668310023274699e-04,1.568000493006982410e-03,6.430993141981478090e-03,7.998993634988460499e-03
5.008105333098070711e-01,5.013538368852524796e-01,5.433035754454085264e-04,1.629910726336225579e-03,6.191023332924316946e-03,7.820934059260542526e-03
5.007906786587699166e-01,5.013538368852524796e-01,5.631582264825629736e-04,1.689474679447688921e-03,5.956395311146334137e-03,7.645869990594023058e-03
5.007715885947318091e-01,5.013538368852524796e-01,5.822482905206705084e-04,1.746744871562011525e-03,5.727019211432260448e-03,7.473764082994271973e-03
5.007532459071020181e-01,5.013538368852524796e-01,6.005909781504614742e-04,1.801772934451384423e-03,5.502806288937289736e-03,7.304579223388674158e-03
5.007356336773945982e-01,5.013538368852524796e-01,6.182032078578814094e-04,1.854609623573644228e-03,5.283668912225980563e-03,7.138278535799624791e-03
5.007187352755407828e-01,5.013538368852524796e-01,6.351016097116968240e-04,1.905304829135090472e-03,5.069520556144624379e-03,6.974825385279714851e-03
5.007025343562254704e-01,5.013538368852524796e-01,6.513025290270091361e-04,1.953907587081027408e-03,4.860275794593693632e-03,6.814183381674721041e-03
5.006870148552483579e-01,5.013538368852524796e-01,6.668220300041216575e-04,2.000466090012364972e-03,4.655850293133756423e-03,6.656316383146121396e-03
5.006721609859094979e-01,5.013538368852524796e-01,6.816758993429816726e-04,2.045027698028945018e-03,4.456160801658004544e-03,6.501188499686949562e-03
5.006579572354206142e-01,5.013538368852524796e-01,6.958796498318653434e-04,2.087638949495596030e-03,4.261125146665101227e-03,6.348764096160697257e-03
5.006443883613413970e-01,5.013538368852524796e-01,7.094485239110825958e-04,2.128345571733247787e-03,4.070662223765175725e-03,6.199007795498423512e-03
5.006314393880416658e-01,5.013538368852524796e-01,7.223974972108138104e-04,2.167192491632441431e-03,3.884691989919364374e-03,6.051884481551805806e-03
5.006190956031900674e-01,5.013538368852524796e-01,7.347412820624121821e-04,2.204223846187236546e-03,3.703135455479511506e-03,5.907359301666748053e-03
5.006073425542686417e-01,5.013538368852524796e-01,7.464943309838378838e-04,2.239482992951513651e-03,3.525914676427710504e-03,5.765397669379224155e-03
5.005961660451141437e-01,5.013538368852524796e-01,7.576708401383358549e-04,2.273012520415007565e-03,3.352952746349391333e-03,5.625965266764398898e-03
5.005855521324863444e-01,5.013538368852524796e-01,7.682847527661351705e-04,2.304854258298405512e-03,3.184173788339794697e-03,5.489028046638200209e-03
5.005754871226631986e-01,5.013538368852524796e-01,7.783497625892810134e-04,2.335049287767843040e-03,3.019502946943752875e-03,5.354552234711595915e-03
5.005659575680635465e-01,5.013538368852524796e-01,7.878793171889331148e-04,2.363637951566799345e-03,2.858866379895630416e-03,5.222504331462429761e-03
5.005569502638970159e-01,5.013538368852524796e-01,7.968866213554637312e-04,2.390659864066391194e-03,2.702191249959184915e-03,5.092851114025576109e-03
5.005484522448419016e-01,5.013538368852524796e-01,8.053846404105780010e-04,2.416153921231734003e-03,2.549405716534280941e-03,4.965559637766014944e-03
5.005404507817505788e-01,5.013538368852524796e-01,8.133861035019007701e-04,2.440158310505702310e-03,2.400438927396830735e-03,4.840597237902533045e-03
5.005329333783830048e-01,5.013538368852524796e-01,8.209035068694747750e-04,2.462710520608424325e-03,2.255221010272201454e-03,4.717931530880625779e-03
5.005258877681685314e-01,5.013538368852524796e-01,8.279491170839481384e-04,2.483847351251844415e-03,2.113683064342009033e-03,4.597530415593853448e-03
5.005193019109956953e-01,5.013538368852524796e-01,8.345349742567842455e-04,2.503604922770352736e-03,1.975757151850832116e-03,4.479362074621184853e-03
5.005131639900303187e-01,5.013538368852524796e-01,8.406728952221609319e-04,2.522018685666482796e-03,1.841376289613005923e-03,4.363394975279488719e-03
5.005074624085624757e-01,5.013538368852524796e-01,8.463744766900038741e-04,2.539123430070011622e-03,1.710474440352882652e-03,4.249597870422894275e-03
5.005021857868816593e-01,5.013538368852524796e-01,8.516510983708203142e-04,2.554953295112460943e-03,1.582986504244932036e-03,4.137939799357392978e-03
5.004973229591807016e-01,5.013538368852524796e-01,8.565139260717780090e-04,2.569541778215334027e-03,1.458848310287308436e-03,4.028390088502642463e-03
5.004928629704886722e-01,5.013538368852524796e-01,8.609739147638073575e-04,2.582921744291422073e-03,1.337996607608804567e-03,3.920918351900226639e-03
5.004887950736317537e-01,5.013538368852524796e-01,8.650418116207259089e-04,2.595125434862177727e-03,1.220369057075565422e-03,3.815494491937743149e-03
5.004851087262240927e-01,5.013538368852524796e-01,8.687281590283868482e-04,2.606184477085160545e-03,1.105904222298281780e-03,3.712088699383442325e-03
5.004817935876864077e-01,5.013538368852524796e-01,8.720432975660719066e-04,2.616129892698215720e-03,9.945415613055175186e-04,3.610671454003733238e-03
5.004788395162941272e-01,5.013538368852524796e-01,8.749973689583523395e-04,2.624992106875057019e-03,8.862214176841298752e-04,3.511213524559186894e-03
5.004762365662542845e-01,5.013538368852524796e-01,8.776003189981951280e-04,2.632800956994585384e-03,7.808850119528365497e-04,3.413685968947421934e-03
5.004739749848112762e-01,5.013538368852524796e-01,8.798619004412033817e-04,2.639585701323610145e-03,6.784744329024761100e-04,3.318060134226086255e-03
5.004720452093817107e-01,5.013538368852524796e-01,8.817916758707688984e-04,2.645375027612306695e-03,5.789326288696550193e-04,3.224307656481961715e-03
5.004704378647177876e-01,5.013538368852524796e-01,8.833990205346919922e-04,2.650197061604075977e-03,4.822033991769281158e-04,3.132400460781004092e-03
5.004691437600999881e-01,5.013538368852524796e-01,8.846931251524914330e-04,2.654079375457474299e-03,3.882313853398322578e-04,3.042310760797306557e-03
5.004681538865581869e-01,5.013538368852524796e-01,8.856829986942926780e-04,2.657048996082878034e-03,2.969620625403734948e-04,2.954011058623251529e-03
5.004674594141222954e-01,5.013538368852524796e-01,8.863774711301841691e-04,2.659132413390552507e-03,2.083417307674473307e-04,2.867474144157999838e-03
5.004670516891007725e-01,5.013538368852524796e-01,8.867851961517070336e-04,2.660355588455121101e-03,1.223175064568593484e-04,2.782673094911980449e-03
5.004669222313887778e-01,5.013538368852524796e-01,8.869146538637018296e-04,2.660743961591105489e-03,3.883731359843878295e-05,2.699581275189544272e-03
5.004670627318043019e-01,5.013538368852524796e-01,8.867741534481776711e-04,2.660322460344533013e-03,-4.215012465724754520e-05,2.618172335687285468e-03
5.004674650494533861e-01,5.013538368852524796e-01,8.863718357990935104e-04,2.659115507397280531e-03,-1.206952947252482033e-04,2.538420212672032328e-03
5.004681212091237619e-01,5.013538368852524796e-01,8.857156761287177105e-04,2.657147028386153131e-03,-1.968479011127399758e-04,2.460299127273413156e-03
5.004690233987069137e-01,5.013538368852524796e-01,8.848134865455659082e-04,2.654440459636697724e-03,-2.706568749455406930e-04,2.383783584691157031e-03
5.004701639666484514e-01,5.013538368852524796e-01,8.836729186040281903e-04,2.651018755812084571e-03,-3.421703824613153699e-04,2.308848373350769201e-03
5.004715354194273491e-01,5.013538368852524796e-01,8.823014658251304709e-04,2.646904397475391413e-03,-4.114358336693157980e-04,2.235468563806075615e-03
5.004731304190626062e-01,5.013538368852524796e-01,8.807064661898733604e-04,2.642119398569620081e-03,-4.784998905771331579e-04,2.163619507992486923e-03
5.004749417806486633e-01,5.013538368852524796e-01,8.788951046038162573e-04,2.636685313811448772e-03,-5.434084758171309204e-04,2.093276837994317852e-03
5.004769624699185737e-01,5.013538368852524796e-01,8.768744153339058656e-04,2.630623246001717597e-03,-6.062067809731175316e-04,2.024416465028600065e-03
5.004791856008349304e-01,5.013538368852524796e-01,8.746512844175491352e-04,2.623953853252647406e-03,-6.669392749070190973e-04,1.957014578345628308e-03
5.004816044332091041e-01,5.013538368852524796e-01,8.722324520433755168e-04,2.616697356130126551e-03,-7.256497122520855214e-04,1.891047643878041029e-03
5.004842123703476808e-01,5.013538368852524796e-01,8.696245149047987510e-04,2.608873544714396253e-03,-7.823811415730297369e-04,1.826492403141366516e-03
5.004870029567266565e-01,5.013538368852524796e-01,8.668339285258230831e-04,2.600501785577469249e-03,-8.371759136927003908e-04,1.763325871884768858e-03
5.004899698756927195e-01,5.013538368852524796e-01,8.638670095597600351e-04,2.591601028679280105e-03,-8.900756898189143840e-04,1.701525338860365721e-03
5.004931069471927341e-01,5.013538368852524796e-01,8.607299380597455141e-04,2.582189814179236542e-03,-9.411214500043563191e-04,1.641068364174880223e-03
5.004964081255292019e-01,5.013538368852524796e-01,8.574287597232777003e-04,2.572286279169833101e-03,-9.903535009403441336e-04,1.581932778229488967e-03
5.004998674971434802e-01,5.013538368852524796e-01,8.539693881089993610e-04,2.561908164326998083e-03,-1.037811484283501784e-03,1.524096680043496299e-03
5.005034792784257558e-01,5.013538368852524796e-01,8.503576068267237886e-04,2.551072820480171366e-03,-1.083534384682671714e-03,1.467538435797499652e-03
5.005072378135515532e-01,5.013538368852524796e-01,8.465990717009264088e-04,2.539797215102779226e-03,-1.127560537739213942e-03,1.412236677363565285e-03
5.005111375723451106e-01,5.013538368852524796e-01,8.426993129073689914e-04,2.528097938722106974e-03,-1.169927638067225217e-03,1.358170300654881757e-03
5.005151731481687349e-01,5.013538368852524796e-01,8.386637370837446426e-04,2.515991211251233928e-03,-1.210672747087304657e-03,1.305318464163929271e-03
5.005193392558388021e-01,5.013538368852524796e-01,8.344976294136774442e-04,2.503492888241032333e-03,-1.249832301020159520e-03,1.253660587220872813e-03
5.005236307295675147e-01,5.013538368852524796e-01,8.302061556849649193e-04,2.490618467054894758e-03,-1.287442118613757458e-03,1.203176348441137300e-03
5.005280425209310824e-01,5.013538368852524796e-01,8.257943643213971896e-04,2.477383092964191569e-03,-1.323537409070318915e-03,1.153845683893872653e-03
5.005325696968631055e-01,5.013538368852524796e-01,8.212671883893740699e-04,2.463801565168122210e-03,-1.358152779606935923e-03,1.105648785561186287e-03
5.005372074376736036e-01,5.013538368852524796e-01,8.166294475788760110e-04,2.449888342736628033e-03,-1.391322243149417659e-03,1.058566099587210374e-03
5.005419510350941348e-01,5.013538368852524796e-01,8.118858501583448017e-04,2.435657550475034405e-03,-1.423079226159362776e-03,1.012578324315671630e-03
5.005467958903471182e-01,5.013538368852524796e-01,8.070409949053614085e-04,2.421122984716084225e-03,-1.453456575895017977e-03,9.676664088210662484e-04
5.005517375122409129e-01,5.013538368852524796e-01,8.020993730115666409e-04,2.406298119034699923e-03,-1.482486568138430272e-03,9.238115508962696509e-04
5.005567715152898778e-01,5.013538368852524796e-01,7.970653699626017996e-04,2.391196109887805399e-03,-1.510200914689452389e-03,8.809951951983530094e-04
5.005618936178583001e-01,5.013538368852524796e-01,7.919432673941795287e-04,2.375829802182538586e-03,-1.536630770526681289e-03,8.391990316558572971e-04
5.005670996403298600e-01,5.013538368852524796e-01,7.867372449226195386e-04,2.360211734767858616e-03,-1.561806741467997028e-03,7.984049932998615873e-04
5.005723855033007430e-01,5.013538368852524796e-01,7.814513819517365789e-04,2.344354145855209737e-03,-1.585758891264887893e-03,7.585952545903218436e-04
5.005777472257971761e-01,5.013538368852524796e-01,7.760896594553035044e-04,2.328268978365910513e-03,-1.608516748929922358e-03,7.197522294359881556e-04
5.005831809235165020e-01,5.013538368852524796e-01,7.706559617359776126e-04,2.311967885207932838e-03,-1.630109315797767522e-03,6.818585694101653161e-04
5.005886828070927885e-01,5.013538368852524796e-01,7.651540781596910534e-04,2.295462234479073160e-03,-1.650565072885967766e-03,6.448971615931053947e-04
5.005942491803851979e-01,5.013538368852524796e-01,7.595877048672816656e-04,2.278763114601844997e-03,-1.669911987722816349e-03,6.088511268790286479e-04
5.005998764387903366e-01,5.013538368852524796e-01,7.539604464621429969e-04,2.261881339386428991e-03,-1.688177521541600612e-03,5.737038178448283787e-04
5.006055610675772538e-01,5.013538368852524796e-01,7.482758176752257739e-04,2.244827453025677322e-03,-1.705388636075166886e-03,5.394388169505104358e-04
5.006112996402458659e-01,5.013538368852524796e-01,7.425372450066136665e-04,2.227611735019840999e-03,-1.721571800583632239e-03,5.060399344362087604e-04
5.006170888169079181e-01,5.013538368852524796e-01,7.367480683445615242e-04,2.210244205033684572e-03,-1.736752998615642696e-03,4.734912064180418767e-04
5.006229253426905945e-01,5.013538368852524796e-01,7.309115425618850637e-04,2.192734627685655191e-03,-1.750957734802938148e-03,4.417768928827170427e-04
5.006288060461625555e-01,5.013538368852524796e-01,7.250308390899240507e-04,2.175092517269772152e-03,-1.764211041588303885e-03,4.108814756814682667e-04
5.006347278377820675e-01,5.013538368852524796e-01,7.191090474704120439e-04,2.157327142411236132e-03,-1.776537485853602050e-03,3.807896565576340819e-04
5.006406877083672269e-01,5.013538368852524796e-01,7.131491768852527002e-04,2.139447530655758101e-03,-1.787961175547803094e-03,3.514863551079550064e-04
5.006466827275879439e-01,5.013538368852524796e-01,7.071541576645357097e-04,2.121462472993607129e-03,-1.798505766215097168e-03,3.229567067785099610e-04
5.006527100424793542e-01,5.013538368852524796e-01,7.011268427731254249e-04,2.103380528319376275e-03,-1.808194467423085428e-03,2.951860608962908472e-04
5.006587668759768794e-01,5.013538368852524796e-01,6.950700092756001425e-04,2.085210027826800427e-03,-1.817050049257584732e-03,2.681599785692156956e-04
5.006648505254721604e-01,5.013538368852524796e-01,6.889863597803191908e-04,2.066959079340957572e-03,-1.825094848584285501e-03,2.418642307566720717e-04
5.006709583613905279e-01,5.013538368852524796e-01,6.828785238619516917e-04,2.048635571585855075e-03,-1.832350775510249719e-03,2.162847960756053567e-04
5.006770878257885693e-01,5.013538368852524796e-01,6.767490594639102852e-04,2.030247178391730856e-03,-1.838839319412421958e-03,1.914078589793088980e-04
5.006832364309724559e-01,5.013538368852524796e-01,6.706004542800236834e-04,2.011801362840071050e-03,-1.844581555165980546e-03,1.672198076740905037e-04
5.006894017581371426e-01,5.013538368852524796e-01,6.644351271153370320e-04,1.993305381346011096e-03,-1.849598149405995429e-03,1.437072319400156672e-04
5.006955814560249962e-01,5.013538368852524796e-01,6.582554292274833685e-04,1.974766287682450105e-03,-1.853909366356099042e-03,1.208569213263510633e-04
5.007017732396049636e-01,5.013538368852524796e-01,6.520636456475159548e-04,1.956190936942547864e-03,-1.857535073990224106e-03,9.865586295232375846e-05
5.007079748887712789e-01,5.013538368852524796e-01,6.458619964812006842e-04,1.937585989443602053e-03,-1.860494749894581190e-03,7.709123954902086240e-05
5.007141842470614890e-01,5.013538368852524796e-01,6.396526381909906078e-04,1.918957914572971823e-03,-1.862807487063022904e-03,5.615042750994891918e-05
5.007203992203944631e-01,5.013538368852524796e-01,6.334376648580164471e-04,1.900312994574049341e-03,-1.864491999892248231e-03,3.582099468180111046e-05
5.007266177758269432e-01,5.013538368852524796e-01,6.272191094255363808e-04,1.881657328276609142e-03,-1.865566629744019878e-03,1.609069853258926486e-05
5.007328379403293006e-01,5.013538368852524796e-01,6.209989449231789749e-04,1.862996834769536925e-03,-1.866049350707221777e-03,-3.052515937684852076e-06
5.007390577995800562e-01,5.013538368852524796e-01,6.147790856724233421e-04,1.844337257017270026e-03,-1.865957775226689819e-03,-2.162051820941979230e-05
5.007452754967789410e-01,5.013538368852524796e-01,6.085613884735385781e-04,1.825684165420615734e-03,-1.865309159665429206e-03,-3.962499424481347177e-05
5.007514892314783861e-01,5.013538368852524796e-01,6.023476537740934944e-04,1.807042961322280483e-03,-1.864120409833525116e-03,-5.707744851124463281e-05
5.007576972584329988e-01,5.013538368852524796e-01,5.961396268194807391e-04,1.788418880458442217e-03,-1.862408086383826600e-03,-7.398920592538438257e-05
5.007638978864670243e-01,5.013538368852524796e-01,5.899389987854553041e-04,1.769816996356365912e-03,-1.860188410207630483e-03,-9.037141385126457038e-05
5.007700894773596811e-01,5.013538368852524796e-01,5.837474078927984422e-04,1.751242223678395327e-03,-1.857477267797058573e-03,-1.062350441186632466e-04
5.007762704447479285e-01,5.013538368852524796e-01,5.775664405045510819e-04,1.732699321513653246e-03,-1.854290216474208108e-03,-1.215908949605548628e-04
5.007824392530466628e-01,5.013538368852524796e-01,5.713976322058167412e-04,1.714192896617450224e-03,-1.850642489620302200e-03,-1.364495930028519766e-04
5.007885944163861236e-01,5.013538368852524796e-01,5.652424688663559849e-04,1.695727406599067955e-03,-1.846549001838226900e-03,-1.508215952391589454e-04
5.007947344975660631e-01,5.013538368852524796e-01,5.591023876864165132e-04,1.677307163059249540e-03,-1.842024353981841500e-03,-1.647171909225919606e-04
5.008008581070269027e-01,5.013538368852524796e-01,5.529787782255768391e-04,1.658936334676730517e-03,-1.837082838251902217e-03,-1.781465035751716997e-04
5.008069639018374319e-01,5.013538368852524796e-01,5.468729834150476421e-04,1.640618950245142926e-03,-1.831738443158759111e-03,-1.911194929136161846e-04
5.008130505846986047e-01,5.013538368852524796e-01,5.407863005538748880e-04,1.622358901661624664e-03,-1.826004858351826243e-03,-2.036459566902015794e-04
5.008191169029641010e-01,5.013538368852524796e-01,5.347199822883785814e-04,1.604159946865135744e-03,-1.819895479648891978e-03,-2.157355327837562342e-04
5.008251616476763202e-01,5.013538368852524796e-01,5.286752375761594180e-04,1.586025712728478254e-03,-1.813423413665748996e-03,-2.273977009372707414e-04
5.008311836526184724e-01,5.013538368852524796e-01,5.226532326340072032e-04,1.567959697902021610e-03,-1.806601482645664447e-03,-2.386417847436428374e-04
5.008371817933821024e-01,5.013538368852524796e-01,5.166550918703771700e-04,1.549965275611131510e-03,-1.799442229089009970e-03,-2.494769534778784603e-04
5.008431549864503785e-01,5.013538368852524796e-01,5.106818988021011307e-04,1.532045696406303392e-03,-1.791957920482811772e-03,-2.599122240765083802e-04
5.008491021882962579e-01,5.013538368852524796e-01,5.047346969562216401e-04,1.514204090868664920e-03,-1.784160553763847190e-03,-2.699564628951822698e-04
5.008550223944958635e-01,5.013538368852524796e-01,4.988144907566161024e-04,1.496443472269848307e-03,-1.776061859881661320e-03,-2.796183876118130129e-04
5.008609146388567357e-01,5.013538368852524796e-01,4.929222463957438904e-04,1.478766739187231671e-03,-1.767673308261663578e-03,-2.889065690744319070e-04
5.008667779925607411e-01,5.013538368852524796e-01,4.870588926917385209e-04,1.461176678075215563e-03,-1.759006111201610878e-03,-2.978294331263953154e-04
5.008726115633214127e-01,5.013538368852524796e-01,4.812253219310669294e-04,1.443675965793200788e-03,-1.750071228201477425e-03,-3.063952624082766363e-04
5.008784144945558348e-01,5.013538368852524796e-01,4.754223906966448254e-04,1.426267172089934476e-03,-1.740879370326631204e-03,-3.146121982366967273e-04
5.008841859645704053e-01,5.013538368852524796e-01,4.696509206820742577e-04,1.408952762046222773e-03,-1.731441004371170322e-03,-3.224882423249475494e-04
5.008899251857608093e-01,5.013538368852524796e-01,4.639116994916703263e-04,1.391735098475010979e-03,-1.721766357121179425e-03,-3.300312586461684461e-04
5.008956314038253144e-01,5.013538368852524796e-01,4.582054814271652177e-04,1.374616444281495653e-03,-1.711865419351532580e-03,-3.372489750700369271e-04
5.009013038969922782e-01,5.013538368852524796e-01,4.525329882602013853e-04,1.357598964780604156e-03,-1.701747950089149697e-03,-3.441489853085455408e-04
5.009069419752607555e-01,5.013538368852524796e-01,4.468949099917240986e-04,1.340684729975172296e-03,-1.691423480543186031e-03,-3.507387505680137352e-04
5.009125449796540952e-01,5.013538368852524796e-01,4.412919055983843819e-04,1.323875716795153146e-03,-1.680901318001915001e-03,-3.570256012067618556e-04
5.009181122814874154e-01,5.013538368852524796e-01,4.357246037650641668e-04,1.307173811295192500e-03,-1.670190549996064533e-03,-3.630167387008720326e-04
5.009236432816468465e-01,5.013538368852524796e-01,4.301936036056330792e-04,1.290580810816899238e-03,-1.659300047829326274e-03,-3.687192370124270369e-04
5.009291374098825411e-01,5.013538368852524796e-01,4.246994753699384617e-04,1.274098426109815385e-03,-1.648238470708385250e-03,-3.741400445985698653e-04
5.009345941241137856e-01,5.013538368852524796e-01,4.192427611386939645e-04,1.257728283416081894e-03,-1.637014269373349151e-03,-3.792859859572672576e-04
5.009400129097464349e-01,5.013538368852524796e-01,4.138239755060446612e-04,1.241471926518133984e-03,-1.625635689794791006e-03,-3.841637632766570221e-04
5.009453932790027819e-01,5.013538368852524796e-01,4.084436062496976660e-04,1.225330818749092998e-03,-1.614110776904098543e-03,-3.887799581550055450e-04
5.009507347702633062e-01,5.013538368852524796e-01,4.031021149891733657e-04,1.209306344967520097e-03,-1.602447378157290103e-03,-3.931410331897700061e-04
5.009560369474205244e-01,5.013538368852524796e-01,3.977999378319552193e-04,1.193399813495865658e-03,-1.590653147165443926e-03,-3.972533336695782680e-04
5.009612993992443863e-01,5.013538368852524796e-01,3.925374860080932393e-04,1.177612458024279718e-03,-1.578735547158593988e-03,-4.011230891343142702e-04
5.009665217387593295e-01,5.013538368852524796e-01,3.873151464931501309e-04,1.161945439479450393e-03,-1.566701854482932532e-03,-4.047564150034821395e-04
5.009717036026327674e-01,5.013538368852524796e-01,3.821332826197121335e-04,1.146399847859136401e-03,-1.554559162031399211e-03,-4.081593141722628104e-04
5.009768446505747930e-01,5.013538368852524796e-01,3.769922346776866107e-04,1.130976704033059832e-03,-1.542314382607656853e-03,-4.113376785745970210e-04
5.009819445647488712e-01,5.013538368852524796e-01,3.718923205036084312e-04,1.115676961510825294e-03,-1.529974252223453846e-03,-4.142972907126285520e-04
5.009870030491939685e-01,5.013538368852524796e-01,3.668338360585110536e-04,1.100501508175533161e-03,-1.517545333529213281e-03,-4.170438253536801199e-04
5.009920198292564519e-01,5.013538368852524796e-01,3.618170559960276478e-04,1.085451167988082943e-03,-1.505034018745021740e-03,-4.195828507569387966e-04
5.009969946510338668e-01,5.013538368852524796e-01,3.568422342186128304e-04,1.070526702655838491e-03,-1.492446533224445204e-03,-4.219198305686067130e-04
5.010019272808282631e-01,5.013538368852524796e-01,3.519096044242164822e-04,1.055728813272649447e-03,-1.479788938318904457e-03,-4.240601250462550098e-04
5.010068175046101802e-01,5.013538368852524796e-01,3.470193806422994243e-04,1.041058141926898273e-03,-1.467067134575117393e-03,-4.260089926482191203e-04
5.010116651274928445e-01,5.013538368852524796e-01,3.421717577596350424e-04,1.026515273278905127e-03,-1.454286864799314571e-03,-4.277715915204094443e-04
5.010164699732163607e-01,5.013538368852524796e-01,3.373669120361189044e-04,1.012100736108356713e-03,-1.441453717054841377e-03,-4.293529809464846636e-04
5.010212318836417822e-01,5.013538368852524796e-01,3.326050016106973928e-04,9.978150048320921783e-04,-1.428573127626453498e-03,-4.307581227943613200e-04
5.010259507182548422e-01,5.013538368852524796e-01,3.278861669976373960e-04,9.836585009929121881e-04,-1.415650383917999022e-03,-4.319918829250868342e-04
5.010306263536796756e-01,5.013538368852524796e-01,3.232105315728039940e-04,9.696315947184119821e-04,-1.402690627450020600e-03,-4.330590327316086174e-04
5.010352586832012012e-01,5.013538368852524796e-01,3.185782020512784030e-04,9.557346061538352089e-04,-1.389698856457677323e-03,-4.339642503038421140e-04
5.010398476162977177e-01,5.013538368852524796e-01,3.139892689547618687e-04,9.419678068642856061e-04,-1.376679928954960275e-03,-4.347121220906746686e-04
5.010443930781820487e-01,5.013538368852524796e-01,3.094438070704308430e-04,9.283314212112925290e-04,-1.363638565299307714e-03,-4.353071440880151854e-04
5.010488950093519023e-01,5.013538368852524796e-01,3.049418759005773083e-04,9.148256277017319249e-04,-1.350579350956060409e-03,-4.357537232543284844e-04
5.010533533651494453e-01,5.013538368852524796e-01,3.004835201030342517e-04,9.014505603091027552e-04,-1.337506739262916966e-03,-4.360561789538142108e-04
5.010577681153290941e-01,5.013538368852524796e-01,2.960687699233854886e-04,8.882063097701564658e-04,-1.324425053894628945e-03,-4.362187441244724795e-04
5.010621392436342969e-01,5.013538368852524796e-01,2.916976416181826792e-04,8.750929248545480377e-04,-1.311338491560842812e-03,-4.362455667062947740e-04
5.010664667473828660e-01,5.013538368852524796e-01,2.873701378696136288e-04,8.621104136088408865e-04,-1.298251124570715120e-03,-4.361407109618742339e-04
5.010707506370603026e-01,5.013538368852524796e-01,2.830862481921769813e-04,8.492587445765309440e-04,-1.285166903230994251e-03,-4.359081586544633069e-04
5.010749909359218934e-01,5.013538368852524796e-01,2.788459493305861514e-04,8.365378479917584542e-04,-1.272089658477248975e-03,-4.355518104854905204e-04
5.010791876796024669e-01,5.013538368852524796e-01,2.746492056500127177e-04,8.239476169500381530e-04,-1.259023104172030116e-03,-4.350754872219919633e-04
5.010833409157342544e-01,5.013538368852524796e-01,2.704959695182251878e-04,8.114879085546755633e-04,-1.245970839536258978e-03,-4.344829309815834151e-04
5.010874507035729675e-01,5.013538368852524796e-01,2.663861816795121129e-04,7.991585450385363387e-04,-1.232936351613922454e-03,-4.337778065753861156e-04
5.010915171136310908e-01,5.013538368852524796e-01,2.623197716213887531e-04,7.869593148641662594e-04,-1.219923017437007928e-03,-4.329637025728416688e-04
5.010955402273189474e-01,5.013538368852524796e-01,2.582966579335321811e-04,7.748899738005965432e-04,-1.206934106356971625e-03,-4.320441325563750823e-04
5.010995201365935348e-01,5.013538368852524796e-01,2.543167486589448245e-04,7.629502459768344735e-04,-1.193972782376206965e-03,-4.310225363993724912e-04
5.011034569436144670e-01,5.013538368852524796e-01,2.503799416380125820e-04,7.511398249140377459e-04,-1.181042106279672765e-03,-4.299022813656350195e-04
5.011073507604072441e-01,5.013538368852524796e-01,2.464861248452354658e-04,7.394583745357063975e-04,-1.168145037833134836e-03,-4.286866632974284386e-04
5.011112017085337378e-01,7.224560263532124882e-01,2.213448246446787504e-01,6.640344739340362512e-01,0.000000000000000000e+00,6.640344739340362512e-01
5.011814561040536242e-01,7.224560263532124882e-01,2.212745702491588640e-01,6.638237107474765919e-01,-2.107631865596593101e-02,6.427473920915106609e-01
5.013159852387826243e-01,7.224560263532124882e-01,2.211400411144298639e-01,6.634201233432895917e-01,-4.035874041870002316e-02,6.230613829245895685e-01
5.015128205118041249e-01,7.224560263532124882e-01,2.209432058414083633e-01,6.628296175242250898e-01,-5.905058190645018357e-02,6.037790356177749063e-01
5.017700336883873513e-01,7.224560263532124882e-01,2.206859926648251369e-01,6.620579779944754106e-01,-7.716395297496791983e-02,5.848940250195074908e-01
5.020857362674725488e-01,7.224560263532124882e-01,2.203702900857399394e-01,6.611108702572198181e-01,-9.471077372555924967e-02,5.664000965316605685e-01
5.024580788562109657e-01,7.224560263532124882e-01,2.199979474970015225e-01,6.599938424910045676e-01,-1.117027766215250573e-01,5.482910658694795103e-01
5.028852505515363225e-01,7.224560263532124882e-01,2.195707758016761657e-01,6.587123274050284971e-01,-1.281515085976070445e-01,5.305608188074214526e-01
5.033654783287423440e-01,7.224560263532124882e-01,2.190905480244701442e-01,6.572716440734104326e-01,-1.440683331618064500e-01,5.132033109116039826e-01
5.038970264370395968e-01,7.224560263532124882e-01,2.185589999161728914e-01,6.556769997485186741e-01,-1.594644324891758558e-01,4.962125672593428183e-01
5.044781958020627677e-01,7.224560263532124882e-01,2.179778305511497205e-01,6.539334916534491615e-01,-1.743508095069512542e-01,4.795826821464979073e-01
5.051073234353006258e-01,7.224560263532124882e-01,2.173487029179118624e-01,6.520461087537355871e-01,-1.887382899713574425e-01,4.633078187823781446e-01
5.057827818504166961e-01,7.224560263532124882e-01,2.166732445027957921e-01,6.500197335083873762e-01,-2.026375245348210896e-01,4.473822089735662866e-01
5.065029784864301110e-01,7.224560263532124882e-01,2.159530478667823772e-01,6.478591436003471316e-01,-2.160589908040244644e-01,4.318001527963226671e-01
5.072663551377231128e-01,7.224560263532124882e-01,2.151896712154893754e-01,6.455690136464681261e-01,-2.290129953879005420e-01,4.165560182585675841e-01
5.080713873908420108e-01,7.224560263532124882e-01,2.143846389623704773e-01,6.431539168871114320e-01,-2.415096759356694101e-01,4.016442409514420220e-01
5.089165840680560660e-01,7.224560263532124882e-01,2.135394422851564222e-01,6.406183268554692667e-01,-2.535590031642165343e-01,3.870593236912527324e-01
5.098004866776392197e-01,7.224560263532124882e-01,2.126555396755732685e-01,6.379666190267198056e-01,-2.651707828749461093e-01,3.727958361517736963e-01
5.107216688708375862e-01,7.224560263532124882e-01,2.117343574823749019e-01,6.352030724471247058e-01,-2.763546579595099750e-01,3.588484144876147308e-01
5.116787359054847384e-01,7.224560263532124882e-01,2.107772904477277498e-01,6.323318713431832494e-01,-2.871201103941456445e-01,3.452117609490376049e-01
5.126703241162267055e-01,7.224560263532124882e-01,2.097857022369857827e-01,6.293571067109573480e-01,-2.974764632225901373e-01,3.318806434883672107e-01
5.136951003913174940e-01,7.224560263532124882e-01,2.087609259618949942e-01,6.262827778856849825e-01,-3.074328825272365506e-01,3.188498953584484319e-01
5.147517616559441622e-01,7.224560263532124882e-01,2.077042646972683260e-01,6.231127940918049779e-01,-3.169983793880004619e-01,3.061144147038045160e-01
5.158390343620412599e-01,7.224560263532124882e-01,2.066169919911712283e-01,6.198509759735136848e-01,-3.261818118291293089e-01,2.936691641443843759e-01
5.169556739845527771e-01,7.224560263532124882e-01,2.055003523686597111e-01,6.165010571059791333e-01,-3.349918867534551481e-01,2.815091703525239852e-01
5.181004645240995243e-01,7.224560263532124882e-01,2.043555618291129639e-01,6.130666854873388916e-01,-3.434371618640241763e-01,2.696295236233147152e-01
5.192722180160086465e-01,7.224560263532124882e-01,2.031838083372038417e-01,6.095514250116115251e-01,-3.515260475727366440e-01,2.580253774388748811e-01
5.204697740456616373e-01,7.224560263532124882e-01,2.019862523075508509e-01,6.059587569226525527e-01,-3.592668088958972383e-01,2.466919480267553144e-01
5.216919992701173348e-01,7.224560263532124882e-01,2.007640270830951534e-01,6.022920812492854603e-01,-3.666675673367092436e-01,2.356245139125762167e-01
5.229377869459642669e-01,7.224560263532124882e-01,1.995182394072482213e-01,5.985547182217446638e-01,-3.737363027540796523e-01,2.248184154676650115e-01
5.242060564633579389e-01,7.224560263532124882e-01,1.982499698898545493e-01,5.947499096695636478e-01,-3.804808552181015990e-01,2.142690544514620488e-01
5.254957528861967653e-01,7.224560263532124882e-01,1.969602734670157229e-01,5.908808204010471687e-01,-3.869089268516479052e-01,2.039718935493992635e-01
5.268058464983905731e-01,7.224560263532124882e-01,1.956501798548219151e-01,5.869505395644657453e-01,-3.930280836581423465e-01,1.939224559063233988e-01
5.281353323561749358e-01,7.224560263532124882e-01,1.943206939970375524e-01,5.829620819911126572e-01,-3.988457573353088037e-01,1.841163246558038535e-01
5.294832298464249298e-01,7.224560263532124882e-01,1.929727965067875584e-01,5.789183895203626751e-01,-4.043692470749982171e-01,1.745491424453644580e-01
5.308485822509194652e-01,7.224560263532124882e-01,1.916074441022930230e-01,5.748223323068790691e-01,-4.096057213483605963e-01,1.652166109585184728e-01
5.322304563165097813e-01,7.224560263532124882e-01,1.902255700367027069e-01,5.706767101101081208e-01,-4.145622196770948342e-01,1.561144904330132865e-01
5.336279418311434819e-01,7.224560263532124882e-01,1.888280845220690063e-01,5.664842535662070189e-01,-4.192456543901101895e-01,1.472385991760968293e-01
5.350401512056947029e-01,7.224560263532124882e-01,1.874158751475177853e-01,5.622476254425533559e-01,-4.236628123653662925e-01,1.385848130771870634e-01
5.364662190615536730e-01,7.224560263532124882e-01,1.859898072916588152e-01,5.579694218749764456e-01,-4.278203567576910338e-01,1.301490651172854118e-01
5.379053018239243755e-01,7.224560263532124882e-01,1.845507245292881127e-01,5.536521735878643380e-01,-4.317248287112107619e-01,1.219273448766535761e-01
5.393565773207827929e-01,7.224560263532124882e-01,1.830994490324296953e-01,5.492983470972890858e-01,-4.353826490575252173e-01,1.139156980397638685e-01
5.408192443874451083e-01,7.224560263532124882e-01,1.816367819657673799e-01,5.449103458973021397e-01,-4.388001199986946155e-01,1.061102258986075242e-01
5.422925224766973473e-01,7.224560263532124882e-01,1.801635038765151409e-01,5.404905116295454226e-01,-4.419834267756717061e-01,9.850708485387371649e-02
5.437756512744349457e-01,7.224560263532124882e-01,1.786803750787775424e-01,5.360411252363326273e-01,-4.449386393212795276e-01,9.110248591505309967e-02
5.452678903207640593e-01,7.224560263532124882e-01,1.771881360324484289e-01,5.315644080973452867e-01,-4.476717138987340583e-01,8.389269419861122845e-02
5.467685186365129901e-01,7.224560263532124882e-01,1.756875077166994981e-01,5.270625231500984942e-01,-4.501884947246792557e-01,7.687402842541923853e-02
5.482768343551045476e-01,7.224560263532124882e-01,1.741791919981079406e-01,5.225375759943238219e-01,-4.524947155774672325e-01,7.004286041685658937e-02
5.497921543597377170e-01,7.224560263532124882e-01,1.726638719934747712e-01,5.179916159804243136e-01,-4.545960013899508212e-01,6.339561459047349246e-02
5.513138139258300097e-01,7.224560263532124882e-01,1.711422124273824785e-01,5.134266372821474356e-01,-4.564978698276878077e-01,5.692876745445962783e-02
5.528411663686677580e-01,7.224560263532124882e-01,1.696148599845447302e-01,5.088445799536341907e-01,-4.582057328513244876e-01,5.063884710230970310e-02
5.543735826962157276e-01,7.224560263532124882e-01,1.680824436569967606e-01,5.042473309709902818e-01,-4.597248982643908910e-01,4.452243270659939078e-02
5.559104512670343112e-01,7.224560263532124882e-01,1.665455750861781770e-01,4.996367252585345309e-01,-4.610605712455750904e-01,3.857615401295944046e-02
5.574511774532542319e-01,7.224560263532124882e-01,1.650048488999582563e-01,4.950145466998747690e-01,-4.622178558659761904e-01,3.279669083389857853e-02
5.589951833085574640e-01,7.224560263532124882e-01,1.634608430446550242e-01,4.903825291339650727e-01,-4.632017565909696266e-01,2.718077254299544609e-02
5.605419072411150783e-01,7.224560263532124882e-01,1.619141191120974099e-01,4.857423573362922298e-01,-4.640171797672842935e-01,2.172517756900793628e-02
5.620908036914296080e-01,7.224560263532124882e-01,1.603652226617828802e-01,4.810956679853486406e-01,-4.646689350943589147e-01,1.642673289098972589e-02
5.636413428150331972e-01,7.224560263532124882e-01,1.588146835381792910e-01,4.764440506145378729e-01,-4.651617370810767760e-01,1.128231353346109689e-02
5.651930101699901288e-01,7.224560263532124882e-01,1.572630161832223594e-01,4.717890485496670783e-01,-4.655002064870794598e-01,6.288842062587618464e-03
5.667453064091533266e-01,7.224560263532124882e-01,1.557107199440591616e-01,4.671321598321774848e-01,-4.656888717489593432e-01,1.443288083218141615e-03
5.682977469771248735e-01,7.224560263532124882e-01,1.541582793760876147e-01,4.624748381282628440e-01,-4.657321703914640842e-01,-3.257332263201240252e-03
5.698498618118700287e-01,7.224560263532124882e-01,1.526061645413424595e-01,4.578184936240273784e-01,-4.656344504235465642e-01,-7.815956799519185871e-03
5.714011950509352289e-01,7.224560263532124882e-01,1.510548313022772593e-01,4.531644939068317779e-01,-4.653999717195600461e-01,-1.223547781272826818e-02
5.729513047422192251e-01,7.224560263532124882e-01,1.495047216109932631e-01,4.485141648329797892e-01,-4.650329073851988682e-01,-1.651874255221907895e-02
5.744997625592479507e-01,7.224560263532124882e-01,1.479562637939645375e-01,4.438687913818936126e-01,-4.645373451086176608e-01,-2.066855372672404823e-02
5.760461535209040473e-01,7.224560263532124882e-01,1.464098728323084408e-01,4.392296184969253225e-01,-4.639172884968290056e-01,-2.468766999990368305e-02
5.775900757155600918e-01,7.224560263532124882e-01,1.448659506376523964e-01,4.345978519129571893e-01,-4.631766583968133233e-01,-2.857880648385613398e-02
5.791311400295677814e-01,7.224560263532124882e-01,1.433248863236447068e-01,4.299746589709341205e-01,-4.623192942023068852e-01,-3.234463523137276475e-02
5.806689698800523436e-01,7.224560263532124882e-01,1.417870564731601446e-01,4.253611694194804338e-01,-4.613489551453686666e-01,-3.598778572588823277e-02
5.822032009519643170e-01,7.224560263532124882e-01,1.402528254012481712e-01,4.207584762037445136e-01,-4.602693215735920163e-01,-3.951084536984750262e-02
5.837334809393392998e-01,7.224560263532124882e-01,1.387225454138731884e-01,4.161676362416195651e-01,-4.590839962124948492e-01,-4.291635997087528409e-02
5.852594692907171492e-01,7.224560263532124882e-01,1.371965570624953390e-01,4.115896711874860170e-01,-4.577965054133548151e-01,-4.620683422586879807e-02
5.867808369586724471e-01,7.224560263532124882e-01,1.356751893945400411e-01,4.070255681836201234e-01,-4.564103003865893626e-01,-4.938473220296923927e-02
5.882972661534074943e-01,7.224560263532124882e-01,1.341587601998049939e-01,4.024762805994149817e-01,-4.549287584205141677e-01,-5.245247782109918600e-02
5.898084501003604263e-01,7.224560263532124882e-01,1.326475762528520619e-01,3.979427287585561857e-01,-4.533551840858796034e-01,-5.541245532732341772e-02
5.913140928017805997e-01,7.224560263532124882e-01,1.311419335514318885e-01,3.934258006542956654e-01,-4.516928104260520271e-01,-5.826700977175636176e-02
5.928139088022236214e-01,7.224560263532124882e-01,1.296421175509888668e-01,3.889263526529666004e-01,-4.499448001329064972e-01,-6.101844747993989682e-02
5.943076229579186132e-01,7.224560263532124882e-01,1.281484033952938750e-01,3.844452101858816251e-01,-4.481142467084975323e-01,-6.366903652261590718e-02
5.957949702099613054e-01,7.224560263532124882e-01,1.266610561432511828e-01,3.799831684297535483e-01,-4.462041756128076742e-01,-6.622100718305412581e-02
5.972756953612857744e-01,7.224560263532124882e-01,1.251803309919267138e-01,3.755409929757801413e-01,-4.442175453973407073e-01,-6.867655242156056605e-02
5.987495528573680836e-01,7.224560263532124882e-01,1.237064734958444046e-01,3.711194204875332137e-01,-4.421572488246927612e-01,-7.103782833715954759e-02
6.002163065706166423e-01,7.224560263532124882e-01,1.222397197825958459e-01,3.667191593477875378e-01,-4.400261139745675898e-01,-7.330695462678005203e-02
6.016757295884025414e-01,7.224560263532124882e-01,1.207802967648099468e-01,3.623408902944298404e-01,-4.378269053357697338e-01,-7.548601504133989337e-02
6.031276040046842368e-01,7.224560263532124882e-01,1.193284223485282514e-01,3.579852670455847541e-01,-4.355623248845086337e-01,-7.757705783892387963e-02
6.045717207151820594e-01,7.224560263532124882e-01,1.178843056380304288e-01,3.536529169140912865e-01,-4.332350131493467593e-01,-7.958209623525547283e-02
6.060078792160563665e-01,7.224560263532124882e-01,1.164481471371561216e-01,3.493444414114683649e-01,-4.308475502622921560e-01,-8.150310885082379109e-02
6.074358874060455937e-01,7.224560263532124882e-01,1.150201389471668945e-01,3.450604168415006834e-01,-4.284024569967681551e-01,-8.334204015526747167e-02
6.088555613920193510e-01,7.224560263532124882e-01,1.136004649611931372e-01,3.408013948835794116e-01,-4.259021957921271806e-01,-8.510080090854776902e-02
6.102667252979021573e-01,7.224560263532124882e-01,1.121893010553103309e-01,3.365679031659309928e-01,-4.233491717648418806e-01,-8.678126859891088785e-02
6.116692110769251789e-01,7.224560263532124882e-01,1.107868152762873093e-01,3.323604458288619279e-01,-4.207457337069064884e-01,-8.838528787804456055e-02
6.130628583271603427e-01,7.224560263532124882e-01,1.093931680260521455e-01,3.281795040781564365e-01,-4.180941750705491344e-01,-8.991467099239269789e-02
6.144475141102963001e-01,7.224560263532124882e-01,1.080085122429161881e-01,3.240255367287485644e-01,-4.153967349407872156e-01,-9.137119821203865122e-02
6.158230327736110565e-01,7.224560263532124882e-01,1.066329935796014317e-01,3.198989807388042950e-01,-4.126555989944269420e-01,-9.275661825562264706e-02
6.171892757751001879e-01,7.224560263532124882e-01,1.052667505781123003e-01,3.158002517343369009e-01,-4.098729004467394077e-01,-9.407264871240250681e-02
6.185461115117181219e-01,7.224560263532124882e-01,1.039099148414943663e-01,3.117297445244830989e-01,-4.070507209853801989e-01,-9.532097646089709997e-02
6.198934151506899637e-01,7.224560263532124882e-01,1.025626112025225245e-01,3.076878336075675735e-01,-4.041910916915525398e-01,-9.650325808398496630e-02
6.212310684638533420e-01,7.224560263532124882e-01,1.012249578893591462e-01,3.036748736680774385e-01,-4.012959939490134964e-01,-9.762112028093605787e-02
6.225589596649886426e-01,7.224560263532124882e-01,9.989706668822384561e-02,2.996912000646715368e-01,-3.983673603405901709e-01,-9.867616027591863404e-02
6.238769832500964396e-01,7.224560263532124882e-01,9.857904310311604856e-02,2.957371293093481457e-01,-3.954070755323391140e-01,-9.966994622299096829e-02
6.251850398405819353e-01,7.224560263532124882e-01,9.727098651263055284e-02,2.918129595378916585e-01,-3.924169771456487155e-01,-1.006040176077570569e-01
6.264830360293065503e-01,7.224560263532124882e-01,9.597299032390593787e-02,2.879189709717178136e-01,-3.893988566173844923e-01,-1.014798856456666787e-01
6.277708842294666969e-01,7.224560263532124882e-01,9.468514212374579131e-02,2.840554263712373739e-01,-3.863544600480439684e-01,-1.022990336768065944e-01
6.290485025262591012e-01,7.224560263532124882e-01,9.340752382695338696e-02,2.802225714808601609e-01,-3.832854890377213053e-01,-1.030629175568611444e-01
6.303158145312958149e-01,7.224560263532124882e-01,9.214021182191667325e-02,2.764206354657500198e-01,-3.801936015110141120e-01,-1.037729660452640923e-01
6.315727492397280596e-01,7.224560263532124882e-01,9.088327711348442861e-02,2.726498313404532858e-01,-3.770804125296733922e-01,-1.044305811892201064e-01
6.328192408900413790e-01,7.224560263532124882e-01,8.963678546317110918e-02,2.689103563895133275e-01,-3.739474950939958298e-01,-1.050371387044825022e-01
6.340552288264842407e-01,7.224560263532124882e-01,8.840079752672824753e-02,2.652023925801847426e-01,-3.707963809328584937e-01,-1.055939883526737511e-01
6.352806573640917831e-01,7.224560263532124882e-01,8.717536898912070509e-02,2.615261069673621153e-01,-3.676285612822627336e-01,-1.061024543149006183e-01
6.364954756562678506e-01,7.224560263532124882e-01,8.596055069694463757e-02,2.578816520908339127e-01,-3.644454876528202547e-01,-1.065638355619863420e-01
6.376996375648876780e-01,7.224560263532124882e-01,8.475638878832481016e-02,2.542691663649744305e-01,-3.612485725859482244e-01,-1.069794062209737939e-01
6.388931015328854768e-01,7.224560263532124882e-01,8.356292482032701141e-02,2.506887744609810342e-01,-3.580391903993396241e-01,-1.073504159383585899e-01
6.400758304592893966e-01,7.224560263532124882e-01,8.238019589392309161e-02,2.471405876817692748e-01,-3.548186779211759401e-01,-1.076780902394066652e-01
6.412477915766694458e-01,7.224560263532124882e-01,8.120823477654304234e-02,2.436247043296291270e-01,-3.515883352140147800e-01,-1.079636308843856529e-01
6.424089563309610673e-01,7.224560263532124882e-01,8.004707002225142087e-02,2.401412100667542626e-01,-3.483494262874864411e-01,-1.082082162207321785e-01
6.435593002636306181e-01,7.224560263532124882e-01,7.889672608958187006e-02,2.366901782687456102e-01,-3.451031798008652451e-01,-1.084130015321196350e-01
6.446988028961468942e-01,7.224560263532124882e-01,7.775722345706559402e-02,2.332716703711967821e-01,-3.418507897548828112e-01,-1.085791193836860291e-01
6.458274476167248368e-01,7.224560263532124882e-01,7.662857873648765139e-02,2.298857362094629542e-01,-3.385934161733827885e-01,-1.087076799639198343e-01
6.469452215693063390e-01,7.224560263532124882e-01,7.551080478390614914e-02,2.265324143517184474e-01,-3.353321857744506751e-01,-1.087997714227322277e-01
6.480521155447456216e-01,7.224560263532124882e-01,7.440391080846686656e-02,2.232117324254005997e-01,-3.320681926317847754e-01,-1.088564602063841757e-01
6.491481238741642068e-01,7.224560263532124882e-01,7.330790247904828139e-02,2.199237074371448442e-01,-3.288024988255755510e-01,-1.088787913884307068e-01
6.502332443244439597e-01,7.224560263532124882e-01,7.222278202876852848e-02,2.166683460863055855e-01,-3.255361350839258705e-01,-1.088677889976202851e-01
6.513074779958240024e-01,7.224560263532124882e-01,7.114854835738848582e-02,2.134456450721654575e-01,-3.222701014140127995e-01,-1.088244563418473421e-01
6.523708292215698590e-01,7.224560263532124882e-01,7.008519713164262921e-02,2.102555913949278876e-01,-3.190053677237569829e-01,-1.087497763288290953e-01
6.534233054696827470e-01,7.224560263532124882e-01,6.903272088352974123e-02,2.070981626505892237e-01,-3.157428744338663940e-01,-1.086447117832771703e-01
6.544649172466173725e-01,7.224560263532124882e-01,6.799110910659511564e-02,2.039733273197853469e-01,-3.124835330803876765e-01,-1.085102057606023296e-01
6.554956780029759233e-01,7.224560263532124882e-01,6.696034835023656484e-02,2.008810450507096945e-01,-3.092282269075652401e-01,-1.083471818568555456e-01
6.565156040411488370e-01,7.224560263532124882e-01,6.594042231206365123e-02,1.978212669361909537e-01,-3.059778114518740821e-01,-1.081565445156831284e-01
6.575247144248701492e-01,7.224560263532124882e-01,6.493131192834233900e-02,1.947939357850270170e-01,-3.027331151163936696e-01,-1.079391793313666525e-01
6.585230308906583341e-01,7.224560263532124882e-01,6.393299546255415411e-02,1.917989863876624623e-01,-2.994949397364554677e-01,-1.076959533487930054e-01
6.595105777611116604e-01,7.224560263532124882e-01,6.294544859210082777e-02,1.888363457763024833e-01,-2.962640611359979026e-01,-1.074277153596954193e-01
6.604873818600289770e-01,7.224560263532124882e-01,6.196864449318351120e-02,1.859059334795505336e-01,-2.930412296751949697e-01,-1.071352961956444361e-01
6.614534724293267276e-01,7.224560263532124882e-01,6.100255392388576059e-02,1.830076617716572818e-01,-2.898271707893251836e-01,-1.068195090176679019e-01
6.624088810477226641e-01,7.224560263532124882e-01,6.004714530548982410e-02,1.801414359164694723e-01,-2.866225855187809479e-01,-1.064811496023114756e-01
6.633536415511583906e-01,7.224560263532124882e-01,5.910238480205409761e-02,1.773071544061622928e-01,-2.834281510307179452e-01,-1.061209966245556524e-01
6.642877899549316512e-01,7.224560263532124882e-01,5.816823639828083703e-02,1.745047091948425111e-01,-2.802445211319781748e-01,-1.057398119371356637e-01
6.652113643775112717e-01,7.224560263532124882e-01,5.724466197570121651e-02,1.717339859271036495e-01,-2.770723267738861573e-01,-1.053383408467825078e-01
6.661244049660062228e-01,7.224560263532124882e-01,5.633162138720626544e-02,1.689948641616187963e-01,-2.739121765484853199e-01,-1.049173123868665236e-01
6.670269538232624917e-01,7.224560263532124882e-01,5.542907252994999645e-02,1.662872175898499894e-01,-2.707646571768806965e-01,-1.044774395870307071e-01
6.679190549365600083e-01,7.224560263532124882e-01,5.453697141665247994e-02,1.636109142499574398e-01,-2.676303339892549538e-01,-1.040194197392975139e-01
6.688007541078836438e-01,7.224560263532124882e-01,5.365527224532884443e-02,1.609658167359865333e-01,-2.645097513970906533e-01,-1.035439346611041200e-01
6.696720988857410850e-01,7.224560263532124882e-01,5.278392746747140318e-02,1.583517824024142095e-01,-2.614034333572323732e-01,-1.030516509548181636e-01
6.705331384985030452e-01,7.224560263532124882e-01,5.192288785470944301e-02,1.557686635641283290e-01,-2.583118838285880514e-01,-1.025432202644597224e-01
6.713839237892386125e-01,7.224560263532124882e-01,5.107210256397387571e-02,1.532163076919216271e-01,-2.552355872206701903e-01,-1.020192795287485632e-01
6.722245071520213111e-01,7.224560263532124882e-01,5.023151920119117708e-02,1.506945576035735312e-01,-2.521750088348095886e-01,-1.014804512312360574e-01
6.730549424696808947e-01,7.224560263532124882e-01,4.940108388353159352e-02,1.482032516505947806e-01,-2.491305952978750682e-01,-1.009273436472802876e-01
6.738752850529756699e-01,7.224560263532124882e-01,4.858074130023681825e-02,1.457422239007104547e-01,-2.461027749884325821e-01,-1.003605510877221274e-01
6.746855915811617033e-01,7.224560263532124882e-01,4.777043477205078492e-02,1.433113043161523548e-01,-2.430919584558099977e-01,-9.978065413965764296e-02
6.754859200439338185e-01,7.224560263532124882e-01,4.697010630927866970e-02,1.409103189278360091e-01,-2.400985388316345670e-01,-9.918821990379855791e-02
6.762763296847155159e-01,7.224560263532124882e-01,4.617969666849697230e-02,1.385390900054909169e-01,-2.371228922345092194e-01,-9.858380222901830248e-02
6.770568809452742753e-01,7.224560263532124882e-01,4.539914540793821285e-02,1.361974362238146385e-01,-2.341653781676278356e-01,-9.796794194381319709e-02
6.778276354116387070e-01,7.224560263532124882e-01,4.462839094157378117e-02,1.338851728247213435e-01,-2.312263399093295035e-01,-9.734116708460816003e-02
6.785886557612946790e-01,7.224560263532124882e-01,4.386737059191780919e-02,1.316021117757534276e-01,-2.283061048967915951e-01,-9.670399312103816758e-02
6.793400057116385504e-01,7.224560263532124882e-01,4.311602064157393777e-02,1.293480619247218133e-01,-2.254049851031614260e-01,-9.605692317843961270e-02
6.800817499696645285e-01,7.224560263532124882e-01,4.237427638354795967e-02,1.271228291506438790e-01,-2.225232774077934295e-01,-9.540044825714955046e-02
6.808139541828648333e-01,7.224560263532124882e-01,4.164207217034765485e-02,1.249262165110429645e-01,-2.196612639600914463e-01,-9.473504744904848174e-02
6.815366848913202436e-01,7.224560263532124882e-01,4.091934146189224464e-02,1.227580243856767339e-01,-2.168192125366230627e-01,-9.406118815094632879e-02
6.822500094809604843e-01,7.224560263532124882e-01,4.020601687225200394e-02,1.206180506167560118e-01,-2.139973768920722108e-01,-9.337932627531619900e-02
6.829539961379732516e-01,7.224560263532124882e-01,3.950203021523923663e-02,1.185060906457177099e-01,-2.111959971038301909e-01,-9.268990645811248097e-02
6.836487138043402245e-01,7.224560263532124882e-01,3.880731254887226367e-02,1.164219376466167910e-01,-2.084152999100918890e-01,-9.199336226347509804e-02
6.843342321344808576e-01,7.224560263532124882e-01,3.812179421873163054e-02,1.143653826561948916e-01,-2.056554990421899376e-01,-9.129011638599504597e-02
6.850106214529828597e-01,7.224560263532124882e-01,3.744540490022962853e-02,1.123362147006888856e-01,-2.029167955506006038e-01,-9.058058084991171821e-02
6.856779527133998187e-01,7.224560263532124882e-01,3.677807363981266953e-02,1.103342209194380086e-01,-2.001993781250877014e-01,-8.986515720564969278e-02
6.863362974580962117e-01,7.224560263532124882e-01,3.611972889511627649e-02,1.083591866853488295e-01,-1.975034234089179108e-01,-8.914423672356908135e-02
6.869857277791202588e-01,7.224560263532124882e-01,3.547029857409222942e-02,1.064108957222766882e-01,-1.948290963072141224e-01,-8.841820058493743417e-02
6.876263162800858586e-01,7.224560263532124882e-01,3.482971007312662959e-02,1.044891302193798888e-01,-1.921765502896799482e-01,-8.768742007030005947e-02
6.882581360390443992e-01,7.224560263532124882e-01,3.419789031416808900e-02,1.025936709425042670e-01,-1.895459276875621768e-01,-8.695225674505790980e-02
6.888812605723284577e-01,7.224560263532124882e-01,3.357476578088403052e-02,1.007242973426520916e-01,-1.869373599852175438e-01,-8.621306264256545226e-02
6.894957637993482935e-01,7.224560263532124882e-01,3.296026255386419468e-02,9.888078766159258404e-02,-1.843509681059507521e-01,-8.547018044435816808e-02
6.901017200083237046e-01,7.224560263532124882e-01,3.235430634488878354e-02,9.706291903466635063e-02,-1.817868626926233411e-01,-8.472394365795699045e-02
6.906992038229332609e-01,7.224560263532124882e-01,3.175682253027922730e-02,9.527046759083768190e-02,-1.792451443828668722e-01,-8.397467679202919033e-02
6.912882901698635951e-01,7.224560263532124882e-01,3.116773618334889306e-02,9.350320855004667919e-02,-1.767259040791002711e-01,-8.322269552905359191e-02
6.918690542472410998e-01,7.224560263532124882e-01,3.058697210597138838e-02,9.176091631791416514e-02,-1.742292232132514052e-01,-8.246830689533724001e-02
6.924415714939290423e-01,7.224560263532124882e-01,3.001445485928344592e-02,9.004336457785033776e-02,-1.717551740063827381e-01,-8.171180942853240037e-02
6.930059175596741117e-01,7.224560263532124882e-01,2.945010879353837652e-02,8.835032638061512955e-02,-1.693038197235208209e-01,-8.095349334290569132e-02
6.935621682760848561e-01,7.224560263532124882e-01,2.889385807712763210e-02,8.668157423138289630e-02,-1.668752149232233251e-01,-8.019364069184042876e-02
6.941103996284264666e-01,7.224560263532124882e-01,2.834562672478602163e-02,8.503688017435806490e-02,-1.644694057024831402e-01,-7.943252552812507528e-02
6.946506877282152548e-01,7.224560263532124882e-01,2.780533862499723341e-02,8.341601587499170023e-02,-1.620864299366364669e-01,-7.867041406164476669e-02
6.951831087865978365e-01,7.224560263532124882e-01,2.727291756661465172e-02,8.181875269984395516e-02,-1.597263175147745073e-01,-7.790756481493055219e-02
6.957077390884989221e-01,7.224560263532124882e-01,2.674828726471356610e-02,8.024486179414069831e-02,-1.573890905703256848e-01,-7.714422877618498653e-02
6.962246549675223939e-01,7.224560263532124882e-01,2.623137138569009430e-02,7.869411415707028290e-02,-1.550747637070415408e-01,-7.638064954997125788e-02
6.967339327815909034e-01,7.224560263532124882e-01,2.572209357162158483e-02,7.716628071486475449e-02,-1.527833442205528414e-01,-7.561706350568808688e-02
6.972356488893088899e-01,7.224560263532124882e-01,2.522037746390359825e-02,7.566113239171079474e-02,-1.505148323153959744e-01,-7.485369992368517966e-02
6.977298796270344772e-01,7.224560263532124882e-01,2.472614672617801101e-02,7.417844017853403304e-02,-1.482692213176761697e-01,-7.409078113914213670e-02
6.982167012866461464e-01,7.224560263532124882e-01,2.423932506656634178e-02,7.271797519969902535e-02,-1.460464978835007699e-01,-7.332852268380174454e-02
6.986961900939894221e-01,7.224560263532124882e-01,2.375983625922306608e-02,7.127950877766919824e-02,-1.438466422029827108e-01,-7.256713342531351252e-02
6.991684221879901351e-01,7.224560263532124882e-01,2.328760416522235310e-02,6.986281249566705931e-02,-1.416696282002138929e-01,-7.180681570454683360e-02
6.996334736004203858e-01,7.224560263532124882e-01,2.282255275279210238e-02,6.846765825837630715e-02,-1.395154237290752164e-01,-7.104776547069890924e-02
7.000914202363036631e-01,7.224560263532124882e-01,2.236460611690882505e-02,6.709381835072647515e-02,-1.373839907649831993e-01,-7.029017241425672413e-02
7.005423378549454627e-01,7.224560263532124882e-01,2.191368849826702547e-02,6.574106549480107642e-02,-1.352752855925398734e-01,-6.953422009773879697e-02
7.009863020515775256e-01,7.224560263532124882e-01,2.146972430163496259e-02,6.440917290490488778e-02,-1.331892589896188639e-01,-6.878008608471397611e-02
7.014233882396010422e-01,7.224560263532124882e-01,2.103263811361144597e-02,6.309791434083433792e-02,-1.311258564070549859e-01,-6.802794206622064799e-02
7.018536716334179415e-01,7.224560263532124882e-01,2.060235471979454669e-02,6.180706415938364007e-02,-1.290850181450697853e-01,-6.727795398568614527e-02
7.022772272318362763e-01,7.224560263532124882e-01,2.017879912137621190e-02,6.053639736412863570e-02,-1.270666795255004367e-01,-6.653028216137180095e-02
7.026941298020384918e-01,7.224560263532124882e-01,1.976189655117399635e-02,5.928568965352198905e-02,-1.250707710606646650e-01,-6.578508140714267594e-02
7.031044538641000319e-01,7.224560263532124882e-01,1.935157248911245631e-02,5.805471746733736893e-02,-1.230972186184620121e-01,-6.504250115112464314e-02
7.035082736760464028e-01,7.224560263532124882e-01,1.894775267716608536e-02,5.684325803149825607e-02,-1.211459435839112864e-01,-6.430268555241303030e-02
7.039056632194375940e-01,7.224560263532124882e-01,1.855036313377489421e-02,5.565108940132468263e-02,-1.192168630173573440e-01,-6.356577361603266141e-02
7.042966961854671970e-01,7.224560263532124882e-01,1.815933016774529118e-02,5.447799050323587355e-02,-1.173098898088809072e-01,-6.283189930564503367e-02
7.046814459615662329e-01,7.224560263532124882e-01,1.777458039164625525e-02,5.332374117493876575e-02,-1.154249328297107802e-01,-6.210119165477201442e-02
7.050599856184998071e-01,7.224560263532124882e-01,1.739604073471268109e-02,5.218812220413804326e-02,-1.135618970800722494e-01,-6.137377487593420611e-02
7.054323878979457119e-01,7.224560263532124882e-01,1.702363845526677633e-02,5.107091536580032898e-02,-1.117206838337714281e-01,-6.064976846797109911e-02
7.057987252005448742e-01,7.224560263532124882e-01,1.665730115266761402e-02,4.997190345800284206e-02,-1.099011907797486920e-01,-5.992928732174584994e-02
7.061590695744118795e-01,7.224560263532124882e-01,1.629695677880060867e-02,4.889087033640182600e-02,-1.081033121601016056e-01,-5.921244182369977960e-02
7.065134927040964685e-01,7.224560263532124882e-01,1.594253364911601967e-02,4.782760094734805900e-02,-1.063269389053767000e-01,-5.849933795802864100e-02
7.068620658999852369e-01,7.224560263532124882e-01,1.559396045322725133e-02,4.678188135968175398e-02,-1.045719587666305017e-01,-5.779007740694874773e-02
7.072048600881333247e-01,7.224560263532124882e-01,1.525116626507916351e-02,4.575349879523749053e-02,-1.028382564444263458e-01,-5.708475764918885531e-02
7.075419458005164364e-01,7.224560263532124882e-01,1.491408055269605182e-02,4.474224165808815545e-02,-1.011257137149335072e-01,-5.638347205684535179e-02
7.078733931656938649e-01,7.224560263532124882e-01,1.458263318751862325e-02,4.374789956255586976e-02,-9.943420955322856969e-02,-5.568630999067269993e-02
7.081992718998723069e-01,7.224560263532124882e-01,1.425675445334018132e-02,4.277026336002054396e-02,-9.776362025353257934e-02,-5.499335689351203538e-02
7.085196512983613637e-01,7.224560263532124882e-01,1.393637505485112449e-02,4.180912516455337347e-02,-9.611381954671704975e-02,-5.430469438216367628e-02
7.088346002274121815e-01,7.224560263532124882e-01,1.362142612580030665e-02,4.086427837740091995e-02,-9.448467871524535155e-02,-5.362040033784443160e-02
7.091441871164292365e-01,7.224560263532124882e-01,1.331183923678325165e-02,3.993551771034975495e-02,-9.287606670511650009e-02,-5.294054899476674514e-02
7.094484799505468287e-01,7.224560263532124882e-01,1.300754640266565954e-02,3.902263920799697861e-02,-9.128785023527763443e-02,-5.226521102728065582e-02
7.097475462635617349e-01,7.224560263532124882e-01,1.270848008965075326e-02,3.812544026895225979e-02,-8.971989390447188129e-02,-5.159445363551962149e-02
7.100414531312130295e-01,7.224560263532124882e-01,1.241457322199945867e-02,3.724371966599837602e-02,-8.817206029538837697e-02,-5.092834062939000095e-02
7.103302671648014099e-01,7.224560263532124882e-01,1.212575918841107825e-02,3.637727756523323475e-02,-8.664421007651412765e-02,-5.026693251128089290e-02
7.106140545051387036e-01,7.224560263532124882e-01,1.184197184807378456e-02,3.552591554422135367e-02,-8.513620210118810760e-02,-4.961028655696675393e-02
7.108928808168202274e-01,7.224560263532124882e-01,1.156314553639226084e-02,3.468943660917678251e-02,-8.364789350445711591e-02,-4.895845689528033340e-02
7.111668112828122279e-01,7.224560263532124882e-01,1.128921507040026029e-02,3.386764521120078086e-02,-8.217913979760016474e-02,-4.831149458639938388e-02
7.114359105993456334e-01,7.224560263532124882e-01,1.102011575386685482e-02,3.306034726160056447e-02,-8.072979496002163913e-02,-4.766944769842107466e-02
7.117002429711091205e-01,7.224560263532124882e-01,1.075578338210336771e-02,3.226735014631010312e-02,-7.929971152904613518e-02,-4.703236138273603206e-02
7.119598721067343927e-01,7.224560263532124882e-01,1.049615424647809547e-02,3.148846273943428642e-02,-7.788874068758167013e-02,-4.640027794814738371e-02
7.122148612145647872e-01,7.224560263532124882e-01,1.024116513864770095e-02,3.072349541594310285e-02,-7.649673234911835706e-02,-4.577323693317525422e-02
7.124652729987018818e-01,7.224560263532124882e-01,9.990753354510606421e-03,2.997226006353181926e-02,-7.512353524112835856e-02,-4.515127517759653930e-02
7.127111696553212195e-01,7.224560263532124882e-01,9.744856697891268738e-03,2.923457009367380621e-02,-7.376899698580130504e-02,-4.453442689212749883e-02
7.129526128692513787e-01,7.224560263532124882e-01,9.503413483961109520e-03,2.851024045188332856e-02,-7.243296417904776519e-02,-4.392272372716443662e-02
7.131896638108088382e-01,7.224560263532124882e-01,9.266362542403649982e-03,2.779908762721094995e-02,-7.111528246723786140e-02,-4.331619484002691145e-02
7.134223831328823096e-01,7.224560263532124882e-01,9.033643220330178636e-03,2.710092966099053591e-02,-6.981579662204140391e-02,-4.271486696105086800e-02
7.136508309682596529e-01,7.224560263532124882e-01,8.805195384952835269e-03,2.641558615485850581e-02,-6.853435061320301003e-02,-4.211876445834450422e-02
7.138750669271911597e-01,7.224560263532124882e-01,8.580959426021328440e-03,2.574287827806398532e-02,-6.727078767945204874e-02,-4.152790940138806342e-02
7.140951500951825404e-01,7.224560263532124882e-01,8.360876258029947827e-03,2.508262877408984348e-02,-6.602495039741418381e-02,-4.094232162332434033e-02
7.143111390310115105e-01,7.224560263532124882e-01,8.144887322200977664e-03,2.443466196660293299e-02,-6.479668074869104899e-02,-4.036201878208811600e-02
7.145230917649623148e-01,7.224560263532124882e-01,7.932934588250173391e-03,2.379880376475052017e-02,-6.358582018524128188e-02,-3.978701642049076170e-02
7.147310657972710812e-01,7.224560263532124882e-01,7.724960555941406959e-03,2.317488166782422088e-02,-6.239220969262992966e-02,-3.921732802480570879e-02
7.149351180967773445e-01,7.224560263532124882e-01,7.520908256435143713e-03,2.256272476930543114e-02,-6.121568985187897383e-02,-3.865296508257354269e-02
7.151353050997754091e-01,7.224560263532124882e-01,7.320721253437079135e-03,2.196216376031123740e-02,-6.005610089941937346e-02,-3.809393713910813606e-02
7.153316827090595575e-01,7.224560263532124882e-01,7.124343644152930644e-03,2.137303093245879193e-02,-5.891328278524454731e-02,-3.754025185278575538e-02
7.155243062931584408e-01,7.224560263532124882e-01,6.931720060054047394e-03,2.079516018016214218e-02,-5.778707522966497478e-02,-3.699191504950283260e-02
7.157132306857523218e-01,7.224560263532124882e-01,6.742795667460166342e-03,2.022838700238049903e-02,-5.667731777816431560e-02,-3.644893077578381657e-02
7.158985101852686217e-01,7.224560263532124882e-01,6.557516167943866492e-03,1.967254850383159948e-02,-5.558384985488995511e-02,-3.591130135105835564e-02
7.160801985546497717e-01,7.224560263532124882e-01,6.375827798562716531e-03,1.912748339568814959e-02,-5.450651081434498835e-02,-3.537902741865683875e-02
7.162583490212891535e-01,7.224560263532124882e-01,6.197677331923334698e-03,1.859303199577000409e-02,-5.344513999181454977e-02,-3.485210799604454568e-02
7.164330142771289101e-01,7.224560263532124882e-01,6.023012076083578137e-03,1.806903622825073441e-02,-5.239957675192696840e-02,-3.433054052367623399e-02
7.166042464789162958e-01,7.224560263532124882e-01,5.851779874296192396e-03,1.755533962288857719e-02,-5.136966053621572215e-02,-3.381432091332714496e-02
7.167720972486123499e-01,7.224560263532124882e-01,5.683929104600138338e-03,1.705178731380041501e-02,-5.035523090881621755e-02,-3.330344359501580254e-02
7.169366176739488949e-01,7.224560263532124882e-01,5.519408679263593243e-03,1.655822603779077973e-02,-4.935612760096352858e-02,-3.279790156317274885e-02
7.170978583091290881e-01,7.224560263532124882e-01,5.358168044083400083e-03,1.607450413225020025e-02,-4.837219055405794776e-02,-3.229768642180774751e-02
7.172558691756670823e-01,7.224560263532124882e-01,5.200157177545405851e-03,1.560047153263621755e-02,-4.740325996139826970e-02,-3.180278842876205214e-02
7.174106997633622473e-01,7.224560263532124882e-01,5.045326589850240850e-03,1.513597976955072255e-02,-4.644917630854950019e-02,-3.131319653899877764e-02
7.175623990314035083e-01,7.224560263532124882e-01,4.893627321808979858e-03,1.468088196542693957e-02,-4.550978041237829785e-02,-3.082889844695135828e-02
7.177110154096000283e-01,7.224560263532124882e-01,4.745010943612459897e-03,1.423503283083737969e-02,-4.458491345895598812e-02,-3.034988062811860843e-02
7.178565967997337927e-01,7.224560263532124882e-01,4.599429553478695532e-03,1.379828866043608659e-02,-4.367441704012930970e-02,-2.987612837969322310e-02
7.179991905770295446e-01,7.224560263532124882e-01,4.456835776182943576e-03,1.337050732854883073e-02,-4.277813318872558668e-02,-2.940762586017675595e-02
7.181388435917392954e-01,7.224560263532124882e-01,4.317182761473192798e-03,1.295154828441957839e-02,-4.189590441292523337e-02,-2.894435612850565498e-02
7.182756021708361915e-01,7.224560263532124882e-01,4.180424182376296649e-03,1.254127254712888995e-02,-4.102757372906884470e-02,-2.848630118193995475e-02
7.184095121198149636e-01,7.224560263532124882e-01,4.046514233397524585e-03,1.213954270019257375e-02,-4.017298469363161928e-02,-2.803344199343904553e-02
7.185406187245942933e-01,7.224560263532124882e-01,3.915407628618194913e-03,1.174622288585458474e-02,-3.933198143379890155e-02,-2.758575854794431681e-02
7.186689667535188786e-01,7.224560263532124882e-01,3.787059599693609613e-03,1.136117879908082884e-02,-3.850440867737559003e-02,-2.714322987829476119e-02
7.187946004594556459e-01,7.224560263532124882e-01,3.661425893756842243e-03,1.098427768127052673e-02,-3.769011178103021109e-02,-2.670583409975968436e-02
7.189175635819824439e-01,7.224560263532124882e-01,3.538462771230044268e-03,1.061538831369013280e-02,-3.688893675803939232e-02,-2.627354844434925951e-02
7.190378993496647775e-01,7.224560263532124882e-01,3.418127003547710707e-03,1.025438101064313212e-02,-3.610073030470006827e-02,-2.584634929405693615e-02
7.191556504824176965e-01,7.224560263532124882e-01,3.300375870794791666e-03,9.901127612384374999e-03,-3.532533982587571231e-02,-2.542421221349133731e-02
7.192708591939492857e-01,7.224560263532124882e-01,3.185167159263202485e-03,9.555501477789607456e-03,-3.456261345947675423e-02,-2.500711198168714677e-02
7.193835671942827581e-01,7.224560263532124882e-01,3.072459158929730094e-03,9.217377476789190283e-03,-3.381240010004171737e-02,-2.459502262325252708e-02
7.194938156923538219e-01,7.224560263532124882e-01,2.962210660858666245e-03,8.886631982575998734e-03,-3.307454942131915487e-02,-2.418791743874315614e-02
7.196016453986809891e-01,7.224560263532124882e-01,2.854380954531499093e-03,8.563142863594497278e-03,-3.234891189815014556e-02,-2.378576903455564828e-02
7.197070965281047172e-01,7.224560263532124882e-01,2.748929825107770952e-03,8.246789475323312857e-03,-3.163533882711844214e-02,-2.338854935179512928e-02
7.198102088025932765e-01,7.224560263532124882e-01,2.645817550619211644e-03,7.937452651857634933e-03,-3.093368234656779237e-02,-2.299622969471015743e-02
7.199110214541123431e-01,7.224560263532124882e-01,2.545004899100145046e-03,7.635014697300435138e-03,-3.024379545571997951e-02,-2.260878075841954438e-02
7.200095732275556548e-01,7.224560263532124882e-01,2.446453125656833372e-03,7.339359376970500115e-03,-2.956553203299350230e-02,-2.222617265602300218e-02
7.201059023837332873e-01,7.224560263532124882e-01,2.350123969479200881e-03,7.050371908437602642e-03,-2.889874685328974735e-02,-2.184837494485214471e-02
7.202000467024164410e-01,7.224560263532124882e-01,2.255979650796047231e-03,6.767938952388141693e-03,-2.824329560494609481e-02,-2.147535665255795312e-02
7.202920434854344078e-01,7.224560263532124882e-01,2.163982867778080355e-03,6.491948603334241064e-03,-2.759903490539006299e-02,-2.110708630205582192e-02
7.203819295598221650e-01,7.224560263532124882e-01,2.074096793390323157e-03,6.222290380170969470e-03,-2.696582231632715931e-02,-2.074353193615618984e-02
7.204697412810162627e-01,7.224560263532124882e-01,1.986285072196225521e-03,5.958855216588676562e-03,-2.634351635822929083e-02,-2.038466114164061427e-02
7.205555145360962310e-01,7.224560263532124882e-01,1.900511817116257163e-03,5.701535451348771488e-03,-2.573197652399050739e-02,-2.003044107264173590e-02
7.206392847470689533e-01,7.224560263532124882e-01,1.816741606143534860e-03,5.450224818430604579e-03,-2.513106329181669096e-02,-1.968083847338608638e-02
7.207210868741943388e-01,7.224560263532124882e-01,1.734939479018149378e-03,5.204818437054448133e-03,-2.454063813761564461e-02,-1.933581970056119648e-02
7.208009554193496315e-01,7.224560263532124882e-01,1.655070933862856641e-03,4.965212801588569924e-03,-2.396056354658782084e-02,-1.899535074499925091e-02
7.208789244294304677e-01,7.224560263532124882e-01,1.577101923782020521e-03,4.731305771346061562e-03,-2.339070302425083625e-02,-1.865939725290477469e-02
7.209550274997859054e-01,7.224560263532124882e-01,1.500998853426582791e-03,4.502996560279748373e-03,-2.283092110663131891e-02,-1.832792454635157053e-02
7.210292977776867618e-01,7.224560263532124882e-01,1.426728575525726406e-03,4.280185726577179217e-03,-2.228108337025691554e-02,-1.800089764367973633e-02
7.211017679658232593e-01,7.224560263532124882e-01,1.354258387389228879e-03,4.062775162167686638e-03,-2.174105644094925793e-02,-1.767828127878157130e-02
7.211724703258318714e-01,7.224560263532124882e-01,1.283556027380616804e-03,3.850668082141850412e-03,-2.121070800258362254e-02,-1.736003992044177213e-02
7.212414366818484801e-01,7.224560263532124882e-01,1.214589671364008083e-03,3.643769014092024250e-03,-2.068990680498261625e-02,-1.704613779089059200e-02
7.213086984240859589e-01,7.224560263532124882e-01,1.147327929126529256e-03,3.441983787379587767e-03,-2.017852267124364829e-02,-1.673653888386406052e-02
7.213742865124350701e-01,7.224560263532124882e-01,1.081739840777418138e-03,3.245219522332254414e-03,-1.967642650473333532e-02,-1.643120698240108091e-02
7.214382314800859008e-01,7.224560263532124882e-01,1.017794873126587341e-03,3.053384619379762022e-03,-1.918349029524923921e-02,-1.613010567586947719e-02
7.215005634371691734e-01,7.224560263532124882e-01,9.554629160433147916e-04,2.866388748129944375e-03,-1.869958712498176467e-02,-1.583319837685182030e-02
7.215613120744147624e-01,7.224560263532124882e-01,8.947142787977258038e-04,2.684142836393177411e-03,-1.822459117367669634e-02,-1.554044833728351893e-02
7.216205066668266443e-01,7.224560263532124882e-01,8.355196863858438405e-04,2.506559059157531522e-03,-1.775837772356458899e-02,-1.525181866440705747e-02
7.216781760773720578e-01,7.224560263532124882e-01,7.778502758404304274e-04,2.333550827521291282e-03,-1.730082316362402395e-02,-1.496727233610273267e-02
7.217343487606838748e-01,7.224560263532124882e-01,7.216775925286134097e-04,2.165032777585840229e-03,-1.685180499354510530e-02,-1.468677221595926508e-02
7.217890527667740752e-01,7.224560263532124882e-01,6.669735864384129798e-04,2.000920759315238939e-03,-1.641120182706012898e-02,-1.441028106774489004e-02
7.218423157447575456e-01,7.224560263532124882e-01,6.137106084549426299e-04,1.841131825364827890e-03,-1.597889339504110495e-02,-1.413776156967627706e-02
7.218941649465839827e-01,7.224560263532124882e-01,5.618614066285054776e-04,1.685584219885516433e-03,-1.555476054793114571e-02,-1.386917632804562928e-02
7.219446272307776802e-01,7.224560263532124882e-01,5.113991224348080067e-04,1.534197367304424020e-03,-1.513868525810924126e-02,-1.360448789080481724e-02
7.219937290661823104e-01,7.224560263532124882e-01,4.622972870301778059e-04,1.386891861090533418e-03,-1.473055062138906024e-02,-1.334365876029852682e-02
7.220414965357108139e-01,7.224560263532124882e-01,4.145298175016742803e-04,1.243589452505022841e-03,-1.433024085855105767e-02,-1.308665140604603483e-02
7.220879553400987305e-01,7.224560263532124882e-01,3.680710131137576724e-04,1.104213039341273017e-03,-1.393764131637498238e-02,-1.283342827703370936e-02
7.221331308016589734e-01,7.224560263532124882e-01,3.228955515535147924e-04,9.686866546605443773e-04,-1.355263846807286399e-02,-1.258395181341231961e-02
7.221770478680378247e-01,7.224560263532124882e-01,2.789784851746635042e-04,8.369354555239905125e-04,-1.317511991365538648e-02,-1.233818445813139597e-02
7.222197311159709310e-01,7.224560263532124882e-01,2.362952372415572100e-04,7.088857117246716300e-04,-1.280497437993188825e-02,-1.209608866820721662e-02
7.222612047550371894e-01,7.224560263532124882e-01,1.948215981752987602e-04,5.844647945258962807e-04,-1.244209171987753493e-02,-1.185762692535163865e-02
7.223014926314109685e-01,7.224560263532124882e-01,1.545337218015196967e-04,4.636011654045590902e-04,-1.208636291213371905e-02,-1.162276174672915996e-02
7.223406182316099988e-01,7.224560263532124882e-01,1.154081216024893664e-04,3.462243648074680991e-04,-1.173768005970909911e-02,-1.139145569490163101e-02
7.223786046862396004e-01,7.224560263532124882e-01,7.742166697288777044e-05,2.322650009186633113e-04,-1.139593638888047877e-02,-1.116367138796181546e-02
7.224154747737303595e-01,7.224560263532124882e-01,4.055157948212873009e-05,1.216547384463861903e-04,-1.106102624722771210e-02,-1.093937150878132591e-02
7.224512509240702540e-01,7.224560263532124882e-01,4.775429142234166591e-06,1.432628742670249977e-05,-1.073284510196836905e-02,-1.071851881454166655e-02
7.224859552225286752e-01,7.224560263532124882e-01,-2.992886931618699009e-05,-8.978660794856097027e-05,-1.041128953752634700e-02,-1.050107614547490797e-02
7.225196094133725655e-01,7.224560263532124882e-01,-6.358306016007730932e-05,-1.907491804802319280e-04,-1.009625725316709577e-02,-1.028700643364732770e-02
7.225522349035731207e-01,7.224560263532124882e-01,-9.620855036063247212e-05,-2.886256510818974164e-04,-9.787647060166548840e-03,-1.007627271124844626e-02
7.225838527665024991e-01,7.224560263532124882e-01,-1.278264132900108763e-04,-3.834792398700326288e-04,-9.485358878813521244e-03,-9.868838118683553873e-03
7.226144837456199843e-01,7.224560263532124882e-01,-1.584573924074961226e-04,-4.753721772224883679e-04,-9.189293735245573913e-03,-9.664665912468062281e-03
7.226441482581462683e-01,7.224560263532124882e-01,-1.881219049337801152e-04,-5.643657148013403457e-04,-8.899353757885197780e-03,-9.463719472686538126e-03
7.226728663987252999e-01,7.224560263532124882e-01,-2.168400455128116633e-04,-6.505201365384349899e-04,-8.615442173709464413e-03,-9.265962310247899403e-03
7.227006579430732547e-01,7.224560263532124882e-01,-2.446315898607664963e-04,-7.338947695822994888e-04,-8.337463304386449892e-03,-9.071358073968749380e-03
7.227275423516138497e-01,7.224560263532124882e-01,-2.715159984013615357e-04,-8.145479952040846072e-04,-8.065322562178511845e-03,-8.879870557382596452e-03
7.227535387730986693e-01,7.224560263532124882e-01,-2.975124198861811564e-04,-8.925372596585434692e-04,-7.798926445445886202e-03,-8.691463705104429671e-03
7.227786660482130587e-01,7.224560263532124882e-01,-3.226396950005705477e-04,-9.679190850017116432e-04,-7.538182534316817396e-03,-8.506101619318529039e-03
7.228029427131654749e-01,7.224560263532124882e-01,-3.469163599529867525e-04,-1.040749079858960258e-03,-7.282999485724861444e-03,-8.323748565583821701e-03
7.228263870032612948e-01,7.224560263532124882e-01,-3.703606500488065834e-04,-1.111081950146419750e-03,-7.033287028745949243e-03,-8.144368978892368993e-03
7.228490168564593032e-01,7.224560263532124882e-01,-3.929905032468150594e-04,-1.178971509740445178e-03,-6.788955959402542817e-03,-7.967927469142987995e-03
7.228708499169103074e-01,7.224560263532124882e-01,-4.148235636978192531e-04,-1.244470691093457759e-03,-6.549918135301258104e-03,-7.794388826394715863e-03
7.228919035384787639e-01,7.224560263532124882e-01,-4.358771852662757240e-04,-1.307631555798827172e-03,-6.316086470536941277e-03,-7.623718026335768450e-03
7.229121947882445332e-01,7.224560263532124882e-01,-4.561684350320449610e-04,-1.368505305096134883e-03,-6.087374929730771100e-03,-7.455880234826905983e-03
7.229317404499868704e-01,7.224560263532124882e-01,-4.757140967743822557e-04,-1.427142290323146767e-03,-5.863698522701188409e-03,-7.290840813024335176e-03
7.229505570276478776e-01,7.224560263532124882e-01,-4.945306744353894501e-04,-1.483592023306168350e-03,-5.644973298302158327e-03,-7.128565321608326677e-03
7.229686607487767480e-01,7.224560263532124882e-01,-5.126343955642598260e-04,-1.537903186692779478e-03,-5.431116338661112763e-03,-6.969019525353892242e-03
7.229860675679530280e-01,7.224560263532124882e-01,-5.300412147405397789e-04,-1.590123644221619337e-03,-5.222045752883985870e-03,-6.812169397105605206e-03
7.230027931701895616e-01,7.224560263532124882e-01,-5.467668169770734110e-04,-1.640300450931220233e-03,-5.017680670960089628e-03,-6.657981121891309861e-03
7.230188529743140080e-01,7.224560263532124882e-01,-5.628266211015198195e-04,-1.688479863304559458e-03,-4.817941237333922544e-03,-6.506421100638482002e-03
7.230342621363283762e-01,7.224560263532124882e-01,-5.782357831158879691e-04,-1.734707349347663907e-03,-4.622748604310444875e-03,-6.357455953658108783e-03
7.230490355527473545e-01,7.224560263532124882e-01,-5.930091995348663048e-04,-1.779027598604598914e-03,-4.432024925693500705e-03,-6.211052524298099620e-03
7.230631878639138810e-01,7.224560263532124882e-01,-6.071615107013927926e-04,-1.821484532104178378e-03,-4.245693349957946339e-03,-6.067177882062124716e-03
7.230767334572921756e-01,7.224560263532124882e-01,-6.207071040796874328e-04,-1.862121312239062298e-03,-4.063678013488392082e-03,-5.925799325727454381e-03
7.230896864707379024e-01,7.224560263532124882e-01,-6.336601175254141793e-04,-1.900980352576242538e-03,-3.885904033718023953e-03,-5.786884386294266491e-03
7.231020607957450164e-01,7.224560263532124882e-01,-6.460344425325281748e-04,-1.938103327597584524e-03,-3.712297502134198623e-03,-5.650400829731783148e-03
7.231138700806691855e-01,7.224560263532124882e-01,-6.578437274566972803e-04,-1.973531182370091841e-03,-3.542785477250731674e-03,-5.516316659620823515e-03
7.231251277339273420e-01,7.224560263532124882e-01,-6.691013807148538106e-04,-2.007304142144561432e-03,-3.377295977446959085e-03,-5.384600119591520517e-03
7.231358469271735867e-01,7.224560263532124882e-01,-6.798205739610985177e-04,-2.039461721883295553e-03,-3.215757973873412112e-03,-5.255219695756707665e-03
7.231460405984502238e-01,7.224560263532124882e-01,-6.900142452377355795e-04,-2.070042735713206739e-03,-3.058101382991118555e-03,-5.128144118704325294e-03
7.231557214553150370e-01,7.224560263532124882e-01,-6.996951021025488160e-04,-2.099085306307646448e-03,-2.904257059443970945e-03,-5.003342365751617393e-03
7.231649019779432530e-01,7.224560263532124882e-01,-7.088756247307648195e-04,-2.126626874192294459e-03,-2.754156788464801053e-03,-4.880783662657095512e-03
7.231735944222051904e-01,7.224560263532124882e-01,-7.175680689927022016e-04,-2.152704206978106605e-03,-2.607733278581214620e-03,-4.760437485559321225e-03
7.231818108227185959e-01,7.224560263532124882e-01,-7.257844695061077545e-04,-2.177353408518323263e-03,-2.464920154021665866e-03,-4.642273562539989129e-03
7.231895629958757787e-01,7.224560263532124882e-01,-7.335366426632905501e-04,-2.200609927989871650e-03,-2.325651947154838695e-03,-4.526261875144710345e-03
7.231968625428454311e-01,7.224560263532124882e-01,-7.408361896329429541e-04,-2.222508568898828862e-03,-2.189864090895721205e-03,-4.412372659794550067e-03
7.232037208525490257e-01,7.224560263532124882e-01,-7.476944993365375325e-04,-2.243083498009612597e-03,-2.057492911078373510e-03,-4.300576409087986107e-03
7.232101491046117880e-01,7.224560263532124882e-01,-7.541227513992998510e-04,-2.262368254197899553e-03,-1.928475618828695559e-03,-4.190843873026595112e-03
7.232161582722872462e-01,7.224560263532124882e-01,-7.601319190747579668e-04,-2.280395757224273900e-03,-1.802750302637434743e-03,-4.083146059861708643e-03
7.232217591253566891e-01,7.224560263532124882e-01,-7.657327721442008794e-04,-2.297198316432602638e-03,-1.680255920832873784e-03,-3.977454237265476422e-03
7.232269622330024239e-01,7.224560263532124882e-01,-7.709358797899357185e-04,-2.312807639369807156e-03,-1.560932293720451725e-03,-3.873739933090258880e-03
7.232317779666548319e-01,7.224560263532124882e-01,-7.757516134423436682e-04,-2.327254840327031005e-03,-1.444720095722384912e-03,-3.771974936049415916e-03
7.232362165028136669e-01,7.224560263532124882e-01,-7.801901496011787174e-04,-2.340570448803536152e-03,-1.331560847650514745e-03,-3.672131296454050897e-03
7.232402878258428203e-01,7.224560263532124882e-01,-7.842614726303320793e-04,-2.352784417890996238e-03,-1.221396908746008592e-03,-3.574181326637004830e-03
7.232440017307393276e-01,7.224560263532124882e-01,-7.879753775268394378e-04,-2.363926132580518313e-03,-1.114171468952207533e-03,-3.478097601532725847e-03
7.232473678258756200e-01,7.224560263532124882e-01,-7.913414726631318175e-04,-2.374024417989395452e-03,-1.009828540887713899e-03,-3.383852958877109351e-03
7.232503955357161285e-01,7.224560263532124882e-01,-7.943691825036403031e-04,-2.383107547510920909e-03,-9.083129521525457051e-04,-3.291420499663466614e-03
7.232530941035065775e-01,7.224560263532124882e-01,-7.970677502940892722e-04,-2.391203250882267817e-03,-8.095703371346907318e-04,-3.200773588016958549e-03
7.232554725939382978e-01,7.224560263532124882e-01,-7.994462407258096093e-04,-2.398338722177428828e-03,-7.135471295161011085e-04,-3.111885851693529936e-03
7.232575398957847845e-01,7.224560263532124882e-01,-8.015135425722963447e-04,-2.404540627716889034e-03,-6.201905539460206285e-04,-3.024731181662909663e-03
7.232593047245131634e-01,7.224560263532124882e-01,-8.032783713006752535e-04,-2.409835113902025761e-03,-5.294486185136726419e-04,-2.939283732415698402e-03
7.232607756248682351e-01,7.224560263532124882e-01,-8.047492716557469450e-04,-2.414247814967240835e-03,-4.412701065215074436e-04,-2.855517921488748279e-03
7.232619609734312061e-01,7.224560263532124882e-01,-8.059346202187178676e-04,-2.417803860656153603e-03,-3.556045688912767844e-04,-2.773408429547430387e-03
7.232628689811512190e-01,7.224560263532124882e-01,-8.068426279387308497e-04,-2.420527883816192549e-03,-2.724023160038946401e-04,-2.692930199820087189e-03
7.232635076958512377e-01,7.224560263532124882e-01,-8.074813426387494886e-04,-2.422444027916248466e-03,-1.916144100055916510e-04,-2.614058437921840117e-03
7.232638850047075074e-01,7.224560263532124882e-01,-8.078586514950192310e-04,-2.423575954485057693e-03,-1.131926568809227263e-04,-2.536768611365980419e-03
7.232640086367025933e-01,7.224560263532124882e-01,-8.079822834901051465e-04,-2.423946850470315439e-03,-3.708959852577464744e-05,-2.461036448996090087e-03
7.232638861650527717e-01,7.224560263532124882e-01,-8.078598118402835482e-04,-2.423579435520850645e-03,3.674149494647949155e-05,-2.386837940574371153e-03
7.232635250096088875e-01,7.224560263532124882e-01,-8.074986563963992836e-04,-2.422495969189197851e-03,1.083466331652793713e-04,-2.314149336023918480e-03
7.232629324392314540e-01,7.224560263532124882e-01,-8.069060860189658513e-04,-2.420718258056897554e-03,1.777711132300296981e-04,-2.242947144826867856e-03
7.232621155741395524e-01,7.224560263532124882e-01,-8.060892209270642539e-04,-2.418267662781192762e-03,2.450595275704792186e-04,-2.173208135210713543e-03
7.232610813882340839e-01,7.224560263532124882e-01,-8.050550350215956996e-04,-2.415165105064787099e-03,3.102557716405662802e-04,-2.104909333424220819e-03
7.232598367113952653e-01,7.224560263532124882e-01,-8.038103581827771293e-04,-2.411431074548331388e-03,3.734030516455710824e-04,-2.038028022902760306e-03
7.232583882317541457e-01,7.224560263532124882e-01,-8.023618785416575250e-04,-2.407085635624972575e-03,4.345438923358813099e-04,-1.972541743289091265e-03
7.232567424979386983e-01,7.224560263532124882e-01,-8.007161447262101106e-04,-2.402148434178630332e-03,4.937201446342243116e-04,-1.908428289544406020e-03
7.232549059212942666e-01,7.224560263532124882e-01,-7.988795680817784017e-04,-2.396638704245335205e-03,5.509729933295126614e-04,-1.845665710915822544e-03
7.232528847780788084e-01,7.224560263532124882e-01,-7.968584248663201919e-04,-2.390575274598960576e-03,6.063429646374629556e-04,-1.784232309961497620e-03
7.232506852116323826e-01,7.224560263532124882e-01,-7.946588584198943650e-04,-2.383976575259683095e-03,6.598699339277480647e-04,-1.724106641331935030e-03
7.232483132345217669e-01,7.224560263532124882e-01,-7.922868813092787121e-04,-2.376860643927836136e-03,7.115931331846958585e-04,-1.665267510743140278e-03
7.232457747306600959e-01,7.224560263532124882e-01,-7.897483774476077301e-04,-2.369245132342823190e-03,7.615511585012946227e-04,-1.607693973841528567e-03
7.232430754574010745e-01,7.224560263532124882e-01,-7.870491041885863126e-04,-2.361147312565758938e-03,8.097819777064252378e-04,-1.551365334859333700e-03
7.232402210476085447e-01,7.224560263532124882e-01,-7.841946943960564909e-04,-2.352584083188169473e-03,8.563229377589465230e-04,-1.496261145429222950e-03
7.232372170117014054e-01,7.224560263532124882e-01,-7.811906584889172223e-04,-2.343571975466751667e-03,9.012107721417805806e-04,-1.442361203324971086e-03
7.232340687396739964e-01,7.224560263532124882e-01,-7.780423864615082508e-04,-2.334127159384524752e-03,9.444816082226914489e-04,-1.389645551161833303e-03
7.232307815030915021e-01,7.224560263532124882e-01,-7.747551498790139490e-04,-2.324265449637041847e-03,9.861709747482905186e-04,-1.338094474888751328e-03
7.232273604570614856e-01,7.224560263532124882e-01,-7.713341038489973656e-04,-2.314002311546992097e-03,1.026313809004975042e-03,-1.287688502542017055e-03
7.232238106421812196e-01,7.224560263532124882e-01,-7.677842889687314099e-04,-2.303352866906194230e-03,1.064944464079786712e-03,-1.238408402826407517e-03
7.232201369864607043e-01,7.224560263532124882e-01,-7.641106332482161534e-04,-2.292331899744648460e-03,1.102096716154576939e-03,-1.190235183590071522e-03
7.232163443072218145e-01,7.224560263532124882e-01,-7.603179540093263356e-04,-2.280953862027979007e-03,1.137803771666945352e-03,-1.143150090361033655e-03
7.232124373129737993e-01,7.224560263532124882e-01,-7.564109597613111191e-04,-2.269232879283933357e-03,1.172098274404564933e-03,-1.097134604879368425e-03
7.232084206052653563e-01,7.224560263532124882e-01,-7.523942520528681399e-04,-2.257182756158604420e-03,1.205012312532893759e-03,-1.052170443625710661e-03
7.232042986805125029e-01,7.224560263532124882e-01,-7.482723273000146946e-04,-2.244816981900044084e-03,1.236577425856033585e-03,-1.008239556044010499e-03
7.232000759318041316e-01,7.224560263532124882e-01,-7.440495785916434457e-04,-2.232148735774930337e-03,1.266824612511374681e-03,-9.653241232635556557e-04
7.231957566506833635e-01,7.224560263532124882e-01,-7.397302974708752643e-04,-2.219190892412625793e-03,1.295784336230454414e-03,-9.234065561821713786e-04
7.231913450289070289e-01,7.224560263532124882e-01,-7.353186756945406799e-04,-2.205956027083622040e-03,1.323486532900375323e-03,-8.824694941832467165e-04
7.231868451601812797e-01,7.224560263532124882e-01,-7.308188069687915345e-04,-2.192456420906374603e-03,1.349960617724743628e-03,-8.424958031816309756e-04
7.231822610418752184e-01,7.224560263532124882e-01,-7.262346886627302212e-04,-2.178704065988190663e-03,1.375235491818393996e-03,-8.034685741697966677e-04
7.231775965767116565e-01,7.224560263532124882e-01,-7.215702234991683284e-04,-2.164710670497504985e-03,1.399339549068567834e-03,-7.653711214289371512e-04
7.231728555744360021e-01,7.224560263532124882e-01,-7.168292212235138905e-04,-2.150487663670541671e-03,1.422300682696331364e-03,-7.281869809742103072e-04
7.231680417534622762e-01,7.224560263532124882e-01,-7.120154002497880441e-04,-2.136046200749364132e-03,1.444146292117753916e-03,-6.918999086316102165e-04
7.231631587424977026e-01,7.224560263532124882e-01,-7.071323892852143800e-04,-2.121397167855643140e-03,1.464903289372099238e-03,-6.564938784835439023e-04
7.231582100821452030e-01,7.224560263532124882e-01,-7.021837289327148568e-04,-2.106551186798144570e-03,1.484598105749856956e-03,-6.219530810482876149e-04
7.231531992264846886e-01,7.224560263532124882e-01,-6.971728732722004551e-04,-2.091518619816601365e-03,1.503256698154320503e-03,-5.882619216622808622e-04
7.231481295446319235e-01,7.224560263532124882e-01,-6.921031914194353263e-04,-2.076309574258305979e-03,1.520904555829538651e-03,-5.554050184287673275e-04
7.231430043222772941e-01,7.224560263532124882e-01,-6.869779690648059045e-04,-2.060933907194417714e-03,1.537566706388826532e-03,-5.233672008055911817e-04
7.231378267632025958e-01,7.224560263532124882e-01,-6.818004099901076032e-04,-2.045401229970322809e-03,1.553267722409490403e-03,-4.921335075608324061e-04
7.231325999907771696e-01,7.224560263532124882e-01,-6.765736375646813627e-04,-2.029720912694044088e-03,1.568031727627872129e-03,-4.616891850661719587e-04
7.231273270494332772e-01,7.224560263532124882e-01,-6.713006962207890282e-04,-2.013902088662367085e-03,1.581882403167700346e-03,-4.320196854946667386e-04
7.231220109061208268e-01,7.224560263532124882e-01,-6.659845529083385784e-04,-1.997953658725015735e-03,1.594842993735134939e-03,-4.031106649898807959e-04
7.231166544517418915e-01,7.224560263532124882e-01,-6.606280985294032959e-04,-1.981884295588209888e-03,1.606936313680584760e-03,-3.749479819076251275e-04
7.231112605025646900e-01,7.224560263532124882e-01,-6.552341493522018112e-04,-1.965702448056605434e-03,1.618184753160445410e-03,-3.475176948961600232e-04
7.231058318016180264e-01,7.224560263532124882e-01,-6.498054484055382218e-04,-1.949416345216614666e-03,1.628610283999076813e-03,-3.208060612175378523e-04
7.231003710200653023e-01,7.224560263532124882e-01,-6.443446668528141075e-04,-1.933034000558442322e-03,1.638234465817234309e-03,-2.947995347412080136e-04
7.230948807585590998e-01,7.224560263532124882e-01,-6.388544053466116424e-04,-1.916563216039834927e-03,1.647078451860739534e-03,-2.694847641790953929e-04
7.230893635485764470e-01,7.224560263532124882e-01,-6.333371953639588270e-04,-1.900011586091876481e-03,1.655162994795844611e-03,-2.448485912960318700e-04
7.230838218537346540e-01,7.224560263532124882e-01,-6.277955005221658169e-04,-1.883386501566497451e-03,1.662508452537903025e-03,-2.208780490285944254e-04
7.230782580710879426e-01,7.224560263532124882e-01,-6.222317178754543932e-04,-1.866695153626363179e-03,1.669134794013427125e-03,-1.975603596129360540e-04
7.230726745324053129e-01,7.224560263532124882e-01,-6.166481791928246636e-04,-1.849944537578473991e-03,1.675061604788918856e-03,-1.748829327895551344e-04
7.230670735054294251e-01,7.224560263532124882e-01,-6.110471522169369507e-04,-1.833141456650810852e-03,1.680308092766313877e-03,-1.528333638844969755e-04
7.230614571951170522e-01,7.224560263532124882e-01,-6.054308419045639766e-04,-1.816292525713691930e-03,1.684893093711892220e-03,-1.313994320017997097e-04
7.230558277448615456e-01,7.224560263532124882e-01,-5.998013916490574360e-04,-1.799404174947172308e-03,1.688835076651962197e-03,-1.105690982952101109e-04
7.230501872376962069e-01,7.224560263532124882e-01,-5.941608844837187320e-04,-1.782482653451156196e-03,1.692152149601611200e-03,-9.033050384954499634e-05
7.230445376974804494e-01,7.224560263532124882e-01,-5.885113442679612561e-04,-1.765534032803883768e-03,1.694862064727242768e-03,-7.067196807664100078e-05
7.230388810900678642e-01,7.224560263532124882e-01,-5.828547368553760322e-04,-1.748564210566128097e-03,1.696982223775567178e-03,-5.158198679056091862e-05
7.230332193244566330e-01,7.224560263532124882e-01,-5.771929712441448146e-04,-1.731578913732434444e-03,1.698529683369365273e-03,-3.304923036306917083e-05
7.230275542539223999e-01,7.224560263532124882e-01,-5.715279007099116626e-04,-1.714583702129734988e-03,1.699521160269945597e-03,-1.506254185978939120e-05
7.230218876771339342e-01,7.224560263532124882e-01,-5.658613239214460577e-04,-1.697583971764338173e-03,1.699973036539681459e-03,2.389064775343285874e-06
7.230162213392519188e-01,7.224560263532124882e-01,-5.601949860394306313e-04,-1.680584958118291894e-03,1.699901364604627929e-03,1.931640648633603519e-05
7.230105569330106396e-01,7.224560263532124882e-01,-5.545305797981514573e-04,-1.663591739394454372e-03,1.699321872383752208e-03,3.573013298929783588e-05
7.230048960997825791e-01,7.224560263532124882e-01,-5.488697465700909106e-04,-1.646609239710272732e-03,1.698249968418164002e-03,5.164072870789127023e-05
7.229992404306274656e-01,7.224560263532124882e-01,-5.432140774149774032e-04,-1.629642232244932210e-03,1.696700746534052229e-03,6.705851428912001921e-05
7.229935914673237818e-01,7.224560263532124882e-01,-5.375651141112935960e-04,-1.612695342333880788e-03,1.694688991105142151e-03,8.199364877126136264e-05
7.229879507033849517e-01,7.224560263532124882e-01,-5.319243501724635337e-04,-1.595773050517390601e-03,1.692229181649018699e-03,9.645613113162809782e-05
7.229823195850592077e-01,7.224560263532124882e-01,-5.262932318467195003e-04,-1.578879695540158501e-03,1.689335497723210011e-03,1.104558021830515102e-04
7.229766995123136919e-01,7.224560263532124882e-01,-5.206731591012037086e-04,-1.562019477303611126e-03,1.686021823654737517e-03,1.240023463511263913e-04
7.229710918398027930e-01,7.224560263532124882e-01,-5.150654865903048218e-04,-1.545196459770914466e-03,1.682301753269666023e-03,1.371052934987515570e-04
7.229654978778212726e-01,7.224560263532124882e-01,-5.094715246087844207e-04,-1.528414573826353262e-03,1.678188594456120342e-03,1.497740206297670795e-04
7.229599188932418485e-01,7.224560263532124882e-01,-5.038925400293603474e-04,-1.511677620088081042e-03,1.673695373827221999e-03,1.620177537391409572e-04
7.229543561104377902e-01,7.224560263532124882e-01,-4.983297572253020391e-04,-1.494989271675906117e-03,1.668834841217492482e-03,1.738455695415863644e-04
7.229488107121906371e-01,7.224560263532124882e-01,-4.927843589781488731e-04,-1.478353076934446619e-03,1.663619474145949795e-03,1.852663972115031754e-04
7.229432838405832618e-01,7.224560263532124882e-01,-4.872574873707735676e-04,-1.461772462112320703e-03,1.658061482212591642e-03,1.962890201002709389e-04
7.229377765978778347e-01,7.224560263532124882e-01,-4.817502446653465498e-04,-1.445250733996039649e-03,1.652172811628105364e-03,2.069220776320657151e-04
7.229322900473802438e-01,7.224560263532124882e-01,-4.762636941677556024e-04,-1.428791082503266807e-03,1.645965149277284212e-03,2.171740667740174047e-04
7.229268252142893036e-01,7.224560263532124882e-01,-4.707988610768154558e-04,-1.412396583230446367e-03,1.639449927282043973e-03,2.270533440515976054e-04
7.229213830865327539e-01,7.224560263532124882e-01,-4.653567333202657252e-04,-1.396070199960797176e-03,1.632638326964919173e-03,2.365681270041219975e-04
7.229159646155889352e-01,7.224560263532124882e-01,-4.599382623764469713e-04,-1.379814787129340914e-03,1.625541283145626181e-03,2.457264960162852674e-04
7.229105707172946982e-01,7.224560263532124882e-01,-4.545443640822099951e-04,-1.363633092246629985e-03,1.618169488271092860e-03,2.545363960244628743e-04
7.229052022726399906e-01,7.224560263532124882e-01,-4.491759194275024569e-04,-1.347527758282507371e-03,1.610533396412261453e-03,2.630056381297540824e-04
7.228998601285491210e-01,7.224560263532124882e-01,-4.438337753366328187e-04,-1.331501326009898456e-03,1.602643227260891479e-03,2.711419012509930226e-04
7.228945450986483667e-01,7.224560263532124882e-01,-4.385187454358785430e-04,-1.315556236307635629e-03,1.594508970226282685e-03,2.789527339186470556e-04
7.228892579640210370e-01,7.224560263532124882e-01,-4.332316108085487727e-04,-1.299694832425646318e-03,1.586140388198931106e-03,2.864455557732847879e-04
7.228839994739493235e-01,7.224560263532124882e-01,-4.279731207368353552e-04,-1.283919362210506065e-03,1.577547021514025261e-03,2.936276593035191951e-04
7.228787703466434955e-01,7.224560263532124882e-01,-4.227439934310073255e-04,-1.268231980293021977e-03,1.568738191748408894e-03,3.005062114553869179e-04
7.228735712699587701e-01,7.224560263532124882e-01,-4.175449167462819133e-04,-1.252634750238845740e-03,1.559723005417623654e-03,3.070882551787779136e-04
7.228684029020996382e-01,7.224560263532124882e-01,-4.123765488871500295e-04,-1.237129646661450089e-03,1.550510357739565137e-03,3.133807110781150485e-04
7.228632658723115334e-01,7.224560263532124882e-01,-4.072395190990452107e-04,-1.221718557297135632e-03,1.541108936431445642e-03,3.193903791343100096e-04
7.228581607815613985e-01,7.224560263532124882e-01,-4.021344283489103333e-04,-1.206403285046731000e-03,1.531527225040463236e-03,3.251239399937322361e-04
7.228530882032052629e-01,7.224560263532124882e-01,-3.970618499927747180e-04,-1.191185549978324154e-03,1.521773506840684576e-03,3.305879568623604214e-04
7.228480486836448282e-01,7.224560263532124882e-01,-3.920223304323400271e-04,-1.176066991297020081e-03,1.511855868130407288e-03,3.357888768333872065e-04
7.228430427429720639e-01,7.224560263532124882e-01,-3.870163897595757518e-04,-1.161049169278727256e-03,1.501782201829282570e-03,3.407330325505553148e-04
7.228380708756025896e-01,7.224560263532124882e-01,-3.820445223901014487e-04,-1.146133567170304346e-03,1.491560210842290957e-03,3.454266436719866107e-04
7.228331335508973998e-01,7.224560263532124882e-01,-3.771071976849116325e-04,-1.131321593054734898e-03,1.481197411556944843e-03,3.498758185022099454e-04
7.228282312137741528e-01,7.224560263532124882e-01,-3.722048605616645744e-04,-1.116614581684993723e-03,1.470701136974117418e-03,3.540865552891236945e-04
7.228233642853063579e-01,7.224560263532124882e-01,-3.673379320938696679e-04,-1.102013796281609004e-03,1.460078540338471953e-03,3.580647440568629492e-04
7.228185331633130151e-01,7.224560263532124882e-01,-3.625068101005268772e-04,-1.087520430301580632e-03,1.449336598002837206e-03,3.618161677012565747e-04
7.228137382229363750e-01,7.224560263532124882e-01,-3.577118697238867995e-04,-1.073135609171660398e-03,1.438482112992023332e-03,3.653465038203629334e-04
7.228089798172101510e-01,7.224560263532124882e-01,-3.529534639976628085e-04,-1.058860391992988426e-03,1.427521717867197282e-03,3.686613258742088561e-04
7.228042582776165181e-01,7.224560263532124882e-01,-3.482319244040299466e-04,-1.044695773212089840e-03,1.416461878089858573e-03,3.717661048777687327e-04
7.227995739146333420e-01,7.224560263532124882e-01,-3.435475614208538531e-04,-1.030642684262561559e-03,1.405308894952828069e-03,3.746662106902665101e-04
7.227949270182713049e-01,7.224560263532124882e-01,-3.389006650588166636e-04,-1.016701995176449991e-03,1.394068908611156843e-03,3.773669134347068521e-04
7.227903178586005950e-01,7.224560263532124882e-01,-3.342915053881068133e-04,-1.002874516164320440e-03,1.382747901212955099e-03,3.798733850486346597e-04
7.227857466862683822e-01,7.224560263532124882e-01,-3.297203330558939882e-04,-9.891609991676819647e-04,1.371351699663847512e-03,3.821907004961655474e-04
7.227812137330061892e-01,7.224560263532124882e-01,-3.251873797937010480e-04,-9.755621393811031439e-04,1.359885978657882077e-03,3.843238392767789335e-04
7.227767192121279383e-01,7.224560263532124882e-01,-3.206928589154500742e-04,-9.620785767463502225e-04,1.348356263475292138e-03,3.862776867289419158e-04
7.227722633190183377e-01,7.224560263532124882e-01,-3.162369658058494792e-04,-9.487108974175484377e-04,1.336767932880178478e-03,3.880570354626300400e-04
7.227678462316122765e-01,7.224560263532124882e-01,-3.118198783997883083e-04,-9.354596351993649250e-04,1.325126221818351269e-03,3.896665866189863436e-04
7.227634681108648929e-01,7.224560263532124882e-01,-3.074417576524046680e-04,-9.223252729572140041e-04,1.313436224215092096e-03,3.911109512578780922e-04
7.227591291012126495e-01,7.224560263532124882e-01,-3.031027480001613483e-04,-9.093082440004840450e-04,1.301702895672995908e-03,3.923946516725118627e-04
7.227548293310256389e-01,7.224560263532124882e-01,-2.988029778131506831e-04,-8.964089334394520492e-04,1.289931056103199580e-03,3.935221226637475311e-04
7.227505689130508948e-01,7.224560263532124882e-01,-2.945425598384066035e-04,-8.836276795152198105e-04,1.278125392423223872e-03,3.944977129080040612e-04
7.227463479448473782e-01,7.224560263532124882e-01,-2.903215916348900194e-04,-8.709647749046700582e-04,1.266290461054975225e-03,3.953256861503051667e-04
7.227421665092125247e-01,7.224560263532124882e-01,-2.861401560000365052e-04,-8.584204680001095156e-04,1.254430690456054265e-03,3.960102224559447492e-04
7.227380246745999104e-01,7.224560263532124882e-01,-2.819983213874222017e-04,-8.459949641622666050e-04,1.242550383784291057e-03,3.965554196220244521e-04
7.227339224955292574e-01,7.224560263532124882e-01,-2.778961423167691791e-04,-8.336884269503075373e-04,1.230653721195906769e-03,3.969652942455992317e-04
7.227298600129880013e-01,7.224560263532124882e-01,-2.738336597755131052e-04,-8.215009793265393157e-04,1.218744762376822166e-03,3.972437830502828504e-04
7.227258372548250875e-01,7.224560263532124882e-01,-2.698109016125993520e-04,-8.094327048377980560e-04,1.206827448874125963e-03,3.973947440363279071e-04
7.227218542361365516e-01,7.224560263532124882e-01,-2.658278829240634522e-04,-7.974836487721903566e-04,1.194905606560769940e-03,3.974219577885795829e-04
7.227179109596437723e-01,7.224560263532124882e-01,-2.618846064312840838e-04,-7.856538192938522513e-04,1.182982947833810528e-03,3.973291285399582762e-04
7.227140074160638417e-01,7.224560263532124882e-01,-2.579810628513534709e-04,-7.739431885540604128e-04,1.171063073979183855e-03,3.971198854251234422e-04
7.227101435844724975e-01,7.224560263532124882e-01,-2.541172312600092908e-04,-7.623516937800278725e-04,1.159149477403254025e-03,3.967977836232261524e-04
7.227063194326595053e-01,7.224560263532124882e-01,-2.502930794470170639e-04,-7.508792383410511917e-04,1.147245543897668085e-03,3.963663055566168936e-04
7.227025349174770463e-01,7.224560263532124882e-01,-2.465085642645581387e-04,-7.395256927936744162e-04,1.135354554737677546e-03,3.958288619440031297e-04
7.226987899851807784e-01,7.224560263532124882e-01,-2.427636319682902055e-04,-7.282908959048706166e-04,1.123479688880379967e-03,3.951887929755093509e-04
7.226950845717637906e-01,7.224560263532124882e-01,-2.390582185513023816e-04,-7.171746556539071449e-04,1.111624025096347168e-03,3.944493694424400232e-04
7.226914186032837861e-01,7.224560263532124882e-01,-2.353922500712979371e-04,-7.061767502138938113e-04,1.099790544001333359e-03,3.936137937874395476e-04
7.226877919961831598e-01,7.224560263532124882e-01,-2.317656429706715926e-04,-6.952969289120147778e-04,1.087982130187903351e-03,3.926852012758885735e-04
7.226842046576026357e-01,7.224560263532124882e-01,-2.281783043901475239e-04,-6.845349131704425716e-04,1.076201574157220620e-03,3.916666609867780480e-04
7.226806564856882442e-01,7.224560263532124882e-01,-2.246301324757560280e-04,-6.738903974272680841e-04,1.064451574317448745e-03,3.905611768901806613e-04
7.226771473698915260e-01,4.811284377821632985e-01,-2.415487095877282275e-01,-7.246461287631846826e-01,0.000000000000000000e+00,-7.246461287631846826e-01
7.226011736412184527e-01,4.811284377821632985e-01,-2.414727358590551543e-01,-7.244182075771654628e-01,2.279211860192198458e-02,-7.016260889752434782e-01
7.224550373036479067e-01,4.811284377821632985e-01,-2.413265995214846082e-01,-7.239797985644538247e-01,4.384090127116380131e-02,-6.801388972932900234e-01
7.222408870763480371e-01,4.811284377821632985e-01,-2.411124492941847386e-01,-7.233373478825542158e-01,6.424506818996089663e-02,-6.590922796925933191e-01
7.219608276210788267e-01,4.811284377821632985e-01,-2.408323898389155282e-01,-7.224971695167465846e-01,8.401783658076311667e-02,-6.384793329359834679e-01
7.216169202325161125e-01,4.811284377821632985e-01,-2.404884824503528140e-01,-7.214654473510584420e-01,1.031722165688142567e-01,-6.182932307822441853e-01
7.212111835208750987e-01,4.811284377821632985e-01,-2.400827457387118002e-01,-7.202482372161354007e-01,1.217210134923041309e-01,-5.985272237238312698e-01
7.207455940868617850e-01,4.811284377821632985e-01,-2.396171563046984865e-01,-7.188514689140954594e-01,1.396768302039941290e-01,-5.791746387101013305e-01
7.202220871889774001e-01,4.811284377821632985e-01,-2.390936494068141016e-01,-7.172809482204423048e-01,1.570520693653154609e-01,-5.602288788551268439e-01
7.196425574032074834e-01,4.811284377821632985e-01,-2.385141196210441850e-01,-7.155423588631325549e-01,1.738589357309749950e-01,-5.416834231321575599e-01
7.190088592751243679e-01,4.811284377821632985e-01,-2.378804214929610694e-01,-7.136412644788832083e-01,1.901094384249346625e-01,-5.235318260539485458e-01
7.183228079644358166e-01,4.811284377821632985e-01,-2.371943701822725181e-01,-7.115831105468175544e-01,2.058153932065653891e-01,-5.057677173402521653e-01
7.175861798820133419e-01,4.811284377821632985e-01,-2.364577420998500434e-01,-7.093732262995501303e-01,2.209884247267424051e-01,-4.883848015728077252e-01
7.168007133194335134e-01,4.811284377821632985e-01,-2.356722755372702149e-01,-7.070168266118106448e-01,2.356399687739485493e-01,-4.713768578378620955e-01
7.159681090710698914e-01,4.811284377821632985e-01,-2.348396712889065929e-01,-7.045190138667197788e-01,2.497812745090866038e-01,-4.547377393576331750e-01
7.150900310487705580e-01,4.811284377821632985e-01,-2.339615932666072595e-01,-7.018847797998217786e-01,2.634234066898000215e-01,-4.384613731100217571e-01
7.141681068891602147e-01,4.811284377821632985e-01,-2.330396691069969162e-01,-6.991190073209907485e-01,2.765772478831030057e-01,-4.225417594378877428e-01
7.132039285536060369e-01,4.811284377821632985e-01,-2.320754907714427384e-01,-6.962264723143282152e-01,2.892535006662533270e-01,-4.069729716480748882e-01
7.121990529208870324e-01,4.811284377821632985e-01,-2.310706151387237339e-01,-6.932118454161712018e-01,3.014626898157013457e-01,-3.917491556004698561e-01
7.111550023726079806e-01,4.811284377821632985e-01,-2.300265645904446821e-01,-6.900796937713340462e-01,3.132151644837155580e-01,-3.768645292876184882e-01
7.100732653714002529e-01,4.811284377821632985e-01,-2.289448275892369544e-01,-6.868344827677108633e-01,3.245211003623182933e-01,-3.623133824053925700e-01
7.089552970319519254e-01,4.811284377821632985e-01,-2.278268592497886269e-01,-6.834805777493658807e-01,3.353905018344982558e-01,-3.480900759148676249e-01
7.078025196849121459e-01,4.811284377821632985e-01,-2.266740819027488474e-01,-6.800222457082465422e-01,3.458332041119338562e-01,-3.341890415963126859e-01
7.066163234337127230e-01,4.811284377821632985e-01,-2.254878856515494245e-01,-6.764636569546482736e-01,3.558588753598268539e-01,-3.206047815948214197e-01
7.053980667043537878e-01,4.811284377821632985e-01,-2.242696289221904893e-01,-6.728088867665714679e-01,3.654770188076805759e-01,-3.073318679588908919e-01
7.041490767881990465e-01,4.811284377821632985e-01,-2.230206390060357480e-01,-6.690619170181072439e-01,3.746969748464223926e-01,-2.943649421716848513e-01
7.028706503778271442e-01,4.811284377821632985e-01,-2.217422125956638457e-01,-6.652266377869915370e-01,3.835279231115706899e-01,-2.816987146754208471e-01
7.015640540959876548e-01,4.811284377821632985e-01,-2.204356163138243563e-01,-6.613068489414730688e-01,3.919788845518468179e-01,-2.693279643896262510e-01
7.002305250177092155e-01,4.811284377821632985e-01,-2.191020872355459170e-01,-6.573062617066377511e-01,4.000587234835317751e-01,-2.572475382231059760e-01
6.988712711856084336e-01,4.811284377821632985e-01,-2.177428334034451352e-01,-6.532285002103354055e-01,4.077761496302345634e-01,-2.454523505801008421e-01
6.974874721184496362e-01,4.811284377821632985e-01,-2.163590343362863377e-01,-6.490771030088590132e-01,4.151397201476392240e-01,-2.339373828612197892e-01
6.960802793130047572e-01,4.811284377821632985e-01,-2.149518415308414587e-01,-6.448555245925243762e-01,4.221578416334637041e-01,-2.226976829590606721e-01
6.946508167392639876e-01,4.811284377821632985e-01,-2.135223789571006892e-01,-6.405671368713020675e-01,4.288387721222308713e-01,-2.117283647490711962e-01
6.932001813290482595e-01,4.811284377821632985e-01,-2.120717435468849610e-01,-6.362152306406548830e-01,4.351906230647184515e-01,-2.010246075759364315e-01
6.917294434580749662e-01,4.811284377821632985e-01,-2.106010056759116678e-01,-6.318030170277350033e-01,4.412213612919879679e-01,-1.905816557357470353e-01
6.902396474215281019e-01,4.811284377821632985e-01,-2.091112096393648034e-01,-6.273336289180944103e-01,4.469388109640592965e-01,-1.803948179540351138e-01
6.887318119031857755e-01,4.811284377821632985e-01,-2.076033741210224770e-01,-6.228101223630674310e-01,4.523506555026979292e-01,-1.704594668603695018e-01
6.872069304381575039e-01,4.811284377821632985e-01,-2.060784926559942054e-01,-6.182354779679826162e-01,4.574644395084814796e-01,-1.607710384595011366e-01
6.856659718692832417e-01,4.811284377821632985e-01,-2.045375340871199432e-01,-6.136126022613598296e-01,4.622875706622786574e-01,-1.513250315990811723e-01
6.841098807972491036e-01,4.811284377821632985e-01,-2.029814430150858051e-01,-6.089443290452574153e-01,4.668273216102414302e-01,-1.421170074350159851e-01
6.825395780244714050e-01,4.811284377821632985e-01,-2.014111402423081065e-01,-6.042334207269243196e-01,4.710908318333095757e-01,-1.331425888936147439e-01
6.809559609928043100e-01,4.811284377821632985e-01,-1.998275232106410115e-01,-5.994825696319230346e-01,4.750851095001284996e-01,-1.243974601317945350e-01
6.793599042151240441e-01,4.811284377821632985e-01,-1.982314664329607456e-01,-5.946943992988822369e-01,4.788170333040797644e-01,-1.158773659948024726e-01
6.777522597008442951e-01,4.811284377821632985e-01,-1.966238219186809966e-01,-5.898714657560429897e-01,4.822933542839247245e-01,-1.075781114721182652e-01
6.761338573754174242e-01,4.811284377821632985e-01,-1.950054195932541257e-01,-5.850162587797623770e-01,4.855206976280612707e-01,-9.949556115170110626e-02
6.745055054938753347e-01,4.811284377821632985e-01,-1.933770677117120362e-01,-5.801312031351361087e-01,4.885055644626268290e-01,-9.162563867250927974e-02
6.728679910484659521e-01,4.811284377821632985e-01,-1.917395532663026536e-01,-5.752186597989079608e-01,4.912543336228147872e-01,-8.396432617609317361e-02
6.712220801704390505e-01,4.811284377821632985e-01,-1.900936423882757520e-01,-5.702809271648272560e-01,4.937732634080704841e-01,-7.650766375675677189e-02
6.695685185260363825e-01,4.811284377821632985e-01,-1.884400807438730840e-01,-5.653202422316192521e-01,4.960684933208003855e-01,-6.925174891081886663e-02
6.679080317067426220e-01,4.811284377821632985e-01,-1.867795939245793235e-01,-5.603387817737379706e-01,4.981460457881281556e-01,-6.219273598560981497e-02
6.662413256138502993e-01,4.811284377821632985e-01,-1.851128878316870008e-01,-5.553386634950610024e-01,5.000118278676968231e-01,-5.532683562736417926e-02
6.645690868373952398e-01,4.811284377821632985e-01,-1.834406490552319413e-01,-5.503219471656958239e-01,5.016716329365178417e-01,-4.865031422917798221e-02
6.628919830295173510e-01,4.811284377821632985e-01,-1.817635452473540525e-01,-5.452906357420621575e-01,5.031311423633666458e-01,-4.215949337869551172e-02
6.612106632723016020e-01,4.811284377821632985e-01,-1.800822254901383035e-01,-5.402466764704149105e-01,5.043959271647247000e-01,-3.585074930569021046e-02
6.595257584401552631e-01,4.811284377821632985e-01,-1.783973206579919646e-01,-5.351919619739758938e-01,5.054714496439016713e-01,-2.972051233007422244e-02
6.578378815567759164e-01,4.811284377821632985e-01,-1.767094437746126179e-01,-5.301283313238378536e-01,5.063630650138040146e-01,-2.376526631003383905e-02
6.561476281467655269e-01,4.811284377821632985e-01,-1.750191903646022284e-01,-5.250575710938066853e-01,5.070760230031168270e-01,-1.798154809068985838e-02
6.544555765819460857e-01,4.811284377821632985e-01,-1.733271387997827873e-01,-5.199814163993483618e-01,5.076154694458323569e-01,-1.236594695351600492e-02
6.527622884224313360e-01,4.811284377821632985e-01,-1.716338506402680375e-01,-5.149015519208041125e-01,5.079864478544249273e-01,-6.915104066379185177e-03
6.510683087525098722e-01,4.811284377821632985e-01,-1.699398709703465737e-01,-5.098196129110397212e-01,5.081939009764391280e-01,-1.625711934600593267e-03
6.493741665113950123e-01,4.811284377821632985e-01,-1.682457287292317138e-01,-5.047371861876951415e-01,5.082426723344579678e-01,3.505486146762826216e-03
6.476803748188948440e-01,4.811284377821632985e-01,-1.665519370367315455e-01,-4.996558111101946364e-01,5.081375077500505100e-01,8.481696639855873521e-03
6.459874312960586229e-01,4.811284377821632985e-01,-1.648589935138953244e-01,-4.945769805416859732e-01,5.078830568508663212e-01,1.330607630918034801e-02
6.442958183808532580e-01,4.811284377821632985e-01,-1.631673805986899595e-01,-4.895021417960698784e-01,5.074838745616094826e-01,1.798173276553960420e-02
6.426060036389245056e-01,4.811284377821632985e-01,-1.614775658567612071e-01,-4.844326975702836213e-01,5.069444225786257086e-01,2.251172500834208723e-02
6.409184400694966088e-01,4.811284377821632985e-01,-1.597900022873333103e-01,-4.793700068619999310e-01,5.062690708283690277e-01,2.689906396636909669e-02
6.392335664064653367e-01,4.811284377821632985e-01,-1.581051286243020382e-01,-4.743153858729061145e-01,5.054620989093816519e-01,3.114671303647553735e-02
6.375518074147377146e-01,4.811284377821632985e-01,-1.564233696325744161e-01,-4.692701088977232482e-01,5.045276975182866330e-01,3.525758862056338483e-02
6.358735741818721809e-01,4.811284377821632985e-01,-1.547451363997088825e-01,-4.642354091991266474e-01,5.034699698596600825e-01,3.923456066053343516e-02
6.341992644050726824e-01,4.811284377821632985e-01,-1.530708266229093839e-01,-4.592124798687281517e-01,5.022929330398495651e-01,4.308045317112141337e-02
6.325292626735902202e-01,4.811284377821632985e-01,-1.514008248914269217e-01,-4.542024746742807650e-01,5.010005194447386678e-01,4.679804477045790279e-02
6.308639407465848059e-01,4.811284377821632985e-01,-1.497355029644215074e-01,-4.492065088932645223e-01,4.995965781016242779e-01,5.039006920835975567e-02
6.292036578265002289e-01,4.811284377821632985e-01,-1.480752200443369304e-01,-4.442256601330107912e-01,4.980848760253731022e-01,5.385921589236231100e-02
6.275487608280049256e-01,4.811284377821632985e-01,-1.464203230458416272e-01,-4.392609691375248815e-01,4.964690995485909752e-01,5.720813041106609376e-02
6.258995846425506882e-01,4.811284377821632985e-01,-1.447711468603873897e-01,-4.343134405811621690e-01,4.947528556362712493e-01,6.043941505510908030e-02
6.242564523986020575e-01,4.811284377821632985e-01,-1.431280146164387590e-01,-4.293840438493162770e-01,4.929396731845891999e-01,6.355562933527292291e-02
6.226196757175869179e-01,4.811284377821632985e-01,-1.414912379354236194e-01,-4.244737138062708581e-01,4.910330043045418869e-01,6.655929049827102872e-02
6.209895549656215819e-01,4.811284377821632985e-01,-1.398611171834582834e-01,-4.195833515503748501e-01,4.890362255896008037e-01,6.945287403922595360e-02
6.193663795010602158e-01,4.811284377821632985e-01,-1.382379417188969173e-01,-4.147138251566907519e-01,4.869526393684098231e-01,7.223881421171907125e-02
6.177504279179200086e-01,4.811284377821632985e-01,-1.366219901357567101e-01,-4.098659704072701304e-01,4.847854749420621445e-01,7.491950453479201411e-02
6.161419682852332658e-01,4.811284377821632985e-01,-1.350135305030699673e-01,-4.050405915092099018e-01,4.825378898060228572e-01,7.749729829681295534e-02
6.145412583823761654e-01,4.811284377821632985e-01,-1.334128206002128669e-01,-4.002384618006386008e-01,4.802129708571301059e-01,7.997450905649150510e-02
6.129485459304246930e-01,4.811284377821632985e-01,-1.318201081482613946e-01,-3.954603244447841837e-01,4.778137355854417123e-01,8.235341114065752866e-02
6.113640688195873807e-01,4.811284377821632985e-01,-1.302356310374240822e-01,-3.907068931122722466e-01,4.753431332511937057e-01,8.463624013892145914e-02
6.097880553327639230e-01,4.811284377821632985e-01,-1.286596175506006245e-01,-3.859788526518018736e-01,4.728040460470372963e-01,8.682519339523542268e-02
6.082207243652799633e-01,4.811284377821632985e-01,-1.270922865831166648e-01,-3.812768597493499945e-01,4.701992902451879175e-01,8.892243049583792303e-02
6.066622856408455666e-01,4.811284377821632985e-01,-1.255338478586822681e-01,-3.766015435760468044e-01,4.675316173303190048e-01,9.093007375427220040e-02
6.051129399237866746e-01,4.811284377821632985e-01,-1.239845021416233761e-01,-3.719535064248701284e-01,4.648037151176676041e-01,9.285020869279747568e-02
6.035728792275970589e-01,4.811284377821632985e-01,-1.224444414454337604e-01,-3.673333243363012812e-01,4.620182088568847156e-01,9.468488452058343441e-02
6.020422870198595122e-01,4.811284377821632985e-01,-1.209138492376962137e-01,-3.627415477130886412e-01,4.591776623212640018e-01,9.643611460817536063e-02
6.005213384235826846e-01,4.811284377821632985e-01,-1.193929006414193861e-01,-3.581787019242581582e-01,4.562845788830482974e-01,9.810587695879013914e-02
5.990102004150017478e-01,4.811284377821632985e-01,-1.178817626328384494e-01,-3.536452878985153481e-01,4.533414025742810161e-01,9.969611467576566799e-02
5.975090320178884085e-01,4.811284377821632985e-01,-1.163805942357251100e-01,-3.491417827071753299e-01,4.503505191340018143e-01,1.012087364268264844e-01
5.960179844944177852e-01,4.811284377821632985e-01,-1.148895467122544867e-01,-3.446686401367634600e-01,4.473142570411869912e-01,1.026456169044235311e-01
5.945372015326375603e-01,4.811284377821632985e-01,-1.134087637504742618e-01,-3.402262912514227855e-01,4.442348885340674514e-01,1.040085972826446659e-01
5.930668194305855900e-01,4.811284377821632985e-01,-1.119383816484222915e-01,-3.358151449452668746e-01,4.411146306155910857e-01,1.052994856703242110e-01
5.916069672771007149e-01,4.811284377821632985e-01,-1.104785294949374164e-01,-3.314355884848122491e-01,4.379556460454625544e-01,1.065200575606503053e-01
5.901577671293718463e-01,4.811284377821632985e-01,-1.090293293472085479e-01,-3.270879880416256436e-01,4.347600443186605546e-01,1.076720562770349110e-01
5.887193341872707375e-01,4.811284377821632985e-01,-1.075908964051074390e-01,-3.227726892153223170e-01,4.315298826303326507e-01,1.087571934150103337e-01
5.872917769645110697e-01,4.811284377821632985e-01,-1.061633391823477712e-01,-3.184900175470433137e-01,4.282671668279003363e-01,1.097771492808570226e-01
5.858751974566794862e-01,4.811284377821632985e-01,-1.047467596745161877e-01,-3.142402790235485632e-01,4.249738523494750453e-01,1.107335733259264821e-01
5.844696913061805388e-01,4.811284377821632985e-01,-1.033412535240172403e-01,-3.100237605720517209e-01,4.216518451496842346e-01,1.116280845776325137e-01
5.830753479641394010e-01,4.811284377821632985e-01,-1.019469101819761025e-01,-3.058407305459283076e-01,4.183030026123413236e-01,1.124622720664130160e-01
5.816922508493048705e-01,4.811284377821632985e-01,-1.005638130671415720e-01,-3.016914392014247159e-01,4.149291344503591716e-01,1.132376952489344557e-01
5.803204775039951802e-01,4.811284377821632985e-01,-9.919203972183188167e-02,-2.975761191654956450e-01,4.115320035929070919e-01,1.139558844274114469e-01
5.789600997471282540e-01,4.811284377821632985e-01,-9.783166196496495548e-02,-2.934949858948948664e-01,4.081133270600778573e-01,1.146183411651829909e-01
5.776111838243778163e-01,4.811284377821632985e-01,-9.648274604221451778e-02,-2.894482381266435533e-01,4.046747768251313104e-01,1.152265386984877571e-01
5.762737905554973228e-01,4.811284377821632985e-01,-9.514535277333402430e-02,-2.854360583200020729e-01,4.012179806641480440e-01,1.157819223441459711e-01
5.749479754788512365e-01,4.811284377821632985e-01,-9.381953769668793797e-02,-2.814586130900638139e-01,3.977445229938258997e-01,1.162859099037620858e-01
5.736337889931955036e-01,4.811284377821632985e-01,-9.250535121103220515e-02,-2.775160536330966154e-01,3.942559456967198450e-01,1.167398920636232296e-01
5.723312764967460886e-01,4.811284377821632985e-01,-9.120283871458279013e-02,-2.736085161437483704e-01,3.907537489348245074e-01,1.171452327910761371e-01
5.710404785235757563e-01,4.811284377821632985e-01,-8.991204074141245783e-02,-2.697361222242373735e-01,3.872393919510996874e-01,1.175032697268623139e-01
5.697614308773781833e-01,4.811284377821632985e-01,-8.863299309521488478e-02,-2.658989792856446543e-01,3.837142938592719155e-01,1.178153145736272611e-01
5.684941647626379213e-01,4.811284377821632985e-01,-8.736572698047462282e-02,-2.620971809414238685e-01,3.801798344220785886e-01,1.180826534806547201e-01
5.672387069132457382e-01,4.811284377821632985e-01,-8.611026913108243974e-02,-2.583308073932473192e-01,3.766373548176549235e-01,1.183065474244076043e-01
5.659950797185959726e-01,4.811284377821632985e-01,-8.486664193643267406e-02,-2.545999258092980222e-01,3.730881583949297031e-01,1.184882325856316809e-01
5.647633013472047603e-01,4.811284377821632985e-01,-8.363486356504146180e-02,-2.509045906951243854e-01,3.695335114173636804e-01,1.186289207222392950e-01
5.635433858678857710e-01,4.811284377821632985e-01,-8.241494808572247255e-02,-2.472448442571674176e-01,3.659746437956967746e-01,1.187297995385293570e-01
5.623353433685206459e-01,4.811284377821632985e-01,-8.120690558635734746e-02,-2.436207167590720424e-01,3.624127498095375266e-01,1.187920330504654842e-01
5.611391800724605528e-01,4.811284377821632985e-01,-8.001074229029725426e-02,-2.400322268708917628e-01,3.588489888180279586e-01,1.188167619471361958e-01
5.599548984525952733e-01,4.811284377821632985e-01,-7.882646067043197480e-02,-2.364793820112959244e-01,3.552844859595838400e-01,1.188051039482879156e-01
5.587824973431247955e-01,4.811284377821632985e-01,-7.765405956096149698e-02,-2.329621786828844909e-01,3.517203328411433461e-01,1.187581541582588551e-01
5.576219720490701581e-01,4.811284377821632985e-01,-7.649353426690685964e-02,-2.294806028007205789e-01,3.481575882163912006e-01,1.186769854156706216e-01
5.564733144535570775e-01,4.811284377821632985e-01,-7.534487667139377898e-02,-2.260346300141813369e-01,3.445972786539241994e-01,1.185626486397428625e-01
5.553365131229079932e-01,4.811284377821632985e-01,-7.420807534074469469e-02,-2.226242260222340841e-01,3.410403991947252855e-01,1.184161731724912014e-01
5.542115534095760632e-01,4.811284377821632985e-01,-7.308311562741276468e-02,-2.192493468822382940e-01,3.374879139995790034e-01,1.182385671173407093e-01
5.530984175529559677e-01,4.811284377821632985e-01,-7.196997977079266917e-02,-2.159099393123780075e-01,3.339407569860286529e-01,1.180308176736506454e-01
5.519970847781031642e-01,4.811284377821632985e-01,-7.086864699593986572e-02,-2.126059409878195972e-01,3.303998324558410360e-01,1.177938914680214388e-01
5.509075313923972317e-01,4.811284377821632985e-01,-6.977909361023393320e-02,-2.093372808307017996e-01,3.268660157117797560e-01,1.175287348810779564e-01
5.498297308801793903e-01,4.811284377821632985e-01,-6.870129309801609185e-02,-2.061038792940482756e-01,3.233401536653524033e-01,1.172362743713041278e-01
5.487636539953986148e-01,4.811284377821632985e-01,-6.763521621323531630e-02,-2.029056486397059489e-01,3.198230654342326673e-01,1.169174167945267184e-01
5.477092688522973152e-01,4.811284377821632985e-01,-6.658083107013401669e-02,-1.997424932104020501e-01,3.163155429303898813e-01,1.165730497199878313e-01
5.466665410141680059e-01,4.811284377821632985e-01,-6.553810323200470744e-02,-1.966143096960141223e-01,3.128183514387927744e-01,1.162040417427786521e-01
5.456354335802130473e-01,4.811284377821632985e-01,-6.450699579804974881e-02,-1.935209873941492464e-01,3.093322301864875890e-01,1.158112427923383425e-01
5.446159072705372139e-01,4.811284377821632985e-01,-6.348746948837391546e-02,-1.904624084651217464e-01,3.058578929027500060e-01,1.153954844376282596e-01
5.436079205093051758e-01,4.811284377821632985e-01,-6.247948272714187734e-02,-1.874384481814256320e-01,3.023960283696114359e-01,1.149575801881858039e-01
5.426114295060919801e-01,4.811284377821632985e-01,-6.148299172392868162e-02,-1.844489751717860448e-01,2.989473009639587175e-01,1.144983257921726727e-01
5.416263883354579534e-01,4.811284377821632985e-01,-6.049795055329465487e-02,-1.814938516598839646e-01,2.955123511902080224e-01,1.140184995303240578e-01
5.406527490147770010e-01,4.811284377821632985e-01,-5.952431123261370249e-02,-1.785729336978411075e-01,2.920917962042857141e-01,1.135188625064446066e-01
5.396904615803467253e-01,4.811284377821632985e-01,-5.856202379818342685e-02,-1.756860713945502805e-01,2.886862303290826937e-01,1.130001589345324131e-01
5.387394741618098948e-01,4.811284377821632985e-01,-5.761103637964659629e-02,-1.728331091389397889e-01,2.852962255610491660e-01,1.124631164221093771e-01
5.377997330549152410e-01,4.811284377821632985e-01,-5.667129527275194256e-02,-1.700138858182558277e-01,2.819223320683961198e-01,1.119084462501402921e-01
5.368711827926455626e-01,4.811284377821632985e-01,-5.574274501048226416e-02,-1.672282350314467925e-01,2.785650786809035218e-01,1.113368436494567293e-01
5.359537662147408899e-01,4.811284377821632985e-01,-5.482532843257759136e-02,-1.644759852977327741e-01,2.752249733714018376e-01,1.107489880736690635e-01
5.350474245356435787e-01,4.811284377821632985e-01,-5.391898675348028025e-02,-1.617569602604408407e-01,2.719025037291933344e-01,1.101455434687524937e-01
5.341520974108930897e-01,4.811284377821632985e-01,-5.302365962872979122e-02,-1.590709788861893736e-01,2.685981374251467102e-01,1.095271585389573366e-01
5.332677230019965409e-01,4.811284377821632985e-01,-5.213928521983324238e-02,-1.564178556594997271e-01,2.653123226689646508e-01,1.088944670094649236e-01
5.323942380398009044e-01,4.811284377821632985e-01,-5.126580025763760595e-02,-1.537974007729128179e-01,2.620454886586909282e-01,1.082480878857781104e-01
5.315315778863939356e-01,4.811284377821632985e-01,-5.040314010423063706e-02,-1.512094203126919112e-01,2.587980460220906664e-01,1.075886257093987552e-01
5.306796765955578143e-01,4.811284377821632985e-01,-4.955123881339451586e-02,-1.486537164401835476e-01,2.555703872508363617e-01,1.069166708106528141e-01
5.298384669718028128e-01,4.811284377821632985e-01,-4.871002918963951434e-02,-1.461300875689185430e-01,2.523628871265004570e-01,1.062327995575819140e-01
5.290078806280035240e-01,4.811284377821632985e-01,-4.787944284584022547e-02,-1.436383285375206764e-01,2.491759031397866586e-01,1.055375746022659822e-01
5.281878480416645205e-01,4.811284377821632985e-01,-4.705941025950122203e-02,-1.411782307785036661e-01,2.460097759017010333e-01,1.048315451231973672e-01
5.273782986098377590e-01,4.811284377821632985e-01,-4.624986082767446050e-02,-1.387495824830233815e-01,2.428648295480284602e-01,1.041152470650050788e-01
5.265791607027175969e-01,4.811284377821632985e-01,-4.545072292055429841e-02,-1.363521687616628952e-01,2.397413721360486250e-01,1.033892033743857297e-01
5.257903617159348508e-01,4.811284377821632985e-01,-4.466192393377155234e-02,-1.339857718013146570e-01,2.366396960348238210e-01,1.026539242335091640e-01
5.250118281215754301e-01,4.811284377821632985e-01,-4.388339033941213163e-02,-1.316501710182363949e-01,2.335600783078262133e-01,1.019099072895898184e-01
5.242434855179449738e-01,4.811284377821632985e-01,-4.311504773578167526e-02,-1.293451432073450258e-01,2.305027810891369100e-01,1.011576378817918842e-01
5.234852586781026940e-01,4.811284377821632985e-01,-4.235682089593939548e-02,-1.270704626878181864e-01,2.274680519526839362e-01,1.003975892648657497e-01
5.227370715971868531e-01,4.811284377821632985e-01,-4.160863381502355463e-02,-1.248259014450706639e-01,2.244561242747522556e-01,9.963022282968159171e-02
5.219988475385540783e-01,4.811284377821632985e-01,-4.087040975639077978e-02,-1.226112292691723393e-01,2.214672175898324546e-01,9.885598832066011532e-02
5.212705090787532747e-01,4.811284377821632985e-01,-4.014207129658997619e-02,-1.204262138897699286e-01,2.185015379402410751e-01,9.807532405047114654e-02
5.205519781513575639e-01,4.811284377821632985e-01,-3.942354036919426541e-02,-1.182706211075827962e-01,2.155592782187132350e-01,9.728865711113043879e-02
5.198431760896730092e-01,4.811284377821632985e-01,-3.871473830750971068e-02,-1.161442149225291320e-01,2.126406185053664188e-01,9.649640358283728681e-02
5.191440236683466658e-01,4.811284377821632985e-01,-3.801558588618336731e-02,-1.140467576585501019e-01,2.097457263979030095e-01,9.569896873935290760e-02
5.184544411438942735e-01,4.811284377821632985e-01,-3.732600336173097499e-02,-1.119780100851929250e-01,2.068747573357176961e-01,9.489674725052477111e-02
5.177743482941669084e-01,4.811284377821632985e-01,-3.664591051200360994e-02,-1.099377315360108298e-01,2.040278549182095169e-01,9.409012338219868710e-02
5.171036644567778007e-01,4.811284377821632985e-01,-3.597522667461450219e-02,-1.079256800238435066e-01,2.012051512167323253e-01,9.327947119288881872e-02
5.164423085665079682e-01,4.811284377821632985e-01,-3.531387078434466975e-02,-1.059416123530340093e-01,1.984067670809497308e-01,9.246515472791572154e-02
5.157901991917109852e-01,4.811284377821632985e-01,-3.466176140954768670e-02,-1.039852842286430601e-01,1.956328124390949164e-01,9.164752821045185627e-02
5.151472545697349803e-01,4.811284377821632985e-01,-3.401881678757168181e-02,-1.020564503627150454e-01,1.928833865928014646e-01,9.082693623008641914e-02
5.145133926413819614e-01,4.811284377821632985e-01,-3.338495485921866290e-02,-1.001548645776559887e-01,1.901585785059056732e-01,9.000371392824968453e-02
5.138885310844217846e-01,4.811284377821632985e-01,-3.276009330225848615e-02,-9.828027990677545844e-02,1.874584670880530268e-01,8.917818718127756838e-02
5.132725873461797539e-01,4.811284377821632985e-01,-3.214414956401645540e-02,-9.643244869204936620e-02,1.847831214726092242e-01,8.835067278055985796e-02
5.126654786752158355e-01,4.811284377821632985e-01,-3.153704089305253699e-02,-9.461112267915761098e-02,1.821326012891755219e-01,8.752147861001791096e-02
5.120671221521129191e-01,4.811284377821632985e-01,-3.093868436994962057e-02,-9.281605310984886170e-02,1.795069569308749280e-01,8.669090382102606629e-02
5.114774347193921100e-01,4.811284377821632985e-01,-3.034899693722881153e-02,-9.104699081168643460e-02,1.769062298162427105e-01,8.585923900455627589e-02
5.108963332105717070e-01,4.811284377821632985e-01,-2.976789542840840852e-02,-8.930368628522522556e-02,1.743304526461209036e-01,8.502676636089567808e-02
5.103237343783874058e-01,4.811284377821632985e-01,-2.919529659622410733e-02,-8.758588978867232200e-02,1.717796496552903562e-01,8.419375986661803424e-02
5.097595549221897171e-01,4.811284377821632985e-01,-2.863111714002641861e-02,-8.589335142007925583e-02,1.692538368593066167e-01,8.336048543922736087e-02
5.092037115145360282e-01,4.811284377821632985e-01,-2.807527373237272972e-02,-8.422582119711818915e-02,1.667530222961066677e-01,8.252720109898847856e-02
5.086561208269921863e-01,4.811284377821632985e-01,-2.752768304482888784e-02,-8.258304913448666351e-02,1.642772062631525642e-01,8.169415712866590074e-02
5.081166995551612553e-01,4.811284377821632985e-01,-2.698826177299795681e-02,-8.096478531899387043e-02,1.618263815492793078e-01,8.086159623028543741e-02
5.075853644429533240e-01,4.811284377821632985e-01,-2.645692666079002553e-02,-7.937077998237007659e-02,1.594005336623793845e-01,8.002975368000930789e-02
5.070620323061133528e-01,4.811284377821632985e-01,-2.593359452395005427e-02,-7.780078357185016280e-02,1.569996410519913788e-01,7.919885748014121596e-02
5.065466200550213793e-01,4.811284377821632985e-01,-2.541818227285808085e-02,-7.625454681857424255e-02,1.546236753275920250e-01,7.836912850901778249e-02
5.060390447167804062e-01,4.811284377821632985e-01,-2.491060693461710773e-02,-7.473182080385132320e-02,1.522726014722919352e-01,7.754078066844061201e-02
5.055392234566061793e-01,4.811284377821632985e-01,-2.441078567444288083e-02,-7.323235702332864250e-02,1.499463780522680700e-01,7.671402102893942754e-02
5.050470735985348458e-01,4.811284377821632985e-01,-2.391863581637154734e-02,-7.175590744911464203e-02,1.476449574214000471e-01,7.588904997228540505e-02
5.045625126454608145e-01,4.811284377821632985e-01,-2.343407486329751599e-02,-7.030222458989254797e-02,1.453682859222094059e-01,7.506606133231685796e-02
5.040854582985200283e-01,4.811284377821632985e-01,-2.295702051635672980e-02,-6.887106154907018940e-02,1.431163040822358568e-01,7.424524253316566735e-02
5.036158284758325276e-01,4.811284377821632985e-01,-2.248739069366922916e-02,-6.746217208100768747e-02,1.408889468062501926e-01,7.342677472524250515e-02
5.031535413306175153e-01,4.811284377821632985e-01,-2.202510354845421681e-02,-6.607531064536265042e-02,1.386861435645037055e-01,7.261083291914105509e-02
5.026985152686944680e-01,4.811284377821632985e-01,-2.157007748653116952e-02,-6.471023245959350856e-02,1.365078185769141861e-01,7.179758611732067752e-02
5.022506689653831735e-01,4.811284377821632985e-01,-2.112223118321987503e-02,-6.336669354965962508e-02,1.343538909933883474e-01,7.098719744372872231e-02
5.018099213818162374e-01,4.811284377821632985e-01,-2.068148359965293892e-02,-6.204445079895881676e-02,1.322242750700808323e-01,7.017982427112201549e-02
5.013761917806763835e-01,4.811284377821632985e-01,-2.024775399851308499e-02,-6.074326199553925498e-02,1.301188803419561779e-01,6.937561834641692293e-02
5.009493997413712041e-01,4.811284377821632985e-01,-1.982096195920790560e-02,-5.946288587762371680e-02,1.280376117915538181e-01,6.857472591393010131e-02
5.005294651746573509e-01,4.811284377821632985e-01,-1.940102739249405239e-02,-5.820308217748215718e-02,1.259803700141559624e-01,6.777728783667380519e-02
5.001163083367271556e-01,4.811284377821632985e-01,-1.898787055456385708e-02,-5.696361166369157125e-02,1.239470513790585926e-01,6.698343971536702135e-02
4.997098498427685609e-01,4.811284377821632985e-01,-1.858141206060526240e-02,-5.574423618181578721e-02,1.219375481875784040e-01,6.619331200576261676e-02
4.993100106800105187e-01,4.811284377821632985e-01,-1.818157289784722019e-02,-5.454471869354166058e-02,1.199517488274126631e-01,6.540703013387100251e-02
4.989167122202658455e-01,4.811284377821632985e-01,-1.778827443810254705e-02,-5.336482331430764114e-02,1.179895379234019437e-01,6.462471460909430254e-02
4.985298762319820831e-01,4.811284377821632985e-01,-1.740143844981878463e-02,-5.220431534945635388e-02,1.160507964851287266e-01,6.384648113567237271e-02
4.981494248918119094e-01,4.811284377821632985e-01,-1.702098710964861095e-02,-5.106296132894583284e-02,1.141354020510521039e-01,6.307244072210627106e-02
4.977752807957139258e-01,4.811284377821632985e-01,-1.664684301355062734e-02,-4.994052904065188203e-02,1.122432288293950808e-01,6.230269978874319881e-02
4.974073669695948663e-01,4.811284377821632985e-01,-1.627892918743156780e-02,-4.883678756229470341e-02,1.103741478357178618e-01,6.153736027342315840e-02
4.970456068795031102e-01,4.811284377821632985e-01,-1.591716909733981167e-02,-4.775150729201943500e-02,1.085280270275268411e-01,6.077651973550740605e-02
4.966899244413849335e-01,4.811284377821632985e-01,-1.556148665922163499e-02,-4.668445997766490496e-02,1.067047314354530041e-01,6.002027145778809913e-02
4.963402440304125474e-01,4.811284377821632985e-01,-1.521180624824924887e-02,-4.563541874474774662e-02,1.049041232917158339e-01,5.926870454696808732e-02
4.959964904898948035e-01,4.811284377821632985e-01,-1.486805270773150500e-02,-4.460415812319451501e-02,1.031260621553231616e-01,5.852190403212864656e-02
4.956585891397802812e-01,4.811284377821632985e-01,-1.453015135761698273e-02,-4.359045407285094820e-02,1.013704050343566809e-01,5.777995096150573273e-02
4.953264657847619157e-01,4.811284377821632985e-01,-1.419802800259861719e-02,-4.259408400779585158e-02,9.963700650550966209e-02,5.704292249771381051e-02
4.950000467219933253e-01,4.811284377821632985e-01,-1.387160893983002685e-02,-4.161482681949008056e-02,9.792571883057710203e-02,5.631089201108702147e-02
4.946792587484258319e-01,4.811284377821632985e-01,-1.355082096626253341e-02,-4.065246289878760022e-02,9.623639207024803355e-02,5.558392917146043333e-02
4.943640291677754983e-01,4.811284377821632985e-01,-1.323559138561219983e-02,-3.970677415683659950e-02,9.456887419510007220e-02,5.486210003826347270e-02
4.940542857971290114e-01,4.811284377821632985e-01,-1.292584801496571290e-02,-3.877754404489713869e-02,9.292301119394608122e-02,5.414546714904894253e-02
4.937499569731974014e-01,4.811284377821632985e-01,-1.262151919103410291e-02,-3.786455757310230874e-02,9.129864717948299457e-02,5.343408960638068583e-02
4.934509715582264255e-01,4.811284377821632985e-01,-1.232253377606312705e-02,-3.696760132818938116e-02,8.969562449129275805e-02,5.272802316310337689e-02
4.931572589455717748e-01,4.811284377821632985e-01,-1.202882116340847629e-02,-3.608646349022542887e-02,8.811378379639522862e-02,5.202732030616979975e-02
4.928687490649477643e-01,4.811284377821632985e-01,-1.174031128278446579e-02,-3.522093384835339736e-02,8.655296418720315188e-02,5.133203033884975452e-02
4.925853723873576118e-01,4.811284377821632985e-01,-1.145693460519431328e-02,-3.437080381558293984e-02,8.501300327704575110e-02,5.064219946146281126e-02
4.923070599297136307e-01,4.811284377821632985e-01,-1.117862214755033223e-02,-3.353586644265099670e-02,8.349373729319431447e-02,4.995787085054331778e-02
4.920337432591546656e-01,4.811284377821632985e-01,-1.090530547699136710e-02,-3.271591643097410129e-02,8.199500116768954072e-02,4.927908473671543943e-02
4.917653544970693735e-01,4.811284377821632985e-01,-1.063691671490607504e-02,-3.191075014471822513e-02,8.051662862558761624e-02,4.860587848086939111e-02
4.915018263228321804e-01,4.811284377821632985e-01,-1.037338854066888194e-02,-3.112016562200664582e-02,7.905845227115793072e-02,4.793828664915128490e-02
4.912430919772599047e-01,4.811284377821632985e-01,-1.011465419509660624e-02,-3.034396258528981871e-02,7.762030367168271106e-02,4.727634108639289234e-02
4.909890852657962657e-01,4.811284377821632985e-01,-9.860647483632967170e-03,-2.958194245089890151e-02,7.620201343909172031e-02,4.662007098819281881e-02
4.907397405614314367e-01,4.811284377821632985e-01,-9.611302779268138252e-03,-2.883390833780441476e-02,7.480341130944867523e-02,4.596950297164426047e-02
4.904949928073638055e-01,4.811284377821632985e-01,-9.366555025200506979e-03,-2.809966507560152094e-02,7.342432622028938205e-02,4.532466114468786111e-02
4.902547775194106006e-01,4.811284377821632985e-01,-9.126339737247302075e-03,-2.737901921174190623e-02,7.206458638596147104e-02,4.468556717421956481e-02
4.900190307881748253e-01,4.811284377821632985e-01,-8.890593006011526800e-03,-2.667177901803458040e-02,7.072401937073258260e-02,4.405224035269800220e-02
4.897876892809743254e-01,4.811284377821632985e-01,-8.659251498811026959e-03,-2.597775449643308088e-02,6.940245216014995222e-02,4.342469766371687134e-02
4.895606902435402086e-01,4.811284377821632985e-01,-8.432252461376910091e-03,-2.529675738413073027e-02,6.809971123023506046e-02,4.280295384610433018e-02
4.893379715014907205e-01,4.811284377821632985e-01,-8.209533719327422041e-03,-2.462860115798226612e-02,6.681562261484641496e-02,4.218702145686414884e-02
4.891194714615869077e-01,4.811284377821632985e-01,-7.991033679423609204e-03,-2.397310103827082761e-02,6.555001197114385114e-02,4.157691093287302353e-02
4.889051291127763932e-01,4.811284377821632985e-01,-7.776691330613094699e-03,-2.333007399183928410e-02,6.430270464315435142e-02,4.097263065131506732e-02
4.886948840270309846e-01,4.811284377821632985e-01,-7.566446244867686133e-03,-2.269933873460305840e-02,6.307352572362256993e-02,4.037418698901951153e-02
4.884886763599844972e-01,4.811284377821632985e-01,-7.360238577821198724e-03,-2.208071573346359617e-02,6.186230011394622252e-02,3.978158438048262635e-02
4.882864468513760658e-01,4.811284377821632985e-01,-7.158009069212767361e-03,-2.147402720763830208e-02,6.066885258252940893e-02,3.919482537489110685e-02
4.880881368253051078e-01,4.811284377821632985e-01,-6.959699043141809316e-03,-2.087909712942542795e-02,5.949300782128741361e-02,3.861391069186198566e-02
4.878936881903033207e-01,4.811284377821632985e-01,-6.765250408140022209e-03,-2.029575122442006663e-02,5.833459050053613204e-02,3.803883927611606541e-02
4.877030434392291558e-01,4.811284377821632985e-01,-6.574605657065857311e-03,-1.972381697119757193e-02,5.719342532224946929e-02,3.746960835105189735e-02
4.875161456489900957e-01,4.811284377821632985e-01,-6.387707866826797254e-03,-1.916312360048039176e-02,5.606933707171801728e-02,3.690621347123762552e-02
4.873329384800981767e-01,4.811284377821632985e-01,-6.204500697934878239e-03,-1.861350209380463472e-02,5.496215066757570433e-02,3.634864857377106961e-02
4.871533661760636402e-01,4.811284377821632985e-01,-6.024928393900341739e-03,-1.807478518170102522e-02,5.387169121036095021e-02,3.579690602865992499e-02
4.869773735626319322e-01,4.811284377821632985e-01,-5.848935780468633716e-03,-1.754680734140590115e-02,5.279778402951240679e-02,3.525097668810650564e-02
4.868049060468690459e-01,4.811284377821632985e-01,-5.676468264705747391e-03,-1.702940479411724217e-02,5.174025472886589760e-02,3.471084993474865543e-02
4.866359096160996489e-01,4.811284377821632985e-01,-5.507471833936350425e-03,-1.652241550180905127e-02,5.069892923081908975e-02,3.417651372901003848e-02
4.864703308367031576e-01,4.811284377821632985e-01,-5.341893054539859076e-03,-1.602567916361957723e-02,4.967363381894740471e-02,3.364795465532782748e-02
4.863081168527721987e-01,4.811284377821632985e-01,-5.179679070608900204e-03,-1.553903721182670061e-02,4.866419517928766147e-02,3.312515796746096086e-02
4.861492153846379560e-01,4.811284377821632985e-01,-5.020777602474657542e-03,-1.506233280742397262e-02,4.767044044027279881e-02,3.260810763284882619e-02
4.859935747272670081e-01,4.811284377821632985e-01,-4.865136945103709643e-03,-1.459541083531112893e-02,4.669219721128436973e-02,3.209678637597324080e-02
4.858411437485336548e-01,4.811284377821632985e-01,-4.712705966370356325e-03,-1.413811789911106898e-02,4.572929362000599518e-02,3.159117572089492620e-02
4.856918718873723950e-01,4.811284377821632985e-01,-4.563434105209096536e-03,-1.369030231562728961e-02,4.478155834837793670e-02,3.109125603275064709e-02
4.855457091518144419e-01,4.811284377821632985e-01,-4.417271369651143420e-03,-1.325181410895343026e-02,4.384882066738593487e-02,3.059700655843250461e-02
4.854026061169123274e-01,4.811284377821632985e-01,-4.274168334749028908e-03,-1.282250500424708672e-02,4.293091047063435362e-02,3.010840546638726689e-02
4.852625139225568152e-01,4.811284377821632985e-01,-4.134076140393516674e-03,-1.240222842118055002e-02,4.202765830665367019e-02,2.962542988547312017e-02
4.851253842711898412e-01,4.811284377821632985e-01,-3.996946489026542704e-03,-1.199083946707962811e-02,4.113889541009219109e-02,2.914805594301256297e-02
4.849911694254172012e-01,4.811284377821632985e-01,-3.862731643253902725e-03,-1.158819492976170817e-02,4.026445373179199372e-02,2.867625880203028554e-02
4.848598222055247597e-01,4.811284377821632985e-01,-3.731384423361461256e-03,-1.119415327008438377e-02,3.940416596773244073e-02,2.821001269764805697e-02
4.847312959869020665e-01,4.811284377821632985e-01,-3.602858204738768055e-03,-1.080857461421630417e-02,3.855786558680796006e-02,2.774929097259165589e-02
4.846055446973766556e-01,4.811284377821632985e-01,-3.477106915213357130e-03,-1.043132074564007139e-02,3.772538685762327759e-02,2.729406611198320620e-02
4.844825228144624130e-01,4.811284377821632985e-01,-3.354085032299114477e-03,-1.006225509689734343e-02,3.690656487427279586e-02,2.684430977737545243e-02
4.843621853625259543e-01,4.811284377821632985e-01,-3.233747580362655860e-03,-9.701242741087967580e-03,3.610123558093758511e-02,2.639999283984961753e-02
4.842444879098734556e-01,4.811284377821632985e-01,-3.116050127710157103e-03,-9.348150383130471308e-03,3.530923579574962723e-02,2.596108541261915592e-02
4.841293865657622097e-01,4.811284377821632985e-01,-3.000948783598911263e-03,-9.002846350796733788e-03,3.453040323337375206e-02,2.552755688257701827e-02
4.840168379773392426e-01,4.811284377821632985e-01,-2.888400195175944152e-03,-8.665200585527832455e-03,3.376457652689013322e-02,2.509937594136230077e-02
4.839067993265103729e-01,4.811284377821632985e-01,-2.778361544347074386e-03,-8.335084633041223157e-03,3.301159524866092987e-02,2.467651061561970671e-02
4.837992283267431026e-01,4.811284377821632985e-01,-2.670790544579804138e-03,-8.012371633739412413e-03,3.227129993018107434e-02,2.425892829644166193e-02
4.836940832198054485e-01,4.811284377821632985e-01,-2.565645437642150029e-03,-7.696936312926450086e-03,3.154353208129623276e-02,2.384659576836978268e-02
4.835913227724446539e-01,4.811284377821632985e-01,-2.462884990281355435e-03,-7.388654970844066305e-03,3.082813420823837802e-02,2.343947923739431172e-02
4.834909062730076146e-01,4.811284377821632985e-01,-2.362468490844316094e-03,-7.087405472532948281e-03,3.012494983111180247e-02,2.303754435857885419e-02
4.833927935280064037e-01,4.811284377821632985e-01,-2.264355745843105172e-03,-6.793067237529315516e-03,2.943382350036327644e-02,2.264075626283396092e-02
4.832969448586315053e-01,4.811284377821632985e-01,-2.168507076468206840e-03,-6.505521229404620520e-03,2.875460081246949962e-02,2.224907958306487910e-02
4.832033210972148662e-01,4.811284377821632985e-01,-2.074883315051567756e-03,-6.224649945154703268e-03,2.808712842499172524e-02,2.186247847983702197e-02
4.831118835836462622e-01,4.811284377821632985e-01,-1.983445801482963677e-03,-5.950337404448891032e-03,2.743125407058122356e-02,2.148091666613233253e-02
4.830225941617442564e-01,4.811284377821632985e-01,-1.894156379580957950e-03,-5.682469138742873849e-03,2.678682657060171834e-02,2.110435743185884450e-02
4.829354151755854141e-01,4.811284377821632985e-01,-1.806977393422115608e-03,-5.420932180266346823e-03,2.615369584765270261e-02,2.073276366738635579e-02
4.828503094657933259e-01,4.811284377821632985e-01,-1.721871683630027405e-03,-5.165615050890082216e-03,2.553171293762646066e-02,2.036609788673637844e-02
4.827672403657898847e-01,4.811284377821632985e-01,-1.638802583626586262e-03,-4.916407750879758787e-03,2.492073000103234293e-02,2.000432225015258414e-02
4.826861716980114791e-01,4.811284377821632985e-01,-1.557733915848180661e-03,-4.673201747544541984e-03,2.432060033352168027e-02,1.964739858597713829e-02
4.826070677700916578e-01,4.811284377821632985e-01,-1.478629987928359313e-03,-4.435889963785077938e-03,2.373117837594640456e-02,1.929528841216132662e-02
4.825298933710130411e-01,4.811284377821632985e-01,-1.401455588849742639e-03,-4.204366766549227918e-03,2.315231972358500201e-02,1.894795295703577409e-02
4.824546137672301449e-01,4.811284377821632985e-01,-1.326175985066846419e-03,-3.978527955200539257e-03,2.258388113486886617e-02,1.860535317966832691e-02
4.823811946987652255e-01,4.811284377821632985e-01,-1.252756916601927006e-03,-3.758270749805781019e-03,2.202572053947582376e-02,1.826744978967004274e-02
4.823096023752792560e-01,4.811284377821632985e-01,-1.181164593115957562e-03,-3.543493779347872685e-03,2.147769704579083339e-02,1.793420326644296070e-02
4.822398034721199211e-01,4.811284377821632985e-01,-1.111365689956622660e-03,-3.334097069869867980e-03,2.093967094780047056e-02,1.760557387793060258e-02
4.821717651263484061e-01,4.811284377821632985e-01,-1.043327344185107641e-03,-3.129982032555322924e-03,2.041150373145450558e-02,1.728152169889918266e-02
4.821054549327467575e-01,4.811284377821632985e-01,-9.770171505834590597e-04,-2.931051451750377179e-03,1.989305808049457447e-02,1.696200662874419729e-02
4.820408409398079796e-01,4.811284377821632985e-01,-9.124031576446811620e-04,-2.737209472934043486e-03,1.938419788163336932e-02,1.664698840869932583e-02
4.819778916457100881e-01,4.811284377821632985e-01,-8.494538635467896448e-04,-2.548361590640368934e-03,1.888478822936745516e-02,1.633642663872708622e-02
4.819165759942760641e-01,4.811284377821632985e-01,-7.881382121127655793e-04,-2.364414636338296738e-03,1.839469543020721964e-02,1.603028079386892291e-02
4.818568633709214288e-01,4.811284377821632985e-01,-7.284255887581303490e-04,-2.185276766274391047e-03,1.791378700639056909e-02,1.572851024011617804e-02
4.817987235985908279e-01,4.811284377821632985e-01,-6.702858164275293795e-04,-2.010857449282588139e-03,1.744193169918029085e-02,1.543107424989770271e-02
4.817421269336852330e-01,4.811284377821632985e-01,-6.136891515219344839e-04,-1.841067454565803452e-03,1.697899947167846868e-02,1.513793201711266523e-02
4.816870440619813176e-01,4.811284377821632985e-01,-5.586062798180191358e-04,-1.675818839454057407e-03,1.652486151117460444e-02,1.484904267172054704e-02
4.816334460945445595e-01,4.811284377821632985e-01,-5.050083123812609820e-04,-1.515024937143782946e-03,1.607939023102744613e-02,1.456436529388366319e-02
4.815813045636372358e-01,4.811284377821632985e-01,-4.528667814739373298e-04,-1.358600344421811990e-03,1.564245927219709564e-02,1.428385892777528365e-02
4.815305914186226444e-01,4.811284377821632985e-01,-4.021536364593458757e-04,-1.206460909378037627e-03,1.521394350437743626e-02,1.400748259499939863e-02
4.814812790218675476e-01,4.811284377821632985e-01,-3.528412397042490767e-04,-1.058523719112747230e-03,1.479371902652903970e-02,1.373519530741629247e-02
4.814333401446432292e-01,4.811284377821632985e-01,-3.049023624799307441e-04,-9.147070874397922324e-04,1.438166316729549976e-02,1.346695607985570753e-02
4.813867479630268842e-01,4.811284377821632985e-01,-2.583101808635857033e-04,-7.749305425907571099e-04,1.397765448490351226e-02,1.320272394231275515e-02
4.813414760538047843e-01,4.811284377821632985e-01,-2.130382716414858102e-04,-6.391148149244574306e-04,1.358157276662996793e-02,1.294245795170551050e-02
4.812974983903778314e-01,4.811284377821632985e-01,-1.690606082145329481e-04,-5.071818246435988442e-04,1.319329902808585864e-02,1.268611720344225979e-02
4.812547893386712183e-01,4.811284377821632985e-01,-1.263515565079198488e-04,-3.790546695237595465e-04,1.281271551198392977e-02,1.243366084246017023e-02
4.812133236530488634e-01,4.811284377821632985e-01,-8.488587088556487359e-05,-2.546576126566946208e-04,1.243970568670649257e-02,1.218504807404979795e-02
4.811730764722338960e-01,4.811284377821632985e-01,-4.463869007059750871e-05,-1.339160702117925261e-04,1.207415424449020946e-02,1.194023817427841694e-02
4.811340233152363588e-01,4.811284377821632985e-01,-5.585533073060311438e-06,-1.675659921918093431e-05,1.171594709926115918e-02,1.169919050004197825e-02
4.810961400772888474e-01,4.811284377821632985e-01,3.229770487445104976e-05,9.689311462335314928e-05,1.136497138425340836e-02,1.146186449887676151e-02
4.810594030257911990e-01,4.811284377821632985e-01,6.903475637209943727e-05,2.071042691162983118e-04,1.102111544929451625e-02,1.122821971841081456e-02
4.810237887962653947e-01,4.811284377821632985e-01,1.046489858979038345e-04,3.139469576937115036e-04,1.068426885774131918e-02,1.099821581543503068e-02
4.809892743883211752e-01,4.811284377821632985e-01,1.391633938421232841e-04,4.174901815263698523e-04,1.035432238326583487e-02,1.077181256479220472e-02
4.809558371616334260e-01,4.811284377821632985e-01,1.726006205298724616e-04,5.178018615896173849e-04,1.003116800632475325e-02,1.054896986791437064e-02
4.809234548319324398e-01,4.811284377821632985e-01,2.049829502308586626e-04,6.149488506925759879e-04,9.714698910295860301e-03,1.032964776098843629e-02
4.808921054670075579e-01,4.811284377821632985e-01,2.363323151557406021e-04,7.089969454672218063e-04,9.404809477464581846e-03,1.011380642293180365e-02
4.808617674827249666e-01,4.811284377821632985e-01,2.666702994383318703e-04,8.000108983149956110e-04,9.101395284777380468e-03,9.901406183092376079e-03
4.808324196390607042e-01,4.811284377821632985e-01,2.960181431025943333e-04,8.880544293077829998e-04,8.804353099278738881e-03,9.692407528586521881e-03
4.808040410361492656e-01,4.811284377821632985e-01,3.243967460140328996e-04,9.731902380420986987e-04,8.513580873431569884e-03,9.486771111473668583e-03
4.807766111103490281e-01,4.811284377821632985e-01,3.518266718142704086e-04,1.055480015442811226e-03,8.228977740071252711e-03,9.284457755514063937e-03
4.807501096303243293e-01,4.811284377821632985e-01,3.783281518389691733e-04,1.134984455516907520e-03,7.950444007409629421e-03,9.085428462926536941e-03
4.807245166931459202e-01,4.811284377821632985e-01,4.039210890173783319e-04,1.211763267052134996e-03,7.677881153522747582e-03,8.889644420574882577e-03
4.806998127204095694e-01,4.811284377821632985e-01,4.286250617537290530e-04,1.285875185261187159e-03,7.411191820905216332e-03,8.697067006166403491e-03
4.806759784543738201e-01,4.811284377821632985e-01,4.524593277894783938e-04,1.357377983368435181e-03,7.150279810724802232e-03,8.507657794093237413e-03
4.806529949541175073e-01,4.811284377821632985e-01,4.754428280457911882e-04,1.426328484137373565e-03,6.895050076893838309e-03,8.321378561031211873e-03
4.806308435917172606e-01,4.811284377821632985e-01,4.975941904460379206e-04,1.492782571338113762e-03,6.645408720074019726e-03,8.138191291412133488e-03
4.806095060484461556e-01,4.811284377821632985e-01,5.189317337171428512e-04,1.556795201151428554e-03,6.401262981331479196e-03,7.958058182482907750e-03
4.805889643109932940e-01,4.811284377821632985e-01,5.394734711700044372e-04,1.618420413510013312e-03,6.162521235858475777e-03,7.780941649368489088e-03
4.805692006677053651e-01,4.811284377821632985e-01,5.592371144579333375e-04,1.677711343373800013e-03,5.929092986378670105e-03,7.606804329752470117e-03
4.805501977048504125e-01,4.811284377821632985e-01,5.782400773128859583e-04,1.734720231938657875e-03,5.700888856485786249e-03,7.435609088424444124e-03
4.805319383029043045e-01,4.811284377821632985e-01,5.964994792589939365e-04,1.789498437776981810e-03,5.477820583832393453e-03,7.267319021609375262e-03
4.805144056328603530e-01,4.811284377821632985e-01,6.140321493029454736e-04,1.842096447908836421e-03,5.259801013185461116e-03,7.101897461094297537e-03
4.804975831525625241e-01,4.811284377821632985e-01,6.308546296007744303e-04,1.892563888802323291e-03,5.046744089348687012e-03,6.939307978151010303e-03
4.804814546030625189e-01,4.811284377821632985e-01,6.469831791007796262e-04,1.940949537302338879e-03,4.838564850001558781e-03,6.779514387303897660e-03
4.804660040050012237e-01,4.811284377821632985e-01,6.624337771620747439e-04,1.987301331486224232e-03,4.635179418388535311e-03,6.622480749874759542e-03
4.804512156550149182e-01,4.811284377821632985e-01,6.772221271483802596e-04,2.031666381445140779e-03,4.436504995891654701e-03,6.468171377336795480e-03
4.804370741221663521e-01,4.811284377821632985e-01,6.913636599969463781e-04,2.074090979990839134e-03,4.242459854569835542e-03,6.316550834560674677e-03
4.804235642444012466e-01,4.811284377821632985e-01,7.048735377620518605e-04,2.114620613286155582e-03,4.052963329531644732e-03,6.167583942817800313e-03
4.804106711250304418e-01,4.811284377821632985e-01,7.177666571328567002e-04,2.153299971398570101e-03,3.867935811241451916e-03,6.021235782640022016e-03
4.803983801292379119e-01,4.811284377821632985e-01,7.300576529253866020e-04,2.190172958776159806e-03,3.687298737758970546e-03,5.877471696535130352e-03
4.803866768806150378e-01,4.811284377821632985e-01,7.417609015482606871e-04,2.225282704644782061e-03,3.510974586862225522e-03,5.736257291507007583e-03
4.803755472577213026e-01,4.811284377821632985e-01,7.528905244419958898e-04,2.258671573325987669e-03,3.338886868120560791e-03,5.597558441446548461e-03
4.803649773906716880e-01,4.811284377821632985e-01,7.634603914916104905e-04,2.290381174474831472e-03,3.170960114884380232e-03,5.461341289359211704e-03
4.803549536577510493e-01,4.811284377821632985e-01,7.734841244122492299e-04,2.320452373236747690e-03,3.007119876191621799e-03,5.327572249428369489e-03
4.803454626820553020e-01,4.811284377821632985e-01,7.829751001079965356e-04,2.348925300323989607e-03,2.847292708724191712e-03,5.196218009048181319e-03
4.803364913281604753e-01,4.811284377821632985e-01,7.919464540028231525e-04,2.375839362008469458e-03,2.691406168447985081e-03,5.067245530456454539e-03
4.803280266988186886e-01,4.811284377821632985e-01,8.004110833446098638e-04,2.401233250033829592e-03,2.539388802536013401e-03,4.940622052569842992e-03
4.803200561316821604e-01,4.811284377821632985e-01,8.083816504811380810e-04,2.425144951443414243e-03,2.391170140958465140e-03,4.816315092401879383e-03
4.803125671960548626e-01,4.811284377821632985e-01,8.158705861084358801e-04,2.447611758325307640e-03,2.246680688189339747e-03,4.694292446514647388e-03
4.803055476896722631e-01,4.811284377821632985e-01,8.228900924910353964e-04,2.468670277473106189e-03,2.105851914779854894e-03,4.574522192252961084e-03
4.802989856355088794e-01,4.811284377821632985e-01,8.294521466544191313e-04,2.488356439963257394e-03,1.968616249015120445e-03,4.456972688978377839e-03
4.802928692786143650e-01,4.811284377821632985e-01,8.355685035489335277e-04,2.506705510646800583e-03,1.834907068354318938e-03,4.341612579001119521e-03
4.802871870829777401e-01,4.811284377821632985e-01,8.412506991855583927e-04,2.523752097556675178e-03,1.704658690987459480e-03,4.228410788544134657e-03
4.802819277284199884e-01,4.811284377821632985e-01,8.465100537433101202e-04,2.539530161229930361e-03,1.577806367325518266e-03,4.117336528555448627e-03
4.802770801075150753e-01,4.811284377821632985e-01,8.513576746482232060e-04,2.554073023944669618e-03,1.454286271473925751e-03,4.008359295418595369e-03
4.802726333225397215e-01,4.811284377821632985e-01,8.558044596235769852e-04,2.567413378870730956e-03,1.334035492606133744e-03,3.901448871476864699e-03
4.802685766824515423e-01,4.811284377821632985e-01,8.598610997117561716e-04,2.579583299135268515e-03,1.216992026453755926e-03,3.796575325589024441e-03
4.802648996998958864e-01,4.811284377821632985e-01,8.635380822674121326e-04,2.590614246802236398e-03,1.103094766696788298e-03,3.693709013499024696e-03
4.802615920882415956e-01,4.811284377821632985e-01,8.668456939217028534e-04,2.600537081765108560e-03,9.922834962872162379e-04,3.592820578052324798e-03
4.802586437586451318e-01,4.811284377821632985e-01,8.697940235181667035e-04,2.609382070554500110e-03,8.844988789391550199e-04,3.493880949493655130e-03
4.802560448171435681e-01,4.811284377821632985e-01,8.723929650197304042e-04,2.617178895059191213e-03,7.796824504691102220e-04,3.396861345528301435e-03
4.802537855617765583e-01,4.811284377821632985e-01,8.746522203867401757e-04,2.623956661160220527e-03,6.777766101029314427e-04,3.301733271263151970e-03
4.802518564797366718e-01,4.811284377821632985e-01,8.765813024266266851e-04,2.629743907279880055e-03,5.787246119659528176e-04,3.208468519245832873e-03
4.802502482445487608e-01,4.811284377821632985e-01,8.781895376145376630e-04,2.634568612843612989e-03,4.824705563732933911e-04,3.117039169216906380e-03
4.802489517132777497e-01,4.811284377821632985e-01,8.794860688855488107e-04,2.638458206656646432e-03,3.889593813033442871e-04,3.027417587959990719e-03
4.802479579237655116e-01,4.811284377821632985e-01,8.804798583977868631e-04,2.641439575193360589e-03,2.981368536714157358e-04,2.939576428864776325e-03
4.802472580918961675e-01,4.811284377821632985e-01,8.811796902671309439e-04,2.643539070801392832e-03,2.099495608032242444e-04,2.853488631604617076e-03
4.802468436088899728e-01,4.811284377821632985e-01,8.815941732733256764e-04,2.644782519819977029e-03,1.243449018584197319e-04,2.769127421678396761e-03
4.802467060386259590e-01,4.811284377821632985e-01,8.817317435373395185e-04,2.645195230612018555e-03,4.127107920415262754e-05,2.686466309816171183e-03
4.802468371149929416e-01,4.811284377821632985e-01,8.816006671703568998e-04,2.644802001511070699e-03,-3.932291009478561250e-05,2.605479091416285087e-03
4.802472287392690609e-01,4.811284377821632985e-01,8.812090428942376263e-04,2.643627128682712879e-03,-1.174872828357820254e-04,2.526139845846930854e-03
4.802478729775297439e-01,4.811284377821632985e-01,8.805648046335545764e-04,2.641694413900663729e-03,-1.932714782049149704e-04,2.448422935695748759e-03
4.802487620580840333e-01,4.811284377821632985e-01,8.796757240792651977e-04,2.639027172237795593e-03,-2.667241662868136132e-04,2.372303005950981980e-03
4.802498883689388931e-01,4.811284377821632985e-01,8.785494132244053844e-04,2.635648239673216153e-03,-3.378932564579439912e-04,2.297754983215272162e-03
4.802512444552921034e-01,4.811284377821632985e-01,8.771933268711951115e-04,2.631579980613585334e-03,-4.068259059630818797e-04,2.224754074650503455e-03
4.802528230170527435e-01,4.811284377821632985e-01,8.756147651105550267e-04,2.626844295331665080e-03,-4.735685281920254397e-04,2.153275767139639640e-03
4.802546169063900972e-01,4.811284377821632985e-01,8.738208757732013332e-04,2.621462627319604000e-03,-5.381668012061080475e-04,2.083295826113495952e-03
4.802566191253100913e-01,4.811284377821632985e-01,8.718186568532071412e-04,2.615455970559621424e-03,-6.006656759982575977e-04,2.014790294561363826e-03
4.802588228232595458e-01,4.811284377821632985e-01,8.696149589037527328e-04,2.608844876711258198e-03,-6.611093848363225334e-04,1.947735491874935665e-03
4.802612212947581782e-01,4.811284377821632985e-01,8.672164874051202510e-04,2.601649462215360753e-03,-7.195414495897445306e-04,1.882108012625616222e-03
4.802638079770580881e-01,4.811284377821632985e-01,8.646298051052103695e-04,2.593889415315631108e-03,-7.760046899729644565e-04,1.817884725342666652e-03
4.802665764478304955e-01,4.811284377821632985e-01,8.618613343328029863e-04,2.585584002998408959e-03,-8.305412317222149454e-04,1.755042771276194014e-03
4.802695204228800696e-01,4.811284377821632985e-01,8.589173592832288762e-04,2.576752077849686628e-03,-8.831925148722330476e-04,1.693559562977453581e-03
4.802726337538859025e-01,4.811284377821632985e-01,8.558040282773959895e-04,2.567412084832187968e-03,-9.339993017498660066e-04,1.633412783082321962e-03
4.802759104261700718e-01,4.811284377821632985e-01,8.525273559932267098e-04,2.557582067979680129e-03,-9.830016852507839076e-04,1.574580382728896222e-03
4.802793445564925157e-01,4.811284377821632985e-01,8.490932256707828252e-04,2.547279677012348476e-03,-1.030239096733165383e-03,1.517040580279183093e-03
4.802829303908729974e-01,4.811284377821632985e-01,8.455073912903010580e-04,2.536522173870903174e-03,-1.075750314144530151e-03,1.460771859726373023e-03
4.802866623024394377e-01,4.811284377821632985e-01,8.417754797238607978e-04,2.525326439171582393e-03,-1.119573469932078069e-03,1.405752969239504324e-03
4.802905347893027810e-01,4.811284377821632985e-01,8.379029928605175037e-04,2.513708978581552511e-03,-1.161746059002988218e-03,1.351962919578564293e-03
4.802945424724581192e-01,4.811284377821632985e-01,8.338953097051793328e-04,2.501685929115537999e-03,-1.202304946601451263e-03,1.299380982514086735e-03
4.802986800937116829e-01,4.811284377821632985e-01,8.297576884516155715e-04,2.489273065354846715e-03,-1.241286376069128394e-03,1.247986689285718320e-03
4.803029425136342012e-01,4.811284377821632985e-01,8.254952685290972703e-04,2.476485805587291811e-03,-1.278725976755490379e-03,1.197759828831801432e-03
4.803073247095395737e-01,4.811284377821632985e-01,8.211130726237247934e-04,2.463339217871174380e-03,-1.314658771611743049e-03,1.148680446259431331e-03
4.803118217734895778e-01,4.811284377821632985e-01,8.166160086737206392e-04,2.449848026021161917e-03,-1.349119185001246279e-03,1.100728841019915638e-03
4.803164289103236673e-01,4.811284377821632985e-01,8.120088718396312188e-04,2.436026615518893657e-03,-1.382141050226826096e-03,1.053885565292067561e-03
4.803211414357143050e-01,4.811284377821632985e-01,8.072963464489935070e-04,2.421889039346980521e-03,-1.413757617191313543e-03,1.008131422155666979e-03
4.803259547742471658e-01,4.811284377821632985e-01,8.024830079161326957e-04,2.407449023748398087e-03,-1.444001559858243411e-03,9.634474638901546761e-04
4.803308644575264297e-01,4.811284377821632985e-01,7.975733246368688079e-04,2.392719973910606424e-03,-1.472904983779166344e-03,9.198149901314400800e-04
4.803358661223046666e-01,4.811284377821632985e-01,7.925716598586318717e-04,2.377714979575895615e-03,-1.500499433471080835e-03,8.772155461048147806e-04
4.803409555086375349e-01,4.811284377821632985e-01,7.874822735257636097e-04,2.362446820577290829e-03,-1.526815899860478609e-03,8.356309207168122200e-04
4.803461284580624602e-01,4.811284377821632985e-01,7.823093241008383103e-04,2.346927972302514931e-03,-1.551884827477589823e-03,7.950431448249251076e-04
4.803513809118018507e-01,4.811284377821632985e-01,7.770568703614477712e-04,2.331170611084343314e-03,-1.575736121817161717e-03,7.554344892671815970e-04
4.803567089089901820e-01,4.811284377821632985e-01,7.717288731731164475e-04,2.315186619519349343e-03,-1.598399156499397122e-03,7.167874630199522201e-04
4.803621085849248407e-01,4.811284377821632985e-01,7.663291972384578266e-04,2.298987591715373480e-03,-1.619902780397586284e-03,6.790848113177871959e-04
4.803675761693406154e-01,4.811284377821632985e-01,7.608616128226830533e-04,2.282584838468049160e-03,-1.640275324732431983e-03,6.423095137356171769e-04
4.803731079847077812e-01,4.811284377821632985e-01,7.553297974555173155e-04,2.265989392366551947e-03,-1.659544610149721322e-03,6.064447822168306246e-04
4.803787004445531639e-01,4.811284377821632985e-01,7.497373376101346132e-04,2.249212012830403840e-03,-1.677737953614810706e-03,5.714740592155931331e-04
4.803843500518044651e-01,4.811284377821632985e-01,7.440877303588333547e-04,2.232263191076500064e-03,-1.694882175390377554e-03,5.373810156861225096e-04
4.803900533971573461e-01,4.811284377821632985e-01,7.383843850059523817e-04,2.215153155017857145e-03,-1.711003605864291899e-03,5.041495491535652462e-04
4.803958071574651045e-01,4.811284377821632985e-01,7.326306246981939552e-04,2.197891874094581866e-03,-1.726128092327527952e-03,4.717637817670539135e-04
4.804016080941510558e-01,4.811284377821632985e-01,7.268296880122426806e-04,2.180489064036728042e-03,-1.740281005785382362e-03,4.402080582513456797e-04
4.804074530516428410e-01,4.811284377821632985e-01,7.209847305204575285e-04,2.162954191561372586e-03,-1.753487247535545634e-03,4.094669440258269510e-04
4.804133389558289946e-01,4.811284377821632985e-01,7.150988263343038831e-04,2.145296479002911649e-03,-1.765771255846093624e-03,3.795252231568180257e-04
4.804192628125374953e-01,4.811284377821632985e-01,7.091749696258031754e-04,2.127524908877409526e-03,-1.777157012550212301e-03,3.503678963271972258e-04
4.804252217060356323e-01,4.811284377821632985e-01,7.032160761276662342e-04,2.109648228382998703e-03,-1.787668049441082374e-03,3.219801789419163285e-04
4.804312127975516322e-01,4.811284377821632985e-01,6.972249846116662653e-04,2.091674953834998796e-03,-1.797327454799990676e-03,2.943474990350081200e-04
4.804372333238175474e-01,4.811284377821632985e-01,6.912044583457510605e-04,2.073613375037253181e-03,-1.806157879774561437e-03,2.674554952626917448e-04
4.804432805956330155e-01,4.811284377821632985e-01,6.851571865302830133e-04,2.055471559590849040e-03,-1.814181544640414145e-03,2.412900149504348946e-04
4.804493519964499471e-01,4.811284377821632985e-01,6.790857857133514308e-04,2.037257357140054292e-03,-1.821420245079474753e-03,2.158371120605795390e-04
4.804554449809780858e-01,4.811284377821632985e-01,6.729928011852126524e-04,2.018978403555637957e-03,-1.827895358441633533e-03,1.910830451140044239e-04
4.804615570738107744e-01,4.811284377821632985e-01,6.668807083525241097e-04,2.000642125057572329e-03,-1.833627849806562793e-03,1.670142752510095363e-04
4.804676858680709817e-01,4.811284377821632985e-01,6.607519140923168166e-04,1.982255742276950450e-03,-1.838638278062187936e-03,1.436174642147625136e-04
4.804738290240775922e-01,4.811284377821632985e-01,6.546087580857062882e-04,1.963826274257118865e-03,-1.842946801983158522e-03,1.208794722739603422e-04
4.804799842680314570e-01,4.811284377821632985e-01,6.484535141318414908e-04,1.945360542395524472e-03,-1.846573186159439217e-03,9.878735623608525529e-05
4.804861493907209291e-01,4.811284377821632985e-01,6.422883914423693774e-04,1.926865174327108132e-03,-1.849536806841634018e-03,7.732836748547411432e-05
4.804923222462471610e-01,4.811284377821632985e-01,6.361155359161374534e-04,1.908346607748412360e-03,-1.851856657869577205e-03,5.648994987883515506e-05
4.804985007507683870e-01,4.811284377821632985e-01,6.299370313949115285e-04,1.889811094184734586e-03,-1.853551356367777458e-03,3.625973781695712717e-05
4.805046828812633564e-01,4.811284377821632985e-01,6.237549008999421218e-04,1.871264702699826366e-03,-1.854639148490822009e-03,1.662555420900435621e-05
4.805108666743137524e-01,4.811284377821632985e-01,6.175711078495460526e-04,1.852713323548638158e-03,-1.855137915118820757e-03,-2.424591570182599298e-06
4.805170502249049846e-01,4.811284377821632985e-01,6.113875572583138407e-04,1.834162671774941522e-03,-1.855065177369663587e-03,-2.090250559472206504e-05
4.805232316852456886e-01,4.811284377821632985e-01,6.052060969176098482e-04,1.815618290752829544e-03,-1.854438102211197759e-03,-3.881981145836821412e-05
4.805294092636052117e-01,4.811284377821632985e-01,5.990285185580868088e-04,1.797085555674260426e-03,-1.853273507856911806e-03,-5.618795218265137947e-05
4.805355812231695278e-01,4.811284377821632985e-01,5.928565589937706548e-04,1.778569676981311964e-03,-1.851587869294846200e-03,-7.301819231353423589e-05
4.805417458809146392e-01,4.811284377821632985e-01,5.866919012486593310e-04,1.760075703745977993e-03,-1.849397323533397142e-03,-8.932161978741914865e-05
4.805479016064977404e-01,4.811284377821632985e-01,5.805361756655580407e-04,1.741608526996674122e-03,-1.846717674930387076e-03,-1.051091479337129542e-04
4.805540468211660365e-01,4.811284377821632985e-01,5.743909609972619457e-04,1.723172882991785837e-03,-1.843564400488828525e-03,-1.203915174970426882e-04
4.805601799966826015e-01,4.811284377821632985e-01,5.682577854806969420e-04,1.704773356442090826e-03,-1.839952654969501111e-03,-1.351792985274102854e-04
4.805662996542693355e-01,4.811284377821632985e-01,5.621381278939630022e-04,1.686414383681889007e-03,-1.835897276020181934e-03,-1.494828923382929275e-04
4.805724043635667964e-01,4.811284377821632985e-01,5.560334185965021270e-04,1.668100255789506381e-03,-1.831412789238262562e-03,-1.633125334487561808e-04
4.805784927416109076e-01,4.811284377821632985e-01,5.499450405523909069e-04,1.649835121657172721e-03,-1.826513413233366023e-03,-1.766782915761933026e-04
4.805845634518258747e-01,4.811284377821632985e-01,5.438743303374238280e-04,1.631622991012271484e-03,-1.821213064490123656e-03,-1.895900734778521723e-04
4.805906152030335332e-01,4.811284377821632985e-01,5.378225791297652769e-04,1.613467737389295831e-03,-1.815525362297565337e-03,-2.020576249082695064e-04
4.805966467484786842e-01,4.811284377821632985e-01,5.317910336846143338e-04,1.595373101053843001e-03,-1.809463633545282946e-03,-2.140905324914399444e-04
4.806026568848705827e-01,4.811284377821632985e-01,5.257808972927158209e-04,1.577342691878147463e-03,-1.803040917569553869e-03,-2.256982256914064067e-04
4.806086444514399147e-01,4.811284377821632985e-01,5.197933307233837397e-04,1.559379992170151219e-03,-1.796269970799624360e-03,-2.368899786294731413e-04
4.806146083290113724e-01,4.811284377821632985e-01,5.138294531519260744e-04,1.541488359455778223e-03,-1.789163271437299585e-03,-2.476749119815213618e-04
4.806205474390916055e-01,4.811284377821632985e-01,5.078903430716930067e-04,1.523671029215079020e-03,-1.781733024069920290e-03,-2.580619948548412701e-04
4.806264607429723834e-01,4.811284377821632985e-01,5.019770391909150753e-04,1.505931117572745226e-03,-1.773991164233379436e-03,-2.680600466606342103e-04
4.806323472408484676e-01,4.811284377821632985e-01,4.960905413148308796e-04,1.488271623944492639e-03,-1.765949362825258717e-03,-2.776777388807660785e-04
4.806382059709506938e-01,4.811284377821632985e-01,4.902318112126047289e-04,1.470695433637814187e-03,-1.757619030667845195e-03,-2.869235970300310079e-04
4.806440360086932095e-01,4.811284377821632985e-01,4.844017734700889477e-04,1.453205320410266843e-03,-1.749011322754734366e-03,-2.958060023444675224e-04
4.806498364658354783e-01,4.811284377821632985e-01,4.786013163278202143e-04,1.435803948983460643e-03,-1.740137142680620030e-03,-3.043331936971593876e-04
4.806556064896583824e-01,4.811284377821632985e-01,4.728312925049160675e-04,1.418493877514748203e-03,-1.731007146871244018e-03,-3.125132693564958153e-04
4.806613452621543714e-01,4.811284377821632985e-01,4.670925200089270923e-04,1.401277560026781277e-03,-1.721631748796692563e-03,-3.203541887699112856e-04
4.806670519992314872e-01,4.811284377821632985e-01,4.613857829318113168e-04,1.384157348795433951e-03,-1.712021123134732647e-03,-3.278637743392986970e-04
4.806727259499311566e-01,4.811284377821632985e-01,4.557118322321418447e-04,1.367135496696425534e-03,-1.702185209900841656e-03,-3.350497132044161219e-04
4.806783663956595287e-01,4.811284377821632985e-01,4.500713865037697659e-04,1.350214159511309298e-03,-1.692133718511623641e-03,-3.419195590003143437e-04
4.806839726494319676e-01,4.811284377821632985e-01,4.444651327313309253e-04,1.333395398193992776e-03,-1.681876131731652180e-03,-3.484807335376594040e-04
4.806895440551310350e-01,4.811284377821632985e-01,4.388937270322634809e-04,1.316681181096790443e-03,-1.671421709720233295e-03,-3.547405286234428523e-04
4.806950799867772406e-01,4.811284377821632985e-01,4.333577953860578980e-04,1.300073386158173694e-03,-1.660779493861674894e-03,-3.607061077035011998e-04
4.807005798478127256e-01,4.811284377821632985e-01,4.278579343505728438e-04,1.283573803051718532e-03,-1.649958310645516235e-03,-3.663845075937977036e-04
4.807060430703974374e-01,4.811284377821632985e-01,4.223947117658610750e-04,1.267184135297583225e-03,-1.638966775413530641e-03,-3.717826401159474159e-04
4.807114691147181262e-01,4.811284377821632985e-01,4.169686674451722475e-04,1.250906002335516742e-03,-1.627813296206648275e-03,-3.769072938711315324e-04
4.807168574683094442e-01,4.811284377821632985e-01,4.115803138538542960e-04,1.234740941561562888e-03,-1.616506077395385432e-03,-3.817651358338225442e-04
4.807222076453871451e-01,4.811284377821632985e-01,4.062301367761533832e-04,1.218690410328460150e-03,-1.605053123310273833e-03,-3.863627129818136829e-04
4.807275191861935526e-01,4.811284377821632985e-01,4.009185959697458834e-04,1.202755787909237650e-03,-1.593462241922249945e-03,-3.907064540130122943e-04
4.807327916563545744e-01,4.811284377821632985e-01,3.956461258087240473e-04,1.186938377426172142e-03,-1.581741048306550823e-03,-3.948026708803786811e-04
4.807380246462484852e-01,4.811284377821632985e-01,3.904131359148133029e-04,1.171239407744439909e-03,-1.569896968173223328e-03,-3.986575604287834196e-04
4.807432177703863663e-01,4.811284377821632985e-01,3.852200117769322141e-04,1.155660035330796642e-03,-1.557937241364326653e-03,-4.022772060335300104e-04
4.807483706668036483e-01,4.811284377821632985e-01,3.800671153596502094e-04,1.140201346078950628e-03,-1.545868925184601395e-03,-4.056675791056507663e-04
4.807534829964630330e-01,4.811284377821632985e-01,3.749547857002655249e-04,1.124864357100796575e-03,-1.533698897815405360e-03,-4.088345407146087851e-04
4.807585544426683510e-01,4.811284377821632985e-01,3.698833394949474496e-04,1.109650018484842349e-03,-1.521433861595422599e-03,-4.117838431105802499e-04
4.807635847104893556e-01,4.811284377821632985e-01,3.648530716739428748e-04,1.094559215021828624e-03,-1.509080346301372444e-03,-4.145211312795438197e-04
4.807685735261972293e-01,4.811284377821632985e-01,3.598642559660691909e-04,1.079592767898207573e-03,-1.496644712362105167e-03,-4.170519444638975948e-04
4.807735206367106384e-01,4.811284377821632985e-01,3.549171454526600655e-04,1.064751436357980197e-03,-1.484133154022737600e-03,-4.193817176647574030e-04
4.807784258090522789e-01,4.811284377821632985e-01,3.500119731110196142e-04,1.050035919333058843e-03,-1.471551702492135405e-03,-4.215157831590765625e-04
4.807832888298156360e-01,4.811284377821632985e-01,3.451489523476625187e-04,1.035446857042987556e-03,-1.458906229007128630e-03,-4.234593719641410736e-04
4.807881095046417919e-01,4.811284377821632985e-01,3.403282775215066280e-04,1.020984832564519884e-03,-1.446202447846767214e-03,-4.252176152822473298e-04
4.807928876577063915e-01,4.811284377821632985e-01,3.355501244569070174e-04,1.006650373370721052e-03,-1.433445919379883193e-03,-4.267955460091621411e-04
4.807976231312163784e-01,4.811284377821632985e-01,3.308146509469200858e-04,9.924439528407602573e-04,-1.420642052996079485e-03,-4.281981001553192279e-04
4.808023157849163898e-01,4.811284377821632985e-01,3.261219972469087125e-04,9.783659917407261375e-04,-1.407796110003411982e-03,-4.294301182626858449e-04
4.808069654956045325e-01,4.811284377821632985e-01,3.214722865587660294e-04,9.644168596762980883e-04,-1.394913206442804920e-03,-4.304963467665068322e-04
4.808115721566580403e-01,4.811284377821632985e-01,3.168656255052582082e-04,9.505968765157746247e-04,-1.381998316052346354e-03,-4.314014395365717291e-04
4.808161356775675910e-01,4.811284377821632985e-01,3.123021045957075081e-04,9.369063137871225244e-04,-1.369056272865210033e-03,-4.321499590780875089e-04
4.808206559834812266e-01,4.811284377821632985e-01,3.077817986820718943e-04,9.233453960462156829e-04,-1.356091774090684154e-03,-4.327463780444684716e-04
4.808251330147570446e-01,4.811284377821632985e-01,3.033047674062538945e-04,9.099143022187616836e-04,-1.343109382745399927e-03,-4.331950805266382432e-04
4.808295667265248263e-01,4.811284377821632985e-01,2.988710556384721606e-04,8.966131669154164818e-04,-1.330113530334520178e-03,-4.335003634191036959e-04
4.808339570882562697e-01,4.811284377821632985e-01,2.944806939070288010e-04,8.834420817210864030e-04,-1.317108519433007885e-03,-4.336664377119214819e-04
4.808383040833439370e-01,4.811284377821632985e-01,2.901336988193614630e-04,8.704010964580843890e-04,-1.304098526300201399e-03,-4.336974298421170104e-04
4.808426077086885853e-01,4.811284377821632985e-01,2.858300734747132310e-04,8.574902204241396930e-04,-1.291087603394469596e-03,-4.335973829703299032e-04
4.808468679742949892e-01,4.811284377821632985e-01,2.815698078683093186e-04,8.447094236049279559e-04,-1.278079681921173716e-03,-4.333702583162457600e-04
4.808510849028755363e-01,4.811284377821632985e-01,2.773528792877621996e-04,8.320586378632865987e-04,-1.265078574164135716e-03,-4.330199363008491176e-04
4.808552585294624260e-01,4.811284377821632985e-01,2.731792527008725102e-04,8.195377581026175307e-04,-1.252087976066906805e-03,-4.325502179642892742e-04
4.808593889010275291e-01,4.811284377821632985e-01,2.690488811357694132e-04,8.071466434073082397e-04,-1.239111469530929099e-03,-4.319648261236208597e-04
4.808634760761100191e-01,4.811284377821632985e-01,2.649617060532794000e-04,7.948851181598381999e-04,-1.226152524747003980e-03,-4.312674065871657803e-04
4.808675201244518860e-01,4.811284377821632985e-01,2.609176577114125095e-04,7.827529731342375285e-04,-1.213214502560067132e-03,-4.304615294258296032e-04
4.808715211266407774e-01,4.811284377821632985e-01,2.569166555225210757e-04,7.707499665675632272e-04,-1.200300656667430133e-03,-4.295506900998669053e-04
4.808754791737606671e-01,4.811284377821632985e-01,2.529586084026314019e-04,7.588758252078942057e-04,-1.187414135966902151e-03,-4.285383107590079454e-04
4.808793943670494619e-01,4.811284377821632985e-01,2.490434151138365415e-04,7.471302453415096245e-04,-1.174557986638458118e-03,-4.274277412969484935e-04
4.808832668175641589e-01,4.811284377821632985e-01,2.451709645991395625e-04,7.355128937974186876e-04,-1.161735154409093695e-03,-4.262222606116750079e-04
4.808870966458527740e-01,8.319188135276687213e-01,3.510317168818159472e-01,1.053095150645447786e+00,0.000000000000000000e+00,1.053095150645447786e+00
4.809962359892059336e-01,8.319188135276687213e-01,3.509225775384627877e-01,1.052767732615388363e+00,-3.274180300594786708e-02,1.020025929609440496e+00
4.812073779255200412e-01,8.319188135276687213e-01,3.507114356021486801e-01,1.052134306806446151e+00,-6.334258089423228100e-02,9.887917259122138702e-01
4.815173990344253641e-01,8.319188135276687213e-01,3.504014144932433572e-01,1.051204243479729961e+00,-9.300633267159685857e-02,9.581979108081331020e-01
4.819232399344114959e-01,8.319188135276687213e-01,3.499955735932572254e-01,1.049986720779771732e+00,-1.217522699958395460e-01,9.282344507839321857e-01
4.824219042794760659e-01,8.319188135276687213e-01,3.494969092481926554e-01,1.048490727744578077e+00,-1.495993035193710075e-01,8.988914242252070697e-01
4.830104577669631083e-01,8.319188135276687213e-01,3.489083557607056130e-01,1.046725067282116894e+00,-1.765660462461127178e-01,8.701590210360041766e-01
4.836860271565537883e-01,8.319188135276687213e-01,3.482327863711149329e-01,1.044698359113344743e+00,-2.026708168772040075e-01,8.420275422361407358e-01
4.844457993003680740e-01,8.319188135276687213e-01,3.474730142273006472e-01,1.042419042681901997e+00,-2.279316431442857116e-01,8.144873995376162856e-01
4.852870201841361086e-01,8.319188135276687213e-01,3.466317933435326126e-01,1.039895380030597893e+00,-2.523662651304103832e-01,7.875291149001875102e-01
4.862069939793941531e-01,8.319188135276687213e-01,3.457118195482745682e-01,1.037135458644823593e+00,-2.759921385774133373e-01,7.611433200674102562e-01
4.872030821066589690e-01,8.319188135276687213e-01,3.447157314210097523e-01,1.034147194263029146e+00,-2.988264381794447644e-01,7.353207560835843815e-01
4.882727023095321250e-01,8.319188135276687213e-01,3.436461112181365962e-01,1.030938333654409789e+00,-3.208860608619468202e-01,7.100522727924629685e-01
4.894133277396845449e-01,8.319188135276687213e-01,3.425054857879841763e-01,1.027516457363952584e+00,-3.421876290457259717e-01,6.853288283182266127e-01
4.906224860526687825e-01,8.319188135276687213e-01,3.412963274749999387e-01,1.023888982424999927e+00,-3.627474938952712780e-01,6.611414885297286492e-01
4.918977585145060116e-01,8.319188135276687213e-01,3.400210550131627096e-01,1.020063165039488240e+00,-3.825817385511687263e-01,6.374814264883195136e-01
4.932367791189920525e-01,8.319188135276687213e-01,3.386820344086766688e-01,1.016046103226029951e+00,-4.017061813458122632e-01,6.143399218802176875e-01
4.946372337156660914e-01,8.319188135276687213e-01,3.372815798120026298e-01,1.011844739436007945e+00,-4.201363790022116795e-01,5.917083604337962655e-01
4.960968591483835288e-01,8.319188135276687213e-01,3.358219543792851924e-01,1.007465863137855688e+00,-4.378876298152312163e-01,5.695782333226244720e-01
4.976134424044332261e-01,8.319188135276687213e-01,3.343053711232354952e-01,1.002916113369706430e+00,-4.549749768149091711e-01,5.479411365547972590e-01
4.991848197741384219e-01,8.319188135276687213e-01,3.327339937535302994e-01,9.982019812605908982e-01,-4.714132109115587443e-01,5.267887703490321538e-01
5.008088760208785351e-01,8.319188135276687213e-01,3.311099375067901862e-01,9.933298125203705586e-01,-4.872168740220339522e-01,5.061129384983366064e-01
5.024835435614684043e-01,8.319188135276687213e-01,3.294352699662003170e-01,9.883058098986009510e-01,-5.024002621769607657e-01,4.859055477216401853e-01
5.042068016568305167e-01,8.319188135276687213e-01,3.277120118708382046e-01,9.831360356125146138e-01,-5.169774286086337156e-01,4.661586070038808982e-01
5.059766756128929455e-01,8.319188135276687213e-01,3.259421379147757758e-01,9.778264137443273274e-01,-5.309621868187286431e-01,4.468642269255986843e-01
5.077912359916479934e-01,8.319188135276687213e-01,3.241275775360207279e-01,9.723827326080621836e-01,-5.443681136265143827e-01,4.280146189815478008e-01
5.096485978323012089e-01,8.319188135276687213e-01,3.222702156953675123e-01,9.668106470861025370e-01,-5.572085521959646570e-01,4.096020948901378800e-01
5.115469198824433850e-01,8.319188135276687213e-01,3.203718936452253363e-01,9.611156809356760089e-01,-5.694966150426528095e-01,3.916190658930231994e-01
5.134844038391749299e-01,8.319188135276687213e-01,3.184344096884937914e-01,9.553032290654813741e-01,-5.812451870194634829e-01,3.740580420460178912e-01
5.154592936001110015e-01,8.319188135276687213e-01,3.164595199275577198e-01,9.493785597826731593e-01,-5.924669282808214810e-01,3.569116315018516783e-01
5.174698745241972375e-01,8.319188135276687213e-01,3.144489390034714837e-01,9.433468170104144512e-01,-6.031742772258708030e-01,3.401725397845436483e-01
5.195144727022620312e-01,8.319188135276687213e-01,3.124043408254066900e-01,9.372130224762200701e-01,-6.133794534194381143e-01,3.238335690567819558e-01
5.215914542372324103e-01,8.319188135276687213e-01,3.103273592904363110e-01,9.309820778713089329e-01,-6.230944604911137219e-01,3.078876173801952110e-01
5.236992245339407992e-01,8.319188135276687213e-01,3.082195889937279221e-01,9.246587669811837662e-01,-6.323310890125166672e-01,2.923276779686670990e-01
5.258362275984460599e-01,8.319188135276687213e-01,3.060825859292226614e-01,9.182477577876679842e-01,-6.411009193515782023e-01,2.771468384360897819e-01
5.280009453467949809e-01,8.319188135276687213e-01,3.039178681808737403e-01,9.117536045426212210e-01,-6.494153245046763168e-01,2.623382800379449042e-01
5.301918969231477208e-01,8.319188135276687213e-01,3.017269166045210005e-01,9.051807498135630015e-01,-6.572854729058219547e-01,2.478952769077410467e-01
5.324076380271911546e-01,8.319188135276687213e-01,2.995111755004775667e-01,8.985335265014327000e-01,-6.647223312130301487e-01,2.338111952884025513e-01
5.346467602507635197e-01,8.319188135276687213e-01,2.972720532769052015e-01,8.918161598307156046e-01,-6.717366670717095367e-01,2.200794927590060679e-01
5.369078904236117555e-01,8.319188135276687213e-01,2.950109231040569657e-01,8.850327693121708972e-01,-6.783390518544707426e-01,2.066937174577001546e-01
5.391896899682057098e-01,8.319188135276687213e-01,2.927291235594630114e-01,8.781873706783890343e-01,-6.845398633781862863e-01,1.936475073002027480e-01
5.414908542635297195e-01,8.319188135276687213e-01,2.904279592641390018e-01,8.712838777924170053e-01,-6.903492885972029036e-01,1.809345891952141017e-01
5.438101120177732950e-01,8.319188135276687213e-01,2.881087015098954263e-01,8.643261045296862788e-01,-6.957773262730726493e-01,1.685487782566136294e-01
5.461462246498425266e-01,8.319188135276687213e-01,2.857725888778261947e-01,8.573177666334785840e-01,-7.008337896207694762e-01,1.564839770127091079e-01
5.484979856796129427e-01,8.319188135276687213e-01,2.834208278480557786e-01,8.502624835441673357e-01,-7.055283089311248368e-01,1.447341746130424989e-01
5.508642201268446614e-01,8.319188135276687213e-01,2.810545934008240598e-01,8.431637802024721795e-01,-7.098703341695156155e-01,1.332934460329565640e-01
5.532437839186796769e-01,8.319188135276687213e-01,2.786750296089890444e-01,8.360250888269671332e-01,-7.138691375505046288e-01,1.221559512764625044e-01
5.556355633056423438e-01,8.319188135276687213e-01,2.762832502220263775e-01,8.288497506660791325e-01,-7.175338160888000694e-01,1.113159345772790632e-01
5.580384742860627911e-01,8.319188135276687213e-01,2.738803392416059301e-01,8.216410177248177904e-01,-7.208732941261342120e-01,1.007677235986835784e-01
5.604514620388431068e-01,8.319188135276687213e-01,2.714673514888256145e-01,8.144020544664768435e-01,-7.238963258340946894e-01,9.050572863238215415e-02
5.628735003644866897e-01,8.319188135276687213e-01,2.690453131631820316e-01,8.071359394895460948e-01,-7.266114976930748703e-01,8.052444179647122446e-02
5.653035911343098352e-01,8.319188135276687213e-01,2.666152223933588861e-01,7.998456671800766582e-01,-7.290272309469436607e-01,7.081843623313299751e-02
5.677407637477563940e-01,8.319188135276687213e-01,2.641780497799123273e-01,7.925341493397369819e-01,-7.311517840339676333e-01,6.138236530576934857e-02
5.701840745977334590e-01,8.319188135276687213e-01,2.617347389299352622e-01,7.852042167898057867e-01,-7.329932549931195140e-01,5.221096179668627268e-02
5.726326065438902546e-01,8.319188135276687213e-01,2.592862069837784667e-01,7.778586209513354000e-01,-7.345595838470386774e-01,4.329903710429672259e-02
5.750854683937574041e-01,8.319188135276687213e-01,2.568333451339113171e-01,7.705000354017339514e-01,-7.358585549601448506e-01,3.464148044158910089e-02
5.775417943916687502e-01,8.319188135276687213e-01,2.543770191359999711e-01,7.631310574079999132e-01,-7.368977993734038279e-01,2.623325803459608530e-02
5.800007437153835710e-01,8.319188135276687213e-01,2.519180698122851503e-01,7.557542094368554508e-01,-7.376847971144462335e-01,1.806941232240921735e-02
5.824614999803305881e-01,8.319188135276687213e-01,2.494573135473381331e-01,7.483719406420143994e-01,-7.382268794841051474e-01,1.014506115790925200e-02
5.849232707513933871e-01,8.319188135276687213e-01,2.469955427762753342e-01,7.409866283288260025e-01,-7.385312313188396871e-01,2.455397009986315382e-03
5.873852870621572020e-01,8.319188135276687213e-01,2.445335264655115193e-01,7.336005793965345578e-01,-7.386048932291444657e-01,-5.004313832609907919e-03
5.898468029415377956e-01,8.319188135276687213e-01,2.420720105861309257e-01,7.262160317583927771e-01,-7.384547638141780723e-01,-1.223873205578529522e-02
5.923070949477128311e-01,8.319188135276687213e-01,2.396117185799558902e-01,7.188351557398676706e-01,-7.380876018525106552e-01,-1.925244611264298467e-02
5.947654617092765772e-01,8.319188135276687213e-01,2.371533518183921441e-01,7.114600554551764322e-01,-7.375100284691238350e-01,-2.604997301394740283e-02
5.972212234735388980e-01,8.319188135276687213e-01,2.346975900541298232e-01,7.040927701623894697e-01,-7.367285292786962536e-01,-3.263575911630678394e-02
5.996737216618895916e-01,8.319188135276687213e-01,2.322450918657791297e-01,6.967352755973373890e-01,-7.357494565052080659e-01,-3.901418090787067694e-02
6.021223184321494726e-01,8.319188135276687213e-01,2.297964950955192487e-01,6.893894852865577461e-01,-7.345790310779642951e-01,-4.518954579140654904e-02
6.045663962478302622e-01,8.319188135276687213e-01,2.273524172798384591e-01,6.820572518395153772e-01,-7.332233447042368901e-01,-5.116609286472151297e-02
6.070053574542245700e-01,8.319188135276687213e-01,2.249134560734441513e-01,6.747403682203324538e-01,-7.316883619182923404e-01,-5.694799369795988664e-02
6.094386238612490292e-01,8.319188135276687213e-01,2.224801896664196921e-01,6.674405689992590762e-01,-7.299799221073377531e-01,-6.253935310807867687e-02
6.118656363329627590e-01,8.319188135276687213e-01,2.200531771947059623e-01,6.601595315841178868e-01,-7.281037415141189406e-01,-6.794420993000105380e-02
6.142858543836834384e-01,8.319188135276687213e-01,2.176329591439852829e-01,6.528988774319558486e-01,-7.260654152162038244e-01,-7.316653778424797583e-02
6.166987557806257181e-01,8.319188135276687213e-01,2.152200577470430032e-01,6.456601732411290095e-01,-7.238704190826839024e-01,-7.821024584155489290e-02
6.191038361529838108e-01,8.319188135276687213e-01,2.128149773746849105e-01,6.384449321240547315e-01,-7.215241117074278066e-01,-8.307917958337307507e-02
6.215006086073835423e-01,8.319188135276687213e-01,2.104182049202851790e-01,6.312546147608555369e-01,-7.190317363199194567e-01,-8.777712155906391978e-02
6.238886033496273686e-01,8.319188135276687213e-01,2.080302101780413526e-01,6.240906305341240579e-01,-7.163984226731479055e-01,-9.230779213902384761e-02
6.262673673126573082e-01,8.319188135276687213e-01,2.056514462150114131e-01,6.169543386450342393e-01,-7.136291889089818596e-01,-9.667485026394762038e-02
6.286364637906608488e-01,8.319188135276687213e-01,2.032823497370078725e-01,6.098470492110236174e-01,-7.107289434010621854e-01,-1.008818941900385679e-01
6.309954720792454452e-01,8.319188135276687213e-01,2.009233414484232760e-01,6.027700243452698281e-01,-7.077024865753789307e-01,-1.049324622301091026e-01
6.333439871216069994e-01,8.319188135276687213e-01,1.985748264060617219e-01,5.957244792181851656e-01,-7.045545127084662518e-01,-1.088300334902810862e-01
6.356816191606194932e-01,8.319188135276687213e-01,1.962371943670492280e-01,5.887115831011476841e-01,-7.012896117037481503e-01,-1.125780286026004662e-01
6.380079933967717221e-01,8.319188135276687213e-01,1.939108201308969992e-01,5.817324603926909976e-01,-6.979122708456686475e-01,-1.161798104529776499e-01
6.403227496518787420e-01,8.319188135276687213e-01,1.915960638757899792e-01,5.747881916273699376e-01,-6.944268765321059966e-01,-1.196386849047360590e-01
6.426255420384952011e-01,8.319188135276687213e-01,1.892932714891735202e-01,5.678798144675205606e-01,-6.908377159849377058e-01,-1.229579015174171452e-01
6.449160386349599428e-01,8.319188135276687213e-01,1.870027748927087785e-01,5.610083246781263355e-01,-6.871489789394225056e-01,-1.261406542612961701e-01
6.471939211659986091e-01,8.319188135276687213e-01,1.847248923616701122e-01,5.541746770850103365e-01,-6.833647593115999008e-01,-1.291900822265895643e-01
6.494588846888146305e-01,8.319188135276687213e-01,1.824599288388540907e-01,5.473797865165622722e-01,-6.794890568448064272e-01,-1.321092703282441549e-01
6.517106372845977713e-01,8.319188135276687213e-01,1.802081762430709500e-01,5.406245287292128499e-01,-6.755257787349422394e-01,-1.349012500057293895e-01
6.539488997553803973e-01,8.319188135276687213e-01,1.779699137722883240e-01,5.339097413168649719e-01,-6.714787412347877904e-01,-1.375689999179228185e-01
6.561734053261711885e-01,8.319188135276687213e-01,1.757454082014975327e-01,5.272362246044925982e-01,-6.673516712372373760e-01,-1.401154466327447778e-01
6.583838993522986849e-01,8.319188135276687213e-01,1.735349141753700364e-01,5.206047425261101091e-01,-6.631482078382489043e-01,-1.425434653121387951e-01
6.605801390318949418e-01,8.319188135276687213e-01,1.713386744957737795e-01,5.140160234873213385e-01,-6.588719038788770632e-01,-1.448558803915557247e-01
6.627618931234521282e-01,8.319188135276687213e-01,1.691569204042165930e-01,5.074707612126497791e-01,-6.545262274671559410e-01,-1.470554662545061619e-01
6.649289416683837883e-01,8.319188135276687213e-01,1.669898718592849329e-01,5.009696155778547988e-01,-6.501145634794980310e-01,-1.491449479016432322e-01
6.670810757185252626e-01,8.319188135276687213e-01,1.648377378091434586e-01,4.945132134274303759e-01,-6.456402150424422892e-01,-1.511270016150119133e-01
6.692180970685053243e-01,8.319188135276687213e-01,1.627007164591633970e-01,4.881021493774901909e-01,-6.411064049940184972e-01,-1.530042556165283063e-01
6.713398179929237486e-01,8.319188135276687213e-01,1.605789955347449727e-01,4.817369866042349180e-01,-6.365162773255272910e-01,-1.547792907212923730e-01
6.734460609882699789e-01,8.319188135276687213e-01,1.584727525393987424e-01,4.754182576181962272e-01,-6.318728986038690820e-01,-1.564546409856728548e-01
6.755366585195176077e-01,8.319188135276687213e-01,1.563821550081511136e-01,4.691464650244533408e-01,-6.271792593742886446e-01,-1.580327943498353038e-01
6.776114527713302804e-01,8.319188135276687213e-01,1.543073607563384408e-01,4.629220822690153225e-01,-6.224382755438018222e-01,-1.595161932747864997e-01
6.796702954038155164e-01,8.319188135276687213e-01,1.522485181238532048e-01,4.567455543715596145e-01,-6.176527897455708072e-01,-1.609072353740111927e-01
6.817130473127632762e-01,8.319188135276687213e-01,1.502057662149054451e-01,4.506172986447163353e-01,-6.128255726843279128e-01,-1.622082740396115774e-01
6.837395783943071015e-01,8.319188135276687213e-01,1.481792351333616198e-01,4.445377054000848593e-01,-6.079593244631475990e-01,-1.634216190630627397e-01
6.857497673139446581e-01,8.319188135276687213e-01,1.461690462137240631e-01,4.385071386411721894e-01,-6.030566758912669911e-01,-1.645495372500948017e-01
6.877435012798571723e-01,8.319188135276687213e-01,1.441753122478115490e-01,4.325259367434346469e-01,-5.981201897737542517e-01,-1.655942530303196047e-01
6.897206758204666999e-01,8.319188135276687213e-01,1.421981377072020214e-01,4.265944131216060642e-01,-5.931523621828582726e-01,-1.665579490612522084e-01
6.916811945661700545e-01,8.319188135276687213e-01,1.402376189614986668e-01,4.207128568844960004e-01,-5.881556237110063812e-01,-1.674427668265103808e-01
6.936249690351907748e-01,8.319188135276687213e-01,1.382938444924779464e-01,4.148815334774338393e-01,-5.831323407062161124e-01,-1.682508072287822731e-01
6.955519184234886243e-01,8.319188135276687213e-01,1.363668951041800970e-01,4.091006853125402909e-01,-5.780848164893548358e-01,-1.689841311768145449e-01
6.974619693986687796e-01,8.319188135276687213e-01,1.344568441289999416e-01,4.033705323869998249e-01,-5.730152925540465958e-01,-1.696447601670467709e-01
6.993550558978322007e-01,8.319188135276687213e-01,1.325637576298365206e-01,3.976912728895095617e-01,-5.679259497490263264e-01,-1.702346768595167648e-01
7.012311189293096714e-01,8.319188135276687213e-01,1.306876945983590499e-01,3.920630837950771497e-01,-5.628189094432411999e-01,-1.707558256481640502e-01
7.030901063782223348e-01,8.319188135276687213e-01,1.288287071494463865e-01,3.864861214483391594e-01,-5.576962346737990295e-01,-1.712101132254598701e-01
7.049319728158124354e-01,8.319188135276687213e-01,1.269868407118562859e-01,3.809605221355688576e-01,-5.525599312770301808e-01,-1.715994091414613232e-01
7.067566793124884228e-01,8.319188135276687213e-01,1.251621342151802985e-01,3.754864026455408954e-01,-5.474119490027962165e-01,-1.719255463572553211e-01
7.085641932545286847e-01,8.319188135276687213e-01,1.233546202731400365e-01,3.700638608194201096e-01,-5.422541826120785835e-01,-1.721903217926584739e-01
7.103544881643897302e-01,8.319188135276687213e-01,1.215643253632789911e-01,3.646929760898369732e-01,-5.370884729583136341e-01,-1.723954968684766609e-01
7.121275435245638663e-01,8.319188135276687213e-01,1.197912700031048550e-01,3.593738100093145649e-01,-5.319166080522408357e-01,-1.725427980429262709e-01
7.138833446049337450e-01,8.319188135276687213e-01,1.180354689227349763e-01,3.541064067682049288e-01,-5.267403241109636092e-01,-1.726339173427586804e-01
7.156218822935693780e-01,8.319188135276687213e-01,1.162969312340993433e-01,3.488907937022980299e-01,-5.215613065906898882e-01,-1.726705128883918583e-01
7.173431529309161059e-01,8.319188135276687213e-01,1.145756605967526154e-01,3.437269817902578461e-01,-5.163811912040183749e-01,-1.726542094137605288e-01
7.190471581473214524e-01,8.319188135276687213e-01,1.128716553803472689e-01,3.386149661410418066e-01,-5.112015649216039570e-01,-1.725865987805621504e-01
7.207339047038487934e-01,8.319188135276687213e-01,1.111849088238199279e-01,3.335547264714597837e-01,-5.060239669582022870e-01,-1.724692404867425033e-01
7.224034043363274371e-01,8.319188135276687213e-01,1.095154091913412842e-01,3.285462275740238525e-01,-5.008498897435931241e-01,-1.723036621695692716e-01
7.240556736025891560e-01,8.319188135276687213e-01,1.078631399250795653e-01,3.235894197752386958e-01,-4.956807798785156649e-01,-1.720913601032769691e-01
7.256907337328405427e-01,8.319188135276687213e-01,1.062280797948281785e-01,3.186842393844845356e-01,-4.905180390754160236e-01,-1.718337996909314880e-01
7.273086104831227861e-01,8.319188135276687213e-01,1.046102030445459352e-01,3.138306091336378056e-01,-4.853630250846729943e-01,-1.715324159510351887e-01
7.289093339918099046e-01,8.319188135276687213e-01,1.030094795358588167e-01,3.090284386075764500e-01,-4.802170526061355638e-01,-1.711886139985591138e-01
7.304929386390972557e-01,8.319188135276687213e-01,1.014258748885714656e-01,3.042776246657143968e-01,-4.750813941862053191e-01,-1.708037695204909223e-01
7.320594629094324679e-01,8.319188135276687213e-01,9.985935061823625336e-02,2.995780518547087601e-01,-4.699572811005636730e-01,-1.703792292458549129e-01
7.336089492568431680e-01,8.319188135276687213e-01,9.830986427082555323e-02,2.949295928124766597e-01,-4.648459042232100380e-01,-1.699163114107333783e-01
7.351414439731127626e-01,8.319188135276687213e-01,9.677736955455595869e-02,2.903321086636678761e-01,-4.597484148808783644e-01,-1.694163062172104883e-01
7.366569970587606431e-01,8.319188135276687213e-01,9.526181646890807819e-02,2.857854494067242346e-01,-4.546659256943641481e-01,-1.688804762876399135e-01
7.381556620967797411e-01,8.319188135276687213e-01,9.376315143088898019e-02,2.812894542926669406e-01,-4.495995114057294018e-01,-1.683100571130624612e-01
7.396374961290875794e-01,8.319188135276687213e-01,9.228131739858114191e-02,2.768439521957434257e-01,-4.445502096923514834e-01,-1.677062574966080577e-01
7.411025595356457440e-01,8.319188135276687213e-01,9.081625399202297722e-02,2.724487619760689316e-01,-4.395190219674494081e-01,-1.670702599913804764e-01
7.425509159162047013e-01,8.319188135276687213e-01,8.936789761146402000e-02,2.681036928343920600e-01,-4.345069141676871638e-01,-1.664032213332951038e-01
7.439826319746304373e-01,8.319188135276687213e-01,8.793618155303828399e-02,2.638085446591148520e-01,-4.295148175277208047e-01,-1.657062728686059527e-01
7.453977774057692907e-01,8.319188135276687213e-01,8.652103612189943060e-02,2.595631083656982918e-01,-4.245436293416560147e-01,-1.649805209759577229e-01
7.467964247848105641e-01,8.319188135276687213e-01,8.512238874285815715e-02,2.553671662285744715e-01,-4.195942137123820359e-01,-1.642270474838075645e-01
7.481786494591033954e-01,8.319188135276687213e-01,8.374016406856532591e-02,2.512204922056959777e-01,-4.146674022878493737e-01,-1.634469100821533960e-01
7.495445294423880300e-01,8.319188135276687213e-01,8.237428408528069124e-02,2.471228522558420737e-01,-4.097639949853904007e-01,-1.626411427295483270e-01
7.508941453113997522e-01,8.319188135276687213e-01,8.102466821626896909e-02,2.430740046488069073e-01,-4.048847607035166440e-01,-1.618107560547097368e-01
7.522275801048059485e-01,8.319188135276687213e-01,7.969123342286277278e-02,2.390737002685883184e-01,-4.000304380218588918e-01,-1.609567377532705734e-01
7.535449192244367822e-01,8.319188135276687213e-01,7.837389430323193906e-02,2.351216829096958172e-01,-3.952017358892501164e-01,-1.600800529795542992e-01
7.548462503387697309e-01,8.319188135276687213e-01,7.707256318889899038e-02,2.312176895666969711e-01,-3.903993342998846039e-01,-1.591816447331876327e-01
7.561316632886293521e-01,8.319188135276687213e-01,7.578715023903936920e-02,2.273614507171181076e-01,-3.856238849578863537e-01,-1.582624342407682461e-01
7.574012499950648625e-01,8.319188135276687213e-01,7.451756353260385879e-02,2.235526905978115764e-01,-3.808760119306531244e-01,-1.573233213328415481e-01
7.586551043693671170e-01,8.319188135276687213e-01,7.326370915830160424e-02,2.197911274749048127e-01,-3.761563122906763645e-01,-1.563651848157715518e-01
7.598933222251877950e-01,8.319188135276687213e-01,7.202549130248092624e-02,2.160764739074427787e-01,-3.714653567462034012e-01,-1.553888828387606225e-01
7.611160011927246005e-01,8.319188135276687213e-01,7.080281233494412074e-02,2.124084370048323622e-01,-3.668036902610416483e-01,-1.543952532562092861e-01
7.623232406349357282e-01,8.319188135276687213e-01,6.959557289273299308e-02,2.087867186781989792e-01,-3.621718326633383001e-01,-1.533851139851393208e-01
7.635151415657484009e-01,8.319188135276687213e-01,6.840367196192032040e-02,2.052110158857609612e-01,-3.575702792438018029e-01,-1.523592633580408418e-01
7.646918065702252854e-01,8.319188135276687213e-01,6.722700695744343591e-02,2.016810208723303077e-01,-3.529995013430653472e-01,-1.513184804707350395e-01
7.658533397266550358e-01,8.319188135276687213e-01,6.606547380101368550e-02,1.981964214030410565e-01,-3.484599469289251239e-01,-1.502635255258840674e-01
7.669998465305322144e-01,8.319188135276687213e-01,6.491896699713650687e-02,1.947569009914095206e-01,-3.439520411631535879e-01,-1.491951401717440673e-01
7.681314338203921732e-01,8.319188135276687213e-01,6.378737970727654805e-02,1.913621391218296441e-01,-3.394761869579876468e-01,-1.481140478361580026e-01
7.692482097054685886e-01,8.319188135276687213e-01,6.267060382220013270e-02,1.880118114666003981e-01,-3.350327655229246027e-01,-1.470209540563242046e-01
7.703502834951393430e-01,8.319188135276687213e-01,6.156853003252937828e-02,1.847055900975881348e-01,-3.306221369012263267e-01,-1.459165468036381919e-01
7.714377656301297792e-01,8.319188135276687213e-01,6.048104789753894206e-02,1.814431436926168262e-01,-3.262446404971308667e-01,-1.448014968045140405e-01
7.725107676154396863e-01,8.319188135276687213e-01,5.940804591222903497e-02,1.782241377366871049e-01,-3.219005955929721274e-01,-1.436764578562850225e-01
7.735694019549640421e-01,8.319188135276687213e-01,5.834941157270467915e-02,1.750482347181140375e-01,-3.175903018573067449e-01,-1.425420671391927074e-01
7.746137820877744273e-01,8.319188135276687213e-01,5.730503143989429393e-02,1.719150943196828818e-01,-3.133140398431155660e-01,-1.413989455234326842e-01
7.756440223260324673e-01,8.319188135276687213e-01,5.627479120163625392e-02,1.688243736049087618e-01,-3.090720714774120026e-01,-1.402476978725032408e-01
7.766602377945033275e-01,8.319188135276687213e-01,5.525857573316539373e-02,1.657757271994961812e-01,-3.048646405412580584e-01,-1.390889133417618773e-01
7.776625443716399522e-01,8.319188135276687213e-01,5.425626915602876910e-02,1.627688074680863073e-01,-3.006919731409873897e-01,-1.379231656729010824e-01
7.786510586322092919e-01,8.319188135276687213e-01,5.326775489545942932e-02,1.598032646863782880e-01,-2.965542781708019326e-01,-1.367510134844236447e-01
7.796258977914302113e-01,8.319188135276687213e-01,5.229291573623850997e-02,1.568787472087155299e-01,-2.924517477662758047e-01,-1.355730005575602748e-01
7.805871796505953197e-01,8.319188135276687213e-01,5.133163387707340153e-02,1.539949016312202046e-01,-2.883845577495325330e-01,-1.343896561183123284e-01
7.815350225441486387e-01,8.319188135276687213e-01,5.038379098352008256e-02,1.511513729505602477e-01,-2.843528680659956898e-01,-1.332014951154354421e-01
7.824695452881904600e-01,8.319188135276687213e-01,4.944926823947826122e-02,1.483478047184347837e-01,-2.803568232125464021e-01,-1.320090184941116185e-01
7.833908671303828619e-01,8.319188135276687213e-01,4.852794639728585935e-02,1.455838391918575780e-01,-2.763965526577205623e-01,-1.308127134658629842e-01
7.842991077012286816e-01,8.319188135276687213e-01,4.761970582644003969e-02,1.428591174793201191e-01,-2.724721712537458984e-01,-1.296130537744257794e-01
7.851943869666969666e-01,8.319188135276687213e-01,4.672442656097175462e-02,1.401732796829152639e-01,-2.685837796404855204e-01,-1.284104999575702566e-01
7.860768251821695918e-01,8.319188135276687213e-01,4.584198834549912949e-02,1.375259650364973885e-01,-2.647314646417875394e-01,-1.272054996052901510e-01
7.869465428476816182e-01,8.319188135276687213e-01,4.497227067998710304e-02,1.349168120399613091e-01,-2.609152996536079350e-01,-1.259984876136466259e-01
7.878036606644323037e-01,8.319188135276687213e-01,4.411515286323641760e-02,1.323454585897092528e-01,-2.571353450252056305e-01,-1.247898864354963777e-01
7.886482994925394507e-01,8.319188135276687213e-01,4.327051403512927052e-02,1.298115421053878116e-01,-2.533916484321441231e-01,-1.235801063267563116e-01
7.894805803100138908e-01,8.319188135276687213e-01,4.243823321765483048e-02,1.273146996529644914e-01,-2.496842452423320147e-01,-1.223695455893675232e-01
7.903006241729294556e-01,8.319188135276687213e-01,4.161818935473926562e-02,1.248545680642177969e-01,-2.460131588746694575e-01,-1.211585908104516607e-01
7.911085521767639017e-01,8.319188135276687213e-01,4.081026135090481954e-02,1.224307840527144586e-01,-2.423784011503338220e-01,-1.199476170976193634e-01
7.919044854188885818e-01,8.319188135276687213e-01,4.001432810878013946e-02,1.200429843263404184e-01,-2.387799726374040254e-01,-1.187369883110636071e-01
7.926885449621822177e-01,8.319188135276687213e-01,3.923026856548650354e-02,1.176908056964595106e-01,-2.352178629880907756e-01,-1.175270572916312650e-01
7.934608517997466803e-01,8.319188135276687213e-01,3.845796172792204093e-02,1.153738851837661228e-01,-2.316920512693387835e-01,-1.163181660855726607e-01
7.942215268207025725e-01,8.319188135276687213e-01,3.769728670696614881e-02,1.130918601208984464e-01,-2.282025062867676368e-01,-1.151106461658691904e-01
7.949706907770418551e-01,8.319188135276687213e-01,3.694812275062686613e-02,1.108443682518805984e-01,-2.247491869017848032e-01,-1.139048186499042048e-01
7.957084642515162010e-01,8.319188135276687213e-01,3.621034927615252030e-02,1.086310478284575609e-01,-2.213320423423037475e-01,-1.127009945138461866e-01
7.964349676265390920e-01,8.319188135276687213e-01,3.548384590112962922e-02,1.064515377033888877e-01,-2.179510125068673254e-01,-1.114994748034784378e-01
7.971503210540816786e-01,8.319188135276687213e-01,3.476849247358704265e-02,1.043054774207611279e-01,-2.146060282627759719e-01,-1.103005508420148439e-01
7.978546444265400828e-01,8.319188135276687213e-01,3.406416910112863849e-02,1.021925073033859155e-01,-2.112970117375212453e-01,-1.091045044341353298e-01
7.985480573485550515e-01,8.319188135276687213e-01,3.337075617911366976e-02,1.001122685373410093e-01,-2.080238766044906207e-01,-1.079116080671496114e-01
7.992306791097633090e-01,8.319188135276687213e-01,3.268813441790541230e-02,9.806440325371623690e-02,-2.047865283624772381e-01,-1.067221251087610012e-01
7.999026286584606238e-01,8.319188135276687213e-01,3.201618486920809747e-02,9.604855460762429242e-02,-2.015848646091944474e-01,-1.055363100015701550e-01
8.005640245761578289e-01,8.319188135276687213e-01,3.135478895151089240e-02,9.406436685453267721e-02,-1.984187753091615214e-01,-1.043544084546288442e-01
8.012149850530095874e-01,8.319188135276687213e-01,3.070382847465913390e-02,9.211148542397740169e-02,-1.952881430555275521e-01,-1.031766576315501505e-01
8.018556278640981416e-01,8.319188135276687213e-01,3.006318566357057964e-02,9.018955699071173893e-02,-1.921928433265662761e-01,-1.020032863358545372e-01
8.024860703465531708e-01,8.319188135276687213e-01,2.943274318111555043e-02,8.829822954334665130e-02,-1.891327447365087622e-01,-1.008345151931621109e-01
8.031064293774888840e-01,8.319188135276687213e-01,2.881238415017983723e-02,8.643715245053951168e-02,-1.861077092807139621e-01,-9.967055683017445045e-02
8.037168213527415839e-01,8.319188135276687213e-01,2.820199217492713739e-02,8.460597652478141217e-02,-1.831175925758099510e-01,-9.851161605102853880e-02
8.043173621663891604e-01,8.319188135276687213e-01,2.760145136127956089e-02,8.280435408383868268e-02,-1.801622440942729497e-01,-9.735789001043426705e-02
8.049081671910356395e-01,8.319188135276687213e-01,2.701064633663308179e-02,8.103193900989924536e-02,-1.772415073939437313e-01,-9.620956838404448597e-02
8.054893512588437998e-01,8.319188135276687213e-01,2.642946226882492144e-02,7.928838680647476433e-02,-1.743552203424481029e-01,-9.506683353597333852e-02
8.060610286432983163e-01,8.319188135276687213e-01,2.585778488437040501e-02,7.757335465311121503e-02,-1.715032153363549305e-01,-9.392986068324371551e-02
8.066233130416845531e-01,8.319188135276687213e-01,2.529550048598416812e-02,7.588650145795250435e-02,-1.686853195158710683e-01,-9.279881805791856397e-02
8.071763175582649108e-01,8.319188135276687213e-01,2.474249596940381046e-02,7.422748790821143139e-02,-1.659013549741072957e-01,-9.167386706589586431e-02
8.077201546881387362e-01,8.319188135276687213e-01,2.419865883952998509e-02,7.259597651858995526e-02,-1.631511389621476127e-01,-9.055516244355765743e-02
8.082549363017681454e-01,8.319188135276687213e-01,2.366387722590057585e-02,7.099163167770172755e-02,-1.604344840888227708e-01,-8.944285241112104323e-02
8.087807736301565464e-01,8.319188135276687213e-01,2.313803989751217483e-02,6.941411969253652448e-02,-1.577511985165203079e-01,-8.833707882398378342e-02
8.092977772506625422e-01,8.319188135276687213e-01,2.262103627700617903e-02,6.786310883101853708e-02,-1.551010861517987394e-01,-8.723797732078020228e-02
8.098060570734364472e-01,8.319188135276687213e-01,2.211275645423227409e-02,6.633826936269682228e-02,-1.524839468321714797e-01,-8.614567746947465743e-02
8.103057223284634292e-01,8.319188135276687213e-01,2.161309119920529209e-02,6.483927359761587628e-02,-1.498995765080946008e-01,-8.506030291047872449e-02
8.107968815531992890e-01,8.319188135276687213e-01,2.112193197446943227e-02,6.336579592340829681e-02,-1.473477674207579469e-01,-8.398197149734965006e-02
8.112796425807854428e-01,8.319188135276687213e-01,2.063917094688327847e-02,6.191751284064983540e-02,-1.448283082758461404e-01,-8.291079543519630501e-02
8.117541125288281201e-01,8.319188135276687213e-01,2.016470099884060119e-02,6.049410299652180356e-02,-1.423409844128031843e-01,-8.184688141628138069e-02
8.122203977887291204e-01,8.319188135276687213e-01,1.969841573893960085e-02,5.909524721681880255e-02,-1.398855779703001012e-01,-8.079033075348129866e-02
8.126786040155548063e-01,8.319188135276687213e-01,1.924020951211391495e-02,5.772062853634174484e-02,-1.374618680477057708e-01,-7.974123951136402599e-02
8.131288361184293434e-01,8.319188135276687213e-01,1.878997740923937787e-02,5.636993222771813361e-02,-1.350696308623611230e-01,-7.869969863464298943e-02
8.135711982514404195e-01,8.319188135276687213e-01,1.834761527622830179e-02,5.504284582868490538e-02,-1.327086399033228226e-01,-7.766579407463791718e-02
8.140057938050440089e-01,8.319188135276687213e-01,1.791301972262471232e-02,5.373905916787413695e-02,-1.303786660810768439e-01,-7.663960691320270691e-02
8.144327253979563030e-01,8.319188135276687213e-01,1.748608812971241822e-02,5.245826438913725465e-02,-1.280794778736882300e-01,-7.562121348455097536e-02
8.148520948695201493e-01,8.319188135276687213e-01,1.706671865814857192e-02,5.120015597444571576e-02,-1.258108414691538890e-01,-7.461068549470817324e-02
8.152640032725344543e-01,8.319188135276687213e-01,1.665481025513426694e-02,4.996443076540280082e-02,-1.235725209042914940e-01,-7.360809013888869323e-02
8.156685508665348916e-01,8.319188135276687213e-01,1.625026266113382967e-02,4.875078798340148900e-02,-1.213642782001311815e-01,-7.261349021672969251e-02
8.160658371115137033e-01,8.319188135276687213e-01,1.585297641615501796e-02,4.755892924846505387e-02,-1.191858734936435127e-01,-7.162694424517845881e-02
8.164559606620679366e-01,8.319188135276687213e-01,1.546285286560078465e-02,4.638855859680235394e-02,-1.170370651662699935e-01,-7.064850656946763952e-02
8.168390193619652351e-01,8.319188135276687213e-01,1.507979416570348619e-02,4.523938249711045856e-02,-1.149176099691895381e-01,-6.967822747207907952e-02
8.172151102391153055e-01,8.319188135276687213e-01,1.470370328855341580e-02,4.411110986566024739e-02,-1.128272631450211172e-01,-6.871615327936086981e-02
8.175843295009375122e-01,8.319188135276687213e-01,1.433448402673120903e-02,4.300345208019362708e-02,-1.107657785466620304e-01,-6.776232646646840330e-02
8.179467725301130532e-01,8.319188135276687213e-01,1.397204099755566808e-02,4.191612299266700425e-02,-1.087329087526622828e-01,-6.681678575999527858e-02
8.183025338807126126e-01,8.319188135276687213e-01,1.361627964695610871e-02,4.084883894086832612e-02,-1.067284051798678135e-01,-6.587956623899948738e-02
8.186517072746882784e-01,8.319188135276687213e-01,1.326710625298044288e-02,3.980131875894132865e-02,-1.047520181926997473e-01,-6.495069943375841870e-02
8.189943855987205090e-01,8.319188135276687213e-01,1.292442792894821224e-02,3.877328378684463672e-02,-1.028034972096691924e-01,-6.403021342282455564e-02
8.193306609014104902e-01,8.319188135276687213e-01,1.258815262625823106e-02,3.776445787877469318e-02,-1.008825908069943544e-01,-6.311813292821966126e-02
8.196606243908076683e-01,8.319188135276687213e-01,1.225818913686105294e-02,3.677456741058315881e-02,-9.898904681915343673e-02,-6.221447940857027792e-02
8.199843664322639114e-01,8.319188135276687213e-01,1.193444709540480986e-02,3.580334128621442957e-02,-9.712261243687292378e-02,-6.131927115065849421e-02
8.203019765466050828e-01,8.319188135276687213e-01,1.161683698106363849e-02,3.485051094319091547e-02,-9.528303430235141036e-02,-6.043252335916049489e-02
8.206135434086103686e-01,8.319188135276687213e-01,1.130527011905835266e-02,3.391581035717505799e-02,-9.347005860158574819e-02,-5.955424824441069021e-02
8.209191548457912546e-01,8.319188135276687213e-01,1.099965868187746665e-02,3.299897604563239994e-02,-9.168343115426580425e-02,-5.868445510863340431e-02
8.212188978374612702e-01,8.319188135276687213e-01,1.069991569020745104e-02,3.209974707062235311e-02,-8.992289750100468382e-02,-5.782315043038233071e-02
8.215128585140882844e-01,8.319188135276687213e-01,1.040595501358043684e-02,3.121786504074131052e-02,-8.818820298810425840e-02,-5.697033794736294787e-02
8.218011221569204716e-01,8.319188135276687213e-01,1.011769137074824965e-02,3.035307411224474894e-02,-8.647909284965615839e-02,-5.612601873741140945e-02
8.220837731978789531e-01,8.319188135276687213e-01,9.835040329789768165e-03,2.950512098936930450e-02,-8.479531228754444427e-02,-5.529019129817513978e-02
8.223608952197075661e-01,8.319188135276687213e-01,9.557918307961155158e-03,2.867375492388346547e-02,-8.313660654858390231e-02,-5.446285162470043684e-02
8.226325709563737654e-01,8.319188135276687213e-01,9.286242571294955894e-03,2.785872771388486768e-02,-8.150272099985977903e-02,-5.364399328597491134e-02
8.228988822937113312e-01,8.319188135276687213e-01,9.019931233957390049e-03,2.705979370187217015e-02,-7.989340120126975364e-02,-5.283360749939758350e-02
8.231599102702990001e-01,8.319188135276687213e-01,8.758903257369721196e-03,2.627670977210916359e-02,-7.830839297630065587e-02,-5.203168320419149229e-02
8.234157350785662466e-01,8.319188135276687213e-01,8.503078449102474679e-03,2.550923534730742404e-02,-7.674744248017395520e-02,-5.123820713286653117e-02
8.236664360661202222e-01,8.319188135276687213e-01,8.252377461548499049e-03,2.475713238464549715e-02,-7.521029626619268882e-02,-5.045316388154719167e-02
8.239120917372859676e-01,8.319188135276687213e-01,8.006721790382753667e-03,2.402016537114826100e-02,-7.369670134972361453e-02,-4.967653597857535352e-02
8.241527797548539036e-01,8.319188135276687213e-01,7.766033772814817659e-03,2.329810131844445298e-02,-7.220640527038080236e-02,-4.890830395193634939e-02
8.243885769420266074e-01,8.319188135276687213e-01,7.530236585642113845e-03,2.259070975692634153e-02,-7.073915615181114447e-02,-4.814844639488480293e-02
8.246195592845598776e-01,8.319188135276687213e-01,7.299254243108843632e-03,2.189776272932653089e-02,-6.929470275998106388e-02,-4.739694003065453298e-02
8.248458019330900948e-01,8.319188135276687213e-01,7.073011594578626493e-03,2.121903478373587948e-02,-6.787279455906514158e-02,-4.665375977532926211e-02
8.250673792056427702e-01,8.319188135276687213e-01,6.851434322025951040e-03,2.055430296607785312e-02,-6.647318176580263582e-02,-4.591887879972478270e-02
8.252843645903155112e-01,8.319188135276687213e-01,6.634448937353210063e-03,1.990334681205963019e-02,-6.509561540182229322e-02,-4.519226858976266303e-02
8.254968307481291845e-01,8.319188135276687213e-01,6.421982779539536779e-03,1.926594833861861034e-02,-6.373984734410198527e-02,-4.447389900548337494e-02
8.257048495160423940e-01,8.319188135276687213e-01,6.213964011626327277e-03,1.864189203487898183e-02,-6.240563037396285040e-02,-4.376373833908386857e-02
8.259084919101216116e-01,8.319188135276687213e-01,6.010321617547109696e-03,1.803096485264132909e-02,-6.109271822376527439e-02,-4.306175337112394530e-02
8.261078281288637415e-01,8.319188135276687213e-01,5.810985398804979774e-03,1.743295619641493932e-02,-5.980086562263897676e-02,-4.236790942622403744e-02
8.263029275566632359e-01,8.319188135276687213e-01,5.615885971005485366e-03,1.684765791301645610e-02,-5.852982833984832212e-02,-4.168217042683186602e-02
8.264938587674200976e-01,8.319188135276687213e-01,5.424954760248623664e-03,1.627486428074587099e-02,-5.727936322705851069e-02,-4.100449894631263970e-02
8.266806895282823309e-01,8.319188135276687213e-01,5.238123999386390395e-03,1.571437199815917118e-02,-5.604922825866998082e-02,-4.033485626051080963e-02
8.268634868035185104e-01,8.319188135276687213e-01,5.055326724150210893e-03,1.516598017245063268e-02,-5.483918257085385051e-02,-3.967320239840321783e-02
8.270423167585148061e-01,8.319188135276687213e-01,4.876496769153915167e-03,1.462949030746174550e-02,-5.364898649888871773e-02,-3.901949619142697223e-02
8.272172447638920234e-01,8.319188135276687213e-01,4.701568763776697857e-03,1.410470629133009357e-02,-5.247840161316519314e-02,-3.837369532183509957e-02
8.273883353997369960e-01,8.319188135276687213e-01,4.530478127931725219e-03,1.359143438379517566e-02,-5.132719075349179150e-02,-3.773575636969661584e-02
8.275556524599450015e-01,8.319188135276687213e-01,4.363161067723719810e-03,1.308948320317115943e-02,-5.019511806240162244e-02,-3.710563485923046301e-02
8.277192589566670922e-01,8.319188135276687213e-01,4.199554571001629100e-03,1.259866371300488730e-02,-4.908194901662721321e-02,-3.648328530362232591e-02
8.278792171248587906e-01,8.319188135276687213e-01,4.039596402809930709e-03,1.211878920842979213e-02,-4.798745045750951732e-02,-3.586866124907972520e-02
8.280355884269255951e-01,8.319188135276687213e-01,3.883225100743126212e-03,1.164967530222937864e-02,-4.691139062004134885e-02,-3.526171531781197022e-02
8.281884335574606348e-01,8.319188135276687213e-01,3.730379970208086426e-03,1.119113991062425928e-02,-4.585353916051193579e-02,-3.466239924988767651e-02
8.283378124480706983e-01,8.319188135276687213e-01,3.581001079598022940e-03,1.074300323879406882e-02,-4.481366718301904584e-02,-3.407066394422497702e-02
8.284837842722863055e-01,8.319188135276687213e-01,3.435029255382415769e-03,1.030508776614724731e-02,-4.379154726468215131e-02,-3.348645949853490400e-02
8.286264074505520494e-01,8.319188135276687213e-01,3.292406077116671881e-03,9.877218231350015643e-03,-4.278695347972316654e-02,-3.290973524837315090e-02
8.287657396552929878e-01,8.319188135276687213e-01,3.153073872375733444e-03,9.459221617127200332e-03,-4.179966142228153103e-02,-3.234043980515433070e-02
8.289018378160534217e-01,8.319188135276687213e-01,3.016975711615299538e-03,9.050927134845898614e-03,-4.082944822813017183e-02,-3.177852109328427321e-02
8.290347581247045072e-01,8.319188135276687213e-01,2.884055402964214032e-03,8.652166208892642096e-03,-3.987609259532565176e-02,-3.122392638643300966e-02
8.291645560407169269e-01,8.319188135276687213e-01,2.754257486951794398e-03,8.262772460855383194e-03,-3.893937480372589022e-02,-3.067660234287050702e-02
8.292912862964950671e-01,8.319188135276687213e-01,2.627527231173654165e-03,7.882581693520962496e-03,-3.801907673344206984e-02,-3.013649503992110734e-02
8.294150029027692606e-01,8.319188135276687213e-01,2.503810624899460713e-03,7.511431874698382138e-03,-3.711498188225803574e-02,-2.960355000755965360e-02
8.295357591540426512e-01,8.319188135276687213e-01,2.383054373626070088e-03,7.149163120878210265e-03,-3.622687538201718738e-02,-2.907771226113897711e-02
8.296536076340899069e-01,8.319188135276687213e-01,2.265205893578814411e-03,6.795617680736443234e-03,-3.535454401417670312e-02,-2.855892633344025988e-02
8.297686002215038936e-01,8.319188135276687213e-01,2.150213306164827642e-03,6.450639918494482927e-03,-3.449777622419603063e-02,-2.804713630570154770e-02
8.298807880952873139e-01,8.319188135276687213e-01,2.038025432381407320e-03,6.114076297144221961e-03,-3.365636213502609664e-02,-2.754228583788187468e-02
8.299902217404868665e-01,8.319188135276687213e-01,1.928591787181854755e-03,5.785775361545564266e-03,-3.283009355986576949e-02,-2.704431819832020523e-02
8.300969509538665969e-01,8.319188135276687213e-01,1.821862573802124352e-03,5.465587721406373056e-03,-3.201876401391912097e-02,-2.655317629251274791e-02
8.302010248496171085e-01,8.319188135276687213e-01,1.717788678051612727e-03,5.153366034154838182e-03,-3.122216872515348740e-02,-2.606880269099864922e-02
8.303024918650985242e-01,8.319188135276687213e-01,1.616321662570197049e-03,4.848964987710591146e-03,-3.044010464442470365e-02,-2.559113965671411250e-02
8.304013997666143121e-01,8.319188135276687213e-01,1.517413761054409171e-03,4.552241283163227514e-03,-2.967237045473636314e-02,-2.512012917157313563e-02
8.304977956552128671e-01,8.319188135276687213e-01,1.421017872455854203e-03,4.263053617367562609e-03,-2.891876657956649055e-02,-2.465571296219892794e-02
8.305917259725151824e-01,8.319188135276687213e-01,1.327087555153538823e-03,3.981262665460616468e-03,-2.817909519069461410e-02,-2.419783252523399764e-02
8.306832365065650592e-01,8.319188135276687213e-01,1.235577021103662076e-03,3.706731063310986229e-03,-2.745316021496302383e-02,-2.374642915165203760e-02
8.307723723976997432e-01,8.319188135276687213e-01,1.146441129968978068e-03,3.439323389906934203e-03,-2.674076734040520265e-02,-2.330144395049826844e-02
8.308591781444393254e-01,8.319188135276687213e-01,1.059635383229395877e-03,3.178906149688187632e-03,-2.604172402187465707e-02,-2.286281787218646944e-02
8.309436976093916849e-01,8.319188135276687213e-01,9.751159182770363643e-04,2.925347754831109093e-03,-2.535583948570785395e-02,-2.243049173087674486e-02
8.310259740251709770e-01,8.319188135276687213e-01,8.928395024977442418e-04,2.678518507493232725e-03,-2.468292473378763674e-02,-2.200440622629440401e-02
8.311060500003276674e-01,8.319188135276687213e-01,8.127635273410538375e-04,2.438290582023161512e-03,-2.402279254700712130e-02,-2.158450196498395979e-02
8.311839675252878923e-01,8.319188135276687213e-01,7.348460023808289776e-04,2.204538007142486933e-03,-2.337525748806745796e-02,-2.117071948092497102e-02
8.312597679783000348e-01,8.319188135276687213e-01,6.590455493686864230e-04,1.977136648106059269e-03,-2.274013590364276638e-02,-2.076299925553670711e-02
8.313334921313866310e-01,8.319188135276687213e-01,5.853213962820902339e-04,1.755964188846270702e-03,-2.211724592597885675e-02,-2.036128173713258604e-02
8.314051801562994948e-01,8.319188135276687213e-01,5.136333713692264880e-04,1.540900114107679464e-03,-2.150640747385912377e-02,-1.996550735975144431e-02
8.314748716304763976e-01,8.319188135276687213e-01,4.439418971923236867e-04,1.331825691576971060e-03,-2.090744225307084037e-02,-1.957561656149386931e-02
8.315426055429970820e-01,8.319188135276687213e-01,3.762079846716392950e-04,1.128623954014917885e-03,-2.032017375620531752e-02,-1.919154980219039963e-02
8.316084203005376096e-01,8.319188135276687213e-01,3.103932271311116153e-04,9.311796813933348460e-04,-1.974442726215830390e-02,-1.881324758076496906e-02
8.316723537333200467e-01,8.319188135276687213e-01,2.464597943486745990e-04,7.393793830460237970e-04,-1.918002983473110490e-02,-1.844065045168508110e-02
8.317344431010572636e-01,8.319188135276687213e-01,1.843704266114576384e-04,5.531112798343729153e-04,-1.862681032116508817e-02,-1.807369904133071525e-02
8.317947250988904084e-01,8.319188135276687213e-01,1.240884287783128315e-04,3.722652863349384944e-04,-1.808459934994344209e-02,-1.771233406360850360e-02
8.318532358633171642e-01,8.319188135276687213e-01,6.557766435155709672e-05,1.967329930546712902e-04,-1.755322932802672042e-02,-1.735649633497204913e-02
8.319100109781104591e-01,8.319188135276687213e-01,8.802549558262207086e-06,2.640764867478662126e-05,-1.703253443798846689e-02,-1.700612678931368027e-02
8.319650854802247419e-01,8.319188135276687213e-01,-4.627195255602067903e-05,-1.388158576680620371e-04,-1.652235063428486583e-02,-1.666116649195292787e-02
8.320184938656898233e-01,8.319188135276687213e-01,-9.968033802110198849e-05,-2.990410140633059655e-04,-1.602251563952439284e-02,-1.632155665358769880e-02
8.320702700954896169e-01,8.319188135276687213e-01,-1.514565678208956712e-04,-4.543697034626870135e-04,-1.553286893993810480e-02,-1.598723864340079182e-02
8.321204476014250062e-01,8.319188135276687213e-01,-2.016340737562849483e-04,-6.049022212688548450e-04,-1.505325178061678315e-02,-1.565815400188563800e-02
8.321690592919602780e-01,8.319188135276687213e-01,-2.502457642915567604e-04,-7.507372928746702812e-04,-1.458350716058154362e-02,-1.533424445345621390e-02
8.322161375580501286e-01,8.319188135276687213e-01,-2.973240303814073116e-04,-8.919720911442219347e-04,-1.412347982695516535e-02,-1.501545191809938729e-02
8.322617142789482392e-01,8.319188135276687213e-01,-3.429007512795179125e-04,-1.028702253838553737e-03,-1.367301626943318027e-02,-1.470171852327173401e-02
8.323058208279939807e-01,8.319188135276687213e-01,-3.870073003252594290e-04,-1.161021900975778287e-03,-1.323196471372245497e-02,-1.439298661469823326e-02
8.323484880783782458e-01,8.319188135276687213e-01,-4.296745507095245387e-04,-1.289023652128573616e-03,-1.280017511527953289e-02,-1.408919876740810651e-02
8.323897464088857445e-01,8.319188135276687213e-01,-4.709328812170232581e-04,-1.412798643651069774e-03,-1.237749915224961583e-02,-1.379029779590068561e-02
8.324296257096136520e-01,8.319188135276687213e-01,-5.108121819449307210e-04,-1.532436545834792163e-03,-1.196379021837223888e-02,-1.349622676420703105e-02
8.324681553876651652e-01,8.319188135276687213e-01,-5.493418599964439153e-04,-1.648025579989331746e-03,-1.155890341545395827e-02,-1.320692899544329002e-02
8.325053643728171915e-01,8.319188135276687213e-01,-5.865508451484702235e-04,-1.759652535445410670e-03,-1.116269554560789246e-02,-1.292234808105330313e-02
8.325412811231610588e-01,8.319188135276687213e-01,-6.224675954923375443e-04,-1.867402786477012633e-03,-1.077502510316019624e-02,-1.264242788963720887e-02
8.325759336307160252e-01,8.319188135276687213e-01,-6.571201030473039495e-04,-1.971360309141911848e-03,-1.039575226648992157e-02,-1.236711257563183342e-02
8.326093494270133677e-01,8.319188135276687213e-01,-6.905358993446464311e-04,-2.071607698033939293e-03,-1.002473888920274447e-02,-1.209634658723668377e-02
8.326415555886520492e-01,8.319188135276687213e-01,-7.227420609833279386e-04,-2.168226182949983816e-03,-9.661848491604452249e-03,-1.183007467455443606e-02
8.326725787428231884e-01,8.319188135276687213e-01,-7.537652151544671497e-04,-2.261295645463401449e-03,-9.306946251341763343e-03,-1.156824189680516479e-02
8.327024450728046645e-01,8.319188135276687213e-01,-7.836315451359432416e-04,-2.350894635407829725e-03,-8.959898994442827558e-03,-1.131079362985065728e-02
8.327311803234231924e-01,8.319188135276687213e-01,-8.123667957544711271e-04,-2.437100387263413381e-03,-8.620575185558365661e-03,-1.105767557282177904e-02
8.327588098064844235e-01,8.319188135276687213e-01,-8.399962788157022686e-04,-2.519988836447106806e-03,-8.288844918369342452e-03,-1.080883375481644926e-02
8.327853584061701842e-01,8.319188135276687213e-01,-8.665448785014628896e-04,-2.599634635504388669e-03,-7.964579905728186304e-03,-1.056421454123257497e-02
8.328108505844018516e-01,8.319188135276687213e-01,-8.920370567331303846e-04,-2.676111170199391154e-03,-7.647653469500248491e-03,-1.032376463969963964e-02
8.328353103861695361e-01,8.319188135276687213e-01,-9.164968585008148594e-04,-2.749490575502444578e-03,-7.337940530305342435e-03,-1.008743110580778701e-02
8.328587614448266230e-01,8.319188135276687213e-01,-9.399479171579017134e-04,-2.819843751473705140e-03,-7.035317597126056199e-03,-9.855161348599761340e-03
8.328812269873487883e-01,8.319188135276687213e-01,-9.624134596800670849e-04,-2.887240379040201255e-03,-6.739662756649611453e-03,-9.626903135689812707e-03
8.329027298395574874e-01,8.319188135276687213e-01,-9.839163118887661597e-04,-2.951748935666298479e-03,-6.450855662609722430e-03,-9.402604598276020909e-03
8.329232924313063613e-01,8.319188135276687213e-01,-1.004478903637640030e-03,-3.013436710912920091e-03,-6.168777524662161227e-03,-9.182214235575081318e-03
8.329429368016316726e-01,8.319188135276687213e-01,-1.024123273962951330e-03,-3.072369821888853991e-03,-5.893311097593390002e-03,-8.965680919482243993e-03
8.329616846038649935e-01,8.319188135276687213e-01,-1.042871076196272284e-03,-3.128613228588816852e-03,-5.624340669996286124e-03,-8.752953898585102976e-03
8.329795571107084795e-01,8.319188135276687213e-01,-1.060743583039758242e-03,-3.182230749119274726e-03,-5.361752053045787392e-03,-8.543982802165062118e-03
8.329965752192717288e-01,8.319188135276687213e-01,-1.077761691603007499e-03,-3.233285074809022497e-03,-5.105432568974777041e-03,-8.338717643783799538e-03
8.330127594560705617e-01,8.319188135276687213e-01,-1.093945928401840462e-03,-3.281837785205521385e-03,-4.855271039649888820e-03,-8.137108824855410205e-03
8.330281299819869423e-01,8.319188135276687213e-01,-1.109316454318221012e-03,-3.327949362954663037e-03,-4.611157774914165230e-03,-7.939107137868828268e-03
8.330427065971894862e-01,8.319188135276687213e-01,-1.123893069520764953e-03,-3.371679208562294860e-03,-4.372984560763182316e-03,-7.744663769325477176e-03
8.330565087460151119e-01,8.319188135276687213e-01,-1.137695218346390647e-03,-3.413085655039171940e-03,-4.140644647687707902e-03,-7.553730302726879842e-03
8.330695555218105008e-01,8.319188135276687213e-01,-1.150741994141779578e-03,-3.452225982425338735e-03,-3.914032738616679552e-03,-7.366258721042018287e-03
8.330818656717338122e-01,8.319188135276687213e-01,-1.163052144065090943e-03,-3.489156432195272828e-03,-3.693044976993409279e-03,-7.182201409188682106e-03
8.330934576015162074e-01,8.319188135276687213e-01,-1.174644073847486148e-03,-3.523932221542458443e-03,-3.477578934718561499e-03,-7.001511156261019941e-03
8.331043493801829625e-01,8.319188135276687213e-01,-1.185535852514241206e-03,-3.556607557542723619e-03,-3.267533600026517604e-03,-6.824141157569241223e-03
8.331145587447339462e-01,8.319188135276687213e-01,-1.195745217065224963e-03,-3.587235651195674890e-03,-3.062809365295127151e-03,-6.650045016490802041e-03
8.331241031047832424e-01,8.319188135276687213e-01,-1.205289577114521116e-03,-3.615868731343563347e-03,-2.863308014788845668e-03,-6.479176746132409015e-03
8.331329995471579153e-01,8.319188135276687213e-01,-1.214186019489194024e-03,-3.642558058467582072e-03,-2.668932712401872465e-03,-6.311490770869454536e-03
8.331412648404555865e-01,8.319188135276687213e-01,-1.222451312786865252e-03,-3.667353938360595755e-03,-2.479587989301368367e-03,-6.146941927661964122e-03
8.331489154395604890e-01,8.319188135276687213e-01,-1.230101911891767763e-03,-3.690305735675303289e-03,-2.295179731470753381e-03,-5.985485467146056671e-03
8.331559674901186652e-01,8.319188135276687213e-01,-1.237153962449943911e-03,-3.711461887349831734e-03,-2.115615167452844503e-03,-5.827077054802676237e-03
8.331624368329713093e-01,8.319188135276687213e-01,-1.243623305302588022e-03,-3.730869915907764067e-03,-1.940802855793233306e-03,-5.671672771700997373e-03
8.331683390085468099e-01,8.319188135276687213e-01,-1.249525480878088679e-03,-3.748576442634266037e-03,-1.770652672650196990e-03,-5.519229115284463028e-03
8.331736892612108258e-01,8.319188135276687213e-01,-1.254875733542104577e-03,-3.764627200626313730e-03,-1.605075799204769282e-03,-5.369702999831083012e-03
8.331785025435748393e-01,8.319188135276687213e-01,-1.259689015906118037e-03,-3.779067047718354111e-03,-1.443984709204038097e-03,-5.223051756922392208e-03
8.331827935207631874e-01,8.319188135276687213e-01,-1.263979993094466181e-03,-3.791939979283398543e-03,-1.287293156504443203e-03,-5.079233135787841746e-03
8.331865765746379049e-01,8.319188135276687213e-01,-1.267763046969183627e-03,-3.803289140907550880e-03,-1.134916162415233742e-03,-4.938205303322784623e-03
8.331898658079822662e-01,8.319188135276687213e-01,-1.271052280313544891e-03,-3.813156840940634673e-03,-9.867700033083792732e-04,-4.799926844249013946e-03
8.331926750486422506e-01,8.319188135276687213e-01,-1.273861520973529338e-03,-3.821584562920588013e-03,-8.427721979953339826e-04,-4.664356760915921996e-03
8.331950178536261520e-01,8.319188135276687213e-01,-1.276204325957430719e-03,-3.828612977872292156e-03,-7.028414951704142766e-04,-4.531454473042706432e-03
8.331969075131626656e-01,8.319188135276687213e-01,-1.278093985493944373e-03,-3.834281956481833120e-03,-5.668978609540964442e-04,-4.401179817435929564e-03
8.331983570547174534e-01,8.319188135276687213e-01,-1.279543527048732088e-03,-3.838630581146196263e-03,-4.348624664363143211e-04,-4.273493047582510584e-03
8.331993792469675197e-01,8.319188135276687213e-01,-1.280565719298798477e-03,-3.841697157896395431e-03,-3.066576750199168089e-04,-4.148354832916312240e-03
8.331999866037342883e-01,8.319188135276687213e-01,-1.281173076065567074e-03,-3.843519228196701221e-03,-1.822070300305789203e-04,-4.025726258227280141e-03
8.332001913878752664e-01,8.319188135276687213e-01,-1.281377860206545094e-03,-3.844133580619635282e-03,-6.143524229340613374e-05,-3.905568822913041416e-03
8.332000056151339651e-01,8.319188135276687213e-01,-1.281192087465243823e-03,-3.843576262395731469e-03,5.573182239038132479e-05,-3.787844440005350144e-03
8.331994410579486310e-01,8.319188135276687213e-01,-1.280627530279909720e-03,-3.841882590839729161e-03,1.693671556002307454e-04,-3.672515435239498416e-03
8.331985092492197875e-01,8.319188135276687213e-01,-1.279695721551066256e-03,-3.839087164653198769e-03,2.795426186530391988e-04,-3.559544546000159571e-03
8.331972214860363657e-01,8.319188135276687213e-01,-1.278407958367644426e-03,-3.835223875102933278e-03,3.863289550265491812e-04,-3.448894920076384096e-03
8.331955888333608673e-01,8.319188135276687213e-01,-1.276775305692146034e-03,-3.830325917076438103e-03,4.897958026495174977e-04,-3.340530114426920605e-03
8.331936221276738941e-01,8.319188135276687213e-01,-1.274808600005172821e-03,-3.824425800015518462e-03,5.900117060919640721e-04,-3.234414093923554390e-03
8.331913319805775986e-01,8.319188135276687213e-01,-1.272518452908877329e-03,-3.817555358726631987e-03,6.870441288886475206e-04,-3.130511229837984466e-03
8.331887287823582788e-01,8.319188135276687213e-01,-1.269915254689557571e-03,-3.809745764068672713e-03,7.809594657959273434e-04,-3.028786298272745370e-03
8.331858227055091159e-01,8.319188135276687213e-01,-1.267009177840394685e-03,-3.801027533521184054e-03,8.718230547488658999e-04,-2.929204478772318154e-03
8.331826237082121667e-01,8.319188135276687213e-01,-1.263810180543445405e-03,-3.791430541630336215e-03,9.596991890847839102e-04,-2.831731352545552305e-03
8.331791415377799437e-01,8.319188135276687213e-01,-1.260328010111222419e-03,-3.780984030333667256e-03,1.044651129666895883e-03,-2.736332900666771373e-03
8.331753857340575831e-01,8.319188135276687213e-01,-1.256572206388861801e-03,-3.769716619166585403e-03,1.126741116708185331e-03,-2.642975502458400072e-03
8.331713656327850437e-01,8.319188135276687213e-01,-1.252552105116322423e-03,-3.757656315348967269e-03,1.206030381761813430e-03,-2.551625933587153838e-03
8.331670903689191165e-01,8.319188135276687213e-01,-1.248276841250395286e-03,-3.744830523751185858e-03,1.282579159778141076e-03,-2.462251363973044782e-03
8.331625688799167984e-01,8.319188135276687213e-01,-1.243755352248077095e-03,-3.731266056744231285e-03,1.356446700695457253e-03,-2.374819356048774033e-03
8.331578099089789191e-01,8.319188135276687213e-01,-1.238996381310197847e-03,-3.716989143930593542e-03,1.427691281363774323e-03,-2.289297862566819219e-03
8.331528220082546898e-01,8.319188135276687213e-01,-1.234008480585968570e-03,-3.702025441757905710e-03,1.496370217268783165e-03,-2.205655224489122546e-03
8.331476135420080587e-01,8.319188135276687213e-01,-1.228800014339337388e-03,-3.686400043018012163e-03,1.562539873989354788e-03,-2.123860169028657374e-03
8.331421926897445429e-01,8.319188135276687213e-01,-1.223379162075821647e-03,-3.670137486227464940e-03,1.626255679054722236e-03,-2.043881807172742704e-03
8.331365674493003137e-01,8.319188135276687213e-01,-1.217753921631592462e-03,-3.653261764894777386e-03,1.687572133268755437e-03,-1.965689631626021949e-03
8.331307456398928668e-01,8.319188135276687213e-01,-1.211932112224145541e-03,-3.635796336672436624e-03,1.746542822234076198e-03,-1.889253514438360426e-03
8.331247349051340567e-01,8.319188135276687213e-01,-1.205921377465335453e-03,-3.617764132396006360e-03,1.803220427643026369e-03,-1.814543704752979991e-03
8.331185427160047174e-01,8.319188135276687213e-01,-1.199729188335996177e-03,-3.599187565007988532e-03,1.857656738801782836e-03,-1.741530826206205695e-03
8.331121763737927566e-01,8.319188135276687213e-01,-1.193362846124035315e-03,-3.580088538372105944e-03,1.909902663588258775e-03,-1.670185874783847169e-03
8.331056430129932799e-01,8.319188135276687213e-01,-1.186829485324558675e-03,-3.560488455973676025e-03,1.960008239842991884e-03,-1.600480216130684141e-03
8.330989496041721898e-01,8.319188135276687213e-01,-1.180136076503468523e-03,-3.540408229510405569e-03,2.008022646327045635e-03,-1.532385583183359934e-03
8.330921029567928127e-01,8.319188135276687213e-01,-1.173289429124091399e-03,-3.519868287372274196e-03,2.053994213813137293e-03,-1.465874073559136903e-03
8.330851097220061119e-01,8.319188135276687213e-01,-1.166296194337390624e-03,-3.498888583012171871e-03,2.097970436010232476e-03,-1.400918147001939396e-03
8.330779763954047068e-01,8.319188135276687213e-01,-1.159162867735985536e-03,-3.477488603207956608e-03,2.139997980421526336e-03,-1.337490622786430272e-03
8.330707093197410318e-01,8.319188135276687213e-01,-1.151895792072310520e-03,-3.455687376216931561e-03,2.180122699102504669e-03,-1.275564677114426893e-03
8.330633146876096351e-01,8.319188135276687213e-01,-1.144501159940913837e-03,-3.433503479822741511e-03,2.218389639419005022e-03,-1.215113840403736489e-03
8.330557985440941726e-01,8.319188135276687213e-01,-1.136985016425451356e-03,-3.410955049276354067e-03,2.254843054638744348e-03,-1.156111994637609719e-03
8.330481667893792075e-01,8.319188135276687213e-01,-1.129353261710486223e-03,-3.388059785131458668e-03,2.289526414489539974e-03,-1.098533370641918694e-03
8.330404251813272598e-01,8.319188135276687213e-01,-1.121611653658538543e-03,-3.364834960975615630e-03,2.322482415584303794e-03,-1.042352545391311835e-03
8.330325793380207733e-01,8.319188135276687213e-01,-1.113765810352052021e-03,-3.341297431056156064e-03,2.353752991945956552e-03,-9.875444391101995123e-04
8.330246347402703311e-01,8.319188135276687213e-01,-1.105821212601609815e-03,-3.317463637804829446e-03,2.383379325132661819e-03,-9.340843126721676271e-04
8.330165967340886768e-01,8.319188135276687213e-01,-1.097783206419955526e-03,-3.293349619259866579e-03,2.411401854496286745e-03,-8.819477647635798334e-04
8.330084705331305406e-01,8.319188135276687213e-01,-1.089657005461819317e-03,-3.268971016385457951e-03,2.437860287440862805e-03,-8.311107289445951452e-04
8.330002612210994917e-01,8.319188135276687213e-01,-1.081447693430770407e-03,-3.244343080292311221e-03,2.462793609314672949e-03,-7.815494709776382720e-04
8.329919737541213731e-01,8.319188135276687213e-01,-1.073160226452651855e-03,-3.219480679357955566e-03,2.486240093435565512e-03,-7.332405859223900535e-04
8.329836129630846520e-01,8.319188135276687213e-01,-1.064799435415930695e-03,-3.194398306247792085e-03,2.508237311016348059e-03,-6.861609952314440264e-04
8.329751835559483508e-01,8.319188135276687213e-01,-1.056370028279629558e-03,-3.169110084838888675e-03,2.528822140890341075e-03,-6.402879439485475999e-04
8.329666901200176721e-01,8.319188135276687213e-01,-1.047876592348950808e-03,-3.143629777046852425e-03,2.548030779203624974e-03,-5.955989978432274512e-04
8.329581371241872034e-01,8.319188135276687213e-01,-1.039323596518482162e-03,-3.117970789555446487e-03,2.565898749140593793e-03,-5.520720404148526939e-04
8.329495289211527043e-01,8.319188135276687213e-01,-1.030715393483983000e-03,-3.092146180451949000e-03,2.582460910349748673e-03,-5.096852701022003274e-04
8.329408697495911396e-01,8.319188135276687213e-01,-1.022056221922418295e-03,-3.066168665767254886e-03,2.597751468469411407e-03,-4.684171972978434795e-04
8.329321637363098496e-01,8.319188135276687213e-01,-1.013350208641128347e-03,-3.040050625923385041e-03,2.611803984386984467e-03,-4.282466415364005741e-04
8.329234148983644115e-01,8.319188135276687213e-01,-1.004601370695690221e-03,-3.013804112087070664e-03,2.624651383631437795e-03,-3.891527284556328681e-04
8.329146271451461914e-01,8.319188135276687213e-01,-9.958136174774701033e-04,-2.987440852432410310e-03,2.636325965466035370e-03,-3.511148869663749394e-04
8.329058042804392548e-01,8.319188135276687213e-01,-9.869907527705334971e-04,-2.960972258311600491e-03,2.646859412080981855e-03,-3.141128462306186364e-04
8.328969500044477448e-01,8.319188135276687213e-01,-9.781364767790234893e-04,-2.934409430337070468e-03,2.656282797453002331e-03,-2.781266328840681368e-04
8.328880679157929512e-01,8.319188135276687213e-01,-9.692543881242299264e-04,-2.907763164372689779e-03,2.664626596438068873e-03,-2.431365679346209063e-04
8.328791615134812920e-01,8.319188135276687213e-01,-9.603479858125707480e-04,-2.881043957437712244e-03,2.671920693497753518e-03,-2.091232639399587256e-04
8.328702341988432067e-01,8.319188135276687213e-01,-9.514206711744854772e-04,-2.854262013523456432e-03,2.678194391425581244e-03,-1.760676220978751871e-04
8.328612892774429621e-01,8.319188135276687213e-01,-9.424757497742408674e-04,-2.827427249322722602e-03,2.683476420073382940e-03,-1.439508292493396624e-04
8.328523299609598141e-01,8.319188135276687213e-01,-9.335164332910927953e-04,-2.800549299873278386e-03,2.687794944944421616e-03,-1.127543549288567704e-04
8.328433593690411918e-01,8.319188135276687213e-01,-9.245458413724705338e-04,-2.773637524117411601e-03,2.691177575586678472e-03,-8.245994853073312925e-05
8.328343805311276826e-01,8.319188135276687213e-01,-9.155670034589613593e-04,-2.746701010376884078e-03,2.693651374052752345e-03,-5.304963632413173258e-05
8.328253963882504829e-01,8.319188135276687213e-01,-9.065828605817616292e-04,-2.719748581745284888e-03,2.695242863159919011e-03,-2.450571858536587655e-05
8.328164097948014266e-01,8.319188135276687213e-01,-8.975962671327053499e-04,-2.692788801398116050e-03,2.695978034716883798e-03,3.189233318767747960e-06
8.328074235202757025e-01,8.319188135276687213e-01,-8.886099926069812582e-04,-2.665829977820943775e-03,2.695882357717227507e-03,3.005237989628373185e-05
8.327984402509880368e-01,8.319188135276687213e-01,-8.796267233193155732e-04,-2.638880169957946720e-03,2.694980786299705500e-03,5.610061634175877998e-05
8.327894625917620086e-01,8.319188135276687213e-01,-8.706490640932873504e-04,-2.611947192279862051e-03,2.693297767808466858e-03,8.135057552860480712e-05
8.327804930675934969e-01,8.319188135276687213e-01,-8.616795399247756393e-04,-2.585038619774326918e-03,2.690857250553513325e-03,1.058186307791864067e-04
8.327715341252880377e-01,8.319188135276687213e-01,-8.527205976193164005e-04,-2.558161792857949202e-03,2.687682691637771626e-03,1.295208987798224243e-04
8.327625881350725345e-01,8.319188135276687213e-01,-8.437746074038132704e-04,-2.531323822211439811e-03,2.683797064650939035e-03,1.524732424394992236e-04
8.327536573921812124e-01,8.319188135276687213e-01,-8.348438645124911517e-04,-2.504531593537473455e-03,2.679222867396635621e-03,1.746912738591621661e-04
8.327447441184172572e-01,8.319188135276687213e-01,-8.259305907485359199e-04,-2.477791772245607760e-03,2.673982129186569523e-03,1.961903569409617631e-04
8.327358504636890313e-01,8.319188135276687213e-01,-8.170369360203100229e-04,-2.451110808060930069e-03,2.668096418467769126e-03,2.169856104068390579e-04
8.327269785075218644e-01,8.319188135276687213e-01,-8.081649798531431728e-04,-2.424494939559429518e-03,2.661586850150055028e-03,2.370919105906255098e-04
8.327181302605457525e-01,8.319188135276687213e-01,-7.993167328770311997e-04,-2.397950198631093599e-03,2.654474092833591925e-03,2.565238942024983260e-04
8.327093076659590754e-01,8.319188135276687213e-01,-7.904941382903540870e-04,-2.371482414871062261e-03,2.646778376003133815e-03,2.752959611320715538e-04
8.327005126009684455e-01,8.319188135276687213e-01,-7.816990732997242119e-04,-2.345097219899172636e-03,2.638519497188962504e-03,2.934222772897898679e-04
8.326917468782055742e-01,8.319188135276687213e-01,-7.729333505368529700e-04,-2.318800051610558910e-03,2.629716828861372591e-03,3.109167772508136807e-04
8.326830122471204909e-01,8.319188135276687213e-01,-7.641987194517696480e-04,-2.292596158355308944e-03,2.620389325524996593e-03,3.277931671696876492e-04
8.326743103953521130e-01,8.319188135276687213e-01,-7.554968676833917485e-04,-2.266490603050175245e-03,2.610555530513369860e-03,3.440649274631946142e-04
8.326656429500763901e-01,8.319188135276687213e-01,-7.468294224076688081e-04,-2.240488267223006424e-03,2.600233582716882097e-03,3.597453154938756725e-04
8.326570114793322430e-01,8.319188135276687213e-01,-7.381979516635217564e-04,-2.214593854990565269e-03,2.589441223244115520e-03,3.748473682535502505e-04
8.326484174933249660e-01,8.319188135276687213e-01,-7.296039656562447462e-04,-2.188811896968734239e-03,2.578195802183103069e-03,3.893839052143688306e-04
8.326398624457082009e-01,8.319188135276687213e-01,-7.210489180394796804e-04,-2.163146754118439041e-03,2.566514285029519726e-03,4.033675309110806850e-04
8.326313477348444847e-01,8.319188135276687213e-01,-7.125342071757634343e-04,-2.137602621527290303e-03,2.554413259114873824e-03,4.168106375875835212e-04
8.326228747050445911e-01,8.319188135276687213e-01,-7.040611773758698178e-04,-2.112183532127609453e-03,2.541908939968084979e-03,4.297254078404755262e-04
8.326144446477854455e-01,8.319188135276687213e-01,-6.956311201167242331e-04,-2.086893360350172699e-03,2.529017177743675404e-03,4.421238173935027049e-04
8.326060588029080556e-01,8.319188135276687213e-01,-6.872452752393343189e-04,-2.061735825718002957e-03,2.515753463216974239e-03,4.540176374989712826e-04
8.325977183597944586e-01,8.319188135276687213e-01,-6.789048321257373786e-04,-2.036714496377212136e-03,2.502132934079082105e-03,4.654184377018699692e-04
8.325894244585245740e-01,8.319188135276687213e-01,-6.706109308558527715e-04,-2.011832792567558315e-03,2.488170380965382122e-03,4.763375883978238079e-04
8.325811781910135156e-01,8.319188135276687213e-01,-6.623646633447943799e-04,-1.987093990034383140e-03,2.473880253317517486e-03,4.867862632831343461e-04
8.325729806021288093e-01,8.319188135276687213e-01,-6.541670744600880383e-04,-1.962501223380264115e-03,2.459276665411902485e-03,4.967754420316383701e-04
8.325648326907882923e-01,8.319188135276687213e-01,-6.460191631195710826e-04,-1.938057489358713248e-03,2.444373402155086694e-03,5.063159127963734463e-04
8.325567354110390283e-01,8.319188135276687213e-01,-6.379218833703070857e-04,-1.913765650110921257e-03,2.429183924779199089e-03,5.154182746682778316e-04
8.325486896731172370e-01,8.319188135276687213e-01,-6.298761454485157785e-04,-1.889628436345547335e-03,2.413721376537392160e-03,5.240929401918448249e-04
8.325406963444894615e-01,8.319188135276687213e-01,-6.218828168207402030e-04,-1.865648450462220609e-03,2.397998588332672654e-03,5.323501378704520448e-04
8.325327562508755275e-01,8.319188135276687213e-01,-6.139427232068062068e-04,-1.841828169620418620e-03,2.382028084180198846e-03,5.401999145597802254e-04
8.325248701772530735e-01,8.319188135276687213e-01,-6.060566495843522361e-04,-1.818169948753056708e-03,2.365822086736191210e-03,5.476521379831345016e-04
8.325170388688444278e-01,8.319188135276687213e-01,-5.982253411757065820e-04,-1.794676023527119746e-03,2.349392522593696242e-03,5.547164990665764961e-04
8.325092630320856113e-01,8.319188135276687213e-01,-5.904495044168900364e-04,-1.771348513250670109e-03,2.332751027644963671e-03,5.614025143942935614e-04
8.325015433355782424e-01,8.319188135276687213e-01,-5.827298079095211136e-04,-1.748189423728563341e-03,2.315908952210676830e-03,5.677195284821134891e-04
8.324938804110237900e-01,8.319188135276687213e-01,-5.750668833550687253e-04,-1.725200650065206176e-03,2.298877366335716488e-03,5.736767162705103118e-04
8.324862748541409507e-01,8.319188135276687213e-01,-5.674613264722294659e-04,-1.702383979416688398e-03,2.281667064851777837e-03,5.792830854350894398e-04
8.324787272255665949e-01,8.319188135276687213e-01,-5.599136978978735968e-04,-1.679741093693620790e-03,2.264288572306760727e-03,5.845474786131399370e-04
8.324712380517401700e-01,8.319188135276687213e-01,-5.524245240714487082e-04,-1.657273572214346125e-03,2.246752147927466581e-03,5.894785757131204562e-04
8.324638078257712293e-01,8.319188135276687213e-01,-5.449942981025079902e-04,-1.634982894307523971e-03,2.229067790682215389e-03,5.940848963746914180e-04
8.324564370082919718e-01,8.319188135276687213e-01,-5.376234806232504937e-04,-1.612870441869751481e-03,2.211245243777248959e-03,5.983748019074974778e-04
8.324491260282929073e-01,8.319188135276687213e-01,-5.303125006241860007e-04,-1.590937501872558002e-03,2.193293999719347909e-03,6.023564978467899067e-04
8.324418752839436442e-01,8.319188135276687213e-01,-5.230617562749229066e-04,-1.569185268824768720e-03,2.175223304778928224e-03,6.060380359541595041e-04
8.324346851433979122e-01,8.319188135276687213e-01,-5.158716157291909354e-04,-1.547614847187572806e-03,2.157042163719591343e-03,6.094273165320185370e-04
8.324275559455838192e-01,8.319188135276687213e-01,-5.087424179150978887e-04,-1.526227253745293666e-03,2.138759344227914028e-03,6.125320904826203616e-04
8.324204880009787866e-01,8.319188135276687213e-01,-5.016744733100653164e-04,-1.505023419930195949e-03,2.120383381509771681e-03,6.153599615795757316e-04
8.324134815923699415e-01,8.319188135276687213e-01,-4.946680647012202670e-04,-1.484004194103660801e-03,2.101922582653514837e-03,6.179183885498540363e-04
8.324065369755999644e-01,8.319188135276687213e-01,-4.877234479312431148e-04,-1.463170343793729344e-03,2.083385030993145648e-03,6.202146871994163035e-04
8.323996543802987258e-01,8.319188135276687213e-01,-4.808408526300045338e-04,-1.442522557890013601e-03,2.064778590371574296e-03,6.222560324815606947e-04
8.323928340106007129e-01,8.319188135276687213e-01,-4.740204829319916158e-04,-1.422061448795974847e-03,2.046110909403875411e-03,6.240494606079005635e-04
8.323860760458487995e-01,8.319188135276687213e-01,-4.672625181800782457e-04,-1.401787554540234737e-03,2.027389425574011028e-03,6.256018710337762911e-04
8.323793806412839169e-01,8.319188135276687213e-01,-4.605671136151956446e-04,-1.381701340845586934e-03,2.008621369464780315e-03,6.269200286191933813e-04
8.323727479287219566e-01,8.319188135276687213e-01,-4.539344010532353479e-04,-1.361803203159706044e-03,1.989813768588089005e-03,6.280105654283829608e-04
8.323661780172164626e-01,8.319188135276687213e-01,-4.473644895477413286e-04,-1.342093468643223986e-03,1.970973451648205810e-03,6.288799830049818240e-04
8.323596709937093330e-01,8.319188135276687213e-01,-4.408574660406117118e-04,-1.322572398121835135e-03,1.952107052138885024e-03,6.295346540170498884e-04
8.323532269236676440e-01,8.319188135276687213e-01,-4.344133959989227023e-04,-1.303240187996768107e-03,1.933221012506702863e-03,6.299808245099347559e-04
8.323468458517083723e-01,8.319188135276687213e-01,-4.280323240396510798e-04,-1.284096972118953239e-03,1.914321587781486755e-03,6.302246156625335161e-04
8.323405278022106835e-01,8.319188135276687213e-01,-4.217142745419621974e-04,-1.265142823625886592e-03,1.895414849306664706e-03,6.302720256807781141e-04
8.323342727799155627e-01,8.319188135276687213e-01,-4.154592522468414373e-04,-1.246377756740524312e-03,1.876506688536228040e-03,6.301289317957037284e-04
8.323280807705135675e-01,8.319188135276687213e-01,-4.092672428448462796e-04,-1.227801728534538839e-03,1.857602820598547311e-03,6.298010920640084720e-04
8.323219517412208113e-01,8.319188135276687213e-01,-4.031382135520900079e-04,-1.209414640656270024e-03,1.838708787826881519e-03,6.292941471706114953e-04
8.323158856413427342e-01,8.319188135276687213e-01,-3.970721136740129609e-04,-1.191216341022038883e-03,1.819829963423114094e-03,6.286136224010752116e-04
8.323098824028268838e-01,8.319188135276687213e-01,-3.910688751581625766e-04,-1.173206625474487730e-03,1.800971554755115278e-03,6.277649292806275483e-04
8.323039419408040374e-01,8.319188135276687213e-01,-3.851284131353160944e-04,-1.155385239405948283e-03,1.782138606853944651e-03,6.267533674479963679e-04
8.322980641541178892e-01,8.319188135276687213e-01,-3.792506264491679602e-04,-1.137751879347503881e-03,1.763336005844440280e-03,6.255841264969363991e-04
8.322922489258444134e-01,8.319188135276687213e-01,-3.734353981756921570e-04,-1.120306194527076471e-03,1.744568482042740953e-03,6.242622875156644824e-04
8.322864961237996795e-01,8.319188135276687213e-01,-3.676825961309582169e-04,-1.103047788392874651e-03,1.725840613420182024e-03,6.227928250273073729e-04
8.322808056010374544e-01,8.319188135276687213e-01,-3.619920733687331804e-04,-1.085976220106199541e-03,1.707156828667510950e-03,6.211806085613114092e-04
8.322751771963360357e-01,8.319188135276687213e-01,-3.563636686673143927e-04,-1.069091006001943178e-03,1.688521410425636304e-03,6.194304044236931261e-04
8.322696107346750916e-01,5.210389121332417162e-01,-3.112306986014333754e-01,-9.336920958043001262e-01,0.000000000000000000e+00,-9.336920958043001262e-01
8.321706750634336736e-01,5.210389121332417162e-01,-3.111317629301919574e-01,-9.333952887905758722e-01,2.968070137242539985e-02,-9.037145874181504723e-01
8.319813679334504553e-01,5.210389121332417162e-01,-3.109424558002087391e-01,-9.328273674006262173e-01,5.679213899496549089e-02,-8.760352284056607264e-01
8.317044572806266967e-01,5.210389121332417162e-01,-3.106655451473849805e-01,-9.319966354421549415e-01,8.307319584712757887e-02,-8.489234395950273626e-01
8.313426542838434630e-01,5.210389121332417162e-01,-3.103037421506017468e-01,-9.309112264518052404e-01,1.085408990349701064e-01,-8.223703274168351340e-01
8.308986142543185460e-01,5.210389121332417162e-01,-3.098597021210768299e-01,-9.295791063632304896e-01,1.332120088574750838e-01,-7.963670975057554058e-01
8.303749375150429879e-01,5.210389121332417162e-01,-3.093360253818012717e-01,-9.280080761454038152e-01,1.571030217826674402e-01,-7.709050543627363750e-01
8.297741702703311795e-01,5.210389121332417162e-01,-3.087352581370894633e-01,-9.262057744112683899e-01,1.802301734135425271e-01,-7.459756009977258628e-01
8.290988054655196171e-01,5.210389121332417162e-01,-3.080598933322779009e-01,-9.241796799968337028e-01,2.026094414434687074e-01,-7.215702385533649954e-01
8.283512836368527310e-01,5.210389121332417162e-01,-3.073123715036110148e-01,-9.219371145108330445e-01,2.242565486000658304e-01,-6.976805659107672142e-01
8.275339937515947542e-01,5.210389121332417162e-01,-3.064950816183530380e-01,-9.194852448550591140e-01,2.451869655773930567e-01,-6.742982792776660572e-01
8.266492740384090432e-01,5.210389121332417162e-01,-3.056103619051673270e-01,-9.168310857155019811e-01,2.654159139557132896e-01,-6.514151717597886915e-01
8.256994128080473727e-01,5.210389121332417162e-01,-3.046605006748056566e-01,-9.139815020244169697e-01,2.849583691085011417e-01,-6.290231329159158280e-01
8.246866492643940560e-01,5.210389121332417162e-01,-3.036477371311523399e-01,-9.109432113934570197e-01,3.038290630959950001e-01,-6.071141482974620196e-01
8.236131743059109667e-01,5.210389121332417162e-01,-3.025742621726692505e-01,-9.077227865180077515e-01,3.220424875449268143e-01,-5.856802989730809372e-01
8.224811313175306449e-01,5.210389121332417162e-01,-3.014422191842889287e-01,-9.043266575528667861e-01,3.396128965140965406e-01,-5.647137610387702455e-01
8.212926169530464504e-01,5.210389121332417162e-01,-3.002537048198047342e-01,-9.007611144594142027e-01,3.565543093452583356e-01,-5.442068051141558671e-01
8.200496819080508315e-01,5.210389121332417162e-01,-2.990107697748091153e-01,-8.970323093244273460e-01,3.728805134986856729e-01,-5.241517958257416732e-01
8.187543316834725582e-01,5.210389121332417162e-01,-2.977154195502308420e-01,-8.931462586506925261e-01,3.886050673734819938e-01,-5.045411912772105323e-01
8.174085273397666551e-01,5.210389121332417162e-01,-2.963696152065249390e-01,-8.891088456195748169e-01,4.037413031117709217e-01,-4.853675425078038952e-01
8.160141862418098802e-01,5.210389121332417162e-01,-2.949752741085681640e-01,-8.849258223257044920e-01,4.183023293870324899e-01,-4.666234929386720021e-01
8.145731827945592585e-01,5.210389121332417162e-01,-2.935342706613175423e-01,-8.806028119839526269e-01,4.323010341751865049e-01,-4.483017778087661220e-01
8.130873491695277400e-01,5.210389121332417162e-01,-2.920484370362860238e-01,-8.761453111088580714e-01,4.457500875094555504e-01,-4.303952235994025211e-01
8.115584760221363769e-01,5.210389121332417162e-01,-2.905195638888946608e-01,-8.715586916666839823e-01,4.586619442174089123e-01,-4.128967474492750700e-01
8.099883132000000874e-01,5.210389121332417162e-01,-2.889494010667583712e-01,-8.668482032002751136e-01,4.710488466408868646e-01,-3.957993565593882490e-01
8.083785704422078444e-01,5.210389121332417162e-01,-2.873396583089661283e-01,-8.620189749268983848e-01,4.829228273376728886e-01,-3.790961475892254962e-01
8.067309180696566884e-01,5.210389121332417162e-01,-2.856920059364149722e-01,-8.570760178092449166e-01,4.942957117653468124e-01,-3.627803060438981042e-01
8.050469876665010682e-01,5.210389121332417162e-01,-2.840080755332593521e-01,-8.520242265997780562e-01,5.051791209466860444e-01,-3.468451056530920118e-01
8.033283727527801288e-01,5.210389121332417162e-01,-2.822894606195384126e-01,-8.468683818586152379e-01,5.155844741162818323e-01,-3.312839077423334055e-01
8.015766294482850052e-01,5.210389121332417162e-01,-2.805377173150432890e-01,-8.416131519451298670e-01,5.255229913485370830e-01,-3.160901605965927841e-01
7.997932771277301844e-01,5.210389121332417162e-01,-2.787543649944884683e-01,-8.362630949834654048e-01,5.350056961664462207e-01,-3.012573988170191841e-01
7.979797990672936603e-01,5.210389121332417162e-01,-2.769408869340519441e-01,-8.308226608021558324e-01,5.440434181309572459e-01,-2.867792426711985865e-01
7.961376430825900519e-01,5.210389121332417162e-01,-2.750987309493483357e-01,-8.252961928480450071e-01,5.526467954110825254e-01,-2.726493974369624818e-01
7.942682221581427449e-01,5.210389121332417162e-01,-2.732293100249010287e-01,-8.196879300747030861e-01,5.608262773341921026e-01,-2.588616527405109835e-01
7.923729150684213351e-01,5.210389121332417162e-01,-2.713340029351796190e-01,-8.140020088055388570e-01,5.685921269164229130e-01,-2.454098818891159439e-01
7.904530669905110996e-01,5.210389121332417162e-01,-2.694141548572693834e-01,-8.082424645718081502e-01,5.759544233730706786e-01,-2.322880411987374716e-01
7.885099901084809959e-01,5.210389121332417162e-01,-2.674710779752392797e-01,-8.024132339257178392e-01,5.829230646090310941e-01,-2.194901693166867451e-01
7.865449642095191374e-01,5.210389121332417162e-01,-2.655060520762774212e-01,-7.965181562288322636e-01,5.895077696885575591e-01,-2.070103865402747045e-01
7.845592372719032426e-01,5.210389121332417162e-01,-2.635203251386615264e-01,-7.905609754159845792e-01,5.957180812847684415e-01,-1.948428941312161378e-01
7.825540260448742291e-01,5.210389121332417162e-01,-2.615151139116325130e-01,-7.845453417348975389e-01,6.015633681087040330e-01,-1.829819736261935059e-01
7.805305166204826728e-01,5.210389121332417162e-01,-2.594916044872409566e-01,-7.784748134617228699e-01,6.070528273174669032e-01,-1.714219861442559667e-01
7.784898649974766327e-01,5.210389121332417162e-01,-2.574509528642349165e-01,-7.723528585927047496e-01,6.121954869018120249e-01,-1.601573716908927247e-01
7.764331976373015642e-01,5.210389121332417162e-01,-2.553942855040598481e-01,-7.661828565121795442e-01,6.170002080525205379e-01,-1.491826484596590063e-01
7.743616120122804869e-01,5.210389121332417162e-01,-2.533226998790387707e-01,-7.599680996371163122e-01,6.214756875063232044e-01,-1.384924121307931077e-01
7.722761771460463498e-01,5.210389121332417162e-01,-2.512372650128046336e-01,-7.537117950384139009e-01,6.256304598702411290e-01,-1.280813351681727719e-01
7.701779341462954287e-01,5.210389121332417162e-01,-2.491390220130537125e-01,-7.474170660391611376e-01,6.294728999252763302e-01,-1.179441661138848074e-01
7.680678967299330306e-01,5.210389121332417162e-01,-2.470289845966913145e-01,-7.410869537900739434e-01,6.330112249087194165e-01,-1.080757288813545269e-01
7.659470517406825607e-01,5.210389121332417162e-01,-2.449081396074408445e-01,-7.347244188223225336e-01,6.362534967751409809e-01,-9.847092204718155273e-02
7.638163596592273397e-01,5.210389121332417162e-01,-2.427774475259856235e-01,-7.283323425779568705e-01,6.392076244365663129e-01,-8.912471814139055759e-02
7.616767551059580033e-01,5.210389121332417162e-01,-2.406378429727162871e-01,-7.219135289181488613e-01,6.418813659808009220e-01,-8.003216293734793929e-02
7.595291473363948720e-01,5.210389121332417162e-01,-2.384902352031531558e-01,-7.154707056094594675e-01,6.442823308689393791e-01,-7.118837474052008840e-02
7.573744207293577890e-01,5.210389121332417162e-01,-2.363355085961160729e-01,-7.090065257883482186e-01,6.464179821111248891e-01,-6.258854367722332945e-02
7.552134352679529261e-01,5.210389121332417162e-01,-2.341745231347112099e-01,-7.025235694041336298e-01,6.482956384214588752e-01,-5.422793098267475465e-02
7.530470270134498323e-01,5.210389121332417162e-01,-2.320081148802081161e-01,-6.960243446406243484e-01,6.499224763509281466e-01,-4.610186828969620176e-02
7.508760085721177813e-01,5.210389121332417162e-01,-2.298370964388760651e-01,-6.895112893166281953e-01,6.513055323996153056e-01,-3.820575691701288967e-02
7.487011695550940260e-01,5.210389121332417162e-01,-2.276622574218523098e-01,-6.829867722655569295e-01,6.524517051071265783e-01,-3.053506715843035124e-02
7.465232770313543487e-01,5.210389121332417162e-01,-2.254843648981126325e-01,-6.764530946943378975e-01,6.533677571219032032e-01,-2.308533757243469431e-02
7.443430759738575153e-01,5.210389121332417162e-01,-2.233041638406157992e-01,-6.699124915218473975e-01,6.540603172490500050e-01,-1.585217427279739244e-02
7.421612896989333574e-01,5.210389121332417162e-01,-2.211223775656916413e-01,-6.633671326970749238e-01,6.545358824772473660e-01,-8.831250219827557757e-03
7.399786202989871997e-01,5.210389121332417162e-01,-2.189397081657454835e-01,-6.568191244972364506e-01,6.548008199838473153e-01,-2.018304513389135302e-03
7.377957490685896902e-01,5.210389121332417162e-01,-2.167568369353479740e-01,-6.502705108060439221e-01,6.548613691192528563e-01,4.590858313208934227e-03
7.356133369240235309e-01,5.210389121332417162e-01,-2.145744247907818147e-01,-6.437232743723454442e-01,6.547236433698477853e-01,1.100036899750234110e-02
7.334320248163571643e-01,5.210389121332417162e-01,-2.123931126831154481e-01,-6.371793380493463443e-01,6.543936322999099886e-01,1.721429425056364426e-02
7.312524341381158033e-01,5.210389121332417162e-01,-2.102135220048740871e-01,-6.306405660146222614e-01,6.538772034724082971e-01,2.323663745778603573e-02
7.290751671236201936e-01,5.210389121332417162e-01,-2.080362549903784775e-01,-6.241087649711354324e-01,6.531801043486828995e-01,2.907133937754746711e-02
7.269008072430623857e-01,5.210389121332417162e-01,-2.058618951098206695e-01,-6.175856853294620086e-01,6.523079641673423801e-01,3.472227883788037150e-02
7.247299195903883495e-01,5.210389121332417162e-01,-2.036910074571466334e-01,-6.110730223714399001e-01,6.512662958022108484e-01,4.019327343077094827e-02
7.225630512650573767e-01,5.210389121332417162e-01,-2.015241391318156605e-01,-6.045724173954469816e-01,6.500604975992918533e-01,4.548808020384487172e-02
7.204007317477467698e-01,5.210389121332417162e-01,-1.993618196145050536e-01,-5.980854588435151609e-01,6.486958551931820693e-01,5.061039634966690848e-02
7.182434732700712088e-01,5.210389121332417162e-01,-1.972045611368294926e-01,-5.916136834104884779e-01,6.471775433026683011e-01,5.556385989217982324e-02
7.160917711783848505e-01,5.210389121332417162e-01,-1.950528590451431343e-01,-5.851585771354294030e-01,6.455106275059074861e-01,6.035205037047808307e-02
7.139461042917355504e-01,5.210389121332417162e-01,-1.929071921584938343e-01,-5.787215764754815028e-01,6.437000659947900161e-01,6.497848951930851324e-02
7.118069352540381534e-01,5.210389121332417162e-01,-1.907680231207964372e-01,-5.723040693623893116e-01,6.417507113092191240e-01,6.944664194682981240e-02
7.096747108805354642e-01,5.210389121332417162e-01,-1.886357987472937481e-01,-5.659073962418812442e-01,6.396673120508067356e-01,7.375991580892549138e-02
7.075498624986136242e-01,5.210389121332417162e-01,-1.865109503653719081e-01,-5.595328510961157242e-01,6.374545145765520004e-01,7.792166348043627622e-02
7.054328062830398371e-01,5.210389121332417162e-01,-1.843938941497981210e-01,-5.531816824493943630e-01,6.351168646721361277e-01,8.193518222274176477e-02
7.033239435856882826e-01,5.210389121332417162e-01,-1.822850314524465665e-01,-5.468550943573396994e-01,6.326588092054663548e-01,8.580371484812665539e-02
7.012236612598216068e-01,5.210389121332417162e-01,-1.801847491265798906e-01,-5.405542473797396719e-01,6.300846977600027543e-01,8.953045038026308244e-02
6.991323319789929380e-01,5.210389121332417162e-01,-1.780934198457512219e-01,-5.342802595372536656e-01,6.273987842486006272e-01,9.311852471134696163e-02
6.970503145506353748e-01,5.210389121332417162e-01,-1.760114024173936587e-01,-5.280342072521809760e-01,6.246052285072689614e-01,9.657102125508798540e-02
6.949779542244033381e-01,5.210389121332417162e-01,-1.739390420911616220e-01,-5.218171262734848659e-01,6.217080978696110094e-01,9.989097159612614352e-02
6.929155829953309587e-01,5.210389121332417162e-01,-1.718766708620892425e-01,-5.156300125862677275e-01,6.187113687217138391e-01,1.030813561354461116e-01
6.908635199018721140e-01,5.210389121332417162e-01,-1.698246077686303979e-01,-5.094738233058911936e-01,6.156189280376533901e-01,1.061451047317621965e-01
6.888220713188863975e-01,5.210389121332417162e-01,-1.677831591856446813e-01,-5.033494775569340440e-01,6.124345748957149560e-01,1.090850973387809120e-01
6.867915312456346344e-01,5.210389121332417162e-01,-1.657526191123929182e-01,-4.972578573371787547e-01,6.091620219755289334e-01,1.119041646383501787e-01
6.847721815888466734e-01,5.210389121332417162e-01,-1.637332694556049573e-01,-4.911998083668148718e-01,6.058048970363882901e-01,1.146050886695734183e-01
6.827642924409256242e-01,5.210389121332417162e-01,-1.617253803076839080e-01,-4.851761409230517241e-01,6.023667443763147666e-01,1.171906034532630425e-01
6.807681223533499359e-01,5.210389121332417162e-01,-1.597292102201082198e-01,-4.791876306603246594e-01,5.988510262727064770e-01,1.196633956123818177e-01
6.787839186053354901e-01,5.210389121332417162e-01,-1.577450064720937739e-01,-4.732350194162813217e-01,5.952611244043337635e-01,1.220261049880524418e-01
6.768119174678198791e-01,5.210389121332417162e-01,-1.557730053345781629e-01,-4.673190160037344887e-01,5.916003412546833040e-01,1.242813252509488153e-01
6.748523444628292678e-01,5.210389121332417162e-01,-1.538134323295875516e-01,-4.614402969887626549e-01,5.878719014971833801e-01,1.264316045084207252e-01
6.729054146182895657e-01,5.210389121332417162e-01,-1.518665024850478495e-01,-4.555995074551435486e-01,5.840789533619106244e-01,1.284794459067670758e-01
6.709713327183405296e-01,5.210389121332417162e-01,-1.499324205850988134e-01,-4.497972617552964403e-01,5.802245699847108362e-01,1.304273082294143959e-01
6.690502935492144143e-01,5.210389121332417162e-01,-1.480113814159726982e-01,-4.440341442479180945e-01,5.763117507378345827e-01,1.322776064899164883e-01
6.671424821407373473e-01,5.210389121332417162e-01,-1.461035700074956312e-01,-4.383107100224868935e-01,5.723434225431200950e-01,1.340327125206332015e-01
6.652480740035122686e-01,5.210389121332417162e-01,-1.442091618702705524e-01,-4.326274856108116573e-01,5.683224411675236176e-01,1.356949555567119603e-01
6.633672353618429440e-01,5.210389121332417162e-01,-1.423283232286012279e-01,-4.269849696858036836e-01,5.642515925007973721e-01,1.372666228149936885e-01
6.615001233824551186e-01,5.210389121332417162e-01,-1.404612112492134024e-01,-4.213836337476402072e-01,5.601335938163476413e-01,1.387499600687074341e-01
6.596468863990740950e-01,5.210389121332417162e-01,-1.386079742658323788e-01,-4.158239227974971364e-01,5.559710950143070818e-01,1.401471722168099454e-01
6.578076641329148044e-01,5.210389121332417162e-01,-1.367687519996730883e-01,-4.103062559990192648e-01,5.517666798477871559e-01,1.414604238487678911e-01
6.559825879091403245e-01,5.210389121332417162e-01,-1.349436757758986083e-01,-4.048310273276958249e-01,5.475228671323439933e-01,1.426918398046481684e-01
6.541717808693463532e-01,5.210389121332417162e-01,-1.331328687361046370e-01,-3.993986062083139110e-01,5.432421119381913854e-01,1.438435057298774744e-01
6.523753581801253754e-01,5.210389121332417162e-01,-1.313364460468836592e-01,-3.940093381406509776e-01,5.389268067662933426e-01,1.449174686256423650e-01
6.505934272377669192e-01,5.210389121332417162e-01,-1.295545151045252030e-01,-3.886635453135756091e-01,5.345792827075368514e-01,1.459157373939612423e-01
6.488260878691478606e-01,5.210389121332417162e-01,-1.277871757359061444e-01,-3.833615272077184333e-01,5.302018105857175811e-01,1.468402833779991479e-01
6.470734325288666211e-01,5.210389121332417162e-01,-1.260345203956249049e-01,-3.781035611868747148e-01,5.257966020843718447e-01,1.476930408974971298e-01
6.453355464926751051e-01,5.210389121332417162e-01,-1.242966343594333889e-01,-3.728899030783001667e-01,5.213658108574548145e-01,1.484759077791546478e-01
6.436125080472615556e-01,5.210389121332417162e-01,-1.225735959140198394e-01,-3.677207877420595183e-01,5.169115336240648340e-01,1.491907458820053156e-01
6.419043886764361773e-01,5.210389121332417162e-01,-1.208654765431944611e-01,-3.625964296295833833e-01,5.124358112476135041e-01,1.498393816180301208e-01
6.402112532437725934e-01,5.210389121332417162e-01,-1.191723411105308772e-01,-3.575170233315926316e-01,5.079406297990751717e-01,1.504236064674825402e-01
6.385331601717557648e-01,5.210389121332417162e-01,-1.174942480385140486e-01,-3.524827441155421459e-01,5.034279216050485672e-01,1.509451774895064213e-01
6.368701616174878843e-01,5.210389121332417162e-01,-1.158312494842461682e-01,-3.474937484527385045e-01,4.988995662803641373e-01,1.514058178276256328e-01
6.352223036450027616e-01,5.210389121332417162e-01,-1.141833915117610454e-01,-3.425501745352831362e-01,4.943573917455368338e-01,1.518072172102536976e-01
6.335896263942386586e-01,5.210389121332417162e-01,-1.125507142609969424e-01,-3.376521427829908273e-01,4.898031752292308916e-01,1.521510324462400643e-01
6.319721642467192035e-01,5.210389121332417162e-01,-1.109332521134774874e-01,-3.327997563404324621e-01,4.852386442558365154e-01,1.524388879154040533e-01
6.303699459879913425e-01,5.210389121332417162e-01,-1.093310338547496263e-01,-3.279931015642488790e-01,4.806654776183583166e-01,1.526723760541094377e-01
6.287829949668688467e-01,5.210389121332417162e-01,-1.077440828336271306e-01,-3.232322485008813917e-01,4.760853063367487259e-01,1.528530578358673342e-01
6.272113292515298921e-01,5.210389121332417162e-01,-1.061724171182881760e-01,-3.185172513548645279e-01,4.714997146016863816e-01,1.529824632468218537e-01
6.256549617825156728e-01,5.210389121332417162e-01,-1.046160496492739567e-01,-3.138481489478218700e-01,4.669102407042657887e-01,1.530620917564439187e-01
6.241139005226771230e-01,5.210389121332417162e-01,-1.030749883894354069e-01,-3.092249651683062206e-01,4.623183779515649405e-01,1.530934127832587199e-01
6.225881486041168200e-01,5.210389121332417162e-01,-1.015492364708751039e-01,-3.046477094126253116e-01,4.577255755680909033e-01,1.530778661554655917e-01
6.210777044721721429e-01,5.210389121332417162e-01,-1.000387923389304268e-01,-3.001163770167912803e-01,4.531332395834031246e-01,1.530168625666118443e-01
6.195825620264840961e-01,5.210389121332417162e-01,-9.854364989324237989e-02,-2.956309496797271397e-01,4.485427337064140652e-01,1.529117840266869255e-01
6.181027107591987590e-01,5.210389121332417162e-01,-9.706379862595704289e-02,-2.911913958778711287e-01,4.439553801856011006e-01,1.527639843077299719e-01
6.166381358903441079e-01,5.210389121332417162e-01,-9.559922375710239173e-02,-2.867976712713071752e-01,4.393724606563953472e-01,1.525747893850881720e-01
6.151888185004279475e-01,5.210389121332417162e-01,-9.414990636718623129e-02,-2.824497191015586939e-01,4.347952169748481310e-01,1.523454978732894372e-01
6.137547356602991444e-01,5.210389121332417162e-01,-9.271582352705742824e-02,-2.781474705811722847e-01,4.302248520386409147e-01,1.520773814574686300e-01
6.123358605583161252e-01,5.210389121332417162e-01,-9.129694842507440899e-02,-2.738908452752232270e-01,4.256625305949057747e-01,1.517716853196825477e-01
6.109321626248650494e-01,5.210389121332417162e-01,-8.989325049162333325e-02,-2.696797514748699998e-01,4.211093800353227223e-01,1.514296285604527226e-01
6.095436076542700699e-01,5.210389121332417162e-01,-8.850469552102835369e-02,-2.655140865630850611e-01,4.165664911784938695e-01,1.510524046154088085e-01
6.081701579241366451e-01,5.210389121332417162e-01,-8.713124579089492894e-02,-2.613937373726847868e-01,4.120349190400274253e-01,1.506411816673426385e-01
6.068117723121698726e-01,5.210389121332417162e-01,-8.577286017892815639e-02,-2.573185805367844692e-01,4.075156835900317631e-01,1.501971030532472939e-01
6.054684064105084751e-01,5.210389121332417162e-01,-8.442949427726675893e-02,-2.532884828318002768e-01,4.030097704984192397e-01,1.497212876666189629e-01
6.041400126376137436e-01,5.210389121332417162e-01,-8.310110050437202744e-02,-2.493033015131160823e-01,3.985181318684194451e-01,1.492148303553033628e-01
6.028265403477545137e-01,5.210389121332417162e-01,-8.178762821451279752e-02,-2.453628846435383926e-01,3.940416869577689774e-01,1.486788023142305848e-01
6.015279359381267010e-01,5.210389121332417162e-01,-8.048902380488498487e-02,-2.414670714146549546e-01,3.895813228883437951e-01,1.481142514736888405e-01
6.002441429536462536e-01,5.210389121332417162e-01,-7.920523082040453744e-02,-2.376156924612136123e-01,3.851378953441342290e-01,1.475222028829206167e-01
5.989751021894541561e-01,5.210389121332417162e-01,-7.793619005621243989e-02,-2.338085701686373197e-01,3.807122292576292644e-01,1.469036590889919447e-01
5.977207517911709012e-01,5.210389121332417162e-01,-7.668183965792918499e-02,-2.300455189737875550e-01,3.763051194849764691e-01,1.462596005111889141e-01
5.964810273529387308e-01,5.210389121332417162e-01,-7.544211521969701462e-02,-2.263263456590910438e-01,3.719173314696511135e-01,1.455909858105600696e-01
5.952558620132876177e-01,5.210389121332417162e-01,-7.421694988004590154e-02,-2.226508496401377046e-01,3.675496018953339217e-01,1.448987522551962170e-01
5.940451865488620697e-01,5.210389121332417162e-01,-7.300627441562035358e-02,-2.190188232468610607e-01,3.632026393276643894e-01,1.441838160808033287e-01
5.928489294660446163e-01,5.210389121332417162e-01,-7.181001733280290011e-02,-2.154300519984087003e-01,3.588771248452360396e-01,1.434470728468273393e-01
5.916670170905118376e-01,5.210389121332417162e-01,-7.062810495727012139e-02,-2.118843148718103642e-01,3.545737126598336175e-01,1.426893977880232534e-01
5.904993736547579086e-01,5.210389121332417162e-01,-6.946046152151619246e-02,-2.083813845645485774e-01,3.502930307261786780e-01,1.419116461616301006e-01
5.893459213836200750e-01,5.210389121332417162e-01,-6.830700925037835880e-02,-2.049210277511350764e-01,3.460356813413500987e-01,1.411146535902150223e-01
5.882065805778412537e-01,5.210389121332417162e-01,-6.716766844459953756e-02,-2.015030053337986127e-01,3.418022417336463725e-01,1.402992363998477598e-01
5.870812696957024013e-01,5.210389121332417162e-01,-6.604235756246068512e-02,-1.981270726873820553e-01,3.375932646416557326e-01,1.394661919542736772e-01
5.859699054327590639e-01,5.210389121332417162e-01,-6.493099329951734777e-02,-1.947929798985520433e-01,3.334092788830012033e-01,1.386162989844491600e-01
5.848724027997140862e-01,5.210389121332417162e-01,-6.383349066647237002e-02,-1.915004719994171101e-01,3.292507899134933247e-01,1.377503179140762146e-01
5.837886751984605604e-01,5.210389121332417162e-01,-6.274976306521884428e-02,-1.882492891956565328e-01,3.251182803760577222e-01,1.368689911804011894e-01
5.827186344963251052e-01,5.210389121332417162e-01,-6.167972236308338907e-02,-1.850391670892501672e-01,3.210122106406365639e-01,1.359730435513863966e-01
5.816621910985447785e-01,5.210389121332417162e-01,-6.062327896530306237e-02,-1.818698368959091871e-01,3.169330193340980095e-01,1.350631824381888224e-01
5.806192540190082685e-01,5.210389121332417162e-01,-5.958034188576655232e-02,-1.787410256572996570e-01,3.128811238609530143e-01,1.341400982036533573e-01
5.795897309492921146e-01,5.210389121332417162e-01,-5.855081881605039840e-02,-1.756524564481511952e-01,3.088569209148461781e-01,1.332044644666949829e-01
5.785735283260226014e-01,5.210389121332417162e-01,-5.753461619278088524e-02,-1.726038485783426557e-01,3.048607869808539483e-01,1.322569384025112926e-01
5.775705513965933013e-01,5.210389121332417162e-01,-5.653163926335158518e-02,-1.695949177900547555e-01,3.008930788287900171e-01,1.312981610387352616e-01
5.765807042832679086e-01,5.210389121332417162e-01,-5.554179215002619241e-02,-1.666253764500785772e-01,2.969541339976178307e-01,1.303287575475392535e-01
5.756038900456973417e-01,5.210389121332417162e-01,-5.456497791245562556e-02,-1.636949337373668767e-01,2.930442712711700537e-01,1.293493375338031770e-01
5.746400107418800918e-01,5.210389121332417162e-01,-5.360109860863837561e-02,-1.608032958259151268e-01,2.891637911451749865e-01,1.283604953192598597e-01
5.736889674875947920e-01,5.210389121332417162e-01,-5.265005535435307582e-02,-1.579501660630592275e-01,2.853129762855899365e-01,1.273628102225307090e-01
5.727506605143317664e-01,5.210389121332417162e-01,-5.171174838109005023e-02,-1.551352451432701507e-01,2.814920919789076770e-01,1.263568468356375263e-01
5.718249892257523115e-01,5.210389121332417162e-01,-5.078607709251059532e-02,-1.523582312775317860e-01,2.777013865738364728e-01,1.253431552963046869e-01
5.709118522527024675e-01,5.210389121332417162e-01,-4.987294011946075134e-02,-1.496188203583822540e-01,2.739410919149531942e-01,1.243222715565709402e-01
5.700111475068082578e-01,5.210389121332417162e-01,-4.897223537356654166e-02,-1.469167061206996250e-01,2.702114237682629039e-01,1.232947176475632789e-01
5.691227722326788196e-01,5.210389121332417162e-01,-4.808386009943710349e-02,-1.442515802983113105e-01,2.665125822388314525e-01,1.222610019405201420e-01
5.682466230587434053e-01,5.210389121332417162e-01,-4.720771092550168913e-02,-1.416231327765050674e-01,2.628447521806243081e-01,1.212216194041192407e-01
5.673825960467484553e-01,5.210389121332417162e-01,-4.634368391350673910e-02,-1.390310517405202173e-01,2.592081035984850068e-01,1.201770518579647895e-01
5.665305867399392792e-01,5.210389121332417162e-01,-4.549167460669756302e-02,-1.364750238200926891e-01,2.556027920427528244e-01,1.191277682226601353e-01
5.656904902099523236e-01,5.210389121332417162e-01,-4.465157807671060741e-02,-1.339547342301318222e-01,2.520289589960866827e-01,1.180742247659548605e-01
5.648622011024420075e-01,5.210389121332417162e-01,-4.382328896920029138e-02,-1.314698669076008741e-01,2.484867322530948108e-01,1.170168653454939367e-01
5.640456136814662180e-01,5.210389121332417162e-01,-4.300670154822450186e-02,-1.290201046446735056e-01,2.449762262927368539e-01,1.159561216480633483e-01
5.632406218726552227e-01,5.210389121332417162e-01,-4.220170973941350656e-02,-1.266051292182405197e-01,2.414975426432985905e-01,1.148924134250580709e-01
5.624471193051867601e-01,5.210389121332417162e-01,-4.140820717194504397e-02,-1.242246215158351319e-01,2.380507702405387782e-01,1.138261487247036463e-01
5.616649993525907325e-01,5.210389121332417162e-01,-4.062608721934901634e-02,-1.218782616580470490e-01,2.346359857788082870e-01,1.127577241207612380e-01
5.608941551724068164e-01,5.210389121332417162e-01,-3.985524303916510025e-02,-1.195657291174953007e-01,2.312532540551748284e-01,1.116875249376795276e-01
5.601344797447166401e-01,5.210389121332417162e-01,-3.909556761147492399e-02,-1.172867028344247720e-01,2.279026283070528791e-01,1.106159254726281072e-01
5.593858659095737318e-01,5.210389121332417162e-01,-3.834695377633201563e-02,-1.150408613289960469e-01,2.245841505428725071e-01,1.095432892138764602e-01
5.586482064033522210e-01,5.210389121332417162e-01,-3.760929427011050485e-02,-1.128278828103315146e-01,2.212978518664532324e-01,1.084699690561217178e-01
5.579213938940362771e-01,5.210389121332417162e-01,-3.688248176079456098e-02,-1.106474452823836829e-01,2.180437527947831633e-01,1.073963075123994804e-01
5.572053210154715996e-01,5.210389121332417162e-01,-3.616640888222988348e-02,-1.084992266466896504e-01,2.148218635694032486e-01,1.063226369227135981e-01
5.564998804005991673e-01,5.210389121332417162e-01,-3.546096826735745111e-02,-1.063829048020723533e-01,2.116321844617297110e-01,1.052492796596573577e-01
5.558049647136927840e-01,5.210389121332417162e-01,-3.476605258045106783e-02,-1.042981577413532035e-01,2.084747060719149836e-01,1.041765483305617801e-01
5.551204666816194067e-01,5.210389121332417162e-01,-3.408155454837769049e-02,-1.022446636451330715e-01,2.053494096220132015e-01,1.031047459768801300e-01
5.544462791241436816e-01,5.210389121332417162e-01,-3.340736699090196549e-02,-1.002221009727058965e-01,2.022562672427175023e-01,1.020341662700116059e-01
5.537822949832950092e-01,5.210389121332417162e-01,-3.274338285005329308e-02,-9.823014855015987923e-02,1.991952422546017232e-01,1.009650937044418439e-01
5.531284073518167865e-01,5.210389121332417162e-01,-3.208949521857507037e-02,-9.626848565572521110e-02,1.961662894434668125e-01,9.989780378774160141e-02
5.524845095007173690e-01,5.210389121332417162e-01,-3.144559736747565282e-02,-9.433679210242695845e-02,1.931693553298252652e-01,9.883256322739830679e-02
5.518504949059406250e-01,5.210389121332417162e-01,-3.081158277269890888e-02,-9.243474831809672665e-02,1.902043784330231802e-01,9.776963011492645350e-02
5.512262572741754019e-01,5.210389121332417162e-01,-3.018734514093368571e-02,-9.056203542280105712e-02,1.872712895295669533e-01,9.670925410676589618e-02
5.506116905678208884e-01,5.210389121332417162e-01,-2.957277843457917221e-02,-8.871833530373751664e-02,1.843700119063540477e-01,9.565167660261653104e-02
5.500066890291266386e-01,5.210389121332417162e-01,-2.896777689588492244e-02,-8.690333068765476732e-02,1.815004616082749322e-01,9.459713092062016493e-02
5.494111472035244637e-01,5.210389121332417162e-01,-2.837223507028274749e-02,-8.511670521084824248e-02,1.786625476806524837e-01,9.354584246980424123e-02
5.488249599621691788e-01,5.210389121332417162e-01,-2.778604782892746261e-02,-8.335814348678238783e-02,1.758561724065854648e-01,9.249802891980307695e-02
5.482480225237059690e-01,5.210389121332417162e-01,-2.720911039046425284e-02,-8.162733117139275851e-02,1.730812315389629319e-01,9.145390036757017338e-02
5.476802304752794726e-01,5.210389121332417162e-01,-2.664131834203775639e-02,-7.992395502611326918e-02,1.703376145279489329e-01,9.041365950183566369e-02
5.471214797928031226e-01,5.210389121332417162e-01,-2.608256765956140644e-02,-7.824770297868421931e-02,1.676252047429049874e-01,8.937750176422076809e-02
5.465716668605031803e-01,5.210389121332417162e-01,-2.553275472726146411e-02,-7.659826418178439233e-02,1.649438796899826976e-01,8.834561550819830522e-02
5.460306884897541124e-01,5.210389121332417162e-01,-2.499177635651239626e-02,-7.497532906953718879e-02,1.622935112247203548e-01,8.731818215518316606e-02
5.454984419372205240e-01,5.210389121332417162e-01,-2.445952980397880783e-02,-7.337858941193642348e-02,1.596739657600765305e-01,8.629537634814010705e-02
5.449748249223217433e-01,5.210389121332417162e-01,-2.393591278908002717e-02,-7.180773836724008152e-02,1.570851044696341958e-01,8.527736610239411430e-02
5.444597356440332714e-01,5.210389121332417162e-01,-2.342082351079155522e-02,-7.026247053237466567e-02,1.545267834865415857e-01,8.426431295416692002e-02
5.439530727970401935e-01,5.210389121332417162e-01,-2.291416066379847738e-02,-6.874248199139543214e-02,1.519988540979233527e-01,8.325637210652792053e-02
5.434547355872577645e-01,5.210389121332417162e-01,-2.241582345401604837e-02,-6.724747036204814510e-02,1.495011629347287041e-01,8.225369257268055900e-02
5.429646237467325998e-01,5.210389121332417162e-01,-2.192571161349088360e-02,-6.577713484047265080e-02,1.470335521575494298e-01,8.125641731707677895e-02
5.424826375479391283e-01,5.210389121332417162e-01,-2.144372541469741211e-02,-6.433117624409223634e-02,1.445958596380414463e-01,8.026468339394920992e-02
5.420086778174850739e-01,5.210389121332417162e-01,-2.096976568424335774e-02,-6.290929705273007322e-02,1.421879191362163120e-01,7.927862208348623874e-02
5.415426459492393985e-01,5.210389121332417162e-01,-2.050373381599768230e-02,-6.151120144799304690e-02,1.398095604737026321e-01,7.829835902570958517e-02
5.410844439168962516e-01,5.210389121332417162e-01,-2.004553178365453547e-02,-6.013659535096360642e-02,1.374606097029440477e-01,7.732401435198044126e-02
5.406339742859882502e-01,5.210389121332417162e-01,-1.959506215274653407e-02,-5.878518645823960220e-02,1.351408892724004218e-01,7.635570281416081961e-02
5.401911402253617434e-01,5.210389121332417162e-01,-1.915222809212002719e-02,-5.745668427636008158e-02,1.328502181879520627e-01,7.539353391159198114e-02
5.397558455181263870e-01,5.210389121332417162e-01,-1.871693338488467084e-02,-5.615080015465401253e-02,1.305884121706069045e-01,7.443761201595289201e-02
5.393279945720925728e-01,5.210389121332417162e-01,-1.828908243885085660e-02,-5.486724731655256981e-02,1.283552838101442717e-01,7.348803649359170187e-02
5.389074924297081459e-01,5.210389121332417162e-01,-1.786858029646642976e-02,-5.360574088939928927e-02,1.261506427153280541e-01,7.254490182592876479e-02
5.384942447775062924e-01,5.210389121332417162e-01,-1.745533264426457620e-02,-5.236599793279372861e-02,1.239742956605560664e-01,7.160829772776233781e-02
5.380881579550772509e-01,5.210389121332417162e-01,-1.704924582183553472e-02,-5.114773746550660416e-02,1.218260467287124449e-01,7.067830926320584073e-02
5.376891389635745089e-01,5.210389121332417162e-01,-1.665022683033279272e-02,-4.995068049099837815e-02,1.197056974508226013e-01,6.975501695982422312e-02
5.372970954737678051e-01,5.210389121332417162e-01,-1.625818334052608893e-02,-4.877455002157826680e-02,1.176130469420111346e-01,6.883849692043286783e-02
5.369119358336531533e-01,5.210389121332417162e-01,-1.587302370041143718e-02,-4.761907110123431153e-02,1.155478920343955274e-01,6.792882093316121583e-02
5.365335690756317666e-01,5.210389121332417162e-01,-1.549465694239005042e-02,-4.648397082717015127e-02,1.135100274064160253e-01,6.702605657924587401e-02
5.361619049232683176e-01,5.210389121332417162e-01,-1.512299279002660146e-02,-4.536897837007980439e-02,1.114992457090346889e-01,6.613026733895488452e-02
5.357968537976387502e-01,5.210389121332417162e-01,-1.475794166439703403e-02,-4.427382499319110210e-02,1.095153376888702290e-01,6.524151269567912692e-02
5.354383268232787429e-01,5.210389121332417162e-01,-1.439941469003702679e-02,-4.319824407011108036e-02,1.075580923080021734e-01,6.435984823789109299e-02
5.350862358337424851e-01,5.210389121332417162e-01,-1.404732370050076895e-02,-4.214197110150230685e-02,1.056272968608773510e-01,6.348532575937504419e-02
5.347404933767822000e-01,5.210389121332417162e-01,-1.370158124354048379e-02,-4.110474373062145137e-02,1.037227370880855482e-01,6.261799335746409678e-02
5.344010127191576309e-01,5.210389121332417162e-01,-1.336210058591591476e-02,-4.008630175774774429e-02,1.018441972873707080e-01,6.175789552962296369e-02
5.340677078510860376e-01,5.210389121332417162e-01,-1.302879571784432144e-02,-3.908638715353296433e-02,9.999146042147799562e-02,6.090507326794503129e-02
5.337404934903412501e-01,5.210389121332417162e-01,-1.270158135709953395e-02,-3.810474407129860186e-02,9.816430822343624740e-02,6.005956415213764554e-02
5.334192850860116630e-01,5.210389121332417162e-01,-1.238037295276994687e-02,-3.714111885830984061e-02,9.636252129887612483e-02,5.922140244056628422e-02
5.331039988219261616e-01,5.210389121332417162e-01,-1.206508668868444545e-02,-3.619526006605333635e-02,9.458587922565042660e-02,5.839061915959709026e-02
5.327945516197566400e-01,5.210389121332417162e-01,-1.175563948651492385e-02,-3.526691845954477156e-02,9.283416065085647872e-02,5.756724219131170717e-02
5.324908611418062154e-01,5.210389121332417162e-01,-1.145194900856449927e-02,-3.435584702569349780e-02,9.110714338512737598e-02,5.675129635943387818e-02
5.321928457934917978e-01,5.210389121332417162e-01,-1.115393366025008159e-02,-3.346180098075024478e-02,8.940460449432530154e-02,5.594280351357505676e-02
5.319004247255286755e-01,5.210389121332417162e-01,-1.086151259228695931e-02,-3.258453777686087793e-02,8.772632038893668494e-02,5.514178261207580700e-02
5.316135178358267765e-01,5.210389121332417162e-01,-1.057460570258506038e-02,-3.172381710775518115e-02,8.607206691056967784e-02,5.434824980281449669e-02
5.313320457711051548e-01,5.210389121332417162e-01,-1.029313363786343860e-02,-3.087940091359031580e-02,8.444161941648653524e-02,5.356221850289621944e-02
5.310559299282338053e-01,5.210389121332417162e-01,-1.001701779499208911e-02,-3.005105338497626732e-02,8.283475286140484783e-02,5.278369947642858051e-02
5.307850924553101368e-01,5.210389121332417162e-01,-9.746180322068420665e-03,-2.923854096620526200e-02,8.125124187710053292e-02,5.201270091089527092e-02
5.305194562524775392e-01,5.210389121332417162e-01,-9.480544119235823075e-03,-2.844163235770746923e-02,7.969086084977927698e-02,5.124922849207180775e-02
5.302589449724941506e-01,5.210389121332417162e-01,-9.220032839252434442e-03,-2.766009851775730333e-02,7.815338399501658984e-02,5.049328547725928651e-02
5.300034830210584857e-01,5.210389121332417162e-01,-8.964570887816769584e-03,-2.689371266345030875e-02,7.663858543069945739e-02,4.974487276724914864e-02
5.297529955568995863e-01,5.210389121332417162e-01,-8.714083423657870142e-03,-2.614225027097361043e-02,7.514623924766983265e-02,4.900398897669622222e-02
5.295074084916383539e-01,5.210389121332417162e-01,-8.468496358396637724e-03,-2.540548907518991317e-02,7.367611957836972536e-02,4.827063050317981219e-02
5.292666484894273937e-01,5.210389121332417162e-01,-8.227736356185677558e-03,-2.468320906855703267e-02,7.222800066328805002e-02,4.754479159473101735e-02
5.290306429663759191e-01,5.210389121332417162e-01,-7.991730833134202960e-03,-2.397519249940260888e-02,7.080165691544237916e-02,4.682646441603977028e-02
5.287993200897660451e-01,5.210389121332417162e-01,-7.760407956524328910e-03,-2.328122386957298673e-02,6.939686298296221523e-02,4.611563911338922850e-02
5.285726087770674653e-01,5.210389121332417162e-01,-7.533696643825749106e-03,-2.260108993147724732e-02,6.801339380957394098e-02,4.541230387809669367e-02
5.283504386947567300e-01,5.210389121332417162e-01,-7.311526561515013789e-03,-2.193457968454504137e-02,6.665102469322059520e-02,4.471644500867555383e-02
5.281327402569468976e-01,5.210389121332417162e-01,-7.093828123705181454e-03,-2.128148437111554436e-02,6.530953134294970042e-02,4.402804697183415605e-02
5.279194446238342220e-01,5.210389121332417162e-01,-6.880532490592505823e-03,-2.064159747177751747e-02,6.398868993380268932e-02,4.334709246202517186e-02
5.277104836999677584e-01,5.210389121332417162e-01,-6.671571566726042235e-03,-2.001471470017812671e-02,6.268827715993907645e-02,4.267356245976094975e-02
5.275057901323472187e-01,5.210389121332417162e-01,-6.466877999105502539e-03,-1.940063399731650762e-02,6.140807028616190877e-02,4.200743628884540115e-02
5.273052973083556250e-01,5.210389121332417162e-01,-6.266385175113908801e-03,-1.879915552534172640e-02,6.014784719747812147e-02,4.134869167213639507e-02
5.271089393535312029e-01,5.210389121332417162e-01,-6.070027220289486714e-03,-1.821008166086846014e-02,5.890738644732662621e-02,4.069730478645816607e-02
5.269166511291853983e-01,5.210389121332417162e-01,-5.877738995943682099e-03,-1.763321698783104630e-02,5.768646730374138443e-02,4.005325031591033813e-02
5.267283682298712355e-01,5.210389121332417162e-01,-5.689456096629519344e-03,-1.706836828988855803e-02,5.648486979424882648e-02,3.941650150436026845e-02
5.265440269807074580e-01,5.210389121332417162e-01,-5.505114847465741867e-03,-1.651534454239722560e-02,5.530237474913324291e-02,3.878703020673601731e-02
5.263635644345644460e-01,5.210389121332417162e-01,-5.324652301322729819e-03,-1.597395690396818946e-02,5.413876384290361443e-02,3.816480693893542497e-02
5.261869183691152418e-01,5.210389121332417162e-01,-5.148006235873525682e-03,-1.544401870762057705e-02,5.299381963476124113e-02,3.754980092714066409e-02
5.260140272837587894e-01,5.210389121332417162e-01,-4.975115150517073204e-03,-1.492534545155121961e-02,5.186732560693574356e-02,3.694198015538452395e-02
5.258448303964179393e-01,5.210389121332417162e-01,-4.805918263176223171e-03,-1.441775478952866951e-02,5.075906620225500987e-02,3.634131141272634036e-02
5.256792676402183284e-01,5.210389121332417162e-01,-4.640355506976612254e-03,-1.392106652092983676e-02,4.966882685988327495e-02,3.574776033895343819e-02
5.255172796600525720e-01,5.210389121332417162e-01,-4.478367526810855814e-03,-1.343510258043256744e-02,4.859639404972693200e-02,3.516129146929436455e-02
5.253588078090337676e-01,5.210389121332417162e-01,-4.319895675792051470e-03,-1.295968702737615441e-02,4.754155530564130316e-02,3.458186827826514875e-02
5.252037941448427505e-01,5.210389121332417162e-01,-4.164882011601034328e-03,-1.249464603480310299e-02,4.650409925730514260e-02,3.400945322250203962e-02
5.250521814259739850e-01,5.210389121332417162e-01,-4.013269292732268845e-03,-1.203980787819680653e-02,4.548381566062964509e-02,3.344400778243283856e-02
5.249039131078835352e-01,5.210389121332417162e-01,-3.865000974641819020e-03,-1.159500292392545706e-02,4.448049542713494731e-02,3.288549250320949024e-02
5.247589333390433319e-01,5.210389121332417162e-01,-3.720021205801615771e-03,-1.116006361740484731e-02,4.349393065206097475e-02,3.233386703465612744e-02
5.246171869569066226e-01,5.210389121332417162e-01,-3.578274823664906457e-03,-1.073482447099471937e-02,4.252391464101279439e-02,3.178909017001807502e-02
5.244786194837869342e-01,5.210389121332417162e-01,-3.439707350545218034e-03,-1.031912205163565410e-02,4.157024193590652672e-02,3.125111988427087262e-02
5.243431771226556570e-01,5.210389121332417162e-01,-3.304264989413940867e-03,-9.912794968241822602e-03,4.063270833938315008e-02,3.071991337114132747e-02
5.242108067528614690e-01,5.210389121332417162e-01,-3.171894619619752831e-03,-9.515683858859258493e-03,3.971111093825641092e-02,3.019542707939715243e-02
5.240814559257752636e-01,5.210389121332417162e-01,-3.042543792533547453e-03,-9.127631377600642359e-03,3.880524812586161332e-02,2.967761674826097096e-02
5.239550728603639129e-01,5.210389121332417162e-01,-2.916160727122196761e-03,-8.748482181366590282e-03,3.791491962340520772e-02,2.916643744203861743e-02
5.238316064386967508e-01,5.210389121332417162e-01,-2.792694305455034609e-03,-8.378082916365103827e-03,3.703992650014864552e-02,2.866184358378354169e-02
5.237110062013879963e-01,5.210389121332417162e-01,-2.672094068146280144e-03,-8.016282204438840431e-03,3.618007119262633964e-02,2.816378898818749921e-02
5.235932223429780041e-01,5.210389121332417162e-01,-2.554310209736287973e-03,-7.662930629208863920e-03,3.533515752299765111e-02,2.767222689378878719e-02
5.234782057072574490e-01,5.210389121332417162e-01,-2.439293574015732879e-03,-7.317880722047198638e-03,3.450499071616652813e-02,2.718710999411932949e-02
5.233659077825362216e-01,5.210389121332417162e-01,-2.326995649294505419e-03,-6.980986947883516258e-03,3.368937741636823802e-02,2.670839046848472176e-02
5.232562806968619196e-01,5.210389121332417162e-01,-2.217368563620203403e-03,-6.652105690860610210e-03,3.288812570229060483e-02,2.623602001142999463e-02
5.231492772131887126e-01,5.210389121332417162e-01,-2.110365079946996403e-03,-6.331095239840989208e-03,3.210104510196210015e-02,2.576994986212111094e-02
5.230448507245016865e-01,5.210389121332417162e-01,-2.005938591259970316e-03,-6.017815773779910948e-03,3.132794660610782600e-02,2.531013083232791505e-02
5.229429552488978894e-01,5.210389121332417162e-01,-1.904043115656173235e-03,-5.712129346968519705e-03,3.056864268113912431e-02,2.485651333417060460e-02
5.228435454246275205e-01,5.210389121332417162e-01,-1.804633291385804306e-03,-5.413899874157412917e-03,2.982294728111067883e-02,2.440904740695326591e-02
5.227465765050979263e-01,5.210389121332417162e-01,-1.707664371856210117e-03,-5.122993115568630351e-03,2.909067585887825658e-02,2.396768274330962623e-02
5.226520043538426252e-01,5.210389121332417162e-01,-1.613092220600909066e-03,-4.839276661802727197e-03,2.837164537659031538e-02,2.353236871478758818e-02
5.225597854394588015e-01,5.210389121332417162e-01,-1.520873306217085386e-03,-4.562619918651256157e-03,2.766567431514710407e-02,2.310305439649584791e-02
5.224698768305146013e-01,5.210389121332417162e-01,-1.430964697272885111e-03,-4.292894091818655333e-03,2.697258268326008235e-02,2.267968859144142701e-02
5.223822361904295608e-01,5.210389121332417162e-01,-1.343324057187844645e-03,-4.029972171563533934e-03,2.629219202551213996e-02,2.226221985394860603e-02
5.222968217723299444e-01,5.210389121332417162e-01,-1.257909639088228282e-03,-3.773728917264684846e-03,2.562432542988490880e-02,2.185059651262022395e-02
5.222135924138815444e-01,5.210389121332417162e-01,-1.174680280639828212e-03,-3.524040841919484635e-03,2.496880753452002111e-02,2.144476669260053647e-02
5.221325075321023856e-01,5.210389121332417162e-01,-1.093595398860669476e-03,-3.280786196582008429e-03,2.432546453374762052e-02,2.104467833716561209e-02
5.220535271181570014e-01,5.210389121332417162e-01,-1.014614984915285234e-03,-3.043844954745855702e-03,2.369412418361527273e-02,2.065027922886941703e-02
5.219766117321344989e-01,5.210389121332417162e-01,-9.376995988927827597e-04,-2.813098796678348279e-03,2.307461580675074231e-02,2.026151701007239403e-02
5.219017224978129699e-01,5.210389121332417162e-01,-8.628103645712537073e-04,-2.588431093713761122e-03,2.246677029645871571e-02,1.987833920274495458e-02
5.218288210974116881e-01,5.210389121332417162e-01,-7.899089641699719166e-04,-2.369726892509915750e-03,2.187042012038453720e-02,1.950069322787462145e-02
5.217578697663332044e-01,5.210389121332417162e-01,-7.189576330914881908e-04,-2.156872899274464572e-03,2.128539932354511777e-02,1.912852642427065319e-02
5.216888312878972256e-01,5.210389121332417162e-01,-6.499191546555094234e-04,-1.949757463966528270e-03,2.071154353079363020e-02,1.876178606682710193e-02
5.216216689880678326e-01,5.210389121332417162e-01,-5.827568548261163883e-04,-1.748270564478349165e-03,2.014868994881791053e-02,1.840041938433956137e-02
5.215563467301769229e-01,5.210389121332417162e-01,-5.174345969352067698e-04,-1.552303790805620309e-03,1.959667736727288556e-02,1.804437357646726525e-02
5.214928289096436576e-01,5.210389121332417162e-01,-4.539167764019413909e-04,-1.361750329205824173e-03,1.905534615997961367e-02,1.769359583077378950e-02
5.214310804486934625e-01,5.210389121332417162e-01,-3.921683154517463521e-04,-1.176504946355239056e-03,1.852453828505851163e-02,1.734803333870327258e-02
5.213710667910771424e-01,5.210389121332417162e-01,-3.321546578354261925e-04,-9.964639735062785775e-04,1.800409728489604788e-02,1.700763331138976930e-02
5.213127538967919916e-01,5.210389121332417162e-01,-2.738417635502754521e-04,-8.215252906508263564e-04,1.749386828554522211e-02,1.667234299489439575e-02
5.212561082368063481e-01,5.210389121332417162e-01,-2.171961035646319260e-04,-6.515883106938957781e-04,1.699369799569305783e-02,1.634210968499916206e-02
5.212010967877891421e-01,5.210389121332417162e-01,-1.621846545474259216e-04,-4.865539636422777647e-04,1.650343470516180133e-02,1.601688074151952357e-02
5.211476870268461070e-01,5.210389121332417162e-01,-1.087748936043908543e-04,-3.263246808131725629e-04,1.602292828291052018e-02,1.569660360209734762e-02
5.210958469262633175e-01,5.210389121332417162e-01,-5.693479302160131539e-05,-1.708043790648039462e-04,1.555203017483686168e-02,1.538122579577205773e-02
5.210455449482600532e-01,5.210389121332417162e-01,-6.632815018337012702e-06,-1.989844505501103811e-05,1.509059340097929081e-02,1.507069495592427977e-02
5.209967500397524320e-01,5.210389121332417162e-01,4.216209348928412481e-05,1.264862804678523744e-04,1.463847255228634126e-02,1.476495883275419363e-02
5.209494316271280345e-01,5.210389121332417162e-01,8.948050611368163487e-05,2.684415183410449046e-04,1.419552378731925302e-02,1.446396530566029792e-02
5.209035596110341837e-01,5.210389121332417162e-01,1.353525222075324663e-04,4.060575666225973990e-04,1.376160482815524944e-02,1.416766239477784683e-02
5.208591043611798810e-01,5.210389121332417162e-01,1.798077720618351805e-04,5.394233161855055414e-04,1.333657495629081424e-02,1.387599827247631978e-02
5.208160367111528410e-01,5.210389121332417162e-01,2.228754220888751192e-04,6.686262662666253576e-04,1.292029500811198162e-02,1.358892127437860697e-02
5.207743279532531799e-01,5.210389121332417162e-01,2.645841799885362278e-04,7.937525399656086833e-04,1.251262736989833257e-02,1.330637990986394126e-02
5.207339498333445338e-01,5.210389121332417162e-01,3.049622998971823762e-04,9.148868996915471286e-04,1.211343597259384453e-02,1.302832287228539165e-02
5.206948745457230521e-01,5.210389121332417162e-01,3.440375875186640897e-04,1.032112762555992269e-03,1.172258628644451406e-02,1.275469904900050633e-02
5.206570747280064859e-01,5.210389121332417162e-01,3.818374052352302428e-04,1.145512215705690728e-03,1.133994531496984592e-02,1.248545753067553665e-02
5.206205234560430384e-01,5.210389121332417162e-01,4.183886771986777831e-04,1.255166031596033349e-03,1.096538158903426208e-02,1.222054762063029543e-02
5.205851942388416420e-01,5.210389121332417162e-01,4.537178944000741510e-04,1.361153683200222453e-03,1.059876516041891037e-02,1.195991884361913282e-02
5.205510610135245519e-01,5.210389121332417162e-01,4.878511197171642166e-04,1.463553359151492650e-03,1.023996759512701971e-02,1.170352095427851236e-02
5.205180981403029206e-01,5.210389121332417162e-01,5.208139929387956002e-04,1.562441978816386801e-03,9.888861966489415067e-03,1.145130394530580187e-02
5.204862803974757979e-01,5.210389121332417162e-01,5.526317357659182861e-04,1.657895207297754858e-03,9.545322848136805760e-03,1.120321805543456062e-02
5.204555829764542230e-01,5.210389121332417162e-01,5.833291567874931971e-04,1.749987470362479591e-03,9.209226306472473311e-03,1.095921377683495290e-02
5.204259814768104064e-01,5.210389121332417162e-01,6.129306564313097283e-04,1.838791969293929185e-03,8.880449893144959361e-03,1.071924186243888855e-02
5.203974519013527811e-01,5.210389121332417162e-01,6.414602318889350840e-04,1.924380695666805252e-03,8.558872637287606722e-03,1.048325333295441197e-02
5.203699706512284751e-01,5.210389121332417162e-01,6.689414820132411066e-04,2.006824446039723320e-03,8.244375037291806763e-03,1.025119948333153008e-02
5.203435145210525414e-01,5.210389121332417162e-01,6.953976121891747297e-04,2.086192836567524189e-03,7.936839052780086945e-03,1.002303188934761113e-02
5.203180606940654984e-01,5.210389121332417162e-01,7.208514391762177453e-04,2.162554317528653236e-03,7.636148096112904682e-03,9.798702413641557918e-03
5.202935867373198464e-01,5.210389121332417162e-01,7.453253959218697489e-04,2.235976187765609247e-03,7.342187023695601056e-03,9.578163211461210302e-03
5.202700705968953399e-01,5.210389121332417162e-01,7.688415363463763086e-04,2.306524609039128926e-03,7.054842127351967918e-03,9.361366736391096843e-03
5.202474905931444571e-01,5.210389121332417162e-01,7.914215400972590686e-04,2.374264620291777206e-03,6.774001125264828005e-03,9.148265745556605211e-03
5.202258254159680684e-01,5.210389121332417162e-01,8.130867172736477855e-04,2.439260151820943356e-03,6.499553152916615062e-03,8.938813304737558418e-03
5.202050541201221900e-01,5.210389121332417162e-01,8.338580131195261202e-04,2.501574039358578361e-03,6.231388753763500432e-03,8.732962793122078793e-03
5.201851561205556029e-01,5.210389121332417162e-01,8.537560126861132304e-04,2.561268038058339691e-03,5.969399869976133033e-03,8.530667908034472724e-03
5.201661111877798893e-01,5.210389121332417162e-01,8.728009454618268492e-04,2.618402836385480548e-03,5.713479832714085660e-03,8.331882669099566208e-03
5.201478994432710001e-01,5.210389121332417162e-01,8.910126899707160320e-04,2.673038069912148096e-03,5.463523352666754818e-03,8.136561422578902913e-03
5.201305013549044620e-01,5.210389121332417162e-01,9.084107783372541434e-04,2.725232335011762430e-03,5.219426509961433425e-03,7.944658844973195855e-03
5.201138977324223367e-01,5.210389121332417162e-01,9.250144008193794676e-04,2.775043202458138403e-03,4.981086744637597263e-03,7.756129947095735666e-03
5.200980697229349303e-01,5.210389121332417162e-01,9.408424103067858368e-04,2.822527230920357511e-03,4.748402846221910778e-03,7.570930077142268289e-03
5.200829988064552545e-01,5.210389121332417162e-01,9.559133267864616812e-04,2.867739980359385044e-03,4.521274943902753307e-03,7.389014924262138351e-03
5.200686667914680150e-01,5.210389121332417162e-01,9.702453417737011421e-04,2.910736025321103426e-03,4.299604496171838264e-03,7.210340521492941690e-03
5.200550558105329069e-01,5.210389121332417162e-01,9.838563227088092944e-04,2.951568968126427883e-03,4.083294280532445697e-03,7.034863248658873580e-03
5.200421483159226588e-01,5.210389121332417162e-01,9.967638173190573880e-04,2.990291451957172164e-03,3.872248383074428091e-03,6.862539835031600255e-03
5.200299270752959391e-01,5.210389121332417162e-01,1.008985057945777086e-03,3.026955173837331259e-03,3.666372188015909472e-03,6.693327361853240731e-03
5.200183751674053445e-01,5.210389121332417162e-01,1.020536965836371657e-03,3.061610897509114970e-03,3.465572367178371138e-03,6.527183264687486108e-03
5.200074759778412492e-01,5.210389121332417162e-01,1.031436155400466959e-03,3.094308466201400876e-03,3.269756869228590546e-03,6.364065335429991421e-03
5.199972131948107368e-01,5.210389121332417162e-01,1.041698938430979382e-03,3.125096815292938146e-03,3.078834909153727040e-03,6.203931724446665186e-03
5.199875708049526146e-01,5.210389121332417162e-01,1.051341328289101540e-03,3.154023984867304620e-03,2.892716957436647363e-03,6.046740942303951982e-03
5.199785330891887325e-01,5.210389121332417162e-01,1.060379044052983666e-03,3.181137132158950998e-03,2.711314729164637782e-03,5.892451861323588780e-03
5.199700846186110503e-01,5.210389121332417162e-01,1.068827514630665831e-03,3.206482543891997494e-03,2.534541173304649675e-03,5.741023717196647169e-03
5.199622102504050103e-01,5.210389121332417162e-01,1.076701882836705870e-03,3.230105648510117611e-03,2.362310461812011653e-03,5.592416110322129263e-03
5.199548951238099903e-01,5.210389121332417162e-01,1.084017009431725853e-03,3.252051028295177559e-03,2.194537978505994857e-03,5.446589006801172417e-03
5.199481246561157288e-01,5.210389121332417162e-01,1.090787477125987337e-03,3.272362431377962011e-03,2.031140308278445161e-03,5.303502739656407172e-03
5.199418845386953869e-01,5.210389121332417162e-01,1.097027594546329254e-03,3.291082783638987763e-03,1.872035226102575223e-03,5.163118009741562986e-03
5.199361607330760249e-01,5.210389121332417162e-01,1.102751400165691287e-03,3.308254200497073860e-03,1.717141685808609708e-03,5.025395886305683568e-03
5.199309394670452722e-01,5.210389121332417162e-01,1.107972666196443967e-03,3.323917998589331901e-03,1.566379809225804109e-03,4.890297807815136011e-03
5.199262072307953009e-01,5.210389121332417162e-01,1.112704902446415289e-03,3.338114707339245868e-03,1.419670874991396659e-03,4.757785582330642526e-03
5.199219507731035472e-01,5.210389121332417162e-01,1.116961360138168935e-03,3.350884080414506805e-03,1.276937307526093690e-03,4.627821387940600495e-03
5.199181570975506261e-01,5.210389121332417162e-01,1.120755035691090029e-03,3.362265107073270087e-03,1.138102665876328246e-03,4.500367772949598333e-03
5.199148134587749936e-01,5.210389121332417162e-01,1.124098674466722514e-03,3.372296023400167542e-03,1.003091632689745438e-03,4.375387656089912980e-03
5.199119073587650242e-01,5.210389121332417162e-01,1.127004774476692006e-03,3.381014323430076018e-03,8.718300029908476745e-04,4.252844326420923693e-03
5.199094265431876138e-01,5.210389121332417162e-01,1.129485590054102317e-03,3.388456770162306952e-03,7.442446732230934003e-04,4.132701443385400353e-03
5.199073589977546428e-01,5.210389121332417162e-01,1.131553135487073369e-03,3.394659406461220108e-03,6.202636298913155599e-04,4.014923036352535668e-03
5.199056929446252973e-01,5.210389121332417162e-01,1.133219188616418904e-03,3.399657565849256713e-03,4.998159388036604867e-04,3.899473504652917200e-03
5.199044168388463616e-01,5.210389121332417162e-01,1.134495294395354570e-03,3.403485883186063710e-03,3.828317336806996707e-04,3.786317616866763380e-03
5.199035193648291475e-01,5.210389121332417162e-01,1.135392768412568643e-03,3.406178305237705928e-03,2.692422051642218150e-04,3.675420510401927743e-03
5.199029894328629497e-01,5.210389121332417162e-01,1.135922700378766415e-03,3.407768101136299244e-03,1.589795898593315826e-04,3.566747690995630826e-03
5.199028161756658051e-01,5.210389121332417162e-01,1.136095957575911086e-03,3.408287872727733259e-03,5.197715914340150789e-05,3.460265031871134767e-03
5.199029889449718889e-01,5.210389121332417162e-01,1.135923188269827300e-03,3.407769564809481899e-03,-5.183079182513594674e-05,3.355938772984345952e-03
5.199034973081553268e-01,5.210389121332417162e-01,1.135414825086389357e-03,3.406244475259168070e-03,-1.525089550313829534e-04,3.253735520227785116e-03
5.199043310448907551e-01,5.210389121332417162e-01,1.134581088350961053e-03,3.403743265052883160e-03,-2.501210206284909532e-04,3.153622244424392207e-03
5.199054801438506290e-01,5.210389121332417162e-01,1.133431989391087136e-03,3.400295968173261407e-03,-3.447296879621752907e-04,3.055566280211086116e-03
5.199069347994385026e-01,5.210389121332417162e-01,1.131977333803213526e-03,3.395932001409640577e-03,-4.363966763620830136e-04,2.959535325047557563e-03
5.199086854085588350e-01,5.210389121332417162e-01,1.130226724682881212e-03,3.390680174048643636e-03,-5.251827360996941252e-04,2.865497437948949511e-03
5.199107225674229893e-01,5.210389121332417162e-01,1.128189565818726869e-03,3.384568697456180608e-03,-6.111476592463027657e-04,2.773421038209877842e-03
5.199130370683909819e-01,5.210389121332417162e-01,1.125875064850734297e-03,3.377625194552202892e-03,-6.943502903977716301e-04,2.683274904154431262e-03
5.199156198968494236e-01,5.210389121332417162e-01,1.123292236392292587e-03,3.369876709176877760e-03,-7.748485375325131486e-04,2.595028171644364612e-03
5.199184622281249890e-01,5.210389121332417162e-01,1.120449905116727152e-03,3.361349715350181455e-03,-8.526993826696305234e-04,2.508650332680550932e-03
5.199215554244338566e-01,5.210389121332417162e-01,1.117356708807859533e-03,3.352070126423578600e-03,-9.279588926602855281e-04,2.424111233763293072e-03
5.199248910318661210e-01,5.210389121332417162e-01,1.114021101375595180e-03,3.342063304126785539e-03,-1.000682229679306090e-03,2.341381074447479449e-03
5.199284607774057321e-01,5.210389121332417162e-01,1.110451355835984089e-03,3.331354067507952266e-03,-1.070923661883327327e-03,2.260430405624624939e-03
5.199322565659859618e-01,5.210389121332417162e-01,1.106655567255754313e-03,3.319966701767262940e-03,-1.138736574068932583e-03,2.181230127698330357e-03
5.199362704775789545e-01,5.210389121332417162e-01,1.102641655662761622e-03,3.307924966988284865e-03,-1.204173477897807487e-03,2.103751489090477378e-03
5.199404947643208041e-01,5.210389121332417162e-01,1.098417368920912018e-03,3.295252106762736055e-03,-1.267286022554880986e-03,2.027966084207855069e-03
5.199449218476711598e-01,5.210389121332417162e-01,1.093990285570556331e-03,3.281970856711668993e-03,-1.328125005106706169e-03,1.953845851604962824e-03
5.199495443156066932e-01,5.210389121332417162e-01,1.089367817635022995e-03,3.268103452905068984e-03,-1.386740380660000937e-03,1.881363072245068047e-03
5.199543549198494263e-01,5.210389121332417162e-01,1.084557213392289832e-03,3.253671640176869495e-03,-1.443181272819948902e-03,1.810490367356920594e-03
5.199593465731289221e-01,5.210389121332417162e-01,1.079565560112794032e-03,3.238696680338382095e-03,-1.497495983848740053e-03,1.741200696489642041e-03
5.199645123464780028e-01,5.210389121332417162e-01,1.074399786763713394e-03,3.223199360291140181e-03,-1.549732004724191370e-03,1.673467355566948811e-03
5.199698454665626635e-01,5.210389121332417162e-01,1.069066666679052702e-03,3.207200000037158105e-03,-1.599936025398207562e-03,1.607263974638950543e-03
5.199753393130447376e-01,5.210389121332417162e-01,1.063572820196978519e-03,3.190718460590935557e-03,-1.648153944622254841e-03,1.542564515968680716e-03
5.199809874159784240e-01,5.210389121332417162e-01,1.057924717263292180e-03,3.173774151789876541e-03,-1.694430880105901593e-03,1.479343271683974947e-03
5.199867834532393429e-01,5.210389121332417162e-01,1.052128680002373251e-03,3.156386040007119753e-03,-1.738811178275678770e-03,1.417574861731440983e-03
5.199927212479863448e-01,5.210389121332417162e-01,1.046190885255371406e-03,3.138572655766114217e-03,-1.781338424100553652e-03,1.357234231665560564e-03
5.199987947661565135e-01,5.210389121332417162e-01,1.040117367085202638e-03,3.120352101255607913e-03,-1.822055451050630381e-03,1.298296650204977531e-03
5.200049981139917010e-01,5.210389121332417162e-01,1.033914019250015137e-03,3.101742057750045412e-03,-1.861004350556250131e-03,1.240737707193795281e-03
5.200113255355977016e-01,5.210389121332417162e-01,1.027586597644014610e-03,3.082759792932043830e-03,-1.898226481800158183e-03,1.184533311131885647e-03
5.200177714105347349e-01,5.210389121332417162e-01,1.021140722706981308e-03,3.063422168120943923e-03,-1.933762481109990716e-03,1.129659687010953206e-03
5.200243302514404586e-01,5.210389121332417162e-01,1.014581881801257524e-03,3.043745645403772571e-03,-1.967652271717135193e-03,1.076093373686637378e-03
5.200309967016836232e-01,5.210389121332417162e-01,1.007915431558092934e-03,3.023746294674278801e-03,-1.999935072949377002e-03,1.023811221724901799e-03
5.200377655330489235e-01,5.210389121332417162e-01,1.001146600192792668e-03,3.003439800578378005e-03,-2.030649409590079557e-03,9.727903909882984479e-04
5.200446316434533811e-01,5.210389121332417162e-01,9.942804897883350534e-04,2.982841469365005160e-03,-2.059833121337284467e-03,9.230083480277206931e-04
5.200515900546925918e-01,5.210389121332417162e-01,9.873220785491243490e-04,2.961966235647373047e-03,-2.087523371763211344e-03,8.744428638841617030e-04
5.200586359102181699e-01,5.210389121332417162e-01,9.802762230235462226e-04,2.940828669070638668e-03,-2.113756657673437900e-03,8.270720113972007681e-04
5.200657644729449469e-01,5.210389121332417162e-01,9.731476602967692457e-04,2.919442980890307737e-03,-2.138568818033093066e-03,7.808741628572146709e-04
5.200729711230879238e-01,5.210389121332417162e-01,9.659410101537924120e-04,2.897823030461377236e-03,-2.161995042893050112e-03,7.358279875683271243e-04
5.200802513560297546e-01,5.210389121332417162e-01,9.586607772119615234e-04,2.875982331635884570e-03,-2.184069882549266595e-03,6.919124490866179755e-04
5.200876007802164303e-01,5.210389121332417162e-01,9.513113530252859107e-04,2.853934059075857732e-03,-2.204827256002683811e-03,6.491068030731739213e-04
5.200950151150833811e-01,5.210389121332417162e-01,9.438970181583350438e-04,2.831691054475005132e-03,-2.224300460085260056e-03,6.073905943897450754e-04
5.201024901890097807e-01,5.210389121332417162e-01,9.364219442319354769e-04,2.809265832695806431e-03,-2.242522177919870074e-03,5.667436547759363563e-04
5.201100219373017142e-01,5.210389121332417162e-01,9.288901959400019948e-04,2.786670587820005984e-03,-2.259524487580044649e-03,5.271461002399613349e-04
5.201176064002036581e-01,5.210389121332417162e-01,9.213057330380580723e-04,2.763917199114174217e-03,-2.275338870583176742e-03,4.885783285309974744e-04
5.201252397209384926e-01,5.210389121332417162e-01,9.136724123032236022e-04,2.741017236909670807e-03,-2.289996220450341013e-03,4.510210164593297932e-04
5.201329181437749360e-01,5.210389121332417162e-01,9.059939894667801141e-04,2.717981968400340342e-03,-2.303526850933046433e-03,4.144551174672939098e-04
5.201406380121231798e-01,5.210389121332417162e-01,8.982741211185363284e-04,2.694822363355608985e-03,-2.315960504473135728e-03,3.788618588824732569e-04
5.201483957666572788e-01,5.210389121332417162e-01,8.905163665844373355e-04,2.671549099753312007e-03,-2.327326360229697855e-03,3.442227395236141518e-04
5.201561879434652980e-01,5.210389121332417162e-01,8.827241897764181999e-04,2.648172569329254600e-03,-2.337653042405740678e-03,3.105195269235139222e-04
5.201640111722259929e-01,5.210389121332417162e-01,8.749009610157232331e-04,2.624702883047169699e-03,-2.346968628208490060e-03,2.777342548386796395e-04
5.201718621744122473e-01,5.210389121332417162e-01,8.670499588294688920e-04,2.601149876488406676e-03,-2.355300655876302329e-03,2.458492206121043466e-04
5.201797377615204887e-01,5.210389121332417162e-01,8.591743717212274589e-04,2.577523115163682377e-03,-2.362676132472429913e-03,2.148469826912524638e-04
5.201876348333269728e-01,5.210389121332417162e-01,8.512772999147433239e-04,2.553831899744229972e-03,-2.369121541945240494e-03,1.847103577989894774e-04
5.201955503761692690e-01,5.210389121332417162e-01,8.433617570724472046e-04,2.530085271217341614e-03,-2.374662852688835812e-03,1.554224185285058013e-04
5.202034814612533919e-01,5.210389121332417162e-01,8.354306719883242138e-04,2.506292015964972641e-03,-2.379325525236897221e-03,1.269664907280754207e-04
5.202114252429865804e-01,5.210389121332417162e-01,8.274868902551357763e-04,2.482460670765407329e-03,-2.383134519956531250e-03,9.932615080887607917e-05
5.202193789573349436e-01,5.210389121332417162e-01,8.195331759067725486e-04,2.458599527720317646e-03,-2.386114304508968331e-03,7.248522321134931445e-05
5.202273399202055337e-01,5.210389121332417162e-01,8.115722130361824327e-04,2.434716639108547298e-03,-2.388288861177034761e-03,4.642777793151253718e-05
5.202353055258539527e-01,5.210389121332417162e-01,8.036066073877634608e-04,2.410819822163290382e-03,-2.389681694525691569e-03,2.113812763759881364e-05
5.202432732453151631e-01,5.210389121332417162e-01,7.956388879265530178e-04,2.386916663779659054e-03,-2.390315838363132883e-03,-3.399174583473829614e-06
5.202512406248589460e-01,5.210389121332417162e-01,7.876715083827701136e-04,2.363014525148310341e-03,-2.390213863134871275e-03,-2.719933798656093416e-05
5.202592052844688952e-01,5.210389121332417162e-01,7.797068487728209263e-04,2.339120546318462779e-03,-2.389397882984756194e-03,-5.027733666629341513e-05
5.202671649163451706e-01,5.210389121332417162e-01,7.717472168965455737e-04,2.315241650689636721e-03,-2.387889562882605787e-03,-7.264791219296906633e-05
5.202751172834302329e-01,5.210389121332417162e-01,7.637948498114832674e-04,2.291384549434449802e-03,-2.385710125518691882e-03,-9.432557608424207984e-05
5.202830602179576713e-01,5.210389121332417162e-01,7.558519152840448285e-04,2.267555745852134486e-03,-2.382880358231531659e-03,-1.153246123793971734e-04
5.202909916200239016e-01,5.210389121332417162e-01,7.479205132178146087e-04,2.243761539653443826e-03,-2.379420619869065945e-03,-1.356590802156221187e-04
5.202989094561820682e-01,5.210389121332417162e-01,7.400026770596479508e-04,2.220008031178943853e-03,-2.375350847449997360e-03,-1.553428162710535076e-04
5.203068117580585961e-01,5.210389121332417162e-01,7.321003751831201001e-04,2.196301125549360300e-03,-2.370690562958355230e-03,-1.743894374089949295e-04
5.203146966209913904e-01,5.210389121332417162e-01,7.242155122503257658e-04,2.172646536750977297e-03,-2.365458879838300277e-03,-1.928123430873229793e-04
5.203225622026899089e-01,5.210389121332417162e-01,7.163499305518072902e-04,2.149049791655421870e-03,-2.359674509555542699e-03,-2.106247179001208281e-04
5.203304067219166607e-01,5.210389121332417162e-01,7.085054113250555119e-04,2.125516233975166536e-03,-2.353355768025533479e-03,-2.278395340503669431e-04
5.203382284571900218e-01,5.210389121332417162e-01,7.006836760516943485e-04,2.102051028155083046e-03,-2.346520582008349010e-03,-2.444695538532659640e-04
5.203460257455079230e-01,5.210389121332417162e-01,6.928863877337931854e-04,2.078659163201379556e-03,-2.339186495370348950e-03,-2.605273321689693944e-04
5.203537969810926311e-01,5.210389121332417162e-01,6.851151521490850271e-04,2.055345456447255081e-03,-2.331370675412447468e-03,-2.760252189651923871e-04
5.203615406141554045e-01,5.210389121332417162e-01,6.773715190863116575e-04,2.032114557258934973e-03,-2.323089918832010881e-03,-2.909753615730759080e-04
5.203692551496820196e-01,5.210389121332417162e-01,6.696569835596966058e-04,2.008970950679089817e-03,-2.314360657984515512e-03,-3.053897073054256950e-04
5.203769391462379490e-01,5.210389121332417162e-01,6.619729870037671660e-04,1.985918961011301498e-03,-2.305198966778831959e-03,-3.192800057675304615e-04
5.203845912147933017e-01,5.210389121332417162e-01,6.543209184484144458e-04,1.962962755345243338e-03,-2.295620566605816038e-03,-3.326578112605727000e-04
5.203922100175675247e-01,5.210389121332417162e-01,6.467021156741914467e-04,1.940106347022574340e-03,-2.285640832266899736e-03,-3.455344852443253956e-04
5.203997942668932009e-01,5.210389121332417162e-01,6.391178663485153066e-04,1.917353599045545920e-03,-2.275274797702842022e-03,-3.579211986572961024e-04
5.204073427240990535e-01,5.210389121332417162e-01,6.315694091426626855e-04,1.894708227427988056e-03,-2.264537161755786343e-03,-3.698289343277982866e-04
5.204148541984114917e-01,5.210389121332417162e-01,6.240579348302244256e-04,1.872173804490673277e-03,-2.253442293731477974e-03,-3.812684892408046977e-04
5.204223275458750297e-01,5.210389121332417162e-01,6.165845873666864208e-04,1.849753762100059262e-03,-2.242004239061401449e-03,-3.922504769613421871e-04
5.204297616682908023e-01,5.210389121332417162e-01,6.091504649509138503e-04,1.827451394852741551e-03,-2.230236724731771147e-03,-4.027853298790295966e-04
5.204371555121736215e-01,5.210389121332417162e-01,6.017566210680946881e-04,1.805269863204284064e-03,-2.218153164845748648e-03,-4.128833016414645840e-04
5.204445080677262414e-01,5.210389121332417162e-01,5.944040655154747554e-04,1.783212196546424266e-03,-2.205766665785979797e-03,-4.225544692395555302e-04
5.204518183678319421e-01,5.210389121332417162e-01,5.870937654097740932e-04,1.761281296229322280e-03,-2.193090031710198673e-03,-4.318087354808763934e-04
5.204590854870640992e-01,5.210389121332417162e-01,5.798266461776169223e-04,1.739479938532850767e-03,-2.180135769647151278e-03,-4.406558311143005113e-04
5.204663085407131851e-01,5.210389121332417162e-01,5.726035925285311023e-04,1.717810777585593307e-03,-2.166916094725745978e-03,-4.491053171401526711e-04
5.204734866838305329e-01,5.210389121332417162e-01,5.654254494111832230e-04,1.696276348233549669e-03,-2.153442935204363806e-03,-4.571665869708141372e-04
5.204806191102891999e-01,5.210389121332417162e-01,5.582930229525162602e-04,1.674879068857548781e-03,-2.139727937600088836e-03,-4.648488687425400556e-04
5.204877050518609272e-01,5.210389121332417162e-01,5.512070813807889991e-04,1.653621244142366997e-03,-2.125782471518178340e-03,-4.721612273758113432e-04
5.204947437773099761e-01,5.210389121332417162e-01,5.441683559317400665e-04,1.632505067795220199e-03,-2.111617634714679781e-03,-4.791125669194595815e-04
5.205017345915022853e-01,5.210389121332417162e-01,5.371775417394308860e-04,1.611532625218292658e-03,-2.097244257692754132e-03,-4.857116324744614744e-04
5.205086768345313919e-01,5.210389121332417162e-01,5.302352987103242654e-04,1.590705896130972796e-03,-2.082672908731986183e-03,-4.919670126010133870e-04
5.205155698808592302e-01,5.210389121332417162e-01,5.233422523824859951e-04,1.570026757147457985e-03,-2.067913898351481095e-03,-4.978871412040231093e-04
5.205224131384729169e-01,5.210389121332417162e-01,5.164989947687992355e-04,1.549496984306397707e-03,-2.052977284106027867e-03,-5.034802997996301599e-04
5.205292060480566363e-01,5.210389121332417162e-01,5.097060851850798713e-04,1.529118255555239614e-03,-2.037872875115809279e-03,-5.087546195605696653e-04
5.205359480821784013e-01,5.210389121332417162e-01,5.029640510633148764e-04,1.508892153189944629e-03,-2.022610236529498451e-03,-5.137180833395538215e-04
5.205426387444918035e-01,5.210389121332417162e-01,4.962733887499126695e-04,1.488820166249738008e-03,-2.007198694020662089e-03,-5.183785277709240802e-04
5.205492775689524176e-01,5.210389121332417162e-01,4.896345642892985239e-04,1.468903692867895572e-03,-1.991647338184243665e-03,-5.227436453163480934e-04
5.205558641190485281e-01,5.210389121332417162e-01,4.830480141931881022e-04,1.449144042579564307e-03,-1.975965028833126524e-03,-5.268209862535622179e-04
5.205623979870460660e-01,5.210389121332417162e-01,4.765141461956501345e-04,1.429542438586950404e-03,-1.960160399261390296e-03,-5.306179606744398924e-04
5.205688787932475359e-01,5.210389121332417162e-01,4.700333399941802881e-04,1.410100019982540864e-03,-1.944241860440953928e-03,-5.341418404584130641e-04
5.205753061852649299e-01,5.210389121332417162e-01,4.636059479767862257e-04,1.390817843930358677e-03,-1.928217605218218722e-03,-5.373997612878600449e-04
5.205816798373061882e-01,5.210389121332417162e-01,4.572322959355279437e-04,1.371696887806583831e-03,-1.912095612377484599e-03,-5.403987245709007681e-04
5.205879994494749807e-01,5.210389121332417162e-01,4.509126837667354337e-04,1.352738051300206301e-03,-1.895883650637752993e-03,-5.431455993375466917e-04
5.205942647470838125e-01,5.210389121332417162e-01,4.446473861579036679e-04,1.333942158473711004e-03,-1.879589282649529736e-03,-5.456471241758187318e-04
5.206004754799802292e-01,5.210389121332417162e-01,4.384366532614869527e-04,1.315309959784460858e-03,-1.863219868925014566e-03,-5.479099091405537081e-04
5.206066314218857904e-01,5.210389121332417162e-01,4.322807113559257175e-04,1.296842134067777152e-03,-1.846782571668370565e-03,-5.499404376005934125e-04
5.206127323697475884e-01,5.210389121332417162e-01,4.261797634941277835e-04,1.278539290482383350e-03,-1.830284358539380207e-03,-5.517450680569968569e-04
5.206187781431025341e-01,5.210389121332417162e-01,4.201339901391820675e-04,1.260401970417546202e-03,-1.813732006483714798e-03,-5.533300360661685957e-04
5.206247685834538563e-01,5.210389121332417162e-01,4.141435497878598326e-04,1.242430649363579498e-03,-1.797132105396670454e-03,-5.547014560330909561e-04
5.206307035536595906e-01,5.210389121332417162e-01,4.082085795821255303e-04,1.224625738746376591e-03,-1.780491061720290702e-03,-5.558653229739141111e-04
5.206365829373330589e-01,5.210389121332417162e-01,4.023291959086572334e-04,1.206987587725971700e-03,-1.763815102040489080e-03,-5.568275143145173800e-04
5.206424066382551175e-01,5.210389121332417162e-01,3.965054949865987055e-04,1.189516484959796117e-03,-1.747110276617558355e-03,-5.575937916577622389e-04
5.206481745797979510e-01,5.210389121332417162e-01,3.907375534437651510e-04,1.172212660331295453e-03,-1.730382462850066361e-03,-5.581698025187709078e-04
5.206538867043605245e-01,5.210389121332417162e-01,3.850254288811916226e-04,1.155076286643574868e-03,-1.713637368772058522e-03,-5.585610821284836547e-04
5.206595429728149149e-01,5.210389121332417162e-01,3.793691604268012441e-04,1.138107481280403732e-03,-1.696880536317113553e-03,-5.587730550367098203e-04
5.206651433639638560e-01,5.210389121332417162e-01,3.737687692778601800e-04,1.121306307833580540e-03,-1.680117344682319214e-03,-5.588110368487386737e-04
5.206706878740090527e-01,5.210389121332417162e-01,3.682242592326634423e-04,1.104672777697990327e-03,-1.663353013559021321e-03,-5.586802358610309938e-04
5.206761765160307087e-01,5.210389121332417162e-01,3.627356172110074439e-04,1.088206851633022332e-03,-1.646592606496799505e-03,-5.583857548637771728e-04
5.206816093194768236e-01,5.210389121332417162e-01,3.573028137648925906e-04,1.071908441294677772e-03,-1.629841033834455999e-03,-5.579325925397782271e-04
5.206869863296637035e-01,5.210389121332417162e-01,3.519258035780126193e-04,1.055777410734037858e-03,-1.613103056063991403e-03,-5.573256453299535451e-04
5.206923076072860201e-01,5.210389121332417162e-01,3.466045259556960190e-04,1.039813577867088057e-03,-1.596383286694980086e-03,-5.565697088278920290e-04
5.206975732279375269e-01,5.210389121332417162e-01,3.413389053041893106e-04,1.024016715912567932e-03,-1.579686195452012498e-03,-5.556694795394445663e-04
5.207027832816411017e-01,5.210389121332417162e-01,3.361288516006144533e-04,1.008386554801843360e-03,-1.563016111072457193e-03,-5.546295562706138327e-04
5.207079378723890040e-01,5.210389121332417162e-01,3.309742608527121988e-04,9.929227825581365963e-04,-1.546377224370676373e-03,-5.534544418125397769e-04
5.207130371176926786e-01,5.210389121332417162e-01,3.258750155490375278e-04,9.776250466471125833e-04,-1.529773591102401298e-03,-5.521485444552887145e-04
5.207180811481419980e-01,5.210389121332417162e-01,3.208309850997181911e-04,9.624929552991545734e-04,-1.513209134795800992e-03,-5.507161794966464186e-04
5.207230701069732737e-01,5.210389121332417162e-01,3.158420262684424884e-04,9.475260788053274652e-04,-1.496687649382710816e-03,-5.491615705773833511e-04
5.207280041496474832e-01,3.415018114098644642e-02,-4.865778230086610368e-01,-1.459733469025983110e+00,0.000000000000000000e+00,-1.459733469025983110e+00
5.205869648454191090e-01,3.415018114098644642e-02,-4.864367837044326626e-01,-1.459310351113297877e+00,4.231179126851225547e-02,-1.416998559844785621e+00
5.203042256852062897e-01,3.415018114098644642e-02,-4.861540445442198433e-01,-1.458462133632659530e+00,8.482174806384579213e-02,-1.373640385568813738e+00
5.198841224864365618e-01,3.415018114098644642e-02,-4.857339413454501154e-01,-1.457201824036350235e+00,1.260309596309183711e-01,-1.331170864405431864e+00
5.193309022012263521e-01,3.415018114098644642e-02,-4.851807210602399056e-01,-1.455542163180719717e+00,1.659660855630629150e-01,-1.289576077617656802e+00
5.186487243082543719e-01,3.415018114098644642e-02,-4.844985431672679255e-01,-1.453495629501803776e+00,2.046533678915940513e-01,-1.248842261610209725e+00
5.178416621891213101e-01,3.415018114098644642e-02,-4.836914810481348637e-01,-1.451074443144404480e+00,2.421186357399185418e-01,-1.208955807404485938e+00
5.169137044892477828e-01,3.415018114098644642e-02,-4.827635233482613364e-01,-1.448290570044783898e+00,2.783873099620581826e-01,-1.169903260082725716e+00
5.158687564633660516e-01,3.415018114098644642e-02,-4.817185753223796052e-01,-1.445155725967138816e+00,3.134844077645193572e-01,-1.131671318202619458e+00
5.147106413056640184e-01,3.415018114098644642e-02,-4.805604601646775720e-01,-1.441681380494032716e+00,3.474345473106099647e-01,-1.094246833183422751e+00
5.134431014646436697e-01,3.415018114098644642e-02,-4.792929203236572233e-01,-1.437878760970971559e+00,3.802619523061046003e-01,-1.057616808664866959e+00
5.120697999427568092e-01,3.415018114098644642e-02,-4.779196188017703628e-01,-1.433758856405311199e+00,4.119904565660581497e-01,-1.021768399839253050e+00
5.105943215808860236e-01,3.415018114098644642e-02,-4.764441404398995772e-01,-1.429332421319698732e+00,4.426435085612356879e-01,-9.866889127584630437e-01
5.090201743277393831e-01,3.415018114098644642e-02,-4.748699931867529367e-01,-1.424609979560258921e+00,4.722441759439921505e-01,-9.523658036162667706e-01
5.073507904942311519e-01,3.415018114098644642e-02,-4.732006093532447055e-01,-1.419601828059734228e+00,5.008151500524693489e-01,-9.187866780072648787e-01
5.055895279929222275e-01,3.415018114098644642e-02,-4.714393468519357810e-01,-1.414318040555807343e+00,5.283787503926773432e-01,-8.859392901631299999e-01
5.037396715625969135e-01,3.415018114098644642e-02,-4.695894904216104671e-01,-1.408768471264831401e+00,5.549569290975941982e-01,-8.538115421672372030e-01
5.018044339780549645e-01,3.415018114098644642e-02,-4.676542528370685181e-01,-1.402962758511205443e+00,5.805712753625846823e-01,-8.223914831486207611e-01
4.997869572451981157e-01,3.415018114098644642e-02,-4.656367761042116693e-01,-1.396910328312634952e+00,6.052430198570546427e-01,-7.916673084555803097e-01
4.976903137814956968e-01,3.415018114098644642e-02,-4.635401326405092504e-01,-1.390620397921527696e+00,6.289930391107256824e-01,-7.616273588108020132e-01
4.955175075819122088e-01,3.415018114098644642e-02,-4.613673264409257624e-01,-1.384101979322777343e+00,6.518418598750463921e-01,-7.322601194477309505e-01
4.932714753703839050e-01,3.415018114098644642e-02,-4.591212942293974586e-01,-1.377363882688192431e+00,6.738096634584911371e-01,-7.035542192297012942e-01
4.909550877369326383e-01,3.415018114098644642e-02,-4.568049065959461918e-01,-1.370414719787838465e+00,6.949162900353800243e-01,-6.754984297524584402e-01
4.885711502605061263e-01,3.415018114098644642e-02,-4.544209691195196799e-01,-1.363262907358559151e+00,7.151812429279535976e-01,-6.480816644306055530e-01
4.861224046176365610e-01,3.415018114098644642e-02,-4.519722234766501145e-01,-1.355916670429950344e+00,7.346236928608695926e-01,-6.212929775690807510e-01
4.836115296770100991e-01,3.415018114098644642e-02,-4.494613485360236527e-01,-1.348384045608070902e+00,7.532624821879385646e-01,-5.951215634201323379e-01
4.810411425800416030e-01,3.415018114098644642e-02,-4.468909614390551566e-01,-1.340672884317165359e+00,7.711161290905488297e-01,-5.695567552266165290e-01
4.784137998075504439e-01,3.415018114098644642e-02,-4.442636186665639975e-01,-1.332790855999691937e+00,7.882028317473477319e-01,-5.445880242523442050e-01
4.757319982326340679e-01,3.415018114098644642e-02,-4.415818170916476215e-01,-1.324745451274942809e+00,8.045404724749127823e-01,-5.202049788000300268e-01
4.729981761598376910e-01,3.415018114098644642e-02,-4.388479950188512446e-01,-1.316543985056553678e+00,8.201466218389130702e-01,-4.963973632176406081e-01
4.702147143507195426e-01,3.415018114098644642e-02,-4.360645332097330962e-01,-1.308193599629199344e+00,8.350385427354445333e-01,-4.731550568937548107e-01
4.673839370359120227e-01,3.415018114098644642e-02,-4.332337558949255762e-01,-1.299701267684776784e+00,8.492331944422559786e-01,-4.504680732425208056e-01
4.645081129137802467e-01,3.415018114098644642e-02,-4.303579317727938003e-01,-1.291073795318381290e+00,8.627472366395327885e-01,-4.283265586788485013e-01
4.615894561357806181e-01,3.415018114098644642e-02,-4.274392749947941716e-01,-1.282317824984382515e+00,8.755970333998885913e-01,-4.067207915844939237e-01
4.586301272786225125e-01,3.415018114098644642e-02,-4.244799461376360661e-01,-1.273439838412908198e+00,8.877986571474316690e-01,-3.856411812654765292e-01
4.556322343033378797e-01,3.415018114098644642e-02,-4.214820531623514333e-01,-1.264446159487054189e+00,8.993678925853898498e-01,-3.650782669016643389e-01
4.525978335013630671e-01,3.415018114098644642e-02,-4.184476523603766207e-01,-1.255342957081129862e+00,9.103202405924437635e-01,-3.450227164886860987e-01
4.495289304277393927e-01,3.415018114098644642e-02,-4.153787492867529463e-01,-1.246136247860258894e+00,9.206709220871023280e-01,-3.254653257731565663e-01
4.464274808215383805e-01,3.415018114098644642e-02,-4.122772996805519341e-01,-1.236831899041655802e+00,9.304348818603036531e-01,-3.063970171813521493e-01
4.432953915136192413e-01,3.415018114098644642e-02,-4.091452103726327949e-01,-1.227435631117898440e+00,9.396267923757417595e-01,-2.878088387421566807e-01
4.401345213218259000e-01,3.415018114098644642e-02,-4.059843401808394536e-01,-1.217953020542518416e+00,9.482610575380023832e-01,-2.696919630045160332e-01
4.369466819337320951e-01,3.415018114098644642e-02,-4.027965007927456487e-01,-1.208389502378236946e+00,9.563518164281414879e-01,-2.520376859500954581e-01
4.337336387770432955e-01,3.415018114098644642e-02,-3.995834576360568491e-01,-1.198750372908170547e+00,9.639129470066398753e-01,-2.348374259015306720e-01
4.304971118777643491e-01,3.415018114098644642e-02,-3.963469307367779026e-01,-1.189040792210333652e+00,9.709580697836839303e-01,-2.180827224266497222e-01
4.272387767062427177e-01,3.415018114098644642e-02,-3.930885955652562713e-01,-1.179265786695768758e+00,9.775005514564893971e-01,-2.017652352392793613e-01
4.239602650111971571e-01,3.415018114098644642e-02,-3.898100838702107107e-01,-1.169430251610632077e+00,9.835535085136681843e-01,-1.858767430969638923e-01
4.206631656418419185e-01,3.415018114098644642e-02,-3.865129845008554721e-01,-1.159538953502566416e+00,9.891298108065715855e-01,-1.704091426959948308e-01
4.173490253582170517e-01,3.415018114098644642e-02,-3.831988442172306053e-01,-1.149596532651691927e+00,9.942420850874600369e-01,-1.553544475642318901e-01
4.140193496298357756e-01,3.415018114098644642e-02,-3.798691684888493292e-01,-1.139607505466547988e+00,9.989027185143828369e-01,-1.407047869521651506e-01
4.106756034227592722e-01,3.415018114098644642e-02,-3.765254222817728258e-01,-1.129576266845318422e+00,1.003123862122951016e+00,-1.264524047223674064e-01
4.073192119752105378e-01,3.415018114098644642e-02,-3.731690308342240914e-01,-1.119507092502672219e+00,1.006917434264620326e+00,-1.125896582380518929e-01
4.039515615618379796e-01,3.415018114098644642e-02,-3.698013804208515332e-01,-1.109404141262554599e+00,1.010295124011767465e+00,-9.910901725078713476e-02
4.005740002467403915e-01,3.415018114098644642e-02,-3.664238191057539451e-01,-1.099271457317261724e+00,1.013268394529276417e+00,-8.600306278798530712e-02
3.971878386253639981e-01,3.415018114098644642e-02,-3.630376574843775517e-01,-1.089112972453132766e+00,1.015848486412918028e+00,-7.326448604021473798e-02
3.937943505553835877e-01,3.415018114098644642e-02,-3.596441694143971413e-01,-1.078932508243191535e+00,1.018046420994123125e+00,-6.088608724906841019e-02
3.903947738766782583e-01,3.415018114098644642e-02,-3.562445927356918118e-01,-1.068733778207075380e+00,1.019873003611598827e+00,-4.886077459547655266e-02
3.869903111205133528e-01,3.415018114098644642e-02,-3.528401299795269064e-01,-1.058520389938580664e+00,1.021338826849471637e+00,-3.718156308910902652e-02
3.835821302080395512e-01,3.415018114098644642e-02,-3.494319490670531048e-01,-1.048295847201159425e+00,1.022454273742140485e+00,-2.584157345901894054e-02
3.801713651382198633e-01,3.415018114098644642e-02,-3.460211839972334169e-01,-1.038063551991700306e+00,1.023229520945906357e+00,-1.483403104579394949e-02
3.767591166652956014e-01,3.415018114098644642e-02,-3.426089355243091550e-01,-1.027826806572927465e+00,1.023674541877278577e+00,-4.152264695648888448e-03
3.733464529659017428e-01,3.415018114098644642e-02,-3.391962718249152964e-01,-1.017588815474745889e+00,1.023799109818157582e+00,6.210294343411693063e-03
3.699344102959422620e-01,3.415018114098644642e-02,-3.357842291549558156e-01,-1.007352687464867502e+00,1.023612800987844240e+00,1.626011352297673795e-02
3.665239936373350660e-01,3.415018114098644642e-02,-3.323738124963486196e-01,-9.971214374890458032e-01,1.023124997582158802e+00,2.600356009311299843e-02
3.631161773347371668e-01,3.415018114098644642e-02,-3.289659961937507204e-01,-9.868979885812521058e-01,1.022344890779369742e+00,3.544690219811763576e-02
3.597119057223590599e-01,3.415018114098644642e-02,-3.255617245813726135e-01,-9.766851737441177850e-01,1.021281483713432081e+00,4.459630996931429614e-02
3.563120937409778866e-01,3.415018114098644642e-02,-3.221619125999914401e-01,-9.664857377999742649e-01,1.019943594414352006e+00,5.345785661437774117e-02
3.529176275452581835e-01,3.415018114098644642e-02,-3.187674464042717370e-01,-9.563023392128151556e-01,1.018339858715910928e+00,6.203751950309577268e-02
3.495293651014887981e-01,3.415018114098644642e-02,-3.153791839605023517e-01,-9.461375518815070551e-01,1.016478733130815604e+00,7.034118124930854865e-02
3.461481367758443284e-01,3.415018114098644642e-02,-3.119979556348578820e-01,-9.359938669045736459e-01,1.014368497693340920e+00,7.837463078876727440e-02
3.427747459132787222e-01,3.415018114098644642e-02,-3.086245647722922758e-01,-9.258736943168768274e-01,1.012017258769681849e+00,8.614356445280502150e-02
3.394099694071583961e-01,3.415018114098644642e-02,-3.052597882661719497e-01,-9.157793647985158492e-01,1.009432951836097825e+00,9.365358703758197567e-02
3.360545582597418424e-01,3.415018114098644642e-02,-3.019043771187553959e-01,-9.057131313562661878e-01,1.006623344224966132e+00,1.009102128686999444e-01
3.327092381336121396e-01,3.415018114098644642e-02,-2.985590569926256932e-01,-8.956771709778770241e-01,1.003596037838910826e+00,1.079188668610338020e-01
3.293747098941685603e-01,3.415018114098644642e-02,-2.952245287531821138e-01,-8.856735862595463971e-01,1.000358471833073803e+00,1.146848855735274064e-01
3.260516501432823011e-01,3.415018114098644642e-02,-2.919014690022958547e-01,-8.757044070068875641e-01,9.969179252658777468e-01,1.212135182589901827e-01
3.227407117442219753e-01,3.415018114098644642e-02,-2.885905306032355289e-01,-8.657715918097066421e-01,9.932815197180977496e-01,1.275099279083911075e-01
3.194425243379525048e-01,3.415018114098644642e-02,-2.852923431969660584e-01,-8.558770295908981751e-01,9.894562218808411469e-01,1.335791922899429718e-01
3.161576948509119966e-01,3.415018114098644642e-02,-2.820075137099255502e-01,-8.460225411297765952e-01,9.854488461121524434e-01,1.394263049823758482e-01
3.128868079943697422e-01,3.415018114098644642e-02,-2.787366268533832958e-01,-8.362098805601498874e-01,9.812660569626763252e-01,1.450561764025264377e-01
3.096304267554677581e-01,3.415018114098644642e-02,-2.754802456144813116e-01,-8.264407368434438794e-01,9.769143716705952496e-01,1.504736348271513702e-01
3.063890928800484525e-01,3.415018114098644642e-02,-2.722389117390620061e-01,-8.167167352171860184e-01,9.724001626257916531e-01,1.556834274086056347e-01
3.031633273473700041e-01,3.415018114098644642e-02,-2.690131462063835577e-01,-8.070394386191506175e-01,9.677296598035345365e-01,1.606902211843839190e-01
2.999536308368100368e-01,3.415018114098644642e-02,-2.658034496958235904e-01,-7.974103490874707711e-01,9.629089531679901892e-01,1.654986040805194181e-01
2.967604841866580689e-01,3.415018114098644642e-02,-2.626103030456716225e-01,-7.878309091370148121e-01,9.579439950455903574e-01,1.701130859085755453e-01
2.935843488450969874e-01,3.415018114098644642e-02,-2.594341677041105410e-01,-7.783025031123316229e-01,9.528406024683244713e-01,1.745380993559928484e-01
2.904256673134715250e-01,3.415018114098644642e-02,-2.562754861724850786e-01,-7.688264585174552357e-01,9.476044594876387173e-01,1.787780009701834816e-01
2.872848635819430507e-01,3.415018114098644642e-02,-2.531346824409566043e-01,-7.594040473228698129e-01,9.422411194585422756e-01,1.828370721356724626e-01
2.841623435576281498e-01,3.415018114098644642e-02,-2.500121624166417034e-01,-7.500364872499251101e-01,9.367560072944702831e-01,1.867195200445451730e-01
2.810584954853176942e-01,3.415018114098644642e-02,-2.469083143443312478e-01,-7.407249430329937434e-01,9.311544216931366691e-01,1.904294786601429257e-01
2.779736903608732712e-01,3.415018114098644642e-02,-2.438235092198868248e-01,-7.314705276596604744e-01,9.254415373333269024e-01,1.939710096736664280e-01
2.749082823373962259e-01,3.415018114098644642e-02,-2.407581011964097795e-01,-7.222743035892293939e-01,9.196224070431135988e-01,1.973481034538842049e-01
2.718626091242645759e-01,3.415018114098644642e-02,-2.377124279832781295e-01,-7.131372839498344440e-01,9.137019639394949877e-01,2.005646799896605437e-01
2.688369923791318894e-01,3.415018114098644642e-02,-2.346868112381454430e-01,-7.040604337144362734e-01,9.076850235398059574e-01,2.036245898253696840e-01
2.658317380929817175e-01,3.415018114098644642e-02,-2.316815569519952711e-01,-6.950446708559858688e-01,9.015762858450515616e-01,2.065316149890656927e-01
2.628471369683304526e-01,3.415018114098644642e-02,-2.286969558273440062e-01,-6.860908674820320741e-01,8.953803373953794775e-01,2.092894699133474035e-01
2.598834647906705375e-01,3.415018114098644642e-02,-2.257332836496840911e-01,-6.771998509490522178e-01,8.891016532979745257e-01,2.119018023489223079e-01
2.569409827932455093e-01,3.415018114098644642e-02,-2.227908016522590628e-01,-6.683724049567771885e-01,8.827445992275084752e-01,2.143721942707312866e-01
2.540199380152475261e-01,3.415018114098644642e-02,-2.198697568742610797e-01,-6.596092706227831837e-01,8.763134333993949365e-01,2.167041627766117529e-01
2.511205636535271957e-01,3.415018114098644642e-02,-2.169703825125407493e-01,-6.509111475376222478e-01,8.698123085160991419e-01,2.189011609784768941e-01
2.482430794079047431e-01,3.415018114098644642e-02,-2.140928982669182967e-01,-6.422786948007548347e-01,8.632452736867357590e-01,2.209665788859809243e-01
2.453876918201708945e-01,3.415018114098644642e-02,-2.112375106791844481e-01,-6.337125320375533999e-01,8.566162763201545793e-01,2.229037442826011794e-01
2.425545946068652925e-01,3.415018114098644642e-02,-2.084044134658788461e-01,-6.252132403976364827e-01,8.499291639916806140e-01,2.247159235940441313e-01
2.397439689859190981e-01,3.415018114098644642e-02,-2.055937878449326517e-01,-6.167813635347979551e-01,8.431876862838583175e-01,2.264063227490603625e-01
2.369559839972478210e-01,3.415018114098644642e-02,-2.028058028562613746e-01,-6.084174085687841238e-01,8.363954966013831260e-01,2.279780880325990022e-01
2.341907968173797816e-01,3.415018114098644642e-02,-2.000406156763933352e-01,-6.001218470291800333e-01,8.295561539604118240e-01,2.294343069312317906e-01
2.314485530682048875e-01,3.415018114098644642e-02,-1.972983719272184411e-01,-5.918951157816553232e-01,8.226731247524682322e-01,2.307780089708129090e-01
2.287293871199270745e-01,3.415018114098644642e-02,-1.945792059789406281e-01,-5.837376179368218843e-01,8.157497844833438982e-01,2.320121665465220140e-01
2.260334223883039007e-01,3.415018114098644642e-02,-1.918832412473174542e-01,-5.756497237419523350e-01,8.087894194869521547e-01,2.331396957449998197e-01
2.233607716262552279e-01,3.415018114098644642e-02,-1.892105904852687814e-01,-5.676317714558063443e-01,8.017952286146018404e-01,2.341634571587954960e-01
2.207115372099224260e-01,3.415018114098644642e-02,-1.865613560689359796e-01,-5.596840682068079387e-01,7.947703248998405634e-01,2.350862566930326247e-01
2.180858114192589237e-01,3.415018114098644642e-02,-1.839356302782724772e-01,-5.518068908348174872e-01,7.877177371990506938e-01,2.359108463642332065e-01
2.154836767132318476e-01,3.415018114098644642e-02,-1.813334955722454012e-01,-5.440004867167361757e-01,7.806404118081228249e-01,2.366399250913866492e-01
2.129052059997139090e-01,3.415018114098644642e-02,-1.787550248587274626e-01,-5.362650745761823323e-01,7.735412140553815652e-01,2.372761394791992329e-01
2.103504629001438919e-01,3.415018114098644642e-02,-1.762002817591574455e-01,-5.286008452774723088e-01,7.664229298710051319e-01,2.378220845935328231e-01
2.078195020090332357e-01,3.415018114098644642e-02,-1.736693208680467893e-01,-5.210079626041403955e-01,7.592882673331968757e-01,2.382803047290564802e-01
2.053123691483954849e-01,3.415018114098644642e-02,-1.711621880074090385e-01,-5.134865640222271432e-01,7.521398581913252279e-01,2.386532941690980847e-01
2.028291016171746564e-01,3.415018114098644642e-02,-1.686789204761882099e-01,-5.060367614285645743e-01,7.449802593662485650e-01,2.389434979376839907e-01
2.003697284357475739e-01,3.415018114098644642e-02,-1.662195472947611274e-01,-4.986586418842833823e-01,7.378119544281247499e-01,2.391533125438413676e-01
1.979342705855748896e-01,3.415018114098644642e-02,-1.637840894445884432e-01,-4.913522683337653296e-01,7.306373550518052706e-01,2.392850867180399410e-01
1.955227412440740109e-01,3.415018114098644642e-02,-1.613725601030875645e-01,-4.841176803092627212e-01,7.234588024502636161e-01,2.393411221410008949e-01
1.931351460147872345e-01,3.415018114098644642e-02,-1.589849648738007881e-01,-4.769548946214023921e-01,7.162785687860329098e-01,2.393236741646305177e-01
1.907714831529169208e-01,3.415018114098644642e-02,-1.566213020119304744e-01,-4.698639060357914232e-01,7.090988585610941142e-01,2.392349525253026910e-01
1.884317437862991218e-01,3.415018114098644642e-02,-1.542815626453126754e-01,-4.628446879359380262e-01,7.019218099853397064e-01,2.390771220494016802e-01
1.861159121318862741e-01,3.415018114098644642e-02,-1.519657309908998277e-01,-4.558971929726994832e-01,6.947494963238542987e-01,2.388523033511548155e-01
1.838239657078085398e-01,3.415018114098644642e-02,-1.496737845668220934e-01,-4.490213537004662525e-01,6.875839272233202903e-01,2.385625735228540378e-01
1.815558755410831004e-01,3.415018114098644642e-02,-1.474056944000966540e-01,-4.422170832002899621e-01,6.804270500176318182e-01,2.382099668173418561e-01
1.793116063710393782e-01,3.415018114098644642e-02,-1.451614252300529317e-01,-4.354842756901587952e-01,6.732807510131166850e-01,2.377964753229578898e-01
1.770911168485279630e-01,3.415018114098644642e-02,-1.429409357075415166e-01,-4.288228071226245497e-01,6.661468567534245544e-01,2.373240496308000047e-01
1.748943597309796094e-01,3.415018114098644642e-02,-1.407441785899931630e-01,-4.222325357699794890e-01,6.590271352645060698e-01,2.367945994945265809e-01
1.727212820733807219e-01,3.415018114098644642e-02,-1.385711009323942755e-01,-4.157133027971828265e-01,6.519232972796662473e-01,2.362099944824834208e-01
1.705718254152300828e-01,3.415018114098644642e-02,-1.364216442742436364e-01,-4.092649328227309091e-01,6.448369974451917397e-01,2.355720646224608306e-01
1.684459259635416872e-01,3.415018114098644642e-02,-1.342957448225552408e-01,-4.028872344676657224e-01,6.377698355065186675e-01,2.348826010388529451e-01
1.663435147719571905e-01,3.415018114098644642e-02,-1.321933336309707441e-01,-3.965800008929122322e-01,6.307233574753490224e-01,2.341433565824367902e-01
1.642645179160309166e-01,3.415018114098644642e-02,-1.301143367750444702e-01,-3.903430103251334105e-01,6.236990567778821770e-01,2.333560464527487666e-01
1.622088566647499341e-01,3.415018114098644642e-02,-1.280586755237634877e-01,-3.841760265712904632e-01,6.166983753842947280e-01,2.325223488130042648e-01
1.601764476483502342e-01,3.415018114098644642e-02,-1.260262665073637878e-01,-3.780787995220913356e-01,6.097227049199099858e-01,2.316439053978186502e-01
1.581672030224903214e-01,3.415018114098644642e-02,-1.240170218815038750e-01,-3.720510656445116249e-01,6.027733877579738442e-01,2.307223221134622193e-01
1.561810306288417549e-01,3.415018114098644642e-02,-1.220308494878553085e-01,-3.660925484635659255e-01,5.958517180945699376e-01,2.297591696310040121e-01
1.542178341521562857e-01,3.415018114098644642e-02,-1.200676530111698392e-01,-3.602029590335095177e-01,5.889589430056407782e-01,2.287559839721312605e-01
1.522775132738680426e-01,3.415018114098644642e-02,-1.181273321328815962e-01,-3.543819963986447608e-01,5.820962634864729202e-01,2.277142670878281594e-01
1.503599638222885837e-01,3.415018114098644642e-02,-1.162097826813021373e-01,-3.486293480439064396e-01,5.752648354738376657e-01,2.266354874299312261e-01
1.484650779194521264e-01,3.415018114098644642e-02,-1.143148967784656800e-01,-3.429446903353970399e-01,5.684657708509371909e-01,2.255210805155401510e-01
1.465927441246672180e-01,3.415018114098644642e-02,-1.124425629836807716e-01,-3.373276889510423149e-01,5.617001384354725069e-01,2.243724494844301920e-01
1.447428475748307464e-01,3.415018114098644642e-02,-1.105926664338443000e-01,-3.317779993015328999e-01,5.549689649509415013e-01,2.231909656494086014e-01
1.429152701215592181e-01,3.415018114098644642e-02,-1.087650889805727716e-01,-3.262952669417182872e-01,5.482732359814584955e-01,2.219779690397402083e-01
1.411098904651916508e-01,3.415018114098644642e-02,-1.069597093242052044e-01,-3.208791279726156409e-01,5.416138969102701761e-01,2.207347689376545352e-01
1.393265842857178693e-01,3.415018114098644642e-02,-1.051764031447314229e-01,-3.155292094341942688e-01,5.349918538421344349e-01,2.194626444079401661e-01
1.375652243706848576e-01,3.415018114098644642e-02,-1.034150432296984112e-01,-3.102451296890952337e-01,5.284079745099035108e-01,2.181628448208082771e-01
1.358256807401339306e-01,3.415018114098644642e-02,-1.016754995991474841e-01,-3.050264987974424802e-01,5.218630891652781267e-01,2.168365903678356466e-01
1.341078207686197954e-01,3.415018114098644642e-02,-9.995763962763334898e-02,-2.998729188829000192e-01,5.153579914542405493e-01,2.154850725713405302e-01
1.324115093043627955e-01,3.415018114098644642e-02,-9.826132816337634912e-02,-2.947839844901290474e-01,5.088934392770999571e-01,2.141094547869709097e-01
1.307366087855844905e-01,3.415018114098644642e-02,-9.658642764459804408e-02,-2.897592829337941600e-01,5.024701556334915109e-01,2.127108726996973509e-01
1.290829793540761439e-01,3.415018114098644642e-02,-9.493279821308969746e-02,-2.847983946392690924e-01,4.960888294525039877e-01,2.112904348132348953e-01
1.274504789660491355e-01,3.415018114098644642e-02,-9.330029782506268909e-02,-2.799008934751880950e-01,4.897501164081025093e-01,2.098492229329144143e-01
1.258389635003154261e-01,3.415018114098644642e-02,-9.168878235932897969e-02,-2.750663470779869391e-01,4.834546397201128221e-01,2.083882926421258830e-01
1.242482868638459248e-01,3.415018114098644642e-02,-9.009810572285947838e-02,-2.702943171685784352e-01,4.772029909408503912e-01,2.069086737722719560e-01
1.226783010947536390e-01,3.415018114098644642e-02,-8.852811995376719256e-02,-2.655843598613015777e-01,4.709957307276857463e-01,2.054113708663841686e-01
1.211288564627479997e-01,3.415018114098644642e-02,-8.697867532176155325e-02,-2.609360259652846459e-01,4.648333896016917932e-01,2.038973636364071473e-01
1.195998015671060066e-01,3.415018114098644642e-02,-8.544962042611956021e-02,-2.563488612783586529e-01,4.587164686925979118e-01,2.023676074142392589e-01
1.180909834322054347e-01,3.415018114098644642e-02,-8.394080229121898828e-02,-2.518224068736569787e-01,4.526454404701715784e-01,2.008230335965145996e-01
1.166022476006645103e-01,3.415018114098644642e-02,-8.245206645967806391e-02,-2.473561993790341917e-01,4.466207494622773111e-01,1.992645500832431193e-01
1.151334382241319121e-01,3.415018114098644642e-02,-8.098325708314546567e-02,-2.429497712494363970e-01,4.406428129597794729e-01,1.976930417103430759e-01
1.136843981517703522e-01,3.415018114098644642e-02,-7.953421701078390582e-02,-2.386026510323517313e-01,4.347120217084679550e-01,1.961093706761162236e-01
1.122549690164763997e-01,3.415018114098644642e-02,-7.810478787548995327e-02,-2.343143636264698459e-01,4.288287405881857639e-01,1.945143769617159180e-01
1.108449913188786218e-01,3.415018114098644642e-02,-7.669481017789217536e-02,-2.300844305336765261e-01,4.229933092793333738e-01,1.929088787456568477e-01
1.094543045091554007e-01,3.415018114098644642e-02,-7.530412336816895424e-02,-2.259123701045068766e-01,4.172060429169663354e-01,1.912936728124594588e-01
1.080827470667134332e-01,3.415018114098644642e-02,-7.393256592572698682e-02,-2.217976977771809466e-01,4.114672327325902268e-01,1.896695349554092802e-01
1.067301565777670075e-01,3.415018114098644642e-02,-7.257997543678056107e-02,-2.177399263103416693e-01,4.057771466839277252e-01,1.880372203735860559e-01
1.053963698108579400e-01,3.415018114098644642e-02,-7.124618866987149357e-02,-2.137385660096144946e-01,4.001360300727202501e-01,1.863974640631057555e-01
1.040812227903551851e-01,3.415018114098644642e-02,-6.993104164936873868e-02,-2.097931249481062022e-01,3.945441061508264680e-01,1.847509812027202658e-01
1.027845508679726960e-01,3.415018114098644642e-02,-6.863436972698624960e-02,-2.059031091809587488e-01,3.890015767147467218e-01,1.830984675337879730e-01
1.015061887923435907e-01,3.415018114098644642e-02,-6.735600765135714429e-02,-2.020680229540714468e-01,3.835086226887315930e-01,1.814405997346601462e-01
1.002459707766879399e-01,3.415018114098644642e-02,-6.609578963570149346e-02,-1.982873689071044665e-01,3.780654046966952508e-01,1.797780357895907843e-01
9.900373056461125865e-02,3.415018114098644642e-02,-6.485354942362481223e-02,-1.945606482708744367e-01,3.726720636230043682e-01,1.781114153521299315e-01
9.777930149406978411e-02,3.415018114098644642e-02,-6.362912035308333769e-02,-1.908873610592500270e-01,3.673287211624423620e-01,1.764413601031923351e-01
9.657251655953863478e-02,3.415018114098644642e-02,-6.242233541855218837e-02,-1.872670062556565651e-01,3.620354803593447968e-01,1.747684741036882317e-01
9.538320847241785194e-02,3.415018114098644642e-02,-6.123302733143140553e-02,-1.836990819942942166e-01,3.567924261362348526e-01,1.730933441419406360e-01
9.421120971971126690e-02,3.415018114098644642e-02,-6.006102857872482048e-02,-1.801830857361744753e-01,3.515996258119755136e-01,1.714165400758010382e-01
9.305635262101225047e-02,3.415018114098644642e-02,-5.890617148002580405e-02,-1.767185144400774122e-01,3.464571296097049280e-01,1.697386151696275158e-01
9.191846938383020638e-02,3.415018114098644642e-02,-5.776828824284375996e-02,-1.733048647285312938e-01,3.413649711546132282e-01,1.680601064260819344e-01
9.079739215729076829e-02,3.415018114098644642e-02,-5.664721101630432187e-02,-1.699416330489129656e-01,3.363231679618314263e-01,1.663815349129184606e-01
8.969295308424261870e-02,3.415018114098644642e-02,-5.554277194325617228e-02,-1.666283158297685030e-01,3.313317219144448766e-01,1.647034060846763737e-01
8.860498435180294563e-02,3.415018114098644642e-02,-5.445480321081649921e-02,-1.633644096324494976e-01,3.263906197319019209e-01,1.630262100994524233e-01
8.753331824037320630e-02,3.415018114098644642e-02,-5.338313709938675988e-02,-1.601494112981602935e-01,3.214998334289217996e-01,1.613504221307615061e-01
8.647778717115654767e-02,3.415018114098644642e-02,-5.232760603017010126e-02,-1.569828180905102899e-01,3.166593207649975872e-01,1.596765026744872973e-01
8.543822375220733178e-02,3.415018114098644642e-02,-5.128804261122088537e-02,-1.538641278336626561e-01,3.118690256847647668e-01,1.580048978511021107e-01
8.441446082304322751e-02,3.415018114098644642e-02,-5.026427968205678110e-02,-1.507928390461703572e-01,3.071288787492312822e-01,1.563360397030609250e-01
8.340633149784942857e-02,3.415018114098644642e-02,-4.925615035686298215e-02,-1.477684510705889465e-01,3.024387975581396826e-01,1.546703464875507361e-01
8.241366920730439083e-02,3.415018114098644642e-02,-4.826348806631794441e-02,-1.447904641989538332e-01,2.977986871635113220e-01,1.530082229645574887e-01
8.143630773905580211e-02,3.415018114098644642e-02,-4.728612659806935570e-02,-1.418583797942080671e-01,2.932084404745766149e-01,1.513500606803685478e-01
8.047408127687526169e-02,3.415018114098644642e-02,-4.632390013588881528e-02,-1.389717004076664320e-01,2.886679386541621262e-01,1.496962382464956942e-01
7.952682443851936955e-02,3.415018114098644642e-02,-4.537664329753292314e-02,-1.361299298925987555e-01,2.841770515067676417e-01,1.480471216141688862e-01
7.859437231232488386e-02,3.415018114098644642e-02,-4.444419117133843744e-02,-1.333325735140153123e-01,2.797356378583457093e-01,1.464030643443303970e-01
7.767656049256484174e-02,3.415018114098644642e-02,-4.352637935157839533e-02,-1.305791380547351999e-01,2.753435459280126341e-01,1.447644078732774342e-01
7.677322511359212232e-02,3.415018114098644642e-02,-4.262304397260567590e-02,-1.278691319178170138e-01,2.710006136918158282e-01,1.431314817739988143e-01
7.588420288279680570e-02,3.415018114098644642e-02,-4.173402174181035929e-02,-1.252020652254310917e-01,2.667066692385949844e-01,1.415046040131638927e-01
7.500933111240280782e-02,3.415018114098644642e-02,-4.085914997141636140e-02,-1.225774499142490842e-01,2.624615311181993649e-01,1.398840812039502945e-01
7.414844775012920108e-02,3.415018114098644642e-02,-3.999826660914275467e-02,-1.199947998274282640e-01,2.582650086820820201e-01,1.382702088546537422e-01
7.330139140874106229e-02,3.415018114098644642e-02,-3.915121026775461588e-02,-1.174536308032638476e-01,2.541169024164416368e-01,1.366632716131777892e-01
7.246800139451424483e-02,3.415018114098644642e-02,-3.831782025352779841e-02,-1.149534607605833952e-01,2.500170042680452398e-01,1.350635435074618584e-01
7.164811773463816702e-02,3.415018114098644642e-02,-3.749793659365172060e-02,-1.124938097809551618e-01,2.459650979628233425e-01,1.334712881818681807e-01
7.084158120358027833e-02,3.415018114098644642e-02,-3.669140006259383191e-02,-1.100742001877814957e-01,2.419609593173666084e-01,1.318867591295851127e-01
7.004823334843535143e-02,3.415018114098644642e-02,-3.589805220744890502e-02,-1.076941566223467150e-01,2.380043565434780684e-01,1.303101999211313533e-01
6.926791651328252641e-02,3.415018114098644642e-02,-3.511773537229608000e-02,-1.053532061168882400e-01,2.340950505458475051e-01,1.287418444289592512e-01
6.850047386257260285e-02,3.415018114098644642e-02,-3.435029272158615643e-02,-1.030508781647584693e-01,2.302327952129770705e-01,1.271819170482186012e-01
6.774574940356750674e-02,3.415018114098644642e-02,-3.359556826258106033e-02,-1.007867047877431810e-01,2.264173377015288313e-01,1.256306329137856503e-01
6.700358800785378988e-02,3.415018114098644642e-02,-3.285340686686734346e-02,-9.856022060060203038e-02,2.226484187141150595e-01,1.240881981135130291e-01
6.627383543195142224e-02,3.415018114098644642e-02,-3.212365429096497582e-02,-9.637096287289492746e-02,2.189257727707102918e-01,1.225548098978153644e-01
6.555633833703883306e-02,3.415018114098644642e-02,-3.140615719605238665e-02,-9.421847158815715995e-02,2.152491284737767518e-01,1.210306568856195919e-01
6.485094430781480901e-02,3.415018114098644642e-02,-3.070076316682836259e-02,-9.210228950048508778e-02,2.116182087672072165e-01,1.195159192667221287e-01
6.415750187051745546e-02,3.415018114098644642e-02,-3.000732072953100904e-02,-9.002196218859302712e-02,2.080327311892060660e-01,1.180107690006130389e-01
6.347586051012016339e-02,3.415018114098644642e-02,-2.932567936913371698e-02,-8.797703810740115093e-02,2.044924081191876186e-01,1.165153700117864677e-01
6.280587068672405238e-02,3.415018114098644642e-02,-2.865568954573760596e-02,-8.596706863721281788e-02,2.009969470188333052e-01,1.150298783816204873e-01
6.214738385116609642e-02,3.415018114098644642e-02,-2.799720271017965001e-02,-8.399160813053895003e-02,1.975460506673867855e-01,1.135544425368478355e-01
6.150025245986182748e-02,3.415018114098644642e-02,-2.735007131887538107e-02,-8.205021395662615014e-02,1.941394173912806831e-01,1.120892034346545330e-01
6.086432998890102530e-02,3.415018114098644642e-02,-2.671414884791457889e-02,-8.014244654374373666e-02,1.907767412882406532e-01,1.106342947444969166e-01
6.023947094741467084e-02,3.415018114098644642e-02,-2.608928980642822443e-02,-7.826786941928468022e-02,1.874577124459063382e-01,1.091898430266216580e-01
5.962553089023097525e-02,3.415018114098644642e-02,-2.547534974924452883e-02,-7.642604924773357955e-02,1.841820171551086793e-01,1.077559679073750998e-01
5.902236642983801906e-02,3.415018114098644642e-02,-2.487218528885157265e-02,-7.461655586655471795e-02,1.809493381178868543e-01,1.063327822513321363e-01
5.842983524767019626e-02,3.415018114098644642e-02,-2.427965410668374985e-02,-7.283896232005124260e-02,1.777593546503468402e-01,1.049203923302955976e-01
5.784779610473540779e-02,3.415018114098644642e-02,-2.369761496374896137e-02,-7.109284489124688411e-02,1.746117428804365435e-01,1.035188979891896593e-01
5.727610885159953313e-02,3.415018114098644642e-02,-2.312592771061308672e-02,-6.937778313183926016e-02,1.715061759407623954e-01,1.021283928089231352e-01
5.671463443774455576e-02,3.415018114098644642e-02,-2.256445329675810935e-02,-6.769335989027433498e-02,1.684423241564932117e-01,1.007489642662188767e-01
5.616323492031619763e-02,3.415018114098644642e-02,-2.201305377932975121e-02,-6.603916133798926058e-02,1.654198552285074397e-01,9.938069389051817915e-02
5.562177347227689056e-02,3.415018114098644642e-02,-2.147159233129044414e-02,-6.441477699387132549e-02,1.624384344117921208e-01,9.802365741792079534e-02
5.509011438997937771e-02,3.415018114098644642e-02,-2.093993324899293129e-02,-6.281979974697879388e-02,1.594977246892538558e-01,9.667792494227506195e-02
5.456812310017609274e-02,3.415018114098644642e-02,-2.041794195918964633e-02,-6.125382587756893898e-02,1.565973869409854891e-01,9.534356106341654313e-02
5.405566616647914518e-02,3.415018114098644642e-02,-1.990548502549269877e-02,-5.971645507647809631e-02,1.537370801090842676e-01,9.402062503260616433e-02
5.355261129528546271e-02,3.415018114098644642e-02,-1.940243015429901630e-02,-5.820729046289704889e-02,1.509164613581047421e-01,9.270917089520769316e-02
5.305882734118130134e-02,3.415018114098644642e-02,-1.890864620019485492e-02,-5.672593860058456477e-02,1.481351862312484113e-01,9.140924763066385350e-02
5.257418431184020247e-02,3.415018114098644642e-02,-1.842400317085375605e-02,-5.527200951256126815e-02,1.453929088023296623e-01,9.012089928976839415e-02
5.209855337242808027e-02,3.415018114098644642e-02,-1.794837223144163385e-02,-5.384511669432490155e-02,1.426892818236366600e-01,8.884416512931175847e-02
5.163180684952888705e-02,3.415018114098644642e-02,-1.748162570854244063e-02,-5.244487712562732190e-02,1.400239568697579651e-01,8.757907974413065011e-02
5.117381823460410983e-02,3.415018114098644642e-02,-1.702363709361766342e-02,-5.107091128085299025e-02,1.373965844774331646e-01,8.632567319658017435e-02
5.072446218699899062e-02,3.415018114098644642e-02,-1.657428104601254421e-02,-4.972284313803763262e-02,1.348068142815357640e-01,8.508397114349813828e-02
5.028361453650822405e-02,3.415018114098644642e-02,-1.613343339552177763e-02,-4.840030018656533289e-02,1.322542951472299722e-01,8.385399496066464620e-02
4.985115228551351835e-02,3.415018114098644642e-02,-1.570097114452707193e-02,-4.710291343358121580e-02,1.297386752984117098e-01,8.263576186483048702e-02
4.942695361070530147e-02,3.415018114098644642e-02,-1.527677246971885505e-02,-4.583031740915656516e-02,1.272596024424650640e-01,8.142928503330849888e-02
4.901089786440041007e-02,3.415018114098644642e-02,-1.486071672341396366e-02,-4.458215017024189097e-02,1.248167238914674182e-01,8.023457372122552722e-02
4.860286557546764086e-02,3.415018114098644642e-02,-1.445268443448119444e-02,-4.335805330344358333e-02,1.224096866798307648e-01,7.905163337638718146e-02
4.820273844987251616e-02,3.415018114098644642e-02,-1.405255730888606974e-02,-4.215767192665820923e-02,1.200381376785374099e-01,7.788046575187920761e-02
4.781039937085257430e-02,3.415018114098644642e-02,-1.366021822986612788e-02,-4.098065468959838364e-02,1.177017237059825583e-01,7.672106901638417464e-02
4.742573239873427299e-02,3.415018114098644642e-02,-1.327555125774782657e-02,-3.982665377324347972e-02,1.154000916354903927e-01,7.557343786224690607e-02
4.704862277040219865e-02,3.415018114098644642e-02,-1.289844162941575223e-02,-3.869532488824725669e-02,1.131328884996223028e-01,7.443756361137504607e-02
4.667895689843126056e-02,3.415018114098644642e-02,-1.252877575744481414e-02,-3.758632727233444243e-02,1.108997615912814261e-01,7.331343431894699059e-02
4.631662236989221582e-02,3.415018114098644642e-02,-1.216644122890576940e-02,-3.649932368671730820e-02,1.087003585617134227e-01,7.220103487499611450e-02
4.596150794484066965e-02,3.415018114098644642e-02,-1.181132680385422323e-02,-3.543398041156266970e-02,1.065343275154638503e-01,7.110034710390117363e-02
4.561350355449951544e-02,3.415018114098644642e-02,-1.146332241351306902e-02,-3.438996724053920706e-02,1.044013171023462638e-01,7.001134986180705677e-02
4.527250029914454271e-02,3.415018114098644642e-02,-1.112231915815809630e-02,-3.336695747447428889e-02,1.023009766064918169e-01,6.893401913201752107e-02
4.493839044570276803e-02,3.415018114098644642e-02,-1.078820930471632161e-02,-3.236462791414896484e-02,1.002329560325324054e-01,6.786832811838344748e-02
4.461106742507283535e-02,3.415018114098644642e-02,-1.046088628408638893e-02,-3.138265885225916679e-02,9.819690618897980450e-02,6.681424733672064464e-02
4.429042582917657594e-02,3.415018114098644642e-02,-1.014024468819012953e-02,-3.042073406457038859e-02,9.619247876887782045e-02,6.577174470430743880e-02
4.397636140775074837e-02,3.415018114098644642e-02,-9.826180266764301952e-03,-2.947854080029290585e-02,9.421932642774827338e-02,6.474078562745536058e-02
4.366877106488765981e-02,3.415018114098644642e-02,-9.518589923901213390e-03,-2.855576977170364017e-02,9.227710285892656850e-02,6.372133308722292833e-02
4.336755285533329396e-02,3.415018114098644642e-02,-9.217371714346847544e-03,-2.765211514304054263e-02,9.036546286630975366e-02,6.271334772326921103e-02
4.307260598055125816e-02,3.415018114098644642e-02,-8.922424839564811749e-03,-2.676727451869443525e-02,8.848406243461073850e-02,6.171678791591630325e-02
4.278383078456081401e-02,3.415018114098644642e-02,-8.633649643574367594e-03,-2.590094893072310278e-02,8.663255879713324670e-02,6.073160986641014392e-02
4.250112874955701281e-02,3.415018114098644642e-02,-8.350947608570566394e-03,-2.505284282571169918e-02,8.481061050114035993e-02,5.975776767542866075e-02
4.222440249132074913e-02,3.415018114098644642e-02,-8.074221350334302716e-03,-2.422266405100290815e-02,8.301787747087910341e-02,5.879521341987619526e-02
4.195355575442647617e-02,3.415018114098644642e-02,-7.803374613440029750e-03,-2.341012384032008925e-02,8.125402106828188975e-02,5.784389722796180050e-02
4.168849340725500063e-02,3.415018114098644642e-02,-7.538312266268554218e-03,-2.261493679880566265e-02,7.951870415144265958e-02,5.690376735263699692e-02
4.142912143681878878e-02,3.415018114098644642e-02,-7.278940295832342366e-03,-2.183682088749702710e-02,7.781159113086355550e-02,5.597477024336652840e-02
4.117534694340690971e-02,3.415018114098644642e-02,-7.025165802420463290e-03,-2.107549740726138987e-02,7.613234802356372288e-02,5.505685061630233301e-02
4.092707813505666592e-02,3.415018114098644642e-02,-6.776896994070219504e-03,-2.033069098221065851e-02,7.448064250507313577e-02,5.414995152286247726e-02
4.068422432185870435e-02,3.415018114098644642e-02,-6.534043180872257939e-03,-1.960212954261677382e-02,7.285614395938846966e-02,5.325401441677169584e-02
4.044669591010242177e-02,3.415018114098644642e-02,-6.296514769115975352e-03,-1.888954430734792606e-02,7.125852352688477609e-02,5.236897921953685003e-02
4.021440439626808999e-02,3.415018114098644642e-02,-6.064223255281643576e-03,-1.819266976584493073e-02,6.968745415029953261e-02,5.149478438445460188e-02
3.998726236087220970e-02,3.415018114098644642e-02,-5.837081219885763284e-03,-1.751124365965728985e-02,6.814261061876408787e-02,5.063136695910679802e-02
3.976518346217223360e-02,3.415018114098644642e-02,-5.615002321185787182e-03,-1.684500696355736155e-02,6.662366960999283050e-02,4.977866264643546895e-02
3.954808242973690408e-02,3.415018114098644642e-02,-5.397901288750457660e-03,-1.619370386625137298e-02,6.513030973059885653e-02,4.893660586434748355e-02
3.933587505788800620e-02,3.415018114098644642e-02,-5.185693916901559786e-03,-1.555708175070467936e-02,6.366221155466936232e-02,4.810512980396468297e-02
3.912847819901951046e-02,3.415018114098644642e-02,-4.978297058033064049e-03,-1.493489117409919215e-02,6.221905766054872111e-02,4.728416648644952897e-02
3.892580975679965638e-02,3.415018114098644642e-02,-4.775628615813209965e-03,-1.432688584743962990e-02,6.080053266595622508e-02,4.647364681851659518e-02
3.872778867926165297e-02,3.415018114098644642e-02,-4.577607538275206556e-03,-1.373282261482561967e-02,5.940632326140102282e-02,4.567350064657540315e-02
3.853433495178831131e-02,3.415018114098644642e-02,-4.384153810801864892e-03,-1.315246143240559468e-02,5.803611824200249902e-02,4.488365680959690435e-02
3.834536958999592432e-02,3.415018114098644642e-02,-4.195188449009477905e-03,-1.258556534702843371e-02,5.668960853771609631e-02,4.410404319068766260e-02
3.816081463252261191e-02,3.415018114098644642e-02,-4.010633491536165496e-03,-1.203190047460849649e-02,5.536648724199372262e-02,4.333458676738522614e-02
3.798059313372603718e-02,3.415018114098644642e-02,-3.830411992739590765e-03,-1.149123597821877230e-02,5.406644963897241918e-02,4.257521366075364688e-02
3.780462915629553833e-02,3.415018114098644642e-02,-3.654448015309091913e-03,-1.096334404592727574e-02,5.278919322914965573e-02,4.182584918322237999e-02
3.763284776378336000e-02,3.415018114098644642e-02,-3.482666622796913580e-03,-1.044799986839074074e-02,5.153441775365349975e-02,4.108641788526275901e-02
3.746517501305970943e-02,3.415018114098644642e-02,-3.314993872073263015e-03,-9.944981616219789045e-03,5.030182521709516963e-02,4.035684360087538058e-02
3.730153794669614081e-02,3.415018114098644642e-02,-3.151356805709694398e-03,-9.454070417129083193e-03,4.909111990907058520e-02,3.963704949194150201e-02
3.714186458528177109e-02,3.415018114098644642e-02,-2.991683444295324679e-03,-8.975050332885974036e-03,4.790200842431091566e-02,3.892695809142494162e-02
3.698608391967653924e-02,3.415018114098644642e-02,-2.835902778690092829e-03,-8.507708336070278488e-03,4.673419968156955484e-02,3.822649134549927635e-02
3.683412590320585961e-02,3.415018114098644642e-02,-2.683944762219413194e-03,-8.051834286658239581e-03,4.558740494120389064e-02,3.753557065454565106e-02
3.668592144380063841e-02,3.415018114098644642e-02,-2.535740302814191993e-03,-7.607220908442575980e-03,4.446133782156636016e-02,3.685411691312378418e-02
3.654140239608672652e-02,3.415018114098644642e-02,-2.391221255100280108e-03,-7.173663765300840323e-03,4.335571431417356569e-02,3.618205054887272537e-02
3.640050155342770127e-02,3.415018114098644642e-02,-2.250320412441254858e-03,-6.750961237323764574e-03,4.227025279770757482e-02,3.551929156038381025e-02
3.626315263992471727e-02,3.415018114098644642e-02,-2.112971498938270853e-03,-6.338914496814812560e-03,4.120467405089520141e-02,3.486575955408038885e-02
3.612929030237713862e-02,3.415018114098644642e-02,-1.979109161390692206e-03,-5.937327484172076619e-03,4.015870126427359410e-02,3.422137378010151748e-02
3.599885010220756770e-02,3.415018114098644642e-02,-1.848668961221121287e-03,-5.546006883663363862e-03,3.913206005087127570e-02,3.358605316720791184e-02
3.587176850735471906e-02,3.415018114098644642e-02,-1.721587366368272642e-03,-5.164762099104817927e-03,3.812447845585459349e-02,3.295971635674977557e-02
3.574798288413754549e-02,3.415018114098644642e-02,-1.597801743151099074e-03,-4.793405229453297223e-03,3.713568696515207046e-02,3.234228173569877324e-02
3.562743148909394003e-02,3.415018114098644642e-02,-1.477250348107493616e-03,-4.431751044322480848e-03,3.616541851308163746e-02,3.173366746875915662e-02
3.551005346079721264e-02,3.415018114098644642e-02,-1.359872319810766228e-03,-4.079616959432298684e-03,3.521340848901821641e-02,3.113379152958591772e-02
3.539578881165344332e-02,3.415018114098644642e-02,-1.245607670666996902e-03,-3.736823012000990707e-03,3.427939474313079771e-02,3.054257173112980700e-02
3.528457841968278552e-02,3.415018114098644642e-02,-1.134397278696339106e-03,-3.403191836089017319e-03,3.336311759119733877e-02,2.995992575510832145e-02
3.517636402028764125e-02,3.415018114098644642e-02,-1.026182879301194839e-03,-3.078548637903584517e-03,3.246431981854328019e-02,2.938577118063969568e-02
3.507108819801055960e-02,3.415018114098644642e-02,-9.209070570241131848e-04,-2.762721171072339554e-03,3.158274668312449629e-02,2.882002551205215674e-02
3.496869437828468291e-02,3.415018114098644642e-02,-8.185132372982364957e-04,-2.455539711894709487e-03,3.071814591776300674e-02,2.826260620586829725e-02
3.486912681917939127e-02,3.415018114098644642e-02,-7.189456781929448592e-04,-2.156837034578834578e-03,2.987026773158749093e-02,2.771343069700865636e-02
3.477233060314380286e-02,3.415018114098644642e-02,-6.221494621573564476e-04,-1.866448386472069343e-03,2.903886481067652348e-02,2.717241642420445413e-02
3.467825162875063510e-02,3.415018114098644642e-02,-5.280704877641886896e-04,-1.584211463292566069e-03,2.822369231795032740e-02,2.663948085465776133e-02
3.458683660244293162e-02,3.415018114098644642e-02,-4.366554614564852055e-04,-1.309966384369455616e-03,2.742450789231104524e-02,2.611454150794158963e-02
3.449803303028602108e-02,3.415018114098644642e-02,-3.478518892995746681e-04,-1.043555667898724004e-03,2.664107164707316122e-02,2.559751597917443722e-02
3.441178920972703253e-02,3.415018114098644642e-02,-2.616080687405861194e-04,-7.848242062217583581e-04,2.587314616769656461e-02,2.508832196147480625e-02
3.432805422136418760e-02,3.415018114098644642e-02,-1.778730803777411884e-04,-5.336192411332235652e-04,2.512049650885347929e-02,2.458687726772025572e-02
3.424677792072811783e-02,3.415018114098644642e-02,-9.659677974167141246e-05,-2.897903392250142374e-04,2.438289019082093279e-02,2.409309985159591855e-02
3.416791093007720548e-02,3.415018114098644642e-02,-1.772978909075906273e-05,-5.318936727227718819e-05,2.366009719527370492e-02,2.360690782800142773e-02
3.409140463020909201e-02,3.415018114098644642e-02,5.877651077735440710e-05,1.763295323320632213e-04,2.295188996043404095e-02,2.312821949276610417e-02
3.401721115229025538e-02,3.415018114098644642e-02,1.329699886961910327e-04,3.989099660885730980e-04,2.225804337565098767e-02,2.265695334173956077e-02
3.394528336970559224e-02,3.415018114098644642e-02,2.048977712808541796e-04,6.146933138425625387e-04,2.157833477539894407e-02,2.219302808924150661e-02
3.387557488992985755e-02,3.415018114098644642e-02,2.746062510565888681e-04,8.238187531697666044e-04,2.091254393272040657e-02,2.173636268589017317e-02
3.380804004642271043e-02,3.415018114098644642e-02,3.421410945637359813e-04,1.026423283691207944e-03,2.026045305214413395e-02,2.128687633583534189e-02
3.374263389054914936e-02,3.415018114098644642e-02,4.075472504372970595e-04,1.222641751311891178e-03,1.962184676206832346e-02,2.084448851338021463e-02
3.367931218352692574e-02,3.415018114098644642e-02,4.708689574595206762e-04,1.412606872378562028e-03,1.899651210666708501e-02,2.040911897904564704e-02
3.361803138840260829e-02,3.415018114098644642e-02,5.321497525838381204e-04,1.596449257751514361e-03,1.838423853729523327e-02,1.998068779504674763e-02
3.355874866205778989e-02,3.415018114098644642e-02,5.914324789286565243e-04,1.774297436785969573e-03,1.778481790344552116e-02,1.955911534023149073e-02
3.350142184724699823e-02,3.415018114098644642e-02,6.487592937394481840e-04,1.946277881218344552e-03,1.719804444323749792e-02,1.914432232445584248e-02
3.344600946466864955e-02,3.415018114098644642e-02,7.041716763177968685e-04,2.112515028953390606e-03,1.662371477350460536e-02,1.873622980245799596e-02
3.339247070507055104e-02,3.415018114098644642e-02,7.577104359158953750e-04,2.273131307747686125e-03,1.606162787942955195e-02,1.833475918717723807e-02
3.334076542139116639e-02,3.415018114098644642e-02,8.094157195952800254e-04,2.428247158785840076e-03,1.551158510381539513e-02,1.793983226260123520e-02
3.329085412093804597e-02,3.415018114098644642e-02,8.593270200484004473e-04,2.577981060145201342e-03,1.497339013593612655e-02,1.755137119608132790e-02
3.324269795760453200e-02,3.415018114098644642e-02,9.074831833819144156e-04,2.722449550145743247e-03,1.444684900005419048e-02,1.716929855019993373e-02
3.319625872412603623e-02,3.415018114098644642e-02,9.539224168604101828e-04,2.861767250581230548e-03,1.393177004354873016e-02,1.679353729412996071e-02
3.315149884437695177e-02,3.415018114098644642e-02,9.986822966094946463e-04,2.996046889828483939e-03,1.342796392472533906e-02,1.642401081455382300e-02
3.310838136570932316e-02,3.415018114098644642e-02,1.041799775277123252e-03,3.125399325831369757e-03,1.293524360028858178e-02,1.606064292611995153e-02
3.306686995133430867e-02,3.415018114098644642e-02,1.083311189652137740e-03,3.249933568956413221e-03,1.245342431250434645e-02,1.570335788146075967e-02
3.302692887274744082e-02,3.415018114098644642e-02,1.123252268239005591e-03,3.369756804717016774e-03,1.198232357606035525e-02,1.535208038077737203e-02
3.298852300219864975e-02,3.415018114098644642e-02,1.161658138787796668e-03,3.484974416363390004e-03,1.152176116463732303e-02,1.500673558100071303e-02
3.295161780520795836e-02,3.415018114098644642e-02,1.198563335778488059e-03,3.595690007335464178e-03,1.107155909720741738e-02,1.466724910454288155e-02
3.291617933312772359e-02,3.415018114098644642e-02,1.234001807858722821e-03,3.702005423576168464e-03,1.063154162407042858e-02,1.433354704764659704e-02
3.288217421575224952e-02,3.415018114098644642e-02,1.268006925234196891e-03,3.804020775702590673e-03,1.020153521264222096e-02,1.400555598834481164e-02
3.284956965397561185e-02,3.415018114098644642e-02,1.300611487010834566e-03,3.901834461032503698e-03,9.781368532991302489e-03,1.368320299402380619e-02
3.281833341249837388e-02,3.415018114098644642e-02,1.331847728488072535e-03,3.995543185464217606e-03,9.370872443171390787e-03,1.336641562863560839e-02
3.278843381258399886e-02,3.415018114098644642e-02,1.361747328402447554e-03,4.085241985207342663e-03,8.969879974312505722e-03,1.305512195951984838e-02
3.275983972486557622e-02,3.415018114098644642e-02,1.390341416120870199e-03,4.171024248362610598e-03,8.578226315526793488e-03,1.274925056388940409e-02
3.273252056220354866e-02,3.415018114098644642e-02,1.417660578782897751e-03,4.252981736348693254e-03,8.195748798608265551e-03,1.244873053495695880e-02
3.270644627259501613e-02,3.415018114098644642e-02,1.443734868391430282e-03,4.331204605174290845e-03,7.822286882559759125e-03,1.215349148773404997e-02
3.268158733213525485e-02,3.415018114098644642e-02,1.468593808851191562e-03,4.405781426553574687e-03,7.457682137928384192e-03,1.186346356448195888e-02
3.265791473803194428e-02,3.415018114098644642e-02,1.492266402954502136e-03,4.476799208863506407e-03,7.101778230993172070e-03,1.157857743985667848e-02
3.263540000167261534e-02,3.415018114098644642e-02,1.514781139313831071e-03,4.544343417941493213e-03,6.754420907798680540e-03,1.129876432574017375e-02
3.261401514174586125e-02,3.415018114098644642e-02,1.536165999240585167e-03,4.608497997721755501e-03,6.415457978026228858e-03,1.102395597574798436e-02
3.259373267741668551e-02,3.415018114098644642e-02,1.556448463569760909e-03,4.669345390709282728e-03,6.084739298752722680e-03,1.075408468946200541e-02
3.257452562155645215e-02,3.415018114098644642e-02,1.575655519429994267e-03,4.726966558289982800e-03,5.762116758070007227e-03,1.048908331635999003e-02
3.255636747402785441e-02,3.415018114098644642e-02,1.593813666958592001e-03,4.781441000875776004e-03,5.447444258579320353e-03,1.022888525945509636e-02
3.253923221502520030e-02,3.415018114098644642e-02,1.610948925961246114e-03,4.832846777883738343e-03,5.140577700796233884e-03,9.973424478679972227e-03
3.252309429847041744e-02,3.415018114098644642e-02,1.627086842516028975e-03,4.881260527548086925e-03,4.841374966434858207e-03,9.722635493982945132e-03
3.250792864546503402e-02,3.415018114098644642e-02,1.642252495521412392e-03,4.926757486564237176e-03,4.549695901615025129e-03,9.476453388179262305e-03
3.249371063779846885e-02,3.415018114098644642e-02,1.656470503187977561e-03,4.969411509563932683e-03,4.265402299969550670e-03,9.234813809533483353e-03
3.248041611151285257e-02,3.415018114098644642e-02,1.669765029473593843e-03,5.009295088420781528e-03,3.988357885684884474e-03,8.997652974105666002e-03
3.246802135052465066e-02,3.415018114098644642e-02,1.682159790461795756e-03,5.046479371385387269e-03,3.718428296460574156e-03,8.764907667845961425e-03
3.245650308030323394e-02,3.415018114098644642e-02,1.693678060683212472e-03,5.081034182049637415e-03,3.455481066425014625e-03,8.536515248474652040e-03
3.244583846160666030e-02,3.415018114098644642e-02,1.704342679379786119e-03,5.113028038139358356e-03,3.199385608972094008e-03,8.312413647111452364e-03
3.243600508427479934e-02,3.415018114098644642e-02,1.714176056711647078e-03,5.142528170134941234e-03,2.950013199558287891e-03,8.092541369693229125e-03
3.242698096107991118e-02,3.415018114098644642e-02,1.723200179906535234e-03,5.169600539719605703e-03,2.707236958466446852e-03,7.876837498186052555e-03
3.241874452163483883e-02,3.415018114098644642e-02,1.731436619351607586e-03,5.194309858054822759e-03,2.470931833521705645e-03,7.665241691576528404e-03
3.241127460635892521e-02,3.415018114098644642e-02,1.738906534627521205e-03,5.216719603882563616e-03,2.240974582774085677e-03,7.457694186656649293e-03
3.240455046050167570e-02,3.415018114098644642e-02,1.745630680484770714e-03,5.236892041454312141e-03,2.017243757174852492e-03,7.254135798629164633e-03
3.239855172822429102e-02,3.415018114098644642e-02,1.751629412762155391e-03,5.254888238286466173e-03,1.799619683215403221e-03,7.054507921501869394e-03
3.239325844673905663e-02,3.415018114098644642e-02,1.756922694247389782e-03,5.270768082742169347e-03,1.587984445570317371e-03,6.858752528312486718e-03
3.238865104050665106e-02,3.415018114098644642e-02,1.761530100479795358e-03,5.284590301439386073e-03,1.382221869721672602e-03,6.666812171161058675e-03
3.238471031549136625e-02,3.415018114098644642e-02,1.765470825495080165e-03,5.296412476485240495e-03,1.182217504585442169e-03,6.478629981070682664e-03
3.238141745347418443e-02,3.415018114098644642e-02,1.768763687512261984e-03,5.306291062536785952e-03,9.878586051545457103e-04,6.294149667691331662e-03
3.237875400642377388e-02,3.415018114098644642e-02,1.771427134562672534e-03,5.314281403688017602e-03,7.990341151231650230e-04,6.113315518811182625e-03
3.237670189092524409e-02,3.415018114098644642e-02,1.773479250061202328e-03,5.320437750183606984e-03,6.156346495589382073e-04,5.936072399742545191e-03
3.237524338266668800e-02,3.415018114098644642e-02,1.774937758319758419e-03,5.324813274959275256e-03,4.375524775668271360e-04,5.762365752526102392e-03
3.237436111098338648e-02,3.415018114098644642e-02,1.775820030003059935e-03,5.327460090009179805e-03,2.646815049904549522e-04,5.592141594999634757e-03
3.237403805345958480e-02,3.415018114098644642e-02,1.776143087526861619e-03,5.328429262580584858e-03,9.691725714050525298e-05,5.425346519721090111e-03
3.237425753058775085e-02,3.415018114098644642e-02,1.775923610398695562e-03,5.327770831196086687e-03,-6.584313844981704023e-05,5.261927692746269647e-03
3.237500320048519037e-02,3.415018114098644642e-02,1.775177940501256046e-03,5.325533821503768139e-03,-2.237009692318547849e-04,5.101832852271913354e-03
3.237625905366785933e-02,3.415018114098644642e-02,1.773922087318587082e-03,5.321766261955761246e-03,-3.767559548006893522e-04,4.945010307155071894e-03
3.237800940788124193e-02,3.415018114098644642e-02,1.772171733105204483e-03,5.316515199315613449e-03,-5.251062640147796667e-04,4.791408935300833782e-03
3.238023890298815516e-02,3.415018114098644642e-02,1.769942237998291257e-03,5.309826713994873770e-03,-6.688485320739678830e-04,4.640978181920905887e-03
3.238293249591326500e-02,3.415018114098644642e-02,1.767248645073181412e-03,5.301745935219544237e-03,-8.080778775329533481e-04,4.493668057686590889e-03
3.238607545564414075e-02,3.415018114098644642e-02,1.764105685342305663e-03,5.292317056026916988e-03,-9.428879192627248607e-04,4.349429136764192128e-03
3.238965335828869474e-02,3.415018114098644642e-02,1.760527782697751675e-03,5.281583348093255026e-03,-1.073370793366196230e-03,4.208212554727058796e-03
3.239365208218872305e-02,3.415018114098644642e-02,1.756529058797723364e-03,5.269587176393170092e-03,-1.199617170008493439e-03,4.069970006384676653e-03
3.239805780308938760e-02,3.415018114098644642e-02,1.752123337897058819e-03,5.256370013691176457e-03,-1.321716270199363441e-03,3.934653743491813016e-03
3.240285698936440362e-02,3.415018114098644642e-02,1.747324151622042798e-03,5.241972454866128395e-03,-1.439755882504806239e-03,3.802216572361322156e-03
3.240803639729665508e-02,3.415018114098644642e-02,1.742144743689791331e-03,5.226434231069373992e-03,-1.553822379675440235e-03,3.672611851393933757e-03
3.241358306641404369e-02,3.415018114098644642e-02,1.736598074572402728e-03,5.209794223717208184e-03,-1.664000735216580873e-03,3.545793488500627311e-03
3.241948431488027998e-02,3.415018114098644642e-02,1.730696826106166430e-03,5.192090478318499291e-03,-1.770374539870889219e-03,3.421715938447610073e-03
3.242572773494035998e-02,3.415018114098644642e-02,1.724453406046086434e-03,5.173360218138259303e-03,-1.873026018023998818e-03,3.300334200114260486e-03
3.243230118842045651e-02,3.415018114098644642e-02,1.717879952565989909e-03,5.153639857697969728e-03,-1.972036044028957491e-03,3.181603813669012237e-03
3.243919280228192009e-02,3.415018114098644642e-02,1.710988338704526324e-03,5.132965016113578971e-03,-2.067484158439075737e-03,3.065480857674503234e-03
3.244639096422914648e-02,3.415018114098644642e-02,1.703790176757299935e-03,5.111370530271899804e-03,-2.159448584167916740e-03,2.951921946103983063e-03
3.245388431837098464e-02,3.415018114098644642e-02,1.696296822615461775e-03,5.088890467846385324e-03,-2.248006242551447986e-03,2.840884225294937337e-03
3.246166176093535222e-02,3.415018114098644642e-02,1.688519380051094199e-03,5.065558140153282596e-03,-2.333232769310272792e-03,2.732325370843009804e-03
3.246971243603680862e-02,3.415018114098644642e-02,1.680468704949637793e-03,5.041406114848913378e-03,-2.415202530436921791e-03,2.626203584411991587e-03
3.247802573149670413e-02,3.415018114098644642e-02,1.672155409489742284e-03,5.016466228469226851e-03,-2.493988637968652666e-03,2.522477590500574185e-03
3.248659127471564823e-02,3.415018114098644642e-02,1.663589866270798190e-03,4.990769598812394570e-03,-2.569662965683228162e-03,2.421106633129166408e-03
3.249539892859790863e-02,3.415018114098644642e-02,1.654782212388537788e-03,4.964346637165613363e-03,-2.642296164678120673e-03,2.322050472487492689e-03
3.250443878752741489e-02,3.415018114098644642e-02,1.645742353459031526e-03,4.937227060377094578e-03,-2.711957678851878439e-03,2.225269381525216139e-03
3.251370117339507509e-02,3.415018114098644642e-02,1.636479967591371321e-03,4.909439902774113962e-03,-2.778715760298061666e-03,2.130724142476052296e-03
3.252317663167698242e-02,3.415018114098644642e-02,1.627004509309463998e-03,4.881013527928391993e-03,-2.842637484572196893e-03,2.038376043356195100e-03
3.253285592756322703e-02,3.415018114098644642e-02,1.617325213423219388e-03,4.851975640269658163e-03,-2.903788765873382971e-03,1.948186874396275192e-03
3.254273004213691090e-02,3.415018114098644642e-02,1.607451098849535520e-03,4.822353296548606560e-03,-2.962234372105160274e-03,1.860118924443446287e-03
3.255279016860303937e-02,3.415018114098644642e-02,1.597390972383407048e-03,4.792172917150221145e-03,-3.018037939838541517e-03,1.774134977311679628e-03
3.256302770856689399e-02,3.415018114098644642e-02,1.587153432419552423e-03,4.761460297258657270e-03,-3.071261989156387484e-03,1.690198308102269786e-03
3.257343426836156047e-02,3.415018114098644642e-02,1.576746872624885942e-03,4.730240617874657827e-03,-3.121967938399944353e-03,1.608272679474713474e-03
3.258400165542417459e-02,3.415018114098644642e-02,1.566179485562271823e-03,4.698538456686815468e-03,-3.170216118784235926e-03,1.528322337902579542e-03
3.259472187472058080e-02,3.415018114098644642e-02,1.555459266265865614e-03,4.666377798797596843e-03,-3.216065788921862456e-03,1.450312009875734387e-03
3.260558712521797325e-02,3.415018114098644642e-02,1.544594015768473161e-03,4.633782047305419483e-03,-3.259575149217736056e-03,1.374206898087683426e-03
3.261658979640517236e-02,3.415018114098644642e-02,1.533591344581274052e-03,4.600774033743822156e-03,-3.300801356159732691e-03,1.299972677584089464e-03
3.262772246486013439e-02,3.415018114098644642e-02,1.522458676126312027e-03,4.567376028378936081e-03,-3.339800536488607419e-03,1.227575491890328663e-03
3.263897789086428469e-02,3.415018114098644642e-02,1.511203250122161723e-03,4.533609750366485169e-03,-3.376627801245091209e-03,1.156981949121393960e-03
3.265034901506334852e-02,3.415018114098644642e-02,1.499832125923097892e-03,4.499496377769293676e-03,-3.411337259719149362e-03,1.088159118050144314e-03
3.266182895517421442e-02,3.415018114098644642e-02,1.488352185812231998e-03,4.465056557436695994e-03,-3.443982033259768150e-03,1.021074524176927845e-03
3.267341100273749716e-02,3.415018114098644642e-02,1.476770138248949260e-03,4.430310414746847780e-03,-3.474614268984821397e-03,9.556961457620263833e-04
3.268508861991535619e-02,3.415018114098644642e-02,1.465092521071090226e-03,4.395277563213270677e-03,-3.503285153357710291e-03,8.919924098555603864e-04
3.269685543633420177e-02,3.415018114098644642e-02,1.453325704652244643e-03,4.359977113956733930e-03,-3.530044925653674781e-03,8.299321883030591485e-04
3.270870524597187939e-02,3.415018114098644642e-02,1.441475895014567021e-03,4.324427685043701064e-03,-3.554942891303286556e-03,7.694847937404145077e-04
3.272063200408893008e-02,3.415018114098644642e-02,1.429549136897516337e-03,4.288647410692549011e-03,-3.578027435115205268e-03,7.106199755773437432e-04
3.273262982420353795e-02,3.415018114098644642e-02,1.417551316782908466e-03,4.252653950348725398e-03,-3.599346034382361337e-03,6.533079159663640612e-04
3.274469297510974181e-02,3.415018114098644642e-02,1.405488165876704609e-03,4.216464497630113828e-03,-3.618945271861156998e-03,5.975192257689568298e-04
3.275681587793852212e-02,3.415018114098644642e-02,1.393365263047924296e-03,4.180095789143772889e-03,-3.636870848634093933e-03,5.432249405096789552e-04
3.276899310326135406e-02,3.415018114098644642e-02,1.381188037725092355e-03,4.143564113175277064e-03,-3.653167596849582477e-03,4.903965163256945869e-04
3.278121936823581717e-02,3.415018114098644642e-02,1.368961772750629247e-03,4.106885318251887740e-03,-3.667879492338932401e-03,4.390058259129553386e-04
3.279348953379287307e-02,3.415018114098644642e-02,1.356691607193573346e-03,4.070074821580720037e-03,-3.681049667116770285e-03,3.890251544639497516e-04
3.280579860186537411e-02,3.415018114098644642e-02,1.344382539121072306e-03,4.033147617363216919e-03,-3.692720421750311788e-03,3.404271956129051313e-04
3.281814171265743513e-02,3.415018114098644642e-02,1.332039428329011288e-03,3.996118284987033864e-03,-3.702933237618305506e-03,2.931850473687283576e-04
3.283051414195423817e-02,3.415018114098644642e-02,1.319666999032208243e-03,3.959000997096624730e-03,-3.711728789040913412e-03,2.472722080557113178e-04
3.284291129847184687e-02,3.415018114098644642e-02,1.307269842514599545e-03,3.921809527543798635e-03,-3.719146955282609524e-03,2.026625722611891112e-04
3.285532872124667658e-02,3.415018114098644642e-02,1.294852419739769833e-03,3.884557259219309500e-03,-3.725226832448913505e-03,1.593304267703959942e-04
3.286776207706418318e-02,3.415018114098644642e-02,1.282419063922263236e-03,3.847257191766789708e-03,-3.730006745251979172e-03,1.172504465148105357e-04
3.288020715792634718e-02,3.415018114098644642e-02,1.269973983060099232e-03,3.809921949180297696e-03,-3.733524258649201233e-03,7.639769053109646268e-05
3.289265987855755774e-02,3.415018114098644642e-02,1.257521262428888675e-03,3.772563787286666026e-03,-3.735816189363166950e-03,3.674759792349907572e-05
3.290511627394856337e-02,3.415018114098644642e-02,1.245064867037883050e-03,3.735194601113649149e-03,-3.736918617301687728e-03,-1.724016188038579589e-06
3.291757249693794823e-02,3.415018114098644642e-02,1.232608644048498181e-03,3.697825932145494543e-03,-3.736866896815460581e-03,-3.904096466996603843e-05
3.293002481583087032e-02,3.415018114098644642e-02,1.220156325155576094e-03,3.660468975466728281e-03,-3.735695667876626214e-03,-7.522669240989793282e-05
3.294246961205454793e-02,3.415018114098644642e-02,1.207711528931898481e-03,3.623134586795695444e-03,-3.733438867103283654e-03,-1.103042803075882095e-04
3.295490337785019624e-02,3.415018114098644642e-02,1.195277763136250171e-03,3.585833289408750513e-03,-3.730129738694493158e-03,-1.442964492857426451e-04
3.296732271400091424e-02,3.415018114098644642e-02,1.182858426985532174e-03,3.548575280956596523e-03,-3.725800845215399004e-03,-1.772255642588024815e-04
3.297972432759520983e-02,3.415018114098644642e-02,1.170456813391236583e-03,3.511370440173709750e-03,-3.720484078288677221e-03,-2.091136381149674706e-04
3.299210502982569126e-02,3.415018114098644642e-02,1.158076111160755151e-03,3.474228333482265452e-03,-3.714210669144429877e-03,-2.399823356621644255e-04
3.300446173382260567e-02,3.415018114098644642e-02,1.145719407163840742e-03,3.437158221491522225e-03,-3.707011199074322638e-03,-2.698529775828004129e-04
3.301679145252176678e-02,3.415018114098644642e-02,1.133389688464679634e-03,3.400169065394038903e-03,-3.698915609748332223e-03,-2.987465443542933197e-04
3.302909129656649012e-02,3.415018114098644642e-02,1.121089844419956294e-03,3.363269533259868882e-03,-3.689953213417002109e-03,-3.266836801571332272e-04
3.304135847224319578e-02,3.415018114098644642e-02,1.108822668743250639e-03,3.326468006229751917e-03,-3.680152703011696502e-03,-3.536846967819445853e-04
3.305359027945022760e-02,3.415018114098644642e-02,1.096590861536218819e-03,3.289772584608656458e-03,-3.669542162109545869e-03,-3.797695775008894103e-04
3.306578410969950726e-02,3.415018114098644642e-02,1.084397031286939150e-03,3.253191093860817451e-03,-3.658149074783900723e-03,-4.049579809230832717e-04
3.307793744415069015e-02,3.415018114098644642e-02,1.072243696835756266e-03,3.216731090507268798e-03,-3.646000335354865340e-03,-4.292692448475965428e-04
3.309004785167739271e-02,3.415018114098644642e-02,1.060133289309053706e-03,3.180399867927161117e-03,-3.633122258010768046e-03,-4.527223900836069292e-04
3.310211298696508903e-02,3.415018114098644642e-02,1.048068154021357390e-03,3.144204462064072170e-03,-3.619540586308894747e-03,-4.753361242448225776e-04
3.311413058864035724e-02,3.415018114098644642e-02,1.036050552346089171e-03,3.108151657038267512e-03,-3.605280502580465729e-03,-4.971288455421982166e-04
3.312609847743107350e-02,3.415018114098644642e-02,1.024082663555372918e-03,3.072247990666118755e-03,-3.590366637214875700e-03,-5.181186465487569448e-04
3.313801455435713000e-02,3.415018114098644642e-02,1.012166586629316412e-03,3.036499759887949235e-03,-3.574823077816952077e-03,-5.383233179290028425e-04
3.314987679895139983e-02,3.415018114098644642e-02,1.000304342035046590e-03,3.000913026105139769e-03,-3.558673378280946542e-03,-5.577603521758067728e-04
3.316168326751044865e-02,3.415018114098644642e-02,9.884978734759977681e-04,2.965493620427993304e-03,-3.541940567714646493e-03,-5.764469472866531885e-04
3.317343209137477156e-02,3.415018114098644642e-02,9.767490496116748577e-04,2.930247148835024573e-03,-3.524647159296873111e-03,-5.944000104618485381e-04
3.318512147523804828e-02,3.415018114098644642e-02,9.650596657483981322e-04,2.895178997245194397e-03,-3.506815158983017655e-03,-6.116361617378232585e-04
3.319674969548514626e-02,3.415018114098644642e-02,9.534314455013001566e-04,2.860294336503900470e-03,-3.488466074129392691e-03,-6.281717376254922214e-04
3.320831509855848296e-02,3.415018114098644642e-02,9.418660424279634569e-04,2.825598127283890371e-03,-3.469620922001009911e-03,-6.440227947171195400e-04
3.321981609935235197e-02,3.415018114098644642e-02,9.303650416340944473e-04,2.791095124902283342e-03,-3.450300238160702859e-03,-6.592051132584195172e-04
3.323125117963489361e-02,3.415018114098644642e-02,9.189299613515528042e-04,2.756789884054658413e-03,-3.430524084762492931e-03,-6.737342007078345185e-04
3.324261888649736318e-02,3.415018114098644642e-02,9.075622544890832311e-04,2.722686763467249693e-03,-3.410312058740871954e-03,-6.876252952736222612e-04
3.325391783083030822e-02,3.415018114098644642e-02,8.962633101561381932e-04,2.688789930468414580e-03,-3.389683299883511358e-03,-7.008933694150967786e-04
3.326514668582630785e-02,3.415018114098644642e-02,8.850344551601385668e-04,2.655103365480415700e-03,-3.368656498799887933e-03,-7.135531333194722325e-04
3.327630418550897584e-02,3.415018114098644642e-02,8.738769554774705739e-04,2.621630866432411722e-03,-3.347249904800397857e-03,-7.256190383679861355e-04
3.328738912328781108e-02,3.415018114098644642e-02,8.627920176986353384e-04,2.588376053095906015e-03,-3.325481333650570637e-03,-7.371052805546646214e-04
3.329840035053859004e-02,3.415018114098644642e-02,8.517807904478563730e-04,2.555342371343569119e-03,-3.303368175233689641e-03,-7.480258038901205220e-04
3.330933677520897529e-02,3.415018114098644642e-02,8.408443657774711255e-04,2.522533097332413377e-03,-3.280927401115574238e-03,-7.583943037831608613e-04
3.332019736044898595e-02,3.415018114098644642e-02,8.299837805374604693e-04,2.489951341612381408e-03,-3.258175572003196852e-03,-7.682242303908154435e-04
3.333098112326595558e-02,3.415018114098644642e-02,8.192000177204908362e-04,2.457600053161472509e-03,-3.235128845090889937e-03,-7.775287919294174288e-04
3.334168713320373456e-02,3.415018114098644642e-02,8.084940077827118543e-04,2.425482023348135563e-03,-3.211802981333694573e-03,-7.863209579855590103e-04
3.335231451104571365e-02,3.415018114098644642e-02,7.978666299407327633e-04,2.393599889822198290e-03,-3.188213352593727290e-03,-7.946134627715290000e-04
3.336286242754141207e-02,3.415018114098644642e-02,7.873187134450343461e-04,2.361956140335103038e-03,-3.164374948709525182e-03,-8.024188083744221434e-04
3.337333010215627616e-02,3.415018114098644642e-02,7.768510388301702596e-04,2.330553116490510779e-03,-3.140302384459225937e-03,-8.097492679687151584e-04
3.338371680184434170e-02,3.415018114098644642e-02,7.664643391421047114e-04,2.299393017426314134e-03,-3.116009906419664466e-03,-8.166168889933503316e-04
3.339402183984351014e-02,3.415018114098644642e-02,7.561593011429362798e-04,2.268477903428808840e-03,-3.091511399750529465e-03,-8.230334963217206257e-04
3.340424457449304302e-02,3.415018114098644642e-02,7.459365664934033968e-04,2.237809699480210190e-03,-3.066820394859864907e-03,-8.290106953796547162e-04
3.341438440807303900e-02,3.415018114098644642e-02,7.357967329134074141e-04,2.207390198740222242e-03,-3.041950073998794801e-03,-8.345598752585725588e-04
3.342444078566551152e-02,3.415018114098644642e-02,7.257403553209348934e-04,2.177221065962804680e-03,-3.016913277741756216e-03,-8.396922117789515361e-04
3.343441319403680362e-02,3.415018114098644642e-02,7.157679469496427971e-04,2.147303840848928391e-03,-2.991722511387628902e-03,-8.444186705387005110e-04
3.344430116054104146e-02,3.415018114098644642e-02,7.058799804454049531e-04,2.117639941336214859e-03,-2.966389951271353187e-03,-8.487500099351383276e-04
3.345410425204428662e-02,3.415018114098644642e-02,6.960768889421597994e-04,2.088230666826479398e-03,-2.940927450973546131e-03,-8.526967841470667331e-04
3.346382207386911639e-02,3.415018114098644642e-02,6.863590671173300239e-04,2.059077201351990072e-03,-2.915346547448932624e-03,-8.562693460969425518e-04
3.347345426875934088e-02,3.415018114098644642e-02,6.767268722271055359e-04,2.030180616681316608e-03,-2.889658467067346415e-03,-8.594778503860298069e-04
3.348300051586452358e-02,3.415018114098644642e-02,6.671806251219228323e-04,2.001541875365768497e-03,-2.863874131554811076e-03,-8.623322561890425786e-04
3.349246052974409055e-02,3.415018114098644642e-02,6.577206112423558682e-04,1.973161833727067604e-03,-2.838004163870089247e-03,-8.648423301430216426e-04
3.350183405939063941e-02,3.415018114098644642e-02,6.483470815958070066e-04,1.945041244787421020e-03,-2.812058893964658468e-03,-8.670176491772374483e-04
3.351112088727227489e-02,3.415018114098644642e-02,6.390602537141715223e-04,1.917180761142514567e-03,-2.786048364490645302e-03,-8.688676033481307348e-04
3.352032082839357524e-02,3.415018114098644642e-02,6.298603125928711743e-04,1.889580937778613523e-03,-2.759982336390104374e-03,-8.704013986114908508e-04
3.352943372937500915e-02,3.415018114098644642e-02,6.207474116114372609e-04,1.862242234834311783e-03,-2.733870294430174042e-03,-8.716280595958622590e-04
3.353845946755048407e-02,3.415018114098644642e-02,6.117216734359623431e-04,1.835165020307887029e-03,-2.707721452642475324e-03,-8.725564323345882944e-04
3.354739795008272740e-02,3.415018114098644642e-02,6.027831909037190128e-04,1.808349572711157038e-03,-2.681544759672999101e-03,-8.731951869618420625e-04
3.355624911309627173e-02,3.415018114098644642e-02,5.939320278901746852e-04,1.781796083670524056e-03,-2.655348904063298265e-03,-8.735528203927742097e-04
3.356501292082778032e-02,3.415018114098644642e-02,5.851682201586660970e-04,1.755504660475998291e-03,-2.629142319452576482e-03,-8.736376589765781908e-04
3.357368936479339372e-02,3.415018114098644642e-02,5.764917761930526963e-04,1.729475328579158089e-03,-2.602933189684020210e-03,-8.734578611048621211e-04
3.358227846297289626e-02,3.415018114098644642e-02,5.679026780135501551e-04,1.703708034040650465e-03,-2.576729453850762352e-03,-8.730214198101118872e-04
3.359078025901041792e-02,3.415018114098644642e-02,5.594008819760284967e-04,1.678202645928085490e-03,-2.550538811256497507e-03,-8.723361653284120165e-04
3.359919482143140096e-02,3.415018114098644642e-02,5.509863195550454562e-04,1.652958958665136369e-03,-2.524368726294912157e-03,-8.714097676297757888e-04
3.360752224287562318e-02,3.415018114098644642e-02,5.426588981108232401e-04,1.627976694332469720e-03,-2.498226433266664825e-03,-8.702497389341951051e-04
3.361576263934595160e-02,3.415018114098644642e-02,5.344185016404948141e-04,1.603255504921484442e-03,-2.472118941098527811e-03,-8.688634361770433689e-04
3.362391614947266710e-02,3.415018114098644642e-02,5.262649915137793122e-04,1.578794974541337937e-03,-2.446053038014650571e-03,-8.672580634733126348e-04
3.363198293379303372e-02,3.415018114098644642e-02,5.181982071934126965e-04,1.554594621580238090e-03,-2.420035296109984690e-03,-8.654406745297466008e-04
3.363996317404594621e-02,3.415018114098644642e-02,5.102179669405002005e-04,1.530653900821500601e-03,-2.394072075873748817e-03,-8.634181750522482157e-04
3.364785707248135055e-02,3.415018114098644642e-02,5.023240685050958665e-04,1.506972205515287599e-03,-2.368169530621300201e-03,-8.611973251060126011e-04
3.365566485118424989e-02,3.415018114098644642e-02,4.945162898021965292e-04,1.483548869406589588e-03,-2.342333610869801186e-03,-8.587847414632115983e-04
3.366338675141299780e-02,7.787239826015274202e-01,7.450605958501144155e-01,2.235181787550343024e+00,0.000000000000000000e+00,2.235181787550343024e+00
3.389462683039678320e-02,7.787239826015274202e-01,7.448293557711306301e-01,2.234488067313392001e+00,-6.937202369513562061e-02,2.165116043618256381e+00
3.434237851374239564e-02,7.787239826015274202e-01,7.443816040877849760e-01,2.233144812263355039e+00,-1.343255050036962217e-01,2.098819307259658817e+00
3.500001212781397170e-02,7.787239826015274202e-01,7.437239704737134138e-01,2.231171911421140130e+00,-1.972900842214686534e-01,2.033881827199671477e+00
3.586103392460551764e-02,7.787239826015274202e-01,7.428629486769219303e-01,2.228588846030765680e+00,-2.583065390374450487e-01,1.970282306993320631e+00
3.691908395209639315e-02,7.787239826015274202e-01,7.418048986494309993e-01,2.225414695948292998e+00,-3.174150082472793066e-01,1.907999687701013691e+00
3.816793394835736597e-02,7.787239826015274202e-01,7.405560486531700404e-01,2.221668145959510010e+00,-3.746549988782876817e-01,1.847013147081222328e+00
3.960148525932646185e-02,7.787239826015274202e-01,7.391224973422009237e-01,2.217367492026602882e+00,-4.300653932907350097e-01,1.787302098735867872e+00
4.121376678016915041e-02,7.787239826015274202e-01,7.375102158213582282e-01,2.212530647464074463e+00,-4.836844562528086477e-01,1.728846191211265815e+00
4.299893292013295953e-02,7.787239826015274202e-01,7.357250496813945162e-01,2.207175149044183549e+00,-5.355498419891135953e-01,1.671625307055069953e+00
4.495126159080228140e-02,7.787239826015274202e-01,7.337727210107251041e-01,2.201318163032175423e+00,-5.856986012008236209e-01,1.615619561831351803e+00
4.706515221765473350e-02,7.787239826015274202e-01,7.316588303838726937e-01,2.194976491151618081e+00,-6.341671880557231411e-01,1.560809303095894940e+00
4.933512377481677480e-02,7.787239826015274202e-01,7.293888588267106732e-01,2.188166576480131909e+00,-6.809914671486061444e-01,1.507175109331525764e+00
5.175581284291196765e-02,7.787239826015274202e-01,7.269681697586154456e-01,2.180904509275846337e+00,-7.262067204285682642e-01,1.454697788847278073e+00
5.432197168989189029e-02,7.787239826015274202e-01,7.244020109116355854e-01,2.173206032734906756e+00,-7.698476540939580559e-01,1.403358378640948700e+00
5.702846637473590885e-02,7.787239826015274202e-01,7.216955162267915114e-01,2.165086548680374534e+00,-8.119484054532222217e-01,1.353138143227152312e+00
5.987027487390264580e-02,7.787239826015274202e-01,7.188537077276248022e-01,2.156561123182874518e+00,-8.525425497500127570e-01,1.304018573432861761e+00
6.284248523041266465e-02,7.787239826015274202e-01,7.158814973711147278e-01,2.147644492113344405e+00,-8.916631069530223108e-01,1.255981385160322095e+00
6.594029372543872003e-02,7.787239826015274202e-01,7.127836888760886724e-01,2.138351066628266128e+00,-9.293425485078166126e-01,1.209008518120449516e+00
6.915900307227682009e-02,7.787239826015274202e-01,7.095649795292505724e-01,2.128694938587751828e+00,-9.656128040514300181e-01,1.163082134536321810e+00
7.249402063256854545e-02,7.787239826015274202e-01,7.062299619689589303e-01,2.118689885906876569e+00,-1.000505268087492627e+00,1.118184617819383941e+00
7.594085665464221646e-02,7.787239826015274202e-01,7.027831259468851899e-01,2.108349377840655681e+00,-1.034050806622122121e+00,1.074298571218533560e+00
7.949512253383773930e-02,7.787239826015274202e-01,6.992288600676896948e-01,2.097686580203069084e+00,-1.066279763758648524e+00,1.031406816444420560e+00
8.315252909467769904e-02,7.787239826015274202e-01,6.955714535068496795e-01,2.086714360520549150e+00,-1.097221968252004576e+00,9.894923922685445739e-01
8.690888489474452028e-02,7.787239826015274202e-01,6.918150977067829555e-01,2.075445293120348644e+00,-1.126906740020017228e+00,9.485385531003314163e-01
9.076009455012136462e-02,7.787239826015274202e-01,6.879638880514060695e-01,2.063891664154218208e+00,-1.155362896613065793e+00,9.085287675411524155e-01
9.470215708225232509e-02,7.787239826015274202e-01,6.840218255192751506e-01,2.052065476557825452e+00,-1.182618759639275652e+00,8.694467169185498001e-01
9.873116428607514594e-02,7.787239826015274202e-01,6.799928183154522188e-01,2.039978454946356656e+00,-1.208702161146879561e+00,8.312762937994770951e-01
1.028432991192779200e-01,7.787239826015274202e-01,6.758806834822495002e-01,2.027642050446748279e+00,-1.233640449960815566e+00,7.940016004859327126e-01
1.070348341125292868e-01,7.787239826015274202e-01,6.716891484889981889e-01,2.015067445466994567e+00,-1.257460497975393388e+00,7.576069474916011792e-01
1.113021298005298088e-01,7.787239826015274202e-01,6.674218528009976392e-01,2.002265558402992696e+00,-1.280188706400164911e+00,7.220768520028277848e-01
1.156416331737306069e-01,7.787239826015274202e-01,6.630823494277968688e-01,1.989247048283390606e+00,-1.301851011960231119e+00,6.873960363231594872e-01
1.200498761505637280e-01,7.787239826015274202e-01,6.586741064509636923e-01,1.976022319352891188e+00,-1.322472893049952969e+00,6.535494263029382189e-01
1.245234740700271459e-01,7.787239826015274202e-01,6.542005085315002466e-01,1.962601525594500629e+00,-1.342079375839033695e+00,6.205221497554669341e-01
1.290591242044661080e-01,7.787239826015274202e-01,6.496648583970613400e-01,1.948994575191183909e+00,-1.360695040331671990e+00,5.882995348595119189e-01
1.336536042923910095e-01,7.787239826015274202e-01,6.450703783091363830e-01,1.935211134927409038e+00,-1.378344026377487097e+00,5.568671085499219409e-01
1.383037710911709239e-01,7.787239826015274202e-01,6.404202115103565518e-01,1.921260634531069655e+00,-1.395050039633949357e+00,5.262105948971202984e-01
1.430065589494405320e-01,7.787239826015274202e-01,6.357174236520868327e-01,1.907152270956260498e+00,-1.410836357480915737e+00,4.963159134753447610e-01
1.477589783990576888e-01,7.787239826015274202e-01,6.309650042024697036e-01,1.892895012607409111e+00,-1.425725834885138710e+00,4.671691777222704012e-01
1.525581147664470671e-01,7.787239826015274202e-01,6.261658678350803253e-01,1.878497603505240976e+00,-1.439740910216813496e+00,4.387566932884274795e-01
1.574011268031652866e-01,7.787239826015274202e-01,6.213228557983621059e-01,1.863968567395086318e+00,-1.452903611015465835e+00,4.110649563796204831e-01
1.622852453355214664e-01,7.787239826015274202e-01,6.164387372660059539e-01,1.849316211798017751e+00,-1.465235559706845603e+00,3.840806520911721478e-01
1.672077719330867518e-01,7.787239826015274202e-01,6.115162106684406407e-01,1.834548632005321922e+00,-1.476757979269593957e+00,3.577906527357279654e-01
1.721660775959256151e-01,7.787239826015274202e-01,6.065579050056018051e-01,1.819673715016805415e+00,-1.487491698851650668e+00,3.321820161651547476e-01
1.771576014603810090e-01,7.787239826015274202e-01,6.015663811411464668e-01,1.804699143423439400e+00,-1.497457159336601507e+00,3.072419840868378937e-01
1.821798495232450910e-01,7.787239826015274202e-01,5.965441330782823570e-01,1.789632399234847071e+00,-1.506674418859232922e+00,2.829579803756141487e-01
1.872303933841467094e-01,7.787239826015274202e-01,5.914935892173807108e-01,1.774480767652142132e+00,-1.515163158270493859e+00,2.593176093816482730e-01
1.923068690059865082e-01,7.787239826015274202e-01,5.864171135955409397e-01,1.759251340786622819e+00,-1.522942686551931324e+00,2.363086542346914953e-01
1.974069754932497867e-01,7.787239826015274202e-01,5.813170071082776058e-01,1.743951021324832817e+00,-1.530031946179000180e+00,2.139190751458326378e-01
2.025284738880276381e-01,7.787239826015274202e-01,5.761955087134997822e-01,1.728586526140499346e+00,-1.536449518433347095e+00,1.921370077071522520e-01
2.076691859835761989e-01,7.787239826015274202e-01,5.710547966179512214e-01,1.713164389853853553e+00,-1.542213628664568237e+00,1.709507611892853163e-01
2.128269931552436989e-01,7.787239826015274202e-01,5.658969894462837491e-01,1.697690968338851247e+00,-1.547342151500241680e+00,1.503488168386095669e-01
2.179998352085950608e-01,7.787239826015274202e-01,5.607241473929323039e-01,1.682172442178796912e+00,-1.551852616005433561e+00,1.303198261733633512e-01
2.231857092445637403e-01,7.787239826015274202e-01,5.555382733569637077e-01,1.666614820070891234e+00,-1.555762210790578859e+00,1.108526092803123753e-01
2.283826685414604707e-01,7.787239826015274202e-01,5.503413140600669218e-01,1.651023942180200876e+00,-1.559087789069035779e+00,9.193615311116509758e-02
2.335888214536682994e-01,7.787239826015274202e-01,5.451351611478590931e-01,1.635405483443577168e+00,-1.561845873662348616e+00,7.355960978122855209e-02
2.388023303268542452e-01,7.787239826015274202e-01,5.399216522746731473e-01,1.619764956824019553e+00,-1.564052661955783741e+00,5.571229486823581212e-02
2.440214104295270192e-01,7.787239826015274202e-01,5.347025721720004565e-01,1.604107716516001370e+00,-1.565724030801807221e+00,3.838368571419414899e-02
2.492443289007712226e-01,7.787239826015274202e-01,5.294796537007562254e-01,1.588438961102268676e+00,-1.566875541373269343e+00,2.156341972899933346e-02
2.544694037139883513e-01,7.787239826015274202e-01,5.242545788875390134e-01,1.572763736662617040e+00,-1.567522443965163603e+00,5.241292697453436844e-03
2.596950026564752156e-01,7.787239826015274202e-01,5.190289799450522601e-01,1.557086939835156780e+00,-1.567679682746025982e+00,-1.059274291086920172e-02
2.649195423246709646e-01,7.787239826015274202e-01,5.138044402768564556e-01,1.541413320830569367e+00,-1.567361900458741353e+00,-2.594857962817198604e-02
2.701414871349039348e-01,7.787239826015274202e-01,5.085824954666234854e-01,1.525747486399870567e+00,-1.566583443069891057e+00,-4.083595667002049012e-02
2.753593483494699012e-01,7.787239826015274202e-01,5.033646342520574635e-01,1.510093902756172390e+00,-1.565358364369806576e+00,-5.526446161363418597e-02
2.805716831178745041e-01,7.787239826015274202e-01,4.981522994836529161e-01,1.494456898450958748e+00,-1.563700430521364204e+00,-6.924353207040545577e-02
2.857770935330720685e-01,7.787239826015274202e-01,4.929468890684553517e-01,1.478840667205366000e+00,-1.561623124559269327e+00,-8.278245735390332705e-02
2.909742257025342282e-01,7.787239826015274202e-01,4.877497568989931920e-01,1.463249270696979520e+00,-1.559139650838647917e+00,-9.589038014166839652e-02
2.961617688339822085e-01,7.787239826015274202e-01,4.825622137675452117e-01,1.447686641302635691e+00,-1.556262939434394088e+00,-1.085762981317583975e-01
3.013384543356170120e-01,7.787239826015274202e-01,4.773855282659104082e-01,1.432156584797731114e+00,-1.553005650490441036e+00,-1.208490656927099227e-01
3.065030549306825280e-01,7.787239826015274202e-01,4.722209276708448922e-01,1.416662783012534677e+00,-1.549380178519654816e+00,-1.327173955071201394e-01
3.116543837861973643e-01,7.787239826015274202e-01,4.670695988153300560e-01,1.401208796445990057e+00,-1.545398656654450864e+00,-1.441898602084608072e-01
3.167912936556913639e-01,7.787239826015274202e-01,4.619326889458360563e-01,1.385798066837508280e+00,-1.541072960848199891e+00,-1.552748940106916109e-01
3.219126760357842731e-01,7.787239826015274202e-01,4.568113065657431471e-01,1.370433919697229497e+00,-1.536414714027872774e+00,-1.659807943306432776e-01
3.270174603364441324e-01,7.787239826015274202e-01,4.517065222650832879e-01,1.355119566795249808e+00,-1.531435290197957766e+00,-1.763157234027079578e-01
3.321046130647636874e-01,7.787239826015274202e-01,4.466193695367637329e-01,1.339858108610291199e+00,-1.526145818495866502e+00,-1.862877098855753033e-01
3.371731370220947266e-01,7.787239826015274202e-01,4.415508455794326936e-01,1.324652536738298192e+00,-1.520557187199311766e+00,-1.959046504610135742e-01
3.422220705143796393e-01,7.787239826015274202e-01,4.365019120871477809e-01,1.309505736261443287e+00,-1.514680047685473818e+00,-2.051743114240305310e-01
3.472504865755221548e-01,7.787239826015274202e-01,4.314734960260052654e-01,1.294420488078015907e+00,-1.508524818342754648e+00,-2.141043302647387403e-01
3.522574922036381673e-01,7.787239826015274202e-01,4.264664903978892530e-01,1.279399471193667814e+00,-1.502101688434803739e+00,-2.227022172411359247e-01
3.572422276100301053e-01,7.787239826015274202e-01,4.214817549914973149e-01,1.264445264974491945e+00,-1.495420621917581405e+00,-2.309753569430894604e-01
3.622038654807276936e-01,7.787239826015274202e-01,4.165201171207997266e-01,1.249560351362399180e+00,-1.488491361209276498e+00,-2.389310098468773180e-01
3.671416102504406198e-01,7.787239826015274202e-01,4.115823723510868004e-01,1.234747117053260457e+00,-1.481323430913877859e+00,-2.465763138606174021e-01
3.720546973887675080e-01,7.787239826015274202e-01,4.066692852127599123e-01,1.220007855638279626e+00,-1.473926141498066444e+00,-2.539182858597868186e-01
3.769423926985083773e-01,7.787239826015274202e-01,4.017815899030190430e-01,1.205344769709057129e+00,-1.466308592922260789e+00,-2.609638232132036606e-01
3.818039916259279298e-01,7.787239826015274202e-01,3.969199909755994904e-01,1.190759972926798582e+00,-1.458479678225865772e+00,-2.677197052990671899e-01
3.866388185828175672e-01,7.787239826015274202e-01,3.920851640187098530e-01,1.176255492056129448e+00,-1.450448087066891212e+00,-2.741925950107617638e-01
3.914462262802061443e-01,7.787239826015274202e-01,3.872777563213212759e-01,1.161833268963963883e+00,-1.442222309216573128e+00,-2.803890402526092451e-01
3.962255950735694698e-01,7.787239826015274202e-01,3.824983875279579504e-01,1.147495162583873851e+00,-1.433810638008997662e+00,-2.863154754251238110e-01
4.009763323193902829e-01,7.787239826015274202e-01,3.777476502821371374e-01,1.133242950846411468e+00,-1.425221173746243908e+00,-2.919782228998324403e-01
4.056978717429211012e-01,7.787239826015274202e-01,3.730261108586063190e-01,1.119078332575818902e+00,-1.416461827059245504e+00,-2.973834944834266025e-01
4.103896728170035590e-01,7.787239826015274202e-01,3.683343097845238612e-01,1.105002929353571695e+00,-1.407540322224737350e+00,-3.025373928711656557e-01
4.150512201517989053e-01,7.787239826015274202e-01,3.636727624497285150e-01,1.091018287349185600e+00,-1.398464200438603866e+00,-3.074459130894182657e-01
4.196820228952853338e-01,7.787239826015274202e-01,3.590419597062420864e-01,1.077125879118726370e+00,-1.389240823045928552e+00,-3.121149439272021819e-01
4.242816141443790379e-01,7.787239826015274202e-01,3.544423684571483824e-01,1.063327105371445036e+00,-1.379877374728111228e+00,-3.165502693566661918e-01
4.288495503665370467e-01,7.787239826015274202e-01,3.498744322349903735e-01,1.049623296704971231e+00,-1.370380866647402662e+00,-3.207575699424314308e-01
4.333854108317008458e-01,7.787239826015274202e-01,3.453385717698265744e-01,1.036015715309479779e+00,-1.360758139549139711e+00,-3.247424242396599325e-01
4.378887970544406705e-01,7.787239826015274202e-01,3.408351855470867497e-01,1.022505556641260194e+00,-1.351015866821947409e+00,-3.285103101806872150e-01
4.423593322461624178e-01,7.787239826015274202e-01,3.363646503553650025e-01,1.009093951066095007e+00,-1.341160557516524188e+00,-3.320666064504291803e-01
4.467966607772391185e-01,7.787239826015274202e-01,3.319273218242883017e-01,9.957819654728649050e-01,-1.331198559323010233e+00,-3.354165938501453281e-01
4.512004476489308025e-01,7.787239826015274202e-01,3.275235349525966178e-01,9.825706048577897977e-01,-1.321136061507505177e+00,-3.385654566497153795e-01
4.555703779749575300e-01,7.787239826015274202e-01,3.231536046265698903e-01,9.694608138797096153e-01,-1.310979097808018246e+00,-3.415182839283086302e-01
4.599061564725914208e-01,7.787239826015274202e-01,3.188178261289359994e-01,9.564534783868079426e-01,-1.300733549290167268e+00,-3.442800709033593254e-01
4.642075069631350082e-01,7.787239826015274202e-01,3.145164756383924121e-01,9.435494269151771807e-01,-1.290405147163076194e+00,-3.468557202478990131e-01
4.684741718816538003e-01,7.787239826015274202e-01,3.102498107198736199e-01,9.307494321596208042e-01,-1.279999475555637645e+00,-3.492500433960168404e-01
4.727059117958329892e-01,7.787239826015274202e-01,3.060180708056944310e-01,9.180542124170832929e-01,-1.269521974253756680e+00,-3.514677618366733869e-01
4.769025049338285194e-01,7.787239826015274202e-01,3.018214776676989008e-01,9.054644330030967581e-01,-1.258977941398659040e+00,-3.535135083955622814e-01
4.810637467209844531e-01,7.787239826015274202e-01,2.976602358805429671e-01,8.929807076416289568e-01,-1.248372536146780121e+00,-3.553918285051511639e-01
4.851894493252899010e-01,7.787239826015274202e-01,2.935345332762375192e-01,8.806035998287125022e-01,-1.237710781291634365e+00,-3.571071814629218633e-01
4.892794412114490621e-01,7.787239826015274202e-01,2.894445413900783581e-01,8.683336241702350744e-01,-1.226997565847748328e+00,-3.586639416775132538e-01
4.933335667034404737e-01,7.787239826015274202e-01,2.853904158980869465e-01,8.561712476942608951e-01,-1.216237647597423477e+00,-3.600663999031625817e-01
4.973516855554415694e-01,7.787239826015274202e-01,2.813722970460858508e-01,8.441168911382574969e-01,-1.205435655600328726e+00,-3.613187644620712291e-01
5.013336725309964770e-01,7.787239826015274202e-01,2.773903100705309432e-01,8.321709302115928297e-01,-1.194596092666472265e+00,-3.624251624548794348e-01
5.052794169903058741e-01,7.787239826015274202e-01,2.734445656112215461e-01,8.203336968336646384e-01,-1.183723337792819130e+00,-3.633896409591544918e-01
5.091888224855193323e-01,7.787239826015274202e-01,2.695351601160080879e-01,8.086054803480242636e-01,-1.172821648564037478e+00,-3.642161682160132141e-01
5.130618063639111881e-01,7.787239826015274202e-01,2.656621762376162321e-01,7.969865287128486964e-01,-1.161895163517556728e+00,-3.649086348047080319e-01
5.168982993788225899e-01,7.787239826015274202e-01,2.618256832227048303e-01,7.854770496681144909e-01,-1.150947904473420547e+00,-3.654708548053060557e-01
5.206982453082534823e-01,7.787239826015274202e-01,2.580257372932739379e-01,7.740772118798218138e-01,-1.139983778829267713e+00,-3.659065669494458994e-01
5.244616005809894510e-01,7.787239826015274202e-01,2.542623820205379692e-01,7.627871460616139077e-01,-1.129006581820790611e+00,-3.662194357591767035e-01
5.281883339101494101e-01,7.787239826015274202e-01,2.505356486913780101e-01,7.516069460741340302e-01,-1.118019998747987742e+00,-3.664130526738537119e-01
5.318784259340419984e-01,7.787239826015274202e-01,2.468455566674854218e-01,7.405366700024562654e-01,-1.107027607167776484e+00,-3.664909371653202186e-01
5.355318688642181080e-01,7.787239826015274202e-01,2.431921137373093122e-01,7.295763412119279367e-01,-1.096032879052832865e+00,-3.664565378409049279e-01
5.391486661406100778e-01,7.787239826015274202e-01,2.395753164609173425e-01,7.187259493827520274e-01,-1.085039182917590939e+00,-3.663132335348389113e-01
5.427288320936485277e-01,7.787239826015274202e-01,2.359951505078788925e-01,7.079854515236366774e-01,-1.074049785911534993e+00,-3.660643343878983158e-01
5.462723916132482538e-01,7.787239826015274202e-01,2.324515909882791664e-01,6.973547729648374993e-01,-1.063067855879917811e+00,-3.657130829150803120e-01
5.497793798245564911e-01,7.787239826015274202e-01,2.289446027769709291e-01,6.868338083309127873e-01,-1.052096463392471204e+00,-3.652626550615584167e-01
5.532498417703585192e-01,7.787239826015274202e-01,2.254741408311689010e-01,6.764224224935067031e-01,-1.041138583740608414e+00,-3.647161612471017111e-01
5.566838321000359135e-01,7.787239826015274202e-01,2.220401505014915067e-01,6.661204515044745200e-01,-1.030197098903218311e+00,-3.640766473987437912e-01
5.600814147649734176e-01,7.787239826015274202e-01,2.186425678365540026e-01,6.559277035096620079e-01,-1.019274799481251215e+00,-3.633470959715892068e-01
5.634426627203137361e-01,7.787239826015274202e-01,2.152813198812136841e-01,6.458439596436410524e-01,-1.008374386602095552e+00,-3.625304269584544992e-01
5.667676576329582216e-01,7.787239826015274202e-01,2.119563249685691986e-01,6.358689749057075957e-01,-9.974984737933456636e-01,-3.616294988876380678e-01
5.700564895957138667e-01,7.787239826015274202e-01,2.086674930058135535e-01,6.260024790174406606e-01,-9.866495888266935133e-01,-3.606471098092528527e-01
5.733092568474886797e-01,7.787239826015274202e-01,2.054147257540387406e-01,6.162441772621162217e-01,-9.758301755324438886e-01,-3.595859982703276669e-01
5.765260654994364131e-01,7.787239826015274202e-01,2.021979171020910071e-01,6.065937513062730213e-01,-9.650425955843200398e-01,-3.584488442780470185e-01
5.797070292669563862e-01,7.787239826015274202e-01,1.990169533345710340e-01,5.970508600037131020e-01,-9.542891302559919353e-01,-3.572382702522788334e-01
5.828522692074511458e-01,7.787239826015274202e-01,1.958717133940762745e-01,5.876151401822288234e-01,-9.435719821484278569e-01,-3.559568419661990335e-01
5.859619134637492621e-01,7.787239826015274202e-01,1.927620691377781581e-01,5.782862074133344743e-01,-9.328932768894349081e-01,-3.546070694761004338e-01
5.890360970130997798e-01,7.787239826015274202e-01,1.896878855884276405e-01,5.690636567652829214e-01,-9.222550648051552891e-01,-3.531914080398723677e-01
5.920749614216462842e-01,7.787239826015274202e-01,1.866490211798811361e-01,5.599470635396434082e-01,-9.116593225639513243e-01,-3.517122590243079161e-01
5.950786546042903247e-01,7.787239826015274202e-01,1.836453279972370956e-01,5.509359839917112867e-01,-9.011079547932121514e-01,-3.501719708015008647e-01
5.980473305898542646e-01,7.787239826015274202e-01,1.806766520116731556e-01,5.420299560350194668e-01,-8.906027956691819902e-01,-3.485728396341625235e-01
6.009811492914547415e-01,7.787239826015274202e-01,1.777428333100726787e-01,5.332284999302180362e-01,-8.801456104801430591e-01,-3.469171105499250229e-01
6.038802762820002501e-01,7.787239826015274202e-01,1.748437063195271701e-01,5.245311189585815104e-01,-8.697380971636525793e-01,-3.452069782050710689e-01
6.067448825747252528e-01,7.787239826015274202e-01,1.719791000268021675e-01,5.159373000804065024e-01,-8.593818878175008003e-01,-3.434445877370942979e-01
6.095751444086765503e-01,7.787239826015274202e-01,1.691488381928508700e-01,5.074465145785526099e-01,-8.490785501853892470e-01,-3.416320356068366371e-01
6.123712430390672035e-01,7.787239826015274202e-01,1.663527395624602168e-01,4.990582186873806503e-01,-8.388295891171959617e-01,-3.397713704298153115e-01
6.151333645324148502e-01,7.787239826015274202e-01,1.635906180691125700e-01,4.907718542073377099e-01,-8.286364480042940350e-01,-3.378645937969563251e-01
6.178616995663828160e-01,7.787239826015274202e-01,1.608622830351446042e-01,4.825868491054338127e-01,-8.185005101903897184e-01,-3.359136610849559057e-01
6.205564432342421943e-01,7.787239826015274202e-01,1.581675393672852259e-01,4.745026181018556777e-01,-8.084231003578135066e-01,-3.339204822559578290e-01
6.232177948538760726e-01,7.787239826015274202e-01,1.555061877476513477e-01,4.665185632429540430e-01,-7.984054858901634688e-01,-3.318869226472094258e-01
6.258459577812451879e-01,7.787239826015274202e-01,1.528780248202822323e-01,4.586340744608466968e-01,-7.884488782107346161e-01,-3.298148037498879193e-01
6.284411392282392983e-01,7.787239826015274202e-01,1.502828433732881219e-01,4.508485301198643658e-01,-7.785544340982331057e-01,-3.277059039783687400e-01
6.310035500848355516e-01,7.787239826015274202e-01,1.477204325166918686e-01,4.431612975500756058e-01,-7.687232569788760017e-01,-3.255619594288003960e-01
6.335334047454889150e-01,7.787239826015274202e-01,1.451905778560385052e-01,4.355717335681155156e-01,-7.589563981960090189e-01,-3.233846646278935033e-01
6.360309209396795005e-01,7.787239826015274202e-01,1.426930616618479197e-01,4.280791849855437592e-01,-7.492548582571756377e-01,-3.211756732716318785e-01
6.384963195665429581e-01,7.787239826015274202e-01,1.402276630349844622e-01,4.206829891049533865e-01,-7.396195880590372695e-01,-3.189365989540838831e-01
6.409298245335109945e-01,7.787239826015274202e-01,1.377941580680164257e-01,4.133824742040492772e-01,-7.300514900904109261e-01,-3.166690158863616489e-01
6.433316625988904081e-01,7.787239826015274202e-01,1.353923200026370122e-01,4.061769600079110365e-01,-7.205514196138240735e-01,-3.143744596059130370e-01
6.457020632183092523e-01,7.787239826015274202e-01,1.330219193832181679e-01,3.990657581496545037e-01,-7.111201858256532837e-01,-3.120544276759987801e-01
6.480412583949605176e-01,7.787239826015274202e-01,1.306827242065669026e-01,3.920481726197007077e-01,-7.017585529953795920e-01,-3.097103803756788842e-01
6.503494825335741636e-01,7.787239826015274202e-01,1.283745000679532566e-01,3.851235002038597699e-01,-6.924672415840937845e-01,-3.073437413802340146e-01
6.526269722980497789e-01,7.787239826015274202e-01,1.260970103034776413e-01,3.782910309104329238e-01,-6.832469293426846058e-01,-3.049558984322516819e-01
6.548739664726821452e-01,7.787239826015274202e-01,1.238500161288452750e-01,3.715500483865358250e-01,-6.740982523897098844e-01,-3.025482040031740594e-01
6.570907058269142009e-01,7.787239826015274202e-01,1.216332767746132193e-01,3.648998303238396579e-01,-6.650218062696167109e-01,-3.001219759457770531e-01
6.592774329835516811e-01,7.787239826015274202e-01,1.194465496179757391e-01,3.583396488539272173e-01,-6.560181469912440555e-01,-2.976784981373168382e-01
6.614343922903754835e-01,7.787239826015274202e-01,1.172895903111519367e-01,3.518687709334558100e-01,-6.470877920471407307e-01,-2.952190211136849207e-01
6.635618296950879236e-01,7.787239826015274202e-01,1.151621529064394966e-01,3.454864587193184899e-01,-6.382312214137320083e-01,-2.927447626944135184e-01
6.656599926235309272e-01,7.787239826015274202e-01,1.130639899779964930e-01,3.391919699339894789e-01,-6.294488785329011016e-01,-2.902569085989116227e-01
6.677291298611139903e-01,7.787239826015274202e-01,1.109948527404134300e-01,3.329845582212402899e-01,-6.207411712749189014e-01,-2.877566130536786115e-01
6.697694914373917285e-01,7.787239826015274202e-01,1.089544911641356917e-01,3.268634734924070750e-01,-6.121084728833214861e-01,-2.852449993909144110e-01
6.717813285137302914e-01,7.787239826015274202e-01,1.069426540877971288e-01,3.208279622633913863e-01,-6.035511229015688706e-01,-2.827231606381774842e-01
6.737648932740051277e-01,7.787239826015274202e-01,1.049590893275222925e-01,3.148772679825668774e-01,-5.950694280824508908e-01,-2.801921600998840134e-01
6.757204388182699306e-01,7.787239826015274202e-01,1.030035437832574896e-01,3.090106313497724688e-01,-5.866636632794408612e-01,-2.776530319296683924e-01
6.776482190593418053e-01,7.787239826015274202e-01,1.010757635421856149e-01,3.032272906265568446e-01,-5.783340723215624202e-01,-2.751067816950055755e-01
6.795484886222441512e-01,7.787239826015274202e-01,9.917549397928326904e-02,2.975264819378498071e-01,-5.700808688707037497e-01,-2.725543869328539426e-01
6.814215027464531893e-01,7.787239826015274202e-01,9.730247985507423092e-02,2.919074395652226928e-01,-5.619042372627114368e-01,-2.699967976974887440e-01
6.832675171908925149e-01,7.787239826015274202e-01,9.545646541063490531e-02,2.863693962319047159e-01,-5.538043333317976824e-01,-2.674349370998929665e-01
6.850867881416218275e-01,7.787239826015274202e-01,9.363719445990559276e-02,2.809115833797167783e-01,-5.457812852187937658e-01,-2.648697018390769875e-01
6.868795721221672146e-01,7.787239826015274202e-01,9.184441047936020563e-02,2.755332314380806169e-01,-5.378351941636161371e-01,-2.623019627255355202e-01
6.886461259064400320e-01,7.787239826015274202e-01,9.007785669508738824e-02,2.702335700852621647e-01,-5.299661352818452187e-01,-2.597325651965830540e-01
6.903867064341931981e-01,7.787239826015274202e-01,8.833727616733422217e-02,2.650118285020026665e-01,-5.221741583259498221e-01,-2.571623298239471556e-01
6.921015707289640551e-01,7.787239826015274202e-01,8.662241187256336516e-02,2.598672356176900955e-01,-5.144592884312571002e-01,-2.545920528135670047e-01
6.937909758184535036e-01,7.787239826015274202e-01,8.493300678307391660e-02,2.547990203492217498e-01,-5.068215268468345691e-01,-2.520225064976128193e-01
6.954551786572932270e-01,7.787239826015274202e-01,8.326880394423419318e-02,2.498064118327025795e-01,-4.992608516519170259e-01,-2.494544398192144463e-01
6.970944360521509342e-01,7.787239826015274202e-01,8.162954654937648602e-02,2.448886396481294581e-01,-4.917772184573121486e-01,-2.468885788091826905e-01
6.987090045891277690e-01,7.787239826015274202e-01,8.001497801239965124e-02,2.400449340371989537e-01,-4.843705610930504335e-01,-2.443256270558514798e-01
7.002991405633990363e-01,7.787239826015274202e-01,7.842484203812838395e-02,2.352745261143851518e-01,-4.770407922813801882e-01,-2.417662661669950364e-01
7.018650999110536137e-01,7.787239826015274202e-01,7.685888269047380650e-02,2.305766480714214195e-01,-4.697878042963732348e-01,-2.392111562249518153e-01
7.034071381430856418e-01,7.787239826015274202e-01,7.531684445844177844e-02,2.259505333753253353e-01,-4.626114696096084167e-01,-2.366609362342830813e-01
7.049255102814943053e-01,7.787239826015274202e-01,7.379847232003311497e-02,2.213954169600993449e-01,-4.555116415225990423e-01,-2.341162245624996974e-01
7.064204707974467423e-01,7.787239826015274202e-01,7.230351180408067790e-02,2.169105354122420337e-01,-4.484881547857311190e-01,-2.315776193734890853e-01
7.078922735514617814e-01,7.787239826015274202e-01,7.083170905006563878e-02,2.124951271501969163e-01,-4.415408262045117382e-01,-2.290456990543148219e-01
7.093411717355714297e-01,7.787239826015274202e-01,6.938281086595599056e-02,2.081484325978679717e-01,-4.346694552328944638e-01,-2.265210226350264922e-01
7.107674178174174795e-01,7.787239826015274202e-01,6.795656478410994072e-02,2.038696943523298222e-01,-4.278738245538149521e-01,-2.240041302014851299e-01
7.121712634862434887e-01,7.787239826015274202e-01,6.655271911528393147e-02,1.996581573458517944e-01,-4.211537006478027756e-01,-2.214955433019509812e-01
7.135529596007392783e-01,7.787239826015274202e-01,6.517102300078814192e-02,1.955130690023644258e-01,-4.145088343487368654e-01,-2.189957653463724396e-01
7.149127561387004226e-01,7.787239826015274202e-01,6.381122646282699762e-02,1.914336793884809929e-01,-4.079389613883432908e-01,-2.165052819998622979e-01
7.162509021484615435e-01,7.787239826015274202e-01,6.247308045306587676e-02,1.874192413591976303e-01,-4.014438029283362575e-01,-2.140245615691386272e-01
7.175676457020657706e-01,7.787239826015274202e-01,6.115633689946164964e-02,1.834690106983849489e-01,-3.950230660812681371e-01,-2.115540553828831882e-01
7.188632338501317331e-01,7.787239826015274202e-01,5.986074875139568707e-02,1.795822462541870612e-01,-3.886764444197887691e-01,-2.090941981656017079e-01
7.201379125783811119e-01,7.787239826015274202e-01,5.858607002314630829e-02,1.757582100694389249e-01,-3.824036184748136336e-01,-2.066454084053747087e-01
7.213919267657898926e-01,7.787239826015274202e-01,5.733205583573752762e-02,1.719961675072125828e-01,-3.762042562226342035e-01,-2.042080887154216207e-01
7.226255201443272380e-01,7.787239826015274202e-01,5.609846245720018221e-02,1.682953873716005466e-01,-3.700780135612036226e-01,-2.017826261896030760e-01
7.238389352602455640e-01,7.787239826015274202e-01,5.488504734128185625e-02,1.646551420238455687e-01,-3.640245347754977878e-01,-1.993693927516522191e-01
7.250324134368887341e-01,7.787239826015274202e-01,5.369156916463868612e-02,1.610747074939160584e-01,-3.580434529929510390e-01,-1.969687454990349806e-01
7.262061947389819583e-01,7.787239826015274202e-01,5.251778786254546194e-02,1.575533635876363858e-01,-3.521343906279672531e-01,-1.945810270403308673e-01
7.273605179383711983e-01,7.787239826015274202e-01,5.136346466315622195e-02,1.540903939894686658e-01,-3.462969598167719987e-01,-1.922065658273033328e-01
7.284956204811776637e-01,7.787239826015274202e-01,5.022836212034975656e-02,1.506850863610492697e-01,-3.405307628419396160e-01,-1.898456764808903463e-01
7.296117384563360897e-01,7.787239826015274202e-01,4.911224414519133052e-02,1.473367324355739916e-01,-3.348353925475278103e-01,-1.874986601119538188e-01
7.307091065654832684e-01,7.787239826015274202e-01,4.801487603604415177e-02,1.440446281081324553e-01,-3.292104327441536249e-01,-1.851658046360211696e-01
7.317879580941668571e-01,7.787239826015274202e-01,4.693602450736056309e-02,1.408080735220816893e-01,-3.236554586050766069e-01,-1.828473850829949177e-01
7.328485248843421562e-01,7.787239826015274202e-01,4.587545771718526399e-02,1.376263731515557920e-01,-3.181700370525897270e-01,-1.805436639010339350e-01
7.338910373081273253e-01,7.787239826015274202e-01,4.483294529340009493e-02,1.344988358802002848e-01,-3.127537271355507187e-01,-1.782548912553504339e-01
7.349157242427869496e-01,7.787239826015274202e-01,4.380825835874047058e-02,1.314247750762214118e-01,-3.074060803978873047e-01,-1.759813053216658929e-01
7.359228130469144258e-01,7.787239826015274202e-01,4.280116955461299444e-02,1.284035086638389833e-01,-3.021266412382428435e-01,-1.737231325744038601e-01
7.369125295377845219e-01,7.787239826015274202e-01,4.181145306374289827e-02,1.254343591912286948e-01,-2.969149472610288498e-01,-1.714805880698001550e-01
7.378850979698475809e-01,7.787239826015274202e-01,4.083888463167983929e-02,1.225166538950395179e-01,-2.917705296189176956e-01,-1.692538757238781777e-01
7.388407410143382759e-01,7.787239826015274202e-01,3.988324158718914436e-02,1.196497247615674331e-01,-2.866929133472084779e-01,-1.670431885856410448e-01
7.397796797399703861e-01,7.787239826015274202e-01,3.894430286155703413e-02,1.168329085846711024e-01,-2.816816176896330681e-01,-1.648487091049619657e-01
7.407021335946920582e-01,7.787239826015274202e-01,3.802184900683536206e-02,1.140655470205060862e-01,-2.767361564165016219e-01,-1.626706093959955357e-01
7.416083203884741293e-01,7.787239826015274202e-01,3.711566221305329094e-02,1.113469866391598728e-01,-2.718560381346213362e-01,-1.605090514954614633e-01
7.424984562771066443e-01,7.787239826015274202e-01,3.622552632442077591e-02,1.086765789732623277e-01,-2.670407665897545080e-01,-1.583641876164921802e-01
7.433727557469774760e-01,7.787239826015274202e-01,3.535122685454994418e-02,1.060536805636498325e-01,-2.622898409612495207e-01,-1.562361603975996882e-01
7.442314316008085129e-01,7.787239826015274202e-01,3.449255100071890734e-02,1.034776530021567220e-01,-2.576027561493110518e-01,-1.541251031471543298e-01
7.450746949443248779e-01,7.787239826015274202e-01,3.364928765720254233e-02,1.009478629716076270e-01,-2.529790030549095015e-01,-1.520311400833018745e-01
7.459027551738328654e-01,7.787239826015274202e-01,3.282122742769455481e-02,9.846368228308366444e-02,-2.484180688523962566e-01,-1.499543865693125921e-01
7.467158199646839467e-01,7.787239826015274202e-01,3.200816263684347351e-02,9.602448791053042054e-02,-2.439194372553243895e-01,-1.478949493447939689e-01
7.475140952606005307e-01,7.787239826015274202e-01,3.120988734092688954e-02,9.362966202278066863e-02,-2.394825887749751914e-01,-1.458529267521945227e-01
7.482977852638419414e-01,7.787239826015274202e-01,3.042619733768547885e-02,9.127859201305643655e-02,-2.351070009724232079e-01,-1.438284089593667714e-01
7.490670924261874086e-01,7.787239826015274202e-01,2.965689017534001160e-02,8.897067052602003479e-02,-2.307921487036401764e-01,-1.418214781776201416e-01
7.498222174407150886e-01,7.787239826015274202e-01,2.890176516081233160e-02,8.670529548243699480e-02,-2.265375043583039982e-01,-1.398322088758670034e-01
7.505633592343552429e-01,7.787239826015274202e-01,2.816062336717217729e-02,8.448187010151653187e-02,-2.223425380920462935e-01,-1.378606679905297616e-01
7.512907149611963709e-01,7.787239826015274202e-01,2.743326764033104936e-02,8.229980292099314809e-02,-2.182067180523383776e-01,-1.359069151313452295e-01
7.520044799965243110e-01,7.787239826015274202e-01,2.671950260500310925e-02,8.015850781500932776e-02,-2.141295105983820335e-01,-1.339710027833727057e-01
7.527048479315738838e-01,7.787239826015274202e-01,2.601913466995353641e-02,7.805740400986060923e-02,-2.101103805148718529e-01,-1.320529765050112436e-01
7.533920105689729807e-01,7.787239826015274202e-01,2.533197203255443952e-02,7.599591609766331857e-02,-2.061487912197290662e-01,-1.301528751220657476e-01
7.540661579188598918e-01,7.787239826015274202e-01,2.465782468266752847e-02,7.397347404800258541e-02,-2.022442049660733154e-01,-1.282707309180707300e-01
7.547274781956549994e-01,7.787239826015274202e-01,2.399650440587242084e-02,7.198951321761726252e-02,-1.983960830385322893e-01,-1.264065698209150268e-01
7.553761578154679635e-01,7.787239826015274202e-01,2.334782478605945677e-02,7.004347435817837031e-02,-1.946038859438892210e-01,-1.245604115857108507e-01
7.560123813941224125e-01,7.787239826015274202e-01,2.271160120740500776e-02,6.813480362221502329e-02,-1.908670735963347020e-01,-1.227322699741196788e-01
7.566363317457793780e-01,7.787239826015274202e-01,2.208765085574804221e-02,6.626295256724412663e-02,-1.871851054970896655e-01,-1.209221529298455389e-01
7.572481898821433743e-01,7.787239826015274202e-01,2.147579271938404588e-02,6.442737815815213764e-02,-1.835574409091988990e-01,-1.191300627510467613e-01
7.578481350122322491e-01,7.787239826015274202e-01,2.087584758929517115e-02,6.262754276788551344e-02,-1.799835390266624202e-01,-1.173559962587769068e-01
7.584363445426952621e-01,7.787239826015274202e-01,2.028763805883215809e-02,6.086291417649647428e-02,-1.764628591389039158e-01,-1.155999449624074416e-01
7.590129940786620732e-01,7.787239826015274202e-01,1.971098852286534697e-02,5.913296556859604092e-02,-1.729948607900433366e-01,-1.138618952214472957e-01
7.595782574251067620e-01,7.787239826015274202e-01,1.914572517642065819e-02,5.743717552926197456e-02,-1.695790039334066357e-01,-1.121418284041446611e-01
7.601323065887110042e-01,7.787239826015274202e-01,1.859167601281641602e-02,5.577502803844924806e-02,-1.662147490812726502e-01,-1.104397210428234022e-01
7.606753117802109720e-01,7.787239826015274202e-01,1.804867082131644818e-02,5.414601246394934453e-02,-1.629015574499903529e-01,-1.087555449860410084e-01
7.612074414172123049e-01,7.787239826015274202e-01,1.751654118431511531e-02,5.254962355294534593e-02,-1.596388911003998601e-01,-1.070892675474545142e-01
7.617288621274589389e-01,7.787239826015274202e-01,1.699512047406848136e-02,5.098536142220544409e-02,-1.564262130739901835e-01,-1.054408516517847394e-01
7.622397387525403634e-01,7.787239826015274202e-01,1.648424384898705686e-02,4.945273154696117057e-02,-1.532629875244273521e-01,-1.038102559774661815e-01
7.627402343520240935e-01,7.787239826015274202e-01,1.598374824950332673e-02,4.795124474850998020e-02,-1.501486798451190374e-01,-1.021974350966090572e-01
7.632305102079981474e-01,7.787239826015274202e-01,1.549347239352927286e-02,4.648041718058781857e-02,-1.470827567922161627e-01,-1.006023396116283442e-01
7.637107258300109836e-01,7.787239826015274202e-01,1.501325677151643667e-02,4.503977031454931002e-02,-1.440646866038508556e-01,-9.902491628930154555e-02
7.641810389603949094e-01,7.787239826015274202e-01,1.454294364113251081e-02,4.362883092339753244e-02,-1.410939391151777578e-01,-9.746510819178022533e-02
7.646416055799596379e-01,7.787239826015274202e-01,1.408237702156778237e-02,4.224713106470334711e-02,-1.381699858694185323e-01,-9.592285480471518522e-02
7.650925799140438910e-01,7.787239826015274202e-01,1.363140268748352923e-02,4.089420806245058770e-02,-1.352923002252759410e-01,-9.439809216282535331e-02
7.655341144389118391e-01,7.787239826015274202e-01,1.318986816261558115e-02,3.956960448784674345e-02,-1.324603574603844258e-01,-9.289075297253768237e-02
7.659663598884826063e-01,7.787239826015274202e-01,1.275762271304481388e-02,3.827286813913444163e-02,-1.296736348712301812e-01,-9.140076673209573954e-02
7.663894652613801872e-01,7.787239826015274202e-01,1.233451734014723300e-02,3.700355202044169900e-02,-1.269316118692742634e-01,-8.992805984883256443e-02
7.668035778282928927e-01,7.787239826015274202e-01,1.192040477323452752e-02,3.576121431970358255e-02,-1.242337700738116446e-01,-8.847255575410806205e-02
7.672088431396301145e-01,7.787239826015274202e-01,1.151513946189730575e-02,3.454541838569191725e-02,-1.215795934011665302e-01,-8.703417501547461299e-02
7.676054050334658596e-01,7.787239826015274202e-01,1.111857756806156061e-02,3.335573270418468184e-02,-1.189685681507235415e-01,-8.561283544653885969e-02
7.679934056437569545e-01,7.787239826015274202e-01,1.073057695777046572e-02,3.219173087331139715e-02,-1.164001830873284682e-01,-8.420845221401707104e-02
7.683729854088265920e-01,7.787239826015274202e-01,1.035099719270082819e-02,3.105299157810248456e-02,-1.138739295208912594e-01,-8.282093794278877485e-02
7.687442830801020088e-01,7.787239826015274202e-01,9.979699521425411390e-03,2.993909856427623417e-02,-1.113893013826250389e-01,-8.145020281834880471e-02
7.691074357310955234e-01,7.787239826015274202e-01,9.616546870431896821e-03,2.884964061129569046e-02,-1.089457952980543709e-01,-8.009615468675868044e-02
7.694625787666203864e-01,7.787239826015274202e-01,9.261403834907033783e-03,2.778421150472110135e-02,-1.065429106574589113e-01,-7.875869915273780997e-02
7.698098459322300080e-01,7.787239826015274202e-01,8.914136669297412219e-03,2.674241000789223666e-02,-1.041801496828864693e-01,-7.743773967499423261e-02
7.701493693238721239e-01,7.787239826015274202e-01,8.574613277655296351e-03,2.572383983296588905e-02,-1.018570174926347605e-01,-7.613317765966887141e-02
7.704812793977482421e-01,7.787239826015274202e-01,8.242703203779178089e-03,2.472810961133753427e-02,-9.957302216283547835e-02,-7.484491255149794409e-02
7.708057049803691552e-01,7.787239826015274202e-01,7.918277621158265056e-03,2.375483286347479517e-02,-9.732767478627391000e-02,-7.357284192279911483e-02
7.711227732787978573e-01,7.787239826015274202e-01,7.601209322729562956e-03,2.280362796818868887e-02,-9.512048952861063000e-02,-7.231686156042194114e-02
7.714326098910705420e-01,7.787239826015274202e-01,7.291372710456878181e-03,2.187411813137063454e-02,-9.295098368180543247e-02,-7.107686555043479792e-02
7.717353388167881301e-01,7.787239826015274202e-01,6.988643784739290155e-03,2.096593135421787046e-02,-9.081867771527640798e-02,-6.985274636105853752e-02
7.720310824678696671e-01,7.787239826015274202e-01,6.692900133657753159e-03,2.007870040097325948e-02,-8.872309532446109870e-02,-6.864439492348783922e-02
7.723199616794588218e-01,7.787239826015274202e-01,6.404020922068598409e-03,1.921206276620579523e-02,-8.666376347674642489e-02,-6.745170071054062966e-02
7.726020957209769335e-01,7.787239826015274202e-01,6.121886880550486687e-03,1.836566064165146006e-02,-8.464021245543351668e-02,-6.627455181378205662e-02
7.728776023073136159e-01,7.787239826015274202e-01,5.846380294213804341e-03,1.753914088264141302e-02,-8.265197590100470393e-02,-6.511283501836329091e-02
7.731465976101484783e-01,7.787239826015274202e-01,5.577384991378941947e-03,1.673215497413682584e-02,-8.069859085045871794e-02,-6.396643587632189210e-02
7.734091962693957489e-01,7.787239826015274202e-01,5.314786332131671287e-03,1.594435899639501386e-02,-7.877959777418119813e-02,-6.283523877778618427e-02
7.736655114047652493e-01,7.787239826015274202e-01,5.058471196762170941e-03,1.517541359028651282e-02,-7.689454061085010395e-02,-6.171912702056359112e-02
7.739156546274326143e-01,7.787239826015274202e-01,4.808327974094805946e-03,1.442498392228441784e-02,-7.504296680020949850e-02,-6.061798287792508066e-02
7.741597360518122084e-01,7.787239826015274202e-01,4.564246549715211820e-03,1.369273964914563546e-02,-7.322442731387823756e-02,-5.953168766473260209e-02
7.743978643074252988e-01,7.787239826015274202e-01,4.326118294102121453e-03,1.297835488230636436e-02,-7.143847668392711014e-02,-5.846012180162074579e-02
7.746301465508582673e-01,7.787239826015274202e-01,4.093836050669152904e-03,1.228150815200745871e-02,-6.968467302989056478e-02,-5.740316487788310607e-02
7.748566884778034236e-01,7.787239826015274202e-01,3.867294123723996613e-03,1.160188237117198984e-02,-6.796257808354688734e-02,-5.636069571237489750e-02
7.750775943351774222e-01,7.787239826015274202e-01,3.646388266349998020e-03,1.093916479904999406e-02,-6.627175721219957794e-02,-5.533259241314958388e-02
7.752929669333100682e-01,7.787239826015274202e-01,3.431015668217352044e-03,1.029304700465205613e-02,-6.461177943979379279e-02,-5.431873243514173666e-02
7.755029076581991809e-01,7.787239826015274202e-01,3.221074943328239293e-03,9.663224829984717879e-03,-6.298221746673382526e-02,-5.331899263674910738e-02
7.757075164838246328e-01,7.787239826015274202e-01,3.016466117702787386e-03,9.049398353108362159e-03,-6.138264768763557200e-02,-5.233324933452720984e-02
7.759068919845166779e-01,7.787239826015274202e-01,2.817090617010742370e-03,8.451271851032227111e-03,-5.981265020761350470e-02,-5.136137835658127759e-02
7.761011313473730189e-01,7.787239826015274202e-01,2.622851254154401346e-03,7.868553762463204038e-03,-5.827180885690230738e-02,-5.040325509443910335e-02
7.762903303847199510e-01,7.787239826015274202e-01,2.433652216807469237e-03,7.300956650422407712e-03,-5.675971120407963255e-02,-4.945875455365722484e-02
7.764745835466114743e-01,7.787239826015274202e-01,2.249399054915945939e-03,6.748197164747837817e-03,-5.527594856745698948e-02,-4.852775140270915166e-02
7.766539839333627127e-01,7.787239826015274202e-01,2.069998668164707567e-03,6.209996004494122701e-03,-5.382011602537151163e-02,-4.761012002087738892e-02
7.768286233081118652e-01,7.787239826015274202e-01,1.895359293415554980e-03,5.686077880246664940e-03,-5.239181242474577616e-02,-4.670573454449911122e-02
7.769985921094065828e-01,7.787239826015274202e-01,1.725390492120837393e-03,5.176171476362512180e-03,-5.099064038841527591e-02,-4.581446891205276373e-02
7.771639794638101062e-01,7.787239826015274202e-01,1.560003137717314026e-03,4.680009413151942077e-03,-4.961620632105701034e-02,-4.493619690790506827e-02
7.773248731985228366e-01,7.787239826015274202e-01,1.399109403004583640e-03,4.197328209013750921e-03,-4.826812041381911556e-02,-4.407079220480536463e-02
7.774813598540151194e-01,7.787239826015274202e-01,1.242622747512300840e-03,3.727868242536902521e-03,-4.694599664768484004e-02,-4.321812840514793752e-02
7.776335246966668002e-01,7.787239826015274202e-01,1.090457904860619998e-03,3.271373714581859993e-03,-4.564945279550425283e-02,-4.237807908092239284e-02
7.777814517314104448e-01,7.787239826015274202e-01,9.425308701169754499e-04,2.827592610350926350e-03,-4.437811042309336429e-02,-4.155051781274243794e-02
7.779252237143727822e-01,7.787239826015274202e-01,7.987588871546380531e-04,2.396276661463914159e-03,-4.313159488870121905e-02,-4.073531822723730489e-02
7.780649221655123737e-01,7.787239826015274202e-01,6.590604360150464913e-04,1.977181308045139474e-03,-4.190953534187746854e-02,-3.993235403383232907e-02
7.782006273812486219e-01,7.787239826015274202e-01,5.233552202787983276e-04,1.570065660836394983e-03,-4.071156472087444911e-02,-3.914149906003805413e-02
7.783324184470788998e-01,7.787239826015274202e-01,3.915641544485204406e-04,1.174692463345561322e-03,-3.953731974908336610e-02,-3.836262728573780478e-02
7.784603732501805817e-01,7.787239826015274202e-01,2.636093513468384941e-04,7.908280540405154824e-04,-3.838644093050458395e-02,-3.759561287646406846e-02
7.785845684919946441e-01,7.787239826015274202e-01,1.394141095327761093e-04,4.182423285983283279e-04,-3.725857254421871545e-02,-3.684033021562038712e-02
7.787050797007870617e-01,7.787239826015274202e-01,1.890290074035849699e-05,5.670870222107549097e-05,-3.615336263772528369e-02,-3.609665393550420820e-02
7.788219812441860013e-01,7.787239826015274202e-01,-9.799864265858104773e-05,-2.939959279757431432e-04,-3.507046301968186341e-02,-3.536445894765760656e-02
7.789353463416901491e-01,7.787239826015274202e-01,-2.113637401627288526e-04,-6.340912204881865577e-04,-3.400952925124434145e-02,-3.464362047173252801e-02
7.790452470771471738e-01,7.787239826015274202e-01,-3.212644756197535756e-04,-9.637934268592607268e-04,-3.297022063710741691e-02,-3.393401406396667763e-02
7.791517544111977722e-01,7.787239826015274202e-01,-4.277718096703519990e-04,-1.283315429011055997e-03,-3.195220021517952702e-02,-3.323551564419058302e-02
7.792549381936839659e-01,7.787239826015274202e-01,-5.309555921565456416e-04,-1.592866776469636925e-03,-3.095513474585809277e-02,-3.254800152232772970e-02
7.793548671760178737e-01,7.787239826015274202e-01,-6.308845744904534314e-04,-1.892653723471360294e-03,-2.997869470017233695e-02,-3.187134842364369725e-02
7.794516090235094063e-01,7.787239826015274202e-01,-7.276264219819861268e-04,-2.182879265945958380e-03,-2.902255424745980861e-02,-3.120543351340576699e-02
7.795452303276496631e-01,7.787239826015274202e-01,-8.212477261222428382e-04,-2.463743178366728515e-03,-2.808639124207701343e-02,-3.055013442044374194e-02
7.796357966183478094e-01,7.787239826015274202e-01,-9.118140168203892060e-04,-2.735442050461167618e-03,-2.716988720944391034e-02,-2.990532925990507795e-02
7.797233723761199942e-01,7.787239826015274202e-01,-9.993897745925739429e-04,-2.998169323777721829e-03,-2.627272733165542107e-02,-2.927089665543314290e-02
7.798080210442266402e-01,7.787239826015274202e-01,-1.084038442699220006e-03,-3.252115328097660019e-03,-2.539460043199381900e-02,-2.864671576009147902e-02
7.798898050407573335e-01,7.787239826015274202e-01,-1.165822439229913243e-03,-3.497467317689739730e-03,-2.453519895920797111e-02,-2.803266627689771084e-02
7.799687857706603111e-01,7.787239826015274202e-01,-1.244803169132890908e-03,-3.734409507398672723e-03,-2.369421897089329931e-02,-2.742862847829197204e-02
7.800450236377154400e-01,7.787239826015274202e-01,-1.321041036188019824e-03,-3.963123108564059471e-03,-2.287136011653867484e-02,-2.683448322510273432e-02
7.801185780564480199e-01,7.787239826015274202e-01,-1.394595454920599664e-03,-4.183786364761798993e-03,-2.206632561977395213e-02,-2.625011198453575112e-02
7.801895074639821903e-01,7.787239826015274202e-01,-1.465524862454770094e-03,-4.396574587364310283e-03,-2.127882226025112899e-02,-2.567539684761543928e-02
7.802578693318316105e-01,7.787239826015274202e-01,-1.533886730304190316e-03,-4.601660190912570947e-03,-2.050856035482606643e-02,-2.511022054573863738e-02
7.803237201776264120e-01,7.787239826015274202e-01,-1.599737576098991809e-03,-4.799212728296975428e-03,-1.975525373844044807e-02,-2.455446646673742350e-02
7.803871155767745371e-01,7.787239826015274202e-01,-1.663132975247116896e-03,-4.989398925741350688e-03,-1.901861974443752601e-02,-2.400801867017887670e-02
7.804481101740556870e-01,7.787239826015274202e-01,-1.724127572528266761e-03,-5.172382717584800282e-03,-1.829837918434495947e-02,-2.347076190192975975e-02
7.805067576951466579e-01,7.787239826015274202e-01,-1.782775093619237694e-03,-5.348325280857713082e-03,-1.759425632729127997e-02,-2.294258160814899306e-02
7.805631109580767335e-01,7.787239826015274202e-01,-1.839128356549313281e-03,-5.517385069647939844e-03,-1.690597887902267615e-02,-2.242336394867061600e-02
7.806172218846120225e-01,7.787239826015274202e-01,-1.893239283084602320e-03,-5.679717849253806961e-03,-1.623327796058671169e-02,-2.191299580984051865e-02
7.806691415115663002e-01,7.787239826015274202e-01,-1.945158910038879974e-03,-5.835476730116639921e-03,-1.557588808628329602e-02,-2.141136481639993594e-02
7.807189200020389075e-01,7.787239826015274202e-01,-1.994937400511487269e-03,-5.984812201534461806e-03,-1.493354714178218856e-02,-2.091835934331665037e-02
7.807666066565771557e-01,7.787239826015274202e-01,-2.042624055049735432e-03,-6.127872165149206296e-03,-1.430599636147444897e-02,-2.043386852662365527e-02
7.808122499242627912e-01,7.787239826015274202e-01,-2.088267322735370968e-03,-6.264801968206112903e-03,-1.369298030569066071e-02,-1.995778227389677362e-02
7.808558974137210784e-01,7.787239826015274202e-01,-2.131914812193658193e-03,-6.395744436580974579e-03,-1.309424683748616758e-02,-1.948999127406714216e-02
7.808975959040519443e-01,7.787239826015274202e-01,-2.173613302524524116e-03,-6.520839907573572347e-03,-1.250954709925977681e-02,-1.903038700683334916e-02
7.809373913556820757e-01,7.787239826015274202e-01,-2.213408754154655433e-03,-6.640226262463966300e-03,-1.193863548903939531e-02,-1.857886175150336161e-02
7.809753289211370797e-01,7.787239826015274202e-01,-2.251346319609659474e-03,-6.754038958828978423e-03,-1.138126963650121226e-02,-1.813530859533019068e-02
7.810114529557325991e-01,7.787239826015274202e-01,-2.287470354205178857e-03,-6.862411062615536572e-03,-1.083721037865581494e-02,-1.769962144127135151e-02
7.810458070281839360e-01,7.787239826015274202e-01,-2.321824426656515783e-03,-6.965473279969547349e-03,-1.030622173540107767e-02,-1.727169501537062501e-02
7.810784339311337421e-01,7.787239826015274202e-01,-2.354451329606321863e-03,-7.063353988818965590e-03,-9.788070884941824090e-03,-1.685142487376078968e-02
7.811093756915962194e-01,7.787239826015274202e-01,-2.385393090068799182e-03,-7.156179270206397547e-03,-9.282528138743195711e-03,-1.643870740894959326e-02
7.811386735813177218e-01,7.787239826015274202e-01,-2.414690979790301562e-03,-7.244072939370904685e-03,-8.789366916450713774e-03,-1.603343985582161846e-02
7.811663681270536452e-01,7.787239826015274202e-01,-2.442385525526225010e-03,-7.327156576578675029e-03,-8.308363720777034445e-03,-1.563552029735570947e-02
7.811924991207598312e-01,7.787239826015274202e-01,-2.468516519232411000e-03,-7.405549557697232999e-03,-7.839298111855796947e-03,-1.524484766955302995e-02
7.812171056296991489e-01,7.787239826015274202e-01,-2.493123028171728706e-03,-7.479369084515186117e-03,-7.381952681795311833e-03,-1.486132176631049795e-02
7.812402260064618131e-01,7.787239826015274202e-01,-2.516243404934392913e-03,-7.548730214803178740e-03,-6.936113028799262281e-03,-1.448484324360244102e-02
7.812618978989001040e-01,7.787239826015274202e-01,-2.537915297372683732e-03,-7.613745892118051195e-03,-6.501567731487245538e-03,-1.411531362360529673e-02
7.812821582599760450e-01,7.787239826015274202e-01,-2.558175658448624823e-03,-7.674526975345874469e-03,-6.078108322782327377e-03,-1.375263529812820185e-02
7.813010433575221514e-01,7.787239826015274202e-01,-2.577060755994731167e-03,-7.731182267984193501e-03,-5.665529263831903251e-03,-1.339671153181609675e-02
7.813185887839150245e-01,7.787239826015274202e-01,-2.594606182387604321e-03,-7.783818547162812962e-03,-5.263627917861946059e-03,-1.304744646502475902e-02
7.813348294656614623e-01,7.787239826015274202e-01,-2.610846864134042100e-03,-7.832540592402126300e-03,-4.872204523931333853e-03,-1.270474511633346015e-02
7.813497996728961947e-01,7.787239826015274202e-01,-2.625817071368774513e-03,-7.877451214106323540e-03,-4.491062170419723998e-03,-1.236851338452604754e-02
7.813635330287925784e-01,7.787239826015274202e-01,-2.639550427265158206e-03,-7.918651281795474617e-03,-4.120006768915107642e-03,-1.203865805071058226e-02
7.813760625188838072e-01,7.787239826015274202e-01,-2.652079917356386929e-03,-7.956239752069160787e-03,-3.758847027368616978e-03,-1.171508677943777776e-02
7.813874205002970807e-01,7.787239826015274202e-01,-2.663437898769660528e-03,-7.990313696308981584e-03,-3.407394423982079701e-03,-1.139770812029106128e-02
7.813976387108984012e-01,7.787239826015274202e-01,-2.673656109370980971e-03,-8.020968328112942913e-03,-3.065463180396132969e-03,-1.108643150850907588e-02
7.814067482783488838e-01,7.787239826015274202e-01,-2.682765676821463607e-03,-8.048297030464390822e-03,-2.732870235144790882e-03,-1.078116726560918170e-02
7.814147797290728059e-01,7.787239826015274202e-01,-2.690797127545385692e-03,-8.072391382636157076e-03,-2.409435217176625343e-03,-1.048182659981278242e-02
7.814217629971367263e-01,7.787239826015274202e-01,-2.697780395609306048e-03,-8.093341186827918143e-03,-2.094980419176106778e-03,-1.018832160600402492e-02
7.814277274330400092e-01,7.787239826015274202e-01,-2.703744831512588931e-03,-8.111234494537766793e-03,-1.789330770984864927e-03,-9.900565265522631719e-03
7.814327018124167523e-01,7.787239826015274202e-01,-2.708719210889332096e-03,-8.126157632667996289e-03,-1.492313813022949631e-03,-9.618471445690945920e-03
7.814367143446488972e-01,7.787239826015274202e-01,-2.712731743121477024e-03,-8.138195229364431071e-03,-1.203759669643478247e-03,-9.341954899007909319e-03
7.814397926813911877e-01,7.787239826015274202e-01,-2.715810079863767434e-03,-8.147430239591302303e-03,-9.235010226871231964e-04,-9.070931262278425500e-03
7.814419639250071992e-01,7.787239826015274202e-01,-2.717981323479778943e-03,-8.153943970439336830e-03,-6.513730848034526844e-04,-8.805317055242789515e-03
7.814432546369177723e-01,7.787239826015274202e-01,-2.719272035390352116e-03,-8.157816106171056347e-03,-3.872135731719517082e-04,-8.545029679343008056e-03
7.814436908458604059e-01,7.787239826015274202e-01,-2.719708244332985636e-03,-8.159124732998956908e-03,-1.308626827900560841e-04,-8.289987415789012992e-03
7.814432980560613862e-01,7.787239826015274202e-01,-2.719315454533965948e-03,-8.157946363601897843e-03,1.178369397059064738e-04,-8.040109423895991370e-03
7.814421012553199875e-01,7.787239826015274202e-01,-2.718118653792567230e-03,-8.154355961377701689e-03,3.590402224196154179e-04,-7.795315738958086271e-03
7.814401249230047419e-01,7.787239826015274202e-01,-2.716142321477321708e-03,-8.148426964431965125e-03,5.928996945736564328e-04,-7.555527269858308692e-03
7.814373930379624467e-01,7.787239826015274202e-01,-2.713410436435026440e-03,-8.140231309305079321e-03,8.195655126885803554e-04,-7.320665796616498966e-03
7.814339290863405729e-01,7.787239826015274202e-01,-2.709946484813152701e-03,-8.129839454439458102e-03,1.039185486562121952e-03,-7.090653967877336150e-03
7.814297560693218569e-01,7.787239826015274202e-01,-2.705773467794436726e-03,-8.117320403383310179e-03,1.251905105614792291e-03,-6.865415297768517888e-03
7.814248965107734035e-01,7.787239826015274202e-01,-2.700913909245983291e-03,-8.102741727737949873e-03,1.457867564536030613e-03,-6.644874163201919259e-03
7.814193724648086370e-01,7.787239826015274202e-01,-2.695389863281216769e-03,-8.086169589843650307e-03,1.657213789429956563e-03,-6.428955800413693744e-03
7.814132055232637653e-01,7.787239826015274202e-01,-2.689222921736345029e-03,-8.067668765209035087e-03,1.850082463461522053e-03,-6.217586301747513033e-03
7.814064168230887564e-01,7.787239826015274202e-01,-2.682434221561336152e-03,-8.047302664684008455e-03,2.036610052502663137e-03,-6.010692612181345318e-03
7.813990270536524951e-01,7.787239826015274202e-01,-2.675044452125074912e-03,-8.025133356375224736e-03,2.216930830878371950e-03,-5.808202525496852786e-03
7.813910564639636736e-01,7.787239826015274202e-01,-2.667073862436253329e-03,-8.001221587308759986e-03,2.391176906646474976e-03,-5.610044680662285010e-03
7.813825248698068604e-01,7.787239826015274202e-01,-2.658542268279440179e-03,-7.975626804838320538e-03,2.559478247043944776e-03,-5.416148557794375762e-03
7.813734516607941938e-01,7.787239826015274202e-01,-2.649469059266773563e-03,-7.948407177800320689e-03,2.721962703799984951e-03,-5.226444474000335738e-03
7.813638558073341400e-01,7.787239826015274202e-01,-2.639873205806719803e-03,-7.919619617420159408e-03,2.878756038016128116e-03,-5.040863579404031292e-03
7.813537558675162087e-01,7.787239826015274202e-01,-2.629773265988788467e-03,-7.889319797966365400e-03,3.029981945379400798e-03,-4.859337852586964601e-03
7.813431699939129560e-01,7.787239826015274202e-01,-2.619187392385535773e-03,-7.857562177156607319e-03,3.175762080975808033e-03,-4.681800096180799287e-03
7.813321159403000538e-01,7.787239826015274202e-01,-2.608133338772633536e-03,-7.824400016317900608e-03,3.316216083870671127e-03,-4.508183932447229481e-03
7.813206110682939798e-01,7.787239826015274202e-01,-2.596628466766559562e-03,-7.789885400299678686e-03,3.451461601822192193e-03,-4.338423798477486493e-03
7.813086723539079959e-01,7.787239826015274202e-01,-2.584689752380575634e-03,-7.754069257141726901e-03,3.581614315795178527e-03,-4.172454941346548374e-03
7.812963163940278566e-01,7.787239826015274202e-01,-2.572333792500436367e-03,-7.717001377501309101e-03,3.706787964041780015e-03,-4.010213413459529086e-03
7.812835594128064720e-01,7.787239826015274202e-01,-2.559576811279051789e-03,-7.678730433837155367e-03,3.827094366415373372e-03,-3.851636067421781995e-03
7.812704172679783010e-01,7.787239826015274202e-01,-2.546434666450880790e-03,-7.639303999352642371e-03,3.942643448451299548e-03,-3.696660550901342823e-03
7.812569054570950300e-01,7.787239826015274202e-01,-2.532922855567609766e-03,-7.598768566702829297e-03,4.053543264981307459e-03,-3.545225301721521838e-03
7.812430391236815375e-01,7.787239826015274202e-01,-2.519056522154117239e-03,-7.557169566462351717e-03,4.159900024047757938e-03,-3.397269542414593779e-03
7.812288330633138100e-01,7.787239826015274202e-01,-2.504850461786389815e-03,-7.514551385359169444e-03,4.261818110318227326e-03,-3.252733275040942118e-03
7.812143017296185876e-01,7.787239826015274202e-01,-2.490319128091167400e-03,-7.470957384273502200e-03,4.359400108566724441e-03,-3.111557275706777759e-03
7.811994592401958482e-01,7.787239826015274202e-01,-2.475476638668427931e-03,-7.426429916005283793e-03,4.452746826821840642e-03,-2.973683089183443151e-03
7.811843193824641318e-01,7.787239826015274202e-01,-2.460336780936711598e-03,-7.381010342810134794e-03,4.541957319514899893e-03,-2.839053023295234901e-03
7.811688956194301481e-01,7.787239826015274202e-01,-2.444913017902727859e-03,-7.334739053708183576e-03,4.627128910195121847e-03,-2.707610143513061729e-03
7.811532010953817773e-01,7.787239826015274202e-01,-2.429218493854357064e-03,-7.287655481563071191e-03,4.708357214511238453e-03,-2.579298267051832738e-03
7.811372486415066874e-01,7.787239826015274202e-01,-2.413266039979267141e-03,-7.239798119937801424e-03,4.785736162526976756e-03,-2.454061957410824668e-03
7.811210507814358994e-01,7.787239826015274202e-01,-2.397068179908479202e-03,-7.191204539725437606e-03,4.859358021236381830e-03,-2.331846518489055775e-03
7.811046197367133015e-01,7.787239826015274202e-01,-2.380637135185881270e-03,-7.141911405557643810e-03,4.929313416779379509e-03,-2.212597988778264302e-03
7.810879674321917765e-01,7.787239826015274202e-01,-2.363984830664356274e-03,-7.091954491993068821e-03,4.995691356457498955e-03,-2.096263135535569866e-03
7.810711055013567217e-01,7.787239826015274202e-01,-2.347122899829301446e-03,-7.041368699487904337e-03,5.058579250516448411e-03,-1.982789448971455926e-03
7.810540452915767373e-01,7.787239826015274202e-01,-2.330062690049317098e-03,-6.990188070147951294e-03,5.118062933995304320e-03,-1.872125136152646974e-03
7.810367978692831503e-01,7.787239826015274202e-01,-2.312815267755730098e-03,-6.938445803267190293e-03,5.174226688076100089e-03,-1.764219115191090204e-03
7.810193740250780392e-01,7.787239826015274202e-01,-2.295391423550618981e-03,-6.886174270651856943e-03,5.227153261533334927e-03,-1.659021009118522016e-03
7.810017842787719822e-01,7.787239826015274202e-01,-2.277801677244561951e-03,-6.833405031733685853e-03,5.276923891817109080e-03,-1.556481139916576772e-03
7.809840388843519721e-01,7.787239826015274202e-01,-2.260056282824551843e-03,-6.780168848473655530e-03,5.323618326003032308e-03,-1.456550522470623221e-03
7.809661478348797203e-01,7.787239826015274202e-01,-2.242165233352300113e-03,-6.726495700056900340e-03,5.367314841675518977e-03,-1.359180858381381363e-03
7.809481208673215713e-01,7.787239826015274202e-01,-2.224138265794151081e-03,-6.672414797382453244e-03,5.408090267444709554e-03,-1.264324529937743691e-03
7.809299674673104708e-01,7.787239826015274202e-01,-2.205984865783050530e-03,-6.617954597349151591e-03,5.446020003330165338e-03,-1.171934594018986253e-03
7.809116968738399889e-01,7.787239826015274202e-01,-2.187714272312568653e-03,-6.563142816937705959e-03,5.481178041144563196e-03,-1.081964775793142763e-03
7.808933180838919519e-01,7.787239826015274202e-01,-2.169335482364531664e-03,-6.508006447093594993e-03,5.513636984411096620e-03,-9.943694626824983729e-04
7.808748398569975713e-01,7.787239826015274202e-01,-2.150857255470151053e-03,-6.452571766410453158e-03,5.543468068314183483e-03,-9.091036980962696745e-04
7.808562707197334030e-01,7.787239826015274202e-01,-2.132288118205982741e-03,-6.396864354617948223e-03,5.570741179250493502e-03,-8.261231753674547207e-04
7.808376189701516923e-01,7.787239826015274202e-01,-2.113636368624272066e-03,-6.340909105872816198e-03,5.595524874513202462e-03,-7.453842313596137359e-04
7.808188926821468812e-01,7.787239826015274202e-01,-2.094910080619460935e-03,-6.284730241858382804e-03,5.617886401443339395e-03,-6.668438404150434096e-04
7.808000997097580553e-01,7.787239826015274202e-01,-2.076117108230635111e-03,-6.228351324691905333e-03,5.637891716647747131e-03,-5.904596080441582018e-04
7.807812476914083311e-01,7.787239826015274202e-01,-2.057265089880910836e-03,-6.171795269642732507e-03,5.655605504917282644e-03,-5.161897647254498622e-04
7.807623440540821802e-01,7.787239826015274202e-01,-2.038361452554759978e-03,-6.115084357664279935e-03,5.671091197845257170e-03,-4.439931598190227646e-04
7.807433960174400278e-01,7.787239826015274202e-01,-2.019413415912607590e-03,-6.058240247737822770e-03,5.684410992645716476e-03,-3.738292550921062940e-04
7.807244105978723425e-01,7.787239826015274202e-01,-2.000427996344922299e-03,-6.001283989034766897e-03,5.695625870305587313e-03,-3.056581187291795842e-04
7.807053946124928867e-01,7.787239826015274202e-01,-1.981412010965466486e-03,-5.944236032896399458e-03,5.704795613836743939e-03,-2.394404190596555182e-04
7.806863546830714595e-01,7.787239826015274202e-01,-1.962372081544039304e-03,-5.887116244632117912e-03,5.711978826428154576e-03,-1.751374182039633354e-04
7.806672972399082422e-01,7.787239826015274202e-01,-1.943314638380821968e-03,-5.829943915142465904e-03,5.717232948965200734e-03,-1.127109661772651705e-04
7.806482285256484133e-01,7.787239826015274202e-01,-1.924245924120993045e-03,-5.772737772362979136e-03,5.720614277948676829e-03,-5.212349441430230712e-05
7.806291545990391434e-01,7.787239826015274202e-01,-1.905171997511723170e-03,-5.715515992535169509e-03,5.722177982780962679e-03,6.661990245793170118e-06
7.806100813386288584e-01,7.787239826015274202e-01,-1.886098737101438161e-03,-5.658296211304314483e-03,5.721978123085502688e-03,6.368191178118820517e-05
7.805910144464097700e-01,7.787239826015274202e-01,-1.867031844882349745e-03,-5.601095534647049234e-03,5.720067665726524808e-03,1.189721310794755738e-04
7.805719594514037851e-01,7.787239826015274202e-01,-1.847976849876364902e-03,-5.543930549629094706e-03,5.716498501795452825e-03,1.725679521663581184e-04
7.805529217131930153e-01,7.787239826015274202e-01,-1.828939111665595085e-03,-5.486817334996785256e-03,5.711321463230945028e-03,2.245041282341597721e-04
7.805339064253951076e-01,7.787239826015274202e-01,-1.809923823867687354e-03,-5.429771471603062061e-03,5.704586339372319514e-03,2.748148677692574537e-04
7.805149186190839528e-01,7.787239826015274202e-01,-1.790936017556532533e-03,-5.372808052669597600e-03,5.696341893346446028e-03,3.235338406768484276e-04
7.804959631661568809e-01,7.787239826015274202e-01,-1.771980564629460630e-03,-5.315941693888381891e-03,5.686635878121570897e-03,3.706941842331890058e-04
7.804770447826482327e-01,7.787239826015274202e-01,-1.753062181120812468e-03,-5.259186543362437405e-03,5.675515052594448662e-03,4.163285092320112568e-04
7.804581680319905290e-01,7.787239826015274202e-01,-1.734185430463108801e-03,-5.202556291389326404e-03,5.663025197311100101e-03,4.604689059217736968e-04
7.804393373282233481e-01,7.787239826015274202e-01,-1.715354726695927923e-03,-5.146064180087783768e-03,5.649211130154263572e-03,5.031469500664798034e-04
7.804205569391512443e-01,7.787239826015274202e-01,-1.696574337623824036e-03,-5.089723012871472108e-03,5.634116721631166058e-03,5.443937087596939506e-04
7.804018309894499295e-01,7.787239826015274202e-01,-1.677848387922509232e-03,-5.033545163767527697e-03,5.617784910394441056e-03,5.842397466269133588e-04
7.803831634637232728e-01,7.787239826015274202e-01,-1.659180862195852590e-03,-4.977542586587557771e-03,5.600257717996992568e-03,6.227151314094347967e-04
7.803645582095097843e-01,7.787239826015274202e-01,-1.640575607982364126e-03,-4.921726823947092377e-03,5.581576264046539393e-03,6.598494400994470155e-04
7.803460189402403602e-01,7.787239826015274202e-01,-1.622036338712939951e-03,-4.866109016138819854e-03,5.561780780827252357e-03,6.956717646884325035e-04
7.803275492381473999e-01,7.787239826015274202e-01,-1.603566636619979668e-03,-4.810699909859939005e-03,5.540910627888084861e-03,7.302107180281458554e-04
7.803091525571261844e-01,7.787239826015274202e-01,-1.585169955598764169e-03,-4.755509866796292506e-03,5.519004306364649892e-03,7.634944395683573859e-04
7.802908322255489582e-01,7.787239826015274202e-01,-1.566849624021537934e-03,-4.700548872064613803e-03,5.496099473167870286e-03,7.955506011032564828e-04
7.802725914490318271e-01,7.787239826015274202e-01,-1.548608847504406860e-03,-4.645826542513220581e-03,5.472232955139322286e-03,8.264064126261017051e-04
7.802544333131559151e-01,7.787239826015274202e-01,-1.530450711628494886e-03,-4.591352134885484659e-03,5.447440762773592127e-03,8.560886278881074674e-04
7.802363607861428907e-01,7.787239826015274202e-01,-1.512378184615470467e-03,-4.537134553846411400e-03,5.421758103907325932e-03,8.846235500609145319e-04
7.802183767214848631e-01,7.787239826015274202e-01,-1.494394119957442868e-03,-4.483182359872328604e-03,5.395219397408279605e-03,9.120370375359510007e-04
7.802004838605305359e-01,7.787239826015274202e-01,-1.476501259003115685e-03,-4.429503777009347054e-03,5.367858286298154979e-03,9.383545092888079253e-04
7.801826848350271737e-01,7.787239826015274202e-01,-1.458702233499753476e-03,-4.376106700499260427e-03,5.339707651008662737e-03,9.636009505094023098e-04
7.801649821696188258e-01,7.787239826015274202e-01,-1.440999568091405614e-03,-4.322998704274216841e-03,5.310799622504358553e-03,9.878009182301417113e-04
7.801473782843023619e-01,7.787239826015274202e-01,-1.423395682774941662e-03,-4.270187048324824985e-03,5.281165594939185581e-03,1.010978546614360596e-03
7.801298754968405413e-01,7.787239826015274202e-01,-1.405892895313121116e-03,-4.217678685939363348e-03,5.250836238546163770e-03,1.033157552606800422e-03
7.801124760251340051e-01,7.787239826015274202e-01,-1.388493423606584898e-03,-4.165480270819754693e-03,5.219841511960865432e-03,1.054361241141110739e-03
7.800951819895515227e-01,7.787239826015274202e-01,-1.371199388024102461e-03,-4.113598164072307384e-03,5.188210674744730966e-03,1.074612510672423582e-03
7.800779954152201601e-01,7.787239826015274202e-01,-1.354012813692739847e-03,-4.062038441078219542e-03,5.155972299408784210e-03,1.093933858330564668e-03
7.800609182342745918e-01,7.787239826015274202e-01,-1.336935632747171532e-03,-4.010806898241514595e-03,5.123154283670494635e-03,1.112347385428980040e-03
7.800439522880675547e-01,7.787239826015274202e-01,-1.319969686540134468e-03,-3.959909059620403404e-03,5.089783862111119106e-03,1.129874802490715702e-03
7.800270993293407784e-01,7.787239826015274202e-01,-1.303116727813358189e-03,-3.909350183440074566e-03,5.055887618032883779e-03,1.146537434592809213e-03
7.800103610243575014e-01,7.787239826015274202e-01,-1.286378422830081192e-03,-3.859135268490243575e-03,5.021491494983099102e-03,1.162356226492855527e-03
7.799937389549967959e-01,7.787239826015274202e-01,-1.269756353469375654e-03,-3.809269060408126961e-03,4.986620808211661426e-03,1.177351747803534465e-03
7.799772346208109219e-01,7.787239826015274202e-01,-1.253252019283501717e-03,-3.759756057850505151e-03,4.951300255762181024e-03,1.191544197911675873e-03
7.799608494410448234e-01,7.787239826015274202e-01,-1.236866839517403172e-03,-3.710600518552209515e-03,4.915553929829563629e-03,1.204953411277354114e-03
7.799445847566198742e-01,7.787239826015274202e-01,-1.220602155092453955e-03,-3.661806465277361866e-03,4.879405327484764854e-03,1.217598862207402988e-03
7.799284418320810985e-01,7.787239826015274202e-01,-1.204459230553678317e-03,-3.613377691661034952e-03,4.842877361632691446e-03,1.229499669971656495e-03
7.799124218575093082e-01,7.787239826015274202e-01,-1.188439255981887932e-03,-3.565317767945663796e-03,4.805992371537115559e-03,1.240674603591451763e-03
7.798965259503979341e-01,7.787239826015274202e-01,-1.172543348870513924e-03,-3.517630046611541772e-03,4.768772133412202407e-03,1.251142086800660636e-03
7.798807551574952202e-01,7.787239826015274202e-01,-1.156772555967799931e-03,-3.470317667903399794e-03,4.731237870814197777e-03,1.260920202910797983e-03
7.798651104566127756e-01,7.787239826015274202e-01,-1.141127855085355414e-03,-3.423383565256066241e-03,4.693410264733355319e-03,1.270026699477289078e-03
7.798495927584002674e-01,7.787239826015274202e-01,-1.125610156872847156e-03,-3.376830470618541469e-03,4.655309463752477228e-03,1.278478993133935759e-03
7.798342029080871374e-01,7.787239826015274202e-01,-1.110220306559717152e-03,-3.330660919679151455e-03,4.616955093939001387e-03,1.286294174259849932e-03
7.798189416871913471e-01,7.787239826015274202e-01,-1.094959085663926857e-03,-3.284877256991780570e-03,4.578366268737088518e-03,1.293489011745307948e-03
7.798038098151968134e-01,7.787239826015274202e-01,-1.079827213669393160e-03,-3.239481641008179480e-03,4.539561598360108974e-03,1.300079957351929494e-03
7.797888079511979820e-01,7.787239826015274202e-01,-1.064825349670561749e-03,-3.194476049011685248e-03,4.500559199649423192e-03,1.306083150637737944e-03
7.797739366955142026e-01,7.787239826015274202e-01,-1.049954093986782411e-03,-3.149862281960347232e-03,4.461376705133801579e-03,1.311514423173454347e-03
7.797591965912727963e-01,7.787239826015274202e-01,-1.035213989745376040e-03,-3.105641969236128119e-03,4.422031272421911297e-03,1.316389303185783177e-03
7.797445881259617018e-01,7.787239826015274202e-01,-1.020605524434281541e-03,-3.061816573302844624e-03,4.382539593328349525e-03,1.320723020025504901e-03
7.797301117329525910e-01,7.787239826015274202e-01,-1.006129131425170797e-03,-3.018387394275512392e-03,4.342917902733223201e-03,1.324530508457710809e-03
7.797157677929943409e-01,7.787239826015274202e-01,-9.917851914669206792e-04,-2.975355574400762038e-03,4.303181987475035442e-03,1.327826413074273404e-03
7.797015566356774174e-01,7.787239826015274202e-01,-9.775740341499972175e-04,-2.932722102449991652e-03,4.263347195077038521e-03,1.330625092627046868e-03
7.796874785408697273e-01,7.787239826015274202e-01,-9.634959393423070395e-04,-2.890487818026921119e-03,4.223428442307053388e-03,1.332940624280132269e-03
7.796735337401244914e-01,7.787239826015274202e-01,-9.495511385970711871e-04,-2.848653415791213561e-03,4.183440223570755734e-03,1.334786807779542173e-03
7.796597224180600305e-01,7.787239826015274202e-01,-9.357398165326102912e-04,-2.807219449597830874e-03,4.143396619338268749e-03,1.336177169740437876e-03
7.796460447137124605e-01,7.787239826015274202e-01,-9.220621121850403057e-04,-2.766186336555120917e-03,4.103311304270995663e-03,1.337124967715874746e-03
7.796325007218617431e-01,7.787239826015274202e-01,-9.085181203343228873e-04,-2.725554361002968662e-03,4.063197555215225520e-03,1.337643194212256859e-03
7.796190904943304245e-01,7.787239826015274202e-01,-8.951078928030042903e-04,-2.685323678409012871e-03,4.023068259395579105e-03,1.337744580986566234e-03
7.796058140412571724e-01,7.787239826015274202e-01,-8.818314397297521978e-04,-2.645494319189256593e-03,3.982935921975627735e-03,1.337441602786371142e-03
7.795926713323442225e-01,7.787239826015274202e-01,-8.686887308168023125e-04,-2.606066192450406938e-03,3.942812673884965591e-03,1.336746481434558653e-03
7.795796622980794011e-01,7.787239826015274202e-01,-8.556796965519808396e-04,-2.567039089655942519e-03,3.902710279446441888e-03,1.335671189790499369e-03
7.795667868309336113e-01,7.787239826015274202e-01,-8.428042294061910411e-04,-2.528412688218573123e-03,3.862640143736939535e-03,1.334227455518366412e-03
7.795540447865333400e-01,7.787239826015274202e-01,-8.300621850059197726e-04,-2.490186555017759318e-03,3.822613320081380550e-03,1.332426765063621232e-03
7.795414359848095165e-01,7.787239826015274202e-01,-8.174533832820962687e-04,-2.452360149846288806e-03,3.782640517147051185e-03,1.330280367300762379e-03
7.795289602111225014e-01,7.787239826015274202e-01,-8.049776095950811339e-04,-2.414932828785243402e-03,3.742732106104540435e-03,1.327799277319297033e-03
7.795166172173632058e-01,7.787239826015274202e-01,-7.926346158357855387e-04,-2.377903847507356616e-03,3.702898127788678551e-03,1.324994280281321934e-03
7.795044067230318952e-01,7.787239826015274202e-01,-7.804241215044749325e-04,-2.341272364513424797e-03,3.663148299393181873e-03,1.321875934879757075e-03
7.794923284162941224e-01,7.787239826015274202e-01,-7.683458147667021620e-04,-2.305037444300106486e-03,3.623492021331831126e-03,1.318454577031724639e-03
7.794803819550140123e-01,7.787239826015274202e-01,-7.563993534865920410e-04,-2.269198060459776123e-03,3.583938384033036328e-03,1.314740323573260206e-03
7.794685669677662299e-01,4.530523970486144414e-02,-7.341633272629047857e-01,-2.202489981788714246e+00,0.000000000000000000e+00,-2.202489981788714246e+00
7.792365029823395961e-01,4.530523970486144414e-02,-7.339312632774781520e-01,-2.201793789832434456e+00,6.961919562799012695e-02,-2.132174594204444329e+00
7.787912215374925839e-01,4.530523970486144414e-02,-7.334859818326311398e-01,-2.200457945497893419e+00,1.335844334541036460e-01,-2.066873512043789773e+00
7.781392527414411342e-01,4.530523970486144414e-02,-7.328340130365796901e-01,-2.198502039109738959e+00,1.955906388154349251e-01,-2.002911400294304034e+00
7.772869928053602884e-01,4.530523970486144414e-02,-7.319817531004988442e-01,-2.195945259301496755e+00,2.556779808242537477e-01,-1.940267278477243007e+00
7.762407061414317022e-01,4.530523970486144414e-02,-7.309354664365702581e-01,-2.192806399309710663e+00,3.138859991785758474e-01,-1.878920400131134816e+00
7.750065274374899893e-01,4.530523970486144414e-02,-7.297012877326285452e-01,-2.189103863197885858e+00,3.702536111825138754e-01,-1.818850252015371982e+00
7.735904637083467206e-01,4.530523970486144414e-02,-7.282852240034852764e-01,-2.184855672010455940e+00,4.248191187429806170e-01,-1.760036553267475323e+00
7.719983963238766789e-01,4.530523970486144414e-02,-7.266931566190152347e-01,-2.180079469857045815e+00,4.776202153410125106e-01,-1.702459254516033305e+00
7.702360830139550751e-01,4.530523970486144414e-02,-7.249308433090936310e-01,-2.174792529927280782e+00,5.286939929764811197e-01,-1.646098536950799662e+00
7.683091598503384301e-01,4.530523970486144414e-02,-7.230039201454769859e-01,-2.169011760436430958e+00,5.780769490849935188e-01,-1.590934811351437439e+00
7.662231432055865987e-01,4.530523970486144414e-02,-7.209179035007251546e-01,-2.162753710502175686e+00,6.258049934255494051e-01,-1.536948717076626281e+00
7.639834316891270793e-01,4.530523970486144414e-02,-7.186781919842656352e-01,-2.156034575952797017e+00,6.719134549378558141e-01,-1.484121121014941203e+00
7.615953080605660785e-01,4.530523970486144414e-02,-7.162900683557046344e-01,-2.148870205067114014e+00,7.164370885683002399e-01,-1.432433116498813774e+00
7.590639411203552456e-01,4.530523970486144414e-02,-7.137587014154938014e-01,-2.141276104246481182e+00,7.594100820632498916e-01,-1.381866022183231291e+00
7.563943875779260972e-01,4.530523970486144414e-02,-7.110891478730646531e-01,-2.133267443619193848e+00,8.008660627287444989e-01,-1.332401380890449349e+00
7.535915938974078188e-01,4.530523970486144414e-02,-7.082863541925463746e-01,-2.124859062577638902e+00,8.408381041554835456e-01,-1.284020958422155356e+00
7.506603981210473453e-01,4.530523970486144414e-02,-7.053551584161859012e-01,-2.116065475248557703e+00,8.793587329081420378e-01,-1.236706742340415666e+00
7.476055316704528497e-01,4.530523970486144414e-02,-7.023002919655914056e-01,-2.106900875896774217e+00,9.164599351783486725e-01,-1.190440940718425544e+00
7.444316211257865357e-01,4.530523970486144414e-02,-6.991263814209250915e-01,-2.097379144262775164e+00,9.521731633998942179e-01,-1.145205980862880946e+00
7.411431899830339676e-01,4.530523970486144414e-02,-6.958379502781725234e-01,-2.087513850834517459e+00,9.865293428257704278e-01,-1.100984508008747031e+00
7.377446603894805000e-01,4.530523970486144414e-02,-6.924394206846190558e-01,-2.077318262053857278e+00,1.019558878066040286e+00,-1.057759383987816992e+00
7.342403548575282546e-01,4.530523970486144414e-02,-6.889351151526668104e-01,-2.066805345458000431e+00,1.051291659585673610e+00,-1.015513685872326821e+00
7.306344979569887599e-01,4.530523970486144414e-02,-6.853292582521273157e-01,-2.055987774756381725e+00,1.081757070161848411e+00,-9.742307045945333144e-01
7.269312179859898082e-01,4.530523970486144414e-02,-6.816259782811283641e-01,-2.044877934843384981e+00,1.110983991299685503e+00,-9.338939435436994785e-01
7.231345486206365303e-01,4.530523970486144414e-02,-6.778293089157750861e-01,-2.033487926747325147e+00,1.139000809605983378e+00,-8.944871171413417699e-01
7.192484305435691283e-01,4.530523970486144414e-02,-6.739431908387076842e-01,-2.021829572516122830e+00,1.165835423120220593e+00,-8.559941493959022374e-01
7.152767130515620408e-01,4.530523970486144414e-02,-6.699714733467005967e-01,-2.009914420040101568e+00,1.191515247602126237e+00,-8.183991724379753308e-01
7.112231556423112000e-01,4.530523970486144414e-02,-6.659179159374497559e-01,-1.997753747812349268e+00,1.216067222775252255e+00,-7.816865250370970131e-01
7.070914295805565963e-01,4.530523970486144414e-02,-6.617861898756951522e-01,-1.985358569627085457e+00,1.239517818526381099e+00,-7.458407511007043578e-01
7.028851194436919192e-01,4.530523970486144414e-02,-6.575798797388304751e-01,-1.972739639216491536e+00,1.261893041059403142e+00,-7.108465981570883940e-01
6.986077246470115965e-01,4.530523970486144414e-02,-6.533024849421501523e-01,-1.959907454826450568e+00,1.283218439004096822e+00,-6.766890158223537455e-01
6.942626609487489997e-01,4.530523970486144414e-02,-6.489574212438875556e-01,-1.946872263731662667e+00,1.303519109478779026e+00,-6.433531542528836411e-01
6.898532619350611350e-01,4.530523970486144414e-02,-6.445480222301996909e-01,-1.933644066690598962e+00,1.322819704106359406e+00,-6.108243625842395552e-01
6.853827804851148064e-01,4.530523970486144414e-02,-6.400775407802533623e-01,-1.920232622340760198e+00,1.341144434983898570e+00,-5.790881873568616278e-01
6.808543902164327921e-01,4.530523970486144414e-02,-6.355491505115713480e-01,-1.906647451534714044e+00,1.358517080604604299e+00,-5.481303709301097449e-01
6.762711869106577955e-01,4.530523970486144414e-02,-6.309659472057963514e-01,-1.892897841617389165e+00,1.374960991732498972e+00,-5.179368498848901936e-01
6.716361899198943775e-01,4.530523970486144414e-02,-6.263309502150329333e-01,-1.878992850645098800e+00,1.390499097229025427e+00,-4.884937534160733730e-01
6.669523435537892952e-01,4.530523970486144414e-02,-6.216471038489278511e-01,-1.864941311546783442e+00,1.405153909831524661e+00,-4.597874017152587811e-01
6.622225184475126758e-01,4.530523970486144414e-02,-6.169172787426512317e-01,-1.850751836227953806e+00,1.418947531882985835e+00,-4.318043043449679708e-01
6.574495129108015590e-01,4.530523970486144414e-02,-6.121442732059401148e-01,-1.836432819617820345e+00,1.431901661013335048e+00,-4.045311586044852969e-01
6.526360542582300139e-01,4.530523970486144414e-02,-6.073308145533685698e-01,-1.821992443660105820e+00,1.444037595771463511e+00,-3.779548478886423091e-01
6.477848001208695861e-01,4.530523970486144414e-02,-6.024795604160081419e-01,-1.807438681248024537e+00,1.455376241208128363e+00,-3.520624400398961740e-01
6.428983397395051647e-01,4.530523970486144414e-02,-5.975931000346437205e-01,-1.792779300103931162e+00,1.465938114409326420e+00,-3.268411856946047411e-01
6.379791952395712507e-01,4.530523970486144414e-02,-5.926739555347098065e-01,-1.778021866604129420e+00,1.475743349980174202e+00,-3.022785166239552179e-01
6.330298228879750466e-01,4.530523970486144414e-02,-5.877245831831136025e-01,-1.763173749549340918e+00,1.484811705478861210e+00,-2.783620440704797083e-01
6.280526143319717924e-01,4.530523970486144414e-02,-5.827473746271103483e-01,-1.748242123881331045e+00,1.493162566800976254e+00,-2.550795570803547907e-01
6.230498978202604343e-01,4.530523970486144414e-02,-5.777446581153989902e-01,-1.733233974346196860e+00,1.500814953513407435e+00,-2.324190208327894247e-01
6.180239394064658276e-01,4.530523970486144414e-02,-5.727186997016043835e-01,-1.718156099104813261e+00,1.507787524138382018e+00,-2.103685749664312432e-01
6.129769441351745618e-01,4.530523970486144414e-02,-5.676717044303131177e-01,-1.703015113290939464e+00,1.514098581387379738e+00,-1.889165319035597257e-01
6.079110572106929400e-01,4.530523970486144414e-02,-5.626058175058314959e-01,-1.687817452517494488e+00,1.519766077344486543e+00,-1.680513751730079441e-01
6.028283651486939787e-01,4.530523970486144414e-02,-5.575231254438325346e-01,-1.672569376331497715e+00,1.524807618599688386e+00,-1.477617577318093289e-01
5.977308969109218495e-01,4.530523970486144414e-02,-5.524256572060604054e-01,-1.657276971618181216e+00,1.529240471331638762e+00,-1.280365002865424540e-01
5.926206250231210726e-01,4.530523970486144414e-02,-5.473153853182596285e-01,-1.641946155954778774e+00,1.533081566340233071e+00,-1.088645896145457037e-01
5.874994666763588835e-01,4.530523970486144414e-02,-5.421942269714974394e-01,-1.626582680914492318e+00,1.536347504028656719e+00,-9.023517688583559959e-02
5.823692848119080834e-01,4.530523970486144414e-02,-5.370640451070466392e-01,-1.611192135321140029e+00,1.539054559335240047e+00,-7.213757598589998210e-02
5.772318891898586823e-01,4.530523970486144414e-02,-5.319266494849972382e-01,-1.595779948454991715e+00,1.541218686614820310e+00,-5.456126184017140446e-02
5.720890374416253144e-01,4.530523970486144414e-02,-5.267837977367638702e-01,-1.580351393210291722e+00,1.542855524470010398e+00,-3.749586874028132399e-02
5.669424361065178442e-01,4.530523970486144414e-02,-5.216371964016564000e-01,-1.564911589204969200e+00,1.543980400532241060e+00,-2.093118867272814043e-02
5.617937416525431438e-01,4.530523970486144414e-02,-5.164885019476816996e-01,-1.549465505843045099e+00,1.544608336192410114e+00,-4.857169650634984848e-03
5.566445614816033505e-01,4.530523970486144414e-02,-5.113393217767419063e-01,-1.534017965330225719e+00,1.544754051281937990e+00,1.073608595171227087e-02
5.514964549192588050e-01,4.530523970486144414e-02,-5.061912152143973609e-01,-1.518573645643192194e+00,1.544431968703363633e+00,2.585832306017143978e-02
5.463509341892202054e-01,4.530523970486144414e-02,-5.010456944843587612e-01,-1.503137083453076173e+00,1.543656219011579900e+00,4.051913555850372717e-02
5.412094653727375082e-01,4.530523970486144414e-02,-4.959042256678760641e-01,-1.487712677003628192e+00,1.542440644944809147e+00,5.472796794118095498e-02
5.360734693530488926e-01,4.530523970486144414e-02,-4.907682296481874484e-01,-1.472304688944562345e+00,1.540798805906584690e+00,6.849411696202234445e-02
5.309443227450565406e-01,4.530523970486144414e-02,-4.856390830401950964e-01,-1.456917249120585289e+00,1.538743982397705601e+00,8.182673327712031153e-02
5.258233588103918832e-01,4.530523970486144414e-02,-4.805181191055304391e-01,-1.441554357316591428e+00,1.536289180399397214e+00,9.473482308280578579e-02
5.207118683580355123e-01,4.530523970486144414e-02,-4.754066286531740682e-01,-1.426219885959522315e+00,1.533447135706911268e+00,1.072272497473889530e-01
5.156111006306538513e-01,4.530523970486144414e-02,-4.703058609257924072e-01,-1.410917582777377222e+00,1.530230318214498286e+00,1.193127354371210647e-01
5.105222641768158987e-01,4.530523970486144414e-02,-4.652170244719544545e-01,-1.395651073415863364e+00,1.526650936151385807e+00,1.309998627355224432e-01
5.054465277092514697e-01,4.530523970486144414e-02,-4.601412880043900255e-01,-1.380423864013170077e+00,1.522720940269328693e+00,1.422970762561586167e-01
5.003850209493126977e-01,4.530523970486144414e-02,-4.550797812444512536e-01,-1.365239343733353650e+00,1.518452027981631591e+00,1.532126842482779416e-01
4.953388354577987207e-01,4.530523970486144414e-02,-4.500335957529372766e-01,-1.350100787258811774e+00,1.513855647454193099e+00,1.637548601953813243e-01
4.903090254523043146e-01,4.530523970486144414e-02,-4.450037857474428704e-01,-1.335011357242328556e+00,1.508943001648321847e+00,1.739316444059932909e-01
4.852966086112505129e-01,4.530523970486144414e-02,-4.399913689063890687e-01,-1.319974106719167262e+00,1.503725052316140509e+00,1.837509455969732475e-01
4.803025668647563640e-01,4.530523970486144414e-02,-4.349973271598949198e-01,-1.304991981479684870e+00,1.498212523948244668e+00,1.932205424685597972e-01
4.753278471725090881e-01,4.530523970486144414e-02,-4.300226074676476440e-01,-1.290067822402942932e+00,1.492415907674182751e+00,2.023480852712398192e-01
4.703733622887889543e-01,4.530523970486144414e-02,-4.250681225839275101e-01,-1.275204367751782586e+00,1.486345465116040154e+00,2.111410973642575684e-01
4.654399915148052513e-01,4.530523970486144414e-02,-4.201347518099438072e-01,-1.260404255429831366e+00,1.480011232195110882e+00,2.196069767652795157e-01
4.605285814384980636e-01,4.530523970486144414e-02,-4.152233417336366195e-01,-1.245670025200909858e+00,1.473423022892156320e+00,2.277529976912464615e-01
4.556399466619600047e-01,4.530523970486144414e-02,-4.103347069570985606e-01,-1.231004120871295626e+00,1.466590432961417667e+00,2.355863120901220409e-01
4.507748705166309544e-01,4.530523970486144414e-02,-4.054696308117695103e-01,-1.216408892435308475e+00,1.459522843598715092e+00,2.431139511634066164e-01
4.459341057664182317e-01,4.530523970486144414e-02,-4.006288660615567876e-01,-1.201886598184670252e+00,1.452229425063816803e+00,2.503428268791465516e-01
4.411183752988934170e-01,4.530523970486144414e-02,-3.958131355940319729e-01,-1.187439406782095919e+00,1.444719140257444412e+00,2.572797334753484932e-01
4.363283728047161469e-01,4.530523970486144414e-02,-3.910231330998547028e-01,-1.173069399299563997e+00,1.437000748253181026e+00,2.639313489536170287e-01
4.315647634454342629e-01,4.530523970486144414e-02,-3.862595237405728188e-01,-1.158778571221718456e+00,1.429082807784565201e+00,2.703042365628467447e-01
4.268281845098086391e-01,4.530523970486144414e-02,-3.815229448049471950e-01,-1.144568834414841696e+00,1.420973680687687146e+00,2.764048462728454503e-01
4.221192460588102935e-01,4.530523970486144414e-02,-3.768140063539488493e-01,-1.130442019061846493e+00,1.412681535299503688e+00,2.822395162376571953e-01
4.174385315594357215e-01,4.530523970486144414e-02,-3.721332918545742774e-01,-1.116399875563722777e+00,1.404214349812371587e+00,2.878144742486488106e-01
4.127865985074860022e-01,4.530523970486144414e-02,-3.674813588026245581e-01,-1.102444076407873563e+00,1.395579915584915787e+00,2.931358391770422234e-01
4.081639790394540057e-01,4.530523970486144414e-02,-3.628587393345925616e-01,-1.088576218003777685e+00,1.386785840409598958e+00,2.982096224058212730e-01
4.035711805336625879e-01,4.530523970486144414e-02,-3.582659408288011438e-01,-1.074797822486403431e+00,1.377839551737425339e+00,3.030417292510219074e-01
3.990086862007962698e-01,4.530523970486144414e-02,-3.537034464959348257e-01,-1.061110339487804533e+00,1.368748299859895434e+00,3.076379603720909017e-01
3.944769556639671770e-01,4.530523970486144414e-02,-3.491717159591057329e-01,-1.047515147877317254e+00,1.359519161048727831e+00,3.120040131714105769e-01
3.899764255284551839e-01,4.530523970486144414e-02,-3.446711858235937398e-01,-1.034013557470781164e+00,1.350159040653597931e+00,3.161454831828167666e-01
3.855075099412614836e-01,4.530523970486144414e-02,-3.402022702364000395e-01,-1.020606810709200118e+00,1.340674676158110090e+00,3.200678654489099717e-01
3.810706011406126970e-01,4.530523970486144414e-02,-3.357653614357512528e-01,-1.007296084307253814e+00,1.331072640194636003e+00,3.237765558873821892e-01
3.766660699955526326e-01,4.530523970486144414e-02,-3.313608302906911884e-01,-9.940824908720735653e-01,1.321359343518019314e+00,3.272768526459457483e-01
3.722942665357571457e-01,4.530523970486144414e-02,-3.269890268308957015e-01,-9.809670804926871046e-01,1.311541037938646070e+00,3.305739574459589658e-01
3.679555204717062655e-01,4.530523970486144414e-02,-3.226502807668448214e-01,-9.679508423005345197e-01,1.301623819215264044e+00,3.336729769147295244e-01
3.636501417053468743e-01,4.530523970486144414e-02,-3.183449020004854302e-01,-9.550347060014563461e-01,1.291613629907817362e+00,3.365789239063610161e-01
3.593784208313781092e-01,4.530523970486144414e-02,-3.140731811265166651e-01,-9.422195433795499397e-01,1.281516262190629529e+00,3.392967188110795895e-01
3.551406296292904385e-01,4.530523970486144414e-02,-3.098353899244289944e-01,-9.295061697732869277e-01,1.271337360626301205e+00,3.418311908530142773e-01
3.509370215462880860e-01,4.530523970486144414e-02,-3.056317818414266418e-01,-9.168953455242798700e-01,1.261082424900705767e+00,3.441870793764258973e-01
3.467678321712233669e-01,4.530523970486144414e-02,-3.014625924663619227e-01,-9.043877773990858238e-01,1.250756812519415728e+00,3.463690351203299045e-01
3.426332796996707231e-01,4.530523970486144414e-02,-2.973280399948092789e-01,-8.919841199844278368e-01,1.240365741465793148e+00,3.483816214813653112e-01
3.385335653902661890e-01,4.530523970486144414e-02,-2.932283256854047448e-01,-8.796849770562142901e-01,1.229914292821360222e+00,3.502293157651459321e-01
3.344688740124381887e-01,4.530523970486144414e-02,-2.891636343075767446e-01,-8.674909029227302337e-01,1.219407413348400082e+00,3.519165104256698484e-01
3.304393742856527316e-01,4.530523970486144414e-02,-2.851341345807912875e-01,-8.554024037423738624e-01,1.208849918035637128e+00,3.534475142932632652e-01
3.264452193102966304e-01,4.530523970486144414e-02,-2.811399796054351863e-01,-8.434199388163055033e-01,1.198246492606830360e+00,3.548265537905248568e-01
3.224865469903195336e-01,4.530523970486144414e-02,-2.771813072854580895e-01,-8.315439218563742685e-01,1.187601695993129036e+00,3.560577741367547677e-01
3.185634804477561199e-01,4.530523970486144414e-02,-2.732582407428946758e-01,-8.197747222286839719e-01,1.176919962769024108e+00,3.571452405403401364e-01
3.146761284292467487e-01,4.530523970486144414e-02,-2.693708887243853045e-01,-8.081126661731559135e-01,1.166205605552811386e+00,3.580929393796554727e-01
3.108245857046753602e-01,4.530523970486144414e-02,-2.655193459998139160e-01,-7.965580379994416926e-01,1.155462817371416540e+00,3.589047793719748469e-01
3.070089334580411444e-01,4.530523970486144414e-02,-2.617036937531797003e-01,-7.851110812595391009e-01,1.144695673990264728e+00,3.595845927307256273e-01
3.032292396706799953e-01,4.530523970486144414e-02,-2.579239999658185511e-01,-7.737719998974557090e-01,1.133908136208344741e+00,3.601361363108890323e-01
2.994855594969499379e-01,4.530523970486144414e-02,-2.541803197920884938e-01,-7.625409593762655369e-01,1.123104052119017204e+00,3.605630927427516674e-01
2.957779356324941600e-01,4.530523970486144414e-02,-2.504726959276327158e-01,-7.514180877828982030e-01,1.112287159336733389e+00,3.608690715538351856e-01
2.921063986751937791e-01,4.530523970486144414e-02,-2.468011589703323350e-01,-7.404034769109970604e-01,1.101461087190114263e+00,3.610576102791172026e-01
2.884709674789213141e-01,4.530523970486144414e-02,-2.431657277740598699e-01,-7.294971833221796098e-01,1.090629358881739508e+00,3.611321755595598981e-01
2.848716495002048266e-01,4.530523970486144414e-02,-2.395664097953433824e-01,-7.186992293860301473e-01,1.079795393614946253e+00,3.610961642289161055e-01
2.813084411379112026e-01,4.530523970486144414e-02,-2.360032014330497585e-01,-7.080096042991492755e-01,1.068962508688087176e+00,3.609529043889379007e-01
2.777813280660564876e-01,4.530523970486144414e-02,-2.324760883611950435e-01,-6.974282650835851305e-01,1.058133921556414503e+00,3.607056564728293724e-01
2.742902855598490230e-01,4.530523970486144414e-02,-2.289850458549875789e-01,-6.869551375649627367e-01,1.047312751862239377e+00,3.603576142972766405e-01
2.708352788150713009e-01,4.530523970486144414e-02,-2.255300391102098567e-01,-6.765901173306295702e-01,1.036502023433316655e+00,3.599119061026870847e-01
2.674162632609038415e-01,4.530523970486144414e-02,-2.221110235560423973e-01,-6.663330706681271920e-01,1.025704666250237818e+00,3.593715955821106256e-01
2.640331848662946235e-01,4.530523970486144414e-02,-2.187279451614331793e-01,-6.561838354842994825e-01,1.014923518382765399e+00,3.587396828984659169e-01
2.606859804399752067e-01,4.530523970486144414e-02,-2.153807407351137626e-01,-6.461422222053412323e-01,1.004161327895825018e+00,3.580191056904837854e-01
2.573745779242248566e-01,4.530523970486144414e-02,-2.120693382193634124e-01,-6.362080146580901818e-01,9.934207547251050485e-01,3.572127400670148667e-01
2.540988966824812012e-01,4.530523970486144414e-02,-2.087936569776197571e-01,-6.263809709328592712e-01,9.827043725230966142e-01,3.563234015902373431e-01
2.508588477808965655e-01,4.530523970486144414e-02,-2.055536080760351214e-01,-6.166608242281053087e-01,9.720146704753906963e-01,3.553538462472853876e-01
2.476543342639366818e-01,4.530523970486144414e-02,-2.023490945590752377e-01,-6.070472836772257130e-01,9.613540550879651203e-01,3.543067714107394073e-01
2.444852514241178665e-01,4.530523970486144414e-02,-1.991800117192564223e-01,-5.975400351577693225e-01,9.507248519456446001e-01,3.531848167878752776e-01
2.413514870659778377e-01,4.530523970486144414e-02,-1.960462473611163936e-01,-5.881387420833491531e-01,9.401293074420086215e-01,3.519905653586594685e-01
2.382529217643736819e-01,4.530523970486144414e-02,-1.929476820595122377e-01,-5.788430461785367687e-01,9.295695904812467658e-01,3.507265443027099971e-01
2.351894291171997831e-01,4.530523970486144414e-02,-1.898841894123383389e-01,-5.696525682370150445e-01,9.190477941521696392e-01,3.493952259151545947e-01
2.321608759926174215e-01,4.530523970486144414e-02,-1.868556362877559773e-01,-5.605669088632678765e-01,9.085659373747084766e-01,3.479990285114406001e-01
2.291671227708861891e-01,4.530523970486144414e-02,-1.838618830660247450e-01,-5.515856491980741794e-01,8.981259665193697117e-01,3.465403173212955323e-01
2.262080235808870965e-01,4.530523970486144414e-02,-1.809027838760256524e-01,-5.427083516280769571e-01,8.877297569997277815e-01,3.450214053716508245e-01
2.232834265314251609e-01,4.530523970486144414e-02,-1.779781868265637168e-01,-5.339345604796911227e-01,8.773791148385806649e-01,3.434445543588895422e-01
2.203931739373991006e-01,4.530523970486144414e-02,-1.750879342325376564e-01,-5.252638026976129693e-01,8.670757782078181153e-01,3.418119755102051460e-01
2.175371025409240655e-01,4.530523970486144414e-02,-1.722318628360626214e-01,-5.166955885081878641e-01,8.568214189425105154e-01,3.401258304343226513e-01
2.147150437274924772e-01,4.530523970486144414e-02,-1.694098040226310331e-01,-5.082294120678930716e-01,8.466176440294764793e-01,3.383882319615834078e-01
2.119268237372570474e-01,4.530523970486144414e-02,-1.666215840323956032e-01,-4.998647520971868374e-01,8.364659970706289638e-01,3.366012449734421264e-01
2.091722638715189653e-01,4.530523970486144414e-02,-1.638670241666575211e-01,-4.916010724999725356e-01,8.263679597214246275e-01,3.347668872214520919e-01
2.064511806945030226e-01,4.530523970486144414e-02,-1.611459409896415784e-01,-4.834378229689247353e-01,8.163249531047828134e-01,3.328871301358580781e-01
2.037633862305006649e-01,4.530523970486144414e-02,-1.584581465256392208e-01,-4.753744395769176623e-01,8.063383392007072992e-01,3.309638996237896369e-01
2.011086881564606854e-01,4.530523970486144414e-02,-1.558034484515992413e-01,-4.674103453547977516e-01,7.964094222119938449e-01,3.289990768571960933e-01
1.984868899901064132e-01,4.530523970486144414e-02,-1.531816502852449691e-01,-4.595449508557348794e-01,7.865394499062816625e-01,3.269944990505467830e-01
1.958977912736571958e-01,4.530523970486144414e-02,-1.505925515687957517e-01,-4.517776547063872550e-01,7.767296149347652223e-01,3.249519602283779673e-01
1.933411877532308365e-01,4.530523970486144414e-02,-1.480359480483693924e-01,-4.441078441451081771e-01,7.669810561279077898e-01,3.228732119827996128e-01
1.908168715540027593e-01,4.530523970486144414e-02,-1.455116318491413152e-01,-4.365348955474239734e-01,7.572948597684231453e-01,3.207599642209991719e-01
1.883246313511967585e-01,4.530523970486144414e-02,-1.430193916463353143e-01,-4.290581749390059429e-01,7.476720608418002678e-01,3.186138859027943249e-01
1.858642525369810505e-01,4.530523970486144414e-02,-1.405590128321196064e-01,-4.216770384963588469e-01,7.381136442647123763e-01,3.164366057683535294e-01
1.834355173833421837e-01,4.530523970486144414e-02,-1.381302776784807396e-01,-4.143908330354422187e-01,7.286205460916600485e-01,3.142297130562178298e-01
1.810382052010089393e-01,4.530523970486144414e-02,-1.357329654961474952e-01,-4.071988964884424855e-01,7.191936546999733171e-01,3.119947582115308315e-01
1.786720924944968369e-01,4.530523970486144414e-02,-1.333668527896353928e-01,-4.001005583689061784e-01,7.098338119536307111e-01,3.097332535847245327e-01
1.763369531133432144e-01,4.530523970486144414e-02,-1.310317134084817703e-01,-3.930951402254453386e-01,7.005418143460867553e-01,3.074466741206414166e-01
1.740325583996016612e-01,4.530523970486144414e-02,-1.287273186947402170e-01,-3.861819560842206789e-01,6.913184141224659740e-01,3.051364580382452951e-01
1.717586773316639170e-01,4.530523970486144414e-02,-1.264534376268024729e-01,-3.793603128804073910e-01,6.821643203813232414e-01,3.028040075009158505e-01
1.695150766644762663e-01,4.530523970486144414e-02,-1.242098369596148222e-01,-3.726295108788444388e-01,6.730802001562952164e-01,3.004506892774507776e-01
1.673015210662163743e-01,4.530523970486144414e-02,-1.219962813613549302e-01,-3.659888440840647905e-01,6.640666794779676030e-01,2.980778353939028125e-01
1.651177732514958751e-01,4.530523970486144414e-02,-1.198125335466344310e-01,-3.594376006399032653e-01,6.551243444161497509e-01,2.956867437762464856e-01
1.629635941111529929e-01,4.530523970486144414e-02,-1.176583544062915487e-01,-3.529750632188746184e-01,6.462537421028646811e-01,2.932786788839900627e-01
1.608387428386985063e-01,4.530523970486144414e-02,-1.155335031338370622e-01,-3.466005094015112142e-01,6.374553817363459718e-01,2.908548723348347576e-01
1.587429770534775075e-01,4.530523970486144414e-02,-1.134377373486160634e-01,-3.403132120458481902e-01,6.287297355662996301e-01,2.884165235204514399e-01
1.566760529206085439e-01,4.530523970486144414e-02,-1.113708132157470998e-01,-3.341124396472412994e-01,6.200772398606890778e-01,2.859648002134477784e-01
1.546377252677609282e-01,4.530523970486144414e-02,-1.093324855628994841e-01,-3.279974566886984522e-01,6.114982958542847236e-01,2.835008391655862714e-01
1.526277476988298631e-01,4.530523970486144414e-02,-1.073225079939684190e-01,-3.219675239819052570e-01,6.029932706793195152e-01,2.810257466974142582e-01
1.506458727045685564e-01,4.530523970486144414e-02,-1.053406329997071122e-01,-3.160218989991213645e-01,5.945624982783920265e-01,2.785405992792706620e-01
1.486918517702351672e-01,4.530523970486144414e-02,-1.033866120653737231e-01,-3.101598361961211969e-01,5.862062803000167577e-01,2.760464441038955608e-01
1.467654354803121786e-01,4.530523970486144414e-02,-1.014601957754507344e-01,-3.043805873263522033e-01,5.779248869768965902e-01,2.735442996505443869e-01
1.448663736203542329e-01,4.530523970486144414e-02,-9.956113391549278879e-02,-2.986834017464783386e-01,5.697185579873836891e-01,2.710351562409053505e-01
1.429944152760203868e-01,4.530523970486144414e-02,-9.768917557115894268e-02,-2.930675267134768003e-01,5.615875033001538341e-01,2.685199765866770338e-01
1.411493089293452130e-01,4.530523970486144414e-02,-9.584406922448376887e-02,-2.875322076734513344e-01,5.535319040025521442e-01,2.659996963291008099e-01
1.393308025523029292e-01,4.530523970486144414e-02,-9.402556284744148507e-02,-2.820766885423244830e-01,5.455519131126851384e-01,2.634752245703606555e-01
1.375386436977176774e-01,4.530523970486144414e-02,-9.223340399285623326e-02,-2.767002119785686998e-01,5.376476563755755445e-01,2.609474443970068447e-01
1.357725795875721342e-01,4.530523970486144414e-02,-9.046733988271069005e-02,-2.714020196481320424e-01,5.298192330436629627e-01,2.584172133955309203e-01
1.340323571987661611e-01,4.530523970486144414e-02,-8.872711749390471692e-02,-2.661813524817141507e-01,5.220667166417919391e-01,2.558853641600777884e-01
1.323177233463761759e-01,4.530523970486144414e-02,-8.701248364151473180e-02,-2.610374509245442232e-01,5.143901557169955341e-01,2.533527047924513109e-01
1.306284247644654561e-01,4.530523970486144414e-02,-8.532318505960401200e-02,-2.559695551788120360e-01,5.067895745732159396e-01,2.508200193944039036e-01
1.289642081844941668e-01,4.530523970486144414e-02,-8.365896847963272265e-02,-2.509769054388981679e-01,4.992649739913868068e-01,2.482880685524886388e-01
1.273248204113781312e-01,4.530523970486144414e-02,-8.201958070651668709e-02,-2.460587421195500613e-01,4.918163319348106688e-01,2.457575898152606075e-01
1.257100083972436111e-01,4.530523970486144414e-02,-8.040476869238216695e-02,-2.412143060771465009e-01,4.844436042403560405e-01,2.432292981632095397e-01
1.241195193129254193e-01,4.530523970486144414e-02,-7.881427960806397515e-02,-2.364428388241919254e-01,4.771467252954575411e-01,2.407038864712656157e-01
1.225531006172543430e-01,4.530523970486144414e-02,-7.724786091239289887e-02,-2.317435827371787105e-01,4.699256087013228833e-01,2.381820259641441728e-01
1.210105001241796874e-01,4.530523970486144414e-02,-7.570526041931824324e-02,-2.271157812579547297e-01,4.627801479223966896e-01,2.356643666644419599e-01
1.194914660677714735e-01,4.530523970486144414e-02,-7.418622636291002936e-02,-2.225586790887300881e-01,4.557102169224641619e-01,2.331515378337340738e-01
1.179957471651466305e-01,4.530523970486144414e-02,-7.269050746028518639e-02,-2.180715223808555592e-01,4.487156707874528916e-01,2.306441484065973324e-01
1.165230926773624526e-01,4.530523970486144414e-02,-7.121785297250100844e-02,-2.136535589175030392e-01,4.417963463352533870e-01,2.281427874177503479e-01
1.150732524683200503e-01,4.530523970486144414e-02,-6.976801276345860614e-02,-2.093040382903758045e-01,4.349520627127206884e-01,2.256480244223448839e-01
1.136459770617198745e-01,4.530523970486144414e-02,-6.834073735685843032e-02,-2.050222120705753048e-01,4.281826219800527467e-01,2.231604099094774418e-01
1.122410176961106537e-01,4.530523970486144414e-02,-6.693577799124920957e-02,-2.008073339737476148e-01,4.214878096827662235e-01,2.206804757090186087e-01
1.108581263780723386e-01,4.530523970486144414e-02,-6.555288667321089446e-02,-1.966586600196326695e-01,4.148673954114945328e-01,2.182087353918618633e-01
1.094970559335732008e-01,4.530523970486144414e-02,-6.419181622871175663e-02,-1.925754486861352699e-01,4.083211333497413498e-01,2.157456846636060799e-01
1.081575600575404306e-01,4.530523970486144414e-02,-6.285232035267898643e-02,-1.885569610580369593e-01,4.018487628098310616e-01,2.132918017517941023e-01
1.068393933616828412e-01,4.530523970486144414e-02,-6.153415365682139704e-02,-1.846024609704641772e-01,3.954500087572768163e-01,2.108475477868126391e-01
1.055423114206039265e-01,4.530523970486144414e-02,-6.023707171574248231e-02,-1.807112151472274331e-01,3.891245823236744172e-01,2.084133671764469842e-01
1.042660708162426592e-01,4.530523970486144414e-02,-5.896083111138121502e-02,-1.768824933341436312e-01,3.828721813083801884e-01,2.059896879742365572e-01
1.030104291806788197e-01,4.530523970486144414e-02,-5.770518947581737557e-02,-1.731155684274521267e-01,3.766924906691518360e-01,2.035769222416997093e-01
1.017751452373391458e-01,4.530523970486144414e-02,-5.646990553247770162e-02,-1.694097165974330910e-01,3.705851830019021853e-01,2.011754664044690943e-01
1.005599788406399131e-01,4.530523970486144414e-02,-5.525473913577846896e-02,-1.657642174073354069e-01,3.645499190097697961e-01,1.987857016024343892e-01
9.936469101410093374e-02,4.530523970486144414e-02,-5.405945130923948960e-02,-1.621783539277184549e-01,3.585863479616938077e-01,1.964079940339753527e-01
9.818904398696534641e-02,4.530523970486144414e-02,-5.288380428210390227e-02,-1.586514128463117068e-01,3.526941081406761991e-01,1.940426952943644923e-01
9.703280122935920016e-02,4.530523970486144414e-02,-5.172756152449775602e-02,-1.551826845734932681e-01,3.468728272818438763e-01,1.916901427083506082e-01
9.589572748602388785e-02,4.530523970486144414e-02,-5.059048778116244371e-02,-1.517714633434873450e-01,3.411221230005936911e-01,1.893506596571063461e-01
9.477758880865427837e-02,4.530523970486144414e-02,-4.947234910379283424e-02,-1.484170473113785027e-01,3.354416032108828438e-01,1.870245558995043411e-01
9.367815258687461899e-02,4.530523970486144414e-02,-4.837291288201317485e-02,-1.451187386460395246e-01,3.298308665338978152e-01,1.847121278878582906e-01
9.259718757788375221e-02,4.530523970486144414e-02,-4.729194787302230807e-02,-1.418758436190669103e-01,3.242895026972600347e-01,1.824136590781931244e-01
9.153446393480070553e-02,4.530523970486144414e-02,-4.622922422993926139e-02,-1.386876726898177981e-01,3.188170929249140029e-01,1.801294202350962048e-01
9.048975323374117141e-02,4.530523970486144414e-02,-4.518451352887972727e-02,-1.355535405866391818e-01,3.134132103178602358e-01,1.778596697312210539e-01
8.946282849965475625e-02,4.530523970486144414e-02,-4.415758879479331211e-02,-1.324727663843799363e-01,3.080774202259245476e-01,1.756046538415446112e-01
8.845346423095248878e-02,4.530523970486144414e-02,-4.314822452609104464e-02,-1.294446735782731339e-01,3.028092806106802426e-01,1.733646070324071087e-01
8.746143642295346743e-02,4.530523970486144414e-02,-4.215619671809202329e-02,-1.264685901542760837e-01,2.976083423997064048e-01,1.711397522454303211e-01
8.648652259017898525e-02,4.530523970486144414e-02,-4.118128288531754111e-02,-1.235438486559526233e-01,2.924741498323446542e-01,1.689303011763920170e-01
8.552850178752215149e-02,4.530523970486144414e-02,-4.022326208266070735e-02,-1.206697862479821221e-01,2.874062407970501276e-01,1.667364545490679917e-01
8.458715463032022430e-02,4.530523970486144414e-02,-3.928191492545878016e-02,-1.178457447763763405e-01,2.824041471605781561e-01,1.645584023842018295e-01
8.366226331335671618e-02,4.530523970486144414e-02,-3.835702360849527204e-02,-1.150710708254858161e-01,2.774673950890524377e-01,1.623963242635666215e-01
8.275361162881955668e-02,4.530523970486144414e-02,-3.744837192395811254e-02,-1.123451157718743376e-01,2.725955053611478496e-01,1.602503895892735120e-01
8.186098498324133332e-02,4.530523970486144414e-02,-3.655574527837988918e-02,-1.096672358351396676e-01,2.677879936734670063e-01,1.581207578383273527e-01
8.098417041344693756e-02,4.530523970486144414e-02,-3.567893070858549343e-02,-1.070367921257564803e-01,2.630443709383187278e-01,1.560075788125622476e-01
8.012295660153380406e-02,4.530523970486144414e-02,-3.481771689667235992e-02,-1.044531506900170797e-01,2.583641435739400527e-01,1.539109928839229591e-01
7.927713388890905710e-02,4.530523970486144414e-02,-3.397189418404761296e-02,-1.019156825521428389e-01,2.537468137874240859e-01,1.518311312352812470e-01
7.844649428940783653e-02,4.530523970486144414e-02,-3.314125458454639239e-02,-9.942376375363917718e-02,2.491918798503661714e-01,1.497681160967269942e-01
7.763083150151628420e-02,4.530523970486144414e-02,-3.232559179665484006e-02,-9.697677538996452018e-02,2.446988363674656997e-01,1.477220609775011795e-01
7.682994091972249195e-02,4.530523970486144414e-02,-3.152470121486104782e-02,-9.457410364458314345e-02,2.402671745381376733e-01,1.456930708935545438e-01
7.604361964501804572e-02,4.530523970486144414e-02,-3.073837994015660158e-02,-9.221513982046980473e-02,2.358963824113338714e-01,1.436812425908640667e-01
7.527166649457268932e-02,4.530523970486144414e-02,-2.996642678971124518e-02,-8.989928036913373555e-02,2.315859451336069186e-01,1.416866647644731692e-01
7.451388201060378524e-02,4.530523970486144414e-02,-2.920864230574234111e-02,-8.762592691722702332e-02,2.273353451906712230e-01,1.397094182734441858e-01
7.377006846846222154e-02,4.530523970486144414e-02,-2.846482876360077741e-02,-8.539448629080233222e-02,2.231440626424691098e-01,1.377495763516667915e-01
7.304002988395583151e-02,4.530523970486144414e-02,-2.773479017909438737e-02,-8.320437053728316212e-02,2.190115753519170094e-01,1.358072048146338473e-01
7.232357201993089291e-02,4.530523970486144414e-02,-2.701833231506944877e-02,-8.105499694520834630e-02,2.149373592074815820e-01,1.338823622622732357e-01
7.162050239213219038e-02,4.530523970486144414e-02,-2.631526268727074624e-02,-7.894578806181223873e-02,2.109208883396107570e-01,1.319751002777985183e-01
7.093063027436126433e-02,4.530523970486144414e-02,-2.562539056949982019e-02,-7.687617170849946058e-02,2.069616353312778156e-01,1.300854636227783412e-01
7.025376670295262194e-02,4.530523970486144414e-02,-2.494852699809117780e-02,-7.484558099427353339e-02,2.030590714225927185e-01,1.282134904283191990e-01
6.958972448058681204e-02,4.530523970486144414e-02,-2.428448477572536790e-02,-7.285345432717610370e-02,1.992126667097429693e-01,1.263592123825668656e-01
6.893831817945925144e-02,4.530523970486144414e-02,-2.363307847459780731e-02,-7.089923542379342192e-02,1.954218903382681782e-01,1.245226549144747563e-01
6.829936414382313525e-02,4.530523970486144414e-02,-2.299412443896169111e-02,-6.898237331688507334e-02,1.916862106908348573e-01,1.227038373739497840e-01
6.767268049192441681e-02,4.530523970486144414e-02,-2.236744078706297267e-02,-6.710232236118891802e-02,1.880050955696155324e-01,1.209027732084266143e-01
6.705808711734653760e-02,4.530523970486144414e-02,-2.175284741248509346e-02,-6.525854223745528038e-02,1.843780123733637644e-01,1.191194701359084840e-01
6.645540568978225426e-02,4.530523970486144414e-02,-2.115016598492081012e-02,-6.345049795476243037e-02,1.808044282692850002e-01,1.173539303145225698e-01
6.586445965524942436e-02,4.530523970486144414e-02,-2.055921995038798022e-02,-6.167765985116394067e-02,1.772838103598489701e-01,1.156061505086850294e-01
6.528507423576745961e-02,4.530523970486144414e-02,-1.997983453090601547e-02,-5.993950359271804640e-02,1.738156258445894276e-01,1.138761222518713812e-01
6.471707642851068365e-02,4.530523970486144414e-02,-1.941183672364923951e-02,-5.823551017094771853e-02,1.703993421770327865e-01,1.121638320060850680e-01
6.416029500445451228e-02,4.530523970486144414e-02,-1.885505529959306814e-02,-5.656516589877920442e-02,1.670344272168514110e-01,1.104692613180722066e-01
6.361456050653015171e-02,4.530523970486144414e-02,-1.830932080166870757e-02,-5.492796240500612270e-02,1.637203493773081719e-01,1.087923869723020492e-01
6.307970524730302508e-02,4.530523970486144414e-02,-1.777446554244158095e-02,-5.332339662732474284e-02,1.604565777681379868e-01,1.071331811408132439e-01
6.255556330618998462e-02,4.530523970486144414e-02,-1.725032360132854048e-02,-5.175097080398562144e-02,1.572425823339121398e-01,1.054916115299265184e-01
6.204197052622992953e-02,4.530523970486144414e-02,-1.673673082136848539e-02,-5.021019246410545617e-02,1.540778339880165271e-01,1.038676415239110640e-01
6.153876451042226275e-02,4.530523970486144414e-02,-1.623352480556081862e-02,-4.870057441668245585e-02,1.509618047423000320e-01,1.022612303256175692e-01
6.104578461764716135e-02,4.530523970486144414e-02,-1.574054491278571721e-02,-4.722163473835715164e-02,1.478939678325304208e-01,1.006723330941732691e-01
6.056287195818147590e-02,4.530523970486144414e-02,-1.525763225332003176e-02,-4.577289675996009527e-02,1.448737978397056370e-01,9.910090107974553475e-02
6.008986938882376894e-02,4.530523970486144414e-02,-1.478462968396232480e-02,-4.435388905188697439e-02,1.419007708073120877e-01,9.754688175542511330e-02
5.962662150764160007e-02,4.530523970486144414e-02,-1.432138180278015593e-02,-4.296414540834046780e-02,1.389743643546506591e-01,9.601021894631019127e-02
5.917297464835406112e-02,4.530523970486144414e-02,-1.386773494349261698e-02,-4.160320483047785095e-02,1.360940577862616852e-01,9.449085295578382726e-02
5.872877687436209998e-02,4.530523970486144414e-02,-1.342353716950065584e-02,-4.027061150850196752e-02,1.332593321975883427e-01,9.298872068908636823e-02
5.829387797243905378e-02,4.530523970486144414e-02,-1.298863826757760964e-02,-3.896591480273282893e-02,1.304696705769138598e-01,9.150375577418103090e-02
5.786812944609342341e-02,4.530523970486144414e-02,-1.256288974123197927e-02,-3.768866922369593780e-02,1.277245579036891121e-01,9.003588867999318124e-02
5.745138450861578955e-02,4.530523970486144414e-02,-1.214614480375434541e-02,-3.643843441126303623e-02,1.250234812432901577e-01,8.858504683202711449e-02
5.704349807582136112e-02,4.530523970486144414e-02,-1.173825837095991698e-02,-3.521477511287975093e-02,1.223659298383285299e-01,8.715115472544877895e-02
5.664432675849947335e-02,4.530523970486144414e-02,-1.133908705363802921e-02,-3.401726116091408764e-02,1.197513951965663292e-01,8.573413403565224855e-02
5.625372885458115174e-02,4.530523970486144414e-02,-1.094848914971970760e-02,-3.284546744915912281e-02,1.171793711754964828e-01,8.433390372633736698e-02
5.587156434103546926e-02,4.530523970486144414e-02,-1.056632463617402512e-02,-3.169897390852207536e-02,1.146493540637047448e-01,8.295038015518266250e-02
5.549769486550529957e-02,4.530523970486144414e-02,-1.019245516064385543e-02,-3.057736548193156628e-02,1.121608426590509078e-01,8.158347717711933456e-02
5.513198373769284677e-02,4.530523970486144414e-02,-9.826744032831402631e-03,-2.948023209849420789e-02,1.097133383437358389e-01,8.023310624524163104e-02
5.477429592050491597e-02,4.530523970486144414e-02,-9.469056215643471830e-03,-2.840716864693041549e-02,1.073063451563792403e-01,7.889917650944883176e-02
5.442449802096793049e-02,4.530523970486144414e-02,-9.119258316106486351e-03,-2.735777494831945905e-02,1.049393698610956438e-01,7.758159491277619169e-02
5.408245828092222290e-02,4.530523970486144414e-02,-8.777218576060778765e-03,-2.633165572818233630e-02,1.026119220137122756e-01,7.628026628552994626e-02
5.374804656750506449e-02,4.530523970486144414e-02,-8.442806862643620347e-03,-2.532842058793086104e-02,1.003235140251475255e-01,7.499509343721666443e-02
5.342113436343162713e-02,4.530523970486144414e-02,-8.115894658570182996e-03,-2.434768397571054899e-02,9.807366122203120540e-02,7.372597724632065641e-02
5.310159475708282201e-02,4.530523970486144414e-02,-7.796355052221377868e-03,-2.338906515666413360e-02,9.586188190464153824e-02,7.247281674797739770e-02
5.278930243240882031e-02,4.530523970486144414e-02,-7.484062727547376170e-03,-2.245218818264212851e-02,9.368769740220050934e-02,7.123550921955837389e-02
5.248413365865677027e-02,4.530523970486144414e-02,-7.178893953795326133e-03,-2.153668186138597840e-02,9.155063212561501129e-02,7.001395026422903289e-02
5.218596627993114800e-02,4.530523970486144414e-02,-6.880726575069703865e-03,-2.064217972520911160e-02,8.945021361768668022e-02,6.880803389247756863e-02
5.189467970459477053e-02,4.530523970486144414e-02,-6.589439999733326392e-03,-1.976831999919997918e-02,8.738597260091324204e-02,6.761765260171326286e-02
5.161015489451856175e-02,4.530523970486144414e-02,-6.304915189657117613e-03,-1.891474556897135284e-02,8.535744302286263352e-02,6.644269745389128068e-02
5.133227435418774576e-02,4.530523970486144414e-02,-6.027034649326301619e-03,-1.808110394797890486e-02,8.336416209924479848e-02,6.528305815126589362e-02
5.106092211967205863e-02,4.530523970486144414e-02,-5.755682414810614489e-03,-1.726704724443184347e-02,8.140567035470613888e-02,6.413862311027429541e-02
5.079598374746739642e-02,4.530523970486144414e-02,-5.490744042605952280e-03,-1.647223212781785684e-02,7.948151166139866275e-02,6.300927953358080591e-02
5.053734630321608801e-02,4.530523970486144414e-02,-5.232106598354643867e-03,-1.569631979506393160e-02,7.759123327539252379e-02,6.189491348032859219e-02
5.028489835031281496e-02,4.530523970486144414e-02,-4.979658645451370824e-03,-1.493897593635411247e-02,7.573438587098191288e-02,6.079540993462780041e-02
5.003852993840300634e-02,4.530523970486144414e-02,-4.733290233541562197e-03,-1.419987070062468659e-02,7.391052357294258801e-02,5.971065287231790142e-02
4.979813259178043211e-02,4.530523970486144414e-02,-4.492892886918987971e-03,-1.347867866075696391e-02,7.211920398677226784e-02,5.864052532601530393e-02
4.956359929769045547e-02,4.530523970486144414e-02,-4.258359592829011331e-03,-1.277507877848703399e-02,7.035998822699299216e-02,5.758490944850595816e-02
4.933482449454532764e-02,4.530523970486144414e-02,-4.029584789683883506e-03,-1.208875436905165052e-02,6.863244094353834757e-02,5.654368657448669705e-02
4.911170406005765238e-02,4.530523970486144414e-02,-3.806464355196208238e-03,-1.141939306558862471e-02,6.693613034630258030e-02,5.551673728071395558e-02
4.889413529929804991e-02,4.530523970486144414e-02,-3.588895594436605774e-03,-1.076668678330981732e-02,6.527062822788073926e-02,5.450394144457092194e-02
4.868201693268290470e-02,4.530523970486144414e-02,-3.376777227821460559e-03,-1.013033168346438168e-02,6.363550998454356455e-02,5.350517830107918288e-02
4.847524908389786585e-02,4.530523970486144414e-02,-3.170009379036421715e-03,-9.510028137109265145e-03,6.203035463551165307e-02,5.252032649840238793e-02
4.827373326776266543e-02,4.530523970486144414e-02,-2.968493562901221294e-03,-8.905480688703663883e-03,6.045474484056012621e-02,5.154926415185646232e-02
4.807737237804265290e-02,4.530523970486144414e-02,-2.772132673181208762e-03,-8.316398019543626285e-03,5.890826691600375975e-02,5.059186889646013346e-02
4.788607067521228472e-02,4.530523970486144414e-02,-2.580830970350840581e-03,-7.742492911052521742e-03,5.739051084911045431e-02,4.964801793805793256e-02
4.769973377417572463e-02,4.530523970486144414e-02,-2.394494069314280493e-03,-7.183482207942841480e-03,5.590107031096802626e-02,4.871758810302518478e-02
4.751826863194946737e-02,4.530523970486144414e-02,-2.213028927088023234e-03,-6.639086781264069703e-03,5.443954266787717766e-02,4.780045588661310796e-02
4.734158353531187080e-02,4.530523970486144414e-02,-2.036343830450426662e-03,-6.109031491351279985e-03,5.300552899127897177e-02,4.689649749992769179e-02
4.716958808842426631e-02,4.530523970486144414e-02,-1.864348383562822176e-03,-5.593045150688466527e-03,5.159863406628134586e-02,4.600558891559287933e-02
4.700219320042822030e-02,4.530523970486144414e-02,-1.696953495566776160e-03,-5.090860486700328480e-03,5.021846639881380470e-02,4.512760591211347622e-02
4.683931107302338748e-02,4.530523970486144414e-02,-1.534071368161943338e-03,-4.602214104485830015e-03,4.886463822144984648e-02,4.426242411696401646e-02
4.668085518803025136e-02,4.530523970486144414e-02,-1.375615483168807218e-03,-4.126846449506421655e-03,4.753676549794083606e-02,4.340991904843441440e-02
4.652674029494195673e-02,4.530523970486144414e-02,-1.221500590080512594e-03,-3.664501770241537781e-03,4.623446792648838732e-02,4.256996615624684954e-02
4.637688239846928656e-02,4.530523970486144414e-02,-1.071642693607842423e-03,-3.214928080823527268e-03,4.495736894180105137e-02,4.174244086097752410e-02
4.623119874608271063e-02,4.530523970486144414e-02,-9.259590412212664878e-04,-2.777877123663799463e-03,4.370509571597278042e-02,4.092721859230898096e-02
4.608960781555537095e-02,4.530523970486144414e-02,-7.843681106939268122e-04,-2.353104332081780437e-03,4.247727915820190270e-02,4.012417482612012226e-02
4.595202930251063994e-02,4.530523970486144414e-02,-6.467895976491958021e-04,-1.940368792947587406e-03,4.127355391341930302e-02,3.933318512047171561e-02
4.581838410797795663e-02,4.530523970486144414e-02,-5.131444031165124930e-04,-1.539433209349537479e-03,4.009355835980499272e-02,3.855412515045545524e-02
4.568859432596032027e-02,4.530523970486144414e-02,-3.833546210988761360e-04,-1.150063863296628408e-03,3.893693460529090711e-02,3.778687074199427870e-02
4.556258323101688296e-02,4.530523970486144414e-02,-2.573435261554388176e-04,-7.720305784663164528e-04,3.780332848303119553e-02,3.703129790456487908e-02
4.544027526586390253e-02,4.530523970486144414e-02,-1.350355610024583930e-04,-4.051066830073751790e-04,3.669238954589412738e-02,3.628728286288675220e-02
4.532159602899720613e-02,4.530523970486144414e-02,-1.635632413576199040e-05,-4.906897240728597120e-05,3.560377106000892078e-02,3.555470208760163481e-02
4.520647226233927285e-02,4.530523970486144414e-02,9.876744252217128928e-05,2.963023275665138678e-04,3.453712999737998390e-02,3.483343232494649777e-02
4.509483183891383612e-02,4.530523970486144414e-02,2.104078659476080193e-04,6.312235978428240579e-04,3.349212702763101901e-02,3.412335062547384307e-02
4.498660375055094779e-02,4.530523970486144414e-02,3.186359543104963499e-04,9.559078629314890496e-04,3.246842650886649917e-02,3.342433437179798822e-02
4.488171809562523790e-02,4.530523970486144414e-02,4.235216092362062423e-04,1.270564827708618727e-03,3.146569647771296774e-02,3.273626130542158646e-02
4.478010606683006933e-02,4.530523970486144414e-02,5.251336380313748053e-04,1.575400914094124416e-03,3.048360863855056890e-02,3.205900955264469332e-02
4.468169993899016174e-02,4.530523970486144414e-02,6.235397658712824032e-04,1.870619297613847209e-03,2.952183835197227935e-02,3.139245764958612656e-02
4.458643305691521730e-02,4.530523970486144414e-02,7.188066479462268399e-04,2.156419943838680520e-03,2.858006462248333102e-02,3.073648456632201154e-02
4.449423982329690080e-02,4.530523970486144414e-02,8.109998815645433345e-04,2.432999644693630004e-03,2.765797008549494840e-02,3.009096973018857840e-02
4.440505568665160940e-02,4.530523970486144414e-02,9.001840182098347354e-04,2.700552054629504206e-03,2.675524099358742025e-02,2.945579304821692446e-02
4.431881712931113465e-02,4.530523970486144414e-02,9.864225755503094883e-04,2.959267726650928465e-03,2.587156720214242589e-02,2.883083492879335435e-02
4.423546165546354131e-02,4.530523970486144414e-02,1.069778049397902830e-03,3.209334148193708491e-03,2.500664215427800263e-02,2.821597630247171112e-02
4.415492777924619194e-02,4.530523970486144414e-02,1.150311925615252195e-03,3.450935776845756586e-03,2.416016286520480949e-02,2.761109864205056608e-02
4.407715501289304755e-02,4.530523970486144414e-02,1.228084691968396591e-03,3.684254075905189774e-03,2.333182990594331874e-02,2.701608398184850851e-02
4.400208385493808994e-02,4.530523970486144414e-02,1.303155849923354204e-03,3.909467549770062611e-03,2.252134738648728374e-02,2.643081493625734635e-02
4.392965577847676023e-02,4.530523970486144414e-02,1.375583926384683908e-03,4.126751779154051725e-03,2.172842293839891137e-02,2.585517471755296309e-02
4.385981321948718287e-02,4.530523970486144414e-02,1.445426485374261272e-03,4.336279456122783815e-03,2.095276769687320906e-02,2.528904715299599287e-02
4.379249956521290982e-02,4.530523970486144414e-02,1.512740139648534321e-03,4.538220418945602963e-03,2.019409628228191478e-02,2.473231670122751774e-02
4.372765914260875325e-02,4.530523970486144414e-02,1.577580562252690888e-03,4.732741686758072663e-03,1.945212678124697003e-02,2.418486846800504270e-02
4.366523720685139970e-02,4.530523970486144414e-02,1.640002498010044441e-03,4.920007494030133322e-03,1.872658072720606581e-02,2.364658822123619913e-02
4.360517992991617270e-02,4.530523970486144414e-02,1.700059774945271440e-03,5.100179324835814321e-03,1.801718308056809992e-02,2.311736240540391424e-02
4.354743438922148435e-02,4.530523970486144414e-02,1.757805315639959787e-03,5.273415946919879360e-03,1.732366220840650395e-02,2.259707815532638331e-02
4.349194855634232887e-02,4.530523970486144414e-02,1.813291148519115270e-03,5.439873445557345810e-03,1.664574986374664500e-02,2.208562330930399081e-02
4.343867128579410181e-02,4.530523970486144414e-02,1.866568419067342333e-03,5.599705257202026998e-03,1.598318116446811876e-02,2.158288642167014576e-02
4.338755230388804257e-02,4.530523970486144414e-02,1.917687400973401568e-03,5.753062202920204704e-03,1.533569457181777063e-02,2.108875677473797533e-02
4.333854219765945898e-02,4.530523970486144414e-02,1.966697507201985162e-03,5.900092521605955487e-03,1.470303186857507827e-02,2.060312439018103375e-02
4.329159240386989266e-02,4.530523970486144414e-02,2.013647300991551481e-03,6.040941902974654443e-03,1.408493813686989560e-02,2.012588003984455004e-02
4.324665519808430780e-02,4.530523970486144414e-02,2.058584506777136336e-03,6.175753520331409008e-03,1.348116173567545650e-02,1.965691525600686551e-02
4.320368368382432323e-02,4.530523970486144414e-02,2.101556021037120914e-03,6.304668063111362741e-03,1.289145427799537336e-02,1.919612234110673610e-02
4.316263178179845228e-02,4.530523970486144414e-02,2.142607923062991859e-03,6.427823769188975578e-03,1.231557060776128365e-02,1.874339437695025923e-02
4.312345421921027350e-02,4.530523970486144414e-02,2.181785485651170642e-03,6.545356456953511926e-03,1.175326877645363477e-02,1.829862523340714670e-02
4.308610651914544093e-02,4.530523970486144414e-02,2.219133185716003209e-03,6.657399557148009628e-03,1.120431001944977023e-02,1.786170957659777986e-02
4.305054499003826279e-02,4.530523970486144414e-02,2.254694714823181345e-03,6.764084144469544035e-03,1.066845873215344076e-02,1.743254287662298480e-02
4.301672671521875047e-02,4.530523970486144414e-02,2.288512989642693674e-03,6.865538968928081021e-03,1.014548244585369852e-02,1.701102141478177954e-02
4.298460954254071376e-02,4.530523970486144414e-02,2.320630162320730383e-03,6.961890486962191149e-03,9.635151803411012850e-03,1.659704229037320400e-02
4.295415207409171432e-02,4.530523970486144414e-02,2.351087630769729819e-03,7.053262892309189458e-03,9.137240534699830885e-03,1.619050342700902034e-02
4.292531365598541843e-02,4.530523970486144414e-02,2.379926048876025713e-03,7.139778146628077138e-03,8.651525431888767992e-03,1.579130357851684513e-02
4.289805436823697360e-02,4.530523970486144414e-02,2.407185336624470540e-03,7.221556009873411619e-03,8.177786324533448115e-03,1.539934233440685973e-02
4.287233501472197117e-02,4.530523970486144414e-02,2.432904690139472970e-03,7.298714070418418909e-03,7.715806054500728983e-03,1.501452012491914789e-02
4.284811711321945965e-02,4.530523970486144414e-02,2.457122591641984488e-03,7.371367774925953464e-03,7.265370450753455556e-03,1.463673822567940902e-02
4.282536288553951548e-02,4.530523970486144414e-02,2.479876819321928660e-03,7.439630457965785981e-03,6.826268303983251684e-03,1.426589876194903767e-02
4.280403524773576662e-02,4.530523970486144414e-02,2.501204457125677516e-03,7.503613371377032548e-03,6.398291341124656695e-03,1.390190471250168924e-02
4.278409780040326460e-02,4.530523970486144414e-02,2.521141904458179539e-03,7.563425713374538617e-03,5.981234199750606884e-03,1.354465991312514550e-02
4.276551481906207958e-02,4.530523970486144414e-02,2.539724885799364562e-03,7.619174657398093686e-03,5.574894402355506928e-03,1.319406905975360061e-02
4.274825124462686837e-02,4.530523970486144414e-02,2.556988460234575766e-03,7.670965380703727299e-03,5.179072330563361248e-03,1.285003771126708855e-02
4.273227267396278312e-02,4.530523970486144414e-02,2.572967030898661023e-03,7.718901092695983068e-03,4.793571199225576951e-03,1.251247229192156002e-02
4.271754535052788709e-02,4.530523970486144414e-02,2.587694354333557045e-03,7.763083063000671136e-03,4.418197030468806741e-03,1.218128009346947788e-02
4.270403615510234147e-02,4.530523970486144414e-02,2.601203549759102673e-03,7.803610649277308020e-03,4.052758627663688440e-03,1.185636927694099646e-02
4.269171259660448775e-02,4.530523970486144414e-02,2.613527108256956388e-03,7.840581324770869165e-03,3.697067549356114480e-03,1.153764887412698364e-02
4.268054280299404812e-02,4.530523970486144414e-02,2.624696901867396015e-03,7.874090705602188045e-03,3.350938083131888012e-03,1.122502878873407606e-02
4.267049551226248516e-02,4.530523970486144414e-02,2.634744192598958978e-03,7.904232577796876935e-03,3.014187219468889012e-03,1.091841979726576595e-02
4.266154006351064593e-02,4.530523970486144414e-02,2.643699641350798213e-03,7.931098924052394639e-03,2.686634625551770350e-03,1.061773354960416499e-02
4.265364638811376674e-02,4.530523970486144414e-02,2.651593316747677398e-03,7.954779950243032194e-03,2.368102619063755521e-03,1.032288256930678771e-02
4.264678500097381780e-02,4.530523970486144414e-02,2.658454703887626336e-03,7.975364111662879008e-03,2.058416141984681369e-03,1.003378025364756038e-02
4.264092699185923624e-02,4.530523970486144414e-02,2.664312713002207900e-03,7.992938139006623699e-03,1.757402734374469144e-03,9.750340873381092843e-03
4.263604401683199208e-02,4.530523970486144414e-02,2.669195688029452063e-03,8.007587064088356188e-03,1.464892508173248897e-03,9.472479572261605085e-03
4.263210828976197325e-02,4.530523970486144414e-02,2.673131415099470887e-03,8.019394245298412660e-03,1.180718121005647214e-03,9.200112366304059874e-03
4.262909257392858559e-02,4.530523970486144414e-02,2.676147130932858553e-03,8.028441392798575660e-03,9.047147500162999734e-04,8.933156142814875633e-03
4.262697017370947750e-02,4.530523970486144414e-02,2.678269531151966643e-03,8.034808593455899928e-03,6.367200657324267876e-04,8.671528659188326715e-03
4.262571492635629233e-02,4.530523970486144414e-02,2.679524778505151805e-03,8.038574335515455416e-03,3.765742059555488019e-04,8.415148541471004218e-03
4.262530119385725402e-02,4.530523970486144414e-02,2.679938511004190116e-03,8.039815533012570348e-03,1.241197497114931991e-04,8.163935282724063547e-03
4.262570385488648889e-02,4.530523970486144414e-02,2.679535849974955253e-03,8.038607549924865758e-03,-1.207983087704589398e-04,7.917809241154406819e-03
4.262689829683983384e-02,4.530523970486144414e-02,2.678341408021610304e-03,8.035024224064830911e-03,-3.583325860034847210e-04,7.676691638061346190e-03
4.262886040795698522e-02,4.530523970486144414e-02,2.676379296904458915e-03,8.029137890713376746e-03,-5.886333351454164919e-04,7.440504555567960254e-03
4.263156656952969692e-02,4.530523970486144414e-02,2.673673135331747219e-03,8.021019405995241658e-03,-8.118484718135088318e-04,7.209170934181732826e-03
4.263499364819582638e-02,4.530523970486144414e-02,2.670246056665617762e-03,8.010738169996853286e-03,-1.028123599838837166e-03,6.982614570158016121e-03
4.263911898831897196e-02,4.530523970486144414e-02,2.666120716542472180e-03,7.998362149627416540e-03,-1.237602036943674655e-03,6.760760112683741885e-03
4.264392040445338233e-02,4.530523970486144414e-02,2.661319300408061805e-03,7.983957901224185416e-03,-1.440424840323112354e-03,6.543533060901073062e-03
4.264937617389388119e-02,4.530523970486144414e-02,2.655863530967562947e-03,7.967590592902688840e-03,-1.636730832149657644e-03,6.330859760753031196e-03
4.265546502931046036e-02,4.530523970486144414e-02,2.649774675550983782e-03,7.949324026652951347e-03,-1.826656624973749254e-03,6.122667401679202093e-03
4.266216615146720820e-02,4.530523970486144414e-02,2.643073553394235942e-03,7.929220660182707825e-03,-2.010336647024352219e-03,5.918884013158355606e-03
4.266945916202526806e-02,4.530523970486144414e-02,2.635780542836176077e-03,7.907341628508528231e-03,-2.187903167417959427e-03,5.719438461090568804e-03
4.267732411642943813e-02,4.530523970486144414e-02,2.627915588432006011e-03,7.883746765296018033e-03,-2.359486321251019758e-03,5.524260444044998275e-03
4.268574149687801023e-02,4.530523970486144414e-02,2.619498207983433913e-03,7.858494623950301738e-03,-2.525214134571629465e-03,5.333280489378672273e-03
4.269469220537552151e-02,4.530523970486144414e-02,2.610547499485922629e-03,7.831642498457767887e-03,-2.685212549253385150e-03,5.146429949204382737e-03
4.270415755686795406e-02,4.530523970486144414e-02,2.601082147993490079e-03,7.803246443980470237e-03,-2.839605447729764975e-03,4.963640996250705262e-03
4.271411927246001466e-02,4.530523970486144414e-02,2.591120432401429474e-03,7.773361297204288423e-03,-2.988514677618181459e-03,4.784846619586106964e-03
4.272455947271402987e-02,4.530523970486144414e-02,2.580680232147414266e-03,7.742040696442242798e-03,-3.132060076204562504e-03,4.609980620237680293e-03
4.273546067103006774e-02,4.530523970486144414e-02,2.569779033831376402e-03,7.709337101494129207e-03,-3.270359494811359014e-03,4.438977606682770194e-03
4.274680576710677971e-02,4.530523970486144414e-02,2.558433937754664433e-03,7.675301813263993300e-03,-3.403528823013590721e-03,4.271772990250402580e-03
4.275857804048251165e-02,4.530523970486144414e-02,2.546661664378932488e-03,7.639984993136797464e-03,-3.531682012719583597e-03,4.108302980417213868e-03
4.277076114415628849e-02,4.530523970486144414e-02,2.534478560705155648e-03,7.603435682115466943e-03,-3.654931102133052168e-03,3.948504579982414775e-03
4.278333909828806181e-02,4.530523970486144414e-02,2.521900606573382331e-03,7.565701819720146992e-03,-3.773386239531995034e-03,3.792315580188151958e-03
4.279629628397785268e-02,4.530523970486144414e-02,2.508943420883591457e-03,7.526830262650774372e-03,-3.887155706937261979e-03,3.639674555713512394e-03
4.280961743712321382e-02,4.530523970486144414e-02,2.495622267738230315e-03,7.486866803214690946e-03,-3.996345943608342610e-03,3.490520859606348336e-03
4.282328764235453916e-02,4.530523970486144414e-02,2.481952062506904977e-03,7.445856187520714931e-03,-4.101061569397601581e-03,3.344794618123113350e-03
4.283729232704767270e-02,4.530523970486144414e-02,2.467947377813771437e-03,7.403842133441314310e-03,-4.201405407940062009e-03,3.202436725501252301e-03
4.285161725541335870e-02,4.530523970486144414e-02,2.453622449448085441e-03,7.360867348344256322e-03,-4.297478509705798810e-03,3.063388838638457512e-03
4.286624852266290864e-02,4.530523970486144414e-02,2.438991182198535501e-03,7.316973546595606503e-03,-4.389380174864981887e-03,2.927593371730624616e-03
4.288117254924963401e-02,4.530523970486144414e-02,2.424067155611810132e-03,7.272201466835430395e-03,-4.477207976017610891e-03,2.794993490817819504e-03
4.289637607518544116e-02,4.530523970486144414e-02,2.408863629676002982e-03,7.226590889028008946e-03,-4.561057780742144852e-03,2.665533108285864095e-03
4.291184615443207478e-02,4.530523970486144414e-02,2.393393550429369354e-03,7.180180651288108062e-03,-4.641023773990088364e-03,2.539156877298019699e-03
4.292757014936644105e-02,4.530523970486144414e-02,2.377669555495003084e-03,7.133008666485009253e-03,-4.717198480309880981e-03,2.415810186175128271e-03
4.294353572531942054e-02,4.530523970486144414e-02,2.361703979542023601e-03,7.085111938626070804e-03,-4.789672785893844820e-03,2.295439152732225985e-03
4.295973084518767832e-02,4.530523970486144414e-02,2.345508859673765822e-03,7.036526579021297467e-03,-4.858535960477333715e-03,2.177990618543963752e-03
4.297614376411778431e-02,4.530523970486144414e-02,2.329095940743659832e-03,6.987287822230979495e-03,-4.923875679031797237e-03,2.063412143199182258e-03
4.299276302426221358e-02,4.530523970486144414e-02,2.312476680599230561e-03,6.937430041797691682e-03,-4.985778043328781273e-03,1.951651998468910409e-03
4.300957744960649115e-02,4.530523970486144414e-02,2.295662255254952988e-03,6.886986765764858964e-03,-5.044327603283271788e-03,1.842659162481587176e-03
4.302657614086701637e-02,4.530523970486144414e-02,2.278663563994427765e-03,6.835990691983283296e-03,-5.099607378157566817e-03,1.736383313825716479e-03
4.304374847045892155e-02,4.530523970486144414e-02,2.261491234402522588e-03,6.784473703207567763e-03,-5.151698877571553314e-03,1.632774825636014449e-03
4.306108407753338890e-02,4.530523970486144414e-02,2.244155627328055236e-03,6.732466881984165707e-03,-5.200682122340205549e-03,1.531784759643960159e-03
4.307857286308382216e-02,4.530523970486144414e-02,2.226666841777621975e-03,6.680000525332865924e-03,-5.246635665129978365e-03,1.433364860202887558e-03
4.309620498512027609e-02,4.530523970486144414e-02,2.209034719741168051e-03,6.627104159223504154e-03,-5.289636610936176986e-03,1.337467548287327168e-03
4.311397085391156098e-02,4.530523970486144414e-02,2.191268850949883162e-03,6.573806552849649487e-03,-5.329760637385466682e-03,1.244045915464182805e-03
4.313186112729439081e-02,4.530523970486144414e-02,2.173378577567053327e-03,6.520135732701159981e-03,-5.367082014848950644e-03,1.153053717852209337e-03
4.314986670604900598e-02,4.530523970486144414e-02,2.155372998812438157e-03,6.466118996437314470e-03,-5.401673626384551063e-03,1.064445370052763407e-03
4.316797872934062530e-02,4.530523970486144414e-02,2.137260975520818840e-03,6.411782926562456519e-03,-5.433606987485795070e-03,9.781759390766614493e-04
4.318618857022615137e-02,4.530523970486144414e-02,2.119051134635292766e-03,6.357153403905878297e-03,-5.462952265657822215e-03,8.942011382480560822e-04
4.320448783122550485e-02,4.530523970486144414e-02,2.100751873635939293e-03,6.302255620907817879e-03,-5.489778299806041817e-03,8.124773211017760621e-04
4.322286833995696992e-02,4.530523970486144414e-02,2.082371364904474220e-03,6.247114094713422661e-03,-5.514152619439521841e-03,7.329614752739008199e-04
4.324132214483596137e-02,4.530523970486144414e-02,2.063917560025482767e-03,6.191752680076448301e-03,-5.536141463697435983e-03,6.556112163790123182e-04
4.325984151083658857e-02,4.530523970486144414e-02,2.045398194024855565e-03,6.136194582074566695e-03,-5.555809800188160619e-03,5.803847818864060759e-04
4.327841891531540586e-02,4.530523970486144414e-02,2.026820789546038282e-03,6.080462368638114845e-03,-5.573221343645184955e-03,5.072410249929298898e-04
4.329704704389672476e-02,4.530523970486144414e-02,2.008192660964719378e-03,6.024577982894158135e-03,-5.588438574395671044e-03,4.361394084984870911e-04
4.331571878641889140e-02,4.530523970486144414e-02,1.989520918442552744e-03,5.968562755327658231e-03,-5.601522756649990331e-03,3.670399986776679002e-04
4.333442723294092525e-02,4.530523970486144414e-02,1.970812471920518893e-03,5.912437415761556680e-03,-5.612533956610155084e-03,2.999034591514015968e-04
4.335316566980887409e-02,4.530523970486144414e-02,1.952074035052570045e-03,5.856222105157710134e-03,-5.621531060384654666e-03,2.346910447730554683e-04
4.337192757578130220e-02,4.530523970486144414e-02,1.933312129080141939e-03,5.799936387240425817e-03,-5.628571791728431695e-03,1.713645955119941222e-04
4.339070661821328029e-02,4.530523970486144414e-02,1.914533086648163851e-03,5.743599259944491553e-03,-5.633712729593426394e-03,1.098865303510651592e-04
4.340949664929829449e-02,4.530523970486144414e-02,1.895743055563149648e-03,5.687229166689448945e-03,-5.637009325504260815e-03,5.021984118518812990e-05
4.342829170236742892e-02,4.530523970486144414e-02,1.876948002494015222e-03,5.630844007482045666e-03,-5.638515920740327925e-03,-7.671913258282259118e-06
4.344708598824523205e-02,4.530523970486144414e-02,1.858153716616212092e-03,5.574461149848636277e-03,-5.638285763340938894e-03,-6.382461349230261760e-05
4.346587389166169102e-02,4.530523970486144414e-02,1.839365813199753119e-03,5.518097439599259357e-03,-5.636371024937691931e-03,-1.182735853384325742e-04
4.348464996771961300e-02,4.530523970486144414e-02,1.820589737141831144e-03,5.461769211425493431e-03,-5.632822817376592628e-03,-1.710536059510991969e-04
4.350340893841694173e-02,4.530523970486144414e-02,1.801830766444502407e-03,5.405492299333507222e-03,-5.627691209198620870e-03,-2.221989098651136474e-04
4.352214568922328081e-02,4.530523970486144414e-02,1.783094015638163332e-03,5.349282046914489996e-03,-5.621025241901722591e-03,-2.717431949872325947e-04
4.354085526571012388e-02,4.530523970486144414e-02,1.764384439151320261e-03,5.293153317453960782e-03,-5.612872946052921419e-03,-3.197196285989606368e-04
4.355953287023410503e-02,4.530523970486144414e-02,1.745706834627339110e-03,5.237120503882017331e-03,-5.603281357194345169e-03,-3.661608533123278386e-04
4.357817385867275572e-02,4.530523970486144414e-02,1.727065846188688414e-03,5.181197538566065242e-03,-5.592296531595208897e-03,-4.110989930291436556e-04
4.359677373721210225e-02,4.530523970486144414e-02,1.708465967649341888e-03,5.125397902948025664e-03,-5.579963561803957806e-03,-4.545656588559321420e-04
4.361532815918556238e-02,4.530523970486144414e-02,1.689911545675881754e-03,5.069734637027645263e-03,-5.566326592038040033e-03,-4.965919550103947699e-04
4.363383292196352375e-02,4.530523970486144414e-02,1.671406782897920384e-03,5.014220348693761153e-03,-5.551428833388410977e-03,-5.372084846946498238e-04
4.365228396389301407e-02,4.530523970486144414e-02,1.652955740968430065e-03,4.958867222905290195e-03,-5.535312578847095821e-03,-5.764453559418056261e-04
4.367067736128691507e-02,4.530523970486144414e-02,1.634562343574529064e-03,4.903687030723587192e-03,-5.518019218170300277e-03,-6.143321874467130850e-04
4.368900932546206789e-02,4.530523970486144414e-02,1.616230379399376249e-03,4.848691138198128747e-03,-5.499589252545844520e-03,-6.508981143477157727e-04
4.370727619982578416e-02,4.530523970486144414e-02,1.597963505035659981e-03,4.793890515106979944e-03,-5.480062309114880348e-03,-6.861717940079004041e-04
4.372547445701010366e-02,4.530523970486144414e-02,1.579765247851340482e-03,4.739295743554021445e-03,-5.459477155295849871e-03,-7.201814117418284256e-04
4.374360069605325030e-02,4.530523970486144414e-02,1.561639008808193840e-03,4.684917026424581521e-03,-5.437871712943992408e-03,-7.529546865194108873e-04
4.376165163962774524e-02,4.530523970486144414e-02,1.543588065233698903e-03,4.630764195701096708e-03,-5.415283072348481275e-03,-7.845188766473845665e-04
4.377962413131457342e-02,4.530523970486144414e-02,1.525615573546870718e-03,4.576846720640612154e-03,-5.391747506048455429e-03,-8.149007854078432755e-04
4.379751513292286236e-02,4.530523970486144414e-02,1.507724571938581781e-03,4.523173715815745344e-03,-5.367300482486681013e-03,-8.441267666709356687e-04
4.381532172185448326e-02,4.530523970486144414e-02,1.489917983006960878e-03,4.469753949020882633e-03,-5.341976679486271085e-03,-8.722227304653884516e-04
4.383304108851305420e-02,4.530523970486144414e-02,1.472198616348389943e-03,4.416595849045169830e-03,-5.315809997571280254e-03,-8.992141485261104239e-04
4.385067053375677620e-02,4.530523970486144414e-02,1.454569171104667935e-03,4.363707513314003805e-03,-5.288833573116602516e-03,-9.251260598025987103e-04
4.386820746639451263e-02,4.530523970486144414e-02,1.437032238466931511e-03,4.311096715400794532e-03,-5.261079791320927290e-03,-9.499830759201327579e-04
4.388564940072466058e-02,4.530523970486144414e-02,1.419590304136783554e-03,4.258770912410350662e-03,-5.232580299044387040e-03,-9.738093866340363780e-04
4.390299395411614153e-02,4.530523970486144414e-02,1.402245750745302610e-03,4.206737252235907831e-03,-5.203366017444283065e-03,-9.966287652083752335e-04
4.392023884463110150e-02,4.530523970486144414e-02,1.385000860230342634e-03,4.155002580691027902e-03,-5.173467154487992881e-03,-1.018464573796964978e-03
4.393738188868868272e-02,4.530523970486144414e-02,1.367857816172761420e-03,4.103573448518284261e-03,-5.142913217274364124e-03,-1.039339768756079863e-03
4.395442099876938763e-02,4.530523970486144414e-02,1.350818706092056509e-03,4.052456118276169528e-03,-5.111733024211473353e-03,-1.059276905935303825e-03
4.397135418115950128e-02,4.530523970486144414e-02,1.333885523701942855e-03,4.001656571105828564e-03,-5.079954717034096401e-03,-1.078298145928267837e-03
4.398817953373502371e-02,4.530523970486144414e-02,1.317060171126420431e-03,3.951180513379261294e-03,-5.047605772656726941e-03,-1.096425259277465647e-03
4.400489524378461970e-02,4.530523970486144414e-02,1.300344461076824443e-03,3.901033383230473328e-03,-5.014713014878796615e-03,-1.113679631648323287e-03
4.402149958587105172e-02,4.530523970486144414e-02,1.283740118990392420e-03,3.851220356971177261e-03,-4.981302625929606709e-03,-1.130082268958429448e-03
4.403799091973058244e-02,4.530523970486144414e-02,1.267248785130861699e-03,3.801746355392585097e-03,-4.947400157859216385e-03,-1.145653802466631288e-03
4.405436768820986809e-02,4.530523970486144414e-02,1.250872016651576046e-03,3.752616049954728139e-03,-4.913030543785695814e-03,-1.160414493830967675e-03
4.407062841523977370e-02,4.530523970486144414e-02,1.234611289621670438e-03,3.703833868865011314e-03,-4.878218108971682510e-03,-1.174384240106671196e-03
4.408677170384566607e-02,4.530523970486144414e-02,1.218468001015778068e-03,3.655404003047334205e-03,-4.842986581767710907e-03,-1.187582578720376703e-03
4.410279623419368494e-02,4.530523970486144414e-02,1.202443470667759196e-03,3.607330412003277587e-03,-4.807359104405661832e-03,-1.200028692402384245e-03
4.411870076167246496e-02,4.530523970486144414e-02,1.186538943188979178e-03,3.559616829566937535e-03,-4.771358243634005181e-03,-1.211741414067067646e-03
4.413448411500983659e-02,4.530523970486144414e-02,1.170755589851607548e-03,3.512266769554822643e-03,-4.735006001211489179e-03,-1.222739231656666536e-03
4.415014519442404806e-02,4.530523970486144414e-02,1.155094510437396083e-03,3.465283531312188248e-03,-4.698323824263439530e-03,-1.233040292951251282e-03
4.416568296980896008e-02,4.530523970486144414e-02,1.139556735052484060e-03,3.418670205157452180e-03,-4.661332615473606777e-03,-1.242662410316154598e-03
4.418109647895283876e-02,4.530523970486144414e-02,1.124143225908605381e-03,3.372429677725816144e-03,-4.624052743163603596e-03,-1.251623065437787452e-03
4.419638482579017758e-02,4.530523970486144414e-02,1.108854879071266564e-03,3.326564637213799691e-03,-4.586504051201645282e-03,-1.259939413987845591e-03
4.421154717868611833e-02,4.530523970486144414e-02,1.093692526175325808e-03,3.281077578525977423e-03,-4.548705868782226824e-03,-1.267628290256249401e-03
4.422658276875303385e-02,4.530523970486144414e-02,1.078656936108410291e-03,3.235970808325230874e-03,-4.510677020074654875e-03,-1.274706211749424001e-03
4.424149088819877285e-02,4.530523970486144414e-02,1.063748816662671293e-03,3.191246449988013878e-03,-4.472435833721699616e-03,-1.281189383733685738e-03
4.425627088870613679e-02,4.530523970486144414e-02,1.048968816155307349e-03,3.146906448465922046e-03,-4.434000152209183199e-03,-1.287093703743261153e-03
4.427092217984313072e-02,4.530523970486144414e-02,1.034317525018313422e-03,3.102952575054940265e-03,-4.395387341098178080e-03,-1.292434766043237815e-03
4.428544422750351622e-02,4.530523970486144414e-02,1.019795477357927915e-03,3.059386432073783746e-03,-4.356614298115651929e-03,-1.297227866041868183e-03
4.429983655237729884e-02,4.530523970486144414e-02,1.005403152484145302e-03,3.016209457452435905e-03,-4.317697462134784114e-03,-1.301488004682348210e-03
4.431409872845061548e-02,4.530523970486144414e-02,9.911409764108286558e-04,2.973422929232485967e-03,-4.278652821994993749e-03,-1.305229892762507782e-03
4.432823038153465428e-02,4.530523970486144414e-02,9.770093233267898580e-04,2.931027969980369574e-03,-4.239495925211639316e-03,-1.308467955231269741e-03
4.434223118782316952e-02,4.530523970486144414e-02,9.630085170382746140e-04,2.889025551114823842e-03,-4.200241886554573201e-03,-1.311216335439749359e-03
4.435610087247814082e-02,4.530523970486144414e-02,9.491388323833033214e-04,2.847416497149909964e-03,-4.160905396491387798e-03,-1.313488899341477834e-03
4.436983920824317390e-02,4.530523970486144414e-02,9.354004966182702385e-04,2.806201489854810716e-03,-4.121500729509924854e-03,-1.315299239655114139e-03
4.438344601408424767e-02,4.530523970486144414e-02,9.217936907771964727e-04,2.765381072331589418e-03,-4.082041752322129735e-03,-1.316660679990540317e-03
4.439692115385732163e-02,4.530523970486144414e-02,9.083185510041225097e-04,2.724955653012367529e-03,-4.042541931922188914e-03,-1.317586278909821385e-03
4.441026453500250548e-02,4.530523970486144414e-02,8.949751698589386573e-04,2.684925509576815972e-03,-4.003014343555155730e-03,-1.318088833978339758e-03
4.442347610726429114e-02,4.530523970486144414e-02,8.817635975971530038e-04,2.645290792791459011e-03,-3.963471678535696041e-03,-1.318180885744237030e-03
4.443655586143750030e-02,4.530523970486144414e-02,8.686838434239438356e-04,2.606051530271831507e-03,-3.923926251962750467e-03,-1.317874721690918960e-03
4.444950382813853823e-02,4.530523970486144414e-02,8.557358767229059082e-04,2.567207630168717725e-03,-3.884390010311378205e-03,-1.317182380142660481e-03
4.446232007660156499e-02,4.530523970486144414e-02,8.429196282598791501e-04,2.528758884779637450e-03,-3.844874538908027439e-03,-1.316115654128389989e-03
4.447500471349917495e-02,4.530523970486144414e-02,8.302349913622691924e-04,2.490704974086807577e-03,-3.805391069282987315e-03,-1.314686095196179738e-03
4.448755788178726522e-02,4.530523970486144414e-02,8.176818230741789151e-04,2.453045469222536745e-03,-3.765950486427083188e-03,-1.312905017204546443e-03
4.449997975957363516e-02,4.530523970486144414e-02,8.052599452878089759e-04,2.415779835863426928e-03,-3.726563335910981767e-03,-1.310783500047554839e-03
4.451227055901000457e-02,4.530523970486144414e-02,7.929691458514395719e-04,2.378907437554318716e-03,-3.687239830910821192e-03,-1.308332393356502477e-03
4.452443052520703437e-02,4.530523970486144414e-02,7.808091796544097685e-04,2.342427538963229305e-03,-3.647989859108941024e-03,-1.305562320145711719e-03
4.453645993517205137e-02,4.530523970486144414e-02,7.687797696893927668e-04,2.306339309068178300e-03,-3.608822989505100498e-03,-1.302483680436922198e-03
4.454835909676902600e-02,4.530523970486144414e-02,7.568806080924181390e-04,2.270641824277254417e-03,-3.569748479092388349e-03,-1.299106654815133932e-03
4.456012834770051861e-02,4.530523970486144414e-02,7.451113571609255248e-04,2.235334071482776575e-03,-3.530775279447784243e-03,-1.295441207965007668e-03
4.457176805451121271e-02,8.341333320607845492e-01,7.895615640062733087e-01,2.368684692018820037e+00,0.000000000000000000e+00,2.368684692018820037e+00
4.482027623052379367e-02,8.341333320607845492e-01,7.893130558302607902e-01,2.367939167490782371e+00,-7.455245280375555339e-02,2.293386714687026817e+00
4.529812307800507726e-02,8.341333320607845492e-01,7.888352089827794789e-01,2.366505626948338659e+00,-1.433540542443934029e-01,2.223151572703945256e+00
4.599828508275675271e-02,8.341333320607845492e-01,7.881350469780278312e-01,2.364405140934083605e+00,-2.100486014254943079e-01,2.154356539508589297e+00
4.691388274145928683e-02,8.341333320607845492e-01,7.872194493193253040e-01,2.361658347957976023e+00,-2.746792976107581552e-01,2.086979050347217868e+00
4.803817830519654247e-02,8.341333320607845492e-01,7.860951537555880275e-01,2.358285461266763861e+00,-3.372886691211829380e-01,2.020996792145580923e+00
4.936457354814835496e-02,8.341333320607845492e-01,7.847687585126361665e-01,2.354306275537908277e+00,-3.979185728855583193e-01,1.956387702652349958e+00
5.088660756136540592e-02,8.341333320607845492e-01,7.832467244994191224e-01,2.349740173498257256e+00,-4.566102039651132039e-01,1.893129969533144052e+00
5.259795457153577242e-02,8.341333320607845492e-01,7.815353774892487282e-01,2.344606132467746296e+00,-5.134041030511182768e-01,1.831202029416628019e+00
5.449242178464779734e-02,8.341333320607845492e-01,7.796409102761368004e-01,2.338922730828410401e+00,-5.683401639335783351e-01,1.770582566894832066e+00
5.656394725444930521e-02,8.341333320607845492e-01,7.775693848063351954e-01,2.332708154419005808e+00,-6.214576409404815038e-01,1.711250513478524304e+00
5.880659777559867074e-02,8.341333320607845492e-01,7.753267342851858368e-01,2.325980202855557621e+00,-6.727951563448075767e-01,1.653185046510750045e+00
6.121456680139910483e-02,8.341333320607845492e-01,7.729187652593854096e-01,2.318756295778156229e+00,-7.223907077401281462e-01,1.596365588038028083e+00
6.378217238600333849e-02,8.341333320607845492e-01,7.703511596747811829e-01,2.311053479024343549e+00,-7.702816753812680162e-01,1.540771803643075533e+00
6.650385515097188838e-02,8.341333320607845492e-01,7.676294769098126469e-01,2.302888430729438163e+00,-8.165048294905608017e-01,1.486383601238877361e+00
6.937417627606431991e-02,8.341333320607845492e-01,7.647591557847202015e-01,2.294277467354160827e+00,-8.610963375277336240e-01,1.433181129826427203e+00
7.238781551413939197e-02,8.341333320607845492e-01,7.617455165466451295e-01,2.285236549639935610e+00,-9.040917714225216173e-01,1.381144778217413993e+00
7.553956923003621315e-02,8.341333320607845492e-01,7.585937628307483083e-01,2.275781288492245036e+00,-9.455261147690463552e-01,1.330255173723198681e+00
7.882434846330535483e-02,8.341333320607845492e-01,7.553089835974792221e-01,2.265926950792437555e+00,-9.854337699807258488e-01,1.280493180811711706e+00
8.223717701465566021e-02,8.341333320607845492e-01,7.518961550461289445e-01,2.255688465138386611e+00,-1.023848565405083288e+00,1.231839899733303323e+00
8.577318955597930394e-02,8.341333320607845492e-01,7.483601425048052036e-01,2.245080427514415611e+00,-1.060803762397122263e+00,1.184276665117293348e+00
8.942762976381467277e-02,8.341333320607845492e-01,7.447057022969698625e-01,2.234117106890909810e+00,-1.096332062350602321e+00,1.137785044540307489e+00
9.319584847610407063e-02,8.341333320607845492e-01,7.409374835846804785e-01,2.222812450754041436e+00,-1.130465613686815196e+00,1.092346837067226240e+00
9.707330187210019834e-02,8.341333320607845492e-01,7.370600301886843786e-01,2.211180090566053025e+00,-1.163236018798829985e+00,1.047944071767223040e+00
1.010555496752730403e-01,8.341333320607845492e-01,7.330777823855114672e-01,2.199233347156534180e+00,-1.194674340951873415e+00,1.004559006204660765e+00
1.051382533790663487e-01,8.341333320607845492e-01,7.289950786817182005e-01,2.186985236045154490e+00,-1.224811111137980024e+00,9.621741249071744662e-01
1.093171744953503749e-01,8.341333320607845492e-01,7.248161575654341604e-01,2.174448472696302481e+00,-1.253676334885212018e+00,9.207721378110904631e-01
1.135881728254155149e-01,8.341333320607845492e-01,7.205451592353689927e-01,2.161635477706107089e+00,-1.281299499019550314e+00,8.803359786865567749e-01
1.179472047533493134e-01,8.341333320607845492e-01,7.161861273074352496e-01,2.148558381922305749e+00,-1.307709578380122917e+00,8.408488035421828322e-01
1.223903215616373302e-01,8.341333320607845492e-01,7.117430104991472328e-01,2.135229031497441810e+00,-1.332935042486405042e+00,8.022939890110367678e-01
1.269136677688264547e-01,8.341333320607845492e-01,7.072196642919581500e-01,2.121658992875874450e+00,-1.357003862156724860e+00,7.646551307191495894e-01
1.315134794890874814e-01,8.341333320607845492e-01,7.026198525716971233e-01,2.107859557715091370e+00,-1.379943516078308008e+00,7.279160416367833619e-01
1.361860828135121881e-01,8.341333320607845492e-01,6.979472492472723610e-01,2.093841747741817194e+00,-1.401780997327428668e+00,6.920607504143885258e-01
1.409278922129783285e-01,8.341333320607845492e-01,6.932054398478062485e-01,2.079616319543418967e+00,-1.422542819839833772e+00,6.570734997035851954e-01
1.457354089624148252e-01,8.341333320607845492e-01,6.883979230983696684e-01,2.065193769295109227e+00,-1.442255024830974008e+00,6.229387444641352189e-01
1.506052195862977450e-01,8.341333320607845492e-01,6.835281124744867487e-01,2.050584337423460468e+00,-1.460943187164875923e+00,5.896411502585845454e-01
1.555339943252065094e-01,8.341333320607845492e-01,6.785993377355780121e-01,2.035798013206734147e+00,-1.478632421672620989e+00,5.571655915341131582e-01
1.605184856232687030e-01,8.341333320607845492e-01,6.736148464375157907e-01,2.020844539312547372e+00,-1.495347389418666406e+00,5.254971498938809660e-01
1.655555266363202827e-01,8.341333320607845492e-01,6.685778054244642110e-01,2.005733416273392855e+00,-1.511112303915473909e+00,4.946211123579189461e-01
1.706420297606076608e-01,8.341333320607845492e-01,6.634913023001769439e-01,1.990473906900530832e+00,-1.525950937286180142e+00,4.645229696143506892e-01
1.757749851818564690e-01,8.341333320607845492e-01,6.583583468789280246e-01,1.975075040636784074e+00,-1.539886626374675771e+00,4.351884142621083029e-01
1.809514594445314761e-01,8.341333320607845492e-01,6.531818726162530453e-01,1.959545617848759136e+00,-1.552942278802493803e+00,4.066033390462653330e-01
1.861685940411111073e-01,8.341333320607845492e-01,6.479647380196734696e-01,1.943894214059020520e+00,-1.565140378973872703e+00,3.787538350851478164e-01
1.914236040211992618e-01,8.341333320607845492e-01,6.427097280395852597e-01,1.928129184118755779e+00,-1.576502994026462989e+00,3.516261900922927897e-01
1.967137766202966542e-01,8.341333320607845492e-01,6.374195554404878949e-01,1.912258666321463796e+00,-1.587051779729209411e+00,3.252068865922543850e-01
2.020364699080532678e-01,8.341333320607845492e-01,6.320968621527313092e-01,1.896290586458194038e+00,-1.596807986326975737e+00,2.994826001312183017e-01
2.073891114558230053e-01,8.341333320607845492e-01,6.267442206049615994e-01,1.880232661814884798e+00,-1.605792464330912939e+00,2.744401974839718594e-01
2.127691970233411278e-01,8.341333320607845492e-01,6.213641350374434769e-01,1.864092405112330431e+00,-1.614025670255436751e+00,2.500667348568936799e-01
2.181742892643449561e-01,8.341333320607845492e-01,6.159590427964396486e-01,1.847877128389318946e+00,-1.621527672301148471e+00,2.263494560881704754e-01
2.236020164509575914e-01,8.341333320607845492e-01,6.105313156098269856e-01,1.831593946829480846e+00,-1.628318155983798921e+00,2.032757908456819251e-01
2.290500712166547992e-01,8.341333320607845492e-01,6.050832608441297777e-01,1.815249782532389222e+00,-1.634416429709162344e+00,1.808333528232268783e-01
2.345162093176343387e-01,8.341333320607845492e-01,5.996171227431501549e-01,1.798851368229450465e+00,-1.639841430293886848e+00,1.590099379355636167e-01
2.399982484124074111e-01,8.341333320607845492e-01,5.941350836483771936e-01,1.782405250945131581e+00,-1.644611728431888409e+00,1.377935225132431718e-01
2.454940668594318143e-01,8.341333320607845492e-01,5.886392652013527904e-01,1.765917795604058371e+00,-1.648745534107320942e+00,1.171722614967374287e-01
2.510016025326058942e-01,8.341333320607845492e-01,5.831317295281785995e-01,1.749395188584535799e+00,-1.652260701952257271e+00,9.713448663227852720e-02
2.565188516544432140e-01,8.341333320607845492e-01,5.776144804063413352e-01,1.732843441219023894e+00,-1.655174736551179304e+00,7.766870466784459026e-02
2.620438676467473083e-01,8.341333320607845492e-01,5.720894644140372964e-01,1.716268393242111889e+00,-1.657504797691211618e+00,5.876359555090027165e-02
2.675747599986064706e-01,8.341333320607845492e-01,5.665585720621780785e-01,1.699675716186534125e+00,-1.659267705557765371e+00,4.040801062876875349e-02
2.731096931515285542e-01,8.341333320607845492e-01,5.610236389092559950e-01,1.683070916727767985e+00,-1.660479945876625063e+00,2.259097085114292192e-02
2.786468854015357044e-01,8.341333320607845492e-01,5.554864466592488448e-01,1.666459339977746534e+00,-1.661157675002145062e+00,5.301664975601472207e-03
2.841846078180404467e-01,8.341333320607845492e-01,5.499487242427441025e-01,1.649846172728232307e+00,-1.661316724951422685e+00,-1.147055222319037782e-02
2.897211831793228831e-01,8.341333320607845492e-01,5.444121488814617216e-01,1.633236446644385165e+00,-1.660972608384714277e+00,-2.773616174032911275e-02
2.952549849244312519e-01,8.341333320607845492e-01,5.388783471363532973e-01,1.616635041409059781e+00,-1.660140523532527279e+00,-4.350548212346749821e-02
3.007844361213272699e-01,8.341333320607845492e-01,5.333488959394572237e-01,1.600046687818371671e+00,-1.658835359068822068e+00,-5.878867125045039721e-02
3.063080084510982348e-01,8.341333320607845492e-01,5.278253236096863699e-01,1.583475970829059110e+00,-1.657071698931256165e+00,-7.359572810219705552e-02
3.118242212080590270e-01,8.341333320607845492e-01,5.223091108527255777e-01,1.566927332558176733e+00,-1.654863827088237649e+00,-8.793649453006091576e-02
3.173316403155667653e-01,8.341333320607845492e-01,5.168016917452178394e-01,1.550405075235653518e+00,-1.652225732252321500e+00,-1.018206570166679814e-01
3.228288773573728676e-01,8.341333320607845492e-01,5.113044547034116816e-01,1.533913364110234934e+00,-1.649171112541847339e+00,-1.152577484316124057e-01
3.283145886243358236e-01,8.341333320607845492e-01,5.058187434364487256e-01,1.517456230309346177e+00,-1.645713380088886790e+00,-1.282571497795406135e-01
3.337874741763208197e-01,8.341333320607845492e-01,5.003458578844637294e-01,1.501037573653391188e+00,-1.641865665595498847e+00,-1.408280919421076582e-01
3.392462769191115779e-01,8.341333320607845492e-01,4.948870551416729713e-01,1.484661165425019025e+00,-1.637640822837227450e+00,-1.529796574122084252e-01
3.446897816961611571e-01,8.341333320607845492e-01,4.894435503646233920e-01,1.468330651093870287e+00,-1.633051433114873774e+00,-1.647207820210034868e-01
3.501168143950086353e-01,8.341333320607845492e-01,4.840165176657759138e-01,1.452049552997327631e+00,-1.628109809654243456e+00,-1.760602566569158256e-01
3.555262410681904184e-01,8.341333320607845492e-01,4.786070909925941308e-01,1.435821272977782392e+00,-1.622828001954534916e+00,-1.870067289767525232e-01
3.609169670684744813e-01,8.341333320607845492e-01,4.732163649923100679e-01,1.419649094976930259e+00,-1.617217800085218871e+00,-1.975687051082886114e-01
3.662879361982477322e-01,8.341333320607845492e-01,4.678453958625368170e-01,1.403536187587610451e+00,-1.611290738931975275e+00,-2.077545513443648240e-01
3.716381298728865246e-01,8.341333320607845492e-01,4.624952021878980246e-01,1.387485606563694018e+00,-1.605058102391637709e+00,-2.175724958279436905e-01
3.769665662979425624e-01,8.341333320607845492e-01,4.571667657628419867e-01,1.371500297288525960e+00,-1.598530927516811362e+00,-2.270306302282854016e-01
3.822722996599757783e-01,8.341333320607845492e-01,4.518610324008087709e-01,1.355583097202426313e+00,-1.591720008609964765e+00,-2.361369114075384523e-01
3.875544193308682051e-01,8.341333320607845492e-01,4.465789127299163441e-01,1.339736738189749143e+00,-1.584635901267728020e+00,-2.448991630779788764e-01
3.928120490854528635e-01,8.341333320607845492e-01,4.413212829753316857e-01,1.323963848925995057e+00,-1.577288926375397526e+00,-2.533250774494024693e-01
3.980443463322925757e-01,8.341333320607845492e-01,4.360889857284919735e-01,1.308266957185475921e+00,-1.569689174051913660e+00,-2.614222168664377399e-01
4.032505013574456121e-01,8.341333320607845492e-01,4.308828307033389371e-01,1.292648492110016756e+00,-1.561846507545910923e+00,-2.691980154358941668e-01
4.084297365810550806e-01,8.341333320607845492e-01,4.257035954797294686e-01,1.277110786439188406e+00,-1.553770567082840559e+00,-2.766597806436521534e-01
4.135813058266001874e-01,8.341333320607845492e-01,4.205520262341843618e-01,1.261656078702553030e+00,-1.545470773663532027e+00,-2.838146949609789971e-01
4.187044936026492192e-01,8.341333320607845492e-01,4.154288384581353299e-01,1.246286515374406045e+00,-1.536956332814709558e+00,-2.906698174403035129e-01
4.237986143969542097e-01,8.341333320607845492e-01,4.103347176638303395e-01,1.231004152991491019e+00,-1.528236238291497129e+00,-2.972320853000061103e-01
4.288630119827291920e-01,8.341333320607845492e-01,4.052703200780553572e-01,1.215810960234166016e+00,-1.519319275732494701e+00,-3.035083154983286846e-01
4.338970587369543330e-01,8.341333320607845492e-01,4.002362733238302162e-01,1.200708819971490593e+00,-1.510214026267542309e+00,-3.095052062960517159e-01
4.389001549705498495e-01,8.341333320607845492e-01,3.952331770902346997e-01,1.185699531270704155e+00,-1.500928870078654942e+00,-3.152293388079507874e-01
4.438717282702646094e-01,8.341333320607845492e-01,3.902616037905199398e-01,1.170784811371559764e+00,-1.491471989914427976e+00,-3.206871785428682120e-01
4.488112328521250416e-01,8.341333320607845492e-01,3.853220992086595076e-01,1.155966297625978578e+00,-1.481851374558129653e+00,-3.258850769321510743e-01
4.537181489262923084e-01,8.341333320607845492e-01,3.804151831344922408e-01,1.141245549403476778e+00,-1.472074822250180048e+00,-3.308292728467032706e-01
4.585919820731748642e-01,8.341333320607845492e-01,3.755413499876096850e-01,1.126624049962829055e+00,-1.462149944064766727e+00,-3.355258941019376717e-01
4.634322626306472404e-01,8.341333320607845492e-01,3.707010694301373088e-01,1.112103208290411871e+00,-1.452084167241712853e+00,-3.399809589513009822e-01
4.682385450922245118e-01,8.341333320607845492e-01,3.658947869685600374e-01,1.097684360905680112e+00,-1.441884738473181438e+00,-3.442003775675013255e-01
4.730104075160450061e-01,8.341333320607845492e-01,3.611229245447395431e-01,1.083368773634218574e+00,-1.431558727146148291e+00,-3.481899535119297173e-01
4.777474509445143180e-01,8.341333320607845492e-01,3.563858811162702311e-01,1.069157643348810804e+00,-1.421113028540793577e+00,-3.519553851919827725e-01
4.824492988344644129e-01,8.341333320607845492e-01,3.516840332263201363e-01,1.055052099678960520e+00,-1.410554366985028452e+00,-3.555022673060679317e-01
4.871155964976839337e-01,8.341333320607845492e-01,3.470177355631006155e-01,1.041053206689301902e+00,-1.399889298965856232e+00,-3.588360922765543304e-01
4.917460105516757718e-01,8.341333320607845492e-01,3.423873215091087774e-01,1.027161964527326443e+00,-1.389124216197551442e+00,-3.619622516702249992e-01
4.963402283805005699e-01,8.341333320607845492e-01,3.377931036802839793e-01,1.013379311040851993e+00,-1.378265348647439437e+00,-3.648860376065874433e-01
5.008979576055647698e-01,8.341333320607845492e-01,3.332353744552197794e-01,9.997061233656593382e-01,-1.367318767519259959e+00,-3.676126441536006206e-01
5.054189255662135949e-01,8.341333320607845492e-01,3.287144064945709543e-01,9.861432194837128629e-01,-1.356290388194647534e+00,-3.701471687109346709e-01
5.099028788099913001e-01,8.341333320607845492e-01,3.242304532507932491e-01,9.726913597523797472e-01,-1.345185973133311563e+00,-3.724946133809318161e-01
5.143495825924309095e-01,8.341333320607845492e-01,3.197837494683536397e-01,9.593512484050609190e-01,-1.334011134731882819e+00,-3.746598863268219004e-01
5.187588203862378844e-01,8.341333320607845492e-01,3.153745116745466648e-01,9.461235350236399944e-01,-1.322771338142092468e+00,-3.766478031184524733e-01
5.231303933997329958e-01,8.341333320607845492e-01,3.110029386610515534e-01,9.330088159831546601e-01,-1.311471904048533421e+00,-3.784630880653787610e-01
5.274641201044215633e-01,8.341333320607845492e-01,3.066692119563629859e-01,9.200076358690889577e-01,-1.300118011406570240e+00,-3.801103755374812820e-01
5.317598357715563884e-01,8.341333320607845492e-01,3.023734962892281608e-01,9.071204888676844824e-01,-1.288714700140447533e+00,-3.815942112727630509e-01
5.360173920175639317e-01,8.341333320607845492e-01,2.981159400432206175e-01,8.943478201296618524e-01,-1.277266873802263003e+00,-3.829190536726011507e-01
5.402366563582041703e-01,8.341333320607845492e-01,2.938966757025803789e-01,8.816900271077411366e-01,-1.265779302192071576e+00,-3.840892750843304393e-01
5.444175117713360157e-01,8.341333320607845492e-01,2.897158202894485335e-01,8.691474608683456005e-01,-1.254256623939553617e+00,-3.851091630712080160e-01
5.485598562681607282e-01,8.341333320607845492e-01,2.855734757926238210e-01,8.567204273778714629e-01,-1.242703349047413752e+00,-3.859829216695422893e-01
5.526636024728185381e-01,8.341333320607845492e-01,2.814697295879660111e-01,8.444091887638980332e-01,-1.231123861397342978e+00,-3.867146726334449447e-01
5.567286772102129078e-01,8.341333320607845492e-01,2.774046548505716414e-01,8.322139645517149242e-01,-1.219522421218310892e+00,-3.873084566665959683e-01
5.607550211019406428e-01,8.341333320607845492e-01,2.733783109588439064e-01,8.201349328765317193e-01,-1.207903167518320497e+00,-3.877682346417887782e-01
5.647425881702041739e-01,8.341333320607845492e-01,2.693907438905803753e-01,8.081722316717411259e-01,-1.196270120479059340e+00,-3.880978888073182143e-01
5.686913454495869935e-01,8.341333320607845492e-01,2.654419866111975557e-01,7.963259598335926670e-01,-1.184627183814845885e+00,-3.883012239812532185e-01
5.726012726065716762e-01,8.341333320607845492e-01,2.615320594542128729e-01,7.845961783626386188e-01,-1.172978147095404822e+00,-3.883819687327662029e-01
5.764723615666831336e-01,8.341333320607845492e-01,2.576609704941014156e-01,7.729829114823042469e-01,-1.161326688033437193e+00,-3.883437765511329465e-01
5.803046161491394184e-01,8.341333320607845492e-01,2.538287159116451308e-01,7.614861477349353924e-01,-1.149676374736885442e+00,-3.881902270019500500e-01
5.840980517088955049e-01,8.341333320607845492e-01,2.500352803518890443e-01,7.501058410556671330e-01,-1.138030667926825945e+00,-3.879248268711588121e-01
5.878526947859644691e-01,8.341333320607845492e-01,2.462806372748200801e-01,7.388419118244602402e-01,-1.126392923120689282e+00,-3.875510112962290421e-01
5.915685827619038273e-01,8.341333320607845492e-01,2.425647492988807219e-01,7.276942478966421657e-01,-1.114766392781807447e+00,-3.870721448851652813e-01
5.952457635233546762e-01,8.341333320607845492e-01,2.388875685374298730e-01,7.166627056122896189e-01,-1.103154228435254680e+00,-3.864915228229650612e-01
5.988842951325232811e-01,8.341333320607845492e-01,2.352490369282612681e-01,7.057471107847838043e-01,-1.091559482750581456e+00,-3.858123719657976514e-01
6.024842455044953082e-01,8.341333320607845492e-01,2.316490865562892409e-01,6.949472596688677228e-01,-1.079985111591608149e+00,-3.850378519227404261e-01
6.060456920912750123e-01,8.341333320607845492e-01,2.280876399695095369e-01,6.842629199085286107e-01,-1.068433976033911215e+00,-3.841710561253826040e-01
6.095687215724422403e-01,8.341333320607845492e-01,2.245646104883423089e-01,6.736938314650269266e-01,-1.056908844350168408e+00,-3.832150128851414816e-01
6.130534295523208943e-01,8.341333320607845492e-01,2.210799025084636549e-01,6.632397075253909646e-01,-1.045412393963596198e+00,-3.821726864382052336e-01
6.164999202635557118e-01,8.341333320607845492e-01,2.176334117972288373e-01,6.529002353916865120e-01,-1.033947213370445262e+00,-3.810469779787587497e-01
6.199083062769926711e-01,8.341333320607845492e-01,2.142250257837918781e-01,6.426750773513756343e-01,-1.022515804031087772e+00,-3.798407266797121373e-01
6.232787082177616567e-01,8.341333320607845492e-01,2.108546238430228925e-01,6.325638715290686775e-01,-1.011120582230695675e+00,-3.785567107016269972e-01
6.266112544874604673e-01,8.341333320607845492e-01,2.075220775733240819e-01,6.225662327199722457e-01,-9.997638809096431878e-01,-3.771976481896709421e-01
6.299060809923403559e-01,8.341333320607845492e-01,2.042272510684441933e-01,6.126817532053325799e-01,-9.884479514639665787e-01,-3.757661982586339988e-01
6.331633308773944036e-01,8.341333320607845492e-01,2.009700011833901456e-01,6.029100035501704369e-01,-9.771749655162143000e-01,-3.742649619660438631e-01
6.363831542662518048e-01,8.341333320607845492e-01,1.977501777945327444e-01,5.932505333835982331e-01,-9.659470166572203809e-01,-3.726964832736221478e-01
6.395657080067818079e-01,8.341333320607845492e-01,1.945676240540027413e-01,5.837028721620082239e-01,-9.547661221590009184e-01,-3.710632499969926945e-01
6.427111554223121637e-01,8.341333320607845492e-01,1.914221766384723855e-01,5.742665299154171565e-01,-9.436342246591067351e-01,-3.693676947436895786e-01
6.458196660683681589e-01,8.341333320607845492e-01,1.883136659924163903e-01,5.649409979772491708e-01,-9.325531938167985757e-01,-3.676121958395494049e-01
6.488914154948401958e-01,8.341333320607845492e-01,1.852419165659443534e-01,5.557257496978330602e-01,-9.215248279416110577e-01,-3.657990782437779975e-01
6.519265850134878804e-01,8.341333320607845492e-01,1.822067470472966688e-01,5.466202411418900065e-01,-9.105508555943053750e-01,-3.639306144524153686e-01
6.549253614706902482e-01,8.341333320607845492e-01,1.792079705900943010e-01,5.376239117702829029e-01,-8.996329371607103553e-01,-3.620090253904274524e-01
6.578879370253536418e-01,8.341333320607845492e-01,1.762453950354309073e-01,5.287361851062927220e-01,-8.887726663990180853e-01,-3.600364812927253633e-01
6.608145089318877563e-01,8.341333320607845492e-01,1.733188231288967929e-01,5.199564693866903786e-01,-8.779715719602343427e-01,-3.580151025735439640e-01
6.637052793281644769e-01,8.341333320607845492e-01,1.704280527326200723e-01,5.112841581978602168e-01,-8.672311188830161832e-01,-3.559469606851559664e-01
6.665604550283726892e-01,8.341333320607845492e-01,1.675728770324118599e-01,5.027186310972355798e-01,-8.565527100624636958e-01,-3.538340789652281160e-01
6.693802473206843517e-01,8.341333320607845492e-01,1.647530847401001974e-01,4.942592542203005923e-01,-8.459376876934987521e-01,-3.516784334731981598e-01
6.721648717696486752e-01,8.341333320607845492e-01,1.619684602911358740e-01,4.859053808734076219e-01,-8.353873346892970453e-01,-3.494819538158894234e-01
6.749145480232314753e-01,8.341333320607845492e-01,1.592187840375530739e-01,4.776563521126592216e-01,-8.249028760748400302e-01,-3.472465239621808086e-01
6.776294996244180968e-01,8.341333320607845492e-01,1.565038324363664524e-01,4.695114973090993571e-01,-8.144854803559864465e-01,-3.449739830468870894e-01
6.803099538272999736e-01,8.341333320607845492e-01,1.538233782334845756e-01,4.614701347004537269e-01,-8.041362608645630239e-01,-3.426661261641092970e-01
6.829561414175654432e-01,8.341333320607845492e-01,1.511771906432191059e-01,4.535315719296573178e-01,-7.938562770796409040e-01,-3.403247051499835862e-01
6.855682965373158799e-01,8.341333320607845492e-01,1.485650355234686693e-01,4.456951065704060078e-01,-7.836465359251310048e-01,-3.379514293547249970e-01
6.881466565141308722e-01,8.341333320607845492e-01,1.459866755466536770e-01,4.379600266399610309e-01,-7.735079930444976881e-01,-3.355479664045366572e-01
6.906914616943053975e-01,8.341333320607845492e-01,1.434418703664791517e-01,4.303256110994374550e-01,-7.634415540523575849e-01,-3.331159429529201299e-01
6.932029552801846073e-01,8.341333320607845492e-01,1.409303767805999419e-01,4.227911303417998257e-01,-7.534480757637629367e-01,-3.306569454219631110e-01
6.956813831715216168e-01,8.341333320607845492e-01,1.384519488892629324e-01,4.153558466677887973e-01,-7.435283674011028410e-01,-3.281725207333140437e-01
6.981269938107853568e-01,8.341333320607845492e-01,1.360063382499991924e-01,4.080190147499975772e-01,-7.336831917791220015e-01,-3.256641770291244242e-01
7.005400380323462128e-01,8.341333320607845492e-01,1.335932940284383363e-01,4.007798820853150090e-01,-7.239132664682568219e-01,-3.231333843829418129e-01
7.029207689154687300e-01,8.341333320607845492e-01,1.312125631453158192e-01,3.936376894359474576e-01,-7.142192649367551383e-01,-3.205815755008076806e-01
7.052694416410412170e-01,8.341333320607845492e-01,1.288638904197433321e-01,3.865916712592299964e-01,-7.046018176717461223e-01,-3.180101464125161259e-01
7.075863133519724180e-01,8.341333320607845492e-01,1.265470187088121312e-01,3.796410561264363936e-01,-6.950615132793602768e-01,-3.154204571529238832e-01
7.098716430171883029e-01,8.341333320607845492e-01,1.242616890435962462e-01,3.727850671307887387e-01,-6.855988995647654960e-01,-3.128138324339767573e-01
7.121256912991608123e-01,8.341333320607845492e-01,1.220076407616237368e-01,3.660229222848712105e-01,-6.762144845917528180e-01,-3.101915623068816075e-01
7.143487204249026057e-01,8.341333320607845492e-01,1.197846116358819435e-01,3.593538349076458305e-01,-6.669087377225380031e-01,-3.075549028148921726e-01
7.165409940603629790e-01,8.341333320607845492e-01,1.175923380004215701e-01,3.527770140012647104e-01,-6.576820906381120047e-01,-3.049050766368472942e-01
7.187027771881596694e-01,8.341333320607845492e-01,1.154305548726248798e-01,3.462916646178746394e-01,-6.485349383390071054e-01,-3.022432737211324660e-01
7.208343359885841517e-01,8.341333320607845492e-01,1.132989960722003975e-01,3.398969882166011924e-01,-6.394676401273446942e-01,-2.995706519107435017e-01
7.229359377238175899e-01,8.341333320607845492e-01,1.111973943369669593e-01,3.335921830109008779e-01,-6.304805205700314552e-01,-2.968883375591305773e-01
7.250078506252951582e-01,8.341333320607845492e-01,1.091254814354893909e-01,3.273764443064681728e-01,-6.215738704432705042e-01,-2.941974261368023313e-01
7.270503437841590033e-01,8.341333320607845492e-01,1.070829882766255459e-01,3.212489648298766376e-01,-6.127479476591535246e-01,-2.914989828292768870e-01
7.290636870447398943e-01,8.341333320607845492e-01,1.050696450160446549e-01,3.152089350481339647e-01,-6.040029781742672910e-01,-2.887940431261333263e-01
7.310481509010081647e-01,8.341333320607845492e-01,1.030851811597763845e-01,3.092555434793291536e-01,-5.953391568804811129e-01,-2.860836134011519594e-01
7.330040063959363250e-01,8.341333320607845492e-01,1.011293256648482242e-01,3.033879769945446725e-01,-5.867566484784481062e-01,-2.833686714839034337e-01
7.349315250237161701e-01,8.341333320607845492e-01,9.920180703706837910e-02,2.976054211112051373e-01,-5.782555883339535185e-01,-2.806501672227483812e-01
7.368309786347736479e-01,8.341333320607845492e-01,9.730235342601090132e-02,2.919070602780327039e-01,-5.698360833172433360e-01,-2.779290230392106320e-01
7.387026393435273119e-01,8.341333320607845492e-01,9.543069271725723723e-02,2.862920781517717117e-01,-5.614982126260992246e-01,-2.752061344743275129e-01
7.405467794388335134e-01,8.341333320607845492e-01,9.358655262195103575e-02,2.807596578658531072e-01,-5.532420285918604463e-01,-2.724823707260073391e-01
7.423636712970670404e-01,8.341333320607845492e-01,9.176966076371750880e-02,2.753089822911525264e-01,-5.450675574700580839e-01,-2.697585751789055575e-01
7.441535872977826926e-01,8.341333320607845492e-01,8.997974476300185653e-02,2.699392342890055696e-01,-5.369748002146956800e-01,-2.670355659256901104e-01
7.459167997419058338e-01,8.341333320607845492e-01,8.821653231887871538e-02,2.646495969566361461e-01,-5.289637332369423461e-01,-2.643141362803062000e-01
7.476535807724009608e-01,8.341333320607845492e-01,8.647975128838358838e-02,2.594392538651507651e-01,-5.210343091485380995e-01,-2.615950552833873344e-01
7.493642022973676653e-01,8.341333320607845492e-01,8.476912976341688388e-02,2.543073892902506516e-01,-5.131864574900113496e-01,-2.588790681997606979e-01
7.510489359155144706e-01,8.341333320607845492e-01,8.308439614527007855e-02,2.492531884358102356e-01,-5.054200854440416002e-01,-2.561668970082313646e-01
7.527080528439604734e-01,8.341333320607845492e-01,8.142527921682407577e-02,2.442758376504722273e-01,-4.977350785338008343e-01,-2.534592408833286070e-01
7.543418238483180494e-01,8.341333320607845492e-01,7.979150821246649983e-02,2.393745246373994995e-01,-4.901313013072727820e-01,-2.507567766698732825e-01
7.559505191750086617e-01,8.341333320607845492e-01,7.818281288577588750e-02,2.345484386573276625e-01,-4.826085980071836978e-01,-2.480601593498560353e-01
7.575344084857642546e-01,8.341333320607845492e-01,7.659892357502029459e-02,2.297967707250608838e-01,-4.751667932266778749e-01,-2.453700225016169911e-01
7.590937607942697118e-01,8.341333320607845492e-01,7.503957126651483733e-02,2.251187137995445120e-01,-4.678056925516371756e-01,-2.426869787520926636e-01
7.606288444048999731e-01,8.341333320607845492e-01,7.350448765588457611e-02,2.205134629676537283e-01,-4.605250831890783658e-01,-2.400116202214246375e-01
7.621399268535080651e-01,8.341333320607845492e-01,7.199340520727648407e-02,2.159802156218294522e-01,-4.533247345824276131e-01,-2.373445189605981609e-01
7.636272748502200836e-01,8.341333320607845492e-01,7.050605721056446562e-02,2.115181716316933969e-01,-4.462043990136055349e-01,-2.346862273819121381e-01
7.650911542241939367e-01,8.341333320607845492e-01,6.904217783659061247e-02,2.071265335097718374e-01,-4.391638121921559446e-01,-2.320372786823841071e-01
7.665318298702995525e-01,8.341333320607845492e-01,6.760150219048499665e-02,2.028045065714549899e-01,-4.322026938316847477e-01,-2.293981872602297578e-01
7.679495656976791373e-01,8.341333320607845492e-01,6.618376636310541183e-02,1.985512990893162355e-01,-4.253207482138754436e-01,-2.267694491245592081e-01
7.693446245801462968e-01,8.341333320607845492e-01,6.478870748063825236e-02,1.943661224419147571e-01,-4.185176647401478434e-01,-2.241515422982330863e-01
7.707172683083836073e-01,8.341333320607845492e-01,6.341606375240094184e-02,1.902481912572028255e-01,-4.117931184711931536e-01,-2.215449272139903281e-01
7.720677575438995577e-01,8.341333320607845492e-01,6.206557451688499150e-02,1.861967235506549745e-01,-4.051467706547851044e-01,-2.189500471041301299e-01
7.733963517747051153e-01,8.341333320607845492e-01,6.073698028607943389e-02,1.822109408582383017e-01,-3.985782692416672823e-01,-2.163673283834289807e-01
7.747033092726722803e-01,8.341333320607845492e-01,5.943002278811226891e-02,1.782900683643368067e-01,-3.920872493901494948e-01,-2.137971810258126881e-01
7.759888870525368798e-01,8.341333320607845492e-01,5.814444500824766937e-02,1.744333350247430081e-01,-3.856733339593798604e-01,-2.112399989346368523e-01
7.772533408325079662e-01,8.341333320607845492e-01,5.687999122827658294e-02,1.706399736848297488e-01,-3.793361339913259300e-01,-2.086961603064961812e-01
7.784969249964484028e-01,8.341333320607845492e-01,5.563640706433614636e-02,1.669092211930084391e-01,-3.730752491821309746e-01,-2.061660279891225356e-01
7.797198925575899997e-01,8.341333320607845492e-01,5.441343950319454947e-02,1.632403185095836484e-01,-3.668902683424790645e-01,-2.036499498328954161e-01
7.809224951237483392e-01,8.341333320607845492e-01,5.321083693703620998e-02,1.596325108111086299e-01,-3.607807698475018476e-01,-2.011482590363932177e-01
7.821049828640029844e-01,8.341333320607845492e-01,5.202834919678156478e-02,1.560850475903446943e-01,-3.547463220763935610e-01,-1.986612744860488666e-01
7.832676044768089874e-01,8.341333320607845492e-01,5.086572758397556182e-02,1.525971827519266855e-01,-3.487864838418008873e-01,-1.961893010898742018e-01
7.844106071595060570e-01,8.341333320607845492e-01,4.972272490127849220e-02,1.491681747038354766e-01,-3.429008048091208849e-01,-1.937326301052854083e-01
7.855342365791926351e-01,8.341333320607845492e-01,4.859909548159191406e-02,1.457972864447757422e-01,-3.370888259059734438e-01,-1.912915394611977016e-01
7.866387368449330175e-01,8.341333320607845492e-01,4.749459521585153166e-02,1.424837856475545950e-01,-3.313500797221147209e-01,-1.888662940745601260e-01
7.877243504812659891e-01,8.341333320607845492e-01,4.640898157951856007e-02,1.392269447385556802e-01,-3.256840908998914763e-01,-1.864571461613357961e-01
7.887913184029827773e-01,8.341333320607845492e-01,4.534201365780177184e-02,1.360260409734053155e-01,-3.200903765150364677e-01,-1.840643355416311522e-01
7.898398798911454577e-01,8.341333320607845492e-01,4.429345216963909149e-02,1.328803565089172745e-01,-3.145684464488041066e-01,-1.816880899398868321e-01
7.908702725703141700e-01,8.341333320607845492e-01,4.326305949047037913e-02,1.297891784714111374e-01,-3.091178037506137066e-01,-1.793286252792025692e-01
7.918827323869549462e-01,8.341333320607845492e-01,4.225059967382960302e-02,1.267517990214888091e-01,-3.037379449922328334e-01,-1.769861459707440243e-01
7.928774935889986164e-01,8.341333320607845492e-01,4.125583847178593278e-02,1.237675154153577983e-01,-2.984283606131010735e-01,-1.746608451977432752e-01
7.938547887065224851e-01,8.341333320607845492e-01,4.027854335426206411e-02,1.208356300627861923e-01,-2.931885352571605985e-01,-1.723529051943744062e-01
7.948148485335269076e-01,8.341333320607845492e-01,3.931848352725764162e-02,1.179554505817729249e-01,-2.880179481013267484e-01,-1.700624975195538235e-01
7.957579021107794581e-01,8.341333320607845492e-01,3.837542995000509105e-02,1.151262898500152732e-01,-2.829160731757651703e-01,-1.677897833257498972e-01
7.966841767096993765e-01,8.341333320607845492e-01,3.744915535108517268e-02,1.123474660532555180e-01,-2.778823796759755105e-01,-1.655349136227199924e-01
7.975938978172569804e-01,8.341333320607845492e-01,3.653943424352756875e-02,1.096183027305827062e-01,-2.729163322672811809e-01,-1.632980295366984747e-01
7.984872891218609547e-01,8.341333320607845492e-01,3.564604293892359443e-02,1.069381288167707833e-01,-2.680173913811922937e-01,-1.610792625644215104e-01
7.993645725002085367e-01,8.341333320607845492e-01,3.476875956057601247e-02,1.043062786817280374e-01,-2.631850135042745897e-01,-1.588787348225465523e-01
8.002259680050738400e-01,8.341333320607845492e-01,3.390736405571070922e-02,1.017220921671321276e-01,-2.584186514595909756e-01,-1.566965592924588480e-01
8.010716938540098919e-01,8.341333320607845492e-01,3.306163820677465726e-02,9.918491462032397177e-02,-2.537177546808155881e-01,-1.545328400604916164e-01
8.019019664189398489e-01,8.341333320607845492e-01,3.223136564184470032e-02,9.669409692553410096e-02,-2.490817694789870806e-01,-1.523876725534529797e-01
8.027170002166145180e-01,8.341333320607845492e-01,3.141633184417003122e-02,9.424899553251009365e-02,-2.445101393024007308e-01,-1.502611437698906371e-01
8.035170078999122056e-01,8.341333320607845492e-01,3.061632416087234354e-02,9.184897248261703062e-02,-2.400023049893063032e-01,-1.481533325066892726e-01
8.043022002499592427e-01,8.341333320607845492e-01,2.983113181082530652e-02,8.949339543247591955e-02,-2.355577050141111073e-01,-1.460643095816351877e-01
8.050727861690480935e-01,8.341333320607845492e-01,2.906054589173645564e-02,8.718163767520936691e-02,-2.311757757266552638e-01,-1.439941380514458968e-01
8.058289726743317338e-01,8.341333320607845492e-01,2.830435938645281535e-02,8.491307815935844605e-02,-2.268559515850920860e-01,-1.419428734257336400e-01
8.065709648922728681e-01,8.341333320607845492e-01,2.756236716851168111e-02,8.268710150553504334e-02,-2.225976653823402707e-01,-1.399105638768052273e-01
8.072989660538263390e-01,8.341333320607845492e-01,2.683436600695821017e-02,8.050309802087463051e-02,-2.184003484660412830e-01,-1.378972504451666525e-01
8.080131774903352992e-01,8.341333320607845492e-01,2.612015457044924993e-02,7.836046371134774979e-02,-2.142634309526880720e-01,-1.359029672413403222e-01
8.087137986301200510e-01,8.341333320607845492e-01,2.541953343066449822e-02,7.625860029199349466e-02,-2.101863419354255136e-01,-1.339277416434320189e-01
8.094010269957404580e-01,8.341333320607845492e-01,2.473230506504409121e-02,7.419691519513227362e-02,-2.061685096861221034e-01,-1.319715944909898298e-01
8.100750582019118351e-01,8.341333320607845492e-01,2.405827385887271408e-02,7.217482157661814224e-02,-2.022093618514131386e-01,-1.300345402747949963e-01
8.107360859540556630e-01,8.341333320607845492e-01,2.339724610672888616e-02,7.019173832018665848e-02,-1.983083256431483754e-01,-1.281165873229617169e-01
8.113843020474672540e-01,8.341333320607845492e-01,2.274903001331729513e-02,6.824709003995188539e-02,-1.944648280234773097e-01,-1.262177379835254243e-01
8.120198963670804959e-01,8.341333320607845492e-01,2.211343569370405326e-02,6.634030708111215979e-02,-1.906782958839725595e-01,-1.243379888028603997e-01
8.126430568878134642e-01,8.341333320607845492e-01,2.149027517297108503e-02,6.447082551891325508e-02,-1.869481562198904712e-01,-1.224773307009772161e-01
8.132539696754762515e-01,8.341333320607845492e-01,2.087936238530829769e-02,6.263808715592489307e-02,-1.832738362988362013e-01,-1.206357491429113082e-01
8.138528188882248049e-01,8.341333320607845492e-01,2.028051317255974428e-02,6.084153951767923285e-02,-1.796547638245660217e-01,-1.188132243068867888e-01
8.144397867785426737e-01,8.341333320607845492e-01,1.969354528224187550e-02,5.908063584672562651e-02,-1.760903670953606337e-01,-1.170097312486350072e-01
8.150150536957356806e-01,8.341333320607845492e-01,1.911827836504886857e-02,5.735483509514660572e-02,-1.725800751579020798e-01,-1.152252400627554740e-01
8.155787980889224187e-01,8.341333320607845492e-01,1.855453397186213049e-02,5.566360191558639148e-02,-1.691233179560214239e-01,-1.134597160404350324e-01
8.161311965105050303e-01,8.341333320607845492e-01,1.800213555027951884e-02,5.400640665083855652e-02,-1.657195264747834962e-01,-1.117131198239449397e-01
8.166724236201052811e-01,8.341333320607845492e-01,1.746090844067926806e-02,5.238272532203780418e-02,-1.623681328800752333e-01,-1.099854075580374291e-01
8.172026521889497186e-01,8.341333320607845492e-01,1.693067987183483059e-02,5.079203961550449176e-02,-1.590685706533312427e-01,-1.082765310378267509e-01
8.177220531046903718e-01,8.341333320607845492e-01,1.641127895609417742e-02,4.923383686828253225e-02,-1.558202747221959505e-01,-1.065864378539134183e-01
8.182307953766456698e-01,8.341333320607845492e-01,1.590253668413887933e-02,4.770761005241663799e-02,-1.526226815865894260e-01,-1.049150715341727880e-01
8.187290461414475917e-01,8.341333320607845492e-01,1.540428591933695746e-02,4.621285775801087237e-02,-1.494752294405765625e-01,-1.032623716825656901e-01
8.192169706690811681e-01,8.341333320607845492e-01,1.491636139170338105e-02,4.474908417511014314e-02,-1.463773582900729231e-01,-1.016282741149627800e-01
8.196947323693032361e-01,8.341333320607845492e-01,1.443859969148131306e-02,4.331579907444393918e-02,-1.433285100666203959e-01,-1.000127109921764568e-01
8.201624927984261237e-01,8.341333320607845492e-01,1.397083926235842544e-02,4.191251778707527631e-02,-1.403281287368662866e-01,-9.841561094979101032e-02
8.206204116664540527e-01,8.341333320607845492e-01,1.351292039433049652e-02,4.053876118299148956e-02,-1.373756604083786748e-01,-9.683689922538718520e-02
8.210686468445594910e-01,8.341333320607845492e-01,1.306468521622505818e-02,3.919405564867517455e-02,-1.344705534316315010e-01,-9.527649778295632643e-02
8.215073543728865779e-01,8.341333320607845492e-01,1.262597768789797126e-02,3.787793306369391377e-02,-1.316122584981260779e-01,-9.373432543443216414e-02
8.219366884686701846e-01,8.341333320607845492e-01,1.219664359211436455e-02,3.658993077634309365e-02,-1.288002287350820119e-01,-9.221029795873891821e-02
8.223568015346579552e-01,8.341333320607845492e-01,1.177653052612659401e-02,3.532959157837978204e-02,-1.260339197963311619e-01,-9.070432821795137990e-02
8.227678441678238919e-01,8.341333320607845492e-01,1.136548789296065731e-02,3.409646367888197194e-02,-1.233127899497810098e-01,-8.921632627089903789e-02
8.231699651683628272e-01,8.341333320607845492e-01,1.096336689242172202e-02,3.289010067726516606e-02,-1.206363001616805875e-01,-8.774619948441542139e-02
8.235633115489532363e-01,8.341333320607845492e-01,1.057002051183131286e-02,3.171006153549393858e-02,-1.180039141771227484e-01,-8.629385264162880986e-02
8.239480285442795093e-01,8.341333320607845492e-01,1.018530351650503984e-02,3.055591054951511953e-02,-1.154150985978819044e-01,-8.485918804836678486e-02
8.243242596208009143e-01,8.341333320607845492e-01,9.809072439983634872e-03,2.942721731995090462e-02,-1.128693229564214917e-01,-8.344210563647058709e-02
8.246921464867587037e-01,8.341333320607845492e-01,9.441185574025845462e-03,2.832355672207753639e-02,-1.103660597873368232e-01,-8.204250306525928682e-02
8.250518291024099282e-01,8.341333320607845492e-01,9.081502958374620960e-03,2.724450887512386288e-02,-1.079047846953673506e-01,-8.066027582024348774e-02
8.254034456904791872e-01,8.341333320607845492e-01,8.729886370305361964e-03,2.618965911091608589e-02,-1.054849764207776985e-01,-7.929531730986161264e-02
8.257471327468174360e-01,8.341333320607845492e-01,8.386199313967113156e-03,2.515859794190133947e-02,-1.031061169014746426e-01,-7.794751895957330312e-02
8.260830250512597450e-01,8.341333320607845492e-01,8.050307009524804158e-03,2.415092102857441247e-02,-1.007676913326926993e-01,-7.661677030411828682e-02
8.264112556786716857e-01,8.341333320607845492e-01,7.722076382112863513e-03,2.316622914633859054e-02,-9.846918822358219359e-02,-7.530295907724360305e-02
8.267319560101759057e-01,8.341333320607845492e-01,7.401376050608643453e-03,2.220412815182593036e-02,-9.621009945126601792e-02,-7.400597129944008756e-02
8.270452557445501229e-01,8.341333320607845492e-01,7.088076316234426244e-03,2.126422894870327873e-02,-9.398992031226516275e-02,-7.272569136356188402e-02
8.273512829097879884e-01,8.341333320607845492e-01,6.782049150996560805e-03,2.034614745298968241e-02,-9.180814957135963184e-02,-7.146200211836994942e-02
8.276501638748140488e-01,8.341333320607845492e-01,6.483168185970500375e-03,1.944950455791150112e-02,-8.966428950781812901e-02,-7.021478494990662789e-02
8.279420233613450364e-01,8.341333320607845492e-01,6.191308699439512786e-03,1.857392609831853836e-02,-8.755784595929627656e-02,-6.898391986097773820e-02
8.282269844558899363e-01,8.341333320607845492e-01,5.906347604894612857e-03,1.771904281468383857e-02,-8.548832836346997865e-02,-6.776928554878614008e-02
8.285051686218799505e-01,8.341333320607845492e-01,5.628163438904598692e-03,1.688449031671379608e-02,-8.345524979700424950e-02,-6.657075948029045342e-02
8.287766957119220290e-01,8.341333320607845492e-01,5.356636348862520158e-03,1.606990904658756047e-02,-8.145812701262356015e-02,-6.538821796603599967e-02
8.290416839801674209e-01,8.341333320607845492e-01,5.091648080617128258e-03,1.527494424185138477e-02,-7.949648047361757008e-02,-6.422153623176618531e-02
8.293002500947896927e-01,8.341333320607845492e-01,4.833081965994856510e-03,1.449924589798456953e-02,-7.756983438668152431e-02,-6.307058848869695478e-02
8.295525091505631110e-01,8.341333320607845492e-01,4.580822910221438171e-03,1.374246873066431451e-02,-7.567771673202550176e-02,-6.193524800136118724e-02
8.297985746815363939e-01,8.341333320607845492e-01,4.334757379248155296e-03,1.300427213774446589e-02,-7.381965929198486265e-02,-6.081538715424039676e-02
8.300385586737941690e-01,8.341333320607845492e-01,4.094773386990380182e-03,1.228432016097114055e-02,-7.199519767733253417e-02,-5.971087751636139362e-02
8.302725715783003668e-01,8.341333320607845492e-01,3.860760482484182354e-03,1.158228144745254706e-02,-7.020387135185934824e-02,-5.862158990440680117e-02
8.305007223238161096e-01,8.341333320607845492e-01,3.632609736968439584e-03,1.089782921090531875e-02,-6.844522365472283099e-02,-5.754739444381751223e-02
8.307231183298874333e-01,8.341333320607845492e-01,3.410213730897115880e-03,1.023064119269134764e-02,-6.671880182139711124e-02,-5.648816062870576360e-02
8.309398655198959593e-01,8.341333320607845492e-01,3.193466540888589833e-03,9.580399622665769499e-03,-6.502415700255781417e-02,-5.544375737989204467e-02
8.311510683341665207e-01,8.341333320607845492e-01,2.982263726618028521e-03,8.946791179854085563e-03,-6.336084428116839362e-02,-5.441405310131430806e-02
8.313568297431268572e-01,8.341333320607845492e-01,2.776502317657691954e-03,8.329506952973075862e-03,-6.172842268810097011e-02,-5.339891573512789424e-02
8.315572512605137190e-01,8.341333320607845492e-01,2.576080800270830196e-03,7.728242400812490587e-03,-6.012645521605852750e-02,-5.239821281524603691e-02
8.317524329566190477e-01,8.341333320607845492e-01,2.380899104165501434e-03,7.142697312496504303e-03,-5.855450883159862840e-02,-5.141181151910212410e-02
8.319424734715724634e-01,8.341333320607845492e-01,2.190858589212085761e-03,6.572575767636257282e-03,-5.701215448602470204e-02,-5.043957871838844476e-02
8.321274700286540593e-01,8.341333320607845492e-01,2.005862032130489858e-03,6.017586096391469574e-03,-5.549896712447877078e-02,-4.948138102808730121e-02
8.323075184476328436e-01,8.341333320607845492e-01,1.825813613151705539e-03,5.477440839455116617e-03,-5.401452569363529577e-02,-4.853708485418017915e-02
8.324827131581261641e-01,8.341333320607845492e-01,1.650618902658385068e-03,4.951856707975155203e-03,-5.255841314799614139e-02,-4.760655644002098619e-02
8.326531472129755640e-01,8.341333320607845492e-01,1.480184847808985182e-03,4.440554543426955547e-03,-5.113021645481996558e-02,-4.668966191139301003e-02
8.328189123016337403e-01,8.341333320607845492e-01,1.314419759150808886e-03,3.943259277452426659e-03,-4.972952659745288884e-02,-4.578626732000046218e-02
8.329800987635599396e-01,8.341333320607845492e-01,1.153233297224609544e-03,3.459699891673828631e-03,-4.835593857785980276e-02,-4.489623868618597413e-02
8.331367956016175746e-01,8.341333320607845492e-01,9.965364591669745309e-04,2.989609377500923593e-03,-4.700905141729050385e-02,-4.401944203978958026e-02
8.332890904954711742e-01,8.341333320607845492e-01,8.442415653133750197e-04,2.532724695940125059e-03,-4.568846815607985334e-02,-4.315574346013972828e-02
8.334370698149787815e-01,8.341333320607845492e-01,6.962622458057676766e-04,2.088786737417303030e-03,-4.439379585228220293e-02,-4.230500911486489990e-02
8.335808186335749159e-01,8.341333320607845492e-01,5.525134272096332566e-04,1.657540281628899770e-03,-4.312464557884032601e-02,-4.146710529721142624e-02
8.337204207416413215e-01,8.341333320607845492e-01,4.129113191432276508e-04,1.238733957429682953e-03,-4.188063241992168173e-02,-4.064189846249199878e-02
8.338559586598615070e-01,8.341333320607845492e-01,2.773734009230421904e-04,8.321202027691265712e-04,-4.066137546605563813e-02,-3.982925526328651156e-02
8.339875136525553012e-01,8.341333320607845492e-01,1.458184082292479644e-04,4.374552246877438932e-04,-3.946649780813826780e-02,-3.902904258345052391e-02
8.341151657409907605e-01,8.341333320607845492e-01,1.816631979378868778e-05,5.449895938136606333e-05,-3.829562653063778299e-02,-3.824112757125641693e-02
8.342389937166690972e-01,8.341333320607845492e-01,-1.056616558845480114e-04,-3.169849676536440342e-04,-3.714839270350100975e-02,-3.746537767115465378e-02
8.343590751545802986e-01,8.341333320607845492e-01,-2.257430937957494166e-04,-6.772292813872482498e-04,-3.602443137336042156e-02,-3.670166065474766981e-02
8.344754864264261052e-01,8.341333320607845492e-01,-3.421543656415559909e-04,-1.026463096924667973e-03,-3.492338155374197228e-02,-3.594984465066664026e-02
8.345883027138067956e-01,8.341333320607845492e-01,-4.549706530222463741e-04,-1.364911959066739122e-03,-3.384488621420711496e-02,-3.520979817327385408e-02
8.346975980213701130e-01,8.341333320607845492e-01,-5.642659605855637750e-04,-1.692797881756691325e-03,-3.278859226899522028e-02,-3.448139015075191161e-02
8.348034451899184472e-01,8.341333320607845492e-01,-6.701131291338979779e-04,-2.010339387401693934e-03,-3.175415056450026086e-02,-3.376448995190195479e-02
8.349059159094716076e-01,8.341333320607845492e-01,-7.725838486870584276e-04,-2.317751546061175283e-03,-3.074121586594813493e-02,-3.305896741200931022e-02
8.350050807322835222e-01,8.341333320607845492e-01,-8.717486714989730601e-04,-2.615246014496919180e-03,-2.974944684357438973e-02,-3.236469285807130891e-02
8.351010090858096424e-01,8.341333320607845492e-01,-9.676770250250932293e-04,-2.903031075075279688e-03,-2.877850605783605076e-02,-3.168153713291133045e-02
8.351937692856225004e-01,8.341333320607845492e-01,-1.060437224837951220e-03,-3.181311674513853660e-03,-2.782805994385739723e-02,-3.100937161837125089e-02
8.352834285482734211e-01,8.341333320607845492e-01,-1.150096487488871944e-03,-3.450289462466615831e-03,-2.689777879527621707e-02,-3.034806825774283290e-02
8.353700530040986116e-01,8.341333320607845492e-01,-1.236720943314062460e-03,-3.710162829942187379e-03,-2.598733674755715484e-02,-2.969749957749934222e-02
8.354537077099660758e-01,8.341333320607845492e-01,-1.320375649181526612e-03,-3.961126947544579835e-03,-2.509641176023924558e-02,-2.905753870778382542e-02
8.355344566619626878e-01,8.341333320607845492e-01,-1.401124601178138640e-03,-4.203373803534415920e-03,-2.422468559898360851e-02,-2.842805940251802443e-02
8.356123628080190935e-01,8.341333320607845492e-01,-1.479030747234544307e-03,-4.437092241703632922e-03,-2.337184381692170021e-02,-2.780893605862533313e-02
8.356874880604696632e-01,8.341333320607845492e-01,-1.554155999685113976e-03,-4.662467999055341927e-03,-2.253757573517090051e-02,-2.720004373422624244e-02
8.357598933085468307e-01,8.341333320607845492e-01,-1.626561247762281504e-03,-4.879683743286844511e-03,-2.172157442315025833e-02,-2.660125816643710284e-02
8.358296384308072646e-01,8.341333320607845492e-01,-1.696306370022715448e-03,-5.088919110068146345e-03,-2.092353667813018347e-02,-2.601245578819832982e-02
8.358967823074889836e-01,8.341333320607845492e-01,-1.763450246704434399e-03,-5.290350740113303196e-03,-2.014316300451568509e-02,-2.543351374462898828e-02
8.359613828327961960e-01,8.341333320607845492e-01,-1.828050772011646785e-03,-5.484152316034940355e-03,-1.938015759216371592e-02,-2.486430990819865627e-02
8.360234969271125305e-01,8.341333320607845492e-01,-1.890164866327981308e-03,-5.670494598983943924e-03,-1.863422829490035681e-02,-2.430472289388430074e-02
8.360831805491395485e-01,8.341333320607845492e-01,-1.949848488354999354e-03,-5.849545465064998062e-03,-1.790508660810541386e-02,-2.375463207317041192e-02
8.361404887079592063e-01,8.341333320607845492e-01,-2.007156647174657138e-03,-6.021469941523971414e-03,-1.719244764589733521e-02,-2.321391758742130662e-02
8.361954754750201557e-01,8.341333320607845492e-01,-2.062143414235606542e-03,-6.186430242706819627e-03,-1.649603011828482124e-02,-2.268246036099164087e-02
8.362481939960449973e-01,8.341333320607845492e-01,-2.114861935260448078e-03,-6.344585805781344234e-03,-1.581555630745246077e-02,-2.216014211323380501e-02
8.362986965028584851e-01,8.341333320607845492e-01,-2.165364442073935969e-03,-6.496093326221807907e-03,-1.515075204404636722e-02,-2.164684537026817512e-02
8.363470343251350192e-01,8.341333320607845492e-01,-2.213702264350470017e-03,-6.641106793051410051e-03,-1.450134668296021445e-02,-2.114245347601162450e-02
8.363932579020638691e-01,8.341333320607845492e-01,-2.259925841279319947e-03,-6.779777523837959841e-03,-1.386707307865497896e-02,-2.064685060249293880e-02
8.364374167939324645e-01,8.341333320607845492e-01,-2.304084733147915287e-03,-6.912254199443745861e-03,-1.324766756057860206e-02,-2.015992176002234793e-02
8.364795596936250854e-01,8.341333320607845492e-01,-2.346227632840536259e-03,-7.038682898521608777e-03,-1.264286990778629161e-02,-1.968155280630790038e-02
8.365197344380370659e-01,8.341333320607845492e-01,-2.386402377252516693e-03,-7.159207131757550080e-03,-1.205242332359413027e-02,-1.921163045535168035e-02
8.365579880194035090e-01,8.341333320607845492e-01,-2.424655958618959772e-03,-7.273967875856879317e-03,-1.147607440993292371e-02,-1.875004228578980303e-02
8.365943665965414056e-01,8.341333320607845492e-01,-2.461034535756856378e-03,-7.383103607270569135e-03,-1.091357314136898182e-02,-1.829667674863955096e-02
8.366289155060043781e-01,8.341333320607845492e-01,-2.495583445219828889e-03,-7.486750335659486666e-03,-1.036467283889175306e-02,-1.785142317455123973e-02
8.366616792731499386e-01,8.341333320607845492e-01,-2.528347212365389396e-03,-7.585041637096168188e-03,-9.829130143668152186e-03,-1.741417178076432037e-02
8.366927016231174852e-01,8.341333320607845492e-01,-2.559369562332935999e-03,-7.678108686998807997e-03,-9.306704990263980903e-03,-1.698481367726278890e-02
8.367220254917172584e-01,8.341333320607845492e-01,-2.588693430932709205e-03,-7.766080292798127616e-03,-8.797160579931961877e-03,-1.656324087273008949e-02
8.367496930362297025e-01,8.341333320607845492e-01,-2.616360975445153336e-03,-7.849082926335460009e-03,-8.300263353733239313e-03,-1.614934628006869932e-02
8.367757456461142329e-01,8.341333320607845492e-01,-2.642413585329683734e-03,-7.927240755989051202e-03,-7.815782965359119316e-03,-1.574302372134817052e-02
8.368002239536266318e-01,8.341333320607845492e-01,-2.666891892842082612e-03,-8.000675678526247836e-03,-7.343492253719663410e-03,-1.534416793224591125e-02
8.368231678443457389e-01,8.341333320607845492e-01,-2.689835783561189686e-03,-8.069507350683569058e-03,-6.883167215732122202e-03,-1.495267456641569126e-02
8.368446164676082155e-01,8.341333320607845492e-01,-2.711284406823666338e-03,-8.133853220470999013e-03,-6.434586978742995456e-03,-1.456844019921399447e-02
8.368646082468508274e-01,8.341333320607845492e-01,-2.731276186066278200e-03,-8.193828558198834600e-03,-5.997533772783558703e-03,-1.419136233098239330e-02
8.368831808898602453e-01,8.341333320607845492e-01,-2.749848829075696166e-03,-8.249546487227088498e-03,-5.571792902825389859e-03,-1.382133939005247836e-02
8.369003713989306981e-01,8.341333320607845492e-01,-2.767039338146148886e-03,-8.301118014438446657e-03,-5.157152721135815909e-03,-1.345827073557426257e-02
8.369162160809275885e-01,8.341333320607845492e-01,-2.782884020143039372e-03,-8.348652060429118116e-03,-4.753404599067145853e-03,-1.310205665949626397e-02
8.369307505572585182e-01,8.341333320607845492e-01,-2.797418496473969007e-03,-8.392255489421907022e-03,-4.360342899278890627e-03,-1.275259838870079765e-02
8.369440097737506079e-01,8.341333320607845492e-01,-2.810677712966058728e-03,-8.432033138898176183e-03,-3.977764947626916126e-03,-1.240979808652509231e-02
8.369560280104340055e-01,8.341333320607845492e-01,-2.822695949649456360e-03,-8.468087848948369079e-03,-3.605471005019289521e-03,-1.207355885396765860e-02
8.369668388912320234e-01,8.341333320607845492e-01,-2.833506830447474201e-03,-8.500520491342422602e-03,-3.243264239405352356e-03,-1.174378473074777496e-02
8.369764753935570178e-01,8.341333320607845492e-01,-2.843143332772468668e-03,-8.529429998317406003e-03,-2.890950697498340105e-03,-1.142038069581574611e-02
8.369849698578123443e-01,8.341333320607845492e-01,-2.851637797027795074e-03,-8.554913391083385221e-03,-2.548339276597921810e-03,-1.110325266768130703e-02
8.369923539968009418e-01,8.341333320607845492e-01,-2.859021936016392651e-03,-8.577065808049177953e-03,-2.215241696579273167e-03,-1.079230750462845112e-02
8.369986589050391057e-01,8.341333320607845492e-01,-2.865326844254556526e-03,-8.595980532763669579e-03,-1.891472471449162640e-03,-1.048745300421283222e-02
8.370039150679767781e-01,8.341333320607845492e-01,-2.870583007192228919e-03,-8.611749021576686758e-03,-1.576848881301717853e-03,-1.018859790287840461e-02
8.370081523711242477e-01,8.341333320607845492e-01,-2.874820310339698537e-03,-8.624460931019095611e-03,-1.271190944240885301e-03,-9.895651875259980912e-03
8.370114001090841471e-01,8.341333320607845492e-01,-2.878068048299597947e-03,-8.634204144898793842e-03,-9.743213879698231494e-04,-9.608525532868616992e-03
8.370136869944907465e-01,8.341333320607845492e-01,-2.880354933706197329e-03,-8.641064801118591987e-03,-6.860656219798144662e-04,-9.327130423098406453e-03
8.370150411668551005e-01,8.341333320607845492e-01,-2.881709106070551307e-03,-8.645127318211653922e-03,-4.062517093061934759e-04,-9.051379027517847398e-03
8.370154902013167142e-01,8.341333320607845492e-01,-2.882158140532165014e-03,-8.646474421596495041e-03,-1.347103384841119578e-04,-8.781184760080606999e-03
8.370150611173022837e-01,8.341333320607845492e-01,-2.881729056517734477e-03,-8.645187169553203432e-03,1.287252043291609027e-04,-8.516461965224042530e-03
8.370137803870912885e-01,8.341333320607845492e-01,-2.880448326306739304e-03,-8.641344978920217912e-03,3.842190632985520438e-04,-8.257125915621665868e-03
8.370116739442887699e-01,8.341333320607845492e-01,-2.878341883504220711e-03,-8.635025650512662132e-03,6.319328407555779847e-04,-8.003092809757084147e-03
8.370087671922052941e-01,8.341333320607845492e-01,-2.875435131420744916e-03,-8.626305394262234749e-03,8.720256250427382838e-04,-7.754279769219496465e-03
8.370050850121448782e-01,8.341333320607845492e-01,-2.871752951360329043e-03,-8.615258854080987128e-03,1.104654018124762160e-03,-7.510604835956224967e-03
8.370006517716008787e-01,8.341333320607845492e-01,-2.867319710816329525e-03,-8.601959132448988576e-03,1.329972163199855117e-03,-7.271986969249133459e-03
8.369954913323599532e-01,8.341333320607845492e-01,-2.862159271575404063e-03,-8.586477814726212188e-03,1.548131772277638873e-03,-7.038346042448573314e-03
8.369896270585147624e-01,8.341333320607845492e-01,-2.856294997730213225e-03,-8.568884993190639676e-03,1.759282153557251149e-03,-6.809602839633388527e-03
8.369830818243856330e-01,8.341333320607845492e-01,-2.849749763601083785e-03,-8.549249290803251355e-03,1.963570238738832074e-03,-6.585679052064419281e-03
8.369758780223512940e-01,8.341333320607845492e-01,-2.842545961566744772e-03,-8.527637884700234316e-03,2.161140610301703902e-03,-6.366497274398530415e-03
8.369680375705894626e-01,8.341333320607845492e-01,-2.834705509804913426e-03,-8.504116529414740278e-03,2.352135528549403887e-03,-6.151981000865336391e-03
8.369595819207276133e-01,8.341333320607845492e-01,-2.826249859943064102e-03,-8.478749579829192307e-03,2.536694958554797097e-03,-5.942054621274395210e-03
8.369505320654035962e-01,8.341333320607845492e-01,-2.817200004619047071e-03,-8.451600013857141214e-03,2.714956597205109290e-03,-5.736643416652031924e-03
8.369409085457378827e-01,8.341333320607845492e-01,-2.807576484953333562e-03,-8.422729454860000686e-03,2.887055899714052742e-03,-5.535673555145947944e-03
8.369307314587166591e-01,8.341333320607845492e-01,-2.797399397932109899e-03,-8.392198193796329697e-03,3.053126106367098913e-03,-5.339072087429230784e-03
8.369200204644867691e-01,8.341333320607845492e-01,-2.786688403702219929e-03,-8.360065211106659788e-03,3.213298268966990889e-03,-5.146766942139668899e-03
8.369087947935626159e-01,8.341333320607845492e-01,-2.775462732778066766e-03,-8.326388198334200297e-03,3.367701277245949143e-03,-4.958686921088251154e-03
8.368970732539463553e-01,8.341333320607845492e-01,-2.763741193161806109e-03,-8.291223579485418327e-03,3.516461884878196997e-03,-4.774761694607221330e-03
8.368848742381606032e-01,8.341333320607845492e-01,-2.751542177376053999e-03,-8.254626532128161998e-03,3.659704735725632929e-03,-4.594921796402529068e-03
8.368722157301952125e-01,8.341333320607845492e-01,-2.738883669410663302e-03,-8.216651008231989906e-03,3.797552389617209201e-03,-4.419098618614780705e-03
8.368591153123680071e-01,8.341333320607845492e-01,-2.725783251583457911e-03,-8.177349754750373734e-03,3.930125348161617183e-03,-4.247224406588756551e-03
8.368455901721001400e-01,8.341333320607845492e-01,-2.712258111315590803e-03,-8.136774333946772408e-03,4.057542080360132530e-03,-4.079232253586639878e-03
8.368316571086068523e-01,8.341333320607845492e-01,-2.698325047822303091e-03,-8.094975143466909273e-03,4.179919047986313529e-03,-3.915056095480595744e-03
8.368173325395040774e-01,8.341333320607845492e-01,-2.684000478719528182e-03,-8.052001436158584546e-03,4.297370730832472674e-03,-3.754630705326111872e-03
8.368026325073307792e-01,8.341333320607845492e-01,-2.669300446546229999e-03,-8.007901339638689997e-03,4.410009651989454937e-03,-3.597891687649235060e-03
8.367875726859886898e-01,8.341333320607845492e-01,-2.654240625204140613e-03,-7.962721875612421840e-03,4.517946402626815683e-03,-3.444775472985606157e-03
8.367721683870993354e-01,8.341333320607845492e-01,-2.638836326314786263e-03,-7.916508978944358788e-03,4.621289666806305263e-03,-3.295219312138053525e-03
8.367564345662786840e-01,8.341333320607845492e-01,-2.623102505494134817e-03,-7.869307516482404452e-03,4.720146246195433548e-03,-3.149161270286970904e-03
8.367403858293310792e-01,8.341333320607845492e-01,-2.607053768546530037e-03,-7.821161305639590111e-03,4.814621084281434094e-03,-3.006540221358156018e-03
8.367240364383613516e-01,8.341333320607845492e-01,-2.590704377576802386e-03,-7.772113132730407159e-03,4.904817290918295214e-03,-2.867295841812111945e-03
8.367074003178074371e-01,8.341333320607845492e-01,-2.574068257022887884e-03,-7.722204771068663653e-03,4.990836166174350552e-03,-2.731368604894313101e-03
8.366904910603929491e-01,8.341333320607845492e-01,-2.557158999608399874e-03,-7.671476998825199622e-03,5.072777224346403102e-03,-2.598699774478796520e-03
8.366733219330010352e-01,8.341333320607845492e-01,-2.539989872216485978e-03,-7.619969616649457933e-03,5.150738217574168942e-03,-2.469231399075288991e-03
8.366559058824692974e-01,8.341333320607845492e-01,-2.522573821684748197e-03,-7.567721465054244590e-03,5.224815159521334351e-03,-2.342906305532910238e-03
8.366382555413069966e-01,8.341333320607845492e-01,-2.504923480522447399e-03,-7.514770441567342196e-03,5.295102348690239324e-03,-2.219668092877102872e-03
8.366203832333353185e-01,8.341333320607845492e-01,-2.487051172550769351e-03,-7.461153517652308054e-03,5.361692391503414257e-03,-2.099461126148893797e-03
8.366023009792510345e-01,8.341333320607845492e-01,-2.468968918466485363e-03,-7.406906755399456088e-03,5.424676225285196551e-03,-1.982230530114259537e-03
8.365840205021137788e-01,8.341333320607845492e-01,-2.450688441329229583e-03,-7.352065323987688750e-03,5.484143141176733849e-03,-1.867922182810954901e-03
8.365655532327582744e-01,8.341333320607845492e-01,-2.432221171973725227e-03,-7.296663515921175680e-03,5.540180806651306966e-03,-1.756482709269868714e-03
8.365469103151318420e-01,8.341333320607845492e-01,-2.413578254347292784e-03,-7.240734763041878352e-03,5.592875287929732764e-03,-1.647859475112145589e-03
8.365281026115578555e-01,8.341333320607845492e-01,-2.394770550773306361e-03,-7.184311652319919084e-03,5.642311072195926869e-03,-1.542000580123992215e-03
8.365091407079258135e-01,8.341333320607845492e-01,-2.375808647141264274e-03,-7.127425941423792821e-03,5.688571089612626253e-03,-1.438854851811166569e-03
8.364900349188086892e-01,8.341333320607845492e-01,-2.356702858024140035e-03,-7.070108574072420105e-03,5.731736735137271666e-03,-1.338371838935148439e-03
8.364707952925076739e-01,8.341333320607845492e-01,-2.337463231723124757e-03,-7.012389695169374271e-03,5.771887890304583379e-03,-1.240501804864790891e-03
8.364514316160260865e-01,8.341333320607845492e-01,-2.318099555241537324e-03,-6.954298665724611972e-03,5.809102944476229879e-03,-1.145195721248382092e-03
8.364319534199724515e-01,8.341333320607845492e-01,-2.298621359187902335e-03,-6.895864077563707006e-03,5.843458816090496555e-03,-1.052405261473210452e-03
8.364123699833926340e-01,8.341333320607845492e-01,-2.279037922608084799e-03,-6.837113767824254396e-03,5.875030973945261081e-03,-9.620827938789933143e-04
8.363926903385334732e-01,8.341333320607845492e-01,-2.259358277748924060e-03,-6.778074833246772180e-03,5.903893457748221607e-03,-8.741813754985505724e-04
8.363729232755366949e-01,8.341333320607845492e-01,-2.239591214752145731e-03,-6.718773644256437194e-03,5.930118899033498536e-03,-7.886547452229386579e-04
8.363530773470654323e-01,8.341333320607845492e-01,-2.219745286280883079e-03,-6.659235858842649236e-03,5.953778541378795808e-03,-7.054573174638534283e-04
8.363331608728623578e-01,8.341333320607845492e-01,-2.199828812077808671e-03,-6.599486436233426012e-03,5.974942260922322390e-03,-6.245441753111036221e-04
8.363131819442417569e-01,8.341333320607845492e-01,-2.179849883457207760e-03,-6.539549650371623279e-03,5.993678586180273271e-03,-5.458710641913500083e-04
8.362931484285147654e-01,8.341333320607845492e-01,-2.159816367730216236e-03,-6.479449103190648707e-03,6.010054718097457283e-03,-4.693943850931914241e-04
8.362730679733493266e-01,8.341333320607845492e-01,-2.139735912564777465e-03,-6.419207737694332394e-03,6.024136549631631254e-03,-3.950711880627011396e-04
8.362529480110649782e-01,8.341333320607845492e-01,-2.119615950280429040e-03,-6.358847850841287119e-03,6.035988685304527479e-03,-3.228591655367596402e-04
8.362327957628641339e-01,8.341333320607845492e-01,-2.099463702079584770e-03,-6.298391106238754311e-03,6.045674460253280813e-03,-2.527166459854734981e-04
8.362126182429986399e-01,8.341333320607845492e-01,-2.079286182214090672e-03,-6.237858546642272017e-03,6.053255959648229378e-03,-1.846025869940426389e-04
8.361924222628744907e-01,8.341333320607845492e-01,-2.059090202089941535e-03,-6.177270606269824604e-03,6.058794037244741304e-03,-1.184765690250833003e-04
8.361722144350934860e-01,8.341333320607845492e-01,-2.038882374308936818e-03,-6.116647122926810454e-03,6.062348334301415065e-03,-5.429878862539538886e-05
8.361520011774336014e-01,8.341333320607845492e-01,-2.018669116649052242e-03,-6.056007349947156726e-03,6.063977297965372770e-03,7.969948018216044261e-06
8.361317887167685203e-01,8.341333320607845492e-01,-1.998456655983971153e-03,-5.995369967951913459e-03,6.063738199524326689e-03,6.836823157241322946e-05
8.361115830929265469e-01,8.341333320607845492e-01,-1.978251032141997712e-03,-5.934753096425993135e-03,6.061687152592032390e-03,1.269340561660392552e-04
8.360913901624902334e-01,8.341333320607845492e-01,-1.958058101705684173e-03,-5.874174305117052519e-03,6.057879130894061603e-03,1.837048257770090842e-04
8.360712156025364994e-01,8.341333320607845492e-01,-1.937883541751950212e-03,-5.813650625255850635e-03,6.052367986120188448e-03,2.387173608643378131e-04
8.360510649143187978e-01,8.341333320607845492e-01,-1.917732853534248605e-03,-5.753198560602745815e-03,6.045206465310482002e-03,2.920079047077361878e-04
8.360309434268915485e-01,8.341333320607845492e-01,-1.897611366106999320e-03,-5.692834098320997960e-03,6.036446228174785489e-03,3.436121298537875290e-04
8.360108563006772853e-01,8.341333320607845492e-01,-1.877524239892736091e-03,-5.632572719678208273e-03,6.026137864278968692e-03,3.935651446007604193e-04
8.359908085309775139e-01,8.341333320607845492e-01,-1.857476470192964690e-03,-5.572429410578894071e-03,6.014330909931420166e-03,4.419014993525260948e-04
8.359708049514277262e-01,8.341333320607845492e-01,-1.837472890643176981e-03,-5.512418671929530944e-03,6.001073864936312674e-03,4.886551930067817295e-04
8.359508502373972361e-01,8.341333320607845492e-01,-1.817518176612686887e-03,-5.452554529838060660e-03,5.986414209147028487e-03,5.338596793089678272e-04
8.359309489093346146e-01,8.341333320607845492e-01,-1.797616848550065427e-03,-5.392850545650196281e-03,5.970398418786437844e-03,5.775478731362415630e-04
8.359111053360593901e-01,8.341333320607845492e-01,-1.777773275274840969e-03,-5.333319825824522908e-03,5.953071982567337272e-03,6.197521567428143641e-04
8.358913237379997918e-01,8.341333320607845492e-01,-1.757991677215242632e-03,-5.273975031645727896e-03,5.934479417879501284e-03,6.605043862337733884e-04
8.358716081903788675e-01,8.341333320607845492e-01,-1.738276129594318320e-03,-5.214828388782954960e-03,5.914664286277293570e-03,6.998358974943386102e-04
8.358519626263476443e-01,8.341333320607845492e-01,-1.718630565563095125e-03,-5.155891696689285375e-03,5.893669209366958484e-03,7.377775126776731085e-04
8.358323908400676627e-01,8.341333320607845492e-01,-1.699058779283113552e-03,-5.097176337849340655e-03,5.871535883994472016e-03,7.743595461451313611e-04
8.358128964897423296e-01,8.341333320607845492e-01,-1.679564428957780464e-03,-5.038693286873341393e-03,5.848305097599926228e-03,8.096118107265848352e-04
8.357934831005980891e-01,8.341333320607845492e-01,-1.660151039813539953e-03,-4.980453119440619858e-03,5.824016743272153462e-03,8.435636238315336044e-04
8.357741540678161885e-01,8.341333320607845492e-01,-1.640822007031639274e-03,-4.922466021094917821e-03,5.798709834570203725e-03,8.762438134752859042e-04
8.357549126594155942e-01,8.341333320607845492e-01,-1.621580598631044978e-03,-4.864741795893134935e-03,5.772422520178288607e-03,9.076807242851536728e-04
8.357357620190875025e-01,8.341333320607845492e-01,-1.602429958302953317e-03,-4.807289874908859950e-03,5.745192098427498451e-03,9.379022235186385004e-04
8.357167051689817772e-01,8.341333320607845492e-01,-1.583373108197227985e-03,-4.750119324591683956e-03,5.717055031717599434e-03,9.669357071259154779e-04
8.356977450124467577e-01,8.341333320607845492e-01,-1.564412951662208506e-03,-4.693238854986625519e-03,5.688046960505843685e-03,9.948081055192181665e-04
8.356788843367222164e-01,8.341333320607845492e-01,-1.545552275937667197e-03,-4.636656827813001591e-03,5.658202717362392775e-03,1.021545889549391184e-03
8.356601258155866851e-01,8.341333320607845492e-01,-1.526793754802135972e-03,-4.580381264406407915e-03,5.627556340659367606e-03,1.047175076252959691e-03
8.356414720119588191e-01,8.341333320607845492e-01,-1.508139951174269910e-03,-4.524419853522809731e-03,5.596141088359818383e-03,1.071721234837008652e-03
8.356229253804543511e-01,8.341333320607845492e-01,-1.489593319669801907e-03,-4.468779959009405722e-03,5.563989451340400905e-03,1.095209492330995182e-03
8.356044882698991927e-01,8.341333320607845492e-01,-1.471156209114643509e-03,-4.413468627343930528e-03,5.531133166547519409e-03,1.117664539203588880e-03
8.355861629257979040e-01,8.341333320607845492e-01,-1.452830865013354789e-03,-4.358492595040064366e-03,5.497603230386616247e-03,1.139110635346551881e-03
8.355679514927601970e-01,8.341333320607845492e-01,-1.434619431975647785e-03,-4.303858295926943356e-03,5.463429911312100984e-03,1.159571615385157628e-03
8.355498560168840294e-01,8.341333320607845492e-01,-1.416523956099480230e-03,-4.249571868298440691e-03,5.428642762850266479e-03,1.179070894551825788e-03
8.355318784480972871e-01,8.341333320607845492e-01,-1.398546387312737949e-03,-4.195639161938213846e-03,5.393270636022684528e-03,1.197631474084470682e-03
8.355140206424579441e-01,8.341333320607845492e-01,-1.380688581673394921e-03,-4.142065745020184764e-03,5.357341691802908201e-03,1.215275946782723437e-03
8.354962843644132553e-01,8.341333320607845492e-01,-1.362952303628706119e-03,-4.088856910886118357e-03,5.320883413406640727e-03,1.232026502520522371e-03
8.354786712890188705e-01,8.341333320607845492e-01,-1.345339228234321283e-03,-4.036017684702963848e-03,5.283922618315450848e-03,1.247904933612487000e-03
8.354611830041178688e-01,8.341333320607845492e-01,-1.327850943333319655e-03,-3.983552829999958966e-03,5.246485470300488174e-03,1.262932640300529208e-03
8.354438210124808251e-01,8.341333320607845492e-01,-1.310488951696275883e-03,-3.931466855088827650e-03,5.208597491113131639e-03,1.277130636024303989e-03
8.354265867339074614e-01,8.341333320607845492e-01,-1.293254673122912202e-03,-3.879764019368736605e-03,5.170283572009104489e-03,1.290519552640367884e-03
8.354094815072893310e-01,8.341333320607845492e-01,-1.276149446504781793e-03,-3.828448339514345378e-03,5.131567985439122737e-03,1.303119645924777359e-03
8.353925065926357529e-01,8.341333320607845492e-01,-1.259174531851203760e-03,-3.777523595553611280e-03,5.092474396073409793e-03,1.314950800519798513e-03
8.353756631730622217e-01,8.341333320607845492e-01,-1.242331112277672567e-03,-3.726993336833017700e-03,5.053025872059357937e-03,1.326032535226340237e-03
8.353589523567421793e-01,8.341333320607845492e-01,-1.225620295957630113e-03,-3.676860887872890338e-03,5.013244896012736262e-03,1.336384008139845925e-03
8.353423751788230378e-01,8.341333320607845492e-01,-1.209043118038488629e-03,-3.627129354115465887e-03,4.973153375742445093e-03,1.346024021626979206e-03
8.353259326033060095e-01,8.341333320607845492e-01,-1.192600542521460305e-03,-3.577801627564380915e-03,4.932772655108497162e-03,1.354971027544116247e-03
8.353096255248917412e-01,8.341333320607845492e-01,-1.176293464107192044e-03,-3.528880392321576132e-03,4.892123524280478364e-03,1.363243131958902232e-03
8.352934547707906443e-01,8.341333320607845492e-01,-1.160122710006095126e-03,-3.480368130018285378e-03,4.851226230329075406e-03,1.370858100310790029e-03
8.352774211024995843e-01,8.341333320607845492e-01,-1.144089041715035115e-03,-3.432267125145105346e-03,4.810100487318003104e-03,1.377833362172897758e-03
8.352615252175448202e-01,8.341333320607845492e-01,-1.128193156760270988e-03,-3.384579470280812963e-03,4.768765486429238365e-03,1.384186016148425402e-03
8.352457677511916367e-01,8.341333320607845492e-01,-1.112435690407087563e-03,-3.337307071221262689e-03,4.727239905955027410e-03,1.389932834733764722e-03
8.352301492781218917e-01,8.341333320607845492e-01,-1.096817217337342498e-03,-3.290451652012027495e-03,4.685541920923519399e-03,1.395090268911491904e-03
8.352146703140790329e-01,8.341333320607845492e-01,-1.081338253294483742e-03,-3.244014759883451227e-03,4.643689212857626814e-03,1.399674452974175587e-03
8.351993313174814748e-01,8.341333320607845492e-01,-1.065999256696925634e-03,-3.197997770090776903e-03,4.601698979267432321e-03,1.403701209176655418e-03
8.351841326910048879e-01,8.341333320607845492e-01,-1.050800630220338761e-03,-3.152401890661016282e-03,4.559587942976062180e-03,1.407186052315045899e-03
8.351690747831335138e-01,8.341333320607845492e-01,-1.035742722348964584e-03,-3.107228167046893752e-03,4.517372361412252957e-03,1.410144194365359205e-03
8.351541578896816143e-01,8.341333320607845492e-01,-1.020825828897065080e-03,-3.062477486691195239e-03,4.475068035569851332e-03,1.412590548878656094e-03
8.351393822552845014e-01,8.341333320607845492e-01,-1.006050194499952255e-03,-3.018150583499856765e-03,4.432690319133847368e-03,1.414539735633990603e-03
8.351247480748610341e-01,8.341333320607845492e-01,-9.914160140764849416e-04,-2.974248042229454825e-03,4.390254127040194021e-03,1.416006084810739196e-03
8.351102554950460277e-01,8.341333320607845492e-01,-9.769234342614785405e-04,-2.930770302784435621e-03,4.347773944501920340e-03,1.417003641717484719e-03
8.350959046155951304e-01,8.341333320607845492e-01,-9.625725548105812379e-04,-2.887717664431743714e-03,4.305263835269190764e-03,1.417546170837447050e-03
8.350816954907613887e-01,8.341333320607845492e-01,-9.483634299768395337e-04,-2.845090289930518601e-03,4.262737450122511262e-03,1.417647160191992661e-03
8.350676281306436133e-01,8.341333320607845492e-01,-9.342960698590641044e-04,-2.802888209577192313e-03,4.220208035332628782e-03,1.417319825755436469e-03
8.350537025025084326e-01,8.341333320607845492e-01,-9.203704417238833813e-04,-2.761111325171650144e-03,4.177688440554216953e-03,1.416577115382566809e-03
8.350399185320848128e-01,8.341333320607845492e-01,-9.065864713002635966e-04,-2.719759413900790790e-03,4.135191127085935392e-03,1.415431713185144602e-03
8.350262761048324878e-01,8.341333320607845492e-01,-8.929440440479385899e-04,-2.678832132143815770e-03,4.092728175697502024e-03,1.413896043553686255e-03
8.350127750671845206e-01,8.341333320607845492e-01,-8.794430063999714164e-04,-2.638329019199914249e-03,4.050311294390152028e-03,1.411982275190237779e-03
8.349994152277641080e-01,8.341333320607845492e-01,-8.660831669795587828e-04,-2.598249500938676348e-03,4.007951826123790084e-03,1.409702325185113736e-03
8.349861963585761826e-01,8.341333320607845492e-01,-8.528642977916334189e-04,-2.558592893374900257e-03,3.965660756377609175e-03,1.407067863002708918e-03
8.349731181961745907e-01,8.341333320607845492e-01,-8.397861353900415438e-04,-2.519358406170124631e-03,3.923448720477562546e-03,1.404090314307437914e-03
8.349601804428044005e-01,8.341333320607845492e-01,-8.268483820198513357e-04,-2.480545146059554007e-03,3.881326011057062431e-03,1.400780864997508424e-03
8.349473827675206739e-01,8.341333320607845492e-01,-8.140507067361246740e-04,-2.442152120208374022e-03,3.839302585117998490e-03,1.397150464909624468e-03
8.349347248072834793e-01,8.341333320607845492e-01,-8.013927464989301086e-04,-2.404178239496790326e-03,3.797388071158369627e-03,1.393209831661579301e-03
8.349222061680294793e-01,1.910979378930598438e-01,-6.438242682749696355e-01,-1.931472804824908795e+00,0.000000000000000000e+00,-1.931472804824908795e+00
8.347165402482930041e-01,1.910979378930598438e-01,-6.436186023552331603e-01,-1.930855807065699370e+00,6.169977592094255670e-02,-1.869156031144756813e+00
