0.000000000000000000e+00,0.000000000000000000e+00,0.000000000000000000e+00,0.000000000000000000e+00,9.810000000000000497e+00
0.000000000000000000e+00,9.497509374909141044e+00,2.849252812472742136e+01,0.000000000000000000e+00,3.830252812472742363e+01
2.849252812472742331e-03,9.497509374909141044e+00,2.848398036629000529e+01,-8.547758437417840582e-01,3.743920452254822351e+01
8.461426077200306234e-03,9.497509374909141044e+00,2.846714384649582286e+01,-1.683651979418421263e+00,3.659349186707740387e+01
1.675194852863561013e-02,9.497509374909141044e+00,2.844227227914151257e+01,-2.487156735430673393e+00,3.576511554371084145e+01
2.763798253444199951e-02,9.497509374909141044e+00,2.840961417712409798e+01,-3.265810201741636831e+00,3.495380397538246342e+01
4.103839693778663089e-02,9.497509374909141044e+00,2.836941293391406305e+01,-4.020124321003315515e+00,3.415928861291074980e+01
5.687374020242233486e-02,9.497509374909141044e+00,2.832190690412015854e+01,-4.750602979390627922e+00,3.338130392472952934e+01
7.506621385953099468e-02,9.497509374909141044e+00,2.826732948314883132e+01,-5.457742097132722847e+00,3.261958738601610719e+01
9.553964625524126453e-02,9.497509374909141044e+00,2.820590918596169772e+01,-6.142029718713359898e+00,3.187387946724833654e+01
1.182194665976763759e-01,9.497509374909141044e+00,2.813786972493439720e+01,-6.803946102730229484e+00,3.114392362220416999e+01
1.430326793023319054e-01,9.497509374909141044e+00,2.806343008682042850e+01,-7.443963811396692165e+00,3.042946627542373506e+01
1.699078386345297953e-01,9.497509374909141044e+00,2.798280460882383380e+01,-8.062547799659292025e+00,2.973025680916454405e+01
1.987750236476441557e-01,9.497509374909141044e+00,2.789620305378449316e+01,-8.660155503934241494e+00,2.904604754985025039e+01
2.295658134157435304e-01,9.497509374909141044e+00,2.780383068448019657e+01,-9.237236930429837400e+00,2.837659375405036144e+01
2.622132625592479283e-01,9.497509374909141044e+00,2.770588833704967868e+01,-9.794234743051610792e+00,2.772165359399807016e+01
2.966518770621521250e-01,9.497509374909141044e+00,2.760257249354096842e+01,-1.033158435087102589e+01,2.708098814266994481e+01
3.328175903793233470e-01,9.497509374909141044e+00,2.749407535358945509e+01,-1.084971399515133328e+01,2.645436135843812053e+01
3.706477398323383965e-01,9.497509374909141044e+00,2.738058490523041044e+01,-1.134904483590446489e+01,2.584154006932594427e+01
4.100810432922860072e-01,9.497509374909141044e+00,2.726228499485056744e+01,-1.182999103798429985e+01,2.524229395686626987e+01
4.510575761479202472e-01,9.497509374909141044e+00,2.713935539628366200e+01,-1.229295985669072167e+01,2.465639553959294261e+01
4.935187485575137645e-01,9.497509374909141044e+00,2.701197187905487951e+01,-1.273835172287807183e+01,2.408362015617680640e+01
5.374072829827249986e-01,9.497509374909141044e+00,2.688030627577924747e+01,-1.316656032756320371e+01,2.352374594821604603e+01
5.826671920027578500e-01,9.497509374909141044e+00,2.674452654871915058e+01,-1.357797270600968886e+01,2.297655384270946399e+01
6.292437564070616496e-01,9.497509374909141044e+00,2.660479685550623685e+01,-1.397296932129137303e+01,2.244182753421486609e+01
6.770835035647868594e-01,9.497509374909141044e+00,2.646127761403306522e+01,-1.435192414731716326e+01,2.191935346671590423e+01
7.261341860691836736e-01,9.497509374909141044e+00,2.631412556651987344e+01,-1.471520475131917749e+01,2.140892081520069468e+01
7.763447606551006075e-01,9.497509374909141044e+00,2.616349384276211865e+01,-1.506317237577547985e+01,2.091032146698663752e+01
8.276653673877162332e-01,9.497509374909141044e+00,2.600953202256427232e+01,-1.539618201978445455e+01,2.042335000277982004e+01
8.800473091206097997e-01,9.497509374909141044e+00,2.585238619736559684e+01,-1.571458251986790344e+01,1.994780367749769567e+01
9.334430312212531611e-01,9.497509374909141044e+00,2.569219903106366232e+01,-1.601871663019327485e+01,1.948348240087038619e+01
9.878061015619835628e-01,9.497509374909141044e+00,2.552910982004147655e+01,-1.630892110221875413e+01,1.903018871782272470e+01
1.043091190774496191e+00,9.497509374909141044e+00,2.536325455240393723e+01,-1.658552676375375512e+01,1.858772778865018438e+01
1.099254052765873846e+00,9.497509374909141044e+00,2.519476596642980226e+01,-1.684885859741349634e+01,1.815590736901630464e+01
1.156251505494153120e+00,9.497509374909141044e+00,2.502377360824496577e+01,-1.709923581848364904e+01,1.773453778976131900e+01
1.214041412001408471e+00,9.497509374909141044e+00,2.485040388872319639e+01,-1.733697195217693832e+01,1.732343193654625679e+01
1.272582661702318596e+00,9.497509374909141044e+00,2.467478013962047001e+01,-1.756237491027263786e+01,1.692240522934783087e+01
1.331835151926163530e+00,9.497509374909141044e+00,2.449702266894892944e+01,-1.777574706715387975e+01,1.653127560179505195e+01
1.391759769710187777e+00,9.497509374909141044e+00,2.431724881559686224e+01,-1.797738533520707449e+01,1.614986348038979003e+01
1.452318373842251154e+00,9.497509374909141044e+00,2.413557300320066901e+01,-1.816758123961914606e+01,1.577799176358152344e+01
1.513473777150672550e+00,9.497509374909141044e+00,2.395210679327540504e+01,-1.834662099252621914e+01,1.541548580074918640e+01
1.575189729039168984e+00,9.497509374909141044e+00,2.376695893760991751e+01,-1.851478556654893026e+01,1.506217337106098775e+01
1.637430898264771395e+00,9.497509374909141044e+00,2.358023542993311139e+01,-1.867235076768078983e+01,1.471788466225232206e+01
1.700162855956599106e+00,9.497509374909141044e+00,2.339203955685762537e+01,-1.881958730754824671e+01,1.438245224930937916e+01
1.763352058873357775e+00,9.497509374909141044e+00,2.320247194810734825e+01,-1.895676087502780049e+01,1.405571107307954826e+01
1.826965832897424313e+00,9.497509374909141044e+00,2.301163062603514931e+01,-1.908413220721989489e+01,1.373749841881525491e+01
1.890972356763372497e+00,9.497509374909141044e+00,2.281961105443730631e+01,-1.920195715978438855e+01,1.342765389465291825e+01
1.955340646018785877e+00,9.497509374909141044e+00,2.262650618667106528e+01,-1.931048677662401403e+01,1.312601941004705175e+01
2.020040537215204157e+00,9.497509374909141044e+00,2.243240651308181199e+01,-1.940996735892541736e+01,1.283243915415639513e+01
2.085042672327038105e+00,9.497509374909141044e+00,2.223740010774631060e+01,-1.950064053355031746e+01,1.254675957419599364e+01
2.150318483396291391e+00,9.497509374909141044e+00,2.204157267453854985e+01,-1.958274332077598601e+01,1.226882935376256434e+01
2.215840177400921096e+00,9.497509374909141044e+00,2.184500759252465940e+01,-1.965650820138877819e+01,1.199849939113588171e+01
2.281580721344664386e+00,9.497509374909141044e+00,2.164778596069343308e+01,-1.972216318312298711e+01,1.173562277757044647e+01
2.347513827566164668e+00,9.497509374909141044e+00,2.144998664202893224e+01,-1.977993186645008450e+01,1.148005477557884824e+01
2.413613939265222719e+00,9.497509374909141044e+00,2.125168630693175587e+01,-1.983003350971754841e+01,1.123165279721420795e+01
2.479856216244002098e+00,9.497509374909141044e+00,2.105295947599541506e+01,-1.987268309363381391e+01,1.099027638236160165e+01
2.546216520861017685e+00,9.497509374909141044e+00,2.085387856214437008e+01,-1.990809138510467591e+01,1.075578717703969467e+01
2.612671404195737512e+00,9.497509374909141044e+00,2.065451391214021015e+01,-1.993646500041581504e+01,1.052804891172439561e+01
2.679198092421629429e+00,9.497509374909141044e+00,2.045493384746253440e+01,-1.995800646776757503e+01,1.030692737969495987e+01
2.745774473385491188e+00,9.497509374909141044e+00,2.025520470457095001e+01,-1.997291428915879408e+01,1.009229041541215643e+01
2.812379083390894152e+00,9.497509374909141044e+00,2.005539087455473890e+01,-1.998138300162075609e+01,9.884007872933983307e+00
2.878991094183590338e+00,9.497509374909141044e+00,1.985555484217665168e+01,-1.998360323780872250e+01,9.681951604367929676e+00
2.945590300136723183e+00,9.497509374909141044e+00,1.965575722431725225e+01,-1.997976178594011998e+01,9.485995438377132771e+00
3.012157105633693988e+00,9.497509374909141044e+00,1.945605680782634295e+01,-1.997004164909110813e+01,9.296015158735235318e+00
3.078672512646538184e+00,9.497509374909141044e+00,1.925651058678781169e+01,-1.995462210385312574e+01,9.111888482934686451e+00
3.145118108507675814e+00,9.497509374909141044e+00,1.905717379920439569e+01,-1.993367875834142211e+01,8.933495040862974079e+00
3.211476053872899694e+00,9.497509374909141044e+00,1.885809996310872094e+01,-1.990738360956729736e+01,8.760716353541424084e+00
3.277729070873477646e+00,9.497509374909141044e+00,1.865934091210699108e+01,-1.987590510017325229e+01,8.593435811933739288e+00
3.343860431455249138e+00,9.497509374909141044e+00,1.846094683036167439e+01,-1.983940817453158090e+01,8.431538655830093987e+00
3.409853945902603822e+00,9.497509374909141044e+00,1.826296628701960856e+01,-1.979805433420640526e+01,8.274911952813203797e+00
3.475693951545239635e+00,9.497509374909141044e+00,1.806544627009170512e+01,-1.975200169279061058e+01,8.123444577301095038e+00
3.541365301645605701e+00,9.497509374909141044e+00,1.786843221979060559e+01,-1.970140503010968658e+01,7.977027189680919506e+00
3.606853354464939709e+00,9.497509374909141044e+00,1.767196806133260267e+01,-1.964641584580046896e+01,7.835552215532134213e+00
3.672143962505827197e+00,9.497509374909141044e+00,1.747609623720994065e+01,-1.958718241226611312e+01,7.698913824943828033e+00
3.737223461929208845e+00,9.497509374909141044e+00,1.728085773893979749e+01,-1.952384982701449445e+01,7.567007911925303532e+00
3.802078662143783205e+00,9.497509374909141044e+00,1.708629213829607352e+01,-1.945656006437230801e+01,7.439732073923766009e+00
3.866696835565749613e+00,9.497509374909141044e+00,1.689243761803017563e+01,-1.938545202658978894e+01,7.316985591440387182e+00
3.931065707546860022e+00,9.497509374909141044e+00,1.669933100208684351e+01,-1.931066159433338925e+01,7.198669407753454763e+00
3.995173446468745837e+00,9.497509374909141044e+00,1.650700778532118562e+01,-1.923232167656561131e+01,7.084686108755574807e+00
4.059008654001507566e+00,9.497509374909141044e+00,1.631550216272290044e+01,-1.915056225982851856e+01,6.974939902894382371e+00
4.122560355524558240e+00,9.497509374909141044e+00,1.612484705815374753e+01,-1.906551045691520230e+01,6.869336601238545725e+00
4.185817990707732861e+00,9.497509374909141044e+00,1.593507415260422455e+01,-1.897729055495238626e+01,6.767783597651838789e+00
4.248771404250672568e+00,9.497509374909141044e+00,1.574621391197540632e+01,-1.888602406288191204e+01,6.670189849093494772e+00
4.311410836778521549e+00,9.497509374909141044e+00,1.555829561439185937e+01,-1.879182975835469449e+01,6.576465856037165381e+00
4.373726915891974265e+00,9.497509374909141044e+00,1.537134737705149945e+01,-1.869482373403581477e+01,6.486523643015685181e+00
4.435710647369728754e+00,9.497509374909141044e+00,1.518539618261823776e+01,-1.859511944332634670e+01,6.400276739291891559e+00
4.497353406521412467e+00,9.497509374909141044e+00,1.500046790516318573e+01,-1.849282774550511377e+01,6.317640159658072463e+00
4.558646929689062155e+00,9.497509374909141044e+00,1.481658733566023756e+01,-1.838805695029490650e+01,6.238530385365331554e+00
4.619583305895248238e+00,9.497509374909141044e+00,1.463377820704167931e+01,-1.828091286185582476e+01,6.162865345185855048e+00
4.680154968635952706e+00,9.497509374909141044e+00,1.445206321881956413e+01,-1.817149882221134050e+01,6.090564396608224129e+00
4.740354687816318524e+00,9.497509374909141044e+00,1.427146406127846845e+01,-1.805991575410974548e+01,6.021548307168723468e+00
4.800175561827400905e+00,9.497509374909141044e+00,1.409200143924521953e+01,-1.794626220332471433e+01,5.955739235920505692e+00
4.859611009762075717e+00,9.497509374909141044e+00,1.391369509544119509e+01,-1.783063438040244364e+01,5.893060715038751951e+00
4.918654763768254057e+00,9.497509374909141044e+00,1.373656383342266096e+01,-1.771312620185350184e+01,5.833437631569159620e+00
4.977300861537589327e+00,9.497509374909141044e+00,1.356062554011465515e+01,-1.759382933080058109e+01,5.776796209314074559e+00
5.035543638927856058e+00,9.497509374909141044e+00,1.338589720794385585e+01,-1.747283321708001935e+01,5.723063990863836992e+00
5.093377722717209011e+00,9.497509374909141044e+00,1.321239495657579610e+01,-1.735022513680588574e+01,5.672169819769910859e+00
5.150798023488539101e+00,9.497509374909141044e+00,1.304013405426180583e+01,-1.722609023139902718e+01,5.624043822862779152e+00
5.207799728642155124e+00,9.497509374909141044e+00,1.286912893880095865e+01,-1.710051154608480672e+01,5.578617392716152423e+00
5.264378295535043328e+00,9.497509374909141044e+00,1.269939323812229404e+01,-1.697357006786646139e+01,5.535823170255833148e+00
5.320529444744956926e+00,9.497509374909141044e+00,1.253093979049255324e+01,-1.684534476297407934e+01,5.495595027518474396e+00
5.376249153457622221e+00,9.497509374909141044e+00,1.236378066435455736e+01,-1.671591261379958837e+01,5.457868050554969486e+00
5.431533648975342743e+00,9.497509374909141044e+00,1.219792717780139490e+01,-1.658534865531615665e+01,5.422578522485238750e+00
5.486379402345312073e+00,9.497509374909141044e+00,1.203338991769148691e+01,-1.645372601099079901e+01,5.389663906700688401e+00
5.540783122105951364e+00,9.497509374909141044e+00,1.187017875840956904e+01,-1.632111592819178725e+01,5.359062830217782292e+00
5.594741748149612448e+00,9.497509374909141044e+00,1.170830288027858579e+01,-1.618758781309832528e+01,5.330715067180261002e+00
5.648252445699991853e+00,9.497509374909141044e+00,1.154777078762744758e+01,-1.605320926511382140e+01,5.304561522513626670e+00
5.701312599402622361e+00,9.497509374909141044e+00,1.138859032651955516e+01,-1.591804611078915244e+01,5.280544215730403224e+00
5.753919807526825636e+00,9.497509374909141044e+00,1.123076870214694623e+01,-1.578216243726098256e+01,5.258606264885964166e+00
5.806071876277518307e+00,9.497509374909141044e+00,1.107431249589486910e+01,-1.564562062520780117e+01,5.238691870687068430e+00
5.857766814215279005e+00,9.497509374909141044e+00,1.091922768208158701e+01,-1.550848138132820964e+01,5.220746300753377866e+00
5.909002826783114948e+00,9.497509374909141044e+00,1.076551964437807740e+01,-1.537080377035078271e+01,5.204715874027295186e+00
5.959778310938354196e+00,9.497509374909141044e+00,1.061319319191236055e+01,-1.523264524657177432e+01,5.190547945340586722e+00
6.010091849888127058e+00,9.497509374909141044e+00,1.046225257506304196e+01,-1.509406168493185874e+01,5.178190890131183721e+00
6.059942207926913404e+00,9.497509374909141044e+00,1.031270150094668381e+01,-1.495510741163590396e+01,5.167594089310780348e+00
6.109328325374630886e+00,9.497509374909141044e+00,1.016454314860353136e+01,-1.481583523431524441e+01,5.158707914288287455e+00
6.158249313613777254e+00,9.497509374909141044e+00,1.001778018388609226e+01,-1.467629647174391039e+01,5.151483712142182370e+00
6.206704450224137304e+00,9.497509374909141044e+00,9.872414774055011222e+00,-1.453654098310801501e+01,5.145873790946996706e+00
6.254693174213592499e+00,9.497509374909141044e+00,9.728448602086645636e+00,-1.439661719683655861e+01,5.141831405250087528e+00
6.302215081343572223e+00,9.497509374909141044e+00,9.585882880696706465e+00,-1.425657213899391706e+01,5.139310741702789898e+00
6.349269919547722907e+00,9.497509374909141044e+00,9.444718366084254413e+00,-1.411645146124520522e+01,5.138266904839049687e+00
6.395857584442357080e+00,9.497509374909141044e+00,9.304955371400351893e+00,-1.397629946839025195e+01,5.138655903010100445e+00
6.441978114927292332e+00,9.497509374909141044e+00,9.166593779945547027e+00,-1.383615914548057546e+01,5.140434634464972063e+00
6.487631688875674207e+00,9.497509374909141044e+00,9.029633058100401399e+00,-1.369607218451456276e+01,5.143560873585839133e+00
6.532818618911414354e+00,9.497509374909141044e+00,8.894072267993180958e+00,-1.355607901072204413e+01,5.147993257271137324e+00
6.577539348272881448e+00,9.497509374909141044e+00,8.759910079908777902e+00,-1.341621880844012793e+01,5.153691271468650470e+00
6.621794446761495756e+00,9.497509374909141044e+00,8.627144784442936754e+00,-1.327652954658429252e+01,5.160615237858644733e+00
6.665584606773895970e+00,9.497509374909141044e+00,8.495774304405735222e+00,-1.313704800372006432e+01,5.168726300685671404e+00
6.708910639416364674e+00,9.497509374909141044e+00,8.365796206478329111e+00,-1.299780979274061110e+01,5.177986413737718507e+00
6.751773470700206836e+00,9.497509374909141044e+00,8.237207712626801737e+00,-1.285884938515264864e+01,5.188358327474153597e+00
6.794174137816797021e+00,9.497509374909141044e+00,8.110005711277032958e+00,-1.272020013497705548e+01,5.199805576299977972e+00
6.836113785491017225e+00,9.497509374909141044e+00,7.984186768254371458e+00,-1.258189430226606120e+01,5.212292465988310752e+00
6.877593662411835673e+00,9.497509374909141044e+00,7.859747137491916114e+00,-1.244396307624553444e+01,5.225784061246382173e+00
6.918615117738778686e+00,9.497509374909141044e+00,7.736682771511087076e+00,-1.230643659808290380e+01,5.240246173428183774e+00
6.959179597683064600e+00,9.497509374909141044e+00,7.614989331678229334e+00,-1.216934398328577416e+01,5.255645348392455674e+00
6.999288642162190044e+00,9.497509374909141044e+00,7.494662198240853002e+00,-1.203271334373763324e+01,5.271948854503220261e+00
7.038943881526765978e+00,9.497509374909141044e+00,7.375696480147125200e+00,-1.189657180937278014e+01,5.289124670774345560e+00
7.078147033358419549e+00,9.497509374909141044e+00,7.258087024652164487e+00,-1.176094554949607129e+01,5.307141475156093691e+00
7.116899899337588487e+00,9.497509374909141044e+00,7.141828426714657674e+00,-1.162585979375068135e+01,5.325968632963976823e+00
7.155204362180053401e+00,9.497509374909141044e+00,7.026915038187262930e+00,-1.149133885273947442e+01,5.345576185447789008e+00
7.193062382641063124e+00,9.497509374909141044e+00,6.913340976804233762e+00,-1.135740613830291679e+01,5.365934838501317472e+00
7.230475996585923326e+00,9.497509374909141044e+00,6.801100134969653155e+00,-1.122408418345806069e+01,5.387015951511592959e+00
7.267447312125934644e+00,9.497509374909141044e+00,6.690186188349619201e+00,-1.109139466200339541e+01,5.408791526346224288e+00
7.303978506818580740e+00,9.497509374909141044e+00,6.580592604271680912e+00,-1.095935840779382886e+01,5.431234196477852549e+00
7.340071824930874733e+00,9.497509374909141044e+00,6.472312649934798934e+00,-1.082799543368819783e+01,5.454317216246601596e+00
7.375729574764792851e+00,9.497509374909141044e+00,6.365339400433044581e+00,-1.069732495017543528e+01,5.478014450257609802e+00
7.410954126043736601e+00,9.497509374909141044e+00,6.259665746596213332e+00,-1.056736538368312495e+01,5.502300362913088883e+00
7.445747907358971851e+00,9.497509374909141044e+00,6.155284402650507580e+00,-1.043813439457057513e+01,5.527150008079932952e+00
7.480113403675015427e+00,9.497509374909141044e+00,6.052187913702376854e+00,-1.030964889481307267e+01,5.552539018889304678e+00
7.514053153892947812e+00,9.497509374909141044e+00,5.950368663048579698e+00,-1.018192506537971553e+01,5.578443597668864662e+00
7.547569748470647433e+00,9.497509374909141044e+00,5.849818879315480835e+00,-1.005497837330988631e+01,5.604840506005595024e+00
7.580665827098947318e+00,9.497509374909141044e+00,5.750530643430581179e+00,-9.928823588489965601e+00,5.631707054940616075e+00
7.613344076432741581e+00,9.497509374909141044e+00,5.652495895429198391e+00,-9.803474800138278766e+00,5.659021095290920123e+00
7.645607227876064727e+00,9.497509374909141044e+00,5.555706441099228954e+00,-9.678945432996943765e+00,5.686761008102285686e+00
7.677458055420197880e+00,9.497509374909141044e+00,5.460153958466829494e+00,-9.555248263239946027e+00,5.714905695226883964e+00
7.708899373533853350e+00,9.497509374909141044e+00,5.365830004125863084e+00,-9.432395434096640940e+00,5.743434570029222641e+00
7.739934035104512056e+00,9.497509374909141044e+00,5.272726019413886966e+00,-9.310398471197611769e+00,5.772327548216275694e+00
7.770564929429992773e+00,9.497509374909141044e+00,5.180833336437444814e+00,-9.189268297644215266e+00,5.801565038793230045e+00
7.800794980259352585e+00,9.497509374909141044e+00,5.090143183949365380e+00,-9.069015248807943408e+00,5.831127935141422469e+00
7.830627143882226804e+00,9.497509374909141044e+00,5.000646693080742722e+00,-8.949649086862265790e+00,5.860997606218477429e+00
7.860064407265722863e+00,9.497509374909141044e+00,4.912334902930254543e+00,-8.831179015048817860e+00,5.891155887881437181e+00
7.889109786238006627e+00,9.497509374909141044e+00,4.825198766013403251e+00,-8.713613691685129226e+00,5.921585074328274523e+00
7.917766323717723154e+00,9.497509374909141044e+00,4.739229153574253672e+00,-8.596961243914957862e+00,5.952267909659296308e+00
7.946037087988405467e+00,9.497509374909141044e+00,4.654416860762206731e+00,-8.481229281204694104e+00,5.983187579557513125e+00
7.973925171017043567e+00,9.497509374909141044e+00,4.570752611676292432e+00,-8.366424908591429954e+00,6.014327703084862975e+00
8.001433686815991209e+00,9.497509374909141044e+00,4.488227064279449507e+00,-8.252554739684292429e+00,6.045672324595157576e+00
8.028565769847396894e+00,9.497509374909141044e+00,4.406830815185232453e+00,-8.139624909421705468e+00,6.077205905763527483e+00
8.055324573469379246e+00,9.497509374909141044e+00,4.326554404319285396e+00,-8.027641086594705655e+00,6.108913317724580239e+00
8.081713268423134977e+00,9.497509374909141044e+00,4.247388319458018202e+00,-7.916608486126719413e+00,6.140779833331299287e+00
8.107735041360223605e+00,9.497509374909141044e+00,4.169323000646752320e+00,-7.806531881126588246e+00,6.172791119520164571e+00
8.133393093409264196e+00,9.497509374909141044e+00,4.092348844499630545e+00,-7.697415614712177501e+00,6.204933229787453541e+00
8.158690638781283866e+00,9.497509374909141044e+00,4.016456208383571536e+00,-7.589263611605900905e+00,6.237192596777671127e+00
8.183630903412980828e+00,9.497509374909141044e+00,3.941635414488480649e+00,-7.482079389509088685e+00,6.269556024979392461e+00
8.208217123647175484e+00,9.497509374909141044e+00,3.867876753785896682e+00,-7.375866070258396689e+00,6.302010683527500490e+00
8.232452544949723006e+00,9.497509374909141044e+00,3.795170489878254116e+00,-7.270626390764256541e+00,6.334544099113998072e+00
8.256340420662182211e+00,9.497509374909141044e+00,3.723506862740876500e+00,-7.166362713737761680e+00,6.367144149003115317e+00
8.279884010789540838e+00,9.497509374909141044e+00,3.652876092358800619e+00,-7.063077038207588032e+00,6.399799054151213085e+00
8.303086580822315099e+00,9.497509374909141044e+00,3.583268382260477836e+00,-6.960771009832278367e+00,6.432497372428199967e+00
8.325951400592332519e+00,9.497509374909141044e+00,3.514673922950425577e+00,-6.859445931005225816e+00,6.465227991945200259e+00
8.348481743161544344e+00,9.497509374909141044e+00,3.447082895242790102e+00,-6.759102770763547596e+00,6.497980124479243003e+00
8.370680883743203182e+00,9.497509374909141044e+00,3.380485473497813587e+00,-6.659742174497651490e+00,6.530743299000162594e+00
8.392552098654762815e+00,9.497509374909141044e+00,3.314871828763134687e+00,-6.561364473467889979e+00,6.563507355295245205e+00
8.414098664301851827e+00,9.497509374909141044e+00,3.250232131821867654e+00,-6.463969694126703303e+00,6.596262437695164849e+00
8.435323856192709968e+00,9.497509374909141044e+00,3.186556556149293229e+00,-6.367557567257442486e+00,6.628998988891851241e+00
8.456230947982458446e+00,9.497509374909141044e+00,3.123835280780047796e+00,-6.272127536924543278e+00,6.661707743855505015e+00
8.476823210546591270e+00,9.497509374909141044e+00,3.062058493087649325e+00,-6.177678769239847156e+00,6.694379723847802666e+00
8.497103911083110361e+00,9.497509374909141044e+00,3.001216391478092049e+00,-6.084210160955727531e+00,6.727006230522365016e+00
8.517076312242680913e+00,9.497509374909141044e+00,2.941299187999380393e+00,-5.991720347871165586e+00,6.759578840128215305e+00
8.536743671286263435e+00,9.497509374909141044e+00,2.882297110868632828e+00,-5.900207713074756555e+00,6.792089397793876770e+00
8.556109239269625633e+00,9.497509374909141044e+00,2.824200406918546236e+00,-5.809670395008659227e+00,6.824530011909887506e+00
8.575176260254179894e+00,9.497509374909141044e+00,2.766999343964883451e+00,-5.720106295366278459e+00,6.856893048598605489e+00
8.593947970543593939e+00,9.497509374909141044e+00,2.710684213096641315e+00,-5.631513086824213588e+00,6.889171126272428225e+00
8.612427597945634616e+00,9.497509374909141044e+00,2.655245330890519284e+00,-5.543888220612203099e+00,6.921357110278316682e+00
8.630618361058703059e+00,9.497509374909141044e+00,2.600673041551313958e+00,-5.457228933920532654e+00,6.953444107630781801e+00
8.648523468582535401e+00,9.497509374909141044e+00,2.546957718979816931e+00,-5.371532257149702616e+00,6.985425461830114813e+00
8.666146118652550356e+00,9.497509374909141044e+00,2.494089768769772064e+00,-5.286795021004486728e+00,7.017294747765285834e+00
8.683489498197340950e+00,9.497509374909141044e+00,2.442059630135400283e+00,-5.203013863437178088e+00,7.049045766698222693e+00
8.700556782318802362e+00,9.497509374909141044e+00,2.390857777771016046e+00,-5.120185236438423715e+00,7.080672541332592829e+00
8.717351133694396736e+00,9.497509374909141044e+00,2.340474723644232924e+00,-5.038305412678312223e+00,7.112169310965921198e+00
8.733875702001087760e+00,9.497509374909141044e+00,2.290901018724159854e+00,-4.957370492007306950e+00,7.143530526716853402e+00
8.750133623360451196e+00,9.497509374909141044e+00,2.242127254646069545e+00,-4.877376407809030923e+00,7.174750846837039120e+00
8.766128019804497740e+00,9.497509374909141044e+00,2.194144065313929914e+00,-4.798318933213963078e+00,7.205825132099967334e+00
8.781861998761753441e+00,9.497509374909141044e+00,2.146942128442162812e+00,-4.720193687176710284e+00,7.236748441265453025e+00
8.797338652563135852e+00,9.497509374909141044e+00,2.100512167038015576e+00,-4.642996140414723527e+00,7.267516026623292547e+00
8.812561057967181810e+00,9.497509374909141044e+00,2.054844950825877703e+00,-4.566721621213787330e+00,7.298123329612090870e+00
8.827532275704188081e+00,9.497509374909141044e+00,2.009931297614858892e+00,-4.491365321101881136e+00,7.328565976512978253e+00
8.842255350038845663e+00,9.497509374909141044e+00,1.965762074610886145e+00,-4.416922300397274626e+00,7.358839774213612017e+00
8.856733308350925427e+00,9.497509374909141044e+00,1.922328199674646854e+00,-4.343387493623929174e+00,7.388940706050718177e+00
8.870969160733610082e+00,9.497509374909141044e+00,1.879620642526592889e+00,-4.270755714805396508e+00,7.418864927721196878e+00
8.884965899609065687e+00,9.497509374909141044e+00,1.837630425900226072e+00,-4.199021662636681640e+00,7.448608763263544930e+00
8.898726499360847697e+00,9.497509374909141044e+00,1.796348626644880042e+00,-4.128179925534603001e+00,7.478168701110277539e+00
8.912253915982741859e+00,9.497509374909141044e+00,1.755766376779197557e+00,-4.058224986568248482e+00,7.507541390210949572e+00
8.925551086743656271e+00,9.497509374909141044e+00,1.715874864496454322e+00,-3.989151228274323557e+00,7.536723636222131262e+00
8.938620929868193343e+00,9.497509374909141044e+00,1.676665335122843103e+00,-3.920952937361121826e+00,7.565712397761721775e+00
8.951466344232505534e+00,9.497509374909141044e+00,1.638129092029906531e+00,-3.853624309293657291e+00,7.594504782736249737e+00
8.964090209075092019e+00,9.497509374909141044e+00,1.600257497502147075e+00,-3.787159452775945567e+00,7.623098044726202005e+00
8.976495383722150834e+00,9.497509374909141044e+00,1.563041973560970632e+00,-3.721552394117644269e+00,7.651489579443326861e+00
8.988684707327154300e+00,9.497509374909141044e+00,1.526474002745960235e+00,-3.656797081501039770e+00,7.679676921244920962e+00
9.000660998624281817e+00,9.497509374909141044e+00,1.490545128854577683e+00,-3.592887389138255116e+00,7.707657739716323064e+00
9.012427055695381384e+00,9.497509374909141044e+00,1.455246957641278982e+00,-3.529817121329870133e+00,7.735429836311409346e+00
9.023985655750111690e+00,9.497509374909141044e+00,1.420571157477088065e+00,-3.467580016419091749e+00,7.762991141057996813e+00
9.035339554918948579e+00,9.497509374909141044e+00,1.386509459970577396e+00,-3.406169750651066863e+00,7.790339709319511030e+00
9.046491488058716612e+00,9.497509374909141044e+00,1.353053660551273296e+00,-3.345579941930409973e+00,7.817473718620863821e+00
9.057444168570347287e+00,9.497509374909141044e+00,1.320195619016381272e+00,-3.285804153489202406e+00,7.844391465527179363e+00
9.068200288228529971e+00,9.497509374909141044e+00,1.287927260041833222e+00,-3.226835897454805036e+00,7.871091362587028684e+00
9.078762517022971323e+00,9.497509374909141044e+00,1.256240573658509163e+00,-3.168668638332405862e+00,7.897571935326103798e+00
9.089133503010945248e+00,9.497509374909141044e+00,1.225127615694587391e+00,-3.111295796392177238e+00,7.923831819302410651e+00
9.099315872180850917e+00,9.497509374909141044e+00,1.194580508184870382e+00,-3.054710750971700861e+00,7.949869757213170018e+00
9.109312228326476912e+00,9.497509374909141044e+00,1.164591439747992396e+00,-2.998906843687798585e+00,7.975684596060194309e+00
9.119125152931708556e+00,9.497509374909141044e+00,1.135152665932297467e+00,-2.943877381569492968e+00,8.001275284362804996e+00
9.128757205065376468e+00,9.497509374909141044e+00,1.106256509531293730e+00,-2.889615640100373639e+00,8.026640869430920588e+00
9.138210921285988775e+00,9.497509374909141044e+00,1.077895360869456809e+00,-2.836114866183692129e+00,8.051780494685765177e+00
9.147488815556069852e+00,9.497509374909141044e+00,1.050061678059213577e+00,-2.783368281024323210e+00,8.076693397034890864e+00
9.156593379165853364e+00,9.497509374909141044e+00,1.022747987229863043e+00,-2.731369082935053427e+00,8.101378904294810113e+00
9.165527080666066695e+00,9.497509374909141044e+00,9.959468827292230486e-01,-2.680110450063999394e+00,8.125836432665224152e+00
9.174292365809545657e+00,9.497509374909141044e+00,9.696510272987861612e-01,-2.629585543043688745e+00,8.150065484255097914e+00
9.182891657501450311e+00,9.497509374909141044e+00,9.438531522230722004e-01,-2.579787507571396077e+00,8.174065644651676621e+00
9.191327355757820783e+00,9.497509374909141044e+00,9.185460574539607848e-01,-2.530709476911141564e+00,8.197836580542819718e+00
9.199601837672245708e+00,9.497509374909141044e+00,8.937226117106860102e-01,-2.482344574327477460e+00,8.221378037383209048e+00
9.207717457390408811e+00,9.497509374909141044e+00,8.693757525561967014e-01,-2.434685915448930871e+00,8.244689837107266328e+00
9.215676546092282706e+00,9.497509374909141044e+00,8.454984864505750153e-01,-2.387726610562168617e+00,8.267771875888406896e+00
9.223481411981746092e+00,9.497509374909141044e+00,8.220838887821848573e-01,-2.341459766839015799e+00,8.290624121943169555e+00
9.231134340283402295e+00,9.497509374909141044e+00,7.991251038772162474e-01,-2.295878490496860991e+00,8.313246613380355754e+00
9.238637593246396662e+00,9.497509374909141044e+00,7.766153449882331472e-01,-2.250975888898310018e+00,8.335639456089923627e+00
9.245993410155000092e+00,9.497509374909141044e+00,7.545478942624228580e-01,-2.206745072581028921e+00,8.357802821681394434e+00
9.253204007345772197e+00,9.497509374909141044e+00,7.329161026901065412e-01,-2.163179157231631677e+00,8.379736945458475361e+00
9.260271578231090928e+00,9.497509374909141044e+00,7.117133900341503505e-01,-2.120271265595619070e+00,8.401442124438531778e+00
9.267198293328853254e+00,9.497509374909141044e+00,6.909332447408633726e-01,-2.078014529328697790e+00,8.422918715412166080e+00
9.273986300298156848e+00,9.497509374909141044e+00,6.705692238329525878e-01,-2.036402090791078479e+00,8.444167133041874607e+00
9.280637723980763809e+00,9.497509374909141044e+00,6.506149527851317060e-01,-1.995427104782088179e+00,8.465187848003044024e+00
9.287154666448170559e+00,9.497509374909141044e+00,6.310641253829114561e-01,-1.955082740222024995e+00,8.485981385160886958e+00
9.293539207054093865e+00,9.497509374909141044e+00,6.119105035651415392e-01,-1.915362181776991690e+00,8.506548321788150346e+00
9.299793402492197103e+00,9.497509374909141044e+00,5.931479172508318243e-01,-1.876258631430971491e+00,8.526889285819860831e+00
9.305919286858880923e+00,9.497509374909141044e+00,5.747702641507803634e-01,-1.837765310005146091e+00,8.547004954145634770e+00
9.311918871720980206e+00,9.497509374909141044e+00,5.567715095644825141e-01,-1.799875458629784930e+00,8.566896050934698081e+00
9.317794146188171922e+00,9.497509374909141044e+00,5.391456861629073671e-01,-1.762582340157514693e+00,8.586563346005393171e+00
9.323547076989964211e+00,9.497509374909141044e+00,5.218868937575305011e-01,-1.725879240537686599e+00,8.606007653219844400e+00
9.329179608557078396e+00,9.497509374909141044e+00,5.049892990561879458e-01,-1.689759470134255537e+00,8.625229828921932906e+00
9.334693663107085371e+00,9.497509374909141044e+00,4.884471354061670212e-01,-1.654216365002092459e+00,8.644230770404075059e+00
9.340091140734132935e+00,9.497509374909141044e+00,4.722547025250243280e-01,-1.619243288114269319e+00,8.663011414410755506e+00
9.345373919502621973e+00,9.497509374909141044e+00,4.564063662195572135e-01,-1.584833630546711447e+00,8.681572735672846264e+00
9.350543855544678706e+00,9.497509374909141044e+00,4.408965580933870143e-01,-1.550980812617019922e+00,8.699915745476367590e+00
9.355602783161282687e+00,9.497509374909141044e+00,4.257197752435750715e-01,-1.517678284981194281e+00,8.718041490262381288e+00
9.360552514926911982e+00,9.497509374909141044e+00,4.108705799466871866e-01,-1.484919529688788487e+00,8.735951050257899198e+00
9.365394841797566983e+00,9.497509374909141044e+00,3.963435993347221853e-01,-1.452698061196500134e+00,8.753645538138222548e+00
9.370131533222036069e+00,9.497509374909141044e+00,3.821335250613149270e-01,-1.421007427340725826e+00,8.771126097720589598e+00
9.374764337256277003e+00,9.497509374909141044e+00,3.682351129585921257e-01,-1.389841210272280136e+00,8.788393902686312487e+00
9.379294980680787930e+00,9.497509374909141044e+00,3.546431826850593438e-01,-1.359193027353278183e+00,8.805450155331781659e+00
9.383725169120831211e+00,9.497509374909141044e+00,3.413526173649295004e-01,-1.329056532012984349e+00,8.822296085351945649e+00
9.388056587169408829e+00,9.497509374909141044e+00,3.283583632191966473e-01,-1.299425414573285309e+00,8.838932948645911836e+00
9.392290898512852593e+00,9.497509374909141044e+00,3.156554291888653552e-01,-1.270293403033129209e+00,8.855362026155736643e+00
9.396429746058911903e+00,9.497509374909141044e+00,3.032388865506874254e-01,-1.241654263817792980e+00,8.871584622732894942e+00
9.400474752067243145e+00,9.497509374909141044e+00,2.911038685256936986e-01,-1.213501802499372673e+00,8.887602066026321523e+00
9.404427518282178156e+00,9.497509374909141044e+00,2.792455698808886666e-01,-1.185829864480503204e+00,8.903415705400385960e+00
9.408289626067652733e+00,9.497509374909141044e+00,2.676592465244649333e-01,-1.158632335642373334e+00,8.919026910882092096e+00
9.412062636544215266e+00,9.497509374909141044e+00,2.563402150947773350e-01,-1.131903142968759823e+00,8.934437072126018009e+00
9.415748090727991126e+00,9.497509374909141044e+00,2.452838525434497541e-01,-1.105636255132758095e+00,8.949647597410692157e+00
9.419347509671506913e+00,9.497509374909141044e+00,2.344855957129023949e-01,-1.079825683054735919e+00,8.964659912658166974e+00
9.422862394606289271e+00,9.497509374909141044e+00,2.239409409085553193e-01,-1.054465480434707558e+00,8.979475460473848258e+00
9.426294227087119282e+00,9.497509374909141044e+00,2.136454434660652879e-01,-1.029549744249003140e+00,8.994095699217062645e+00
9.429644469137871354e+00,9.497509374909141044e+00,2.035947173138090704e-01,-1.005072615225621746e+00,9.008522102088187822e+00
9.432914563398831831e+00,9.497509374909141044e+00,1.937844345309276406e-01,-9.810282782881429853e-01,9.022756156242785153e+00
9.436105933275415580e+00,9.497509374909141044e+00,1.842103249011763921e-01,-9.574109629751248463e-01,9.036799361926052043e+00
9.439219983088193544e+00,9.497509374909141044e+00,1.748681754628425011e-01,-9.342149438333890998e-01,9.050653231629453899e+00
9.442258098224133533e+00,9.497509374909141044e+00,1.657538300550225330e-01,-9.114345407819968159e-01,9.064319289273026214e+00
9.445221645289000989e+00,9.497509374909141044e+00,1.568631888604201663e-01,-8.890641194602366681e-01,9.077799069400183996e+00
9.448111972260807789e+00,9.497509374909141044e+00,1.481922079449997653e-01,-8.670980915420400947e-01,9.091094116402960168e+00
9.450930408644255820e+00,9.497509374909141044e+00,1.397368987946556729e-01,-8.455309150344092473e-01,9.104205983760246923e+00
9.453678265626079380e+00,9.497509374909141044e+00,1.314933278491849933e-01,-8.243570945470679590e-01,9.117136233302117532e+00
9.456356836231233132e+00,9.497509374909141044e+00,1.234576160337237383e-01,-8.035711815461255014e-01,9.129886434487598734e+00
9.458967395479835005e+00,9.497509374909141044e+00,1.156259382879181175e-01,-7.831677745805620816e-01,9.142458163707356533e+00
9.461511200544808986e+00,9.497509374909141044e+00,1.079945230929961753e-01,-7.631415194921942202e-01,9.154853003600802452e+00
9.463989490910142521e+00,9.497509374909141044e+00,1.005596519969955693e-01,-7.434871096000605917e-01,9.167072542396935475e+00
9.466403488529715915e+00,9.497509374909141044e+00,9.331765913827538839e-02,-7.241992858720180948e-01,9.179118373266257791e+00
9.468754397986614890e+00,9.497509374909141044e+00,8.626493076757846268e-02,-7.052728370696925708e-01,9.190992093697886389e+00
9.471043406652883689e+00,9.497509374909141044e+00,7.939790476877206515e-02,-6.867025998806397524e-01,9.202695304888132810e+00
9.473271684849642327e+00,9.497509374909141044e+00,7.271307017849615306e-02,-6.684834590275912092e-01,9.214229611150905441e+00
9.475440386007516480e+00,9.497509374909141044e+00,6.620696670487369317e-02,-6.506103473622459887e-01,9.225596619342628202e+00
9.477550646827324954e+00,9.497509374909141044e+00,5.987618424544827178e-02,-6.330782459425421393e-01,9.236797938302906630e+00
9.479603587440962542e+00,9.497509374909141044e+00,5.371736240453550693e-02,-6.158821840912764856e-01,9.247835178313259519e+00
9.481600311572432105e+00,9.497509374909141044e+00,4.772719001012681872e-02,-5.990172394408688206e-01,9.258709950569258496e+00
9.483541906698958357e+00,9.497509374909141044e+00,4.190240463054806241e-02,-5.824785379578756306e-01,9.269423866672672929e+00
9.485429444212151395e+00,9.497509374909141044e+00,3.623979209096894749e-02,-5.662612539579114923e-01,9.279978538133057953e+00
9.487263979579157791e+00,9.497509374909141044e+00,3.073618598994976026e-02,-5.503606101019187236e-01,9.290375575888031534e+00
9.489046552503753063e+00,9.497509374909141044e+00,2.538846721616394575e-02,-5.347718773785814506e-01,9.300616589837582993e+00
9.490778187087332896e+00,9.497509374909141044e+00,2.019356346542444669e-02,-5.194903750739499060e-01,9.310703188391475038e+00
9.492459891989751597e+00,9.497509374909141044e+00,1.514844875816834247e-02,-5.045114707256104225e-01,9.320636978032558417e+00
9.494092660589974031e+00,9.497509374909141044e+00,1.025014295750104054e-02,-4.898305800667301924e-01,9.330419562890771346e+00
9.495677471146484194e+00,9.497509374909141044e+00,5.495711287970550529e-03,-4.754431669530490012e-01,9.340052544334922047e+00
9.497215286957429115e+00,9.497509374909141044e+00,8.822638551357897541e-04,-4.613447432834760775e-01,9.349537520571660210e+00
9.498707056520430569e+00,9.497509374909141044e+00,-3.593044833868574983e-03,-4.475308689004364737e-01,9.358876086265695449e+00
9.500153713692059299e+00,9.497509374909141044e+00,-7.933016348754762248e-03,-4.339971514886187265e-01,9.368069832162627009e+00
9.501556177846904205e+00,9.497509374909141044e+00,-1.214040881328948274e-02,-4.207392464534720489e-01,9.377120344733238966e+00
9.502915354036222340e+00,9.497509374909141044e+00,-1.621793738124388540e-02,-4.077528567954402661e-01,9.386029205823316346e+00
9.504232133146121697e+00,9.497509374909141044e+00,-2.016827471094195801e-02,-3.950337329698072608e-01,9.394797992319251279e+00
9.505507392055253746e+00,9.497509374909141044e+00,-2.399405143833810428e-02,-3.825776727396146271e-01,9.403428275822047766e+00
9.506741993791967715e+00,9.497509374909141044e+00,-2.769785664848001261e-02,-3.703805210141908333e-01,9.411921622337329651e+00
9.507936787690915992e+00,9.497509374909141044e+00,-3.128223834532484204e-02,-3.584381696844829435e-01,9.420279591970192712e+00
9.509092609549060882e+00,9.497509374909141044e+00,-3.474970391975951145e-02,-3.467465574434669406e-01,9.428503738636774045e+00
9.510210281781070307e+00,9.497509374909141044e+00,-3.810272061578778846e-02,-3.353016696028277011e-01,9.436595609781385008e+00
9.511290613574056252e+00,9.497509374909141044e+00,-4.134371599474562231e-02,-3.240995378957833850e-01,9.444556746109471490e+00
9.512334401041654175e+00,9.497509374909141044e+00,-4.447507839753939152e-02,-3.131362402793769206e-01,9.452388681323084185e+00
9.513342427377384780e+00,9.497509374909141044e+00,-4.749915740473120707e-02,-3.024079007191815549e-01,9.460092941876087735e+00
9.514315463007301688e+00,9.497509374909141044e+00,-5.041826429448192926e-02,-2.919106889750722189e-01,9.467671046730446349e+00
9.515254265741893036e+00,9.497509374909141044e+00,-5.323467249825597492e-02,-2.816408203774045660e-01,9.475124507124339956e+00
9.516159580927196160e+00,9.497509374909141044e+00,-5.595061805416534639e-02,-2.715945555909371478e-01,9.482454826354898003e+00
9.517032141595134220e+00,9.497509374909141044e+00,-5.856830005797952765e-02,-2.617682003814181257e-01,9.489663499560602844e+00
9.517872668613028608e+00,9.497509374909141044e+00,-6.108988111166269164e-02,-2.521581053683163987e-01,9.496752013520021407e+00
9.518681870832274683e+00,9.497509374909141044e+00,-6.351748776940091545e-02,-2.427606657738223817e-01,9.503721846456777200e+00
9.519460445236166635e+00,9.497509374909141044e+00,-6.585321098107677074e-02,-2.335723211675855282e-01,9.510574467851338198e+00
9.520209077086844829e+00,9.497509374909141044e+00,-6.809910653311135320e-02,-2.245895552034582465e-01,9.517311338263430898e+00
9.520928440071347865e+00,9.497509374909141044e+00,-7.025719548662046066e-02,-2.158088953509107455e-01,9.523933909162469291e+00
9.521619196446767575e+00,9.497509374909141044e+00,-7.232946461287959039e-02,-2.072269126259129735e-01,9.530443622761207934e+00
9.522281997184464331e+00,9.497509374909141044e+00,-7.431786682596985827e-02,-1.988402213090267878e-01,9.536841911865003851e+00
9.522917482113346210e+00,9.497509374909141044e+00,-7.622432161261549766e-02,-1.906454786645639388e-01,9.543130199722821061e+00
9.523526280062201366e+00,9.497509374909141044e+00,-7.805071545918096376e-02,-1.826393846565466106e-01,9.549309899884272923e+00
9.524109009001044512e+00,9.497509374909141044e+00,-7.979890227571040384e-02,-1.748186816529440080e-01,9.555382416071346086e+00
9.524666276181495306e+00,9.497509374909141044e+00,-8.147070381706278397e-02,-1.671801541352380127e-01,9.561349142047699701e+00
9.525198678276151298e+00,9.497509374909141044e+00,-8.306791010103076189e-02,-1.597206283967977924e-01,9.567211461502171943e+00
9.525706801516957256e+00,9.497509374909141044e+00,-8.459227982344863506e-02,-1.524369722417873163e-01,9.572970747934764546e+00
9.526191221832556622e+00,9.497509374909141044e+00,-8.604554077024673120e-02,-1.453260946798096143e-01,9.578628364549944152e+00
9.526652504984610914e+00,9.497509374909141044e+00,-8.742939022640960900e-02,-1.383849456162877800e-01,9.584185664157303108e+00
9.527091206703079962e+00,9.497509374909141044e+00,-8.874549538181675246e-02,-1.316105155407143457e-01,9.589643989077469399e+00
9.527507872820457635e+00,9.497509374909141044e+00,-8.999549373394977181e-02,-1.249998352133019353e-01,9.595004671052748790e+00
9.527903039404939989e+00,9.497509374909141044e+00,-9.118099348739683307e-02,-1.185499753447061266e-01,9.600269031167897538e+00
9.528277232892540027e+00,9.497509374909141044e+00,-9.230357395019694877e-02,-1.122580462800115697e-01,9.605438379769791979e+00
9.528630970218117113e+00,9.497509374909141044e+00,-9.336478592692820655e-02,-1.061211976731257778e-01,9.610514016399946513e+00
9.528964758945333458e+00,9.497509374909141044e+00,-9.436615210857723923e-02,-1.001366181649032683e-01,9.615497229726519990e+00
9.529279097395521703e+00,9.497509374909141044e+00,-9.530916745914197463e-02,-9.430153505647353995e-02,9.620389297484384983e+00
9.529574474775460047e+00,9.497509374909141044e+00,-9.619529959895700699e-02,-8.861321398150323603e-02,9.625191486419540254e+00
9.529851371304038921e+00,9.497509374909141044e+00,-9.702598918469362843e-02,-8.306895857366214386e-02,9.629905052241644725e+00
9.530110258337842311e+00,9.497509374909141044e+00,-9.780265028610379829e-02,-7.766611014101698629e-02,9.634531239572879713e+00
9.530351598495602872e+00,9.497509374909141044e+00,-9.852667075938548180e-02,-7.240204732816835076e-02,9.639071281912446665e+00
9.530575845781555699e+00,9.497509374909141044e+00,-9.919941261724396497e-02,-6.727418578584831721e-02,9.643526401596908215e+00
9.530783445707667667e+00,9.497509374909141044e+00,-9.982221239557986792e-02,-6.227997783359029427e-02,9.647897809770830335e+00
9.530974835414756541e+00,9.497509374909141044e+00,-1.003963815168464890e-01,-5.741691212666211186e-02,9.652186706356491896e+00
9.531150443792480331e+00,9.497509374909141044e+00,-1.009232066500178604e-01,-5.268251331713713626e-02,9.656394280032845501e+00
9.531310691598207541e+00,9.497509374909141044e+00,-1.014039500671994887e-01,-4.807434171816282742e-02,9.660521708214638181e+00
9.531455991574757647e+00,9.497509374909141044e+00,-1.018398499968498072e-01,-4.358999296503185406e-02,9.664570157038118836e+00
9.531586748567010048e+00,9.497509374909141044e+00,-1.022321209736070102e-01,-3.922709767572030159e-02,9.668540781350673186e+00
9.531703359637397455e+00,9.497509374909141044e+00,-1.025819541847692307e-01,-3.498332111622204366e-02,9.672434724699009223e+00
9.531806214180255310e+00,9.497509374909141044e+00,-1.028905178133427967e-01,-3.085636285735660067e-02,9.676253119329301100e+00
9.531895694035046773e+00,9.497509374909141044e+00,-1.031589573777171864e-01,-2.684395643743897608e-02,9.679997086184844335e+00
9.531972173598456166e+00,9.497509374909141044e+00,-1.033883960679453651e-01,-2.294386902281786433e-02,9.683667734909237268e+00
9.532036019935356208e+00,9.497509374909141044e+00,-1.035799350786454909e-01,-1.915390107001258002e-02,9.687266163851342426e+00
9.532087592888641936e+00,9.497509374909141044e+00,-1.037346539385026745e-01,-1.547188598571835882e-02,9.690793460075779464e+00
9.532127245187934861e+00,9.497509374909141044e+00,-1.038536108363814492e-01,-1.189568978787747255e-02,9.694250699375741576e+00
9.532155322557166244e+00,9.497509374909141044e+00,-1.039378429440755980e-01,-8.423210769414879451e-03,9.697638946286510020e+00
9.532172163821025279e+00,9.497509374909141044e+00,-1.039883667356527042e-01,-5.052379157710618074e-03,9.700959254106637175e+00
9.532178101010295279e+00,9.497509374909141044e+00,-1.040061783034627041e-01,-1.781156780999992861e-03,9.704212664915537800e+00
9.532173459466056542e+00,9.497509374909141044e+00,-1.039922536707464928e-01,1.392463271621124932e-03,9.707400209600875129e+00
9.532158557942778998e+00,9.497509374909141044e+00,-1.039475491009138608e-01,4.470456983263204620e-03,9.710522907882349841e+00
9.532133708710288644e+00,9.497509374909141044e+00,-1.038730014034427995e-01,7.454769747106126943e-03,9.713581768343663825e+00
9.532099217654632639e+00,9.497509374909141044e+00,-1.037695282364747840e-01,1.034731669680155619e-02,9.716577788460327270e+00
9.532055384377823515e+00,9.497509374909141044e+00,-1.036380284060474111e-01,1.314998304273728991e-02,9.719511954636690376e+00
9.532002502296476720e+00,9.497509374909141044e+00,-1.034793821620070275e-01,1.586462440403835217e-02,9.722385242242031822e+00
9.531940858739355704e+00,9.497509374909141044e+00,-1.032944514906439792e-01,1.849306713630483046e-02,9.725198615645661349e+00
9.531870735043797893e+00,9.497509374909141044e+00,-1.030840804039705461e-01,2.103710866734331830e-02,9.727953028263373270e+00
9.531792406651067751e+00,9.497509374909141044e+00,-1.028490952257801183e-01,2.349851781904277459e-02,9.730649422593263154e+00
9.531706143200596060e+00,9.497509374909141044e+00,-1.025903048743650459e-01,2.587903514150724504e-02,9.733288730267142697e+00
9.531612208623151616e+00,9.497509374909141044e+00,-1.023085011420317159e-01,2.818037323333300037e-02,9.735871872091301782e+00
9.531510861232915133e+00,9.497509374909141044e+00,-1.020044589713222649e-01,3.040421707094509429e-02,9.738399758099623327e+00
9.531402353818489104e+00,9.497509374909141044e+00,-1.016789367280441780e-01,3.255222432780868758e-02,9.740873287599765007e+00
9.531286933732824096e+00,9.497509374909141044e+00,-1.013326764710491545e-01,3.462602569950234965e-02,9.743293349228453692e+00
9.531164842982080998e+00,9.497509374909141044e+00,-1.009664042188198607e-01,3.662722522292938265e-02,9.745660821004110019e+00
9.531036318313438116e+00,9.497509374909141044e+00,-1.005808302128912146e-01,3.855740059286461019e-02,9.747976570379973893e+00
9.530901591301834230e+00,9.497509374909141044e+00,-1.001766491780795576e-01,4.041810348116570140e-02,9.750241454303086641e+00
9.530760888435660050e+00,9.497509374909141044e+00,-9.975454057955701614e-02,4.221085985225414561e-02,9.752456319272697627e+00
9.530614431201412273e+00,9.497509374909141044e+00,-9.931516887681368644e-02,4.393717027433297062e-02,9.754622001397519782e+00
9.530462436167304929e+00,9.497509374909141044e+00,-9.885918377449165462e-02,4.559851023220318211e-02,9.756739326457712025e+00
9.530305115065843324e+00,9.497509374909141044e+00,-9.838722047010683980e-02,4.719633043848148191e-02,9.758809109968375139e+00
9.530142674875378361e+00,9.497509374909141044e+00,-9.789989989871195064e-02,4.873205713948891571e-02,9.760832157240777462e+00
9.529975317900637677e+00,9.497509374909141044e+00,-9.739782897448989729e-02,5.020709242220533497e-02,9.762809263447715935e+00
9.529803241852242479e+00,9.497509374909141044e+00,-9.688160082930430406e-02,5.162281451855932346e-02,9.764741213689255517e+00
9.529626639925215414e+00,9.497509374909141044e+00,-9.635179504822311003e-02,5.298057810811940271e-02,9.766628783059896790e+00
9.529445700876495451e+00,9.497509374909141044e+00,-9.580897790206321929e-02,5.428171461598907399e-02,9.768472736713926352e+00
9.529260609101445567e+00,9.497509374909141044e+00,-9.525370257691356812e-02,5.552753251496511666e-02,9.770273829938052046e+00
9.529071544709390551e+00,9.497509374909141044e+00,-9.468650940074851974e-02,5.671931761650483850e-02,9.772032808215756816e+00
9.528878683598156485e+00,9.497509374909141044e+00,-9.410792606704632135e-02,5.785833337021983880e-02,9.773750407303174015e+00
9.528682197527652775e+00,9.497509374909141044e+00,-9.351846785553519226e-02,5.894582115111290932e-02,9.775427353295578214e+00
9.528482254192478962e+00,9.497509374909141044e+00,-9.291863785001375220e-02,5.998300055214400572e-02,9.777064362702130751e+00
9.528279017293575848e+00,9.497509374909141044e+00,-9.230892715330440979e-02,6.097106967093424146e-02,9.778662142517630329e+00
9.528072646608924501e+00,9.497509374909141044e+00,-9.168981509935036911e-02,6.191120539540406753e-02,9.780221390296054196e+00
9.527863298063302011e+00,9.497509374909141044e+00,-9.106176946248289994e-02,6.280456368674691703e-02,9.781742794224264514e+00
9.527651123797101107e+00,9.497509374909141044e+00,-9.042524666388018773e-02,6.365227986027122142e-02,9.783227033196391531e+00
9.527436272234220738e+00,9.497509374909141044e+00,-8.978069197523907974e-02,6.445546886411079868e-02,9.784674776888872216e+00
9.527218888149029397e+00,9.497509374909141044e+00,-8.912853971966505640e-02,6.521522555740233429e-02,9.786086685837737775e+00
9.526999112732420727e+00,9.497509374909141044e+00,-8.846921346983904755e-02,6.593262498260088478e-02,9.787463411512762335e+00
9.526777083656964962e+00,9.497509374909141044e+00,-8.780312624347175188e-02,6.660872263672956706e-02,9.788805596393258313e+00
9.526552935141147316e+00,9.497509374909141044e+00,-8.713068069601881405e-02,6.724455474529378307e-02,9.790113874049275466e+00
9.526326798012734187e+00,9.497509374909141044e+00,-8.645226931077942822e-02,6.784113852393858224e-02,9.791388869213159651e+00
9.526098799771244074e+00,9.497509374909141044e+00,-8.576827458630909007e-02,6.839947244703381557e-02,9.792631197860725223e+00
9.525869064649539197e+00,9.497509374909141044e+00,-8.507906922119445881e-02,6.892053651146312632e-02,9.793841467290269165e+00
9.525637713674562690e+00,9.497509374909141044e+00,-8.438501629626493639e-02,6.940529249295224190e-02,9.795020276196687803e+00
9.525404864727207155e+00,9.497509374909141044e+00,-8.368646945419833116e-02,6.985468420666052225e-02,9.796168214752462688e+00
9.525170632601327014e+00,9.497509374909141044e+00,-8.298377307655790958e-02,7.026963776404215878e-02,9.797285864687484747e+00
9.524935129061914196e+00,9.497509374909141044e+00,-8.227726245831945562e-02,7.065106182384539579e-02,9.798373799365526438e+00
9.524698462902438933e+00,9.497509374909141044e+00,-8.156726397989366717e-02,7.099984784257884485e-02,9.799432583862685675e+00
9.524460740001350345e+00,9.497509374909141044e+00,-8.085409527662790197e-02,7.131687032657652026e-02,9.800462775049949116e+00
9.524222063377765224e+00,9.497509374909141044e+00,-8.013806540587253835e-02,7.160298707553636177e-02,9.801464921669664321e+00
9.523982533246348581e+00,9.497509374909141044e+00,-7.941947501162260892e-02,7.185903942499294317e-02,9.802439564413370832e+00
9.523742247071371736e+00,9.497509374909141044e+00,-7.869861648669207455e-02,7.208585249305343723e-02,9.803387236006361860e+00
9.523501299619995919e+00,9.497509374909141044e+00,-7.797577413256462364e-02,7.228423541274509034e-02,9.804308461280180964e+00
9.523259783014747626e+00,9.497509374909141044e+00,-7.725122431681974433e-02,7.245498157448793108e-02,9.805203757257668684e+00
9.523017786785226590e+00,9.497509374909141044e+00,-7.652523562825663817e-02,7.259886885631061659e-02,9.806073633228054476e+00
9.522775397919028606e+00,9.497509374909141044e+00,-7.579806902966268467e-02,7.271665985939534949e-02,9.806918590829733162e+00
9.522532700911913395e+00,9.497509374909141044e+00,-7.506997800831705092e-02,7.280910213456337488e-02,9.807739124126246821e+00
9.522289777817210421e+00,9.497509374909141044e+00,-7.434120872420812987e-02,7.287692841089210560e-02,9.808535719686684473e+00
9.522046708294475081e+00,9.497509374909141044e+00,-7.361200015600211088e-02,7.292085682060189811e-02,9.809308856664600285e+00
9.521803569657407706e+00,9.497509374909141044e+00,-7.288258424479998610e-02,7.294159112021247893e-02,9.810059006875412990e+00
9.521560436921026493e+00,9.497509374909141044e+00,-7.215318603565634703e-02,7.293982091436390647e-02,9.810786634878708057e+00
9.521317382848133448e+00,9.497509374909141044e+00,-7.142402381697721125e-02,7.291622186791357763e-02,9.811492198050936864e+00
9.521074477995046692e+00,9.497509374909141044e+00,-7.069530925771694285e-02,7.287145592602684019e-02,9.812176146668310395e+00
9.520831790756625779e+00,9.497509374909141044e+00,-6.996724754245420286e-02,7.280617152627399946e-02,9.812838923983820294e+00
9.520589387410604232e+00,9.497509374909141044e+00,-6.924003750438956217e-02,7.272100380646406848e-02,9.813480966302075004e+00
9.520347332161211540e+00,9.497509374909141044e+00,-6.851387175621148629e-02,7.261657481780758872e-02,9.814102703061596600e+00
9.520105687182125465e+00,9.497509374909141044e+00,-6.778893681895326040e-02,7.249349372582258866e-02,9.814704556906869826e+00
9.519864512658729794e+00,9.497509374909141044e+00,-6.706541324876624799e-02,7.235235701870124103e-02,9.815286943769935490e+00
9.519623866829711289e+00,9.497509374909141044e+00,-6.634347576171073513e-02,7.219374870555128609e-02,9.815850272943841048e+00
9.519383806027986950e+00,9.497509374909141044e+00,-6.562329335653771523e-02,7.201824051730199017e-02,9.816394947160764772e+00
9.519144384720979346e+00,9.497509374909141044e+00,-6.490502943551490489e-02,7.182639210228103366e-02,9.816921362666766626e+00
9.518905655550238265e+00,9.497509374909141044e+00,-6.418884192329166183e-02,7.161875122232430613e-02,9.817429909299033142e+00
9.518667669370426410e+00,9.497509374909141044e+00,-6.347488338385609552e-02,7.139585394355663084e-02,9.817920970559701033e+00
9.518430475287670944e+00,9.497509374909141044e+00,-6.276330113558969970e-02,7.115822482663958226e-02,9.818394923691050380e+00
9.518194120697284433e+00,9.497509374909141044e+00,-6.205423736443016480e-02,7.090637711595348947e-02,9.818852139751523822e+00
9.517958651320872931e+00,9.497509374909141044e+00,-6.134782923519566111e-02,7.064081292345036900e-02,9.819292983688255205e+00
9.517724111242831242e+00,9.497509374909141044e+00,-6.064420900107059254e-02,7.036202341250685777e-02,9.819717814411436763e+00
9.517490542946230647e+00,9.497509374909141044e+00,-5.994350411126880829e-02,7.007048898017842475e-02,9.820126984868910114e+00
9.517257987348116899e+00,9.497509374909141044e+00,-5.924583731692756317e-02,6.976667943412451223e-02,9.820520842117197446e+00
9.517026483834214901e+00,9.497509374909141044e+00,-5.855132677522156825e-02,6.945105417059949104e-02,9.820899727395378420e+00
9.516796070293052523e+00,9.497509374909141044e+00,-5.786008615173443559e-02,6.912406234871326660e-02,9.821263976196979328e+00
9.516566783149508879e+00,9.497509374909141044e+00,-5.717222472110350395e-02,6.878614306309316362e-02,9.821613918341990157e+00
9.516338657397799494e+00,9.497509374909141044e+00,-5.648784746597534934e-02,6.843772551281546157e-02,9.821949878046840610e+00
9.516111726633894818e+00,9.497509374909141044e+00,-5.580705517426132189e-02,6.807922917140274421e-02,9.822272173997141920e+00
9.515886023087389844e+00,9.497509374909141044e+00,-5.512994453474640011e-02,6.771106395149217860e-02,9.822581119416746276e+00
9.515661577652826608e+00,9.497509374909141044e+00,-5.445660823105669124e-02,6.733363036897088705e-02,9.822877022137914693e+00
9.515438419920476676e+00,9.497509374909141044e+00,-5.378713503400689433e-02,6.694731970497969087e-02,9.823160184670973294e+00
9.515216578206594278e+00,9.497509374909141044e+00,-5.312160989235970021e-02,6.655251416471941184e-02,9.823430904272360209e+00
9.514996079583140087e+00,9.497509374909141044e+00,-5.246011402199712848e-02,6.614958703625717362e-02,9.823689473014260543e+00
9.514776949906986303e+00,9.497509374909141044e+00,-5.180272499353577587e-02,6.573890284613526092e-02,9.823936177852599982e+00
9.514559213848617247e+00,9.497509374909141044e+00,-5.114951681842860864e-02,6.532081751071672215e-02,9.824171300692288611e+00
9.514342894920318372e+00,9.497509374909141044e+00,-5.050056003353198264e-02,6.489567848966260044e-02,9.824395118456131115e+00
9.514128015503864333e+00,9.497509374909141044e+00,-4.985592178416986542e-02,6.446382493621172216e-02,9.824607903152042354e+00
9.513914596877725671e+00,9.497509374909141044e+00,-4.921566590575388034e-02,6.402558784159850802e-02,9.824809921935845125e+00
9.513702659243781667e+00,9.497509374909141044e+00,-4.857985300392186900e-02,6.358129018320113346e-02,9.825001437179279762e+00
9.513492221753555356e+00,9.497509374909141044e+00,-4.794854053324293375e-02,6.313124706789352558e-02,9.825182706534651089e+00
9.513283302533981356e+00,9.497509374909141044e+00,-4.732178287452093457e-02,6.267576587219991779e-02,9.825353982997679481e+00
9.513075918712708301e+00,9.497509374909141044e+00,-4.669963141070176960e-02,6.221514638191649738e-02,9.825515514971215225e+00
9.512870086442932305e+00,9.497509374909141044e+00,-4.608213460137378092e-02,6.174968093279886716e-02,9.825667546331425584e+00
9.512665820927789895e+00,9.497509374909141044e+00,-4.546933805594655098e-02,6.127965454272299439e-02,9.825810316486776941e+00
9.512463136444296197e+00,9.497509374909141044e+00,-4.486128460546545682e-02,6.080534504810941598e-02,9.825944060442644457e+00
9.512262046366846135e+00,9.497509374909141044e+00,-4.425801437311527309e-02,6.032702323501837327e-02,9.826069008861903598e+00
9.512062563190282205e+00,9.497509374909141044e+00,-4.365956484342348176e-02,5.984495296917913265e-02,9.826185388125756148e+00
9.511864698552530584e+00,9.497509374909141044e+00,-4.306597093016861777e-02,5.935939132548639918e-02,9.826293420395318279e+00
9.511668463256818029e+00,9.497509374909141044e+00,-4.247726504303095396e-02,5.887058871376638081e-02,9.826393323670735924e+00
9.511473867293473106e+00,9.497509374909141044e+00,-4.189347715299618358e-02,5.837878900347703848e-02,9.826485311850481352e+00
9.511280919861313521e+00,9.497509374909141044e+00,-4.131463485651742928e-02,5.788422964787542924e-02,9.826569594791358497e+00
9.511089629388632005e+00,9.497509374909141044e+00,-4.074076343847288229e-02,5.738714180445469992e-02,9.826646378365982315e+00
9.510900003553787840e+00,9.497509374909141044e+00,-4.017188593394038776e-02,5.688775045324945268e-02,9.826715864519309562e+00
9.510712049305395155e+00,9.497509374909141044e+00,-3.960802318876233130e-02,5.638627451780564570e-02,9.826778251329043812e+00
9.510525772882136408e+00,9.497509374909141044e+00,-3.904919391898609149e-02,5.588292697762398120e-02,9.826833733058638387e+00
9.510341179832183300e+00,9.497509374909141044e+00,-3.849541476912676785e-02,5.537791498593236383e-02,9.826882500216806093e+00
9.510158275032251751e+00,9.497509374909141044e+00,-3.794670036933212032e-02,5.487143997946475338e-02,9.826924739610133130e+00
9.509977062706280293e+00,9.497509374909141044e+00,-3.740306339141774572e-02,5.436369779143745973e-02,9.826960634400020211e+00
9.509797546443749638e+00,9.497509374909141044e+00,-3.686451460382578205e-02,5.385487875919636735e-02,9.826990364155371083e+00
9.509619729217634543e+00,9.497509374909141044e+00,-3.633106292548049510e-02,5.334516783452869504e-02,9.827014104909048697e+00
9.509443613402011053e+00,9.497509374909141044e+00,-3.580271547861002546e-02,5.283474468704696392e-02,9.827032029208437436e+00
9.509269200789308485e+00,9.497509374909141044e+00,-3.527947764050232138e-02,5.232378381077040785e-02,9.827044306170268584e+00
9.509096492607222117e+00,9.497509374909141044e+00,-3.476135309424321918e-02,5.181245462591022033e-02,9.827051101531667499e+00
9.508925489535288378e+00,9.497509374909141044e+00,-3.424834387844200023e-02,5.130092158012189429e-02,9.827052577701680391e+00
9.508756191721126072e+00,9.497509374909141044e+00,-3.374045043595508275e-02,5.078934424869174791e-02,9.827048893812737163e+00
9.508588598796343661e+00,9.497509374909141044e+00,-3.323767166160784825e-02,5.027787743472345028e-02,9.827040205773116099e+00
9.508422709892139224e+00,9.497509374909141044e+00,-3.274000494899453884e-02,4.976667126133094143e-02,9.827026666312336900e+00
9.508258523654566474e+00,9.497509374909141044e+00,-3.224744623627628926e-02,4.925587127182495806e-02,9.827008425035549166e+00
9.508096038259497007e+00,9.497509374909141044e+00,-3.175999005106788786e-02,4.874561852084013935e-02,9.826985628469772749e+00
9.507935251427273471e+00,9.497509374909141044e+00,-3.127762955439727932e-02,4.823604966706085406e-02,9.826958420112664072e+00
9.507776160437062529e+00,9.497509374909141044e+00,-3.080035658376445440e-02,4.772729706328249222e-02,9.826926940479518535e+00
9.507618762140898738e+00,9.497509374909141044e+00,-3.032816169527308148e-02,4.721948884913729216e-02,9.826891327153864708e+00
9.507463052977451312e+00,9.497509374909141044e+00,-2.986103420493080307e-02,4.671274903422784064e-02,9.826851714829297535e+00
9.507309028985485355e+00,9.497509374909141044e+00,-2.939896222903293221e-02,4.620719758978708569e-02,9.826808235360754651e+00
9.507156685817056641e+00,9.497509374909141044e+00,-2.894193272374678827e-02,4.570295052861439444e-02,9.826761017804868104e+00
9.507006018750407961e+00,9.497509374909141044e+00,-2.848993152380074889e-02,4.520011999460393781e-02,9.826710188470803686e+00
9.506857022702606130e+00,9.497509374909141044e+00,-2.804294338039525769e-02,4.469881434054912006e-02,9.826655870960154360e+00
9.506709692241900100e+00,9.497509374909141044e+00,-2.760095199827716783e-02,4.419913821180898594e-02,9.826598186213532315e+00
9.506564021599816172e+00,9.497509374909141044e+00,-2.716394007202538319e-02,4.370119262517846437e-02,9.826537252553153579e+00
9.506420004682986757e+00,9.497509374909141044e+00,-2.673188932153713893e-02,4.320507504882442618e-02,9.826473185727287785e+00
9.506277635084730449e+00,9.497509374909141044e+00,-2.630478052676821221e-02,4.271087947689267139e-02,9.826406098950124957e+00
9.506136906096369188e+00,9.497509374909141044e+00,-2.588259356168443048e-02,4.221869650837817289e-02,9.826336102946694240e+00
9.505997810718302077e+00,9.497509374909141044e+00,-2.546530742748309706e-02,4.172861342013334252e-02,9.826263305992650743e+00
9.505860341670835822e+00,9.497509374909141044e+00,-2.505290028508433409e-02,4.124071423987629714e-02,9.826187813954792460e+00
9.505724491404764720e+00,9.497509374909141044e+00,-2.464534948687102656e-02,4.075507982133075302e-02,9.826109730334460224e+00
9.505590252111726812e+00,9.497509374909141044e+00,-2.424263160775730341e-02,4.027178791137231428e-02,9.826029156303615508e+00
9.505457615734318466e+00,9.497509374909141044e+00,-2.384472247553226509e-02,3.979091322250383200e-02,9.825946190746972064e+00
9.505326573975985127e+00,9.497509374909141044e+00,-2.345159720053224817e-02,3.931252750000169272e-02,9.825860930299469942e+00
9.505197118310681148e+00,9.497509374909141044e+00,-2.306323020462031081e-02,3.883669959119373516e-02,9.825773469386573922e+00
9.505069239992316454e+00,9.497509374909141044e+00,-2.267959524952622985e-02,3.836349550940809650e-02,9.825683900259882364e+00
9.504942930063977613e+00,9.497509374909141044e+00,-2.230066546450970577e-02,3.789297850165240789e-02,9.825592313037143199e+00
9.504818179366942843e+00,9.497509374909141044e+00,-2.192641337340539565e-02,3.742520911043101250e-02,9.825498795737026114e+00
9.504694978549482087e+00,9.497509374909141044e+00,-2.155681092102312846e-02,3.696024523822671881e-02,9.825403434317204088e+00
9.504573318075452804e+00,9.497509374909141044e+00,-2.119182949893527734e-02,3.649814220878511151e-02,9.825306312709850332e+00
9.504453188232695027e+00,9.497509374909141044e+00,-2.083143997066194686e-02,3.603895282733304839e-02,9.825207512856671599e+00
9.504334579141222150e+00,9.497509374909141044e+00,-2.047561269624331715e-02,3.558272744186297132e-02,9.825107114745620152e+00
9.504217480761223413e+00,9.497509374909141044e+00,-2.012431755624710661e-02,3.512951399962105370e-02,9.825005196443374444e+00
9.504101882900869214e+00,9.497509374909141044e+00,-1.977752397518450778e-02,3.467935810625988324e-02,9.824901834131075873e+00
9.503987775223928125e+00,9.497509374909141044e+00,-1.943520094436124168e-02,3.423230308232660946e-02,9.824797102137965865e+00
9.503875147257200950e+00,9.497509374909141044e+00,-1.909731704417971798e-02,3.378839001815236998e-02,9.824691072973973149e+00
9.503763988397771811e+00,9.497509374909141044e+00,-1.876384046589230081e-02,3.334765782874171691e-02,9.824583817362849913e+00
9.503654287920078048e+00,9.497509374909141044e+00,-1.843473903281100945e-02,3.291014330812913613e-02,9.824475404275318624e+00
9.503546034982813140e+00,9.497509374909141044e+00,-1.810998022101628635e-02,3.247588117947231012e-02,9.824365900958456521e+00
9.503439218635643115e+00,9.497509374909141044e+00,-1.778953117950621277e-02,3.204490415100735845e-02,9.824255372971501643e+00
9.503333827825770186e+00,9.497509374909141044e+00,-1.747335874988742432e-02,3.161724296187884420e-02,9.824143884211991917e+00
9.503229851404318751e+00,9.497509374909141044e+00,-1.716142948553311953e-02,3.119292643543047916e-02,9.824031496949897857e+00
9.503127278132561528e+00,9.497509374909141044e+00,-1.685370967026145195e-02,3.077198152716675850e-02,9.823918271856905804e+00
9.503026096687991142e+00,9.497509374909141044e+00,-1.655016533655029320e-02,3.035443337111587425e-02,9.823804268034566078e+00
9.502926295670222956e+00,9.497509374909141044e+00,-1.625076228324573435e-02,2.994030533045588527e-02,9.823689543047210648e+00
9.502827863606761127e+00,9.497509374909141044e+00,-1.595546609286024875e-02,2.952961903854856018e-02,9.823574152945688809e+00
9.502730788958592356e+00,9.497509374909141044e+00,-1.566424214835393514e-02,2.912239445063136145e-02,9.823458152302277924e+00
9.502635060125655286e+00,9.497509374909141044e+00,-1.537705564954272575e-02,2.871864988112093897e-02,9.823341594231578711e+00
9.502540665452141155e+00,9.497509374909141044e+00,-1.509387162900033275e-02,2.831840205423930001e-02,9.823224530425239465e+00
9.502447593231668321e+00,9.497509374909141044e+00,-1.481465496758183065e-02,2.792166614185020990e-02,9.823107011174268877e+00
9.502355831712312906e+00,9.497509374909141044e+00,-1.453937040951558402e-02,2.752845580662466318e-02,9.822989085397109577e+00
9.502265369101497328e+00,9.497509374909141044e+00,-1.426798257706884954e-02,2.713878324467344783e-02,9.822870800667605096e+00
9.502176193570749163e+00,9.497509374909141044e+00,-1.400045598482435594e-02,2.675265922444935995e-02,9.822752203239625501e+00
9.502088293260325003e+00,9.497509374909141044e+00,-1.373675505355187454e-02,2.637009312724813981e-02,9.822633338073696763e+00
9.502001656283708186e+00,9.497509374909141044e+00,-1.347684412370142581e-02,2.599109298504487242e-02,9.822514248861343944e+00
9.501916270731976866e+00,9.497509374909141044e+00,-1.322068746850746379e-02,2.561566551939620240e-02,9.822394978050889236e+00
9.501832124678051272e+00,9.497509374909141044e+00,-1.296824930673068366e-02,2.524381617767801345e-02,9.822275566870947827e+00
9.501749206180813090e+00,9.497509374909141044e+00,-1.271949381501613630e-02,2.487554917145473610e-02,9.822156055356439097e+00
9.501667503289109362e+00,9.497509374909141044e+00,-1.247438513990495323e-02,2.451086751111830608e-02,9.822036482371213850e+00
9.501587004045642715e+00,9.497509374909141044e+00,-1.223288740950501108e-02,2.414977303999421565e-02,9.821916885630489702e+00
9.501507696490739008e+00,9.497509374909141044e+00,-1.199496474479389008e-02,2.379226647111210013e-02,9.821797301726318707e+00
9.501429568666008407e+00,9.497509374909141044e+00,-1.176058127060208847e-02,2.343834741918016107e-02,9.821677766148578570e+00
9.501352608617892770e+00,9.497509374909141044e+00,-1.152970112625517629e-02,2.308801443469121750e-02,9.821558313308436539e+00
9.501276804401108222e+00,9.497509374909141044e+00,-1.130228847590153407e-02,2.274126503536422206e-02,9.821438976559463185e+00
9.501202144081979384e+00,9.497509374909141044e+00,-1.107830751851501816e-02,2.239809573865159109e-02,9.821319788220137070e+00
9.501128615741672334e+00,9.497509374909141044e+00,-1.085772249759386909e-02,2.205850209211490665e-02,9.821200779594521535e+00
9.501056207479324556e+00,9.497509374909141044e+00,-1.064049771055053384e-02,2.172247870433352546e-02,9.821081980993783489e+00
9.500984907415077174e+00,9.497509374909141044e+00,-1.042659751780838917e-02,2.139001927421446680e-02,9.820963421756406575e+00
9.500914703693005947e+00,9.497509374909141044e+00,-1.021598635159470803e-02,2.106111662136811447e-02,9.820845130269773904e+00
9.500845584483961659e+00,9.497509374909141044e+00,-1.000862872446184326e-02,2.073576271328647636e-02,9.820727133988825130e+00
9.500777537988314592e+00,9.497509374909141044e+00,-9.804489237520641609e-03,2.041394869412016533e-02,9.820609459456600021e+00
9.500710552438613732e+00,9.497509374909141044e+00,-9.603532588418062232e-03,2.009566491025793766e-02,9.820492132321840373e+00
9.500644616102144724e+00,9.497509374909141044e+00,-9.405723579011038282e-03,1.978090094070239502e-02,9.820375177361691854e+00
9.500579717283413217e+00,9.497509374909141044e+00,-9.211027122816517476e-03,1.946964561945208061e-02,9.820258618496636061e+00
9.500515844326530512e+00,9.497509374909141044e+00,-9.019408252168403806e-03,1.916188706481136705e-02,9.820142478812643461e+00
9.500452985617529933e+00,9.497509374909141044e+00,-8.830832125166665492e-03,1.885761270017383140e-02,9.820026780575007663e+00
9.500391129586585492e+00,9.497509374909141044e+00,-8.645264032333344062e-03,1.855680928333214297e-02,9.819911545250999296e+00
9.500330264710166617e+00,9.497509374909141044e+00,-8.462669403076716890e-03,1.825946292566271723e-02,9.819796793522586498e+00
9.500270379513100494e+00,9.497509374909141044e+00,-8.283013811878348065e-03,1.796555911983688247e-02,9.819682545307959032e+00
9.500211462570565146e+00,9.497509374909141044e+00,-8.106262984272305516e-03,1.767508276060425487e-02,9.819568819776332447e+00
9.500153502510007897e+00,9.497509374909141044e+00,-7.932382802600557170e-03,1.738801816717483462e-02,9.819455635364574775e+00
9.500096488012985674e+00,9.497509374909141044e+00,-7.761339311533888008e-03,1.710434910666691621e-02,9.819343009795133526e+00
9.500040407816943144e+00,9.497509374909141044e+00,-7.593098723406299655e-03,1.682405881275883530e-02,9.819230960089353033e+00
9.499985250716910912e+00,9.497509374909141044e+00,-7.427627423309601795e-03,1.654713000966978598e-02,9.819119502586360682e+00
9.499931005567136211e+00,9.497509374909141044e+00,-7.264891973985498907e-03,1.627354493241028877e-02,9.819008652958425287e+00
9.499877661282656760e+00,9.497509374909141044e+00,-7.104859120547146745e-03,1.600328534383521628e-02,9.818898426223288567e+00
9.499825206840800007e+00,9.497509374909141044e+00,-6.947495794976887851e-03,1.573633255702588940e-02,9.818788836762049499e+00
9.499773631282620201e+00,9.497509374909141044e+00,-6.792769120437469610e-03,1.547266745394182408e-02,9.818679898333504852e+00
9.499722923714273293e+00,9.497509374909141044e+00,-6.640646415396744828e-03,1.521227050407247816e-02,9.818571624088676231e+00
9.499673073308334992e+00,9.497509374909141044e+00,-6.491095197581842058e-03,1.495512178149027704e-02,9.818464026583908932e+00
9.499624069305054874e+00,9.497509374909141044e+00,-6.344083187741489382e-03,1.470120098403526754e-02,9.818357117796294276e+00
9.499575901013555423e+00,9.497509374909141044e+00,-6.199578313243137018e-03,1.445048744983523648e-02,9.818250909136592597e+00
9.499528557812968899e+00,9.497509374909141044e+00,-6.057548711483562442e-03,1.420296017595745752e-02,9.818145411464474392e+00
9.499482029153529794e+00,9.497509374909141044e+00,-5.917962733166248768e-03,1.395859783173136748e-02,9.818040635098565616e+00
9.499436304557599797e+00,9.497509374909141044e+00,-5.780788945376258425e-03,1.371737877899903424e-02,9.817936589833623273e+00
9.499391373620653667e+00,9.497509374909141044e+00,-5.645996134537867306e-03,1.347928108383911194e-02,9.817833284949301742e+00
9.499347226012202938e+00,9.497509374909141044e+00,-5.513553309185681428e-03,1.324428253521858778e-02,9.817730729226033404e+00
9.499303851476673444e+00,9.497509374909141044e+00,-5.383429702597197775e-03,1.301236065884836535e-02,9.817628930956251665e+00
9.499261239834240200e+00,9.497509374909141044e+00,-5.255594775297467436e-03,1.278349272997303387e-02,9.817527897954676064e+00
9.499219380981601901e+00,9.497509374909141044e+00,-5.130018217382570356e-03,1.255765579148970801e-02,9.817427637574107635e+00
9.499178264892721657e+00,9.497509374909141044e+00,-5.006669950741837738e-03,1.233482666407326178e-02,9.817328156713331921e+00
9.499137881619512669e+00,9.497509374909141044e+00,-4.885520131114873266e-03,1.211498196269644723e-02,9.817229461831582071e+00
9.499098221292486599e+00,9.497509374909141044e+00,-4.766539150036663841e-03,1.189809810782094246e-02,9.817131558957784776e+00
9.499059274121355756e+00,9.497509374909141044e+00,-4.649697636644134491e-03,1.168415133925293503e-02,9.817034453702609298e+00
9.499021030395596199e+00,9.497509374909141044e+00,-4.534966459365463720e-03,1.147311772786707706e-02,9.816938151268502111e+00
9.498983480484962882e+00,9.497509374909141044e+00,-4.422316727465513964e-03,1.126497318999497566e-02,9.816842656462529959e+00
9.498946614839976377e+00,9.497509374909141044e+00,-4.311719792505996907e-03,1.105969349595170570e-02,9.816747973703446206e+00
9.498910423992359853e+00,9.497509374909141044e+00,-4.203147249656424833e-03,1.085725428495720735e-02,9.816654107035301280e+00
9.498874898555447643e+00,9.497509374909141044e+00,-4.096570938919796845e-03,1.065763107366279883e-02,9.816561060134743499e+00
9.498840029224547621e+00,9.497509374909141044e+00,-3.991962946219729247e-03,1.046079927000675980e-02,9.816468836323787528e+00
9.498805806777280480e+00,9.497509374909141044e+00,-3.889295604418308017e-03,1.026673418014212302e-02,9.816377438575724312e+00
9.498772222073871063e+00,9.497509374909141044e+00,-3.788541494190056369e-03,1.007541102282516476e-02,9.816286869528635606e+00
9.498739266057414810e+00,9.497509374909141044e+00,-3.689673444821295334e-03,9.886804936876103511e-03,9.816197131492055306e+00
9.498706929754106909e+00,9.497509374909141044e+00,-3.592664534897593853e-03,9.700890992370148069e-03,9.816108226457473052e+00
9.498675204273444805e+00,9.497509374909141044e+00,-3.497488092911282820e-03,9.517644198631103336e-03,9.816020156105720318e+00
9.498644080808393397e+00,9.497509374909141044e+00,-3.404117697757058636e-03,9.337039515422418390e-03,9.815932921817665857e+00
9.498613550635523595e+00,9.497509374909141044e+00,-3.312527179147650713e-03,9.159051860940792267e-03,9.815846524681793639e+00
9.498583605115122452e+00,9.497509374909141044e+00,-3.222690617944223845e-03,8.983656120342686791e-03,9.815760965502398960e+00
9.498554235691271330e+00,9.497509374909141044e+00,-3.134582346390857310e-03,8.810827155336653504e-03,9.815676244808946294e+00
9.498525433891900960e+00,9.497509374909141044e+00,-3.048176948279746057e-03,8.640539811111125346e-03,9.815592362862831877e+00
9.498497191328816314e+00,9.497509374909141044e+00,-2.963449259025807692e-03,8.472768925393836525e-03,9.815509319666368526e+00
9.498469499697698382e+00,9.497509374909141044e+00,-2.880374365672011550e-03,8.307489335379614204e-03,9.815427114969708100e+00
9.498442350778077525e+00,9.497509374909141044e+00,-2.798927606809442636e-03,8.144675886256891317e-03,9.815345748279447946e+00
9.498415736433285517e+00,9.497509374909141044e+00,-2.719084572433416724e-03,7.984303437602591202e-03,9.815265218865169672e+00
9.498389648610379155e+00,9.497509374909141044e+00,-2.640821103714330320e-03,7.826346871908640423e-03,9.815185525768194807e+00
9.498364079340049670e+00,9.497509374909141044e+00,-2.564113292725878068e-03,7.670781098845225188e-03,9.815106667806119844e+00
9.498339020736501936e+00,9.497509374909141044e+00,-2.488937482082675956e-03,7.517581064320211226e-03,9.815028643582238033e+00
9.498314464997312356e+00,9.497509374909141044e+00,-2.415270264513935672e-03,7.366721756874028415e-03,9.814951451492360590e+00
9.498290404403270770e+00,9.497509374909141044e+00,-2.343088482389177329e-03,7.218178212475834243e-03,9.814875089730087154e+00
9.498266831318202819e+00,9.497509374909141044e+00,-2.272369227185322416e-03,7.071925520385491382e-03,9.814799556293200666e+00
9.498243738188763885e+00,9.497509374909141044e+00,-2.203089838868521610e-03,6.927938831680080511e-03,9.814724848992812056e+00
9.498221117544224157e+00,9.497509374909141044e+00,-2.135227905249337255e-03,6.786193361918435585e-03,9.814650965456669596e+00
9.498198961996230594e+00,9.497509374909141044e+00,-2.068761261268647900e-03,6.646664398068935498e-03,9.814577903136800785e+00
9.498177264238551132e+00,9.497509374909141044e+00,-2.003667988230262154e-03,6.509327303838574608e-03,9.814505659315608810e+00
9.498156017046802901e+00,9.497509374909141044e+00,-1.939926412985570892e-03,6.374157524469126201e-03,9.814434231111484053e+00
9.498135213278166233e+00,9.497509374909141044e+00,-1.877515107075566902e-03,6.241130591000398908e-03,9.814363615483925329e+00
9.498114845871077350e+00,9.497509374909141044e+00,-1.816412885808915689e-03,6.110222126665121323e-03,9.814293809240856703e+00
9.498094907844912171e+00,9.497509374909141044e+00,-1.756598807313380917e-03,5.981407849553477263e-03,9.814224809042240594e+00
9.498075392299652364e+00,9.497509374909141044e+00,-1.698052171533959154e-03,5.854663577942176289e-03,9.814156611406408715e+00
9.498056292415531843e+00,9.497509374909141044e+00,-1.640752519172394841e-03,5.729965236156431274e-03,9.814089212716984534e+00
9.498037601452683276e+00,9.497509374909141044e+00,-1.584679630626695257e-03,5.607288854569958403e-03,9.814022609223943761e+00
9.498019312750757948e+00,9.497509374909141044e+00,-1.529813524850709427e-03,5.486610577598582950e-03,9.813956797052748371e+00
9.498001419728536732e+00,9.497509374909141044e+00,-1.476134458187061682e-03,5.367906666364774537e-03,9.813891772208178210e+00
9.497983915883537520e+00,9.497509374909141044e+00,-1.423622923189427070e-03,5.251153499763461241e-03,9.813827530576574532e+00
9.497966794791596001e+00,9.497509374909141044e+00,-1.372259647364870716e-03,5.136327582455635365e-03,9.813764067935091262e+00
9.497950050106448217e+00,9.497509374909141044e+00,-1.322025591921516252e-03,5.023405544335446393e-03,9.813701379952414428e+00
9.497933675559295352e+00,9.497509374909141044e+00,-1.272901950462923537e-03,4.912364145859271503e-03,9.813639462195396845e+00
9.497917664958361428e+00,9.497509374909141044e+00,-1.224870147661150099e-03,4.803180280177343775e-03,9.813578310132516691e+00
9.497902012188440324e+00,9.497509374909141044e+00,-1.177911837897838154e-03,4.695830976331194506e-03,9.813517919138433854e+00
9.497886711210433930e+00,9.497509374909141044e+00,-1.132008903878656270e-03,4.590293401918188465e-03,9.813458284498040030e+00
9.497871756060877857e+00,9.497509374909141044e+00,-1.087143455210437537e-03,4.486544866821873256e-03,9.813399401411611933e+00
9.497857140851461821e+00,9.497509374909141044e+00,-1.043297826962330532e-03,4.384562824810700477e-03,9.813341264997848867e+00
9.497842859768546475e+00,9.497509374909141044e+00,-1.000454578216292134e-03,4.284324874603839817e-03,9.813283870296388045e+00
9.497828907072660698e+00,9.497509374909141044e+00,-9.585964905589605678e-04,4.185808765733156633e-03,9.813227212275174693e+00
9.497815277098002440e+00,9.497509374909141044e+00,-9.177065665841865894e-04,4.088992397477397844e-03,9.813171285830893709e+00
9.497801964251927131e+00,9.497509374909141044e+00,-8.777680283582611764e-04,3.993853822592541292e-03,9.813116085794234777e+00
9.497788963014430763e+00,9.497509374909141044e+00,-8.387643158691560075e-04,3.900371248910516897e-03,9.813061606933041858e+00
9.497776267937627637e+00,9.497509374909141044e+00,-8.006790854597767293e-04,3.808523040937927817e-03,9.813007843955478648e+00
9.497763873645221011e+00,9.497509374909141044e+00,-7.634962082398999428e-04,3.718287721987678651e-03,9.812954791513748276e+00
9.497751774831964866e+00,9.497509374909141044e+00,-7.271997684714648358e-04,3.629643976843510700e-03,9.812902444208372543e+00
9.497739966263129219e+00,9.497509374909141044e+00,-6.917740619645229572e-04,3.542570650694187862e-03,9.812850796588730162e+00
9.497728442773953006e+00,9.497509374909141044e+00,-6.572035944358844972e-04,3.457046752863845995e-03,9.812799843158428459e+00
9.497717199269093413e+00,9.497509374909141044e+00,-6.234730798571064270e-04,3.373051457877807024e-03,9.812749578378021198e+00
9.497706230722071652e+00,9.497509374909141044e+00,-5.905674387918224966e-04,3.290564106528393040e-03,9.812699996667737068e+00
9.497695532174715183e+00,9.497509374909141044e+00,-5.584717967224150925e-04,3.209564206940740405e-03,9.812651092410218823e+00
9.497685098736599940e+00,9.497509374909141044e+00,-5.271714823766870950e-04,3.130031434572799753e-03,9.812602859952196610e+00
9.497674925584480121e+00,9.497509374909141044e+00,-4.966520260172302415e-04,3.051945635945685353e-03,9.812555293609928952e+00
9.497665007961721528e+00,9.497509374909141044e+00,-4.668991577414516314e-04,2.975286827577861004e-03,9.812508387669836907e+00
9.497655341177729582e+00,9.497509374909141044e+00,-4.378988057656130195e-04,2.900035197583861191e-03,9.812462136391818746e+00
9.497645920607377334e+00,9.497509374909141044e+00,-4.096370947088701087e-04,2.826171105674291084e-03,9.812416534010965918e+00
9.497636741690426376e+00,9.497509374909141044e+00,-3.821003438559955612e-04,2.753675085287454749e-03,9.812371574741431957e+00
9.497627799930949521e+00,9.497509374909141044e+00,-3.552750654254310803e-04,2.682527843056448091e-03,9.812327252777631514e+00
9.497619090896749938e+00,9.497509374909141044e+00,-3.291479628266813506e-04,2.612710259874972962e-03,9.812283562297048789e+00
9.497610610218780280e+00,9.497509374909141044e+00,-3.037059289177079791e-04,2.544203390897337158e-03,9.812240497461980127e+00
9.497602353590556490e+00,9.497509374909141044e+00,-2.789360442463362233e-04,2.476988467137175576e-03,9.812198052422891337e+00
9.497594316767575151e+00,9.497509374909141044e+00,-2.548255753023198622e-04,2.411046894401636109e-03,9.812156221319099814e+00
9.497586495566725517e+00,9.497509374909141044e+00,-2.313619727534188542e-04,2.346360254890100805e-03,9.812114998282137179e+00
9.497578885865705089e+00,9.497509374909141044e+00,-2.085328696921351366e-04,2.282910306128371758e-03,9.812074377436436734e+00
9.497571483602428088e+00,9.497509374909141044e+00,-1.863260798611321434e-04,2.220678983100299320e-03,9.812034352903239665e+00
9.497564284774441035e+00,9.497509374909141044e+00,-1.647295958999706045e-04,2.159648396116153890e-03,9.811994918800216681e+00
9.497557285438334773e+00,9.497509374909141044e+00,-1.437315875811862043e-04,2.099800831878440022e-03,9.811956069244297751e+00
9.497550481709152947e+00,9.497509374909141044e+00,-1.233204000357090990e-04,2.041118754547710523e-03,9.811917798354512499e+00
9.497543869759805801e+00,9.497509374909141044e+00,-1.034845519942706460e-04,1.983584804143845304e-03,9.811880100252150072e+00
9.497537445820483981e+00,9.497509374909141044e+00,-8.421273402881013226e-05,1.927181796546051373e-03,9.811842969062517739e+00
9.497531206178068786e+00,9.497509374909141044e+00,-6.549380678322336280e-05,1.871892724558676946e-03,9.811806398917775951e+00
9.497525147175544191e+00,9.497509374909141044e+00,-4.731679920944031892e-05,1.817700757378304388e-03,9.811770383958169361e+00
9.497519265211415984e+00,9.497509374909141044e+00,-2.967090682481909880e-05,1.764589238462122012e-03,9.811734918331637800e+00
9.497513556739120233e+00,9.497509374909141044e+00,-1.254548993756543496e-05,1.712541688725366384e-03,9.811699996198788298e+00
9.497508018266445973e+00,9.497509374909141044e+00,4.069928085215224201e-06,1.661541802278065916e-03,9.811665611730363779e+00
9.497502646354943678e+00,9.497509374909141044e+00,2.018566259209819691e-05,1.611573450688297271e-03,9.811631759113280893e+00
9.497497437619353278e+00,9.497509374909141044e+00,3.581186936330027493e-05,1.562620677120207802e-03,9.811598432546484005e+00
9.497492388727017953e+00,9.497509374909141044e+00,5.095854636927299453e-05,1.514667700597271960e-03,9.811565626246967042e+00
9.497487496397306828e+00,9.497509374909141044e+00,6.563553550265055492e-05,1.467698913337756039e-03,9.811533334448840904e+00
9.497482757401039422e+00,9.497509374909141044e+00,7.985252430486866615e-05,1.421698880221811123e-03,9.811501551404527177e+00
9.497478168559913669e+00,9.497509374909141044e+00,9.361904768212525596e-05,1.376652337725658981e-03,9.811470271385408282e+00
9.497473726745926825e+00,9.497509374909141044e+00,1.069444896426574587e-04,1.332544196053220276e-03,9.811439488685696375e+00
9.497469428880807030e+00,9.497509374909141044e+00,1.198380850020441812e-04,1.289359535938672252e-03,9.811409197620941214e+00
9.497465271935450204e+00,9.497509374909141044e+00,1.323089210725214571e-04,1.247083607047727583e-03,9.811379392528120746e+00
9.497461252929346287e+00,9.497509374909141044e+00,1.443659393842722238e-04,1.205701831175076677e-03,9.811350067770559846e+00
9.497457368930019683e+00,9.497509374909141044e+00,1.560179373640835365e-04,1.165199797981131269e-03,9.811321217735345712e+00
9.497453617052466157e+00,9.497509374909141044e+00,1.672735700246619217e-04,1.125563266057838518e-03,9.811292836836082998e+00
9.497449994458596834e+00,9.497509374909141044e+00,1.781413516326324498e-04,1.086778160797052806e-03,9.811264919512430183e+00
9.497446498356678646e+00,9.497509374909141044e+00,1.886296573871959481e-04,1.048830575456349834e-03,9.811237460232844043e+00
9.497443126000783664e+00,9.497509374909141044e+00,1.987467250721408618e-04,1.011706768494491371e-03,9.811210453493567130e+00
9.497439874690238426e+00,9.497509374909141044e+00,2.085006567078551143e-04,9.753931635714252479e-04,9.811183893820279778e+00
9.497436741769075041e+00,9.497509374909141044e+00,2.178994201980088974e-04,9.398763490153783096e-04,9.811157775769213885e+00
9.497433724625487628e+00,9.497509374909141044e+00,2.269508509602502500e-04,9.051430762241352568e-04,9.811132093927184883e+00
9.497430820691294073e+00,9.497509374909141044e+00,2.356626535409134249e-04,8.711802580663174922e-04,9.811106842911607728e+00
9.497428027441390697e+00,9.497509374909141044e+00,2.440424032510435381e-04,8.379749710130113272e-04,9.811082017374264552e+00
9.497425342393224668e+00,9.497509374909141044e+00,2.520975477491305128e-04,8.055144498086974636e-04,9.811057611997558325e+00
9.497422763106259325e+00,9.497509374909141044e+00,2.598354086451593048e-04,7.737860896028792013e-04,9.811033621498248536e+00
9.497420287181443044e+00,9.497509374909141044e+00,2.672631830940019881e-04,7.427774448842683341e-04,9.811010040627978768e+00
9.497417912260690542e+00,9.497509374909141044e+00,2.743879453515063460e-04,7.124762257504357876e-04,9.810986864171102440e+00
9.497415636026353525e+00,9.497509374909141044e+00,2.812166483625588853e-04,6.828703011052539296e-04,9.810964086949468310e+00
9.497413456200712645e+00,9.497509374909141044e+00,2.877561252851990048e-04,6.539476922640119483e-04,9.810941703817549708e+00
9.497411370545453480e+00,9.497509374909141044e+00,2.940130910626947980e-04,6.256965777495793191e-04,9.810919709668812771e+00
9.497409376861160268e+00,9.497509374909141044e+00,2.999941439423281508e-04,5.981052879633352859e-04,9.810898099431906161e+00
9.497407472986811428e+00,9.497509374909141044e+00,3.057057669888507689e-04,5.711623046522618097e-04,9.810876868071641610e+00
9.497405656799269735e+00,9.497509374909141044e+00,3.111543296139274162e-04,5.448562625076647237e-04,9.810856010592122090e+00
9.497403926212786729e+00,9.497509374909141044e+00,3.163460890629465894e-04,5.191759449019173189e-04,9.810835522033965361e+00
9.497402279178507101e+00,9.497509374909141044e+00,3.212871919018311928e-04,4.941102838884603443e-04,9.810815397475790789e+00
9.497400713683974871e+00,9.497509374909141044e+00,3.259836754985201424e-04,4.696483596688949547e-04,9.810795632035167912e+00
9.497399227752646667e+00,9.497509374909141044e+00,3.304414694831336874e-04,4.457793984613545035e-04,9.810776220867944986e+00
9.497397819443404998e+00,9.497509374909141044e+00,3.346663972081387328e-04,4.224927725005045431e-04,9.810757159169709141e+00
9.497396486850080422e+00,9.497509374909141044e+00,3.386641771818688085e-04,3.997779973730075653e-04,9.810738442174555374e+00
9.497395228100973696e+00,9.497509374909141044e+00,3.424404245020440385e-04,3.776247320175230016e-04,9.810720065156520064e+00
9.497394041358381500e+00,9.497509374909141044e+00,3.460006522786329697e-04,3.560227776588931192e-04,9.810702023429938023e+00
9.497392924818132798e+00,9.497509374909141044e+00,3.493502730247399768e-04,3.349620746107007108e-04,9.810684312347635938e+00
9.497391876709118108e+00,9.497509374909141044e+00,3.524946000688089498e-04,3.144327044068973009e-04,9.810666927304476204e+00
9.497390895292834756e+00,9.497509374909141044e+00,3.554388489188653466e-04,2.944248850056396805e-04,9.810649863733925002e+00
9.497389978862925020e+00,9.497509374909141044e+00,3.581881386480745277e-04,2.749289729209181132e-04,9.810633117111569490e+00
9.497389125744726712e+00,9.497509374909141044e+00,3.607474932429965975e-04,2.559354594922069737e-04,9.810616682952735701e+00
9.497388334294823764e+00,9.497509374909141044e+00,3.631218429518412449e-04,2.374349708844647466e-04,9.810600556813836803e+00
9.497387602900602133e+00,9.497509374909141044e+00,3.653160256167353737e-04,2.194182664894128720e-04,9.810584734292106646e+00
9.497386929979809267e+00,9.497509374909141044e+00,3.673347879953325901e-04,2.018762378597216411e-04,9.810569211025855552e+00
9.497386313980118899e+00,9.497509374909141044e+00,3.691827870664354805e-04,1.847999071102890412e-04,9.810553982694177222e+00
9.497385753378697615e+00,9.497509374909141044e+00,3.708645913302888175e-04,1.681804263853337034e-04,9.810539045017716120e+00
9.497385246681778526e+00,9.497509374909141044e+00,3.723846820875564845e-04,1.520090757267666959e-04,9.810524393757814821e+00
9.497384792424234945e+00,9.497509374909141044e+00,3.737474547182983997e-04,1.362772630741915236e-04,9.810510024717792987e+00
9.497384389169162944e+00,9.497509374909141044e+00,3.749572199343020884e-04,1.209765216003688693e-04,9.810495933741535168e+00
9.497384035507465683e+00,9.497509374909141044e+00,3.760182050260851838e-04,1.060985091783095413e-04,9.810482116714204892e+00
9.497383730057439521e+00,9.497509374909141044e+00,3.769345551045688580e-04,9.163500784836742241e-05,9.810468569562953434e+00
9.497383471464369009e+00,9.497509374909141044e+00,3.777103343161059001e-04,7.757792115370421016e-05,9.810455288255470307e+00
9.497383258400125428e+00,9.497509374909141044e+00,3.783495270468506533e-04,6.391927307447531348e-05,9.810442268800121823e+00
9.497383089562761782e+00,9.497509374909141044e+00,3.788560391377870928e-04,5.065120909364395629e-05,9.810429507248231928e+00
9.497382963676122003e+00,9.497509374909141044e+00,3.792336990571243405e-04,3.776599193372476293e-05,9.810416999690991346e+00
9.497382879489451923e+00,9.497509374909141044e+00,3.794862590673631075e-04,2.525600102387670631e-05,9.810404742260091737e+00
9.497382835777006704e+00,9.497509374909141044e+00,3.796173964030202796e-04,1.311373356571721160e-05,9.810392731129969235e+00
9.497382831337676024e+00,9.497509374909141044e+00,3.796307143950627960e-04,1.331799204251638002e-06,9.810380962513599812e+00
9.497382864994596829e+00,9.497509374909141044e+00,3.795297436326450224e-04,-1.009707624177735852e-05,9.810369432667391365e+00
9.497382935594783859e+00,9.497509374909141044e+00,3.793179430715554190e-04,-2.118005610896034341e-05,9.810358137886963092e+00
9.497383042008758380e+00,9.497509374909141044e+00,3.789987011479922785e-04,-3.192419235631405172e-05,9.810347074508792176e+00
9.497383183130184037e+00,9.497509374909141044e+00,3.785753368710231825e-04,-4.233642769690959540e-05,9.810336238909174611e+00
9.497383357875500920e+00,9.497509374909141044e+00,3.780511009203735284e-04,-5.242359506496541144e-05,9.810325627505855905e+00
9.497383565183568521e+00,9.497509374909141044e+00,3.774291767175697032e-04,-6.219242028038252101e-05,9.810315236756437685e+00
9.497383804015312236e+00,9.497509374909141044e+00,3.767126814864241169e-04,-7.164952311455863310e-05,9.810305063158372363e+00
9.497384073353371647e+00,9.497509374909141044e+00,3.759046673081911649e-04,-8.080141782329519629e-05,9.810295103249485393e+00
9.497384372201755909e+00,9.497509374909141044e+00,3.750081221554069089e-04,-8.965451527842560608e-05,9.810285353606877479e+00
9.497384699585500911e+00,9.497509374909141044e+00,3.740259709203996863e-04,-9.821512350072225672e-05,9.810275810847420175e+00
9.497385054550329997e+00,9.497509374909141044e+00,3.729610764331425798e-04,-1.064894487257106448e-04,9.810266471627707929e+00
9.497385436162321781e+00,9.497509374909141044e+00,3.718162404577896041e-04,-1.144835975352975765e-04,9.810257332642922989e+00
9.497385843507577974e+00,9.497509374909141044e+00,3.705942046892118924e-04,-1.222035768577711679e-04,9.810248390627831938e+00
9.497386275691898305e+00,9.497509374909141044e+00,3.692976517282176019e-04,-1.296552960994290515e-04,9.810239642355629286e+00
9.497386731840453677e+00,9.497509374909141044e+00,3.679292060621008886e-04,-1.368445666116713255e-04,9.810231084639450927e+00
9.497387211097473525e+00,9.497509374909141044e+00,3.664914350025583190e-04,-1.437771059542569674e-04,9.810222714329048799e+00
9.497387712625926071e+00,9.497509374909141044e+00,3.649868496449215627e-04,-1.504585357636756271e-04,9.810214528313881743e+00
9.497388235607209239e+00,9.497509374909141044e+00,3.634179057954156633e-04,-1.568943849505899379e-04,9.810206523520845323e+00
9.497388779240845125e+00,9.497509374909141044e+00,3.617870048877591671e-04,-1.630900907656496202e-04,9.810198696914122607e+00
9.497389342744172680e+00,9.497509374909141044e+00,3.600964949050933228e-04,-1.690509982665844291e-04,9.810191045496639006e+00
9.497389925352049289e+00,9.497509374909141044e+00,3.583486712752659287e-04,-1.747823629827394143e-04,9.810183566308293024e+00
9.497390526316555892e+00,9.497509374909141044e+00,3.565457777554570384e-04,-1.802893519808890233e-04,9.810176256425775065e+00
9.497391144906705662e+00,9.497509374909141044e+00,3.546900073061465264e-04,-1.855770449310512049e-04,9.810169112962375593e+00
9.497391780408150908e+00,9.497509374909141044e+00,3.527835029704107228e-04,-1.906504335735803579e-04,9.810162133069397328e+00
9.497392432122904182e+00,9.497509374909141044e+00,3.508283587105864854e-04,-1.955144259824237452e-04,9.810155313932728660e+00
9.497393099369050518e+00,9.497509374909141044e+00,3.488266202715806230e-04,-2.001738439005862347e-04,9.810148652776371492e+00
9.497393781480473862e+00,9.497509374909141044e+00,3.467802860015467559e-04,-2.046334270033867142e-04,9.810142146858998657e+00
9.497394477806583524e+00,9.497509374909141044e+00,3.446913076725621750e-04,-2.088978328984580912e-04,9.810135793474774601e+00
9.497395187712040610e+00,9.497509374909141044e+00,3.425615913013047020e-04,-2.129716371257472929e-04,9.810129589954176055e+00
9.497395910576493350e+00,9.497509374909141044e+00,3.403929979430841968e-04,-2.168593358220505252e-04,9.810123533662121531e+00
9.497396645794312420e+00,9.497509374909141044e+00,3.381873444858740640e-04,-2.205653457210132729e-04,9.810117621998765358e+00
9.497397392774331593e+00,9.497509374909141044e+00,3.359464044283555495e-04,-2.240940057518514550e-04,9.810111852398677001e+00
9.497398150939590167e+00,9.497509374909141044e+00,3.336719086526329647e-04,-2.274495775722584767e-04,9.810106222331080872e+00
9.497398919727082500e+00,9.497509374909141044e+00,3.313655461756326304e-04,-2.306362477000334366e-04,9.810100729298476097e+00
9.497399698587503991e+00,9.497509374909141044e+00,3.290289649111599601e-04,-2.336581264472670227e-04,9.810095370838464390e+00
9.497400486985009493e+00,9.497509374909141044e+00,3.266637723946530514e-04,-2.365192516506908760e-04,9.810090144520744460e+00
9.497401284396966403e+00,9.497509374909141044e+00,3.242715365239234870e-04,-2.392235870729564340e-04,9.810085047949451464e+00
9.497402090313718404e+00,9.497509374909141044e+00,3.218537862679227146e-04,-2.417750256000772424e-04,9.810080078760668343e+00
9.497402904238347432e+00,9.497509374909141044e+00,3.194120123808374956e-04,-2.441773887085219030e-04,9.810075234623672813e+00
9.497403725686439202e+00,9.497509374909141044e+00,3.169476681055272138e-04,-2.464344275310281773e-04,9.810070513240574996e+00
9.497404554185854053e+00,9.497509374909141044e+00,3.144621698609739724e-04,-2.485498244553241420e-04,9.810065912345406147e+00
9.497405389276503129e+00,9.497509374909141044e+00,3.119568979137454789e-04,-2.505271947228493445e-04,9.810061429703191394e+00
9.497406230510122782e+00,9.497509374909141044e+00,3.094331970547870014e-04,-2.523700858958477511e-04,9.810057063111159437e+00
9.497407077450054302e+00,9.497509374909141044e+00,3.068923772602261124e-04,-2.540819794560889022e-04,9.810052810397804635e+00
9.497407929671025428e+00,9.497509374909141044e+00,3.043357143468483628e-04,-2.556662913377749646e-04,9.810048669423009571e+00
9.497408786758938959e+00,9.497509374909141044e+00,3.017644506062566734e-04,-2.571263740591689384e-04,9.810044638076547585e+00
9.497409648310659591e+00,9.497509374909141044e+00,2.991797954443597973e-04,-2.584655161896876052e-04,9.810040714279255170e+00
9.497410513933807863e+00,9.497509374909141044e+00,2.965829259995445000e-04,-2.596869444815297356e-04,9.810036895981518512e+00
9.497411383246554095e+00,9.497509374909141044e+00,2.939749877608477391e-04,-2.607938238696760891e-04,9.810033181163891669e+00
9.497412255877417664e+00,9.497509374909141044e+00,2.913570951701416334e-04,-2.617892590706105693e-04,9.810029567836100028e+00
9.497413131465064495e+00,9.497509374909141044e+00,2.887303322296475017e-04,-2.626762940494131726e-04,9.810026054038180732e+00
9.497414009658115219e+00,9.497509374909141044e+00,2.860957530774754787e-04,-2.634579152172022987e-04,9.810022637837860771e+00
9.497414890114949770e+00,9.497509374909141044e+00,2.834543825738222722e-04,-2.641370503653206470e-04,9.810019317332208999e+00
9.497415772503517317e+00,9.497509374909141044e+00,2.808072168711817085e-04,-2.647165702640563723e-04,9.810016090646607623e+00
9.497416656501149745e+00,9.497509374909141044e+00,2.781552239738971366e-04,-2.651992897284571882e-04,9.810012955934245937e+00
9.497417541794375140e+00,9.497509374909141044e+00,2.754993442977138329e-04,-2.655879676183303673e-04,9.810009911376679881e+00
9.497418428078738373e+00,9.497509374909141044e+00,2.728404912080151234e-04,-2.658853089698709482e-04,9.810006955182238642e+00
9.497419315058619915e+00,9.497509374909141044e+00,2.701795515633875766e-04,-2.660939644627546841e-04,9.810004085587101130e+00
9.497420202447059978e+00,9.497509374909141044e+00,2.675173862431989846e-04,-2.662165320188591977e-04,9.810001300854224837e+00
9.497421089965586205e+00,9.497509374909141044e+00,2.648548306645182038e-04,-2.662555578680780854e-04,9.809998599272796937e+00
9.497421977344039590e+00,9.497509374909141044e+00,2.621926953043640651e-04,-2.662135360154138652e-04,9.809995979159289448e+00
9.497422864320409275e+00,5.026809071115726724e+00,-1.341184137961404765e+01,0.000000000000000000e+00,0.000000000000000000e+00
9.496442751296777729e+00,5.026809071115726724e+00,-1.340890104054315302e+01,2.940339070894637530e-01,0.000000000000000000e+00
9.494481638273146729e+00,5.026809071115726724e+00,-1.340301770147226001e+01,5.883339070893001121e-01,0.000000000000000000e+00
9.491539525249516274e+00,5.026809071115726724e+00,-1.339419136240136865e+01,8.826339070891364713e-01,0.000000000000000000e+00
9.487616412225884588e+00,5.026809071115726724e+00,-1.338242202333047359e+01,1.176933907089505738e+00,0.000000000000000000e+00
9.482712299202253448e+00,5.026809071115726724e+00,-1.336770968425958017e+01,1.471233907089342097e+00,0.000000000000000000e+00
9.476827186178622853e+00,5.026809071115726724e+00,-1.335005434518868839e+01,1.765533907089178456e+00,0.000000000000000000e+00
9.469961073154991027e+00,5.026809071115726724e+00,-1.332945600611779291e+01,2.059833907089547722e+00,0.000000000000000000e+00
9.462113960131359747e+00,5.026809071115726724e+00,-1.330591466704689907e+01,2.354133907089384081e+00,0.000000000000000000e+00
9.453285847107729012e+00,5.026809071115726724e+00,-1.327943032797600686e+01,2.648433907089220440e+00,0.000000000000000000e+00
9.443476734084097046e+00,5.026809071115726724e+00,-1.325000298890511097e+01,2.942733907089589707e+00,0.000000000000000000e+00
9.432686621060465626e+00,5.026809071115726724e+00,-1.321763264983421671e+01,3.237033907089426066e+00,0.000000000000000000e+00
9.420915508036834751e+00,5.026809071115726724e+00,-1.318231931076332408e+01,3.531333907089262425e+00,1.590145963259388395e-01
9.408179296472836128e+00,5.026809071115726724e+00,-1.314411067607132821e+01,3.820863469199586859e+00,4.867527931282591425e-01
9.394510760188151011e+00,5.026809071115726724e+00,-1.310310506721727286e+01,4.100560885405535316e+00,8.074558181882629526e-01
9.379941969485283693e+00,5.026809071115726724e+00,-1.305939869510867091e+01,4.370637210860195410e+00,1.121238515751525000e+00
9.364504302633992694e+00,5.026809071115726724e+00,-1.301308569455479791e+01,4.631300055387299608e+00,1.428214360832502194e+00
9.348228457218784371e+00,5.026809071115726724e+00,-1.296425815830917294e+01,4.882753624562496952e+00,1.728495466253324508e+00
9.331144461350200814e+00,5.026809071115726724e+00,-1.291300617070342227e+01,5.125198760575067070e+00,2.022192589871645296e+00
9.313281684740605471e+00,5.026809071115726724e+00,-1.285941784087463624e+01,5.358832982878602991e+00,2.309415142003967247e+00
9.294668849645210784e+00,5.026809071115726724e+00,-1.280357933558845218e+01,5.583850528618405917e+00,2.590271193029954233e+00
9.275334041669118790e+00,5.026809071115726724e+00,-1.274557491166017620e+01,5.800442392827598326e+00,2.864867481167422625e+00
9.255304720441143829e+00,5.026809071115726724e+00,-1.268548694797625132e+01,6.008796368392488318e+00,3.133309420416237501e+00
9.234607730155209637e+00,5.026809071115726724e+00,-1.262339597711844874e+01,6.209097085780257430e+00,3.395701108661809187e+00
9.213269309980141486e+00,5.026809071115726724e+00,-1.255938071659324429e+01,6.401526052520445376e+00,3.652145335927201586e+00
9.191315104338666941e+00,5.026809071115726724e+00,-1.249351809966882065e+01,6.586261692442363369e+00,3.902743592773543213e+00
9.168770173056469019e+00,5.026809071115726724e+00,-1.242588330582222689e+01,6.763479384659376592e+00,4.147596078837150202e+00
9.145659001382155040e+00,5.026809071115726724e+00,-1.235654979079928495e+01,6.933351502294193835e+00,4.386801711494909384e+00
9.122005509878990281e+00,5.026809071115726724e+00,-1.228558931628979067e+01,7.096047450949427571e+00,4.620458134659637395e+00
9.097833064189291719e+00,5.026809071115726724e+00,-1.221307197922069498e+01,7.251733706909568866e+00,4.848661727688874379e+00
9.073164484672361141e+00,5.026809071115726724e+00,-1.213906624066990325e+01,7.400573855079173313e+00,5.071507614409270559e+00
9.048022055916872475e+00,5.026809071115726724e+00,-1.206363895440343725e+01,7.542728626646599821e+00,5.289089672243163065e+00
9.022427536128608594e+00,5.026809071115726724e+00,-1.198685539503864561e+01,7.678355936479164257e+00,5.501500541440519143e+00
8.996402166394487310e+00,5.026809071115726724e+00,-1.190877928583628176e+01,7.807610920236385255e+00,5.708831634400103994e+00
8.969966679823807354e+00,5.026809071115726724e+00,-1.182947282612424189e+01,7.930645971203986733e+00,5.911173145079745339e+00
8.943141310567634505e+00,5.026809071115726724e+00,-1.174899671835572335e+01,8.047610776851854553e+00,6.108614058496131705e+00
8.915945802717311963e+00,5.026809071115726724e+00,-1.166741019480475572e+01,8.158652355096762676e+00,6.301242160292007455e+00
8.888399419083018671e+00,5.026809071115726724e+00,-1.158477104390187584e+01,8.263915090287987653e+00,6.489144046386112308e+00
8.860520949853363248e+00,5.026809071115726724e+00,-1.150113563621290957e+01,8.363540768896626787e+00,6.672405132683717710e+00
8.832328721136976313e+00,5.026809071115726724e+00,-1.141655895006374877e+01,8.457668614916080685e+00,6.851109664852332415e+00
8.803840603387074637e+00,5.026809071115726724e+00,-1.133109459681404374e+01,8.546435324970502734e+00,7.025340728156459491e+00
8.775074019709988349e+00,5.026809071115726724e+00,-1.124479484578278488e+01,8.629975103125886449e+00,7.195180257343102070e+00
8.746045954058637051e+00,5.026809071115726724e+00,-1.115771064882873098e+01,8.708419695405389405e+00,7.360709046576658920e+00
8.716772959311942515e+00,5.026809071115726724e+00,-1.106989166458864737e+01,8.781898424008360848e+00,7.522006759419713973e+00
8.687271165241190474e+00,5.026809071115726724e+00,-1.098138628237639125e+01,8.850538221225612290e+00,7.679151938849221537e+00
8.657556286364323839e+00,5.026809071115726724e+00,-1.089224164574579135e+01,8.914463663059990495e+00,7.832222017314199647e+00
8.627643629689188742e+00,5.026809071115726724e+00,-1.080250367572038606e+01,8.973797002540528922e+00,7.981293326820143363e+00
8.597548102346735277e+00,5.026809071115726724e+00,-1.071221709369302566e+01,9.028658202736039584e+00,8.126441109043014421e+00
8.567284219115185451e+00,5.026809071115726724e+00,-1.062142544399837618e+01,9.079164969464947887e+00,8.267739525466572204e+00
8.536866109836182659e+00,5.026809071115726724e+00,-1.053017111616136781e+01,9.125432783700837547e+00,8.405261667539470238e+00
8.506307526723933421e+00,5.026809071115726724e+00,-1.043849536682462009e+01,9.167574933674771387e+00,8.539079566850151792e+00
8.475621851568369891e+00,5.026809071115726724e+00,-1.034643834135792950e+01,9.205702546669058961e+00,8.669264205311129956e+00
8.444822102833336785e+00,5.026809071115726724e+00,-1.025403909515283019e+01,9.239924620509931685e+00,8.795885525357101997e+00
8.413920942650840118e+00,5.026809071115726724e+00,-1.016133561460534018e+01,9.270348054749000255e+00,8.919012440143660569e+00
8.382930683712357833e+00,5.026809071115726724e+00,-1.006836483778989333e+01,9.297077681544685390e+00,9.038712843754792559e+00
8.351863296058251507e+00,5.026809071115726724e+00,-9.975162674827574349e+00,9.320216296231897957e+00,9.155053621404324105e+00
8.320730413766284528e+00,5.026809071115726724e+00,-9.881764027951673413e+00,9.339864687590093695e+00,9.268100659638420780e+00
8.289543341540282384e+00,5.026809071115726724e+00,-9.788202811273666981e+00,9.356121667800643138e+00,9.377918856526976654e+00
8.258313061199931582e+00,5.026809071115726724e+00,-9.694511970252614574e+00,9.369084102105240675e+00,9.484572131852626597e+00
8.227050238072767030e+00,5.026809071115726724e+00,-9.600723500871120919e+00,9.378846938149365542e+00,9.588123437278245120e+00
8.195765227289330213e+00,5.026809071115726724e+00,-9.506868468520810467e+00,9.385503235031045222e+00,9.688634766510235252e+00
8.164468079982544424e+00,5.026809071115726724e+00,-9.412977026600453101e+00,9.389144192035736580e+00,9.786167165435283977e+00
8.133168549392301827e+00,5.026809071115726724e+00,-9.319078434829725310e+00,9.389859177072779062e+00,9.880780742243054249e+00
8.101876096876283739e+00,5.026809071115726724e+00,-9.225201077281671047e+00,9.387735754805426325e+00,9.972534677523755775e+00
8.070599897828017788e+00,5.026809071115726724e+00,-9.131372480136873193e+00,9.382859714479785396e+00,1.006148723434291270e+01
8.039348847503186235e+00,5.026809071115726724e+00,-9.037619329162378534e+00,9.375315097449465895e+00,1.014769576828708786e+01
8.008131566755183783e+00,5.026809071115726724e+00,-8.943967486918371179e+00,9.365184224400735502e+00,1.023121673748236482e+01
7.976956407680929395e+00,5.026809071115726724e+00,-8.850442009695608903e+00,9.352547722276316478e+00,1.031210571258070807e+01
7.945831459177933098e+00,5.026809071115726724e+00,-8.757067164186619124e+00,9.337484550898889069e+00,1.039041738671227044e+01
7.914764552413608101e+00,5.026809071115726724e+00,-8.663866443893644131e+00,9.320072029297499228e+00,1.046620558540385559e+01
7.883763266207822973e+00,5.026809071115726724e+00,-8.570862585276287859e+00,9.300385861735538384e+00,1.053952327645925102e+01
7.852834932329684214e+00,5.026809071115726724e+00,-8.478077583641873360e+00,9.278500163441627535e+00,1.061042257979975467e+01
7.821986640709525318e+00,5.026809071115726724e+00,-8.385532708781395783e+00,9.254487486047668909e+00,1.067895477726627362e+01
7.791225244567092645e+00,5.026809071115726724e+00,-8.293248520354097764e+00,9.228418842729801952e+00,1.074517032237570469e+01
7.760557365456898005e+00,5.026809071115726724e+00,-8.201244883023512955e+00,9.200363733058392057e+00,1.080911885003487960e+01
7.729989398231706943e+00,5.026809071115726724e+00,-8.109540981347940658e+00,9.170390167557318506e+00,1.087084918620937835e+01
7.699527515925137067e+00,5.026809071115726724e+00,-8.018155334428231029e+00,9.138564691970962883e+00,1.093040935754273235e+01
7.669177674554321200e+00,5.026809071115726724e+00,-7.927105810315783430e+00,9.104952411244759958e+00,1.098784660092897703e+01
7.638945617843598157e+00,5.026809071115726724e+00,-7.836409640183614300e+00,9.069617013216912937e+00,1.104320737303329913e+01
7.608836881870178814e+00,5.026809071115726724e+00,-7.746083432263356272e+00,9.032620792025802814e+00,1.109653735976244704e+01
7.578856799632735175e+00,5.026809071115726724e+00,-7.656143185551025354e+00,8.994024671233091794e+00,1.114788148568206694e+01
7.549010505543860106e+00,5.026809071115726724e+00,-7.566604303284400146e+00,8.953888226662520822e+00,1.119728392337812117e+01
7.519302939847322342e+00,5.026809071115726724e+00,-7.477481606194786856e+00,8.912269708961328973e+00,1.124478810276654173e+01
7.489738852961061788e+00,5.026809071115726724e+00,-7.388789345536005193e+00,8.869226065878166310e+00,1.129043672034216073e+01
7.460322809746835482e+00,5.026809071115726724e+00,-7.300541215893326275e+00,8.824812964267891857e+00,1.133427174837456519e+01
7.431059193707445942e+00,5.026809071115726724e+00,-7.212750367775157656e+00,8.779084811816861844e+00,1.137633444404170469e+01
7.401952211112460489e+00,5.026809071115726724e+00,-7.125429419990201296e+00,8.732094778495635978e+00,1.141666535850543518e+01
7.373005895053325709e+00,5.026809071115726724e+00,-7.038590471812796956e+00,8.683894817740434036e+00,1.145530434592763669e+01
7.344224109428783898e+00,5.026809071115726724e+00,-6.952245114939171522e+00,8.634535687362543399e+00,1.149229057242337149e+01
7.315610552861484095e+00,5.026809071115726724e+00,-6.866404445237272114e+00,8.584066970189940804e+00,1.152766252495266919e+01
7.287168762546680334e+00,5.026809071115726724e+00,-6.781079074292860831e+00,8.532537094441128289e+00,1.156145802014826884e+01
7.258902118033891071e+00,5.026809071115726724e+00,-6.696279140754493042e+00,8.479993353836778880e+00,1.159371421308228634e+01
7.230813844942409752e+00,5.026809071115726724e+00,-6.612014321480049084e+00,8.426481927444395836e+00,1.162446760596434814e+01
7.202907018611525380e+00,5.026809071115726724e+00,-6.528293842487395970e+00,8.372047899265311344e+00,1.165375405677791676e+01
7.175184567686318182e+00,5.026809071115726724e+00,-6.445126489711774376e+00,8.316735277562159467e+00,1.168160878785038648e+01
7.147649277639896326e+00,5.026809071115726724e+00,-6.362520619572508807e+00,8.260587013926556921e+00,1.170806639435404861e+01
7.120303794232910377e+00,5.026809071115726724e+00,-6.280484169351550960e+00,8.203645022095784611e+00,1.173316085274423415e+01
7.093150626911198131e+00,5.026809071115726724e+00,-6.199024667386414222e+00,8.145950196513673802e+00,1.175692552912726008e+01
7.066192152142399152e+00,5.026809071115726724e+00,-6.118149243080017285e+00,8.087542430639693691e+00,1.177939318755967690e+01
7.039430616692356146e+00,5.026809071115726724e+00,-6.037864636729888268e+00,8.028460635012901747e+00,1.180059599828301486e+01
7.012868140842141607e+00,5.026809071115726724e+00,-5.958177209179244649e+00,7.968742755064361916e+00,1.182056554588511688e+01
6.986506721546515308e+00,5.026809071115726724e+00,-5.879092951292365754e+00,7.908425788687889479e+00,1.183933283739552422e+01
6.960348235534628003e+00,5.026809071115726724e+00,-5.800617493256703838e+00,7.847545803566191580e+00,1.185692831030948824e+01
6.934394442353772448e+00,5.026809071115726724e+00,-5.722756113714137172e+00,7.786137954256666660e+00,1.187338184054252999e+01
6.908646987356970470e+00,5.026809071115726724e+00,-5.645513748723731240e+00,7.724236499040593174e+00,1.188872275031686243e+01
6.883107404635200766e+00,5.026809071115726724e+00,-5.568895000558422126e+00,7.661874816530911403e+00,1.190297981597248977e+01
6.857777119895027695e+00,5.026809071115726724e+00,-5.492904146337902915e+00,7.599085422051921057e+00,1.191618127571401864e+01
6.832657453282426019e+00,5.026809071115726724e+00,-5.417545146500097886e+00,7.535899983780502964e+00,1.192835483728040558e+01
6.807749622153552949e+00,5.026809071115726724e+00,-5.342821653113478675e+00,7.472349338661921081e+00,1.193952768554844290e+01
6.783054743793234920e+00,5.026809071115726724e+00,-5.268737018032524588e+00,7.408463508095408656e+00,1.194972649006288457e+01
6.758573838081923135e+00,5.026809071115726724e+00,-5.195294300898589235e+00,7.344271713393535350e+00,1.195897741249494572e+01
6.734307830111860405e+00,5.026809071115726724e+00,-5.122496276988401043e+00,7.279802391018819208e+00,1.196730611403041777e+01
6.710257552753200905e+00,5.026809071115726724e+00,-5.050345444912422543e+00,7.215083207597849935e+00,1.197473776268542878e+01
6.686423749170809394e+00,5.026809071115726724e+00,-4.978844034165248011e+00,7.150141074717453193e+00,1.198129704055220657e+01
6.662807075292473513e+00,5.026809071115726724e+00,-4.907994012530240369e+00,7.085002163500764283e+00,1.198700815097052441e+01
6.639408102229234387e+00,5.026809071115726724e+00,-4.837797093340522991e+00,7.019691918971737721e+00,1.199189482563121523e+01
6.616227318648558509e+00,5.026809071115726724e+00,-4.768254742598495355e+00,6.954235074202763656e+00,1.199598033160426880e+01
6.593265133101043673e+00,5.026809071115726724e+00,-4.699368185955950850e+00,6.888655664254450528e+00,1.199928747829850018e+01
6.570521876301357977e+00,5.026809071115726724e+00,-4.631138415556893762e+00,6.822977039905708807e+00,1.200183862434881554e+01
6.547997803364107305e+00,5.026809071115726724e+00,-4.563566196745141745e+00,6.757221881175201617e+00,1.200365568443006126e+01
6.525693095995300119e+00,5.026809071115726724e+00,-4.496652074638720187e+00,6.691412210642155856e+00,1.200476013600343705e+01
6.503607864640092551e+00,5.026809071115726724e+00,-4.430396380573097481e+00,6.625569406562270558e+00,1.200517302598917269e+01
6.481742150587484375e+00,5.026809071115726724e+00,-4.364799238415272953e+00,6.559714215782452840e+00,1.200491497736718038e+01
6.460095928032612456e+00,5.026809071115726724e+00,-4.299860570750657196e+00,6.493866766461575679e+00,1.200400619571091809e+01
6.438669106097312245e+00,5.026809071115726724e+00,-4.235580104944756563e+00,6.428046580590063286e+00,1.200246647564530633e+01
6.417461530809576153e+00,5.026809071115726724e+00,-4.171957379081548289e+00,6.362272586320827372e+00,1.200031520723927869e+01
6.396472987042564284e+00,5.026809071115726724e+00,-4.108991747780512682e+00,6.296563130103560724e+00,1.199757138232304854e+01
6.375703200413784799e+00,5.026809071115726724e+00,-4.046682387894174227e+00,6.230935988633845568e+00,1.199425360073967184e+01
6.355151839145078974e+00,5.026809071115726724e+00,-3.985028304088056750e+00,6.165408380611747674e+00,1.199038007652369231e+01
6.334818515884025558e+00,5.026809071115726724e+00,-3.924028334304896504e+00,6.099996978316024610e+00,1.198596864401112860e+01
6.314702789487373735e+00,5.026809071115726724e+00,-3.863681155114941035e+00,6.034717918995546881e+00,1.198103676388060634e+01
6.294804166767109521e+00,5.026809071115726724e+00,-3.803985286954148393e+00,5.969586816079264224e+00,1.197560152912511633e+01
6.275122104199757800e+00,5.026809071115726724e+00,-3.744939099252093229e+00,5.904618770205516398e+00,1.196967967095342367e+01
6.255656009599501743e+00,5.026809071115726724e+00,-3.686540815451325059e+00,5.839828380076816927e+00,1.196328756462549237e+01
6.236405243755707595e+00,5.026809071115726724e+00,-3.628788517919942613e+00,5.775229753138244604e+00,1.195644123521830338e+01
6.217369122035435680e+00,5.026809071115726724e+00,-3.571680152759126869e+00,5.710836516081574388e+00,1.194915636332244802e+01
6.198546915951496317e+00,5.026809071115726724e+00,-3.515213534507308779e+00,5.646661825181809036e+00,1.194144829067450075e+01
6.179937854696624377e+00,5.026809071115726724e+00,-3.459386350742692962e+00,5.582718376461581755e+00,1.193333202571889018e+01
6.161541126644324073e+00,5.026809071115726724e+00,-3.404196166585792049e+00,5.519018415690091217e+00,1.192482224910429878e+01
6.143355880816933734e+00,5.026809071115726724e+00,-3.349640429103621031e+00,5.455573748217101837e+00,1.191593331911348130e+01
6.125381228321455040e+00,5.026809071115726724e+00,-3.295716471617184951e+00,5.392395748643608044e+00,1.190667927702642359e+01
6.107616243753678731e+00,5.026809071115726724e+00,-3.242421517913856022e+00,5.329495370332892890e+00,1.189707385241903737e+01
6.090059966571145011e+00,5.026809071115726724e+00,-3.189752686366254864e+00,5.266883154760115815e+00,1.188713046839386145e+01
6.072711402435450267e+00,5.026809071115726724e+00,-3.137706993959170632e+00,5.204569240708423195e+00,1.187686224674925306e+01
6.055569524524430314e+00,5.026809071115726724e+00,-3.086281360226110770e+00,5.142563373305986119e+00,1.186628201307987496e+01
6.038633274814718455e+00,5.026809071115726724e+00,-3.035472611096975193e+00,5.080874912913557750e+00,1.185540230181658217e+01
6.021901565335188167e+00,5.026809071115726724e+00,-2.985277482658384329e+00,5.019512843859086360e+00,1.184423536120070253e+01
6.005373279391777785e+00,5.026809071115726724e+00,-2.935692624828153185e+00,4.958485783023114379e+00,1.183279315819496169e+01
5.989047272764187468e+00,5.026809071115726724e+00,-2.886714604945382234e+00,4.897801988277095120e+00,1.182108738333171338e+01
5.972922374874929830e+00,5.026809071115726724e+00,-2.838339911277609318e+00,4.837469366777291668e+00,1.180912945549968285e+01
5.956997389931222742e+00,5.026809071115726724e+00,-2.790564956446488054e+00,4.777495483112126351e+00,1.179693052666563879e+01
5.941271098040181720e+00,5.026809071115726724e+00,-2.743386080773364988e+00,4.717887567312306629e+00,1.178450148653894303e+01
5.925742256297795052e+00,5.026809071115726724e+00,-2.696799555546204985e+00,4.658652522716000277e+00,1.177185296716979579e+01
5.910409599852124884e+00,5.026809071115726724e+00,-2.650801586209194483e+00,4.599796933701050250e+00,1.175899534749185626e+01
5.895271842941204099e+00,5.026809071115726724e+00,-2.605388315476432126e+00,4.541327073276235637e+00,1.174593875779980401e+01
5.880327679906063310e+00,5.026809071115726724e+00,-2.560555826371009758e+00,4.483248910542236843e+00,1.173269308417122758e+01
5.865575786179340056e+00,5.026809071115726724e+00,-2.516300145190839999e+00,4.425568118016975916e+00,1.171926797282613641e+01
5.851014819249899190e+00,5.026809071115726724e+00,-2.472617244402517400e+00,4.368290078832259837e+00,1.170567283442974293e+01
5.836643419603901428e+00,5.026809071115726724e+00,-2.429503045464524114e+00,4.311419893799328662e+00,1.169191684833480593e+01
5.822460211642736638e+00,5.026809071115726724e+00,-2.386953421581029744e+00,4.254962388349436964e+00,1.167800896676840772e+01
5.808463804578249068e+00,5.026809071115726724e+00,-2.344964200387567033e+00,4.198922119346271131e+00,1.166395791895870460e+01
5.794652793305656857e+00,5.026809071115726724e+00,-2.303531166569790400e+00,4.143303381777663219e+00,1.164977221520787332e+01
5.781025759254585950e+00,5.026809071115726724e+00,-2.262650064416577678e+00,4.088110215321272278e+00,1.163546015090469510e+01
5.767581271218605643e+00,5.026809071115726724e+00,-2.222316600308636758e+00,4.033346410794091952e+00,1.162102981048545658e+01
5.754317886163673457e+00,5.026809071115726724e+00,-2.182526445143840199e+00,3.979015516479655901e+00,1.160648907133581531e+01
5.741234150015874782e+00,5.026809071115726724e+00,-2.143275236700444175e+00,3.925120844339602399e+00,1.159184560763915783e+01
5.728328598428840124e+00,5.026809071115726724e+00,-2.104558581939340201e+00,3.871665476110397464e+00,1.157710689417105776e+01
5.715599757531222735e+00,5.026809071115726724e+00,-2.066372059246488035e+00,3.818652269285216505e+00,1.156228021003872897e+01
5.703046144654608796e+00,5.026809071115726724e+00,-2.028711220616646216e+00,3.766083862984181962e+00,1.154737264236753624e+01
5.690666269042232273e+00,5.026809071115726724e+00,-1.991571593779516647e+00,3.713962683712956903e+00,1.153239108993344075e+01
5.678458632538848860e+00,5.026809071115726724e+00,-1.954948684269366410e+00,3.662290951015023666e+00,1.151734226674565775e+01
5.666421730262140244e+00,5.026809071115726724e+00,-1.918837977439240561e+00,3.611070683012584936e+00,1.150223270557334487e+01
5.654554051255988867e+00,5.026809071115726724e+00,-1.883234940420786430e+00,3.560303701845413116e+00,1.148706876142462718e+01
5.642854079125979361e+00,5.026809071115726724e+00,-1.848135024030757911e+00,3.509991639002851826e+00,1.147185661497209352e+01
5.631320292657467697e+00,5.026809071115726724e+00,-1.813533664625222919e+00,3.460135940553499267e+00,1.145660227592827596e+01
5.619951166416548460e+00,5.026809071115726724e+00,-1.779426285902465210e+00,3.410737872275770854e+00,1.144131158637330614e+01
5.608745171334266644e+00,5.026809071115726724e+00,-1.745808300655619760e+00,3.361798524684544986e+00,1.142599022402892572e+01
5.597700775274387475e+00,5.026809071115726724e+00,-1.712675112475982253e+00,3.313318817963750718e+00,1.141064370548776807e+01
5.586816443585057357e+00,5.026809071115726724e+00,-1.680022117407991900e+00,3.265299506799035356e+00,1.139527738939104395e+01
5.576090639634666779e+00,5.026809071115726724e+00,-1.647844705556820166e+00,3.217741185117173330e+00,1.137989647956035455e+01
5.565521825332231387e+00,5.026809071115726724e+00,-1.616138262649513990e+00,3.170644290730617598e+00,1.136450602808110411e+01
5.555108461632604744e+00,5.026809071115726724e+00,-1.584898171550634061e+00,3.124009109887992963e+00,1.134911093833735940e+01
5.544849009026811437e+00,5.026809071115726724e+00,-1.554119813733254141e+00,3.077835781737991994e+00,1.133371596800473924e+01
5.534741928017818502e+00,5.026809071115726724e+00,-1.523798570706275335e+00,3.032124302697880580e+00,1.131832573199160663e+01
5.524785679582024933e+00,5.026809071115726724e+00,-1.493929825398894629e+00,2.986874530738070632e+00,1.130294470533917561e+01
5.514978725616765054e+00,5.026809071115726724e+00,-1.464508963503114991e+00,2.942086189577963751e+00,1.128757722607484837e+01
5.505319529374112619e+00,5.026809071115726724e+00,-1.435531374775157687e+00,2.897758872795730412e+00,1.127222749802057322e+01
5.495806555881262767e+00,5.026809071115726724e+00,-1.406992454296608130e+00,2.853892047854955649e+00,1.125689959355834802e+01
5.486438272347768930e+00,5.026809071115726724e+00,-1.378887603696126618e+00,2.810485060048151240e+00,1.124159745635202512e+01
5.477213148559910039e+00,5.026809071115726724e+00,-1.351212232332549945e+00,2.767537136357667293e+00,1.122632490402511785e+01
5.468129657262453591e+00,5.026809071115726724e+00,-1.323961758440180603e+00,2.725047389236934237e+00,1.121108563079675413e+01
5.459186274528076588e+00,5.026809071115726724e+00,-1.297131610237049593e+00,2.683014820313101012e+00,1.119588321007605103e+01
5.450381480114707244e+00,5.026809071115726724e+00,-1.270717226996941562e+00,2.641438324010803029e+00,1.118072109701386196e+01
5.441713757811039720e+00,5.026809071115726724e+00,-1.244714060085938989e+00,2.600316691100257316e+00,1.116560263101431971e+01
5.433181595770473216e+00,5.026809071115726724e+00,-1.219117573964239476e+00,2.559648612169951321e+00,1.115053103820571323e+01
5.424783486833727686e+00,5.026809071115726724e+00,-1.193923247154002887e+00,2.519432681023658915e+00,1.113550943386965741e+01
5.416517928840368867e+00,5.026809071115726724e+00,-1.169126573173926431e+00,2.479667398007645573e+00,1.112054082483371964e+01
5.408383424929493088e+00,5.026809071115726724e+00,-1.144723061441299095e+00,2.440351173262733653e+00,1.110562811182143506e+01
5.400378483829800125e+00,5.026809071115726724e+00,-1.120708238142220203e+00,2.401482329907889124e+00,1.109077409176567031e+01
5.392501620139283247e+00,5.026809071115726724e+00,-1.097077647070669570e+00,2.363059107155063288e+00,1.107598146008439421e+01
5.384751354594774497e+00,5.026809071115726724e+00,-1.073826850437143321e+00,2.325079663352624948e+00,1.106125281291548212e+01
5.377126214331557463e+00,5.026809071115726724e+00,-1.050951429647492219e+00,2.287542078965110193e+00,1.104659064931761847e+01
5.369624733133272265e+00,5.026809071115726724e+00,-1.028446986052636625e+00,2.250444359485559431e+00,1.103199737343292242e+01
5.362245451672330354e+00,5.026809071115726724e+00,-1.006309141669810892e+00,2.213784438282573319e+00,1.101747529661276204e+01
5.354986917741049623e+00,5.026809071115726724e+00,-9.845335398759686996e-01,2.177560179384219197e+00,1.100302663950825099e+01
5.347847686473720330e+00,5.026809071115726724e+00,-9.631158460739808191e-01,2.141769380198788042e+00,1.098865353412480772e+01
5.340826320559803442e+00,5.026809071115726724e+00,-9.420517483322301544e-01,2.106409774175066474e+00,1.097435802584283593e+01
5.333921390448471023e+00,5.026809071115726724e+00,-9.213369579982328972e-01,2.071479033399725722e+00,1.096014207540149243e+01
5.327131474544678724e+00,5.026809071115726724e+00,-9.009672102868560017e-01,2.036974771137689544e+00,1.094600756085083404e+01
5.320455159396971112e+00,5.026809071115726724e+00,-8.809382648437331653e-01,2.002894544312283642e+00,1.093195627946855097e+01
5.313891039877210787e+00,5.026809071115726724e+00,-8.612459062844521895e-01,1.969235855928097578e+00,1.091798994964364589e+01
5.307437719352414263e+00,5.026809071115726724e+00,-8.418859447100626170e-01,1.935996157438957255e+00,1.090411021272889514e+01
5.301093809848890892e+00,5.026809071115726724e+00,-8.228542161994925053e-01,1.903172851057011172e+00,1.089031863485751828e+01
5.294857932208852702e+00,5.026809071115726724e+00,-8.041465832793779356e-01,1.870763292011456969e+00,1.087661670873207953e+01
5.288728716239687877e+00,5.026809071115726724e+00,-7.857589353718834602e-01,1.838764790749447542e+00,1.086300585537756547e+01
5.282704800856061311e+00,5.026809071115726724e+00,-7.676871892210037629e-01,1.807174615087969727e+00,1.084948742586696646e+01
5.276784834215021647e+00,5.026809071115726724e+00,-7.499272892978847693e-01,1.775989992311899357e+00,1.083606270301401509e+01
5.270967473844282658e+00,5.026809071115726724e+00,-7.324752081856678032e-01,1.745208111221696612e+00,1.082273290303603019e+01
5.265251386763847741e+00,5.026809071115726724e+00,-7.153269469443630513e-01,1.714826124130475193e+00,1.080949917718611175e+01
5.259635249601131157e+00,5.026809071115726724e+00,-6.984785354562133008e-01,1.684841148814975043e+00,1.079636261335876313e+01
5.254117748699750123e+00,5.026809071115726724e+00,-6.819260327520701992e-01,1.655250270414310165e+00,1.078332423766224046e+01
5.248697580222136061e+00,5.026809071115726724e+00,-6.656655273192280120e-01,1.626050543284218719e+00,1.077038501596499032e+01
5.243373450246117784e+00,5.026809071115726724e+00,-6.496931373911731811e-01,1.597238992805483093e+00,1.075754585541431041e+01
5.238144074855640930e+00,5.026809071115726724e+00,-6.340050112197426202e-01,1.568812617143056087e+00,1.074480760592331308e+01
5.233008180225756867e+00,5.026809071115726724e+00,-6.185973273300904296e-01,1.540768388965219060e+00,1.073217106163512824e+01
5.227964502702036498e+00,5.026809071115726724e+00,-6.034662947589293225e-01,1.513103257116110711e+00,1.071963696235718189e+01
5.223011788874551975e+00,5.026809071115726724e+00,-5.886081532764757540e-01,1.485814148245356847e+00,1.070720599496888070e+01
5.218148795646563975e+00,5.026809071115726724e+00,-5.740191735925117555e-01,1.458897968396399847e+00,1.069487879480388770e+01
5.213374290298056657e+00,5.026809071115726724e+00,-5.596956575469897999e-01,1.432351604552195568e+00,1.068265594700520538e+01
5.208687050544249963e+00,5.026809071115726724e+00,-5.456339382855697195e-01,1.406171926142008033e+00,1.067053798785643792e+01
5.204085864589228727e+00,5.026809071115726724e+00,-5.318303804205060104e-01,1.380355786506370919e+00,1.065852540608586452e+01
5.199569531174815573e+00,5.026809071115726724e+00,-5.182813801772665485e-01,1.354900024323946184e+00,1.064661864414668102e+01
5.195136859624817305e+00,5.026809071115726724e+00,-5.049833655272717436e-01,1.329801464999480487e+00,1.063481809947220924e+01
5.190786669884766447e+00,5.026809071115726724e+00,-4.919327963071191689e-01,1.305056922015257470e+00,1.062312412570813791e+01
5.186517792557285844e+00,5.026809071115726724e+00,-4.791261643246773616e-01,1.280663198244180734e+00,1.061153703391950387e+01
5.182329068933198002e+00,5.026809071115726724e+00,-4.665599934524138348e-01,1.256617087226352680e+00,1.060005709377393934e+01
5.178219351018487515e+00,5.026809071115726724e+00,-4.542308397082823745e-01,1.232915374413146026e+00,1.058868453470486415e+01
5.174187501557247160e+00,5.026809071115726724e+00,-4.421352913245613081e-01,1.209554838372106644e+00,1.057741954704754583e+01
5.170232394050711555e+00,5.026809071115726724e+00,-4.302699688049544946e-01,1.186532251960681350e+00,1.056626228315572646e+01
5.166352912772491202e+00,5.026809071115726724e+00,-4.186315249702934338e-01,1.163844383466106081e+00,1.055521285849581403e+01
5.162547952780120575e+00,5.026809071115726724e+00,-4.072166449931815535e-01,1.141487997711188029e+00,1.054427135271800609e+01
5.158816419923021535e+00,5.026809071115726724e+00,-3.960220464218844327e-01,1.119459857129712077e+00,1.053343781070782725e+01
5.155157230846993954e+00,5.026809071115726724e+00,-3.850444791938016920e-01,1.097756722808274077e+00,1.052271224361447288e+01
5.151569312995327721e+00,5.026809071115726724e+00,-3.742807256388029913e-01,1.076375355499870068e+00,1.051209462986106757e+01
5.148051604606647125e+00,5.026809071115726724e+00,-3.637276004727612033e-01,1.055312516604178796e+00,1.050158491613141720e+01
5.144603054709580015e+00,5.026809071115726724e+00,-3.533819507815598726e-01,1.034564969120133071e+00,1.049118301833857458e+01
5.141222623114346746e+00,5.026809071115726724e+00,-3.432406559958600667e-01,1.014129478569980591e+00,1.048088882257412102e+01
5.137909280401371070e+00,5.026809071115726724e+00,-3.333006278569330405e-01,9.940028138927026191e-01,1.047070218603576919e+01
5.134662007906999115e+00,5.026809071115726724e+00,-3.235588103738171739e-01,9.741817483115866594e-01,1.046062293793777087e+01
5.131479797706420598e+00,5.026809071115726724e+00,-3.140121797720816232e-01,9.546630601735550670e-01,1.045065088040147394e+01
5.128361652593881992e+00,5.026809071115726724e+00,-3.046577444344658048e-01,9.354435337615818469e-01,1.044078578932711565e+01
5.125306586060276004e+00,5.026809071115726724e+00,-2.954925448336478411e-01,9.165199600817963699e-01,1.043102741524814903e+01
5.122313622268195310e+00,5.026809071115726724e+00,-2.865136534574057592e-01,8.978891376242081890e-01,1.042137548416680204e+01
5.119381796024531361e+00,5.026809071115726724e+00,-2.777181747264139133e-01,8.795478730991845850e-01,1.041182969837277028e+01
5.116510152750704421e+00,5.026809071115726724e+00,-2.691032449049330921e-01,8.614929821480821204e-01,1.040238973724314953e+01
5.113697748450602099e+00,5.026809071115726724e+00,-2.606660320046261248e-01,8.437212900306967356e-01,1.039305525802607022e+01
5.110943649676301881e+00,5.026809071115726724e+00,-2.524037356817254718e-01,8.262296322900652967e-01,1.038382589660833943e+01
5.108246933491662922e+00,5.026809071115726724e+00,-2.443135871278085958e-01,8.090148553916876040e-01,1.037470126826388039e+01
5.105606687433850155e+00,5.026809071115726724e+00,-2.363928489543702938e-01,7.920738173438301999e-01,1.036568096838946040e+01
5.103022009472875986e+00,5.026809071115726724e+00,-2.286388150714477874e-01,7.754033882922506393e-01,1.035676457322080424e+01
5.100492007969224417e+00,5.026809071115726724e+00,-2.210488105604930809e-01,7.590004510954706518e-01,1.034795164053497807e+01
5.098015801629625976e+00,5.026809071115726724e+00,-2.136201915416977570e-01,7.428619018795323825e-01,1.033924171033783423e+01
5.095592519461061620e+00,5.026809071115726724e+00,-2.063503450360046898e-01,7.269846505693067229e-01,1.033063430553330164e+01
5.093221300723050682e+00,5.026809071115726724e+00,-1.992366888219718746e-01,7.113656214032815228e-01,1.032212893258131103e+01
5.090901294878297456e+00,5.026809071115726724e+00,-1.922766712877121975e-01,6.960017534259677063e-01,1.031372508213825512e+01
5.088631661541758611e+00,5.026809071115726724e+00,-1.854677712780956611e-01,6.808900009616536408e-01,1.030542222968355759e+01
5.086411570428188256e+00,5.026809071115726724e+00,-1.788074979373845963e-01,6.660273340711064805e-01,1.029721983613372238e+01
5.084240201298230843e+00,5.026809071115726724e+00,-1.722933905475123595e-01,6.514107389872236809e-01,1.028911734843971182e+01
5.082116743903116962e+00,5.026809071115726724e+00,-1.659230183621707155e-01,6.370372185341643956e-01,1.028111420017199507e+01
5.080040397928020646e+00,5.026809071115726724e+00,-1.596939804368817661e-01,6.229037925288949396e-01,1.027320981209201278e+01
5.078010372934133265e+00,5.026809071115726724e+00,-1.536039054552196248e-01,6.090074981662141340e-01,1.026540359271099589e+01
5.076025888299517064e+00,5.026809071115726724e+00,-1.476504515513710203e-01,5.953453903848604511e-01,1.025769493883348993e+01
5.074086173158784518e+00,5.026809071115726724e+00,-1.418313061291733845e-01,5.819145422197635753e-01,1.025008323609059069e+01
5.072190466341661264e+00,5.026809071115726724e+00,-1.361441856778036197e-01,5.687120451369764851e-01,1.024256785945917336e+01
5.070338016310483198e+00,5.026809071115726724e+00,-1.305868355842694228e-01,5.557350093534196844e-01,1.023514817376915076e+01
5.068528081096682847e+00,5.026809071115726724e+00,-1.251570299428683697e-01,5.429805641401053151e-01,1.022782353419723833e+01
5.066759928236302279e+00,5.026809071115726724e+00,-1.198525713617266675e-01,5.304458581141702211e-01,1.022059328675244316e+01
5.065032834704596532e+00,5.026809071115726724e+00,-1.146712907666094239e-01,5.181280595117243593e-01,1.021345676874511454e+01
5.063346086849765726e+00,5.026809071115726724e+00,-1.096110472021170068e-01,5.060243564492417079e-01,1.020641330924712520e+01
5.061698980325859409e+00,5.026809071115726724e+00,-1.046697276303980573e-01,4.941319571718949533e-01,1.019946222954149739e+01
5.060090820024907288e+00,5.026809071115726724e+00,-9.984524672754169217e-02,4.824480902856365105e-01,1.019260284355809532e+01
5.058520920008310995e+00,5.026809071115726724e+00,-9.513554667775281359e-02,4.709700049788878573e-01,1.018583445830113554e+01
5.056988603437544860e+00,5.026809071115726724e+00,-9.053859696545440983e-02,4.596949712298403767e-01,1.017915637426438735e+01
5.055493202504204753e+00,5.026809071115726724e+00,-8.605239416543408737e-02,4.486202800020322456e-01,1.017256788583659954e+01
5.054034058359448522e+00,5.026809071115726724e+00,-8.167496173116539637e-02,4.377432434268690997e-01,1.016606828169570420e+01
5.052610521042861791e+00,5.026809071115726724e+00,-7.740434978140520172e-02,4.270611949760194648e-01,1.015965684519461476e+01
5.051221949410794387e+00,5.026809071115726724e+00,-7.323863488520299114e-02,4.165714896202210582e-01,1.015333285473501945e+01
5.049867711064200293e+00,5.026809071115726724e+00,-6.917591984542070804e-02,4.062715039782283100e-01,1.014709558413280810e+01
5.048547182276020173e+00,5.026809071115726724e+00,-6.521433348088034876e-02,3.961586364540359284e-01,1.014094430297315697e+01
5.047259747918136696e+00,5.026809071115726724e+00,-6.135203040722991830e-02,3.862303073650430463e-01,1.013487827695781363e+01
5.046004801387948824e+00,5.026809071115726724e+00,-5.758719081666630046e-02,3.764839590563617833e-01,1.012889676823969509e+01
5.044781744534585499e+00,5.026809071115726724e+00,-5.391802025657632669e-02,3.669170560089973776e-01,1.012299903575242155e+01
5.043589987584796930e+00,5.026809071115726724e+00,-5.034274940721061853e-02,3.575270849365708159e-01,1.011718433552936069e+01
5.042428949068561650e+00,5.026809071115726724e+00,-4.685963385850477891e-02,3.483115548705839615e-01,1.011145192101207968e+01
5.041298055744427131e+00,5.026809071115726724e+00,-4.346695388610122279e-02,3.392679972403556121e-01,1.010580104335425489e+01
5.040196742524628348e+00,5.026809071115726724e+00,-4.016301422670487398e-02,3.303939659396348816e-01,1.010023095171293050e+01
5.039124452400001175e+00,5.026809071115726724e+00,-3.694614385282335434e-02,3.216870373881519640e-01,1.009474089353532911e+01
5.038080636364727027e+00,5.026809071115726724e+00,-3.381469574700091130e-02,3.131448105822443040e-01,1.008933011483524389e+01
5.037064753340936285e+00,5.026809071115726724e+00,-3.076704667562868423e-02,3.047649071372227070e-01,1.008399786046159363e+01
5.036076270103191810e+00,5.026809071115726724e+00,-2.780159696239525857e-02,2.965449713233425655e-01,1.007874337436094692e+01
5.035114661202883646e+00,5.026809071115726724e+00,-2.491677026147076646e-02,2.884826700924492116e-01,1.007356589983097805e+01
5.034179408892558882e+00,5.026809071115726724e+00,-2.211101333049647621e-02,2.805756930974290242e-01,1.006846467976693305e+01
5.033270003050210661e+00,5.026809071115726724e+00,-1.938279580345181330e-02,2.728217527044662916e-01,1.006343895690101498e+01
5.032385941103552085e+00,5.026809071115726724e+00,-1.673060996347608409e-02,2.652185839975729209e-01,1.005848797403409733e+01
5.031526727954297229e+00,5.026809071115726724e+00,-1.415297051571151599e-02,2.577639447764568104e-01,1.005361097426074579e+01
5.030691875902468801e+00,5.026809071115726724e+00,-1.164841436022623355e-02,2.504556155485282432e-01,1.004880720118830340e+01
5.029880904570759093e+00,5.026809071115726724e+00,-9.215500365097106794e-03,2.432913995129126761e-01,1.004407589914781695e+01
5.029093340828963754e+00,5.026809071115726724e+00,-6.852809139711091291e-03,2.362691225386015503e-01,1.003941631339889184e+01
5.028328718718508838e+00,5.026809071115726724e+00,-4.558942808346344577e-03,2.293866331364746713e-01,1.003482769032812882e+01
5.027586579377086196e+00,5.026809071115726724e+00,-2.332524784078415792e-03,2.226418024267928786e-01,1.003030927764271496e+01
5.026866470963428313e+00,5.026809071115726724e+00,-1.721995431047673719e-04,2.160325240973648420e-01,1.002586032455426057e+01
5.026167948582225264e+00,5.026809071115726724e+00,1.923367600504377606e-03,2.095567143609144978e-01,1.002148008196141937e+01
5.025490574209218408e+00,5.026809071115726724e+00,3.955490719524945575e-03,2.032123119020567970e-01,1.001716780262158224e+01
5.024833916616474383e+00,5.026809071115726724e+00,5.925463497757021969e-03,1.969972778232076394e-01,1.001292274132096516e+01
5.024197551297862496e+00,5.026809071115726724e+00,7.834559453592682132e-03,1.909095955835660163e-01,1.000874415503716008e+01
5.023581060394754161e+00,5.026809071115726724e+00,9.684032162917688424e-03,1.849472709325006292e-01,1.000463130309541882e+01
5.022984032621955031e+00,5.026809071115726724e+00,1.147511548131507908e-02,1.791083318397390656e-01,1.000058344732105553e+01
5.022406063193888492e+00,5.026809071115726724e+00,1.320902376551469359e-02,1.733908284199614513e-01,9.996599852185475754e+00
5.021846753751040282e+00,5.026809071115726724e+00,1.488695209405932474e-02,1.677928328544631142e-01,9.992679784948522936e+00
5.021305712286686429e+00,5.026809071115726724e+00,1.651007648712088383e-02,1.623124393061559090e-01,9.988822515793277290e+00
5.020782553073912524e+00,5.026809071115726724e+00,1.807955412544259843e-02,1.569477638321714608e-01,9.985027317957614557e+00
5.020276896592934079e+00,5.026809071115726724e+00,1.959652356837793263e-02,1.516969442935334200e-01,9.981293467861911850e+00
5.019788369458741961e+00,5.026809071115726724e+00,2.106210497095428735e-02,1.465581402576354719e-01,9.977620245228589368e+00
5.019316604349072897e+00,5.026809071115726724e+00,2.247740029996148081e-02,1.415295329007193459e-01,9.974006933200680436e+00
5.018861239932723706e+00,5.026809071115726724e+00,2.384349354900905382e-02,1.366093249047573011e-01,9.970452818453766852e+00
5.018421920798219915e+00,5.026809071115726724e+00,2.516145095252042552e-02,1.317957403511371695e-01,9.966957191303658092e+00
5.017998297382846751e+00,5.026809071115726724e+00,2.643232119863991869e-02,1.270870246119493174e-01,9.963519345810588845e+00
5.017590025902054052e+00,5.026809071115726724e+00,2.765713564101801580e-02,1.224814442378097112e-01,9.960138579878828224e+00
5.017196768279249319e+00,5.026809071115726724e+00,2.883690850943221307e-02,1.179772868414197262e-01,9.956814195350851548e+00
5.016818192075979788e+00,5.026809071115726724e+00,2.997263711924080809e-02,1.135728609808595024e-01,9.953545498100101696e+00
5.016453970422520392e+00,5.026809071115726724e+00,3.106530207961899492e-02,1.092664960378186834e-01,9.950331798117439064e+00
5.016103781948872964e+00,5.026809071115726724e+00,3.211586750056127926e-02,1.050565420942284334e-01,9.947172409594790210e+00
5.015767310716184646e+00,5.026809071115726724e+00,3.312528119862623299e-02,1.009413698064953735e-01,9.944066651005122992e+00
5.015444246148597074e+00,5.026809071115726724e+00,3.409447490138894921e-02,9.691937027627162138e-02,9.941013845177661068e+00
5.015134282965527213e+00,5.026809071115726724e+00,3.502436445059853298e-02,9.298895492095837767e-02,9.938013319371556520e+00
5.014837121114394058e+00,5.026809071115726724e+00,3.591585000399799554e-02,8.914855533994625603e-02,9.935064405343943861e+00
5.014552465703795647e+00,5.026809071115726724e+00,3.676981623579322900e-02,8.539662317952334547e-02,9.932166439415317072e+00
5.014280026937139034e+00,5.026809071115726724e+00,3.758713253576306812e-02,8.173162999698391218e-02,9.929318762532748366e+00
5.014019520046735678e+00,5.026809071115726724e+00,3.836865320697313564e-02,7.815206712100675190e-02,9.926520720327980385e+00
5.013770665228364898e+00,5.026809071115726724e+00,3.911521766208547746e-02,7.465644551123418182e-02,9.923771663173319268e+00
5.013533187576311612e+00,5.026809071115726724e+00,3.982765061824533603e-02,7.124329561598585769e-02,9.921070946234230803e+00
5.013306817018881922e+00,5.026809071115726724e+00,4.050676229053440380e-02,6.791116722890677693e-02,9.918417929519442566e+00
5.013091288254403644e+00,5.026809071115726724e+00,4.115334858396924034e-02,6.465862934348365343e-02,9.915811977927454279e+00
5.012886340687717990e+00,5.026809071115726724e+00,4.176819128402620152e-02,6.148427000569611778e-02,9.913252461289722817e+00
5.012691718367161542e+00,5.026809071115726724e+00,4.235205824569554522e-02,5.838669616693437092e-02,9.910738754412630414e+00
5.012507169922046479e+00,5.026809071115726724e+00,4.290570358104073279e-02,5.536453353451875614e-02,9.908270237115559098e+00
5.012332448500642634e+00,5.026809071115726724e+00,4.342986784525226795e-02,5.241642642115351691e-02,9.905846294266407170e+00
5.012167311708665807e+00,5.026809071115726724e+00,4.392527822118275083e-02,4.954103759304828714e-02,9.903466315814231535e+00
5.012011521548270565e+00,5.026809071115726724e+00,4.439264870236847571e-02,4.673704811857248842e-02,9.901129696820941462e+00
5.011864844357557303e+00,5.026809071115726724e+00,4.483268027450826310e-02,4.400315721397873858e-02,9.898835837488487499e+00
5.011727050750592660e+00,5.026809071115726724e+00,4.524606109540219023e-02,4.133808208939271367e-02,9.896584143184796289e+00
5.011597915557946870e+00,5.026809071115726724e+00,4.563346667333956219e-02,3.874055779373719588e-02,9.894374024467076367e+00
5.011477217767747128e+00,5.026809071115726724e+00,4.599556004393878794e-02,3.620933705992257501e-02,9.892204897103862749e+00
5.011364740467257661e+00,5.026809071115726724e+00,4.633299194540718702e-02,3.374319014683990758e-02,9.890076182092247592e+00
5.011260270784977600e+00,5.026809071115726724e+00,4.664640099224737213e-02,3.134090468401851126e-02,9.887987305676265493e+00
5.011163599833265536e+00,5.026809071115726724e+00,4.693641384738356237e-02,2.900128551361902396e-02,9.885937699361003084e+00
5.011074522651489005e+00,5.026809071115726724e+00,4.720364539271315607e-02,2.672315453295937004e-02,9.883926799925673023e+00
5.010992838149705086e+00,5.026809071115726724e+00,4.744869889806491159e-02,2.450535053517555184e-02,9.881954049433240073e+00
5.010918349052865040e+00,5.026809071115726724e+00,4.767216618858505228e-02,2.234672905201406934e-02,9.880018895240599619e+00
5.010850861845549176e+00,5.026809071115726724e+00,4.787462781053264393e-02,2.024616219475916523e-02,9.878120790005292307e+00
5.010790186717233752e+00,5.026809071115726724e+00,4.805665319547891556e-02,1.820253849462716289e-02,9.876259191690106576e+00
5.010736137508087218e+00,5.026809071115726724e+00,4.821880082291851721e-02,1.621476274396016493e-02,9.874433563566878291e+00
5.010688531655297595e+00,5.026809071115726724e+00,4.836161838128738566e-02,1.428175583688684469e-02,9.872643374218174728e+00
5.010647190139929208e+00,5.026809071115726724e+00,4.848564292739254711e-02,1.240245461051614484e-02,9.870888097537909189e+00
5.010611937434314989e+00,5.026809071115726724e+00,4.859140104423520512e-02,1.057581168426580120e-02,9.869167212728502392e+00
5.010582601449973694e+00,5.026809071115726724e+00,4.867940899725908821e-02,8.800795302388308983e-03,9.867480204299647895e+00
5.010559013486061808e+00,5.026809071115726724e+00,4.875017288899474721e-02,7.076389173565900137e-03,9.865826562062562033e+00
5.010541008178356570e+00,5.026809071115726724e+00,4.880418881211046056e-02,5.401592311571334903e-03,9.864205781123683181e+00
5.010528423448763924e+00,5.026809071115726724e+00,4.884194300088839924e-02,3.775418877793867978e-03,9.862617361878683653e+00
5.010521100455359367e+00,5.026809071115726724e+00,4.886391198110207057e-02,2.196898021367132969e-03,9.861060810002470589e+00
5.010518883542954605e+00,5.026809071115726724e+00,4.887056271831635712e-02,6.650737214286550625e-04,9.859535636439744621e+00
5.010521620194193559e+00,5.026809071115726724e+00,4.886235276459949262e-02,-8.209953716864504258e-04,9.858041357392913540e+00
5.010529160981172403e+00,5.026809071115726724e+00,4.883973040366296203e-02,-2.262236093653058333e-03,9.856577494310009513e+00
5.010541359517581839e+00,5.026809071115726724e+00,4.880313479443465496e-02,-3.659560922830706886e-03,9.855143573871604445e+00
5.010558072411378738e+00,5.026809071115726724e+00,4.875299611304395597e-02,-5.013868139069899144e-03,9.853739127973973666e+00
5.010579159217972922e+00,5.026809071115726724e+00,4.868973569326140449e-02,-6.326041978255148024e-03,9.852363693715005866e+00
5.010604482393938852e+00,5.026809071115726724e+00,4.861376616536361439e-02,-7.596952789779010118e-03,9.851016813375585102e+00
5.010633907251241581e+00,5.026809071115726724e+00,4.852549159345542762e-02,-8.827457190818677191e-03,9.849698034402637248e+00
5.010667301911984950e+00,5.026809071115726724e+00,4.842530761122532112e-02,-1.001839822301064942e-02,9.848406909388215169e+00
5.010704537263666936e+00,5.026809071115726724e+00,4.831360155617936414e-02,-1.117060550459569868e-02,9.847142996051584163e+00
5.010745486914954583e+00,5.026809071115726724e+00,4.819075260231642233e-02,-1.228489538629418121e-02,9.845905857216022738e+00
5.010790027151963422e+00,5.026809071115726724e+00,4.805713189128990592e-02,-1.336207110265164033e-02,9.844695060788637875e+00
5.010838036895051140e+00,5.026809071115726724e+00,4.791310266202675194e-02,-1.440292292631539794e-02,9.843510179735712740e+00
5.010889397656112187e+00,5.026809071115726724e+00,4.775902037884360851e-02,-1.540822831831434314e-02,9.842350792060528875e+00
5.010943993496379534e+00,5.026809071115726724e+00,4.759523285804156956e-02,-1.637875208020389550e-02,9.841216480777838171e+00
5.011001710984724689e+00,5.026809071115726724e+00,4.742208039300610523e-02,-1.731524650354643313e-02,9.840106833889461058e+00
5.011062439156458659e+00,5.026809071115726724e+00,4.723989587780419441e-02,-1.821845152019108127e-02,9.839021444357612722e+00
5.011126069472628508e+00,5.026809071115726724e+00,4.704900492929464662e-02,-1.908909485095477976e-02,9.837959910078339476e+00
5.011192495779805967e+00,5.026809071115726724e+00,4.684972600776227125e-02,-1.992789215323753638e-02,9.836921833854525232e+00
5.011261614270368980e+00,5.026809071115726724e+00,4.664237053607322991e-02,-2.073554716890413374e-02,9.835906823367169594e+00
5.011333323443269094e+00,5.026809071115726724e+00,4.642724301737288783e-02,-2.151275187003420797e-02,9.834914491147339177e+00
5.011407524065283781e+00,5.026809071115726724e+00,4.620464115132882910e-02,-2.226018660440587382e-02,9.833944454546923453e+00
5.011484119132752824e+00,5.026809071115726724e+00,4.597485594892170013e-02,-2.297852024071289634e-02,9.832996335708209301e+00
5.011563013833793434e+00,5.026809071115726724e+00,4.573817184579986872e-02,-2.366841031218314129e-02,9.832069761533617225e+00
5.011644115510986985e+00,5.026809071115726724e+00,4.549486681421921475e-02,-2.433050315806539743e-02,9.831164363656153427e+00
5.011727333624546254e+00,5.026809071115726724e+00,4.524521247354140741e-02,-2.496543406778073404e-02,9.830279778405760283e+00
5.011812579715946292e+00,5.026809071115726724e+00,4.498947419934129499e-02,-2.557382742001124143e-02,9.829415646779331439e+00
5.011899767372024250e+00,5.026809071115726724e+00,4.472791123110742006e-02,-2.615629682338749262e-02,9.828571614407721313e+00
5.011988812189542841e+00,5.026809071115726724e+00,4.446077677855164723e-02,-2.671344525557728389e-02,9.827747331522974861e+00
5.012079631740213870e+00,5.026809071115726724e+00,4.418831812653856161e-02,-2.724586520130856115e-02,9.826942452925230498e+00
5.012172145536177403e+00,5.026809071115726724e+00,4.391077673864796083e-02,-2.775413878906007881e-02,9.826156637949587491e+00
5.012266274995935689e+00,5.026809071115726724e+00,4.362838835937310478e-02,-2.823883792748560495e-02,9.825389550431887997e+00
5.012361943410737375e+00,5.026809071115726724e+00,4.334138311496804619e-02,-2.870052444050585905e-02,9.824640858674463573e+00
5.012459075911405826e+00,5.026809071115726724e+00,4.304998561296269344e-02,-2.913975020053527487e-02,9.823910235412427028e+00
5.012557599435615963e+00,5.026809071115726724e+00,4.275441504033228313e-02,-2.955705726304103109e-02,9.823197357777292638e+00
5.012657442695603649e+00,5.026809071115726724e+00,4.245488526036922394e-02,-2.995297799630591840e-02,9.822501907264063803e+00
5.012758536146318278e+00,5.026809071115726724e+00,4.215160490822533745e-02,-3.032803521438864891e-02,9.821823569693837186e+00
5.012860811954001683e+00,5.026809071115726724e+00,4.184477748517512197e-02,-3.068274230502154865e-02,9.821162035180154959e+00
5.012964203965203147e+00,5.026809071115726724e+00,4.153460145157072958e-02,-3.101760336043923871e-02,9.820516998091132876e+00
5.013068647676213629e+00,5.026809071115726724e+00,4.122127031853928258e-02,-3.133311330314469956e-02,9.819888157015395080e+00
5.013174080202926319e+00,5.026809071115726724e+00,4.090497273840121295e-02,-3.162975801380696339e-02,9.819275214724594747e+00
5.013280440251111081e+00,5.026809071115726724e+00,4.058589259384692838e-02,-3.190801445542845727e-02,9.818677878138419857e+00
5.013387668087109894e+00,5.026809071115726724e+00,4.026420908585048863e-02,-3.216835079964397437e-02,9.818095858286206123e+00
5.013495705508937306e+00,5.026809071115726724e+00,3.994009682036825382e-02,-3.241122654822348181e-02,9.817528870272145269e+00
5.013604495817792106e+00,5.026809071115726724e+00,3.961372589380385278e-02,-3.263709265644010316e-02,9.816976633237363359e+00
5.013713983789970463e+00,5.026809071115726724e+00,3.928526197726878166e-02,-3.284639165350711210e-02,9.816438870323761279e+00
5.013824115649181401e+00,5.026809071115726724e+00,3.895486639963596787e-02,-3.303955776328137972e-02,9.815915308636355974e+00
5.013934839039255742e+00,5.026809071115726724e+00,3.862269622941294500e-02,-3.321701702230228648e-02,9.815405679207110268e+00
5.014046102997250287e+00,5.026809071115726724e+00,3.828890435542930959e-02,-3.337918739836354121e-02,9.814909716957066266e+00
5.014157857926941020e+00,5.026809071115726724e+00,3.795363956635711133e-02,-3.352647890721982549e-02,9.814427160659137783e+00
5.014270055572697338e+00,5.026809071115726724e+00,3.761704662908815777e-02,-3.365929372689535626e-02,9.813957752902194187e+00
5.014382648993744418e+00,5.026809071115726724e+00,3.727926636594691701e-02,-3.377802631412407663e-02,9.813501240051824226e+00
5.014495592538795954e+00,5.026809071115726724e+00,3.694043573079230924e-02,-3.388306351546077622e-02,9.813057372215332919e+00
5.014608841821069696e+00,5.026809071115726724e+00,3.660068788397108364e-02,-3.397478468212256075e-02,9.812625903201848132e+00
5.014722353693663592e+00,5.026809071115726724e+00,3.626015226618939380e-02,-3.405356177816898366e-02,9.812206590488020908e+00
5.014836086225305856e+00,5.026809071115726724e+00,3.591895467126260399e-02,-3.411975949267898045e-02,9.811799195178583233e+00
5.014949998676466514e+00,5.026809071115726724e+00,3.557721731778062946e-02,-3.417373534819745373e-02,9.811403481969584561e+00
5.015064051475823348e+00,5.026809071115726724e+00,3.523505891971012716e-02,-3.421583980705023009e-02,9.811019219112660394e+00
5.015178206197091981e+00,5.026809071115726724e+00,3.489259475590422710e-02,-3.424641638059000570e-02,9.810646178375314719e+00
5.015292425536197918e+00,5.026809071115726724e+00,3.454993673858641756e-02,-3.426580173178095379e-02,9.810284135006806849e+00
5.015406673288804740e+00,5.026809071115726724e+00,3.420719348076595168e-02,-3.427432578204658853e-02,9.809932867698719861e+00
5.015520914328181590e+00,5.026809071115726724e+00,3.386447036263540156e-02,-3.427231181305501195e-02,9.809592158549580887e+00
5.015635114583413490e+00,5.026809071115726724e+00,3.352186959693970181e-02,-3.426007656956997494e-02,9.809261793027371112e+00
5.015749241017947391e+00,5.026809071115726724e+00,3.317949029333799871e-02,-3.423793036017031000e-02,9.808941559933167298e+00
5.015863261608474843e+00,5.026809071115726724e+00,3.283742852175564053e-02,-3.420617715823581761e-02,9.808631251363520320e+00
5.015977145324138853e+00,5.026809071115726724e+00,3.249577737476361250e-02,-3.416511469920280319e-02,9.808330662675562195e+00
5.016090862106070247e+00,5.026809071115726724e+00,3.215462702896942915e-02,-3.411503457941833517e-02,9.808039592449551591e+00
5.016204382847246457e+00,5.026809071115726724e+00,3.181406480544080040e-02,-3.405622235286287491e-02,9.807757842452577535e+00
5.016317679372668259e+00,5.026809071115726724e+00,3.147417522917539401e-02,-3.398895762654063901e-02,9.807485217602636141e+00
5.016430724419850051e+00,5.026809071115726724e+00,3.113504008763001707e-02,-3.391351415453769391e-02,9.807221525933092821e+00
5.016543491619625428e+00,5.026809071115726724e+00,3.079673848830388749e-02,-3.383015993261295762e-02,9.806966578555691427e+00
5.016655955477256512e+00,5.026809071115726724e+00,3.045934691541063444e-02,-3.373915728932530556e-02,9.806720189626085826e+00
5.016768091353849712e+00,5.026809071115726724e+00,3.012293928563103407e-02,-3.364076297796003701e-02,9.806482176307671494e+00
5.016879875448074344e+00,5.026809071115726724e+00,2.978758700295713879e-02,-3.353522826738952745e-02,9.806252358735568109e+00
5.016991284778172577e+00,5.026809071115726724e+00,2.945335901266243894e-02,-3.342279902946998504e-02,9.806030559983192063e+00
5.017102297164268698e+00,5.026809071115726724e+00,2.912032185437407605e-02,-3.330371582883628889e-02,9.805816606025537396e+00
5.017212891210967030e+00,5.026809071115726724e+00,2.878853971427908220e-02,-3.317821400949938493e-02,9.805610325704780195e+00
5.017323046290235844e+00,5.026809071115726724e+00,2.845807447647263899e-02,-3.304652378064432128e-02,9.805411550695829703e+00
5.017432742524574607e+00,5.026809071115726724e+00,2.812898577345634976e-02,-3.290887030162892302e-02,9.805220115471827924e+00
5.017541960770460108e+00,5.026809071115726724e+00,2.780133103579984777e-02,-3.276547376565019931e-02,9.805035857270150146e+00
5.017650682602073253e+00,5.026809071115726724e+00,2.747516554096041119e-02,-3.261654948394365761e-02,9.804858616057018139e+00
5.017758890295292318e+00,5.026809071115726724e+00,2.715054246130321758e-02,-3.246230796571936139e-02,9.804688234495584354e+00
5.017866566811960638e+00,5.026809071115726724e+00,2.682751291129825688e-02,-3.230295500049606972e-02,9.804524557910802685e+00
5.017973695784419874e+00,5.026809071115726724e+00,2.650612599392054847e-02,-3.213869173777084143e-02,9.804367434256150204e+00
5.018080261500304395e+00,5.026809071115726724e+00,2.618642884626698475e-02,-3.196971476535637180e-02,9.804216714080911999e+00
5.018186248887597678e+00,5.026809071115726724e+00,2.586846668438713692e-02,-3.179621618798478266e-02,9.804072250496403740e+00
5.018291643499940058e+00,5.026809071115726724e+00,2.555228284735999722e-02,-3.161838370271397025e-02,9.803933899144645636e+00
5.018396431502196720e+00,5.026809071115726724e+00,2.523791884059001234e-02,-3.143640067699848828e-02,9.803801518163592021e+00
5.018500599656269934e+00,5.026809071115726724e+00,2.492541437837036966e-02,-3.125044622196426758e-02,9.803674968156407488e+00
5.018604135307159098e+00,5.026809071115726724e+00,2.461480742570287816e-02,-3.106069526674914982e-02,9.803554112158954226e+00
5.018707026369264135e+00,5.026809071115726724e+00,2.430613423938776663e-02,-3.086731863151115363e-02,9.803438815607876222e+00
5.018809261312929593e+00,5.026809071115726724e+00,2.399942940839139283e-02,-3.067048309963738006e-02,9.803328946308754510e+00
5.018910829151225883e+00,5.026809071115726724e+00,2.369472589350252179e-02,-3.047035148888710410e-02,9.803224374404615915e+00
5.019011719426963225e+00,5.026809071115726724e+00,2.339205506629049580e-02,-3.026708272120259835e-02,9.803124972345088395e+00
5.019111922199934739e+00,5.026809071115726724e+00,2.309144674737595437e-02,-3.006083189145414281e-02,9.803030614855922309e+00
5.019211428034392242e+00,5.026809071115726724e+00,2.279292924400344589e-02,-2.985175033725084859e-02,9.802941178906753095e+00
5.019310227986740536e+00,5.026809071115726724e+00,2.249652938695856363e-02,-2.963998570448822534e-02,9.802856543682469947e+00
5.019408313593456405e+00,5.026809071115726724e+00,2.220227256681095440e-02,-2.942568201476092327e-02,9.802776590552049640e+00
5.019505676859227883e+00,5.026809071115726724e+00,2.191018276949652233e-02,-2.920897973144320758e-02,9.802701203038054700e+00
5.019602310245303123e+00,5.026809071115726724e+00,2.162028261127080242e-02,-2.899001582257199061e-02,9.802630266788700197e+00
5.019698206658056883e+00,5.026809071115726724e+00,2.133259337300952296e-02,-2.876892382612794563e-02,9.802563669546881187e+00
5.019793359437765723e+00,5.026809071115726724e+00,2.104713503388300211e-02,-2.854583391265208547e-02,9.802501301121232302e+00
5.019887762347586602e+00,5.026809071115726724e+00,2.076392630442036591e-02,-2.832087294626361995e-02,9.802443053358157243e+00
5.019981409562743302e+00,5.026809071115726724e+00,2.048298465895026510e-02,-2.809416454701008092e-02,9.802388820111939793e+00
5.020074295659910923e+00,5.026809071115726724e+00,2.020432636744740051e-02,-2.786582915028645857e-02,9.802338497217160551e+00
5.020166415606800214e+00,5.026809071115726724e+00,1.992796652677952807e-02,-2.763598406678724473e-02,9.802291982459992781e+00
5.020257764751935525e+00,5.026809071115726724e+00,1.965391909137359505e-02,-2.740474354059330153e-02,9.802249175550780791e+00
5.020348338814626388e+00,5.026809071115726724e+00,1.938219690330100775e-02,-2.717221880725873007e-02,9.802209978096042775e+00
5.020438133875126496e+00,5.026809071115726724e+00,1.911281172180068211e-02,-2.693851815003256434e-02,9.802174293571768615e+00
5.020527146364983651e+00,5.026809071115726724e+00,1.884577425222921931e-02,-2.670374695714627933e-02,9.802142027295083437e+00
5.020615373057570885e+00,5.026809071115726724e+00,1.858109417446751621e-02,-2.646800777617031031e-02,9.802113086398296815e+00
5.020702811058797899e+00,5.026809071115726724e+00,1.831878017078647503e-02,-2.623140036810411857e-02,9.802087379802681966e+00
5.020789457798004563e+00,5.026809071115726724e+00,1.805883995316648338e-02,-2.599402176199916426e-02,9.802064818191167817e+00
5.020875311019030285e+00,5.026809071115726724e+00,1.780128029008931634e-02,-2.575596630771670448e-02,9.802045313982372221e+00
5.020960368771454796e+00,5.026809071115726724e+00,1.754610703281578310e-02,-2.551732572735332383e-02,9.802028781305462957e+00
5.021044629402009463e+00,5.026809071115726724e+00,1.729332514115178299e-02,-2.527818916640001135e-02,9.802015135974752269e+00
5.021128091546161798e+00,5.026809071115726724e+00,1.704293870869477701e-02,-2.503864324570059807e-02,9.802004295462994676e+00
5.021210754119860731e+00,5.026809071115726724e+00,1.679495098759797855e-02,-2.479877210967984524e-02,9.801996178877917743e+00
5.021292616311447077e+00,5.026809071115726724e+00,1.654936441283894055e-02,-2.455865747590380010e-02,9.801990706936935638e+00
5.021373677573727434e+00,5.026809071115726724e+00,1.630618062599786811e-02,-2.431837868410724468e-02,9.801987801941891121e+00
5.021453937616201735e+00,5.026809071115726724e+00,1.606540049857496655e-02,-2.407801274229015576e-02,9.801987387756284420e+00
5.021533396397451554e+00,5.026809071115726724e+00,1.582702415482550862e-02,-2.383763437494579307e-02,9.801989389779880213e+00
5.021612054117679413e+00,5.026809071115726724e+00,1.559105099414193063e-02,-2.359731606835779871e-02,9.801993734925783741e+00
5.021689911211399959e+00,5.026809071115726724e+00,1.535747971298029313e-02,-2.335712811616375006e-02,9.802000351596817040e+00
5.021766968340280357e+00,5.026809071115726724e+00,1.512630832633909961e-02,-2.311713866411935214e-02,9.802009169662220245e+00
5.021843226386127235e+00,5.026809071115726724e+00,1.489753418879846691e-02,-2.287741375406326938e-02,9.802020120434736583e+00
5.021918686444017510e+00,5.026809071115726724e+00,1.467115401512764095e-02,-2.263801736708259682e-02,9.802033136648045542e+00
5.021993349815572216e+00,5.026809071115726724e+00,1.444716390046352217e-02,-2.239901146641187779e-02,9.802048152434052142e+00
5.022067218002370659e+00,5.026809071115726724e+00,1.422555934006819456e-02,-2.216045603953276100e-02,9.802065103300535043e+00
5.022140292699498687e+00,5.026809071115726724e+00,1.400633524868410973e-02,-2.192240913840848293e-02,9.802083926110276124e+00
5.022212575789238187e+00,5.026809071115726724e+00,1.378948597946560994e-02,-2.168492692184997850e-02,9.802104559057616129e+00
5.022284069334883583e+00,5.026809071115726724e+00,1.357500534252942259e-02,-2.144806369361873521e-02,9.802126941648911185e+00
5.022354775574693342e+00,5.026809071115726724e+00,1.336288662310014530e-02,-2.121187194292772915e-02,9.802151014680173802e+00
5.022424696915971154e+00,5.026809071115726724e+00,1.315312259926670890e-02,-2.097640238334363971e-02,9.802176720215923567e+00
5.022493835929270567e+00,5.026809071115726724e+00,1.294570555936847001e-02,-2.074170398982388974e-02,9.802204001569545966e+00
5.022562195342726632e+00,5.026809071115726724e+00,1.274062731900027501e-02,-2.050782403681949972e-02,9.802232803282180384e+00
5.022629778036511006e+00,5.026809071115726724e+00,1.253787923764715373e-02,-2.027480813531212789e-02,9.802263071102334635e+00
5.022696587037406069e+00,5.026809071115726724e+00,1.233745223496196530e-02,-2.004270026851884268e-02,9.802294751966442732e+00
5.022762625513498058e+00,5.026809071115726724e+00,1.213933680668599635e-02,-1.981154282759689522e-02,9.802327793979088710e+00
5.022827896768987443e+00,5.026809071115726724e+00,1.194352304021784050e-02,-1.958137664681558476e-02,9.802362146393402753e+00
5.022892404239116537e+00,5.026809071115726724e+00,1.175000062983055926e-02,-1.935224103872812407e-02,9.802397759591102044e+00
5.022956151485204579e+00,5.026809071115726724e+00,1.155875889156643410e-02,-1.912417382641251606e-02,9.802434585065153527e+00
5.023019142189799169e+00,5.026809071115726724e+00,1.136978677778266444e-02,-1.889721137837696574e-02,9.802472575399406196e+00
5.023081380151933395e+00,5.026809071115726724e+00,1.118307289137998595e-02,-1.867138864026784972e-02,9.802511684251111745e+00
5.023142869282493095e+00,5.026809071115726724e+00,1.099860549970088641e-02,-1.844673916790995349e-02,9.802551866331791430e+00
5.023203613599685369e+00,5.026809071115726724e+00,1.081637254812406468e-02,-1.822329515768217334e-02,9.802593077390442389e+00
5.023263617224617228e+00,5.026809071115726724e+00,1.063636167332848714e-02,-1.800108747955775357e-02,9.802635274193772119e+00
5.023322884376968389e+00,5.026809071115726724e+00,1.045856021627500354e-02,-1.778014570534836025e-02,9.802678414510927141e+00
5.023381419370770651e+00,5.026809071115726724e+00,1.028295523486821850e-02,-1.756049814067850434e-02,9.802722457094191100e+00
5.023439226610282304e+00,5.026809071115726724e+00,1.010953351633325781e-02,-1.734217185349606893e-02,9.802767361662837686e+00
5.023496310585960245e+00,5.026809071115726724e+00,9.938281589299435836e-03,-1.712519270338219712e-02,9.802813088885917736e+00
5.023552675870527118e+00,5.026809071115726724e+00,9.769185735598817644e-03,-1.690958537006181928e-02,9.802859600365536608e+00
5.023608327115129946e+00,5.026809071115726724e+00,9.602232001790333982e-03,-1.669537338084836620e-02,9.802906858620943353e+00
5.023663269045594681e+00,5.026809071115726724e+00,9.437406210396126482e-03,-1.648257913942074993e-02,9.802954827070976762e+00
5.023717506458766913e+00,5.026809071115726724e+00,9.274693970879432925e-03,-1.627122395166935576e-02,9.803003470019209686e+00
5.023771044218941384e+00,5.026809071115726724e+00,9.114080690356018977e-03,-1.606132805234139482e-02,9.803052752638015122e+00
5.023823887254379450e+00,5.026809071115726724e+00,8.955551584041820945e-03,-1.585291063141980317e-02,9.803102640952623403e+00
5.023876040553912681e+00,5.026809071115726724e+00,8.799091685442128608e-03,-1.564598985996923375e-02,9.803153101825472504e+00
5.023927509163628180e+00,5.026809071115726724e+00,8.644685856295630799e-03,-1.544058291464978083e-02,9.803204102941645459e+00
5.023978298183638280e+00,5.026809071115726724e+00,8.492318796265330150e-03,-1.523670600303006495e-02,9.803255612793236651e+00
5.024028412764927509e+00,5.026809071115726724e+00,8.341975052397643253e-03,-1.503437438676868965e-02,9.803307600665629451e+00
5.024077858106283045e+00,5.026809071115726724e+00,8.193639028331034524e-03,-1.483360240666087293e-02,9.803360036621670659e+00
5.024126639451300669e+00,5.026809071115726724e+00,8.047294993278164554e-03,-1.463440350528699696e-02,9.803412891487990777e+00
5.024174762085467094e+00,5.026809071115726724e+00,7.902927090778888441e-03,-1.443679024992761128e-02,9.803466136840851775e+00
5.024222231333317801e+00,5.026809071115726724e+00,7.760519347226768616e-03,-1.424077435521198254e-02,9.803519744992016172e+00
5.024269052555667692e+00,5.026809071115726724e+00,7.620055680177095780e-03,-1.404636670496728357e-02,9.803573688975209421e+00
5.024315231146915472e+00,5.026809071115726724e+00,7.481519906433753420e-03,-1.385357737433423608e-02,9.803627942532099127e+00
5.024360772532416419e+00,5.026809071115726724e+00,7.344895749930913098e-03,-1.366241565028403215e-02,9.803682480099647378e+00
5.024405682165927089e+00,5.026809071115726724e+00,7.210166849398902400e-03,-1.347289005320106980e-02,9.803737276796198330e+00
5.024449965527117534e+00,5.026809071115726724e+00,7.077316765827568190e-03,-1.328500835713342099e-02,9.803792308408695533e+00
5.024493628119148347e+00,5.026809071115726724e+00,6.946328989735128800e-03,-1.309877760924393897e-02,9.803847551380492575e+00
5.024536675466317881e+00,5.026809071115726724e+00,6.817186948226527932e-03,-1.291420415086008688e-02,9.803902982797367827e+00
5.024579113111767192e+00,5.026809071115726724e+00,6.689874011878593763e-03,-1.273129363479341691e-02,9.803958580377084786e+00
5.024620946615254269e+00,5.026809071115726724e+00,6.564373501417364309e-03,-1.255005104612294531e-02,9.804014322455294916e+00
5.024662181550986872e+00,5.026809071115726724e+00,6.440668694219553458e-03,-1.237048071978108510e-02,9.804070187974438966e+00
5.024702823505516669e+00,5.026809071115726724e+00,6.318742830630164065e-03,-1.219258635893893938e-02,9.804126156471692610e+00
5.024742878075693753e+00,5.026809071115726724e+00,6.198579120098912654e-03,-1.201637105312514109e-02,9.804182208066974269e+00
5.024782350866677127e+00,5.026809071115726724e+00,6.080160747148788403e-03,-1.184183729501242510e-02,9.804238323452135973e+00
5.024821247490005582e+00,5.026809071115726724e+00,5.963470877163423722e-03,-1.166898699853646804e-02,9.804294483878628341e+00
5.024859573561721859e+00,5.026809071115726724e+00,5.848492662014592725e-03,-1.149782151488309978e-02,9.804350671147131990e+00
5.024897334700552776e+00,5.026809071115726724e+00,5.735209245521843968e-03,-1.132834164927487564e-02,9.804406867596247466e+00
5.024934536526143525e+00,5.026809071115726724e+00,5.623603768749596554e-03,-1.116054767722474139e-02,9.804463056091524464e+00
5.024971184657343493e+00,5.026809071115726724e+00,5.513659375149693176e-03,-1.099443935999033783e-02,9.804519220015158965e+00
5.025007284710545363e+00,5.026809071115726724e+00,5.405359215544081053e-03,-1.083001596056121230e-02,9.804575343254983366e+00
5.025042842298072188e+00,5.026809071115726724e+00,5.298686452963607962e-03,-1.066727625804730906e-02,9.804631410194916796e+00
5.025077863026618630e+00,5.026809071115726724e+00,5.193624267324281618e-03,-1.050621856393263442e-02,9.804687405703392145e+00
5.025112352495735735e+00,5.026809071115726724e+00,5.090155859972966823e-03,-1.034684073513147951e-02,9.804743315124841985e+00
5.025146316296365434e+00,5.026809071115726724e+00,4.988264458083868647e-03,-1.018914018890981765e-02,9.804799124269173660e+00
5.025179760009422125e+00,5.026809071115726724e+00,4.887933318913795233e-03,-1.003311391700734134e-02,9.804854819401906951e+00
5.025212689204418659e+00,5.026809071115726724e+00,4.789145733924193848e-03,-9.878758498960138468e-03,9.804910387234965441e+00
5.025245109438138513e+00,5.026809071115726724e+00,4.691885032764631092e-03,-9.726070115956275686e-03,9.804965814916808853e+00
5.025277026253350598e+00,5.026809071115726724e+00,4.596134587128375415e-03,-9.575044563625567662e-03,9.805021090023503305e+00
5.025308445177564920e+00,5.026809071115726724e+00,4.501877814485411022e-03,-9.425677264296439262e-03,9.805076200550189469e+00
5.025339371721834425e+00,5.026809071115726724e+00,4.409098181676895933e-03,-9.277963280851508898e-03,9.805131134900825884e+00
5.025369811379593266e+00,5.026809071115726724e+00,4.317779208400374102e-03,-9.131897327652183094e-03,9.805185881880749577e+00
5.025399769625540358e+00,5.026809071115726724e+00,4.227904470559096239e-03,-8.987473784127786303e-03,9.805240430686431807e+00
5.025429251914556694e+00,5.026809071115726724e+00,4.139457603510088290e-03,-8.844686704900794894e-03,9.805294770898608903e+00
5.025458263680662618e+00,5.026809071115726724e+00,4.052422305192315832e-03,-8.703529831777245818e-03,9.805348892473414679e+00
5.025486810336015964e+00,5.026809071115726724e+00,3.966782339132279844e-03,-8.563996606003598799e-03,9.805402785733129178e+00
5.025514897269942161e+00,5.026809071115726724e+00,3.882521537353689212e-03,-8.426080177859063269e-03,9.805456441359496012e+00
5.025542529848004314e+00,5.026809071115726724e+00,3.799623803167229141e-03,-8.289773418646007030e-03,9.805509850384520831e+00
5.025569713411105255e+00,5.026809071115726724e+00,3.718073113864406309e-03,-8.155068930282283191e-03,9.805563004183582620e+00
5.025596453274624231e+00,5.026809071115726724e+00,3.637853523307477133e-03,-8.021959055692917673e-03,9.805615894467614169e+00
5.025622754727590014e+00,5.026809071115726724e+00,3.558949164410130095e-03,-7.890435889734703778e-03,9.805668513274675036e+00
5.025648623031883311e+00,5.026809071115726724e+00,3.481344251530238409e-03,-7.760491287989168541e-03,9.805720852963542455e+00
5.025674063421472937e+00,5.026809071115726724e+00,3.405023082761360342e-03,-7.632116876887806711e-03,9.805772906205874051e+00
5.025699081101683063e+00,5.026809071115726724e+00,3.329970042130980801e-03,-7.505304063037954165e-03,9.805824665979093524e+00
5.025723681248491559e+00,5.026809071115726724e+00,3.256169601705494188e-03,-7.380044042548661309e-03,9.805876125559157330e+00
5.025747869007855861e+00,5.026809071115726724e+00,3.183606323612586664e-03,-7.256327809290752384e-03,9.805927278514321443e+00
5.025771649495071713e+00,5.026809071115726724e+00,3.112264861965030605e-03,-7.134146164755605923e-03,9.805978118697209922e+00
5.025795027794156766e+00,5.026809071115726724e+00,3.042129964709872070e-03,-7.013489725515853479e-03,9.806028640239194516e+00
5.025818008957266159e+00,5.026809071115726724e+00,2.973186475381695004e-03,-6.894348932817706554e-03,9.806078837542564486e+00
5.025840598004129411e+00,5.026809071115726724e+00,2.905419334791936592e-03,-6.776714058975841226e-03,9.806128705275817481e+00
5.025862799921520185e+00,5.026809071115726724e+00,2.838813582619614806e-03,-6.660575217232178602e-03,9.806178238365387045e+00
5.025884619662748243e+00,5.026809071115726724e+00,2.773354358935442576e-03,-6.545922368417222970e-03,9.806227431990517829e+00
5.025906062147174502e+00,5.026809071115726724e+00,2.709026905656664042e-03,-6.432745327877853470e-03,9.806276281577780196e+00
5.025927132259758956e+00,5.026809071115726724e+00,2.645816567903302996e-03,-6.321033775336104554e-03,9.806324782792568584e+00
5.025947834850622797e+00,5.026809071115726724e+00,2.583708795311778772e-03,-6.210777259152422403e-03,9.806372931536159854e+00
5.025968174734639859e+00,5.026809071115726724e+00,2.522689143260592459e-03,-6.101965205118631275e-03,9.806420723938142459e+00
5.025988156691051145e+00,5.026809071115726724e+00,2.462743274026735207e-03,-5.994586923385725186e-03,9.806468156350641507e+00
5.026007785463097122e+00,5.026809071115726724e+00,2.403856957888805823e-03,-5.888631613792938424e-03,9.806515225344096365e+00
5.026027065757677548e+00,5.026809071115726724e+00,2.346016074147527775e-03,-5.784088374127804855e-03,9.806561927700020220e+00
5.026046002245028177e+00,5.026809071115726724e+00,2.289206612095640025e-03,-5.680946205188774911e-03,9.806608260406907362e+00
5.026064599558419665e+00,5.026809071115726724e+00,2.233414671921174488e-03,-5.579194017446553744e-03,9.806654220654476006e+00
5.026082862293876019e+00,5.026809071115726724e+00,2.178626465552113700e-03,-5.478820636906078789e-03,9.806699805828646532e+00
5.026100795009915245e+00,5.026809071115726724e+00,2.124828317434435121e-03,-5.379814811767857918e-03,9.806745013505667075e+00
5.026118402227305104e+00,5.026809071115726724e+00,2.072006665264858327e-03,-5.282165216957679377e-03,9.806789841448306788e+00
5.026135688428840176e+00,5.026809071115726724e+00,2.020148060659643363e-03,-5.185860460521496407e-03,9.806834287600139533e+00
5.026152658059134914e+00,5.026809071115726724e+00,1.969239169775427456e-03,-5.090889088421590714e-03,9.806878350081355222e+00
5.026169315524438019e+00,5.026809071115726724e+00,1.919266773866112885e-03,-4.997239590931457087e-03,9.806922027182935153e+00
5.026185665192459240e+00,5.026809071115726724e+00,1.870217769802451357e-03,-4.904900406366152765e-03,9.806965317363436796e+00
5.026201711392216609e+00,5.026809071115726724e+00,1.822079170530344072e-03,-4.813859927210728529e-03,9.807008219243320113e+00
5.026217458413898775e+00,5.026809071115726724e+00,1.774838105483844686e-03,-4.724106504649938643e-03,9.807050731600835292e+00
5.026232910508740659e+00,5.026809071115726724e+00,1.728481820958194248e-03,-4.635628452565043744e-03,9.807092853368393648e+00
5.026248071888919533e+00,5.026809071115726724e+00,1.682997680421571829e-03,-4.548414053662241940e-03,9.807134583626758939e+00
5.026262946727460879e+00,5.026809071115726724e+00,1.638373164797535253e-03,-4.462451562403657590e-03,9.807175921602393487e+00
5.026277539158162888e+00,5.026809071115726724e+00,1.594595872691506599e-03,-4.377729210602865351e-03,9.807216866662088250e+00
5.026291853275530741e+00,5.026809071115726724e+00,1.551653520587947810e-03,-4.294235210355878962e-03,9.807257418310232566e+00
5.026305893134729530e+00,5.026809071115726724e+00,1.509533942991581057e-03,-4.211957759636675291e-03,9.807297576183355403e+00
5.026319662751546957e+00,5.026809071115726724e+00,1.468225092539299226e-03,-4.130885045228183117e-03,9.807337340047311613e+00
5.026333166102369354e+00,5.026809071115726724e+00,1.427715040072108366e-03,-4.051005246719086017e-03,9.807376709793352632e+00
5.026346407124171023e+00,5.026809071115726724e+00,1.387991974667102113e-03,-3.972306540500625260e-03,9.807415685434166974e+00
5.026359389714516013e+00,5.026809071115726724e+00,1.349044203632132621e-03,-3.894777103496949167e-03,9.807454267100135681e+00
5.026372117731571443e+00,5.026809071115726724e+00,1.310860152465842532e-03,-3.818405116629008944e-03,9.807492455035838219e+00
5.026384594994129706e+00,5.026809071115726724e+00,1.273428364791051592e-03,-3.743178767479093949e-03,9.807530249597313343e+00
5.026396825281648439e+00,5.026809071115726724e+00,1.236737502234852570e-03,-3.669086255619902204e-03,9.807567651246614560e+00
5.026408812334291376e+00,5.026809071115726724e+00,1.200776344306042631e-03,-3.596115792880993922e-03,9.807604660551426434e+00
5.026420559852989633e+00,5.026809071115726724e+00,1.165533788211270405e-03,-3.524255609477222606e-03,9.807641278178735433e+00
5.026432071499505660e+00,5.026809071115726724e+00,1.130998848663189449e-03,-3.453493954808095623e-03,9.807677504893856479e+00
5.026443350896511397e+00,5.026809071115726724e+00,1.097160657645979143e-03,-3.383819101721030620e-03,9.807713341555924558e+00
5.026454401627672652e+00,5.026809071115726724e+00,1.064008464162213841e-03,-3.315219348376530206e-03,9.807748789115786181e+00
5.026465227237745026e+00,5.026809071115726724e+00,1.031531633945093063e-03,-3.247683021712077789e-03,9.807783848612233513e+00
5.026475831232678715e+00,5.026809071115726724e+00,9.997196491440263344e-04,-3.181198480106672832e-03,9.807818521169037851e+00
5.026486217079729535e+00,5.026809071115726724e+00,9.685621079915662790e-04,-3.115754115246005540e-03,9.807852807992745170e+00
5.026496388207579713e+00,5.026809071115726724e+00,9.380487244410318226e-04,-3.051338355053445639e-03,9.807886710369388084e+00
5.026506348006466673e+00,5.026809071115726724e+00,9.081693277801505815e-04,-2.987939666088124113e-03,9.807920229661693412e+00
5.026516099828319817e+00,5.026809071115726724e+00,8.789138622207204321e-04,-2.925546555943014937e-03,9.807953367306279091e+00
5.026525646986903517e+00,5.026809071115726724e+00,8.502723864696193345e-04,-2.864147575110109756e-03,9.807986124811360895e+00
5.026534992757968112e+00,5.026809071115726724e+00,8.222350732758343383e-04,-2.803731319378499620e-03,9.808018503753897832e+00
5.026544140379407999e+00,5.026809071115726724e+00,7.947922089561743064e-04,-2.744286431966003192e-03,9.808050505776989780e+00
5.026553093051425947e+00,5.026809071115726724e+00,7.679341929023308921e-04,-2.685801605384341428e-03,9.808082132587518487e+00
5.026561853936702740e+00,5.026809071115726724e+00,7.416515370719523048e-04,-2.628265583037858732e-03,9.808113385954033703e+00
5.026570426160574812e+00,5.026809071115726724e+00,7.159348654557362579e-04,-2.571667161621604691e-03,9.808144267703834629e+00
5.026578812811217212e+00,5.026809071115726724e+00,6.907749135285357056e-04,-2.515995192720055229e-03,9.808174779720808090e+00
5.026587016939831898e+00,5.026809071115726724e+00,6.661625276844773680e-04,-2.461238584405833763e-03,9.808204923943279141e+00
5.026595041560840471e+00,5.026809071115726724e+00,6.420886646587575797e-04,-2.407386302571978831e-03,9.808234702362087276e+00
5.026602889652085793e+00,5.026809071115726724e+00,6.185443909227927861e-04,-2.354427373596479356e-03,9.808264117017326811e+00
5.026610564155032712e+00,5.026809071115726724e+00,5.955208820820345750e-04,-2.302350884075821114e-03,9.808293169998005823e+00
5.026618067974979454e+00,5.026809071115726724e+00,5.730094222418102845e-04,-2.251145984022429047e-03,9.808321863438219879e+00
5.026625403981269891e+00,5.026809071115726724e+00,5.510014033704990766e-04,-2.200801887131120793e-03,9.808350199516240764e+00
5.026632575007512038e+00,5.026809071115726724e+00,5.294883246440562630e-04,-2.151307872644281360e-03,9.808378180451999384e+00
5.026639583851799209e+00,5.026809071115726724e+00,5.084617917825440259e-04,-2.102653286151223710e-03,9.808405808505632706e+00
5.026646433276937387e+00,5.026809071115726724e+00,4.879135163680103915e-04,-2.054827541453363438e-03,9.808433085974915144e+00
5.026653126010672601e+00,5.026809071115726724e+00,4.678353151623682038e-04,-2.007820120564218769e-03,9.808460015194597759e+00
5.026659664745927181e+00,5.026809071115726724e+00,4.482191093986287456e-04,-1.961620576373945823e-03,9.808486598533026068e+00
5.026666052141035124e+00,5.026809071115726724e+00,4.290569240747998947e-04,-1.916218532382885087e-03,9.808512838391692412e+00
5.026672290819982791e+00,5.026809071115726724e+00,4.103408872317970690e-04,-1.871603684300282566e-03,9.808538737202932012e+00
5.026678383372650494e+00,5.026809071115726724e+00,3.920632292286896359e-04,-1.827765800310743316e-03,9.808564297428919332e+00
5.026684332355061180e+00,5.026809071115726724e+00,3.742162819966310394e-04,-1.784694723205859646e-03,9.808589521558790381e+00
5.026690140289627351e+00,5.026809071115726724e+00,3.567924782981179987e-04,-1.742380369851304067e-03,9.808614412108447311e+00
5.026695809665404191e+00,5.026809071115726724e+00,3.397843509675979590e-04,-1.700812733052003978e-03,9.808638971617916980e+00
5.026701342938343586e+00,5.026809071115726724e+00,3.231845321494120071e-04,-1.659981881818595184e-03,9.808663202650331314e+00
5.026706742531547256e+00,5.026809071115726724e+00,3.069857525384023234e-04,-1.619877961100968378e-03,9.808687107791438820e+00
5.026712010835530542e+00,5.026809071115726724e+00,2.911808405885452089e-04,-1.580491194985711445e-03,9.808710689645604219e+00
5.026717150208478202e+00,5.026809071115726724e+00,2.757627217455649316e-04,-1.541811884298027735e-03,9.808733950837448035e+00
5.026722162976509978e+00,5.026809071115726724e+00,2.607244176502376831e-04,-1.503830409532724843e-03,9.808756894008118010e+00
5.026727051433942606e+00,5.026809071115726724e+00,2.460590453523536780e-04,-1.466537229788400509e-03,9.808779521815564451e+00
5.026731817843556271e+00,5.026809071115726724e+00,2.317598165113565756e-04,-1.429922884099710245e-03,9.808801836932412144e+00
5.026736464436863727e+00,5.026809071115726724e+00,2.178200365889892964e-04,-1.393977992236727914e-03,9.808823842044352759e+00
5.026740993414374969e+00,5.026809071115726724e+00,2.042331040552625154e-04,-1.358693253372678100e-03,9.808845539850683082e+00
5.026745406945871686e+00,5.026809071115726724e+00,1.909925095651132665e-04,-1.324059449014924894e-03,9.808866933060549798e+00
5.026749707170674597e+00,5.026809071115726724e+00,1.780918351563798296e-04,-1.290067440873343685e-03,9.808888024394283534e+00
5.026753896197917015e+00,5.026809071115726724e+00,1.655247534291248712e-04,-1.256708172725495842e-03,9.808908816580704126e+00
5.026757976106817516e+00,5.026809071115726724e+00,1.532850267276231193e-04,-1.223972670150175190e-03,9.808929312356578833e+00
5.026761948946953495e+00,5.026809071115726724e+00,1.413665063196845040e-04,-1.191852040793861534e-03,9.808949514465526320e+00
5.026765816738535619e+00,5.026809071115726724e+00,1.297631315733127622e-04,-1.160337474637174182e-03,9.808969425656936636e+00
5.026769581472684045e+00,5.026809071115726724e+00,1.184689291280349721e-04,-1.129420244527779005e-03,9.808989048684601642e+00
5.026773245111700206e+00,5.026809071115726724e+00,1.074780120795537641e-04,-1.099091704848120798e-03,9.809008386307231930e+00
5.026776809589347472e+00,5.026809071115726724e+00,9.678457913775417865e-05,-1.069343294179958548e-03,9.809027441284957405e+00
5.026780276811122938e+00,5.026809071115726724e+00,8.638291381135587699e-05,-1.040166532639830166e-03,9.809046216381172911e+00
5.026783648654537195e+00,5.026809071115726724e+00,7.626738356858453471e-05,-1.011553024277134227e-03,9.809064714359291060e+00
5.026786926969387004e+00,5.026809071115726724e+00,6.643243901915951710e-05,-9.834944549425017613e-04,9.809082937984076267e+00
5.026790113578035069e+00,5.026809071115726724e+00,5.687261307496527252e-05,-9.559825944194244585e-04,9.809100890018655150e+00
5.026793210275685375e+00,5.026809071115726724e+00,4.758252012404540210e-05,-9.290092950919870418e-04,9.809118573225031668e+00
5.026796218830657637e+00,5.026809071115726724e+00,3.855685520726126470e-05,-9.025664916784137404e-04,9.809135990363529345e+00
5.026799140984666181e+00,5.026809071115726724e+00,2.979039318162790551e-05,-8.766462025633359190e-04,9.809153144190618789e+00
5.026801978453094399e+00,5.026809071115726724e+00,2.127798789697266102e-05,-8.512405284655244486e-04,9.809170037459431057e+00
5.026804732925268304e+00,5.026809071115726724e+00,1.301457137525829921e-05,-8.263416521714361807e-04,9.809186672919203431e+00
5.026807406064734529e+00,5.026809071115726724e+00,4.995152976583483451e-06,-8.019418398674815762e-04,9.809203053313108711e+00
5.026809999509531224e+00,5.026809071115726724e+00,-2.785181413500481540e-06,-7.780334390083964990e-04,9.809219181379578600e+00
5.026812514872466053e+00,5.026809071115726724e+00,-1.033127021798918577e-05,-7.546088804488704227e-04,9.809235059849333638e+00
5.026814953741386205e+00,5.026809071115726724e+00,-1.764787697844383274e-05,-7.316606760454646974e-04,9.809250691446976589e+00
5.026817317679451058e+00,5.026809071115726724e+00,-2.473969117300356402e-05,-7.091814194559731277e-04,9.809266078889372409e+00
5.026819608225404856e+00,5.026809071115726724e+00,-3.161132903439778374e-05,-6.871637861394219726e-04,9.809281224884827566e+00
5.026821826893846712e+00,5.026809071115726724e+00,-3.826733435996487742e-05,-6.656005325567093678e-04,9.809296132133084711e+00
5.026823975175502390e+00,5.026809071115726724e+00,-4.471217932700000119e-05,-6.444844967035123773e-04,9.809310803323970873e+00
5.026826054537489874e+00,5.026809071115726724e+00,-5.095026528945112432e-05,-6.238085962451123123e-04,9.809325241138466822e+00
5.026828066423591146e+00,5.026809071115726724e+00,-5.698592359326681844e-05,-6.035658303815694126e-04,9.809339448246024773e+00
5.026830012254517754e+00,5.026809071115726724e+00,-6.282341637309230009e-05,-5.837492779825481648e-04,9.809353427305644857e+00
5.026831893428174602e+00,5.026809071115726724e+00,-6.846693734363640260e-05,-5.643520970544102511e-04,9.809367180965601563e+00
5.026833711319928177e+00,5.026809071115726724e+00,-7.392061260436122438e-05,-5.453675260724821783e-04,9.809380711861322766e+00
5.026835467282867675e+00,5.026809071115726724e+00,-7.918850142285549509e-05,-5.267888818494270708e-04,9.809394022616729103e+00
5.026837162648068791e+00,5.026809071115726724e+00,-8.427459702620154758e-05,-5.086095603346052485e-04,9.809407115842638802e+00
5.026838798724853952e+00,5.026809071115726724e+00,-8.918282738168414880e-05,-4.908230355482601226e-04,9.809419994137069665e+00
5.026840376801053445e+00,5.026809071115726724e+00,-9.391705598016386602e-05,-4.734228598479717220e-04,9.809432660084173250e+00
5.026841898143261211e+00,5.026809071115726724e+00,-9.848108260346322140e-05,-4.564026623299355379e-04,9.809445116255066210e+00
5.026843363997094194e+00,5.026809071115726724e+00,-1.028786441024109877e-04,-4.397561498947766268e-04,9.809457365206004198e+00
5.026844775587448133e+00,5.026809071115726724e+00,-1.071134151642283427e-04,-4.234771061817355076e-04,9.809469409478655422e+00
5.026846134118749809e+00,5.026809071115726724e+00,-1.111890090692568833e-04,-4.075593905028540576e-04,9.809481251600427498e+00
5.026847440775211062e+00,5.026809071115726724e+00,-1.151089784530157090e-04,-3.919969383758825643e-04,9.809492894083170711e+00
5.026848696721081033e+00,5.026809071115726724e+00,-1.188768160629294357e-04,-3.767837609913726737e-04,9.809504339422947083e+00
5.026849903100893080e+00,5.026809071115726724e+00,-1.224959554990689981e-04,-3.619139436139562349e-04,9.809515590100886584e+00
5.026851061039715240e+00,5.026809071115726724e+00,-1.259697719655505921e-04,-3.473816466481594034e-04,9.809526648581385899e+00
5.026852171643395373e+00,5.026809071115726724e+00,-1.293015830059474069e-04,-3.331811040396814860e-04,9.809537517312953980e+00
5.026853235998807179e+00,5.026809071115726724e+00,-1.324946492413658916e-04,-3.193066235418484666e-04,9.809548198727217283e+00
5.026854255174091790e+00,5.026809071115726724e+00,-1.355521750951993454e-04,-3.057525853833453766e-04,9.809558695239521953e+00
5.026855230218900239e+00,5.026809071115726724e+00,-1.384773095205460436e-04,-2.925134425346698208e-04,9.809569009247944393e+00
5.026856162164633268e+00,5.026809071115726724e+00,-1.412731467196337576e-04,-2.795837199087713998e-04,9.809579143133372980e+00
5.026857052024680250e+00,5.026809071115726724e+00,-1.439427268605797394e-04,-2.669580140945981839e-04,9.809589099259046208e+00
5.026857900794652778e+00,5.026809071115726724e+00,-1.464890367781634950e-04,-2.546309917583755578e-04,9.809598879971463958e+00
5.026858709452622698e+00,5.026809071115726724e+00,-1.489150106879222335e-04,-2.425973909758738500e-04,9.809608487598335813e+00
5.026859478959352145e+00,5.026809071115726724e+00,-1.512235308762654995e-04,-2.308520188343266000e-04,9.809617924450289905e+00
5.026860210258526251e+00,5.026809071115726724e+00,-1.534174283985834109e-04,-2.193897522317911353e-04,9.809627192819370123e+00
5.026860904276982289e+00,5.026809071115726724e+00,-1.554994837666967555e-04,-2.082055368113344684e-04,9.809636294979423354e+00
5.026861561924937050e+00,5.026809071115726724e+00,-1.574724276309780180e-04,-1.972943864281262449e-04,9.809645233185941393e+00
5.026862184096209774e+00,5.026809071115726724e+00,-1.593389414491497291e-04,-1.866513818171711137e-04,9.809654009676734177e+00
5.026862771668450414e+00,5.026809071115726724e+00,-1.611016581710700279e-04,-1.762716721920298824e-04,9.809662626669638286e+00
5.026863325503358126e+00,5.026809071115726724e+00,-1.627631628942083353e-04,-1.661504723138307327e-04,9.809671086364792458e+00
5.026863846446902429e+00,5.026809071115726724e+00,-1.643259935271146333e-04,-1.562830632906297978e-04,9.809679390943182753e+00
5.026864335329540801e+00,5.026809071115726724e+00,-1.657926414422306038e-04,-1.466647915115970591e-04,9.809687542567047558e+00
5.026864792966436291e+00,5.026809071115726724e+00,-1.671655521287007673e-04,-1.372910686470163455e-04,9.809695543379223892e+00
5.026865220157668901e+00,5.026809071115726724e+00,-1.684471258265318738e-04,-1.281573697831106529e-04,9.809703395504390855e+00
5.026865617688452303e+00,5.026809071115726724e+00,-1.696397181767395068e-04,-1.192592350207632990e-04,9.809711101046802995e+00
5.026865986329340785e+00,5.026809071115726724e+00,-1.707456408421847982e-04,-1.105922665445291386e-04,9.809718662092613783e+00
5.026866326836437970e+00,5.026809071115726724e+00,-1.717671621337402144e-04,-1.021521291555416155e-04,9.809726080708710327e+00
5.026866639951606430e+00,5.026809071115726724e+00,-1.727065076391198772e-04,-9.393455053796628818e-05,9.809733358941823411e+00
5.026866926402669300e+00,5.026809071115726724e+00,-1.735658608277290682e-04,-8.593531886091909655e-05,9.809740498820310961e+00
5.026867186903613671e+00,5.026809071115726724e+00,-1.743473636608428023e-04,-7.815028331137341411e-05,9.809747502353028281e+00
5.026867422154793097e+00,5.026809071115726724e+00,-1.750531171991198676e-04,-7.057535382770652177e-05,9.809754371528974559e+00
5.026867632843125655e+00,5.026809071115726724e+00,-1.756851821967941873e-04,-6.320649976743197840e-05,9.809761108318035383e+00
5.026867819642290236e+00,5.026809071115726724e+00,-1.762455796905371130e-04,-5.603974937429256897e-05,9.809767714670936556e+00
5.026867983212921942e+00,5.026809071115726724e+00,-1.767362915856551808e-04,-4.907118951180677868e-05,9.809774192518903035e+00
5.026868124202805710e+00,5.026809071115726724e+00,-1.771592612369587982e-04,-4.229696513036174110e-05,9.809780543773634065e+00
5.026868243247066381e+00,5.026809071115726724e+00,-1.775163940189727896e-04,-3.571327820139913456e-05,9.809786770327779237e+00
5.026868340968359661e+00,5.026809071115726724e+00,-1.778095578988114767e-04,-2.931638798386870803e-05,9.809792874054117817e+00
5.026868417977058634e+00,5.026809071115726724e+00,-1.780405839957310832e-04,-2.310260969196065162e-05,9.809798856806313694e+00
5.026868474871438508e+00,5.026809071115726724e+00,-1.782112671353530686e-04,-1.706831396219854469e-05,9.809804720418902946e+00
5.026868512237860465e+00,5.026809071115726724e+00,-1.783233664012229269e-04,-1.120992658698583000e-05,9.809810466707013177e+00
5.026868530650952849e+00,5.026809071115726724e+00,-1.783786056783753793e-04,-5.523927715245235959e-06,9.809816097466606877e+00
5.026868530673791469e+00,5.026809071115726724e+00,-1.783786741942350318e-04,-6.851585965250706067e-09,9.809821614474220297e+00
5.026868512858078120e+00,5.026809071115726724e+00,-1.783252270541879625e-04,5.344714004706929700e-06,9.809827019486951016e+00
5.026868477744312891e+00,5.026809071115726724e+00,-1.782198857585015617e-04,1.053412956864008265e-05,9.809832314243809748e+00
5.026868425861972689e+00,5.026809071115726724e+00,-1.780642387378961189e-04,1.556470206054427763e-05,9.809837500463324034e+00
5.026868357729678216e+00,5.026809071115726724e+00,-1.778598418544774518e-04,2.043968834186671302e-05,9.809842579846488775e+00
5.026868273855368940e+00,5.026809071115726724e+00,-1.776082189266503519e-04,2.516229278270998293e-05,9.809847554073856557e+00
5.026868174736466521e+00,5.026809071115726724e+00,-1.773108622193930728e-04,2.973567072572791403e-05,9.809852424808507720e+00
5.026868060860045340e+00,5.026809071115726724e+00,-1.769692329558480992e-04,3.416292635449735826e-05,9.809857193693400035e+00
5.026867932702993258e+00,5.026809071115726724e+00,-1.765847617996030294e-04,3.844711562450697784e-05,9.809861862353825401e+00
5.026867790732176822e+00,5.026809071115726724e+00,-1.761588493502941333e-04,4.259124493088961572e-05,9.809866432395580205e+00
5.026867635404599355e+00,5.026809071115726724e+00,-1.756928666178936282e-04,4.659827324005050286e-05,9.809870905406622654e+00
5.026867467167562609e+00,5.026809071115726724e+00,-1.751881555076550967e-04,5.047111102385315462e-05,9.809875282955516695e+00
5.026867286458821305e+00,5.026809071115726724e+00,-1.746460292837426209e-04,5.421262239124757798e-05,9.809879566593107114e+00
5.026867093706739453e+00,5.026809071115726724e+00,-1.740677730381889887e-04,5.782562455536321977e-05,9.809883757851517672e+00
5.026866889330443122e+00,5.026809071115726724e+00,-1.734546441491957580e-04,6.131288889932307029e-05,9.809887858244749737e+00
5.026866673739971425e+00,5.026809071115726724e+00,-1.728078727341042509e-04,6.467714150915071514e-05,9.809891869268774656e+00
5.026866447336426624e+00,5.026809071115726724e+00,-1.721286620997020123e-04,6.792106344022386111e-05,9.809895792401341907e+00
5.026866210512121569e+00,5.026809071115726724e+00,-1.714181891845356631e-04,7.104729151663491393e-05,9.809899629102332597e+00
5.026865963650727132e+00,5.026809071115726724e+00,-1.706776050012237533e-04,7.405841833119097828e-05,9.809903380813331353e+00
5.026865707127413430e+00,5.026809071115726724e+00,-1.699080350601178679e-04,7.695699411058853912e-05,9.809907048959050968e+00
5.026865441308996374e+00,5.026809071115726724e+00,-1.691105798089509449e-04,7.974552511669230626e-05,9.809910634945307351e+00
5.026865166554073561e+00,5.026809071115726724e+00,-1.682863150405111696e-04,8.242647684397752528e-05,9.809914140161804852e+00
5.026864883213166380e+00,5.026809071115726724e+00,-1.674362923189676167e-04,8.500227215435529615e-05,9.809917565979835885e+00
5.026864591628857681e+00,5.026809071115726724e+00,-1.665615393928732146e-04,8.747529260944020280e-05,9.809920913753217064e+00
5.026864292135924117e+00,5.026809071115726724e+00,-1.656630605921805000e-04,8.984788006927146853e-05,9.809924184819477588e+00
5.026863985061472917e+00,5.026809071115726724e+00,-1.647418372385800467e-04,9.212233536004532652e-05,9.809927380498121963e+00
5.026863670725071565e+00,5.026809071115726724e+00,-1.637988280345226144e-04,9.430092040574322709e-05,9.809930502092370830e+00
5.026863349438879247e+00,5.026809071115726724e+00,-1.628349694575703666e-04,9.638585769522478586e-05,9.809933550888239040e+00
5.026863021507775642e+00,5.026809071115726724e+00,-1.618511761467544829e-04,9.837933108158836149e-05,9.809936528154935331e+00
5.026862687229487925e+00,5.026809071115726724e+00,-1.608483412836037019e-04,1.002834863150781075e-04,9.809939435145032860e+00
5.026862346894714229e+00,5.026809071115726724e+00,-1.598273369625147211e-04,1.021004321088980760e-04,9.809942273095145993e+00
5.026862000787249762e+00,5.026809071115726724e+00,-1.587890145691162047e-04,1.038322393398516397e-04,9.809945043224772121e+00
5.026861649184108494e+00,5.026809071115726724e+00,-1.577342051453101135e-04,1.054809423806091218e-04,9.809947746737236685e+00
5.026861292355640387e+00,5.026809071115726724e+00,-1.566637197409903592e-04,1.070485404319754252e-04,9.809950384820691482e+00
5.026860930565654861e+00,5.026809071115726724e+00,-1.555783497844132057e-04,1.085369956577153516e-04,9.809952958645872911e+00
5.026860564071533588e+00,5.026809071115726724e+00,-1.544788674205932466e-04,1.099482363819959119e-04,9.809955469368961900e+00
5.026860193124349507e+00,5.026809071115726724e+00,-1.533660258683511302e-04,1.112841552242116450e-04,9.809957918129356358e+00
5.026859817968977850e+00,5.026809071115726724e+00,-1.522405597533804666e-04,1.125466114970663511e-04,9.809960306051744183e+00
5.026859438844211603e+00,5.026809071115726724e+00,-1.511031854546374120e-04,1.137374298743054624e-04,9.809962634244421054e+00
5.026859055982869862e+00,5.026809071115726724e+00,-1.499546014294139695e-04,1.148584025223442495e-04,9.809964903801093428e+00
5.026858669611907970e+00,5.026809071115726724e+00,-1.487954885437403618e-04,1.159112885673607707e-04,9.809967115800024118e+00
5.026858279952525876e+00,5.026809071115726724e+00,-1.476265103974583326e-04,1.168978146282029229e-04,9.809969271304231242e+00
5.026857887220274712e+00,5.026809071115726724e+00,-1.464483136439653777e-04,1.178196753492954940e-04,9.809971371361704939e+00
5.026857491625159824e+00,5.026809071115726724e+00,-1.452615282993008350e-04,1.186785344664542663e-04,9.809973417006167651e+00
5.026857093371745577e+00,5.026809071115726724e+00,-1.440667680565610453e-04,1.194760242739789646e-04,9.809975409256217915e+00
5.026856692659256609e+00,5.026809071115726724e+00,-1.428646305896563717e-04,1.202137466904673602e-04,9.809977349116101308e+00
5.026856289681679080e+00,5.026809071115726724e+00,-1.416556978570682190e-04,1.208932732588152703e-04,9.809979237575401356e+00
5.026855884627859261e+00,5.026809071115726724e+00,-1.404405363976124477e-04,1.215161459455771364e-04,9.809981075609549350e+00
5.026855477681600348e+00,5.026809071115726724e+00,-1.392196976208737169e-04,1.220838776738730758e-04,9.809982864180053497e+00
5.026855069021759270e+00,5.026809071115726724e+00,-1.379937180976398281e-04,1.225979523233888813e-04,9.809984604234227135e+00
5.026854658822341726e+00,5.026809071115726724e+00,-1.367631198450069974e-04,1.230598252632830736e-04,9.809986296705417885e+00
5.026854247252594554e+00,5.026809071115726724e+00,-1.355284106034915226e-04,1.234709241515474787e-04,9.809987942513547665e+00
5.026853834477098992e+00,5.026809071115726724e+00,-1.342900841168059856e-04,1.238326486685537020e-04,9.809989542564551357e+00
5.026853420655860383e+00,5.026809071115726724e+00,-1.330486204009773132e-04,1.241463715828672321e-04,9.809991097751183275e+00
5.026853005944396102e+00,5.026809071115726724e+00,-1.318044860081357683e-04,1.244134392841544923e-04,9.809992608953276516e+00
5.026852590493827933e+00,5.026809071115726724e+00,-1.305581343036266162e-04,1.246351704509152114e-04,9.809994077036147786e+00
5.026852174450962885e+00,5.026809071115726724e+00,-1.293100057084828336e-04,1.248128595143782604e-04,9.809995502853805505e+00
5.026851757958382905e+00,5.026809071115726724e+00,-1.280605279685431697e-04,1.249477739939663934e-04,9.809996887246025921e+00
5.026851341154528363e+00,5.026809071115726724e+00,-1.268101164049184604e-04,1.250411563624709288e-04,9.809998231039958938e+00
5.026850924173777102e+00,5.026809071115726724e+00,-1.255591741511352666e-04,1.250942253783193792e-04,9.809999535051227681e+00
5.026850507146531477e+00,5.026809071115726724e+00,-1.243080924142603294e-04,1.251081736874937178e-04,9.810000800081272843e+00
5.026850090199293852e+00,8.796626019801319529e+00,1.130932778880607614e+01,0.000000000000000000e+00,2.111932778880607486e+01
5.027980606030936883e+00,8.796626019801319529e+00,1.130593624131114794e+01,-3.391547494929092466e-01,2.077678149181824097e+01
5.030207800011761599e+00,8.796626019801319529e+00,1.129925465936867468e+01,-6.681581942474146274e-01,2.044109646512126233e+01
5.033498103639098886e+00,8.796626019801319529e+00,1.128938374848666193e+01,-9.870910882011862952e-01,2.011229266028547613e+01
5.037818636532464645e+00,8.796626019801319529e+00,1.127642214980656377e+01,-1.296159868009727489e+00,1.979026228179683500e+01
5.043137195654010085e+00,8.796626019801319529e+00,1.126046647244192833e+01,-1.595567736463632258e+00,1.947489873597829657e+01
5.049422244649153235e+00,8.796626019801319529e+00,1.124161132545649977e+01,-1.885514698542944956e+00,1.916609662691355709e+01
5.056642903306987513e+00,8.796626019801319529e+00,1.121994934948299516e+01,-2.166197597350283388e+00,1.886375175213271405e+01
5.064768937140034843e+00,8.796626019801319529e+00,1.119557124798385317e+01,-2.437810149914199087e+00,1.856776109806965280e+01
5.073770747082889443e+00,8.796626019801319529e+00,1.116856581815529026e+01,-2.700542982856379837e+00,1.827802283529891270e+01
5.083619359309273555e+00,8.796626019801319529e+00,1.113901998147613881e+01,-2.954583667915233747e+00,1.799443631356090378e+01
5.094286415167013971e+00,8.796626019801319529e+00,1.110701881390291668e+01,-3.200116757322124528e+00,1.771690205658079265e+01
5.105744161230412637e+00,8.796626019801319529e+00,1.107264557571271979e+01,-3.437323819019599824e+00,1.744532175669311869e+01
5.117965439469480238e+00,8.796626019801319529e+00,1.103598174099551699e+01,-3.666383471720280340e+00,1.717959826927523892e+01
5.130923677535475846e+00,8.796626019801319529e+00,1.099710702679753105e+01,-3.887471419798682604e+00,1.691963560699884894e+01
5.144592879162170895e+00,8.796626019801319529e+00,1.095609942191744679e+01,-4.100760488008514670e+00,1.666533893390893439e+01
5.158947614682257488e+00,8.796626019801319529e+00,1.091303521535718701e+01,-4.306420656025977678e+00,1.641661455933120806e+01
5.173963011658276656e+00,8.796626019801319529e+00,1.086798902442912862e+01,-4.504619092805750569e+00,1.617336993162337677e+01
5.189614745627458170e+00,8.796626019801319529e+00,1.082103382252158497e+01,-4.695520190754454148e+00,1.593551363176713132e+01
5.205879030959816411e+00,8.796626019801319529e+00,1.077224096652451024e+01,-4.879285599707472443e+00,1.570295536681703830e+01
5.222732611828856619e+00,8.796626019801319529e+00,1.072168022391738873e+01,-5.056074260712062340e+00,1.547560596320532689e+01
5.240152753294217369e+00,8.796626019801319529e+00,1.066941979952130737e+01,-5.226042439608225010e+00,1.525337735991308286e+01
5.258117232495568949e+00,8.796626019801319529e+00,1.061552636191725085e+01,-5.389343760405473915e+00,1.503618260151177743e+01
5.276604329957072181e+00,8.796626019801319529e+00,1.056006506953274204e+01,-5.546129238450969723e+00,1.482393583108177282e+01
5.295592821001683603e+00,8.796626019801319529e+00,1.050309959639890778e+01,-5.696547313383426570e+00,1.461655228301548171e+01
5.315061967274596455e+00,8.796626019801319529e+00,1.044469215758016922e+01,-5.840743881873855514e+00,1.441394827570631421e+01
5.334991508375080294e+00,8.796626019801319529e+00,1.038490353427871682e+01,-5.978862330145151560e+00,1.421604120413356576e+01
5.355361653595976712e+00,8.796626019801319529e+00,1.032379309861602934e+01,-6.111043566268925531e+00,1.402274953234710431e+01
5.376153073770108648e+00,8.796626019801319529e+00,1.026141883809363264e+01,-6.237426052239580798e+00,1.383399278585405234e+01
5.397346893222825237e+00,8.796626019801319529e+00,1.019783737973548199e+01,-6.358145835814976721e+00,1.364969154392050577e+01
5.418924681829934364e+00,8.796626019801319529e+00,1.013310401391415638e+01,-6.473336582132738215e+00,1.346976743178141867e+01
5.440868447180221779e+00,8.796626019801319529e+00,1.006727271786329325e+01,-6.583129605086224245e+00,1.329414311277706950e+01
5.463160626841786716e+00,8.796626019801319529e+00,1.000039617887859933e+01,-6.687653898469481106e+00,1.312274228040911872e+01
5.485784080731392010e+00,8.796626019801319529e+00,9.932525817209782559e+00,-6.787036166881588173e+00,1.295548965032819488e+01
5.508722083586030216e+00,8.796626019801319529e+00,9.863711808645867052e+00,-6.881400856391461929e+00,1.279231095225440562e+01
5.531958317535893954e+00,8.796626019801319529e+00,9.794003106796276725e+00,-6.970870184959121474e+00,1.263313292183715575e+01
5.555476864777941337e+00,8.796626019801319529e+00,9.723447465070133688e+00,-7.055564172614214868e+00,1.247788329245591932e+01
5.579262200349234924e+00,8.796626019801319529e+00,9.652091458356252929e+00,-7.135600671388075966e+00,1.232649078696817746e+01
5.603299184999224636e+00,8.796626019801319529e+00,9.579980504406284680e+00,-7.211095394996913654e+00,1.217888510940937152e+01
5.627573058160155739e+00,8.796626019801319529e+00,9.507158884923491371e+00,-7.282161948279330943e+00,1.203499693664416093e+01
5.652069431014751011e+00,8.796626019801319529e+00,9.433669766359706443e+00,-7.348911856378581575e+00,1.189475790998112537e+01
5.676774279660344646e+00,8.796626019801319529e+00,9.359555220422924648e+00,-7.411454593678090674e+00,1.175810062674483447e+01
5.701673938368612582e+00,8.796626019801319529e+00,9.284856244298120842e+00,-7.469897612480380644e+00,1.162495863181774070e+01
5.726755092940062575e+00,8.796626019801319529e+00,9.209612780583771752e+00,-7.524346371434997849e+00,1.149526640914877440e+01
5.752004774152426947e+00,8.796626019801319529e+00,9.133863736946677747e+00,-7.574904363709311639e+00,1.136895937323736661e+01
5.777410351302115110e+00,8.796626019801319529e+00,9.057647005497614145e+00,-7.621673144906448982e+00,1.124597386059116566e+01
5.802959525837862564e+00,8.796626019801319529e+00,8.980999481890371783e+00,-7.664752360724236269e+00,1.112624712116613601e+01
5.828640325085726381e+00,8.796626019801319529e+00,8.903957084146778556e+00,-7.704239774359145088e+00,1.100971730978763397e+01
5.854441096064569194e+00,8.796626019801319529e+00,8.826554771210251005e+00,-7.740231293652843902e+00,1.089632347755740760e+01
5.880350499391167496e+00,8.796626019801319529e+00,8.748826561230455212e+00,-7.772820997979490443e+00,1.078600556325096527e+01
5.906357503274091592e+00,8.796626019801319529e+00,8.670805549581682925e+00,-7.802101164877228712e+00,1.067870438470445471e+01
5.932451377595485909e+00,8.796626019801319529e+00,8.592523926617500862e+00,-7.828162296418295085e+00,1.057436163019920627e+01
5.958621688079899670e+00,8.796626019801319529e+00,8.514012995164259578e+00,-7.851093145324128386e+00,1.047291984984013169e+01
5.984858290549297521e+00,8.796626019801319529e+00,8.435303187756066023e+00,-7.870980740819355503e+00,1.037432244693671102e+01
6.011151325263389467e+00,8.796626019801319529e+00,8.356424083613790188e+00,-7.887910414227583544e+00,1.027851366938620714e+01
6.037491211344419462e+00,8.796626019801319529e+00,8.277404425370701091e+00,-7.901965824308998521e+00,1.018543860106170307e+01
6.063868641285556471e+00,8.796626019801319529e+00,8.198272135547288286e+00,-7.913228982341102835e+00,1.009504315320618595e+01
6.090274575542014013e+00,8.796626019801319529e+00,8.119054332777917438e+00,-7.921780276937262499e+00,1.000727405584065544e+01
6.116700237204055313e+00,8.796626019801319529e+00,8.039777347791792650e+00,-7.927698498612389955e+00,9.922078849179403193e+00
6.143137106751014542e+00,8.796626019801319529e+00,7.960466739150914961e+00,-7.931060864087768891e+00,9.839405875063146567e+00
6.169576916885479712e+00,8.796626019801319529e+00,7.881147308747519453e+00,-7.931943040339550777e+00,9.759204268407970062e+00
6.196011647446786341e+00,8.796626019801319529e+00,7.801843117063599564e+00,-7.930419168391988904e+00,9.681423948671611157e+00
6.222433520402959495e+00,8.796626019801319529e+00,7.722577498195080103e+00,-7.926561886851946070e+00,9.606015611343135419e+00
6.248834994920267505e+00,8.796626019801319529e+00,7.643373074643156073e+00,-7.920442355192403028e+00,9.532930719450753543e+00
6.275208762509520533e+00,8.796626019801319529e+00,7.564251771875396990e+00,-7.912130276775908300e+00,9.462121495099488300e+00
6.301547742248283512e+00,8.796626019801319529e+00,7.485234832659108051e+00,-7.901693921628893946e+00,9.393540911030214602e+00
6.327845076078149056e+00,8.796626019801319529e+00,7.406342831169511420e+00,-7.889200148959663039e+00,9.327142682209849767e+00
6.354094124176236313e+00,8.796626019801319529e+00,7.327595686875249648e+00,-7.874714429426177276e+00,9.262881257449073757e+00
6.380288460400068473e+00,8.796626019801319529e+00,7.249012678203753168e+00,-7.858300867149647928e+00,9.200711811054105738e+00
6.406421867805005554e+00,8.796626019801319529e+00,7.170612455988941925e+00,-7.840022221481124376e+00,9.140590234507818934e+00
6.432488334233393168e+00,8.796626019801319529e+00,7.092413056703779084e+00,-7.819939928516284056e+00,9.082473128187494638e+00
6.458482047974599460e+00,8.796626019801319529e+00,7.014431915480160207e+00,-7.798114122361887723e+00,9.026317793118273869e+00
6.484397393495117790e+00,8.796626019801319529e+00,6.936685878918605219e+00,-7.774603656155498754e+00,8.972082222763106074e+00
6.510228947237912678e+00,8.796626019801319529e+00,6.859191217690220554e+00,-7.749466122838466475e+00,8.919725094851754577e+00
6.535971473490192807e+00,8.796626019801319529e+00,6.781963638933380167e+00,-7.722757875684038709e+00,8.869205763249341956e+00
6.561619920318797483e+00,8.796626019801319529e+00,6.705018298447566139e+00,-7.694534048581402885e+00,8.820484249866163751e+00
6.587169415572389219e+00,8.796626019801319529e+00,6.628369812686790929e+00,-7.664848576077520903e+00,8.773521236609269636e+00
6.612615262949641526e+00,8.796626019801319529e+00,6.552032270555034010e+00,-7.633754213175691916e+00,8.728278057379341703e+00
6.637952938132632319e+00,8.796626019801319529e+00,6.476019245006061631e+00,-7.601302554897237940e+00,8.684716690108825077e+00
6.663178084984633820e+00,8.796626019801319529e+00,6.400343804450057128e+00,-7.567544055600450292e+00,8.642799748849608221e+00
6.688286511811520008e+00,8.796626019801319529e+00,6.325018523969398565e+00,-7.532528048065856296e+00,8.602490475903543654e+00
6.713274187685996708e+00,8.796626019801319529e+00,6.250055496345968464e+00,-7.496302762343010073e+00,8.563752734002958888e+00
6.738137238833873610e+00,8.796626019801319529e+00,6.175466342902337757e+00,-7.458915344363070687e+00,8.526550998539267567e+00
6.762871945081604608e+00,8.796626019801319529e+00,6.101262224159144765e+00,-7.420411874319299272e+00,8.490850349839845990e+00
6.787474736364319305e+00,8.796626019801319529e+00,6.027453850311000672e+00,-7.380837384814409319e+00,8.456616465496590962e+00
6.811942189293583638e+00,8.796626019801319529e+00,5.954051491523207673e+00,-7.340235878779299838e+00,8.423815612743908332e+00
6.836271023784122214e+00,8.796626019801319529e+00,5.881064988051591946e+00,-7.298650347161572682e+00,8.392414640890020650e+00
6.860458099738750093e+00,8.796626019801319529e+00,5.808503760187708309e+00,-7.256122786388363721e+00,8.362380973799345085e+00
6.884500413790758166e+00,8.796626019801319529e+00,5.736376818031684088e+00,-7.212694215602422076e+00,8.333682602429263397e+00
6.908395096103008726e+00,8.796626019801319529e+00,5.664692771094932411e+00,-7.168404693675167749e+00,8.306288077419765159e+00
6.932139407223001371e+00,8.796626019801319529e+00,5.593459837734954476e+00,-7.123293335997793463e+00,8.280166501737161511e+00
6.955730734993167630e+00,8.796626019801319529e+00,5.522685854424455698e+00,-7.077398331049877811e+00,8.255287523374578385e+00
6.979166591515671314e+00,8.796626019801319529e+00,5.452378284856944646e+00,-7.030756956751105236e+00,8.231621328105839908e+00
7.002444610170985406e+00,8.796626019801319529e+00,5.382544228891002369e+00,-6.983405596594227660e+00,8.209138632296774318e+00
7.025562542689529621e+00,8.796626019801319529e+00,5.313190431335369723e+00,-6.935379755563264581e+00,8.187810675772105640e+00
7.048518256275650984e+00,8.796626019801319529e+00,5.244323290577005636e+00,-6.886714075836408711e+00,8.167609214740597423e+00
7.071309730783246650e+00,8.796626019801319529e+00,5.175948867054218638e+00,-6.837442352278699786e+00,8.148506514775519349e+00
7.093935055942319323e+00,8.796626019801319529e+00,5.108072891577000618e+00,-6.787597547721802016e+00,8.130475343855199100e+00
7.116392428635777812e+00,8.796626019801319529e+00,5.040700773496625153e+00,-6.737211808037546490e+00,8.113488965459080049e+00
7.138680150225781951e+00,8.796626019801319529e+00,4.973837608726612736e+00,-6.686316477001241765e+00,8.097521131725372356e+00
7.160796623928958660e+00,8.796626019801319529e+00,4.907488187617082609e+00,-6.634942110953012673e+00,8.082546076664069545e+00
7.182740352239801673e+00,8.796626019801319529e+00,4.841657002684553568e+00,-6.583118493252904102e+00,8.068538509431650851e+00
7.204509934401587934e+00,8.796626019801319529e+00,4.776348256199194786e+00,-6.530874648535878180e+00,8.055473607663316216e+00
7.226104063924140952e+00,8.796626019801319529e+00,4.711565867631535731e+00,-6.478238856765905496e+00,8.043327010865631621e+00
7.247521526147780335e+00,8.796626019801319529e+00,4.647313480960617582e+00,-6.425238667091814904e+00,8.032074813868803176e+00
7.268761195852806445e+00,8.796626019801319529e+00,4.583594471845539253e+00,-6.371900911507832888e+00,8.021693560337705975e+00
7.289822034913866489e+00,8.796626019801319529e+00,4.520411954662359122e+00,-6.318251718318013133e+00,8.012160236344346487e+00
7.310703089998560777e+00,8.796626019801319529e+00,4.457768789408276255e+00,-6.264316525408286651e+00,8.003452263999989214e+00
7.331403490309654991e+00,8.796626019801319529e+00,4.395667588474993615e+00,-6.210120093328264090e+00,7.995547495146730022e+00
7.351922445370264292e+00,8.796626019801319529e+00,4.334110723293165712e+00,-6.155686518182790223e+00,7.988424205110375986e+00
7.372259242851384897e+00,8.796626019801319529e+00,4.273100330849803896e+00,-6.101039244336181611e+00,7.982061086513622783e+00
7.392413246441156716e+00,8.796626019801319529e+00,4.212638320080488441e+00,-6.046201076931545515e+00,7.976437243148943423e+00
7.412383893755243314e+00,8.796626019801319529e+00,4.152726378138228647e+00,-5.991194194225979430e+00,7.971532183912249714e+00
7.432170694287720814e+00,8.796626019801319529e+00,4.093365976540796147e+00,-5.936040159743249944e+00,7.967325816797546700e+00
7.451773227401877975e+00,8.796626019801319529e+00,4.034558377198324663e+00,-5.880759934247148379e+00,7.963798442951176781e+00
7.471191140360330607e+00,8.796626019801319529e+00,3.976304638322966767e+00,-5.825373887535789663e+00,7.960930750787177601e+00
7.490424146393861449e+00,8.796626019801319529e+00,3.918605620222374242e+00,-5.769901810059252512e+00,7.958703810163122228e+00
7.509472022808409086e+00,8.796626019801319529e+00,3.861461990978731329e+00,-5.714362924364291274e+00,7.957099066614440552e+00
7.528334609129617938e+00,8.796626019801319529e+00,3.804874232015104774e+00,-5.658775896362655544e+00,7.956098335652449727e+00
7.547011805284392416e+00,8.796626019801319529e+00,3.748842643550781339e+00,-5.603158846432343410e+00,7.955683797118438427e+00
7.565503569818878837e+00,8.796626019801319529e+00,3.693367349947322076e+00,-5.547529360345926364e+00,7.955837989601396210e+00
7.583809918152325302e+00,8.796626019801319529e+00,3.638448304946982681e+00,-5.491904500033939485e+00,7.956543804913043694e+00
7.601930920866262653e+00,8.796626019801319529e+00,3.584085296805170628e+00,-5.436300814181205254e+00,7.957784482623965872e+00
7.619866702028462946e+00,8.796626019801319529e+00,3.530277953318569750e+00,-5.380734348660087818e+00,7.959543604658482430e+00
7.637617437551128319e+00,8.796626019801319529e+00,3.477025746750573632e+00,-5.325220656799611874e+00,7.961805089950962255e+00
7.655183353582788897e+00,8.796626019801319529e+00,3.424327998655591898e+00,-5.269774809498173340e+00,7.964553189157419055e+00
7.672564724933365277e+00,8.796626019801319529e+00,3.372183884603862758e+00,-5.214411405172914016e+00,7.967772479430949240e+00
7.689761873531884895e+00,8.796626019801319529e+00,3.320592438808303903e+00,-5.159144579555885457e+00,7.971447859252418944e+00
7.706775166916330022e+00,8.796626019801319529e+00,3.269552558654968522e+00,-5.103988015333538186e+00,7.975564543321430833e+00
7.723605016755106689e+00,8.796626019801319529e+00,3.219063009138638520e+00,-5.048954951633000121e+00,7.980108057505638897e+00
7.740251877399634495e+00,8.796626019801319529e+00,3.169122427205055104e+00,-4.994058193358341668e+00,7.985064233846713933e+00
7.756716244467546595e+00,8.796626019801319529e+00,3.119729326001318803e+00,-4.939310120373630042e+00,7.990419205627689259e+00
7.772998653456022033e+00,8.796626019801319529e+00,3.070882099035892487e+00,-4.884722696542631581e+00,7.996159402493261403e+00
7.789099678384746817e+00,8.796626019801319529e+00,3.022579024249718138e+00,-4.830307478617434924e+00,8.002271545632282823e+00
7.805019930468034772e+00,8.796626019801319529e+00,2.974818267999854271e+00,-4.776075624986386714e+00,8.008742643013468054e+00
7.820760056815624139e+00,8.796626019801319529e+00,2.927597888957086170e+00,-4.722037904276810139e+00,8.015559984680276528e+00
7.836320739161680926e+00,8.796626019801319529e+00,2.880915841918915810e+00,-4.668204703817036005e+00,8.022711138101879413e+00
7.851702692621548074e+00,8.796626019801319529e+00,2.834769981539314365e+00,-4.614586037960144438e+00,8.030183943579171313e+00
7.866906664475773248e+00,8.796626019801319529e+00,2.789158065976638845e+00,-4.561191556267552016e+00,8.037966509709086438e+00
7.881933432980969378e+00,8.796626019801319529e+00,2.744077760461050453e+00,-4.508030551558839250e+00,8.046047208902212589e+00
7.896783806207055889e+00,8.796626019801319529e+00,2.699526640782790921e+00,-4.455111967825953201e+00,8.054414672956838217e+00
7.911458620900438277e+00,8.796626019801319529e+00,2.655502196702643758e+00,-4.402444408014716259e+00,8.063057788687927996e+00
7.925958741372689076e+00,8.796626019801319529e+00,2.612001835285891360e+00,-4.350036141675239776e+00,8.071965693610652082e+00
7.940285058414301211e+00,8.796626019801319529e+00,2.569022884161054954e+00,-4.297895112483640645e+00,8.081127771677415694e+00
7.954438488233081195e+00,8.796626019801319529e+00,2.526562594704715004e+00,-4.246028945633995022e+00,8.090533649070721367e+00
7.968419971416767389e+00,8.796626019801319529e+00,2.484618145153656421e+00,-4.194444955105858241e+00,8.100173190047797789e+00
7.982230471919458559e+00,8.796626019801319529e+00,2.443186643645582912e+00,-4.143150150807350940e+00,8.110036492838233357e+00
7.995870976071433489e+00,8.796626019801319529e+00,2.402265131189658121e+00,-4.092151245592479114e+00,8.120113885597179504e+00
8.009342491611969095e+00,8.796626019801319529e+00,2.361850584568051303e+00,-4.041454662160681721e+00,8.130395922407370080e+00
8.022646046744744908e+00,8.796626019801319529e+00,2.321939919169723865e+00,-3.991066539832743842e+00,8.140873379336980520e+00
8.035782689215453800e+00,8.796626019801319529e+00,2.282529991757597188e+00,-3.940992741212667738e+00,8.151537250544929947e+00
8.048753485411218378e+00,8.796626019801319529e+00,2.243617603170303454e+00,-3.891238858729373362e+00,8.162378744440930589e+00
8.061559519481425795e+00,8.796626019801319529e+00,2.205199500959681203e+00,-3.841810221062225139e+00,8.173389279897456561e+00
8.074201892479623055e+00,8.796626019801319529e+00,2.167272381965089423e+00,-3.792711899459177971e+00,8.184560482505911949e+00
8.086681721526071343e+00,8.796626019801319529e+00,2.129832894825744560e+00,-3.743948713934486250e+00,8.195884180891258808e+00
8.099000138990609443e+00,8.796626019801319529e+00,2.092877642432130258e+00,-3.695525239361430181e+00,8.207352403070700575e+00
8.111158291695453215e+00,8.796626019801319529e+00,2.056403184317598942e+00,-3.647445811453131626e+00,8.218957372864467814e+00
8.123157340137584725e+00,8.796626019801319529e+00,2.020406038991204412e+00,-3.599714532639453068e+00,8.230691506351751840e+00
8.134998457730350907e+00,8.796626019801319529e+00,1.984882686212905867e+00,-3.552335277829854476e+00,8.242547408383051888e+00
8.146682830063955549e+00,8.796626019801319529e+00,1.949829569212091940e+00,-3.505311700081392701e+00,8.254517869130699737e+00
8.158211654184473360e+00,8.796626019801319529e+00,1.915243096850538507e+00,-3.458647236155343307e+00,8.266595860695195697e+00
8.169586137891061028e+00,8.796626019801319529e+00,1.881119645730775503e+00,-3.412345111976300416e+00,8.278774533754475584e+00
8.180807499051024223e+00,8.796626019801319529e+00,1.847455562250885919e+00,-3.366408347988958383e+00,8.291047214261928033e+00
8.191876964932413685e+00,8.796626019801319529e+00,1.814247164606717533e+00,-3.320839764416838591e+00,8.303407400189879439e+00
8.202795771553821780e+00,8.796626019801319529e+00,1.781490744742493249e+00,-3.275641986422428431e+00,8.315848758320065315e+00
8.213565163051061546e+00,8.796626019801319529e+00,1.749182570250773949e+00,-3.230817449171929923e+00,8.328365121078844524e+00
8.224186391060408496e+00,8.796626019801319529e+00,1.717318886222733099e+00,-3.186368402804085065e+00,8.340950483418648531e+00
8.234660714118097857e+00,8.796626019801319529e+00,1.685895917049665016e+00,-3.142296917306808268e+00,8.353598999742857245e+00
8.244989397075761062e+00,8.796626019801319529e+00,1.654909868176675403e+00,-3.098604887298961330e+00,8.366304980877714570e+00
8.255173710531511944e+00,8.796626019801319529e+00,1.624356927809422757e+00,-3.055294036725264561e+00,8.379062891084158693e+00
8.265214930276371774e+00,8.796626019801319529e+00,1.594233268574843265e+00,-3.012365923457949179e+00,8.391867345116894583e+00
8.275114336755743594e+00,8.796626019801319529e+00,1.564535049136727807e+00,-2.969821943811545850e+00,8.404713105325182454e+00
8.284873214545648068e+00,8.796626019801319529e+00,1.535258415767014384e+00,-2.927663336971342289e+00,8.417595078795672592e+00
8.294492851843431325e+00,8.796626019801319529e+00,1.506399503873664614e+00,-2.885891189334977014e+00,8.430508314538688097e+00
8.303974539972669433e+00,8.796626019801319529e+00,1.477954439485950289e+00,-2.844506438771432499e+00,8.443448000714518287e+00
8.313319572901978205e+00,8.796626019801319529e+00,1.449919340698023973e+00,-2.803509878792631582e+00,8.456409461905392888e+00
8.322529246777477852e+00,8.796626019801319529e+00,1.422290319071525033e+00,-2.762902162649893967e+00,8.469388156421631564e+00
8.331604859468619395e+00,8.796626019801319529e+00,1.395063480998100403e+00,-2.722683807342463069e+00,8.482379673655637831e+00
8.340547710127125924e+00,8.796626019801319529e+00,1.368234929022580815e+00,-2.682855197551958781e+00,8.495379731470622531e+00
8.349359098758780462e+00,8.796626019801319529e+00,1.341800763127617202e+00,-2.643416589496361269e+00,8.508384173631256431e+00
8.358040325807797544e+00,8.796626019801319529e+00,1.315757081980565957e+00,-2.604368114705124526e+00,8.521388967275441928e+00
8.366592691753542255e+00,8.796626019801319529e+00,1.290099984143331824e+00,-2.565709783723413295e+00,8.534390200419919026e+00
8.375017496719328491e+00,8.796626019801319529e+00,1.264825569245973114e+00,-2.527441489735871016e+00,8.547384079510102595e+00
8.383316040093067301e+00,8.796626019801319529e+00,1.239929939124756686e+00,-2.489563012121642771e+00,8.560366927003114412e+00
8.391489620159505947e+00,8.796626019801319529e+00,1.215409198925440748e+00,-2.452074019931593796e+00,8.573335178993847450e+00
8.399539533743842767e+00,8.796626019801319529e+00,1.191259458172430286e+00,-2.414974075301046241e+00,8.586285382871384542e+00
8.407467075866467354e+00,8.796626019801319529e+00,1.167476831804556525e+00,-2.378262636787376039e+00,8.599214195017180984e+00
8.415273539408593351e+00,8.796626019801319529e+00,1.144057441178178536e+00,-2.341939062637798941e+00,8.612118378540380093e+00
8.422960214788574262e+00,8.796626019801319529e+00,1.120997415038235800e+00,-2.306002613994273531e+00,8.624994801043962767e+00
8.430528389648658916e+00,8.796626019801319529e+00,1.098292890457981841e+00,-2.270452458025395970e+00,8.637840432432586368e+00
8.437979348551987613e+00,8.796626019801319529e+00,1.075940013747995749e+00,-2.235287670998609144e+00,8.650652342749387103e+00
8.445314372689590954e+00,8.796626019801319529e+00,1.053934941335185727e+00,-2.200507241281002280e+00,8.663427700054183944e+00
8.452534739597199476e+00,8.796626019801319529e+00,1.032273840612360161e+00,-2.166110072282556587e+00,8.676163768329804071e+00
8.459641722881640291e+00,8.796626019801319529e+00,1.010952890759037714e+00,-2.132094985332244619e+00,8.688857905426793593e+00
8.466636591956625324e+00,8.796626019801319529e+00,9.899682835340826159e-01,-2.098460722495509856e+00,8.701507561038573257e+00
8.473520611787712653e+00,8.796626019801319529e+00,9.693162240408206287e-01,-2.065205949326198720e+00,8.714110274714622406e+00
8.480295042646272208e+00,8.796626019801319529e+00,9.489929314651419645e-01,-2.032329257567866421e+00,8.726663673897276041e+00
8.486961139872221338e+00,8.796626019801319529e+00,9.289946397872945738e-01,-1.999829167784739070e+00,8.739165472002556001e+00
8.493520153645370385e+00,8.796626019801319529e+00,9.093175984678474322e-01,-1.967704131944714163e+00,8.751613466523133766e+00
8.499973328765172198e+00,8.796626019801319529e+00,8.899580731084419938e-01,-1.935952535940543839e+00,8.764005537167898652e+00
8.506321904438690851e+00,8.796626019801319529e+00,8.709123460878860357e-01,-1.904572702055595812e+00,8.776339644032290721e+00
8.512567114076611929e+00,8.796626019801319529e+00,8.521767171741227997e-01,-1.873562891376323591e+00,8.788613825797799706e+00
8.518710185097113197e+00,8.796626019801319529e+00,8.337475041126189979e-01,-1.842921306150380190e+00,8.800826197962239306e+00
8.524752338737410895e+00,8.796626019801319529e+00,8.156210431917259029e-01,-1.812646092089309491e+00,8.812974951102416910e+00
8.530694789872818262e+00,8.796626019801319529e+00,7.977936897855038012e-01,-1.782735340622210174e+00,8.825058349163294125e+00
8.536538746843142178e+00,8.796626019801319529e+00,7.802618188745320538e-01,-1.753187091097174743e+00,8.837074727777357808e+00
8.542285411286243857e+00,8.796626019801319529e+00,7.630218255452270171e-01,-1.723999332930503670e+00,8.849022492614723845e+00
8.547935977978607269e+00,8.796626019801319529e+00,7.460701254681367800e-01,-1.695170007709023707e+00,8.860900117759113570e+00
8.553491634682746536e+00,8.796626019801319529e+00,7.294031553557189795e-01,-1.666697011241780046e+00,8.872706144113939430e+00
8.558953562001297755e+00,8.796626019801319529e+00,7.130173734000653241e-01,-1.638578195565365547e+00,8.884439177834700274e+00
8.564322933237631830e+00,8.796626019801319529e+00,6.969092596910630988e-01,-1.610811370900222528e+00,8.896097888790841068e+00
8.569600914262846203e+00,8.796626019801319529e+00,6.810753166154199789e-01,-1.583394307564311987e+00,8.907681009051108489e+00
8.574788663388964949e+00,8.796626019801319529e+00,6.655120692370637414e-01,-1.556324737835623750e+00,8.919187331401440488e+00
8.579887331248222893e+00,8.796626019801319529e+00,6.502160656592899102e-01,-1.529600357777383124e+00,8.930615707881907284e+00
8.584898060678270326e+00,8.796626019801319529e+00,6.351838773691476092e-01,-1.503218829014230096e+00,8.941965048354918011e+00
8.589821986613152660e+00,8.796626019801319529e+00,6.204120995645006076e-01,-1.477177780464700163e+00,8.953234319099800942e+00
8.594660235979944218e+00,8.796626019801319529e+00,6.058973514641259328e-01,-1.451474810037467478e+00,8.964422541426658952e+00
8.599413927600879859e+00,8.796626019801319529e+00,5.916362766013190111e-01,-1.426107486280692171e+00,8.975528790320627337e+00
8.604084172100847638e+00,8.796626019801319529e+00,5.776255431014156727e-01,-1.401073349990333838e+00,8.986552193111082332e+00
8.608672071820125282e+00,8.796626019801319529e+00,5.638618439435827412e-01,-1.376369915783293152e+00,8.997491928160290087e+00
8.613178720732220128e+00,8.796626019801319529e+00,5.503418972072982029e-01,-1.351994673628453825e+00,9.008347223578844876e+00
8.617605204366672211e+00,8.796626019801319529e+00,5.370624463039419538e-01,-1.327945090335624911e+00,9.019117355968317540e+00
8.621952599736721012e+00,8.796626019801319529e+00,5.240202601937955507e-01,-1.304218611014640317e+00,9.029801649179155731e+00
8.626221975271688436e+00,8.796626019801319529e+00,5.112121335888932805e-01,-1.280812660490227017e+00,9.040399473098666761e+00
8.630414390753966103e+00,8.796626019801319529e+00,4.986348871420602791e-01,-1.257724644683300141e+00,9.050910242458760635e+00
8.634530897260487947e+00,8.796626019801319529e+00,4.862853676224947463e-01,-1.234951951956553273e+00,9.061333415665941970e+00
8.638572537108577976e+00,8.796626019801319529e+00,4.741604480782246611e-01,-1.212491954427008523e+00,9.071668493651216636e+00
8.642540343806032865e+00,8.796626019801319529e+00,4.622570279858599918e-01,-1.190342009236466936e+00,9.081915018749393553e+00
8.646435342005363012e+00,8.796626019801319529e+00,4.505720333878695527e-01,-1.168499459799043905e+00,9.092072573588826145e+00
8.650258547462051695e+00,8.796626019801319529e+00,4.391024170178035035e-01,-1.146961637006604917e+00,9.102140780011199084e+00
8.654010966996741772e+00,8.796626019801319529e+00,4.278451584137332731e-01,-1.125725860407023049e+00,9.112119298006710721e+00
8.657693598461232654e+00,8.796626019801319529e+00,4.167972640202606271e-01,-1.104789439347264590e+00,9.122007824672996534e+00
8.661307430708189870e+00,8.796626019801319529e+00,4.059557672793889793e-01,-1.084149674087164783e+00,9.131806093192224694e+00
8.664853443564465962e+00,8.796626019801319529e+00,3.953177287105607007e-01,-1.063803856882827858e+00,9.141513871827733340e+00
8.668332607807926138e+00,8.796626019801319529e+00,3.848802359801801742e-01,-1.043749273038052650e+00,9.151130962942128022e+00
8.671745885147679189e+00,8.796626019801319529e+00,3.746404039609210201e-01,-1.023983201925915409e+00,9.160657202035006108e+00
8.675094228207635538e+00,8.796626019801319529e+00,3.645953747810519729e-01,-1.004502917986904720e+00,9.170092456794147751e+00
8.678378580513271601e+00,8.796626019801319529e+00,3.547423178641437858e-01,-9.853056916908187191e-01,9.179436626173325564e+00
8.681599876481525868e+00,8.796626019801319529e+00,3.450784299593809834e-01,-9.663887904762802350e-01,9.188689639483101246e+00
8.684759041413727232e+00,8.796626019801319529e+00,3.356009351627768922e-01,-9.477494796604091221e-01,9.197851455502368268e+00
8.687856991491479164e+00,8.796626019801319529e+00,3.263070849295210962e-01,-9.293850233255795956e-01,9.206922061603941998e+00
8.690894633775391398e+00,8.796626019801319529e+00,3.171941580777843939e-01,-9.112926851736702361e-01,9.215901472904114655e+00
8.693872866206595162e+00,8.796626019801319529e+00,3.082594607841731005e-01,-8.934697293611293389e-01,9.224789731423044259e+00
8.696792577610940711e+00,8.796626019801319529e+00,2.995003265711364548e-01,-8.759134213036645633e-01,9.233586905267472389e+00
8.699654647705813204e+00,8.796626019801319529e+00,2.909141162865189756e-01,-8.586210284617479260e-01,9.242293087824771547e+00
8.702459947109467464e+00,8.796626019801319529e+00,2.824982180755561956e-01,-8.415898210962780013e-01,9.250908396979278692e+00
8.705209337352819432e+00,8.796626019801319529e+00,2.742500473455002918e-01,-8.248170730055903732e-01,9.259432974339910416e+00
8.707903670893605508e+00,8.796626019801319529e+00,2.661670467231420645e-01,-8.083000622358227361e-01,9.267866984487319826e+00
8.710543791132840497e+00,8.796626019801319529e+00,2.582466860054370983e-01,-7.920360717704966191e-01,9.276210614234940977e+00
8.713130532433499553e+00,8.796626019801319529e+00,2.504864621034599281e-01,-7.760223901977170158e-01,9.284464071905743410e+00
8.715664720141349520e+00,8.796626019801319529e+00,2.428838989799100290e-01,-7.602563123549899160e-01,9.292627586624920610e+00
8.718147170607862151e+00,8.796626019801319529e+00,2.354365475803721353e-01,-7.447351399537893712e-01,9.300701407626583261e+00
8.720578691215136402e+00,8.796626019801319529e+00,2.281419857585493816e-01,-7.294561821822753700e-01,9.308685803576274509e+00
8.722960080402769378e+00,8.796626019801319529e+00,2.209978181956504528e-01,-7.144167562898928736e-01,9.316581061905758077e+00
8.725292127696592459e+00,8.796626019801319529e+00,2.140016763141812106e-01,-6.996141881469242207e-01,9.324387488167257487e+00
8.727575613739231741e+00,8.796626019801319529e+00,2.071512181862633639e-01,-6.850458127917846696e-01,9.332105405394479192e+00
8.729811310322411089e+00,8.796626019801319529e+00,2.004441284367253218e-01,-6.707089749538042156e-01,9.339735153482921604e+00
8.731999980420937391e+00,8.796626019801319529e+00,1.938781181411464161e-01,-6.566010295578905698e-01,9.347277088583256344e+00
8.734142378228323622e+00,8.796626019801319529e+00,1.874509247189877215e-01,-6.427193422158694602e-01,9.354731582503118759e+00
8.736239249193959111e+00,8.796626019801319529e+00,1.811603118220812547e-01,-6.290612896906466744e-01,9.362099022131435078e+00
8.738291330061807471e+00,8.796626019801319529e+00,1.750040692185361735e-01,-6.156242603545081238e-01,9.369379808864028547e+00
8.740299348910543387e+00,8.796626019801319529e+00,1.689800126723284279e-01,-6.024056546207745555e-01,9.376574358051554370e+00
8.742264025195083832e+00,8.796626019801319529e+00,1.630859838187070920e-01,-5.894028853621335884e-01,9.383683098456574001e+00
8.744186069789469329e+00,8.796626019801319529e+00,1.573198500355506013e-01,-5.766133783156490722e-01,9.390706471719902027e+00
8.746066185031027729e+00,8.796626019801319529e+00,1.516795043108754015e-01,-5.640345724675199790e-01,9.397644931843355920e+00
8.747905064765770788e+00,8.796626019801319529e+00,1.461628651066462226e-01,-5.516639204229178972e-01,9.404498944683728823e+00
8.749703394394980904e+00,8.796626019801319529e+00,1.407678762190158750e-01,-5.394988887630347563e-01,9.411268987455981616e+00
8.751461850922936492e+00,8.796626019801319529e+00,1.354925066351491125e-01,-5.275369583866762468e-01,9.417955548248473363e+00
8.753181103005717389e+00,8.796626019801319529e+00,1.303347503868064194e-01,-5.157756248342693084e-01,9.424559125552537608e+00
8.754861811001054761e+00,8.796626019801319529e+00,1.252926264007943047e-01,-5.042123986012114756e-01,9.431080227799583326e+00
8.756504627019170428e+00,8.796626019801319529e+00,1.203641783464473036e-01,-4.928448054347001062e-01,9.437519372911747695e+00
8.758110194974578988e+00,8.796626019801319529e+00,1.155474744802216236e-01,-4.816703866225680031e-01,9.443877087857654118e+00
8.759679150638772782e+00,8.796626019801319529e+00,1.108406074876402414e-01,-4.706866992581382192e-01,9.450153908229502520e+00
8.761212121693789712e+00,8.796626019801319529e+00,1.062416943225894528e-01,-4.598913165050788621e-01,9.456350377817511088e+00
8.762709727786587521e+00,8.796626019801319529e+00,1.017488760441960238e-01,-4.492818278393428955e-01,9.462467048204853626e+00
8.764172580584206784e+00,8.796626019801319529e+00,9.736031765133823512e-02,-4.388558392857788704e-01,9.468504478365559862e+00
8.765601283829662194e+00,8.796626019801319529e+00,9.307420791497200696e-02,-4.286109736366228162e-01,9.474463234278349688e+00
8.766996433398544397e+00,8.796626019801319529e+00,8.888875920832539634e-02,-4.185448706646610617e-01,9.480343888543664832e+00
8.768358617356282636e+00,8.796626019801319529e+00,8.480220733511067976e-02,-4.086551873214716579e-01,9.486147020013639519e+00
8.769688416016022003e+00,8.796626019801319529e+00,8.081281135589257758e-02,-3.989395979218102184e-01,9.491873213434082857e+00
8.770986401997104664e+00,8.796626019801319529e+00,7.691885341264459441e-02,-3.893957943247983167e-01,9.497523059087846775e+00
8.772253140284096418e+00,8.796626019801319529e+00,7.311863855166933490e-02,-3.800214860975259512e-01,9.503097152454143881e+00
8.773489188286331952e+00,8.796626019801319529e+00,6.941049454496273086e-02,-3.708144006706604046e-01,9.508596093874302824e+00
8.774695095897955710e+00,8.796626019801319529e+00,6.579277171009145775e-02,-3.617722834871273108e-01,9.514020488222964644e+00
8.775871405558401506e+00,8.796626019801319529e+00,6.226384272875407078e-02,-3.528928981337386972e-01,9.519370944595015871e+00
8.777018652313307356e+00,8.796626019801319529e+00,5.882210246403651865e-02,-3.441740264717552122e-01,9.524648075992281804e+00
8.778137363875812227e+00,8.796626019801319529e+00,5.546596777652190724e-02,-3.356134687514611414e-01,9.529852499025061263e+00
8.779228060688218704e+00,8.796626019801319529e+00,5.219387733930247464e-02,-3.272090437219432602e-01,9.534984833617359712e+00
8.780291255983987853e+00,8.796626019801319529e+00,4.900429145199503012e-02,-3.189585887307444523e-01,9.540045702721251075e+00
8.781327455850028940e+00,8.796626019801319529e+00,4.589569185387176731e-02,-3.108599598123262808e-01,9.545035732041545984e+00
8.782337159289275164e+00,8.796626019801319529e+00,4.286658153613309707e-02,-3.029110317738670233e-01,9.549955549762266571e+00
8.783320858283497401e+00,8.796626019801319529e+00,3.991548455346638491e-02,-2.951096982666712165e-01,9.554805786286795666e+00
8.784279037856347117e+00,8.796626019801319529e+00,3.704094583491723824e-02,-2.874538718549146665e-01,9.559587073980003069e+00
8.785212176136594664e+00,8.796626019801319529e+00,3.424153099417459600e-02,-2.799414840742642241e-01,9.564300046919910869e+00
8.786120744421534567e+00,8.796626019801319529e+00,3.151582613935488553e-02,-2.725704854819710476e-01,9.568945340657384335e+00
8.787005207240540017e+00,8.796626019801319529e+00,2.886243768233853757e-02,-2.653388457016347957e-01,9.573523591980704239e+00
8.787866022418743484e+00,8.796626019801319529e+00,2.627999214772813730e-02,-2.582445534610400273e-01,9.578035438686688607e+00
8.788703641140816814e+00,8.796626019801319529e+00,2.376713598150814732e-02,-2.512856166219989973e-01,9.582481519359509647e+00
8.789518508014825926e+00,8.796626019801319529e+00,2.132253535948080980e-02,-2.444600622027337522e-01,9.586862473156747555e+00
8.790311061136149462e+00,8.796626019801319529e+00,1.894487599551020196e-02,-2.377659363970607842e-01,9.591178939598449915e+00
8.791081732151432959e+00,8.796626019801319529e+00,1.663286294965971024e-02,-2.312013045850491721e-01,9.595431558364611035e+00
8.791830946322553686e+00,8.796626019801319529e+00,1.438522043629753000e-02,-2.247642513362180239e-01,9.599620969100080003e+00
8.792559122590583698e+00,8.796626019801319529e+00,1.220069163220749431e-02,-2.184528804090035692e-01,9.603747811223204423e+00
8.793266673639736908e+00,8.796626019801319529e+00,1.007803848474786435e-02,-2.122653147459629963e-01,9.607812723738785365e+00
8.793954005961264642e+00,8.796626019801319529e+00,8.016041520164662870e-03,-2.061996964583201475e-01,9.611816345061845013e+00
8.794621519917297903e+00,8.796626019801319529e+00,6.013499652064879797e-03,-2.002541868099783073e-01,9.615759312842087070e+00
8.795269609804615030e+00,8.796626019801319529e+00,4.069229990113498729e-03,-1.944269661951381067e-01,9.619642263794975889e+00
8.795898663918311655e+00,8.796626019801319529e+00,2.182067649023622380e-03,-1.887162341089876350e-01,9.623465833540036485e+00
8.796509064615362306e+00,8.796626019801319529e+00,3.508655578716712853e-04,-1.831202091151951095e-01,9.627230656442677059e+00
8.797101188378057657e+00,8.796626019801319529e+00,-1.425505730214382538e-03,-1.776371288086053823e-01,9.630937365461180732e+00
8.797675405877299681e+00,8.796626019801319529e+00,-3.148158227940456300e-03,-1.722652497726073761e-01,9.634586591999452665e+00
8.798232082035740476e+00,8.796626019801319529e+00,-4.818186703262838932e-03,-1.670028475322382633e-01,9.638178965764499395e+00
8.798771576090757662e+00,8.796626019801319529e+00,-6.436668868314399106e-03,-1.618482165051560173e-01,9.641715114626530081e+00
8.799294241657237947e+00,8.796626019801319529e+00,-8.004665567755253619e-03,-1.567996699440854513e-01,9.645195664488159792e+00
8.799800426790167052e+00,8.796626019801319529e+00,-9.523220966542567112e-03,-1.518555398787313493e-01,9.648621239154726581e+00
8.800290474047011813e+00,8.796626019801319529e+00,-1.099336273707685052e-02,-1.470141770534283410e-01,9.651992460209495306e+00
8.800764720549876685e+00,8.796626019801319529e+00,-1.241610224567146759e-02,-1.422739508594617064e-01,9.655309946894867323e+00
8.801223498047431093e+00,8.796626019801319529e+00,-1.379243473833469125e-02,-1.376332492663223661e-01,9.658574315995343440e+00
8.801667132976586316e+00,8.796626019801319529e+00,-1.512333952580036112e-02,-1.330904787465669870e-01,9.661786181727633149e+00
8.802095946523913028e+00,8.796626019801319529e+00,-1.640978016778049664e-02,-1.286440641980135524e-01,9.664946155634206448e+00
8.802510254686803037e+00,8.796626019801319529e+00,-1.765270465645052411e-02,-1.242924488670027472e-01,9.668054846476547226e+00
8.802910368334341484e+00,8.796626019801319529e+00,-1.885304559906586519e-02,-1.200340942615341078e-01,9.671112860139400524e+00
8.803296593267893044e+00,8.796626019801319529e+00,-2.001172039972054506e-02,-1.158674800654679871e-01,9.674120799534811965e+00
8.803669230281398583e+00,8.796626019801319529e+00,-2.112963144023716211e-02,-1.117911040516617049e-01,9.677079264508101630e+00
8.804028575221355624e+00,8.796626019801319529e+00,-2.220766626010828304e-02,-1.078034819871120931e-01,9.679988851752780121e+00
8.804374919046487946e+00,8.796626019801319529e+00,-2.324669773550525065e-02,-1.039031475396967608e-01,9.682850154724798486e+00
8.804708547887091896e+00,8.796626019801319529e+00,-2.424758425731710076e-02,-1.000886521811850116e-01,9.685663763561498385e+00
8.805029743104052287e+00,8.796626019801319529e+00,-2.521116990819827208e-02,-9.635856508811713184e-02,9.688430265003685093e+00
8.805338781347513688e+00,8.796626019801319529e+00,-2.613828463858247630e-02,-9.271147303842042220e-02,9.691150242322997599e+00
8.805635934615207105e+00,8.796626019801319529e+00,-2.702974444166272860e-02,-8.914598030802522999e-02,9.693824275250312539e+00
8.805921470310424937e+00,8.796626019801319529e+00,-2.788635152731622213e-02,-8.566070856534935274e-02,9.696452939907334923e+00
8.806195651299633553e+00,8.796626019801319529e+00,-2.870889449494207213e-02,-8.225429676258499967e-02,9.699036808742473426e+00
8.806458735969716400e+00,8.796626019801319529e+00,-2.949814850519061338e-02,-7.892540102485412490e-02,9.701576450469955759e+00
8.806710978284845837e+00,8.796626019801319529e+00,-3.025487545057892191e-02,-7.567269453883085362e-02,9.704072430010590722e+00
8.806952627842976611e+00,8.796626019801319529e+00,-3.097982412497124471e-02,-7.249486743923228005e-02,9.706525308435796973e+00
8.807183929931952093e+00,8.796626019801319529e+00,-3.167373039189769202e-02,-6.939062669264473016e-02,9.708935642915458075e+00
8.807405125585217931e+00,8.796626019801319529e+00,-3.233731735169520505e-02,-6.635869597975130318e-02,9.711303986668553989e+00
8.807616451637150234e+00,8.796626019801319529e+00,-3.297129550749211546e-02,-6.339781557969104142e-02,9.713630888912817340e+00
8.807818140777975202e+00,8.796626019801319529e+00,-3.357636292996701854e-02,-6.050674224749030827e-02,9.715916894822543171e+00
8.808010421608281959e+00,8.796626019801319529e+00,-3.415320542088728928e-02,-5.768424909202707340e-02,9.718162545487086135e+00
8.808193518693137491e+00,8.796626019801319529e+00,-3.470249667545388661e-02,-5.492912545665973312e-02,9.720368377867886878e+00
8.808367652615778809e+00,8.796626019801319529e+00,-3.522489844337783893e-02,-5.224017679239523204e-02,9.722534924764227426e+00
8.808533040030896544e+00,8.796626019801319529e+00,-3.572106068873104334e-02,-4.961622453532044119e-02,9.724662714775949013e+00
8.808689893717492225e+00,8.796626019801319529e+00,-3.619162174851808800e-02,-4.705610597870446554e-02,9.726752272272777944e+00
8.808838422631316334e+00,8.796626019801319529e+00,-3.663720848999041380e-02,-4.455867414723257980e-02,9.728804117362777504e+00
8.808978831956876476e+00,8.796626019801319529e+00,-3.705843646667084101e-02,-4.212279766804272185e-02,9.730818765865286935e+00
8.809111323159022788e+00,8.796626019801319529e+00,-3.745591007310977716e-02,-3.974736064389361445e-02,9.732796729282997106e+00
8.809236094034098130e+00,8.796626019801319529e+00,-3.783022269833580253e-02,-3.743126252260253750e-02,9.734738514779062157e+00
8.809353338760651297e+00,8.796626019801319529e+00,-3.818195687799530447e-02,-3.517341796595019332e-02,9.736644625156055000e+00
8.809463247949718578e+00,8.796626019801319529e+00,-3.851168444519714740e-02,-3.297275672018429304e-02,9.738515558834619057e+00
8.809566008694670103e+00,8.796626019801319529e+00,-3.881996668005172069e-02,-3.082822348545732893e-02,9.740351809834491448e+00
8.809661804620604997e+00,8.796626019801319529e+00,-3.910735445785640252e-02,-2.873877778046818321e-02,9.742153867761675912e+00
8.809750815933316659e+00,8.796626019801319529e+00,-3.937438839599138873e-02,-2.670339381349862151e-02,9.743922217790510487e+00
8.809833219467806842e+00,8.796626019801319529e+00,-3.962159899946193775e-02,-2.472106034705490174e-02,9.745657340653483658e+00
8.809909188736362751e+00,8.796626019801319529e+00,-3.984950680512966414e-02,-2.279078056677263930e-02,9.747359712628098194e+00
8.809978893976181169e+00,8.796626019801319529e+00,-4.005862252458491923e-02,-2.091157194552550891e-02,9.749029805529890069e+00
8.810042502196552050e+00,8.796626019801319529e+00,-4.024944718569756219e-02,-1.908246611126429571e-02,9.750668086703038639e+00
8.810100177225594464e+00,8.796626019801319529e+00,-4.042247227282480537e-02,-1.730250871272431823e-02,9.752275019014451374e+00
8.810152079756537802e+00,8.796626019801319529e+00,-4.057817986565481760e-02,-1.557075928300122314e-02,9.753851060851344457e+00
8.810198367393565988e+00,8.796626019801319529e+00,-4.071704277673937611e-02,-1.388629110845585046e-02,9.755396666114805271e+00
8.810239194697205178e+00,8.796626019801319529e+00,-4.083952468765694732e-02,-1.224819109175712128e-02,9.756912284220586429e+00
8.810274713229267363e+00,8.796626019801319529e+00,-4.094608028384350007e-02,-1.065555961865527479e-02,9.758398360097501723e+00
8.810305071597339222e+00,8.796626019801319529e+00,-4.103715538805907670e-02,-9.107510421557662994e-03,9.759855334190383758e+00
8.810330415498830448e+00,8.796626019801319529e+00,-4.111318709253275472e-02,-7.603170447367801899e-03,9.761283642460099941e+00
8.810350887764567318e+00,8.796626019801319529e+00,-4.117460388974336638e-02,-6.141679721061166219e-03,9.762683716389195965e+00
8.810366628401942179e+00,8.796626019801319529e+00,-4.122182580186795064e-02,-4.722191212458426435e-03,9.764055982985674120e+00
8.810377774637617065e+00,8.796626019801319529e+00,-4.125526450889260843e-02,-3.343870702465778777e-03,9.765400864788642110e+00
8.810384460959770792e+00,8.796626019801319529e+00,-4.127532347535378676e-02,-2.005896646117832915e-03,9.766718779878528878e+00
8.810386819159910843e+00,8.796626019801319529e+00,-4.128239807577394060e-02,-7.074600420153842606e-04,9.768010141882211173e+00
8.810384978374239395e+00,8.796626019801319529e+00,-4.127687571875959804e-02,5.522357014342560433e-04,9.769275359982675155e+00
8.810379065124566367e+00,8.796626019801319529e+00,-4.125913596974051245e-02,1.773974901908559332e-03,9.770514838932168544e+00
8.810369203358787260e+00,8.796626019801319529e+00,-4.122955067240319238e-02,2.958529733732007116e-03,9.771728979061329312e+00
8.810355514490913365e+00,8.796626019801319529e+00,-4.118848406878150570e-02,4.106660362168668144e-03,9.772918176293387660e+00
8.810338117440668526e+00,8.796626019801319529e+00,-4.113629291804699051e-02,5.219115073451519038e-03,9.774082822155405026e+00
8.810317128672640052e+00,8.796626019801319529e+00,-4.107332661396156936e-02,6.296630408542114310e-03,9.775223303794581042e+00
8.810292662234990857e+00,8.796626019801319529e+00,-4.099992730101398308e-02,7.339931294758628155e-03,9.776340003993745142e+00
8.810264829797741726e+00,8.796626019801319529e+00,-4.091642998926658947e-02,8.349731174739360995e-03,9.777433301185473269e+00
8.810233740690611270e+00,8.796626019801319529e+00,-4.082316266787522352e-02,9.326732139136595379e-03,9.778503569471261869e+00
8.810199501940427780e+00,8.796626019801319529e+00,-4.072044641732475156e-02,1.027162505504719547e-02,9.779551178637722941e+00
8.810162218308107640e+00,8.796626019801319529e+00,-4.060859552036433229e-02,1.118508969604192771e-02,9.780576494175678093e+00
8.810121992325205653e+00,8.796626019801319529e+00,-4.048791757165837168e-02,1.206779487059606026e-02,9.781579877298938186e+00
8.810078924330033701e+00,8.796626019801319529e+00,-4.035871358614251392e-02,1.292039855158577666e-02,9.782561684965443760e+00
8.810033112503356634e+00,8.796626019801319529e+00,-4.022127810611131338e-02,1.374354800312005409e-02,9.783522269897009238e+00
8.809984652903670721e+00,8.796626019801319529e+00,-4.007589930705357517e-02,1.453787990577382061e-02,9.784461980598720743e+00
8.809933639502043334e+00,8.796626019801319529e+00,-3.992285910217141520e-02,1.530402048821599692e-02,9.785381161386045079e+00
8.809880164216554732e+00,8.796626019801319529e+00,-3.976243324570560844e-02,1.604258564658067598e-02,9.786280152400875565e+00
8.809824316946306411e+00,8.796626019801319529e+00,-3.959489143496064401e-02,1.675418107449644367e-02,9.787159289639536297e+00
8.809766185605022670e+00,8.796626019801319529e+00,-3.942049741110942307e-02,1.743940238512209362e-02,9.788018904974013168e+00
8.809705856154236514e+00,8.796626019801319529e+00,-3.923950905875095430e-02,1.809883523584687737e-02,9.788859326177096420e+00
8.809643412636066984e+00,8.796626019801319529e+00,-3.905217850424236303e-02,1.873305545085912627e-02,9.789680876946617261e+00
8.809578937205593263e+00,8.796626019801319529e+00,-3.885875221282120151e-02,1.934262914211615225e-02,9.790483876929295448e+00
8.809512510162811338e+00,8.796626019801319529e+00,-3.865947108447542746e-02,1.992811283457740501e-02,9.791268641750102475e+00
8.809444209984205187e+00,8.796626019801319529e+00,-3.845457054865697444e-02,2.049005358184530223e-02,9.792035483033188825e+00
8.809374113353902302e+00,8.796626019801319529e+00,-3.824428065774831964e-02,2.102898909086547974e-02,9.792784708433117657e+00
8.809302295194441967e+00,8.796626019801319529e+00,-3.802882617936731435e-02,2.154544783810052877e-02,9.793516621658733712e+00
8.809228828697147407e+00,8.796626019801319529e+00,-3.780842668748363167e-02,2.203994918836826855e-02,9.794231522500885134e+00
8.809153785352103583e+00,8.796626019801319529e+00,-3.758329665235216055e-02,2.251300351314711179e-02,9.794929706860795449e+00
8.809077234977745974e+00,8.796626019801319529e+00,-3.735364552927933346e-02,2.296511230728270903e-02,9.795611466778003873e+00
8.808999245750065654e+00,8.796626019801319529e+00,-3.711967784623837474e-02,2.339676830409587183e-02,9.796277090457857994e+00
8.808919884231432462e+00,8.796626019801319529e+00,-3.688159329033879885e-02,2.380845558995758893e-02,9.796926862299619287e+00
8.808839215399029143e+00,8.796626019801319529e+00,-3.663958679312884215e-02,2.420064972099567058e-02,9.797561062927867326e+00
8.808757302672917788e+00,8.796626019801319529e+00,-3.639384861479477706e-02,2.457381783340650827e-02,9.798179969218612229e+00
8.808674207943727907e+00,8.796626019801319529e+00,-3.614456442722513430e-02,2.492841875696427678e-02,9.798783854329739640e+00
8.808589991599971469e+00,8.796626019801319529e+00,-3.589191539595582014e-02,2.526490312693141504e-02,9.799372987730976092e+00
8.808504712554988458e+00,8.796626019801319529e+00,-3.563607826100678722e-02,2.558371349490329294e-02,9.799947635233897003e+00
8.808418428273528278e+00,8.796626019801319529e+00,-3.537722541662624565e-02,2.588528443805415691e-02,9.800508059021428409e+00
8.808331194797970554e+00,8.796626019801319529e+00,-3.511552498995307303e-02,2.617004266731726148e-02,9.801054517677364686e+00
8.808243066774180008e+00,8.796626019801319529e+00,-3.485114091858143581e-02,2.643840713716372193e-02,9.801587266218582783e+00
8.808154097477011391e+00,8.796626019801319529e+00,-3.458423302707558378e-02,2.669078915058520352e-02,9.802106556123510117e+00
8.808064338835455587e+00,8.796626019801319529e+00,-3.431495710240817232e-02,2.692759246674114593e-02,9.802612635364333471e+00
8.807973841457435782e+00,8.796626019801319529e+00,-3.404346496834875779e-02,2.714921340594145249e-02,9.803105748437593192e+00
8.807882654654260790e+00,8.796626019801319529e+00,-3.376990455882378228e-02,2.735604095249755119e-02,9.803586136393674266e+00
8.807790826464724887e+00,8.796626019801319529e+00,-3.349441999021607330e-02,2.754845686077089795e-02,9.804054036870555322e+00
8.807698403678875465e+00,8.796626019801319529e+00,-3.321715163266780735e-02,2.772683575482659535e-02,9.804509684122159285e+00
8.807605431861437850e+00,8.796626019801319529e+00,-3.293823618035496281e-02,2.789154523128445362e-02,9.804953309050929988e+00
8.807511955374906165e+00,8.796626019801319529e+00,-3.265780672075990765e-02,2.804294595950551638e-02,9.805385139238746106e+00
8.807418017402298460e+00,8.796626019801319529e+00,-3.237599280293679271e-02,2.818139178231149344e-02,9.805805398979375198e+00
8.807323659969588547e+00,8.796626019801319529e+00,-3.209292050480705427e-02,2.830722981297384422e-02,9.806214309308167287e+00
8.807228923967809209e+00,8.796626019801319529e+00,-3.180871249946903845e-02,2.842080053380158233e-02,9.806612088034333041e+00
8.807133849174833884e+00,8.796626019801319529e+00,-3.152348812054306393e-02,2.852243789259745199e-02,9.806998949772054885e+00
8.807038474276835061e+00,8.796626019801319529e+00,-3.123736342654659381e-02,2.861246939964701141e-02,9.807375105973100915e+00
8.806942836889433579e+00,8.796626019801319529e+00,-3.095045126434214922e-02,2.869121622044445985e-02,9.807740764956102808e+00
8.806846973578528193e+00,8.796626019801319529e+00,-3.066286133162599015e-02,2.875899327161590691e-02,9.808096131939990414e+00
8.806750919880816042e+00,8.796626019801319529e+00,-3.037470023848953815e-02,2.881610931364519956e-02,9.808441409075156159e+00
8.806654710324011148e+00,8.796626019801319529e+00,-3.008607156807485694e-02,2.886286704146812099e-02,9.808776795473393761e+00
8.806558378446753821e+00,8.796626019801319529e+00,-2.979707593630287477e-02,2.889956317719821755e-02,9.809102487240895840e+00
8.806461956818221637e+00,8.796626019801319529e+00,-2.950781105070632293e-02,2.892648855965518351e-02,9.809418677508949358e+00
8.806365477057440216e+00,8.796626019801319529e+00,-2.921837176836206140e-02,2.894392823442615281e-02,9.809725556466064589e+00
8.806268969852304451e+00,8.796626019801319529e+00,-2.892885015295476592e-02,2.895216154072954851e-02,9.810023311387775280e+00
8.806172464978308412e+00,8.796626019801319529e+00,-2.863933553096664753e-02,2.895146219881183924e-02,9.810312126667845689e+00
8.806075991316978602e+00,8.796626019801319529e+00,-2.834991454697721736e-02,2.894209839894301695e-02,9.810592183851966297e+00
8.805979576874033654e+00,8.796626019801319529e+00,-2.806067121814237453e-02,2.892433288348428277e-02,9.810863661665342406e+00
8.805883248797256257e+00,8.796626019801319529e+00,-2.777168698781018463e-02,2.889842303321898953e-02,9.811126736045409302e+00
8.805787033394082641e+00,8.796626019801319529e+00,-2.748304077828933600e-02,2.886462095208486289e-02,9.811381580173796024e+00
8.805690956148927384e+00,8.796626019801319529e+00,-2.719480904282356448e-02,2.882317354657715214e-02,9.811628364503754085e+00
8.805595041740222229e+00,8.796626019801319529e+00,-2.690706581670809783e-02,2.877432261154666548e-02,9.811867256794839065e+00
8.805499314057195548e+00,8.796626019801319529e+00,-2.661988276762805583e-02,2.871830490800419966e-02,9.812098422140376641e+00
8.805403796216383583e+00,8.796626019801319529e+00,-2.633332924519216078e-02,2.865535224358950472e-02,9.812322022998397841e+00
8.805308510577871672e+00,8.796626019801319529e+00,-2.604747232965642922e-02,2.858569155357315594e-02,9.812538219223917224e+00
8.805213478761281465e+00,8.796626019801319529e+00,-2.576237687988580660e-02,2.850954497706226221e-02,9.812747168097176953e+00
8.805118721661500558e+00,8.796626019801319529e+00,-2.547810558054308672e-02,2.842712993427198853e-02,9.812949024353729399e+00
8.805024259464156344e+00,8.796626019801319529e+00,-2.519471898851044500e-02,2.833865920326417154e-02,9.813143940214754224e+00
8.804930111660832281e+00,8.796626019801319529e+00,-2.491227557853825658e-02,2.824434099721884195e-02,9.813332065418681083e+00
8.804836297064051465e+00,8.796626019801319529e+00,-2.463083178819580610e-02,2.814437903424504839e-02,9.813513547246049740e+00
8.804742833821993742e+00,8.796626019801319529e+00,-2.435044206202263695e-02,2.803897261731691515e-02,9.813688530555294776e+00
8.804649739432992561e+00,8.796626019801319529e+00,-2.407115889501909578e-02,2.792831670035411662e-02,9.813857157805335518e+00
8.804557030759772474e+00,8.796626019801319529e+00,-2.379303287535883271e-02,2.781260196602630685e-02,9.814019569090667972e+00
8.804464724043461032e+00,8.796626019801319529e+00,-2.351611272642450956e-02,2.769201489343231515e-02,9.814175902167008303e+00
8.804372834917366220e+00,8.796626019801319529e+00,-2.324044534814007079e-02,2.756673782844387688e-02,9.814326292480304303e+00
8.804281378420519388e+00,8.796626019801319529e+00,-2.296607585759957715e-02,2.743694905404936435e-02,9.814470873196450285e+00
8.804190369010992612e+00,8.796626019801319529e+00,-2.269304762901924732e-02,2.730282285803298237e-02,9.814609775229014232e+00
8.804099820578988655e+00,8.796626019801319529e+00,-2.242140233300737862e-02,2.716452960118687088e-02,9.814743127268179990e+00
8.804009746459710684e+00,8.796626019801319529e+00,-2.215117997517346282e-02,2.702223578339157939e-02,9.814871055808218614e+00
8.803920159446013471e+00,8.796626019801319529e+00,-2.188241893408182648e-02,2.687610410916363435e-02,9.814993685175082305e+00
8.803831071800834351e+00,8.796626019801319529e+00,-2.161515599854446634e-02,2.672629355373601356e-02,9.815111137555192045e+00
8.803742495269410995e+00,8.796626019801319529e+00,-2.134942640427439642e-02,2.657295942700699243e-02,9.815223533022733093e+00
8.803654441091289584e+00,8.796626019801319529e+00,-2.108526386991016466e-02,2.641625343642317603e-02,9.815330989566513509e+00
8.803566920012125152e+00,8.796626019801319529e+00,-2.082270063241686842e-02,2.625632374932962421e-02,9.815433623116913253e+00
8.803479942295272309e+00,8.796626019801319529e+00,-2.056176748185833958e-02,2.609331505585288369e-02,9.815531547573995041e+00
8.803393517733177021e+00,8.796626019801319529e+00,-2.030249379557247380e-02,2.592736862858657787e-02,9.815624874833014601e+00
8.803307655658564101e+00,8.796626019801319529e+00,-2.004490757173371662e-02,2.575862238387571779e-02,9.815713714812142499e+00
8.803222364955432866e+00,8.796626019801319529e+00,-1.978903546234000999e-02,2.558721093937066371e-02,9.815798175477031151e+00
8.803137654069848494e+00,8.796626019801319529e+00,-1.953490280558689562e-02,2.541326567531143610e-02,9.815878362869725038e+00
8.803053531020552214e+00,8.796626019801319529e+00,-1.928253365769805328e-02,2.523691478888423489e-02,9.815954381131186679e+00
8.802970003409368971e+00,8.796626019801319529e+00,-1.903195082414832484e-02,2.505828335497284343e-02,9.816026332530825016e+00
8.802887078431439249e+00,8.796626019801319529e+00,-1.878317589035916058e-02,2.487749337891642654e-02,9.816094317488557763e+00
8.802804762885257261e+00,8.796626019801319529e+00,-1.853622925181319658e-02,2.469466385459639923e-02,9.816158434602783700e+00
8.802723063182536833e+00,8.796626019801319529e+00,-1.829113014365191248e-02,2.450991081612841072e-02,9.816218780672476996e+00
8.802641985357883669e+00,8.796626019801319529e+00,-1.804789666969242035e-02,2.432334739594921302e-02,9.816275450726257290e+00
8.802561535078302413e+00,8.796626019801319529e+00,-1.780654583094865018e-02,2.413508387437701685e-02,9.816328538043428864e+00
8.802481717652526072e+00,8.796626019801319529e+00,-1.756709355361962821e-02,2.394522773290219675e-02,9.816378134179283066e+00
8.802402538040167812e+00,8.796626019801319529e+00,-1.732955471654484825e-02,2.375388370747799627e-02,9.816424328990933645e+00
8.802324000860707542e+00,8.796626019801319529e+00,-1.709394317816403941e-02,2.356115383808088382e-02,9.816467210659917342e+00
8.802246110402313306e+00,8.796626019801319529e+00,-1.686027180298133032e-02,2.336713751827090846e-02,9.816506865715290076e+00
8.802168870630490360e+00,8.796626019801319529e+00,-1.662855248751249349e-02,2.317193154688368395e-02,9.816543379059371688e+00
8.802092285196573940e+00,8.796626019801319529e+00,-1.639879618576323139e-02,2.297563017492620929e-02,9.816576833989163475e+00
8.802016357446056816e+00,8.796626019801319529e+00,-1.617101293421185915e-02,2.277832515513722456e-02,9.816607312220925863e+00
8.801941090426760539e+00,8.796626019801319529e+00,-1.594521187632302883e-02,2.258010578888303144e-02,9.816634893912560500e+00
8.801866486896855690e+00,8.796626019801319529e+00,-1.572140128660848291e-02,2.238105897145459267e-02,9.816659657684846607e+00
8.801792549332720483e+00,8.796626019801319529e+00,-1.549958859420286217e-02,2.218126924056207372e-02,9.816681680646359709e+00
8.801719279936650153e+00,8.796626019801319529e+00,-1.527978040599187182e-02,2.198081882109903518e-02,9.816701038415107661e+00
8.801646680644420684e+00,8.796626019801319529e+00,-1.506198252930346371e-02,2.177978766884081097e-02,9.816717805139537845e+00
8.801574753132705098e+00,8.796626019801319529e+00,-1.484619999415670577e-02,2.157825351467579367e-02,9.816732053520519585e+00
8.801503498826340532e+00,8.796626019801319529e+00,-1.463243707506300950e-02,2.137629190936962686e-02,9.816743854834307115e+00
8.801432918905460312e+00,8.796626019801319529e+00,-1.442069731242234809e-02,2.117397626406614108e-02,9.816753278951644290e+00
8.801363014312475030e+00,8.796626019801319529e+00,-1.421098353346650356e-02,2.097137789558445320e-02,9.816760394362118447e+00
8.801293785758925736e+00,8.796626019801319529e+00,-1.400329787281862082e-02,2.076856606478827416e-02,9.816765268191970151e+00
8.801225233732196784e+00,8.796626019801319529e+00,-1.379764179263176516e-02,2.056560801868556609e-02,9.816767966226054298e+00
8.801157358502090133e+00,8.796626019801319529e+00,-1.359401610231181223e-02,2.036256903199529233e-02,9.816768552929683977e+00
8.801090160127275297e+00,8.796626019801319529e+00,-1.339242097786730312e-02,2.015951244445091106e-02,9.816767091466584105e+00
8.801023638461607845e+00,8.796626019801319529e+00,-1.319285598086494815e-02,1.995649970023549713e-02,9.816763643719371046e+00
8.800957793160312903e+00,8.796626019801319529e+00,-1.299532007698012137e-02,1.975359038848267801e-02,9.816758270311503054e+00
8.800892623686047855e+00,8.796626019801319529e+00,-1.279981165418497824e-02,1.955084227951431330e-02,9.816751030625329832e+00
8.800828129314846038e+00,8.796626019801319529e+00,-1.260632854057952557e-02,1.934831136054526723e-02,9.816741982819966239e+00
8.800764309141925423e+00,8.796626019801319529e+00,-1.241486802181768212e-02,1.914605187618434456e-02,9.816731183854367160e+00
8.800701162087390728e+00,8.796626019801319529e+00,-1.222542685821359498e-02,1.894411636040871372e-02,9.816718689502195616e+00
8.800638686901805841e+00,8.796626019801319529e+00,-1.203800130145893377e-02,1.874255567546612156e-02,9.816704554374007685e+00
8.800576882171659676e+00,8.796626019801319529e+00,-1.185258711102044060e-02,1.854141904384931649e-02,9.816688831932829373e+00
8.800515746324705901e+00,8.796626019801319529e+00,-1.166917957015911611e-02,1.834075408613244917e-02,9.816671574515973830e+00
8.800455277635203188e+00,8.796626019801319529e+00,-1.148777350165097744e-02,1.814060685081386737e-02,9.816652833349163387e+00
8.800395474229036452e+00,8.796626019801319529e+00,-1.130836328315076855e-02,1.794102185002088845e-02,9.816632658566870617e+00
8.800336334088726176e+00,8.796626019801319529e+00,-1.113094286221993912e-02,1.774204209308294367e-02,9.816611099230863502e+00
8.800277855058338261e+00,8.796626019801319529e+00,-1.095550577105619539e-02,1.754370911637437302e-02,9.816588203345318675e+00
8.800220034848285522e+00,8.796626019801319529e+00,-1.078204514089797783e-02,1.734606301582175547e-02,9.816564017874924275e+00
8.800162871040020818e+00,8.796626019801319529e+00,-1.061055371610386544e-02,1.714914247941123904e-02,9.816538588763307871e+00
8.800106361090632490e+00,8.796626019801319529e+00,-1.044102386793888115e-02,1.695298481649842870e-02,9.816511960948560045e+00
8.800050502337338543e+00,8.796626019801319529e+00,-1.027344760805704027e-02,1.675762598818408833e-02,9.816484178380127545e+00
8.799995292001883129e+00,8.796626019801319529e+00,-1.010781660169079998e-02,1.656310063662402854e-02,9.816455284034933726e+00
8.799940727194830004e+00,8.796626019801319529e+00,-9.944122180531422828e-03,1.636944211593771570e-02,9.816425319935406790e+00
8.799886804919770711e+00,8.796626019801319529e+00,-9.782355355353544724e-03,1.617668251778781041e-02,9.816394327162434763e+00
8.799833522077427972e+00,8.796626019801319529e+00,-9.622506828325327888e-03,1.598485270282168358e-02,9.816362345874496853e+00
8.799780875469672026e+00,8.796626019801319529e+00,-9.464567005057489268e-03,1.579398232678386194e-02,9.816329415321726870e+00
8.799728861803448154e+00,8.796626019801319529e+00,-9.308526006385875462e-03,1.560409986716138064e-02,9.816295573860776003e+00
8.799677477694611838e+00,8.796626019801319529e+00,-9.154373679876925962e-03,1.541523265089494998e-02,9.816260858971018521e+00
8.799626719671671538e+00,8.796626019801319529e+00,-9.002099611056024742e-03,1.522740688209012205e-02,9.816225307271034595e+00
8.799576584179458649e+00,8.796626019801319529e+00,-8.851693134417359943e-03,1.504064766386647989e-02,9.816188954529449617e+00
8.799527067582697981e+00,8.796626019801319529e+00,-8.703143344135355619e-03,1.485497902820043237e-02,9.816151835684065574e+00
8.799478166169507176e+00,8.796626019801319529e+00,-8.556439104562940656e-03,1.467042395724149628e-02,9.816113984852679053e+00
8.799429876154800212e+00,8.796626019801319529e+00,-8.411569060442047885e-03,1.448700441208927714e-02,9.816075435351647727e+00
8.799382193683628728e+00,8.796626019801319529e+00,-8.268521646927595725e-03,1.430474135144521597e-02,9.816036219704518118e+00
8.799335114834427429e+00,8.796626019801319529e+00,-8.127285099323700024e-03,1.412365476038957013e-02,9.815996369661066367e+00
8.799288635622193766e+00,8.796626019801319529e+00,-7.987847462622710282e-03,1.394376367009897422e-02,9.815955916207476761e+00
8.799242752001580570e+00,8.796626019801319529e+00,-7.850196600783121426e-03,1.376508618395888561e-02,9.815914889583176262e+00
8.799197459869924742e+00,8.796626019801319529e+00,-7.714320205815639042e-03,1.358763949674823834e-02,9.815873319290933097e+00
8.799152755070197784e+00,8.796626019801319529e+00,-7.580205806634765509e-03,1.341143991808735336e-02,9.815831234111453085e+00
8.799108633393883494e+00,8.796626019801319529e+00,-7.447840777691894232e-03,1.323650289428712767e-02,9.815788662116595731e+00
8.799065090583779281e+00,8.796626019801319529e+00,-7.317212347379253856e-03,1.306284303126403756e-02,9.815745630683885281e+00
8.799022122336744189e+00,8.796626019801319529e+00,-7.188307606273980355e-03,1.289047411052735015e-02,9.815702166504253867e+00
8.798979724306359884e+00,8.796626019801319529e+00,-7.061113515121064665e-03,1.271940911529156892e-02,9.815658295600171002e+00
8.798937892105534786e+00,8.796626019801319529e+00,-6.935616912645770071e-03,1.254966024752945941e-02,9.815614043334884187e+00
8.798896621309044264e+00,8.796626019801319529e+00,-6.811804523174203041e-03,1.238123894715670303e-02,9.815569434423982997e+00
8.798855907455996217e+00,8.796626019801319529e+00,-6.689662964030063108e-03,1.221415591441399329e-02,9.815524492950384428e+00
8.798815746052241593e+00,8.796626019801319529e+00,-6.569178752766191565e-03,1.204842112638715435e-02,9.815479242373621460e+00
8.798776132572724507e+00,8.796626019801319529e+00,-6.450338314214931756e-03,1.188404385512598083e-02,9.815433705540911546e+00
8.798737062463763081e+00,8.796626019801319529e+00,-6.333127987330655628e-03,1.172103268842761281e-02,9.815387904701097455e+00
8.798698531145271673e+00,8.796626019801319529e+00,-6.217534031856430943e-03,1.155939554742246855e-02,9.815341861515566535e+00
8.798660534012931578e+00,8.796626019801319529e+00,-6.103542634836145453e-03,1.139913970202854898e-02,9.815295597067192901e+00
8.798623066440297791e+00,8.796626019801319529e+00,-5.991139916934784537e-03,1.124027179013609157e-02,9.815249131873201804e+00
8.798586123780850698e+00,8.796626019801319529e+00,-5.880311938593507648e-03,1.108279783412768893e-02,9.815202485895534679e+00
8.798549701369994480e+00,8.796626019801319529e+00,-5.771044706024852644e-03,1.092672325686550039e-02,9.815155678550841145e+00
8.798513794526993337e+00,8.796626019801319529e+00,-5.663324177021422656e-03,1.077205290034299878e-02,9.815108728723322074e+00
8.798478398556863311e+00,8.796626019801319529e+00,-5.557136266631346189e-03,1.061879103900764676e-02,9.815061654772376798e+00
8.798443508752210818e+00,8.796626019801319529e+00,-5.452466852673865105e-03,1.046694139574810833e-02,9.815014474543074741e+00
8.798409120395012550e+00,8.796626019801319529e+00,-5.349301781079063289e-03,1.031650715948018160e-02,9.814967205378401616e+00
8.798375228758352762e+00,8.796626019801319529e+00,-5.247626871099697610e-03,1.016749099793656796e-02,9.814919864126837368e+00
8.798341829108105472e+00,8.796626019801319529e+00,-5.147427920357827702e-03,1.001989507418699077e-02,9.814872467153829660e+00
8.798308916704574045e+00,8.796626019801319529e+00,-5.048690709763548057e-03,9.873721059427964519e-03,9.814825030349664914e+00
8.798276486804077479e+00,8.796626019801319529e+00,-4.951401008273847992e-03,9.728970148970006449e-03,9.814777569140696656e+00
8.798244534660494054e+00,8.796626019801319529e+00,-4.855544577523573935e-03,9.585643075027405757e-03,9.814730098497504329e+00
8.798213055526760584e+00,8.796626019801319529e+00,-4.761107176323164936e-03,9.443740120040899910e-03,9.814682632943718232e+00
8.798182044656321921e+00,8.796626019801319529e+00,-4.668074565007174215e-03,9.303261131599072087e-03,9.814635186566592395e+00
8.798151497304539603e+00,8.796626019801319529e+00,-4.576432509660222081e-03,9.164205534695213373e-03,9.814587773025035489e+00
8.798121408730059656e+00,8.796626019801319529e+00,-4.486166786220380231e-03,9.026572343984184954e-03,9.814540405557764302e+00
8.798091774196135972e+00,8.796626019801319529e+00,-4.397263184449329287e-03,8.890360177105094408e-03,9.814493096992656263e+00
8.798062588971911069e+00,8.796626019801319529e+00,-4.309707511774618638e-03,8.755567267471064952e-03,9.814445859755696944e+00
8.798033848333661311e+00,8.796626019801319529e+00,-4.223485597025344873e-03,8.622191474927376476e-03,9.814398705877902529e+00
8.798005547565999507e+00,8.796626019801319529e+00,-4.138583294039932525e-03,8.490230298541234788e-03,9.814351647004501800e+00
8.797977681963038421e+00,8.796626019801319529e+00,-4.054986485156675258e-03,8.359680888325726755e-03,9.814304694403169549e+00
8.797950246829516985e+00,8.796626019801319529e+00,-3.972681084592366574e-03,8.230540056430868390e-03,9.814257858971838999e+00
8.797923237481892755e+00,8.796626019801319529e+00,-3.891653041719678185e-03,8.102804287268838834e-03,9.814211151245549658e+00
8.797896649249393519e+00,8.796626019801319529e+00,-3.811888344221969760e-03,7.976469749770842554e-03,9.814164581405549370e+00
8.797870477475035145e+00,8.796626019801319529e+00,-3.733373021146846327e-03,7.851532307512343323e-03,9.814118159286365994e+00
8.797844717516605684e+00,8.796626019801319529e+00,-3.656093145858463345e-03,7.727987528838298203e-03,9.814071894382980332e+00
8.797819364747613946e+00,8.796626019801319529e+00,-3.580034838883250359e-03,7.605830697521298589e-03,9.814025795858638546e+00
8.797794414558207876e+00,8.796626019801319529e+00,-3.505184270665040458e-03,7.485056821820990081e-03,9.813979872551156447e+00
8.797769862356057402e+00,8.796626019801319529e+00,-3.431527664213618323e-03,7.365660645142213525e-03,9.813934132980929093e+00
8.797745703567205311e+00,8.796626019801319529e+00,-3.359051297657345003e-03,7.247636655627331947e-03,9.813888585357970484e+00
8.797721933636887925e+00,8.796626019801319529e+00,-3.287741506705188499e-03,7.130979095215650432e-03,9.813843237588510959e+00
8.797698548030330912e+00,8.796626019801319529e+00,-3.217584687034147350e-03,7.015681967104114847e-03,9.813798097280070465e+00
8.797675542233500678e+00,8.796626019801319529e+00,-3.148567296543447469e-03,6.901739049069988141e-03,9.813753171752527038e+00
8.797652911753846894e+00,8.796626019801319529e+00,-3.080675857582093613e-03,6.789143896135385603e-03,9.813708468038553789e+00
8.797630652120997041e+00,8.796626019801319529e+00,-3.013896959032535960e-03,6.677889854955765259e-03,9.813663992895923727e+00
8.797608758887436764e+00,8.796626019801319529e+00,-2.948217258351704118e-03,6.567970068083184287e-03,9.813619752809731978e+00
8.797587227629156459e+00,8.796626019801319529e+00,-2.883623483510788787e-03,6.459377484091533006e-03,9.813575754000581242e+00
8.797566053946276554e+00,8.796626019801319529e+00,-2.820102434871074593e-03,6.352104863971419491e-03,9.813532002429100842e+00
8.797545233463639036e+00,8.796626019801319529e+00,-2.757640986958520557e-03,6.246144791255403561e-03,9.813488503804297380e+00
8.797524761831382989e+00,8.796626019801319529e+00,-2.696226090190378955e-03,6.141489676814160248e-03,9.813445263586624279e+00
8.797504634725484607e+00,8.796626019801319529e+00,-2.635844772495232746e-03,6.038131769514620828e-03,9.813402286997019885e+00
8.797484847848286549e+00,8.796626019801319529e+00,-2.576484140901058595e-03,5.936063159417415136e-03,9.813359579018516854e+00
8.797465396928989989e+00,8.796626019801319529e+00,-2.518131383011379398e-03,5.835275788967919652e-03,9.813317144405957038e+00
8.797446277724134234e+00,8.796626019801319529e+00,-2.460773768444113330e-03,5.735761456726606866e-03,9.813274987688282991e+00
8.797427486018047915e+00,8.796626019801319529e+00,-2.404398650185157749e-03,5.637511825895558104e-03,9.813233113175710898e+00
8.797409017623278871e+00,8.796626019801319529e+00,-2.348993465878024267e-03,5.540518430713348152e-03,9.813191524964835821e+00
8.797390868381006257e+00,8.796626019801319529e+00,-2.294545739060183109e-03,5.444772681784115775e-03,9.813150226942724430e+00
8.797373034161427796e+00,8.796626019801319529e+00,-2.241043080324800485e-03,5.350265873538262440e-03,9.813109222793213959e+00
8.797355510864129258e+00,8.796626019801319529e+00,-2.188473188429185257e-03,5.256989189561522835e-03,9.813068516001132835e+00
8.797338294418430849e+00,8.796626019801319529e+00,-2.136823851333957691e-03,5.164933709522756544e-03,9.813028109858189296e+00
8.797321380783717615e+00,8.796626019801319529e+00,-2.086082947194256576e-03,5.074090413970111513e-03,9.812988007466776352e+00
8.797304765949750305e+00,8.796626019801319529e+00,-2.036238445292326560e-03,4.984450190193001617e-03,9.812948211744901172e+00
8.797288445936958468e+00,8.796626019801319529e+00,-1.987278406916814788e-03,4.896003837551177185e-03,9.812908725430634860e+00
8.797272416796708683e+00,8.796626019801319529e+00,-1.939190986167460551e-03,4.808742074935423716e-03,9.812869551088768461e+00
8.797256674611569238e+00,8.796626019801319529e+00,-1.891964430749126791e-03,4.722655541833375992e-03,9.812830691111084747e+00
8.797241215495539279e+00,8.796626019801319529e+00,-1.845587082659250200e-03,4.637734808987659108e-03,9.812792147726328906e+00
8.797226035594283289e+00,8.796626019801319529e+00,-1.800047378891278527e-03,4.553970376797167319e-03,9.812753922997906386e+00
8.797211131085326485e+00,8.796626019801319529e+00,-1.755333852020868335e-03,4.471352687041019180e-03,9.812716018835020648e+00
8.797196498178253776e+00,8.796626019801319529e+00,-1.711435130802740900e-03,4.389872121812743444e-03,9.812678436991010500e+00
8.797182133114880287e+00,8.796626019801319529e+00,-1.668339940682272982e-03,4.309519012046791886e-03,9.812641179071365016e+00
8.797168032169413010e+00,8.796626019801319529e+00,-1.626037104280442236e-03,4.230283640183074567e-03,9.812604246535903130e+00
8.797154191648600019e+00,8.796626019801319529e+00,-1.584515541841469144e-03,4.152156243897309196e-03,9.812567640702056337e+00
8.797140607891856590e+00,8.796626019801319529e+00,-1.543764271611181016e-03,4.075127023028812800e-03,9.812531362751418129e+00
8.797127277271387769e+00,8.796626019801319529e+00,-1.503772410204717858e-03,3.999186140646315835e-03,9.812495413730442095e+00
8.797114196192293178e+00,8.796626019801319529e+00,-1.464529172920947531e-03,3.924323728377032694e-03,9.812459794555456583e+00
8.797101361092654059e+00,8.796626019801319529e+00,-1.426023874003590208e-03,3.850529891735732235e-03,9.812424506017732639e+00
8.797088768443616758e+00,8.796626019801319529e+00,-1.388245926891684690e-03,3.777794711190551880e-03,9.812389548784299365e+00
8.797076414749456674e+00,8.796626019801319529e+00,-1.351184844411434938e-03,3.706108248024975182e-03,9.812354923403614038e+00
8.797064296547636886e+00,8.796626019801319529e+00,-1.314830238952069408e-03,3.635460545936552990e-03,9.812320630306984981e+00
8.797052410408848999e+00,8.796626019801319529e+00,-1.279171822588409668e-03,3.565841636365973955e-03,9.812286669813778062e+00
8.797040752937041574e+00,8.796626019801319529e+00,-1.244199407166135529e-03,3.497241542227413902e-03,9.812253042135061776e+00
8.797029320769448546e+00,8.796626019801319529e+00,-1.209902904387050171e-03,3.429650277908535827e-03,9.812219747373521983e+00
8.797018110576592775e+00,8.796626019801319529e+00,-1.176272325819738285e-03,3.363057856731188622e-03,9.812186785530911948e+00
8.797007119062289604e+00,8.796626019801319529e+00,-1.143297782910224214e-03,3.297454290951407074e-03,9.812154156508041680e+00
8.796996342963637971e+00,8.796626019801319529e+00,-1.110969486955326602e-03,3.232829595489761232e-03,9.812121860108534932e+00
8.796985779050997323e+00,8.796626019801319529e+00,-1.079277749033380474e-03,3.169173792194612815e-03,9.812089896043161730e+00
8.796975424127960963e+00,8.796626019801319529e+00,-1.048212979924301180e-03,3.106476910907929323e-03,9.812058263930984126e+00
8.796965275031316978e+00,8.796626019801319529e+00,-1.017765689992344846e-03,3.044728993195633393e-03,9.812026963303203786e+00
8.796955328631003823e+00,8.796626019801319529e+00,-9.879264890528816068e-04,2.983920093946323959e-03,9.811995993604893940e+00
8.796945581830049932e+00,8.796626019801319529e+00,-9.586860861912072096e-04,2.924040286167439717e-03,9.811965354199976730e+00
8.796936031564516867e+00,8.796626019801319529e+00,-9.300352895920127594e-04,2.865079659919445021e-03,9.811935044370327930e+00
8.796926674803421164e+00,8.796626019801319529e+00,-9.019650063049056143e-04,2.807028328710714504e-03,9.811905063322406306e+00
8.796917508548657949e+00,8.796626019801319529e+00,-8.744662420152593540e-04,2.749876428964626029e-03,9.811875410186949864e+00
8.796908529834912116e+00,8.796626019801319529e+00,-8.475301007777602535e-04,2.693614123749910050e-03,9.811846084022972647e+00
8.796899735729569514e+00,8.796626019801319529e+00,-8.211477847499537575e-04,2.638231602780649609e-03,9.811817083818031193e+00
8.796891123332608586e+00,8.796626019801319529e+00,-7.953105938671711783e-04,2.583719088278257914e-03,9.811788408494411584e+00
8.796882689776497344e+00,8.796626019801319529e+00,-7.700099255334436066e-04,2.530066833372757173e-03,9.811760056907839811e+00
8.796874432226076124e+00,8.796626019801319529e+00,-7.452372742697832564e-04,2.477265126366035020e-03,9.811732027852096749e+00
8.796866347878440351e+00,8.796626019801319529e+00,-7.209842313624648114e-04,2.425304290731844503e-03,9.811704320059369877e+00
8.796858433962810864e+00,8.796626019801319529e+00,-6.972424844740032768e-04,2.374174688846153458e-03,9.811676932204372648e+00
8.796850687740402464e+00,8.796626019801319529e+00,-6.740038172488027612e-04,2.323866722520051553e-03,9.811649862905271746e+00
8.796843106504283583e+00,8.796626019801319529e+00,-6.512601088921599057e-04,2.274370835664285551e-03,9.811623110726772623e+00
8.796835687579237728e+00,8.796626019801319529e+00,-6.290033337545963832e-04,2.225677513756352255e-03,9.811596674180002253e+00
8.796828428321608939e+00,8.796626019801319529e+00,-6.072255608682297634e-04,2.177777288636661979e-03,9.811570551727768930e+00
8.796821326119154349e+00,8.796626019801319529e+00,-5.859189535044606600e-04,2.130660736376910336e-03,9.811544741782872947e+00
8.796814378390877209e+00,8.796626019801319529e+00,-5.650757686730401019e-04,2.084318483142055811e-03,9.811519242714469513e+00
8.796807582586872343e+00,8.796626019801319529e+00,-5.446883566584403980e-04,2.038741201459970398e-03,9.811494052844802027e+00
8.796800936188152065e+00,8.796626019801319529e+00,-5.247491604976062263e-04,1.993919616083417168e-03,9.811469170455586308e+00
8.796794436706477427e+00,8.796626019801319529e+00,-5.052507154736929351e-04,1.949844502391329115e-03,9.811444593786918134e+00
8.796788081684180582e+00,8.796626019801319529e+00,-4.861856485831594910e-04,1.906506689053344417e-03,9.811420321040470682e+00
8.796781868693987150e+00,8.796626019801319529e+00,-4.675466780028614266e-04,1.863897058029806431e-03,9.811396350380027442e+00
8.796775795338833248e+00,8.796626019801319529e+00,-4.493266125411565781e-04,1.822006546170484853e-03,9.811372679933629826e+00
8.796769859251671875e+00,8.796626019801319529e+00,-4.315183510570363978e-04,1.780826148412018028e-03,9.811349307797355479e+00
8.796764058095289940e+00,8.796626019801319529e+00,-4.141148819112316914e-04,1.740346914580470639e-03,9.811326232032669736e+00
8.796758389562111091e+00,8.796626019801319529e+00,-3.971092823746857903e-04,1.700559953654590117e-03,9.811303450671280402e+00
8.796752851374000315e+00,8.796626019801319529e+00,-3.804947180423567943e-04,1.661456433232899599e-03,9.811280961715191040e+00
8.796747441282061430e+00,8.796626019801319529e+00,-3.642644422257035330e-04,1.623027581665326124e-03,9.811258763139440120e+00
8.796742157066436363e+00,8.796626019801319529e+00,-3.484117953505005971e-04,1.585264687520293592e-03,9.811236852892170290e+00
8.796736996536099085e+00,8.796626019801319529e+00,-3.329302043386661580e-04,1.548159101183443909e-03,9.811215228896845275e+00
8.796731957528653112e+00,8.796626019801319529e+00,-3.178131820007479291e-04,1.511702233791822891e-03,9.811193889051791572e+00
8.796727037910111235e+00,8.796626019801319529e+00,-3.030543263751184213e-04,1.475885562562950781e-03,9.811172831236188330e+00
8.796722235574693016e+00,8.796626019801319529e+00,-2.886473201204609040e-04,1.440700625465751727e-03,9.811152053305345788e+00
8.796717548444606294e+00,8.796626019801319529e+00,-2.745859298602937315e-04,1.406139026016717253e-03,9.811131553096156921e+00
8.796712974469828694e+00,8.796626019801319529e+00,-2.608640055274946690e-04,1.372192433279906254e-03,9.811111328427752909e+00
8.796708511627894467e+00,8.796626019801319529e+00,-2.474754797248124305e-04,1.338852580268223846e-03,9.811091377100543909e+00
8.796704157923668888e+00,8.796626019801319529e+00,-2.344143670480747232e-04,1.306111267673770726e-03,9.811071696900626193e+00
8.796699911389133320e+00,8.796626019801319529e+00,-2.216747634413707146e-04,1.273960360670400860e-03,9.811052285597229528e+00
8.796695770083157839e+00,8.796626019801319529e+00,-2.092508455149300062e-04,1.242391792644070847e-03,9.811033140947129638e+00
8.796691732091277416e+00,8.796626019801319529e+00,-1.971368698736597480e-04,1.211397564127025817e-03,9.811014260694253863e+00
8.796687795525466314e+00,8.796626019801319529e+00,-1.853271724403526832e-04,1.180969743330706478e-03,9.810995642570890851e+00
8.796683958523912494e+00,8.796626019801319529e+00,-1.738161677788951920e-04,1.151100466145749124e-03,9.810977284298367351e+00
8.796680219250788468e+00,8.796626019801319529e+00,-1.625983484068171947e-04,1.121781937207799729e-03,9.810959183588801480e+00
8.796676575896023920e+00,8.796626019801319529e+00,-1.516682841131711257e-04,1.093006429364606902e-03,9.810941338145251933e+00
8.796673026675073004e+00,8.796626019801319529e+00,-1.410206212604236953e-04,1.064766285274743041e-03,9.810923745664014817e+00
8.796669569828688751e+00,8.796626019801319529e+00,-1.306500821076639340e-04,1.037053915275976124e-03,9.810906403833168810e+00
8.796666203622686808e+00,8.796626019801319529e+00,-1.205514641018368138e-04,1.009861800582712021e-03,9.810889310336481373e+00
8.796662926347719846e+00,8.796626019801319529e+00,-1.107196392009512920e-04,9.831824900885521856e-04,9.810872462850888098e+00
8.796659736319037748e+00,8.796626019801319529e+00,-1.011495531546557913e-04,9.570086046295500637e-04,9.810855859051475392e+00
8.796656631876260235e+00,8.796626019801319529e+00,-9.183622482211717397e-05,9.313328332538617360e-04,9.810839496608432242e+00
8.796653611383144167e+00,8.796626019801319529e+00,-8.277474547391250326e-05,9.061479348204670714e-04,9.810823373189347052e+00
8.796650673227347284e+00,8.796626019801319529e+00,-7.396027808326266495e-05,8.814467390649838308e-04,9.810807486460982219e+00
8.796647815820195504e+00,8.796626019801319529e+00,-6.538805662792412932e-05,8.572221455338535634e-04,9.810791834088906427e+00
8.796645037596453776e+00,8.796626019801319529e+00,-5.705338540273885428e-05,8.334671225185275034e-04,9.810776413737116286e+00
8.796642337014084490e+00,8.796626019801319529e+00,-4.895163829488069496e-05,8.101747107858159325e-04,9.810761223072491433e+00
8.796639712554023660e+00,8.796626019801319529e+00,-4.107825811239251834e-05,7.873380182488176615e-04,9.810746259760136923e+00
8.796637162719937564e+00,8.796626019801319529e+00,-3.342875585410354233e-05,7.649502258288976009e-04,9.810731521469975291e+00
8.796634686037998918e+00,8.796626019801319529e+00,-2.599871003816645043e-05,7.430045815937091902e-04,9.810717005871556040e+00
8.796632281056647074e+00,8.796626019801319529e+00,-1.878376598263287178e-05,7.214944055533578648e-04,9.810702710639571222e+00
8.796629946346358864e+00,8.796626019801319529e+00,-1.177963511800328433e-05,7.004130864629587450e-04,9.810688633451345453e+00
8.796627680499415902e+00,8.796626019801319529e+00,-4.982094289118776942e-06,6.797540828884507391e-04,9.810674771988599829e+00
8.796625482129671880e+00,8.796626019801319529e+00,1.613014942947188501e-06,6.595109232065965443e-04,9.810661123938150041e+00
8.796623349872321640e+00,8.796626019801319529e+00,8.009786993667944444e-06,6.396772050720755942e-04,9.810647686992066241e+00
8.796621282383672025e+00,8.796626019801319529e+00,1.421225294251371452e-05,6.202465948845770072e-04,9.810634458847827588e+00
8.796619278340905623e+00,8.796626019801319529e+00,2.022438124171799245e-05,6.012128299204277937e-04,9.810621437211162643e+00
8.796617336441860502e+00,8.796626019801319529e+00,2.605007837708228635e-05,5.825697135364293899e-04,9.810608619791914009e+00
8.796615455404795725e+00,8.796626019801319529e+00,3.169318957141342707e-05,5.643111194331140723e-04,9.810596004309005025e+00
8.796613633968162205e+00,8.796626019801319529e+00,3.715749947197366509e-05,5.464309900560238020e-04,9.810583588489528495e+00
8.796611870890377105e+00,8.796626019801319529e+00,4.244673282727262631e-05,5.289233355298961214e-04,9.810571370068357666e+00
8.796610164949598243e+00,8.796626019801319529e+00,4.756455516385926785e-05,5.117822336586641541e-04,9.810559346788823021e+00
8.796608514943498491e+00,8.796626019801319529e+00,5.251457346311383390e-05,4.950018299254566045e-04,9.810547516403389068e+00
8.796606919689038406e+00,8.796626019801319529e+00,5.730033684336888200e-05,4.785763380255048105e-04,9.810535876674869371e+00
8.796605378022245958e+00,8.796626019801319529e+00,6.192533722071402735e-05,4.625000377345145353e-04,9.810524425374955726e+00
8.796603888797990933e+00,8.796626019801319529e+00,6.639300998578789859e-05,4.467672765073871233e-04,9.810513160286493672e+00
8.796602450889764668e+00,8.796626019801319529e+00,7.070673466458288203e-05,4.313724678794983447e-04,9.810502079202544579e+00
8.796601063189459779e+00,8.796626019801319529e+00,7.486983557924986599e-05,4.163100914666983954e-04,9.810491179927046446e+00
8.796599724607146342e+00,8.796626019801319529e+00,7.888558251956112599e-05,4.015746940311260005e-04,9.810480460276551185e+00
8.796598434070860506e+00,8.796626019801319529e+00,8.275719137706971651e-05,3.871608857508590518e-04,9.810469918077128426e+00
8.796597190526382448e+00,8.796626019801319529e+00,8.648782481124328569e-05,3.730633434173569185e-04,9.810459551168229098e+00
8.796595992937021435e+00,8.796626019801319529e+00,9.008059289428160810e-05,3.592768083038322402e-04,9.810449357401198611e+00
8.796594840283400885e+00,8.796626019801319529e+00,9.353855375593411736e-05,3.457960861652509266e-04,9.810439334639921682e+00
8.796593731563245200e+00,8.796626019801319529e+00,9.686471422298836842e-05,3.326160467054251058e-04,9.810429480760928911e+00
8.796592665791164833e+00,8.796626019801319529e+00,1.000620304640875702e-04,3.197316241099201761e-04,9.810419793654574505e+00
8.796591641998450228e+00,8.796626019801319529e+00,1.031334086079027657e-04,3.071378143815195472e-04,9.810410271222989920e+00
8.796590659232856879e+00,8.796626019801319529e+00,1.060817053879503646e-04,2.948296780047598986e-04,9.810400911383393208e+00
8.796589716558402827e+00,8.796626019801319529e+00,1.089097287501061828e-04,2.828023362155818177e-04,9.810391712064966185e+00
8.796588813055155498e+00,8.796626019801319529e+00,1.116202384920939039e-04,2.710509741987721100e-04,9.810382671212691363e+00
8.796587947819029196e+00,8.796626019801319529e+00,1.142159468709991188e-04,2.595708378905214886e-04,9.810373786784762018e+00
8.796587119961580825e+00,8.796626019801319529e+00,1.166995192161124351e-04,2.483572345113316260e-04,9.810365056753727941e+00
8.796586328609807381e+00,8.796626019801319529e+00,1.190735745364435161e-04,2.374055320331081020e-04,9.810356479106570049e+00
8.796585572905945227e+00,8.796626019801319529e+00,1.213406861229060496e-04,2.267111586462533523e-04,9.810348051844769657e+00
8.796584852007267585e+00,8.796626019801319529e+00,1.235033821558317868e-04,2.162696032925737200e-04,9.810339772985448903e+00
8.796584165085889140e+00,8.796626019801319529e+00,1.255641462911682993e-04,2.060764135336512481e-04,9.810331640559825317e+00
8.796583511328565308e+00,8.796626019801319529e+00,1.275254182626639476e-04,1.961271971495648359e-04,9.810323652615412726e+00
8.796582889936503946e+00,8.796626019801319529e+00,1.293895944467493564e-04,1.864176184085408750e-04,9.810315807212855788e+00
8.796582300125164622e+00,8.796626019801319529e+00,1.311590284647223825e-04,1.769434017973026130e-04,9.810308102430262522e+00
8.796581741124066767e+00,8.796626019801319529e+00,1.328360317582877315e-04,1.677003293565348940e-04,9.810300536361115320e+00
8.796581212176604936e+00,8.796626019801319529e+00,1.344228741437802910e-04,1.586842385492559515e-04,9.810293107112693534e+00
8.796580712539855185e+00,8.796626019801319529e+00,1.359217843930338177e-04,1.498910249253526672e-04,9.810285812809318884e+00
8.796580241484386775e+00,8.796626019801319529e+00,1.373349507982624118e-04,1.413166405228594158e-04,9.810278651591321619e+00
8.796579798294077435e+00,8.796626019801319529e+00,1.386645217262838514e-04,1.329570928021439613e-04,9.810271621614528925e+00
8.796579382265928615e+00,8.796626019801319529e+00,1.399126061727429260e-04,1.248084446459074570e-04,9.810264721050819148e+00
8.796578992709886080e+00,8.796626019801319529e+00,1.410812743003475589e-04,1.168668127604632900e-04,9.810257948087061308e+00
8.796578628948651613e+00,8.796626019801319529e+00,1.421725580037502823e-04,1.091283703402723404e-04,9.810251300928344520e+00
8.796578290317510707e+00,8.796626019801319529e+00,1.431884514264680774e-04,1.015893422717795147e-04,9.810244777793698745e+00
8.796577976164147827e+00,8.796626019801319529e+00,1.441309115151057085e-04,9.424600886376310882e-05,9.810238376920379366e+00
8.796577685848477657e+00,8.796626019801319529e+00,1.450018585256174219e-04,8.709470105117134153e-05,9.810232096559577286e+00
8.796577418742463905e+00,8.796626019801319529e+00,1.458031765668721391e-04,8.013180412547171727e-05,9.810225934980692841e+00
8.796577174229947005e+00,8.796626019801319529e+00,1.465367141175732968e-04,7.335375507011576701e-05,9.810219890469188186e+00
8.796576951706477132e+00,8.796626019801319529e+00,1.472042845271914757e-04,6.675704096181789282e-05,9.810213961325489507e+00
8.796576750579140125e+00,8.796626019801319529e+00,1.478076665382133115e-04,6.033820110218357513e-05,9.810208145867640894e+00
8.796576570266390505e+00,8.796626019801319529e+00,1.483486047870741231e-04,5.409382488608116546e-05,9.810202442429673653e+00
8.796576410197882723e+00,8.796626019801319529e+00,1.488288103104196125e-04,4.802055233454893823e-05,9.810196849362645466e+00
8.796576269814311289e+00,8.796626019801319529e+00,1.492499610247222108e-04,4.211507143025983169e-05,9.810191365032455479e+00
8.796576148567243791e+00,8.796626019801319529e+00,1.496137022272137074e-04,3.637412024914965514e-05,9.810185987822476861e+00
8.796576045918959252e+00,8.796626019801319529e+00,1.499216470808306667e-04,3.079448536169593353e-05,9.810180716132443024e+00
8.796575961342286476e+00,8.796626019801319529e+00,1.501753770991598458e-04,2.537300183291790745e-05,9.810175548378932575e+00
8.796575894320453060e+00,8.796626019801319529e+00,1.503764425994091880e-04,2.010655002493422217e-05,9.810170482992624841e+00
8.796575844346918416e+00,8.796626019801319529e+00,1.505263632033404519e-04,1.499206039312639405e-05,9.810165518423596964e+00
8.796575810925226335e+00,8.796626019801319529e+00,1.506266282795820644e-04,1.002650762416124053e-05,9.810160653135904241e+00
8.796575793568846890e+00,8.796626019801319529e+00,1.506786974179163963e-04,5.206913833433191030e-06,9.810155885611251847e+00
8.796575791801028998e+00,8.796626019801319529e+00,1.506840008715926160e-04,5.303453676219760382e-07,9.810151214346239712e+00
8.796575805154645877e+00,8.796626019801319529e+00,1.506439400209558244e-04,-4.006085063679165614e-06,9.810146637854957774e+00
8.796575833172047609e+00,8.796626019801319529e+00,1.505598878157599074e-04,-8.405220519591694028e-06,9.810142154667296666e+00
8.796575875404917255e+00,8.796626019801319529e+00,1.504331892068222487e-04,-1.266986089376587188e-05,9.810137763328313554e+00
8.796575931414119864e+00,8.796626019801319529e+00,1.502651615989947231e-04,-1.680276078275255713e-05,9.810133462400816740e+00
8.796576000769562143e+00,8.796626019801319529e+00,1.500570952721602680e-04,-2.080663268344551398e-05,9.810129250462589212e+00
8.796576083050050343e+00,8.796626019801319529e+00,1.498102538075585244e-04,-2.468414646017436098e-05,9.810125126107347882e+00
8.796576177843149935e+00,8.796626019801319529e+00,1.495258745087824082e-04,-2.843792987761162294e-05,9.810121087944631668e+00
8.796576284745043495e+00,8.796626019801319529e+00,1.492051688281037514e-04,-3.207056806786567904e-05,9.810117134600760735e+00
8.796576403360397478e+00,8.796626019801319529e+00,1.488493227661535911e-04,-3.558460619501602196e-05,9.810113264716571635e+00
8.796576533302221890e+00,8.796626019801319529e+00,1.484594972929187406e-04,-3.898254732348505058e-05,9.810109476949969931e+00
8.796576674191742384e+00,8.796626019801319529e+00,1.480368287314348663e-04,-4.226685614838743277e-05,9.810105769972583545e+00
8.796576825658259935e+00,8.796626019801319529e+00,1.475824291787830589e-04,-4.543995526518074257e-05,9.810102142473914100e+00
8.796576987339024711e+00,8.796626019801319529e+00,1.470973868844538401e-04,-4.850422943292187483e-05,9.810098593157452029e+00
8.796577158879104630e+00,8.796626019801319529e+00,1.465827666446983812e-04,-5.146202397554588970e-05,9.810095120742669650e+00
8.796577339931259232e+00,8.796626019801319529e+00,1.460396101808925096e-04,-5.431564638058716810e-05,9.810091723963800803e+00
8.796577530155810010e+00,8.796626019801319529e+00,1.454689365285588565e-04,-5.706736523336530809e-05,9.810088401571295691e+00
8.796577729220517838e+00,8.796626019801319529e+00,1.448717424050727232e-04,-5.971941234861333214e-05,9.810085152330056957e+00
8.796577936800458630e+00,8.796626019801319529e+00,1.442490025826970168e-04,-6.227398223757063533e-05,9.810081975020345624e+00
8.796578152577902543e+00,8.796626019801319529e+00,1.436016702509590459e-04,-6.473323317379708897e-05,9.810078868437077659e+00
8.796578376242189634e+00,8.796626019801319529e+00,1.429306773896854565e-04,-6.709928612735893694e-05,9.810075831391262824e+00
8.796578607489616175e+00,8.796626019801319529e+00,1.422369351100627455e-04,-6.937422796227110666e-05,9.810072862707148289e+00
8.796578846023313858e+00,8.796626019801319529e+00,1.415213340170140555e-04,-7.156010930486900179e-05,9.810069961224712642e+00
8.796579091553132557e+00,8.796626019801319529e+00,1.407847445609178294e-04,-7.365894560962260584e-05,9.810067125798951793e+00
8.796579343795531969e+00,8.796626019801319529e+00,1.400280173626811120e-04,-7.567271982367174132e-05,9.810064355297539507e+00
8.796579602473460824e+00,8.796626019801319529e+00,1.392519835761163449e-04,-7.760337865647670696e-05,9.810061648604920137e+00
8.796579867316250301e+00,8.796626019801319529e+00,1.384574552076855980e-04,-7.945283684307469230e-05,9.810059004618365108e+00
8.796580138059502119e+00,8.796626019801319529e+00,1.376452254522320118e-04,-8.122297554535862218e-05,9.810056422249907371e+00
8.796580414444978402e+00,8.796626019801319529e+00,1.368160690233821697e-04,-8.291564288498420865e-05,9.810053900426138895e+00
8.796580696220496876e+00,8.796626019801319529e+00,1.359707424679612586e-04,-8.453265554209110633e-05,9.810051438086926368e+00
8.796580983139824284e+00,8.796626019801319529e+00,1.351099844857373000e-04,-8.607579822239586065e-05,9.810049034186263839e+00
8.796581274962569807e+00,8.796626019801319529e+00,1.342345162491653809e-04,-8.754682365719190784e-05,9.810046687692592471e+00
8.796581571454085591e+00,8.796626019801319529e+00,1.333450417018156031e-04,-8.894745473497778221e-05,9.810044397586967335e+00
8.796581872385360157e+00,8.796626019801319529e+00,1.324422478781173140e-04,-9.027938236982890885e-05,9.810042162865508786e+00
8.796582177532920710e+00,8.796626019801319529e+00,1.315268051964579854e-04,-9.154426816593286276e-05,9.810039982537031023e+00
8.796582486678735435e+00,8.796626019801319529e+00,1.305993677522820917e-04,-9.274374441758936882e-05,9.810037855623335190e+00
8.796582799610112247e+00,8.796626019801319529e+00,1.296605736218481297e-04,-9.387941304339619819e-05,9.810035781160578949e+00
8.796583116119604639e+00,8.796626019801319529e+00,1.287110451446693560e-04,-9.495284771787737554e-05,9.810033758197427289e+00
8.796583436004917544e+00,8.796626019801319529e+00,1.277513892059545242e-04,-9.596559387148317910e-05,9.810031785795334969e+00
8.796583759068809627e+00,8.796626019801319529e+00,1.267821975297067638e-04,-9.691916762477603697e-05,9.810029863029905428e+00
8.796584085119004470e+00,8.796626019801319529e+00,1.258040469451771060e-04,-9.781505845296578627e-05,9.810027988988492709e+00
8.796584413968098204e+00,8.796626019801319529e+00,1.248174996639761503e-04,-9.865472812009556947e-05,9.810026162771544378e+00
8.796584745433468910e+00,8.796626019801319529e+00,1.238231035518566614e-04,-9.943961121194888619e-05,9.810024383492340405e+00
8.796585079337189583e+00,8.796626019801319529e+00,1.228213923898380244e-04,-1.001711162018636969e-04,9.810022650276188472e+00
8.796585415505937533e+00,8.796626019801319529e+00,1.218128861459888412e-04,-1.008506243849183193e-04,9.810020962261761568e+00
8.796585753770912675e+00,8.796626019801319529e+00,1.207980912205641744e-04,-1.014794925424666872e-04,9.810019318598678595e+00
8.796586093967746933e+00,8.796626019801319529e+00,1.197775007177881434e-04,-1.020590502776030917e-04,9.810017718450440682e+00
8.796586435936426085e+00,8.796626019801319529e+00,1.187515946803330280e-04,-1.025906037455115438e-04,9.810016160990935319e+00
8.796586779521204491e+00,8.796626019801319529e+00,1.177208403451146523e-04,-1.030754335218375672e-04,9.810014645406823774e+00
8.796587124570523386e+00,8.796626019801319529e+00,1.166856923884296293e-04,-1.035147956685023019e-04,9.810013170896720425e+00
8.796587470936932718e+00,8.796626019801319529e+00,1.156465931604344632e-04,-1.039099227995166075e-04,9.810011736670361415e+00
8.796587818477007659e+00,8.796626019801319529e+00,1.146039729356118642e-04,-1.042620224822599084e-04,9.810010341950453849e+00
8.796588167051277551e+00,8.796626019801319529e+00,1.135582501259335686e-04,-1.045722809678295562e-04,9.810008985969158601e+00
8.796588516524145973e+00,8.796626019801319529e+00,1.125098315206685129e-04,-1.048418605265055703e-04,9.810007667970994660e+00
8.796588866763810799e+00,8.796626019801319529e+00,1.114591125261910065e-04,-1.050718994477506385e-04,9.810006387213078938e+00
8.796589217642196701e+00,8.796626019801319529e+00,1.104064773684854117e-04,-1.052635157705594793e-04,9.810005142961598423e+00
8.796589569034878764e+00,8.796626019801319529e+00,1.093522993222961759e-04,-1.054178046189235829e-04,9.810003934494703870e+00
8.796589920821009656e+00,8.796626019801319529e+00,1.082969409296197227e-04,-1.055358392676453150e-04,9.810002761101662472e+00
8.796590272883252126e+00,8.796626019801319529e+00,1.072407542022091320e-04,-1.056186727410590720e-04,9.810001622081461647e+00
8.796590625107702621e+00,8.796626019801319529e+00,1.061840808507241718e-04,-1.056673351484960222e-04,9.810000516745702726e+00
8.796590977383827337e+00,8.796626019801319529e+00,1.051272524765778371e-04,-1.056828374146334681e-04,9.809999444415062442e+00
8.796591329604392939e+00,8.796626019801319529e+00,1.040705907797701002e-04,-1.056661696807736917e-04,9.809998404421099494e+00
8.796591681665400841e+00,8.796626019801319529e+00,1.030144077560635196e-04,-1.056183023706580570e-04,9.809997396105385903e+00
8.796592033466019700e+00,5.972138243794264945e+00,-8.473361369015265154e+00,0.000000000000000000e+00,1.336638630984735343e+00
8.795745049129736870e+00,5.972138243794264945e+00,-8.470820416006414888e+00,2.540953008848489958e-01,1.593274884878434605e+00
8.794076392281942489e+00,5.972138243794264945e+00,-8.465814445463031745e+00,5.005970543383142513e-01,1.844782608875283003e+00
8.791611213695034621e+00,5.972138243794264945e+00,-8.458418909702309918e+00,7.395535760723603858e-01,2.091134666370050965e+00
8.788374148574764178e+00,5.972138243794264945e+00,-8.448707714341498587e+00,9.711195360811331057e-01,2.332411821739635016e+00
8.784389324636666885e+00,5.972138243794264945e+00,-8.436753242527206709e+00,1.195447181429187822e+00,2.568693938901981610e+00
8.779680370092460606e+00,5.972138243794264945e+00,-8.422626378894587873e+00,1.412686363261883571e+00,2.800059984367296195e+00
8.774270421546690457e+00,5.972138243794264945e+00,-8.406396533257275649e+00,1.622984563731044716e+00,3.026588030473769564e+00
8.768182131803968105e+00,5.972138243794264945e+00,-8.388131664029110368e+00,1.826486922816705771e+00,3.248355258787595901e+00
8.761437677587124995e+00,5.972138243794264945e+00,-8.367898301378581039e+00,2.023336265052932958e+00,3.465437963674352417e+00
8.754058767166648991e+00,5.972138243794264945e+00,-8.345761570117151251e+00,2.213673126142801095e+00,3.677911556025650341e+00
8.746066647901775681e+00,5.972138243794264945e+00,-8.321785212322531322e+00,2.397635779461992911e+00,3.885850567139462086e+00
8.737482113693616270e+00,5.972138243794264945e+00,-8.296031609698054865e+00,2.575360262447823345e+00,4.089328652749768978e+00
8.728325512350732396e+00,5.972138243794264945e+00,-8.268561805669403242e+00,2.746980402865162318e+00,4.288418597195759574e+00
8.718616752867568209e+00,5.972138243794264945e+00,-8.239435527219910682e+00,2.912627844949255973e+00,4.483192317729345788e+00
8.708375312616176700e+00,5.972138243794264945e+00,-8.208711206465736154e+00,3.072432075417452779e+00,4.673720868951717122e+00
8.697620244451679028e+00,5.972138243794264945e+00,-8.176446001972241362e+00,3.226520449349301600e+00,4.860074447377060736e+00
8.686370183731920491e+00,5.972138243794264945e+00,-8.142695819812967528e+00,3.375018215927561016e+00,5.042322396114593985e+00
8.674643355251772547e+00,5.972138243794264945e+00,-8.107515334372521920e+00,3.518048544044383164e+00,5.220533209671861741e+00
8.662457580092592480e+00,5.972138243794264945e+00,-8.070958008894983493e+00,3.655732547754020345e+00,5.394774538859037349e+00
8.649830282387297231e+00,5.972138243794264945e+00,-8.033076115779095971e+00,3.788189311588574526e+00,5.565113195809479052e+00
8.636778496001584315e+00,5.972138243794264945e+00,-7.993920756621958112e+00,3.915535915713874715e+00,5.731615159091917100e+00
8.623318871131779417e+00,5.972138243794264945e+00,-7.953541882012543418e+00,4.037887460941469442e+00,5.894345578928926521e+00
8.609467680819868463e+00,5.972138243794264945e+00,-7.911988311076810554e+00,4.155357093573286420e+00,6.053368782496476364e+00
8.595240827386206206e+00,5.972138243794264945e+00,-7.869307750775823784e+00,4.268056030098676956e+00,6.208748279322853669e+00
8.580653848780476878e+00,5.972138243794264945e+00,-7.825546814958635800e+00,4.376093581718798475e+00,6.360546766760163173e+00
8.565721924851423807e+00,5.972138243794264945e+00,-7.780751043171476589e+00,4.479577178715921093e+00,6.508826135544445002e+00
8.550459883535925343e+00,5.972138243794264945e+00,-7.734964919224981195e+00,4.578612394649539397e+00,6.653647475424558699e+00
8.534882206967969509e+00,5.972138243794264945e+00,-7.688231889521113693e+00,4.673302970386750133e+00,6.795071080865636937e+00
8.519003037508099396e+00,5.972138243794264945e+00,-7.640594381141503355e+00,4.763750837961033824e+00,6.933156456819530966e+00
8.502836183693911920e+00,5.972138243794264945e+00,-7.592093819698940926e+00,4.850056144256242874e+00,7.067962324557302445e+00
8.486395126112180165e+00,5.972138243794264945e+00,-7.542770646953745661e+00,4.932317274519526507e+00,7.199546627565781343e+00
8.469693023193205050e+00,5.972138243794264945e+00,-7.492664338196820317e+00,5.010630875692534403e+00,7.327966537495714583e+00
8.452742716927978961e+00,5.972138243794264945e+00,-7.441813419401142049e+00,5.085091879567826822e+00,7.453278460166685271e+00
8.435556738508768859e+00,5.972138243794264945e+00,-7.390255484143511744e+00,5.155793525763030516e+00,7.575538041619519269e+00
8.418147313893721062e+00,5.972138243794264945e+00,-7.338027210298368352e+00,5.222827384514339144e+00,7.694800174215971289e+00
8.400526369296095197e+00,5.972138243794264945e+00,-7.285164376505490758e+00,5.286283379287759487e+00,7.811119002782269227e+00
8.382705536598747287e+00,5.972138243794264945e+00,-7.231701878413447027e+00,5.346249809204373094e+00,7.924547930790926564e+00
8.364696158694478356e+00,5.972138243794264945e+00,-7.177673744700640235e+00,5.402813371280679178e+00,8.035139626580040328e+00
8.346509294752866737e+00,5.972138243794264945e+00,-7.123113152875805376e+00,5.456059182483485870e+00,8.142946029607681879e+00
8.328155725414216448e+00,5.972138243794264945e+00,-7.068052444859854511e+00,5.506070801595086550e+00,8.248018356735233425e+00
8.309645957911239833e+00,5.972138243794264945e+00,-7.012523142350924665e+00,5.552930250892984532e+00,8.350407108542061252e+00
8.290990231119117482e+00,5.972138243794264945e+00,-6.956555961974557611e+00,5.596718037636705390e+00,8.450162075662149164e+00
8.272198520534560728e+00,5.972138243794264945e+00,-6.900180830220887351e+00,5.637513175367026008e+00,8.547332345146138266e+00
8.253280543184519757e+00,5.972138243794264945e+00,-6.843426898170764439e+00,5.675393205012291276e+00,8.641966306841528223e+00
8.234245762465162599e+00,5.972138243794264945e+00,-6.786322556012692964e+00,5.710434215807147496e+00,8.734111659794454141e+00
8.215103392911784042e+00,5.972138243794264945e+00,-6.728895447352557291e+00,5.742710866013567284e+00,8.823815418661009602e+00
8.195862404900271514e+00,5.972138243794264945e+00,-6.671172483318019708e+00,5.772296403453758273e+00,8.911123920135739951e+00
8.176531529280772759e+00,5.972138243794264945e+00,-6.613179856459523442e+00,5.799262685849626564e+00,8.996082829390104507e+00
8.157119261944213662e+00,5.972138243794264945e+00,-6.554943054449846151e+00,5.823680200967729093e+00,9.078737146517884327e+00
8.137633868322305730e+00,5.972138243794264945e+00,-6.496486873584122357e+00,5.845618086572379468e+00,9.159131212988256721e+00
8.118083387821696917e+00,5.972138243794264945e+00,-6.437835432082295917e+00,5.865144150182644012e+00,9.237308718100347704e+00
8.098475638192898174e+00,5.972138243794264945e+00,-6.379012183195899688e+00,5.882324888639622884e+00,9.313312705443724582e+00
8.078818219834644765e+00,5.972138243794264945e+00,-6.320039928121139461e+00,5.897225507476022699e+00,9.387185579354884624e+00
8.059118520034326494e+00,5.972138243794264945e+00,-6.260940828720184648e+00,5.909909940095481318e+00,9.458969111375296279e+00
8.039383717145145880e+00,5.972138243794264945e+00,-6.201736420052642806e+00,5.920440866754184128e+00,9.528704446701542707e+00
8.019620784700634886e+00,5.972138243794264945e+00,-6.142447622719109823e+00,5.928879733353298320e+00,9.596432110634189883e+00
7.999836495467187447e+00,5.972138243794264945e+00,-6.083094755018767508e+00,5.935286770034231552e+00,9.662192015015463653e+00
7.980037425435241083e+00,5.972138243794264945e+00,-6.023697544922928415e+00,5.939721009583909250e+00,9.726023464660981332e+00
7.960229957749761276e+00,5.972138243794264945e+00,-5.964275141866488994e+00,5.942240305643942122e+00,9.787965163777453625e+00
7.940420286580659237e+00,5.972138243794264945e+00,-5.904846128359182877e+00,5.942901350730611654e+00,9.848055222371428385e+00
7.920614420933794086e+00,5.972138243794264945e+00,-5.845428531418587426e+00,5.941759694059545183e+00,9.906331162640958254e+00
7.900818188403193609e+00,5.972138243794264945e+00,-5.786039833826785994e+00,5.938869759180143149e+00,9.962829925353357652e+00
7.881037238865127748e+00,5.972138243794264945e+00,-5.726696985212588409e+00,5.934284861419758528e+00,1.001758787620716973e+01
7.861277048114683197e+00,5.972138243794264945e+00,-5.667416412961254757e+00,5.928057225133365193e+00,1.007064081217211182e+01
7.841542921445455505e+00,5.972138243794264945e+00,-5.608214032953571682e+00,5.920238000768307529e+00,1.012202396781473723e+01
7.821839997173009706e+00,5.972138243794264945e+00,-5.549105260136234286e+00,5.910877281733739608e+00,1.017177202159750493e+01
7.802173250102723223e+00,5.972138243794264945e+00,-5.490105018925374836e+00,5.900024121085944984e+00,1.021991910216057065e+01
7.782547494942653188e+00,5.972138243794264945e+00,-5.431227753445164730e+00,5.887726548021010586e+00,1.026649879457584547e+01
7.762967389662040141e+00,5.972138243794264945e+00,-5.372487437603325588e+00,5.874031584183914134e+00,1.031154414658058904e+01
7.743437438796085814e+00,5.972138243794264945e+00,-5.313897585005462609e+00,5.858985259786297917e+00,1.035508767478083669e+01
7.723961996697608967e+00,5.972138243794264945e+00,-5.255471258710032068e+00,5.842632629543054179e+00,1.039716137083302172e+01
7.704545270736215201e+00,5.972138243794264945e+00,-5.197221080825850770e+00,5.825017788418129783e+00,1.043779670759228040e+01
7.685191324445581174e+00,5.972138243794264945e+00,-5.139159241953948687e+00,5.806183887190208281e+00,1.047702464523625920e+01
7.665904080619470484e+00,5.972138243794264945e+00,-5.081297510475616619e+00,5.786173147833206798e+00,1.051487563735759068e+01
7.646687324357095861e+00,5.972138243794264945e+00,-5.023647241688492748e+00,5.765026878712387060e+00,1.055137963702389570e+01
7.627544706058423607e+00,5.972138243794264945e+00,-4.966219386792475987e+00,5.742785489601676119e+00,1.058656610280920063e+01
7.608479744370032272e+00,5.972138243794264945e+00,-4.909024501727301981e+00,5.719488506517400594e+00,1.062046400479009911e+01
7.589495829082119727e+00,5.972138243794264945e+00,-4.852072755863564346e+00,5.695174586373763503e+00,1.065310183051019877e+01
7.570596223977258177e+00,5.972138243794264945e+00,-4.795373940548979697e+00,5.669881531458464963e+00,1.068450759090948665e+01
7.551784069631487739e+00,5.972138243794264945e+00,-4.738937477511668384e+00,5.643646303731131297e+00,1.071470882621946430e+01
7.533062386168339231e+00,5.972138243794264945e+00,-4.682772427122222858e+00,5.616505038944552552e+00,1.074373261182233108e+01
7.514434075966373250e+00,5.972138243794264945e+00,-4.626887496516324916e+00,5.588493060589794226e+00,1.077160556407346981e+01
7.495901926320814646e+00,5.972138243794264945e+00,-4.571291047579649103e+00,5.559644893667581300e+00,1.079835384608793269e+01
7.477468612059864128e+00,5.972138243794264945e+00,-4.515991104796797551e+00,5.529994278285155218e+00,1.082400317348835728e+01
7.459136698116262565e+00,5.972138243794264945e+00,-4.460995362965992861e+00,5.499574183080468970e+00,1.084857882011447572e+01
7.440908642054672839e+00,5.972138243794264945e+00,-4.406311194781223683e+00,5.468416818476917740e+00,1.087210562369569544e+01
7.422786796555452149e+00,5.972138243794264945e+00,-4.351945658283561613e+00,5.436553649766207030e+00,1.089460799148264591e+01
7.404773411855380516e+00,5.972138243794264945e+00,-4.297905504183346714e+00,5.404015410021489885e+00,1.091610990583814456e+01
7.386870638145892620e+00,5.972138243794264945e+00,-4.244197183054883027e+00,5.370832112846368744e+00,1.093663492979148621e+01
7.369080527929383173e+00,5.972138243794264945e+00,-4.190826852405354686e+00,5.337033064952834138e+00,1.095620621254747995e+01
7.351405038334128506e+00,5.972138243794264945e+00,-4.137800383619590683e+00,5.302646878576400269e+00,1.097484649495681097e+01
7.333846033388369712e+00,5.972138243794264945e+00,-4.085123368782314301e+00,5.267701483727638134e+00,1.099257811494532433e+01
7.316405286254105356e+00,5.972138243794264945e+00,-4.032801127379521233e+00,5.232224140279306823e+00,1.100942301289978609e+01
7.299084481421131088e+00,5.972138243794264945e+00,-3.980838712880598429e+00,5.196241449892280428e+00,1.102540273701168161e+01
7.281885216861858190e+00,5.972138243794264945e+00,-3.929240919202779736e+00,5.159779367781869297e+00,1.104053844857909006e+01
7.264809006147443071e+00,5.972138243794264945e+00,-3.878012287059534380e+00,5.122863214324535619e+00,1.105485092726500085e+01
7.247857280525754398e+00,5.972138243794264945e+00,-3.827157110194468359e+00,5.085517686506602075e+00,1.106836057631213421e+01
7.231031390961697447e+00,5.972138243794264945e+00,-3.776679441502297507e+00,5.047766869217085173e+00,1.108108742771478816e+01
7.214332610140411717e+00,5.972138243794264945e+00,-3.726583099038440317e+00,5.009634246385719081e+00,1.109305114734727837e+01
7.197762134433860481e+00,5.972138243794264945e+00,-3.676871671918786610e+00,4.971142711965370609e+00,1.110427104004658361e+01
7.181321085831314122e+00,5.972138243794264945e+00,-3.627548526111147531e+00,4.932314580763907941e+00,1.111476605465276180e+01
7.165010513834232597e+00,5.972138243794264945e+00,-3.578616810119902958e+00,4.893171599124457316e+00,1.112455478900455574e+01
7.148831397316051550e+00,5.972138243794264945e+00,-3.530079460565359817e+00,4.853734955454314104e+00,1.113365549488895567e+01
7.132784646347359647e+00,5.972138243794264945e+00,-3.481939207659284108e+00,4.814025290607570895e+00,1.114208608294828728e+01
7.116871103986962765e+00,5.972138243794264945e+00,-3.434198580578093463e+00,4.774062708119064524e+00,1.114986412754097245e+01
7.101091548039319967e+00,5.972138243794264945e+00,-3.386859912735165068e+00,4.733866784292839469e+00,1.115700687155767490e+01
7.085446692778832656e+00,5.972138243794264945e+00,-3.339925346953703134e+00,4.693456578146193436e+00,1.116353123119248991e+01
7.069937190641464753e+00,5.972138243794264945e+00,-3.293396840541599424e+00,4.652850641210370952e+00,1.116945380066877291e+01
7.054563633884163742e+00,5.972138243794264945e+00,-3.247276170269696394e+00,4.612067027190303037e+00,1.117479085692060714e+01
7.039326556212555097e+00,5.972138243794264945e+00,-3.201564937254870458e+00,4.571123301482593604e+00,1.117955836422772364e+01
7.024226434377369266e+00,5.972138243794264945e+00,-3.156264571749312964e+00,4.530036550555749386e+00,1.118377197880643692e+01
7.009263689740063974e+00,5.972138243794264945e+00,-3.111376337837397088e+00,4.488823391191587575e+00,1.118744705335419098e+01
6.994438689808093912e+00,5.972138243794264945e+00,-3.066901338041486902e+00,4.447499979591018615e+00,1.119059864154953132e+01
6.979751749740279010e+00,5.972138243794264945e+00,-3.022840517838042196e+00,4.406082020344470607e+00,1.119324150250642802e+01
6.965203133822714499e+00,5.972138243794264945e+00,-2.979194670085348662e+00,4.364584775269353401e+00,1.119539010518400524e+01
6.950793056915668622e+00,5.972138243794264945e+00,-2.935964439364211032e+00,4.323023072113763021e+00,1.119705863274955249e+01
6.936521685871897880e+00,5.972138243794264945e+00,-2.893150326232898806e+00,4.281411313131222585e+00,1.119826098689832428e+01
6.922389140926816786e+00,5.972138243794264945e+00,-2.850752691397655525e+00,4.239763483524328080e+00,1.119901079212667305e+01
6.908395497060948465e+00,5.972138243794264945e+00,-2.808771759800050560e+00,4.198093159760496462e+00,1.119932139996044640e+01
6.894540785335076194e+00,5.972138243794264945e+00,-2.767207624622433748e+00,4.156413517761681220e+00,1.119920589313924708e+01
6.880824994198517786e+00,5.972138243794264945e+00,-2.726060251212758523e+00,4.114737340967522528e+00,1.119867708975476361e+01
6.867248070770934909e+00,5.972138243794264945e+00,-2.685329480930009893e+00,4.073077028274862954e+00,1.119774754734485356e+01
6.853809922098085927e+00,5.972138243794264945e+00,-2.645015034911462948e+00,4.031444601854694554e+00,1.119642956694323210e+01
6.840510416381931691e+00,5.972138243794264945e+00,-2.605116517763000239e+00,3.989851714846270880e+00,1.119473519708327203e+01
6.827349384185485981e+00,5.972138243794264945e+00,-2.565633421173663109e+00,3.948309658933712996e+00,1.119267623776005038e+01
6.814326619612815605e+00,5.972138243794264945e+00,-2.526565127455651982e+00,3.906829371801112671e+00,1.119026424434546030e+01
6.801441881464580064e+00,5.972138243794264945e+00,-2.487910913010945357e+00,3.865421444470662493e+00,1.118751053145971852e+01
6.788694894369490918e+00,5.972138243794264945e+00,-2.449669951725677919e+00,3.824096128526743854e+00,1.118442617680106643e+01
6.776085349892081666e+00,5.972138243794264945e+00,-2.411841318293450165e+00,3.782863343222775399e+00,1.118102202492932662e+01
6.763612907617165604e+00,5.972138243794264945e+00,-2.374423991468701978e+00,3.741732682474818716e+00,1.117730869100611812e+01
6.751277196211349363e+00,5.972138243794264945e+00,-2.337416857251253255e+00,3.700713421744872278e+00,1.117329656449361863e+01
6.739077814461983174e+00,5.972138243794264945e+00,-2.300818712003154687e+00,3.659814524809856806e+00,1.116899581280670262e+01
6.727014332293896892e+00,5.972138243794264945e+00,-2.264628265498895843e+00,3.619044650425884413e+00,1.116441638492698907e+01
6.715086291764303716e+00,5.972138243794264945e+00,-2.228844143910116316e+00,3.578412158877952720e+00,1.115956801496783690e+01
6.703293208036207318e+00,5.972138243794264945e+00,-2.193464892725827120e+00,3.537925118428919546e+00,1.115446022570309381e+01
6.691634570330680987e+00,5.972138243794264945e+00,-2.158488979609248126e+00,3.497591311657899382e+00,1.114910233204865264e+01
6.680109842858359848e+00,5.972138243794264945e+00,-2.123914797192284709e+00,3.457418241696341710e+00,1.114350344450405750e+01
6.668718465730488987e+00,5.972138243794264945e+00,-2.089740665808672127e+00,3.417413138361258262e+00,1.113767247255258752e+01
6.657459855849873875e+00,5.972138243794264945e+00,-2.055964836166826792e+00,3.377582964184533409e+00,1.113161812801770623e+01
6.646333407782059943e+00,5.972138243794264945e+00,-2.022585491963384996e+00,3.337934420344179642e+00,1.112534892838079514e+01
6.635338494607084137e+00,5.972138243794264945e+00,-1.989600752438457576e+00,3.298473952492742001e+00,1.111887320005428492e+01
6.624474468752113765e+00,5.972138243794264945e+00,-1.957008674873546461e+00,3.259207756491111496e+00,1.111219908161756464e+01
6.613740662805305703e+00,5.972138243794264945e+00,-1.924807257033122276e+00,3.220141784042418465e+00,1.110533452700929757e+01
6.603136390311197701e+00,5.972138243794264945e+00,-1.892994439550798269e+00,3.181281748232400730e+00,1.109828730868160207e+01
6.592660946547958645e+00,5.972138243794264945e+00,-1.861568108261081100e+00,3.142633128971716872e+00,1.109106502071063716e+01
6.582313609286789990e+00,5.972138243794264945e+00,-1.830526096477575138e+00,3.104201178350596280e+00,1.108367508187302164e+01
6.572093639533808762e+00,5.972138243794264945e+00,-1.799866187218631453e+00,3.065990925894368502e+00,1.107612473867573755e+01
6.562000282254695449e+00,5.972138243794264945e+00,-1.769586115381291513e+00,3.028007183733993912e+00,1.106842106835270201e+01
6.552032767082417664e+00,5.972138243794264945e+00,-1.739683569864458157e+00,2.990254551683335649e+00,1.106057098181887710e+01
6.542190309008321769e+00,5.972138243794264945e+00,-1.710156195642170474e+00,2.952737422228768338e+00,1.105258122658659836e+01
6.532472109056883802e+00,5.972138243794264945e+00,-1.681001595787856573e+00,2.915459985431390066e+00,1.104445838964353399e+01
6.522877354944410122e+00,5.972138243794264945e+00,-1.652217333450435532e+00,2.878426233742104046e+00,1.103620890029166901e+01
6.513405221721965788e+00,5.972138243794264945e+00,-1.623800933783102529e+00,2.841639966733300326e+00,1.102783903295019741e+01
6.504054872402816656e+00,5.972138243794264945e+00,-1.595749885825655134e+00,2.805104795744739477e+00,1.101935490991908395e+01
6.494825458574659649e+00,5.972138243794264945e+00,-1.568061644341184113e+00,2.768824148447102118e+00,1.101076250410591939e+01
6.485716120996912970e+00,5.972138243794264945e+00,-1.540733631607944076e+00,2.732801273324003688e+00,1.100206764171606011e+01
6.476725990183338055e+00,5.972138243794264945e+00,-1.513763239167219332e+00,2.697039244072474418e+00,1.099327600490525469e+01
6.467854186970253494e+00,5.972138243794264945e+00,-1.487147829527965648e+00,2.661540963925368430e+00,1.098439313439740417e+01
6.459099823070609148e+00,5.972138243794264945e+00,-1.460884737829032609e+00,2.626309169893303874e+00,1.097542443206427265e+01
6.450462001614170937e+00,5.972138243794264945e+00,-1.434971273459717978e+00,2.591346436931463160e+00,1.096637516347174568e+01
6.441939817674080082e+00,5.972138243794264945e+00,-1.409404721639445413e+00,2.556655182027256501e+00,1.095725046038781159e+01
6.433532358780027494e+00,5.972138243794264945e+00,-1.384182344957287647e+00,2.522237668215776552e+00,1.094805532325849029e+01
6.425238705418300889e+00,5.972138243794264945e+00,-1.359301384872107832e+00,2.488096008517981517e+00,1.093879462364587418e+01
6.417057931518939107e+00,5.972138243794264945e+00,-1.334759063174022486e+00,2.454232169808534536e+00,1.092947310663451255e+01
6.408989104930240543e+00,5.972138243794264945e+00,-1.310552583407926797e+00,2.420647976609568985e+00,1.092009539320164180e+01
6.401031287880861953e+00,5.972138243794264945e+00,-1.286679132259791025e+00,2.387345114813577140e+00,1.091066598255378750e+01
6.393183537429739438e+00,5.972138243794264945e+00,-1.263135880906423480e+00,2.354325135336754471e+00,1.090118925443033149e+01
6.385444905904059887e+00,5.972138243794264945e+00,-1.239919986329384827e+00,2.321589457703865378e+00,1.089166947137448105e+01
6.377814441325517336e+00,5.972138243794264945e+00,-1.217028592593757175e+00,2.289139373562765201e+00,1.088211078096900764e+01
6.370291187825071866e+00,5.972138243794264945e+00,-1.194458832092420764e+00,2.256976050133641110e+00,1.087251721804122084e+01
6.362874186046430403e+00,5.972138243794264945e+00,-1.172207826756496374e+00,2.225100533592438978e+00,1.086289270683594310e+01
6.355562473538472368e+00,5.972138243794264945e+00,-1.150272689232622270e+00,2.193513752387410420e+00,1.085324106315478865e+01
6.348355085136829778e+00,5.972138243794264945e+00,-1.128650524027694502e+00,2.162216520492776795e+00,1.084356599646508279e+01
6.341251053334834076e+00,5.972138243794264945e+00,-1.107338428621707394e+00,2.131209540598710817e+00,1.083387111197700392e+01
6.334249408644035739e+00,5.972138243794264945e+00,-1.086333494549312384e+00,2.100493407239500954e+00,1.082415991269018818e+01
6.327349179944506297e+00,5.972138243794264945e+00,-1.065632808450724056e+00,2.070068609858832787e+00,1.081443580140810923e+01
6.320549394825118128e+00,5.972138243794264945e+00,-1.045233453092559550e+00,2.039935535816450596e+00,1.080470208272389243e+01
6.313849079914001905e+00,5.972138243794264945e+00,-1.025132508359210881e+00,2.010094473334866905e+00,1.079496196497565563e+01
6.307247261199383281e+00,5.972138243794264945e+00,-1.005327052215355010e+00,1.980545614385587072e+00,1.078521856217023256e+01
6.300742964340981800e+00,5.972138243794264945e+00,-9.858141616401505658e-01,1.951289057520444459e+00,1.077547489588029350e+01
6.294335214972168302e+00,5.972138243794264945e+00,-9.665909135337100722e-01,1.922324810644049364e+00,1.076573389711034068e+01
6.288023038993065583e+00,5.972138243794264945e+00,-9.476543855964019158e-01,1.893652793730815631e+00,1.075599840813441332e+01
6.281805462854777033e+00,5.972138243794264945e+00,-9.290016571815362667e-01,1.865272841486564914e+00,1.074627118430503003e+01
6.275681513834919123e+00,5.972138243794264945e+00,-9.106298101219625352e-01,1.837184705957373154e+00,1.073655489583541112e+01
6.269650220304644250e+00,5.972138243794264945e+00,-8.925359295311379171e-01,1.809388059082461808e+00,1.072685212955132528e+01
6.263710611987324484e+00,5.972138243794264945e+00,-8.747171045791786170e-01,1.781882495195930005e+00,1.071716539061675277e+01
6.257861720209066725e+00,5.972138243794264945e+00,-8.571704292444053408e-01,1.754667533477327623e+00,1.070749710423292278e+01
6.252102578141231604e+00,5.972138243794264945e+00,-8.398930030408999770e-01,1.727742620350536384e+00,1.069784961730963602e+01
6.246432221035127519e+00,5.972138243794264945e+00,-8.228819317225877228e-01,1.701107131831225416e+00,1.068822520010863819e+01
6.240849686449034373e+00,5.972138243794264945e+00,-8.061343279643082838e-01,1.674760375827943903e+00,1.067862604786363612e+01
6.235354014467727524e+00,5.972138243794264945e+00,-7.896473120203877372e-01,1.648701594392054659e+00,1.066905428237166831e+01
6.229944247914658284e+00,5.972138243794264945e+00,-7.734180123611800184e-01,1.622929965920771878e+00,1.065951195355959236e+01
6.224619432556944609e+00,5.972138243794264945e+00,-7.574435662880389941e-01,1.597444607314102427e+00,1.065000104102606393e+01
6.219378617303333634e+00,5.972138243794264945e+00,-7.417211205272060681e-01,1.572244576083292600e+00,1.064052345555608703e+01
6.214220854395278160e+00,5.972138243794264945e+00,-7.262478318030396451e-01,1.547328872416642298e+00,1.063108104061360315e+01
6.209145199591284303e+00,5.972138243794264945e+00,-7.110208673910580757e-01,1.522696441198156947e+00,1.062167557380709937e+01
6.204150712344671525e+00,5.972138243794264945e+00,-6.960374056512197427e-01,1.498346173983833296e+00,1.061230876833261405e+01
6.199236455974891591e+00,5.972138243794264945e+00,-6.812946365418799388e-01,1.474276910933980389e+00,1.060298227439210095e+01
6.194401497832551229e+00,5.972138243794264945e+00,-6.667897621148588527e-01,1.450487442702108609e+00,1.059369768058725114e+01
6.189644909458269062e+00,5.972138243794264945e+00,-6.525199969920123522e-01,1.426976512284650056e+00,1.058445651529263820e+01
6.184965766735516013e+00,5.972138243794264945e+00,-6.384825688237532049e-01,1.403742816825914730e+00,1.057526024800216291e+01
6.180363150037563535e+00,5.972138243794264945e+00,-6.246747187298957726e-01,1.380785009385743223e+00,1.056611029065584795e+01
6.175836144368676450e+00,5.972138243794264945e+00,-6.110937017232345170e-01,1.358101700666125566e+00,1.055700799894289155e+01
6.171383839499683610e+00,5.972138243794264945e+00,-5.977367871162559965e-01,1.335691460697852051e+00,1.054795467358159655e+01
6.167005330098048965e+00,5.972138243794264945e+00,-5.846012589113520619e-01,1.313552820490393458e+00,1.053895156157904189e+01
6.162699715852572702e+00,5.972138243794264945e+00,-5.716844161749232711e-01,1.291684273642879077e+00,1.052999985746795630e+01
6.158466101592843245e+00,5.972138243794264945e+00,-5.589835733957349007e-01,1.270084277918837046e+00,1.052110070452310353e+01
6.154303597403566251e+00,5.972138243794264945e+00,-5.464960608279039178e-01,1.248751256783098285e+00,1.051225519595519486e+01
6.150211318733884269e+00,5.972138243794264945e+00,-5.342192248188579740e-01,1.227683600904594385e+00,1.050346437608573780e+01
6.146188386501811429e+00,5.972138243794264945e+00,-5.221504281226394539e-01,1.206879669621852003e+00,1.049472924149921305e+01
6.142233927193887943e+00,5.972138243794264945e+00,-5.102870501988689966e-01,1.186337792377045730e+00,1.048605074217817723e+01
6.138347072960182338e+00,5.972138243794264945e+00,-4.986264874977521799e-01,1.166056270111681670e+00,1.047742978261392999e+01
6.134526961704738213e+00,5.972138243794264945e+00,-4.871661537314198043e-01,1.146033376633237566e+00,1.046886722290181737e+01
6.130772737171584552e+00,5.972138243794264945e+00,-4.759034801319588226e-01,1.126267359946098168e+00,1.046036387981413895e+01
6.127083549026411724e+00,5.972138243794264945e+00,-4.648359156964403383e-01,1.106756443551848434e+00,1.045192052785540859e+01
6.123458552934025079e+00,5.972138243794264945e+00,-4.539609274192804023e-01,1.087498827715993599e+00,1.044353790029671458e+01
6.119896910631667630e+00,5.972138243794264945e+00,-4.432760005122080571e-01,1.068492690707234516e+00,1.043521669019502696e+01
6.116397789998329948e+00,5.972138243794264945e+00,-4.327786386121950102e-01,1.049736190001304692e+00,1.042695755138911018e+01
6.112960365120130746e+00,5.972138243794264945e+00,-4.224663639775974033e-01,1.031227463459760685e+00,1.041876109948216467e+01
6.109583816351880081e+00,5.972138243794264945e+00,-4.123367176728454098e-01,1.012964630475199357e+00,1.041062791280235444e+01
6.106267330374909541e+00,5.972138243794264945e+00,-4.023872597419337893e-01,9.949457930911620451e-01,1.040255853334922875e+01
6.103010100251274217e+00,5.972138243794264945e+00,-3.926155693710278172e-01,9.771690370905972145e-01,1.039455346771956989e+01
6.099811325474410850e+00,5.972138243794264945e+00,-3.830192450404377169e-01,9.596324330590100260e-01,1.038661318801857192e+01
6.096670212016348955e+00,5.972138243794264945e+00,-3.735959046662520322e-01,9.423340374185684709e-01,1.037873813275231782e+01
6.093585972371562853e+00,5.972138243794264945e+00,-3.643431857318937261e-01,9.252718934358306058e-01,1.037092870770393738e+01
6.090557825597546326e+00,5.972138243794264945e+00,-3.552587454098441455e-01,9.084440322049580629e-01,1.036318528679511530e+01
6.087584997352209371e+00,5.972138243794264945e+00,-3.463402606738332778e-01,8.918484736010867664e-01,1.035550821292725487e+01
6.084666719928165435e+00,5.972138243794264945e+00,-3.375854284017014706e-01,8.754832272131807258e-01,1.034789779881148064e+01
6.081802232284002407e+00,5.972138243794264945e+00,-3.289919654692123885e-01,8.593462932489082107e-01,1.034035432777969632e+01
6.078990780072617284e+00,5.972138243794264945e+00,-3.205576088350570174e-01,8.434356634155371069e-01,1.033287805458047970e+01
6.076231615666690900e+00,5.972138243794264945e+00,-3.122801156172778647e-01,8.277493217779152701e-01,1.032546920616063701e+01
6.073523998181380001e+00,5.972138243794264945e+00,-3.041572631613451705e-01,8.122852455932694227e-01,1.031812798243192475e+01
6.070867193494312808e+00,5.972138243794264945e+00,-2.961868491001435899e-01,7.970414061201580580e-01,1.031085455702001497e+01
6.068260474262947568e+00,5.972138243794264945e+00,-2.883666914060478703e-01,7.820157694095719592e-01,1.030364907800352370e+01
6.065703119939382049e+00,5.972138243794264945e+00,-2.806946284353513121e-01,7.672062970696558182e-01,1.029651166863430589e+01
6.063194416782680563e+00,5.972138243794264945e+00,-2.731685189652468537e-01,7.526109470104458410e-01,1.028944242804519860e+01
6.060733657868783375e+00,5.972138243794264945e+00,-2.657862422235552913e-01,7.382276741691562449e-01,1.028244143194560145e+01
6.058320143098081090e+00,5.972138243794264945e+00,-2.585456979114484355e-01,7.240544312106855784e-01,1.027550873329923675e+01
6.055953179200708192e+00,5.972138243794264945e+00,-2.514448062193297417e-01,7.100891692118693754e-01,1.026864436299253924e+01
6.053632079739634797e+00,5.972138243794264945e+00,-2.444815078361095573e-01,6.963298383220184462e-01,1.026184833048590939e+01
6.051356165111609897e+00,5.972138243794264945e+00,-2.376537639520348577e-01,6.827743884074699565e-01,1.025512062445543648e+01
6.049124762546030709e+00,5.972138243794264945e+00,-2.309595562552972936e-01,6.694207696737564106e-01,1.024846121341845873e+01
6.046937206101793194e+00,5.972138243794264945e+00,-2.243968869225847484e-01,6.562669332712545156e-01,1.024187004634866938e+01
6.044792836662190361e+00,5.972138243794264945e+00,-2.179637786037762481e-01,6.433108318808500314e-01,1.023534705327707428e+01
6.042691001927915195e+00,5.972138243794264945e+00,-2.116582744009507522e-01,6.305504202825495952e-01,1.022889214588159845e+01
6.040631056408228616e+00,5.972138243794264945e+00,-2.054784378418910151e-01,6.179836559059737056e-01,1.022250521806408230e+01
6.038612361410348406e+00,5.972138243794264945e+00,-1.994223528482503838e-01,6.056084993640631353e-01,1.021618614651581325e+01
6.036634285027119518e+00,5.972138243794264945e+00,-1.934881236985637187e-01,5.934229149686665039e-01,1.020993479127010417e+01
6.034696202123018161e+00,5.972138243794264945e+00,-1.876738749862596478e-01,5.814248712304070921e-01,1.020375099624414794e+01
6.032797494318541176e+00,5.972138243794264945e+00,-1.819777515728286943e-01,5.696123413430953519e-01,1.019763458977026716e+01
6.030937549973041101e+00,5.972138243794264945e+00,-1.763979185363284685e-01,5.579833036500225774e-01,1.019158538511369372e+01
6.029115764166052216e+00,5.972138243794264945e+00,-1.709325611153618141e-01,5.465357420966654445e-01,1.018560318098130324e+01
6.027331538677161760e+00,5.972138243794264945e+00,-1.655798846486904452e-01,5.352676466671368871e-01,1.017968776201844605e+01
6.025584281964472488e+00,5.972138243794264945e+00,-1.603381145106226313e-01,5.241770138067813889e-01,1.017383889929615925e+01
6.023873409141713431e+00,5.972138243794264945e+00,-1.552054960423454588e-01,5.132618468277172497e-01,1.016805635078537229e+01
6.022198341954032585e+00,5.972138243794264945e+00,-1.501802944793029226e-01,5.025201563042536179e-01,1.016233986182495030e+01
6.020558508752534621e+00,5.972138243794264945e+00,-1.452607948748090294e-01,4.919499604493893230e-01,1.015668916557457990e+01
6.018953344467593780e+00,5.972138243794264945e+00,-1.404453020199865065e-01,4.815492854822522872e-01,1.015110398346226717e+01
6.017382290580998827e+00,5.972138243794264945e+00,-1.357321403602016474e-01,4.713161659784859125e-01,1.014558402561828387e+01
6.015844795096966457e+00,5.972138243794264945e+00,-1.311196539081045387e-01,4.612486452097108725e-01,1.014012899130160683e+01
6.014340312512064024e+00,5.972138243794264945e+00,-1.266062061533972383e-01,4.513447754707300419e-01,1.013473856931733330e+01
6.012868303784093094e+00,5.972138243794264945e+00,-1.221901799694844470e-01,4.416026183912791225e-01,1.012941243842179517e+01
6.011428236299964034e+00,5.972138243794264945e+00,-1.178699775170972686e-01,4.320202452387178482e-01,1.012415026772162108e+01
6.010019583842607815e+00,5.972138243794264945e+00,-1.136440201450286125e-01,4.225957372068656070e-01,1.011895171706183660e+01
6.008641826556957888e+00,5.972138243794264945e+00,-1.095107482880788297e-01,4.133271856949782830e-01,1.011381643740689995e+01
6.007294450915048323e+00,5.972138243794264945e+00,-1.054686213623501345e-01,4.042126925728695142e-01,1.010874407121051988e+01
6.005976949680259303e+00,5.972138243794264945e+00,-1.015161176579830737e-01,3.952503704367060777e-01,1.010373425277872350e+01
6.004688821870748150e+00,5.972138243794264945e+00,-9.765173422944961601e-02,3.864383428533457732e-01,1.009878660862389665e+01
6.003429572722099650e+00,5.972138243794264945e+00,-9.387398678350411529e-02,3.777747445945500715e-01,1.009390075781104557e+01
6.002198713649232076e+00,5.972138243794264945e+00,-9.018140956490139359e-02,3.692577218602721700e-01,1.008907631229537216e+01
6.000995762207594453e+00,5.972138243794264945e+00,-8.657255523998852453e-02,3.608854324912869060e-01,1.008431287725129977e+01
5.999820242053681696e+00,5.972138243794264945e+00,-8.304599477825025389e-02,3.526560461738270646e-01,1.007961005139557642e+01
5.998671682904908486e+00,5.972138243794264945e+00,-7.960031733193062564e-02,3.445677446319628245e-01,1.007496742730003270e+01
5.997549620498865863e+00,5.972138243794264945e+00,-7.623413011380275606e-02,3.366187218127869585e-01,1.007038459169898559e+01
5.996453596551992504e+00,5.972138243794264945e+00,-7.294605827318267899e-02,3.288071840620077069e-01,1.006586112578882464e+01
5.995383158717698002e+00,5.972138243794264945e+00,-6.973474477029917296e-02,3.211313502883506033e-01,1.006139660551805193e+01
5.994337860543955898e+00,5.972138243794264945e+00,-6.659885024907286066e-02,3.135894521226312293e-01,1.005699060187355798e+01
5.993317261430401111e+00,5.972138243794264945e+00,-6.353705290840849784e-02,3.061797340664362821e-01,1.005264268115802828e+01
5.992320926584961960e+00,5.972138243794264945e+00,-6.054804837209104562e-02,2.989004536317452221e-01,1.004835240525965467e+01
5.991348426980048991e+00,5.972138243794264945e+00,-5.763054955735213980e-02,2.917498814738905821e-01,1.004411933191653894e+01
5.990399339308327242e+00,5.972138243794264945e+00,-5.478328654218689309e-02,2.847263015165246713e-01,1.003994301497433739e+01
5.989473245938103041e+00,5.972138243794264945e+00,-5.200500643151428903e-02,2.778280110672604053e-01,1.003582300463574661e+01
5.988569734868342209e+00,5.972138243794264945e+00,-4.929447322223179384e-02,2.710533209282495193e-01,1.003175884770601911e+01
5.987688399683352536e+00,5.972138243794264945e+00,-4.665046766726277383e-02,2.644005554969020011e-01,1.002775008782963972e+01
5.986828839507145616e+00,5.972138243794264945e+00,-4.407178713864201569e-02,2.578680528620758139e-01,1.002379626572343341e+01
5.985990658957510924e+00,5.972138243794264945e+00,-4.155724548973793731e-02,2.514541648904078386e-01,1.001989691940067040e+01
5.985173468099816318e+00,5.972138243794264945e+00,-3.910567291665412171e-02,2.451572573083815598e-01,1.001605158439172882e+01
5.984376882400560760e+00,5.972138243794264945e+00,-3.671591581888744571e-02,2.389757097766675997e-01,1.001225979395778154e+01
5.983600522680701417e+00,5.972138243794264945e+00,-3.438683665930941658e-02,2.329079159578029135e-01,1.000852107929849311e+01
5.982844015068771171e+00,5.972138243794264945e+00,-3.211731382351867836e-02,2.269522835790738213e-01,1.000483496975555653e+01
5.982106990953816705e+00,5.972138243794264945e+00,-2.990624147865528215e-02,2.211072344863396211e-01,1.000120099300768572e+01
5.981389086938163402e+00,5.972138243794264945e+00,-2.775252943169537190e-02,2.153712046959910253e-01,9.997618675264295263e+00
5.980689944790036350e+00,5.972138243794264945e+00,-2.565510298731421557e-02,2.097426444381156330e-01,9.994087541450802803e+00
5.980009211396054347e+00,5.972138243794264945e+00,-2.361290280536820774e-02,2.042200181946007831e-01,9.990607115389233073e+00
5.979346538713611103e+00,5.972138243794264945e+00,-2.162488475803847621e-02,1.988018047329731530e-01,9.987176919974935174e+00
5.978701583723165847e+00,5.972138243794264945e+00,-1.969001978670270603e-02,1.934864971335770178e-01,9.983796477346874809e+00
5.978074008380454885e+00,5.972138243794264945e+00,-1.780729375856981989e-02,1.882726028132886142e-01,9.980465309054718404e+00
5.977463479568649873e+00,5.972138243794264945e+00,-1.597570732315478637e-02,1.831586435415033520e-01,9.977182936218348175e+00
5.976869669050466349e+00,5.972138243794264945e+00,-1.419427576860421425e-02,1.781431554550572116e-01,9.973948879686453495e+00
5.976292253420251832e+00,5.972138243794264945e+00,-1.246202887796066250e-02,1.732246890643551751e-01,9.970762660186395010e+00
5.975730914056055276e+00,5.972138243794264945e+00,-1.077801078537099499e-02,1.684018092589667503e-01,9.967623798473596253e+00
5.975185337071706293e+00,5.972138243794264945e+00,-9.141279832324045174e-03,1.636730953046949821e-01,9.964531815472371434e+00
5.974655213268904141e+00,5.972138243794264945e+00,-7.550908423917590540e-03,1.590371408406454634e-01,9.961486232416728370e+00
5.974140238089344024e+00,5.972138243794264945e+00,-6.005982885237237667e-03,1.544925538680352872e-01,9.958486570982799435e+00
5.973640111566882460e+00,5.972138243794264945e+00,-4.505603317852546752e-03,1.500379567384690915e-01,9.955532353420617042e+00
5.973154538279763059e+00,5.972138243794264945e+00,-3.048883456494344557e-03,1.456719861358202195e-01,9.952623102679325484e+00
5.972683227302911568e+00,5.972138243794264945e+00,-1.634950525939871113e-03,1.413932930554473444e-01,9.949758342529507971e+00
5.972225892160312632e+00,5.972138243794264945e+00,-2.629450981430636602e-04,1.372005427796807453e-01,9.946937597681538179e+00
5.971782250777481593e+00,5.972138243794264945e+00,1.067979050350054138e-03,1.330924148493117798e-01,9.944160393899661443e+00
5.971352025434041089e+00,5.972138243794264945e+00,2.358655080671567816e-03,1.290676030321513679e-01,9.941426258112823433e+00
5.970934942716411342e+00,5.972138243794264945e+00,3.609903233560807223e-03,1.251248152889239407e-01,9.938734718522486133e+00
5.970530733470634566e+00,5.972138243794264945e+00,4.822530970891136803e-03,1.212627737330329580e-01,9.936085304703924592e+00
5.970139132755328149e+00,5.972138243794264945e+00,5.997333116810388276e-03,1.174802145919251473e-01,9.933477547708736921e+00
5.969759879794792390e+00,5.972138243794264945e+00,7.135091998417664172e-03,1.137758881607275896e-01,9.930910980159145751e+00
5.969392717932272774e+00,5.972138243794264945e+00,8.236577585976512239e-03,1.101485587558848067e-01,9.928385136341862705e+00
5.969037394583386558e+00,5.972138243794264945e+00,9.302547632635160824e-03,1.065970046658648585e-01,9.925899552298499628e+00
5.968693661189730548e+00,5.972138243794264945e+00,1.033374781360318906e-02,1.031200180968028235e-01,9.923453765910405622e+00
5.968361273172665626e+00,5.972138243794264945e+00,1.133091186479795454e-02,9.971640511947654772e-02,9.921047316984275000e+00
5.968039989887299335e+00,5.972138243794264945e+00,1.229476172089682962e-02,9.638498560988750796e-02,9.918679747330784835e+00
5.967729574576665641e+00,5.972138243794264945e+00,1.322600765279791091e-02,9.312459319010812919e-02,9.916350600842907426e+00
5.967429794326116088e+00,5.972138243794264945e+00,1.412534840444656936e-02,8.993407516486584541e-02,9.914059423569312912e+00
5.967140420017924107e+00,5.972138243794264945e+00,1.499347132902251190e-02,8.681229245759425339e-02,9.911805763786617263e+00
5.966861226286110487e+00,5.972138243794264945e+00,1.583105252446337374e-02,8.375811954408618476e-02,9.909589172068550056e+00
5.966591991471504208e+00,5.972138243794264945e+00,1.663875696828220896e-02,8.077044438188352160e-02,9.907409201350166228e+00
5.966332497577032434e+00,5.972138243794264945e+00,1.741723865169753083e-02,7.784816834153218679e-02,9.905265406993230215e+00
5.966082530223260072e+00,5.972138243794264945e+00,1.816714071301461786e-02,7.499020613170870320e-02,9.903157346844723818e+00
5.965841878604171811e+00,5.972138243794264945e+00,1.888909557027940167e-02,7.219548572647838114e-02,9.901084581296757392e+00
5.965610335443213508e+00,5.972138243794264945e+00,1.958372505315431056e-02,6.946294828749088879e-02,9.899046673340645697e+00
5.965387696949589369e+00,5.972138243794264945e+00,2.025164053402672693e-02,6.679154808724163672e-02,9.897043188621267973e+00
5.965173762774827360e+00,5.972138243794264945e+00,2.089344305831275506e-02,6.418025242860281310e-02,9.895073695486916066e+00
5.964968335969613733e+00,5.972138243794264945e+00,2.150972347395363471e-02,6.162804156408796530e-02,9.893137765038041209e+00
5.964771222940904671e+00,5.972138243794264945e+00,2.210106256008081971e-02,5.913390861271849985e-02,9.891234971172799817e+00
5.964582233409312373e+00,5.972138243794264945e+00,2.266803115485771514e-02,5.669685947768954293e-02,9.889364890632547755e+00
5.964401180366783350e+00,5.972138243794264945e+00,2.321119028244478244e-02,5.431591275870673030e-02,9.887527103041151122e+00
5.964227880034558282e+00,5.972138243794264945e+00,2.373109127911998684e-02,5.199009966752043965e-02,9.885721190946640036e+00
5.964062151821428515e+00,5.972138243794264945e+00,2.422827591850928997e-02,4.971846393893031291e-02,9.883946739857439212e+00
5.963903818282283886e+00,5.972138243794264945e+00,2.470327653594317496e-02,4.750006174338849974e-02,9.882203338279332172e+00
5.963752705076966976e+00,5.972138243794264945e+00,2.515661615189390687e-02,4.533396159507319112e-02,9.880490577746968484e+00
5.963608640929424887e+00,5.972138243794264945e+00,2.558880859452017376e-02,4.321924426262668817e-02,9.878808052857147359e+00
5.963471457587169233e+00,5.972138243794264945e+00,2.600035862128713404e-02,4.115500267669602863e-02,9.877155361297983660e+00
5.963340989781042545e+00,5.972138243794264945e+00,2.639176203966719925e-02,3.914034183800652045e-02,9.875532103877674217e+00
5.963217075185304417e+00,5.972138243794264945e+00,2.676350582688158397e-02,3.717437872143847244e-02,9.873937884548320554e+00
5.963099554378020528e+00,5.972138243794264945e+00,2.711606824873324939e-02,3.525624218516654196e-02,9.872372310433899401e+00
5.962988270801780288e+00,5.972138243794264945e+00,2.744991897745396869e-02,3.338507287207193031e-02,9.870834991849527285e+00
5.962883070724725343e+00,5.972138243794264945e+00,2.776551920861880518e-02,3.156002311648364866e-02,9.869325542325103839e+00
5.962783803201902266e+00,5.972138243794264945e+00,2.806332177708803499e-02,2.978025684692298114e-02,9.867843578624011514e+00
5.962690320036942104e+00,5.972138243794264945e+00,2.834377127196852086e-02,2.804494948804858723e-02,9.866388720760017605e+00
5.962602475744057884e+00,5.972138243794264945e+00,2.860730415062118226e-02,2.635328786526613953e-02,9.864960592015886931e+00
5.962520127510375190e+00,5.972138243794264945e+00,2.885434885166926477e-02,2.470447010480825156e-02,9.863558818956477126e+00
5.962443135158587815e+00,5.972138243794264945e+00,2.908532590703138965e-02,2.309770553621248723e-02,9.862183031443244374e+00
5.962371361109944701e+00,5.972138243794264945e+00,2.930064805296073160e-02,2.153221459293419571e-02,9.860832862645896313e+00
5.962304670347566393e+00,5.972138243794264945e+00,2.950072034009565414e-02,2.000722871349225329e-02,9.859507949053588405e+00
5.962242930380093675e+00,5.972138243794264945e+00,2.968594024251380858e-02,1.852199024181544473e-02,9.858207930484329751e+00
5.962186011205669267e+00,5.972138243794264945e+00,2.985669776578703249e-02,1.707575232732239101e-02,9.856932450093109921e+00
5.962133785276254372e+00,5.972138243794264945e+00,3.001337555403171820e-02,1.566777882446857006e-02,9.855681154378501674e+00
5.962086127462277396e+00,5.972138243794264945e+00,3.015634899596264518e-02,1.429734419309269811e-02,9.854453693189055841e+00
5.962042915017619293e+00,5.972138243794264945e+00,3.028598632993695361e-02,1.296373339743084330e-02,9.853249719727369182e+00
5.962004027544933749e+00,5.972138243794264945e+00,3.040264874799358807e-02,1.166624180566344648e-02,9.852068890553656644e+00
5.961969346961303096e+00,5.972138243794264945e+00,3.050669049888554696e-02,1.040417508919588840e-02,9.850910865588081933e+00
5.961938757464231742e+00,5.972138243794264945e+00,3.059845899009960846e-02,9.176849121406149834e-03,9.849775308111507144e+00
5.961912145497971771e+00,5.972138243794264945e+00,3.067829488887952039e-02,7.983589877991192907e-03,9.848661884766871211e+00
5.961889399720187832e+00,5.972138243794264945e+00,3.074653222223133753e-02,6.823733335181714210e-03,9.847570265557413549e+00
5.961870410968959533e+00,5.972138243794264945e+00,3.080349847591623558e-02,5.696625368489804941e-03,9.846500123844407426e+00
5.961855072230116015e+00,5.972138243794264945e+00,3.084951469244678890e-02,4.601621653055332217e-03,9.845451136345502618e+00
5.961843278604907148e+00,5.972138243794264945e+00,3.088489556807338943e-02,3.538087562660052754e-03,9.844422983130733940e+00
5.961834927278011342e+00,5.972138243794264945e+00,3.090994954876080669e-02,2.505398068741726547e-03,9.843415347617503031e+00
5.961829917485877317e+00,5.972138243794264945e+00,3.092497892516288260e-02,1.502937640207591130e-03,9.842427916565370083e+00
5.961828150485399824e+00,5.972138243794264945e+00,3.093027992659536096e-02,5.301001432478358311e-04,9.841460380069843694e+00
5.961829529522929327e+00,5.972138243794264945e+00,3.092614281400685172e-02,-4.137112588509239686e-04,9.840512431555156425e+00
5.961833959803613858e+00,5.972138243794264945e+00,3.091285197195325907e-02,-1.329084205359265525e-03,9.839583767766594491e+00
5.961841348461075718e+00,5.972138243794264945e+00,3.089068599956767969e-02,-2.216597238557937999e-03,9.838674088761010239e+00
5.961851604527413251e+00,5.972138243794264945e+00,3.085991780055508116e-02,-3.076819901259852941e-03,9.837783097899295726e+00
5.961864638903541014e+00,5.972138243794264945e+00,3.082081467217179238e-02,-3.910312838328877660e-03,9.836910501833843412e+00
5.961880364329852355e+00,5.972138243794264945e+00,3.077363839323776773e-02,-4.717627893402465133e-03,9.836056010499834912e+00
5.961898695357213285e+00,5.972138243794264945e+00,3.071864531115497954e-02,-5.499308208278819166e-03,9.835219337102877546e+00
5.961919548318284967e+00,5.972138243794264945e+00,3.065608642793993255e-02,-6.255888321504698979e-03,9.834400198106436619e+00
5.961942841299166851e+00,5.972138243794264945e+00,3.058620748529428113e-02,-6.987894264565142066e-03,9.833598313220729636e+00
5.961968494111371086e+00,5.972138243794264945e+00,3.050924904868157483e-02,-7.695843661270629354e-03,9.832813405387412331e+00
5.961996428264114023e+00,5.972138243794264945e+00,3.042544659045276489e-02,-8.380245822880993956e-03,9.832045200767572268e+00
5.962026566936933669e+00,5.972138243794264945e+00,3.033503057199382624e-02,-9.041601845893865175e-03,9.831293428726100458e+00
5.962058834952626007e+00,5.972138243794264945e+00,3.023822652491681140e-02,-9.680404707701484313e-03,9.830557821817215824e+00
5.962093158750500166e+00,5.972138243794264945e+00,3.013525513129433619e-02,-1.029713936224752047e-02,9.829838115769046425e+00
5.962129466359950669e+00,5.972138243794264945e+00,3.002633230294282640e-02,-1.089228283515097928e-02,9.829134049467793233e+00
5.962167687374348546e+00,5.972138243794264945e+00,2.991166925974919621e-02,-1.146630431936301875e-02,9.828445364940385787e+00
5.962207752925239745e+00,5.972138243794264945e+00,2.979147260707559752e-02,-1.201966526735986918e-02,9.827771807339715338e+00
5.962249595656865075e+00,5.972138243794264945e+00,2.966594441219960743e-02,-1.255281948759900956e-02,9.827113124924601095e+00
5.962293149700983008e+00,5.972138243794264945e+00,2.953528227984580923e-02,-1.306621323537981993e-02,9.826469069044467375e+00
5.962338350652005126e+00,5.972138243794264945e+00,2.939967942677945700e-02,-1.356028530663522247e-02,9.825839394120144732e+00
5.962385135542439762e+00,5.972138243794264945e+00,2.925932475547554645e-02,-1.403546713039105498e-02,9.825223857625084989e+00
5.962433442818636742e+00,5.972138243794264945e+00,2.911440292688460829e-02,-1.449218285909381621e-02,9.824622220067791289e+00
5.962483212316840309e+00,5.972138243794264945e+00,2.896509443227390790e-02,-1.493084946107003930e-02,9.824034244971205254e+00
5.962534385239541379e+00,5.972138243794264945e+00,2.881157566417069660e-02,-1.535187681032113005e-02,9.823459698853849176e+00
5.962586904132127330e+00,5.972138243794264945e+00,2.865401898641284362e-02,-1.575566777578529809e-02,9.822898351210628931e+00
5.962640712859834657e+00,5.972138243794264945e+00,2.849259280329086153e-02,-1.614261831219820920e-02,9.822349974491093150e+00
5.962695756584991180e+00,5.972138243794264945e+00,2.832746162782129318e-02,-1.651311754695683476e-02,9.821814344080864956e+00
5.962751981744555785e+00,5.972138243794264945e+00,2.815878614912747935e-02,-1.686754786938138295e-02,9.821291238279746594e+00
5.962809336027948603e+00,5.972138243794264945e+00,2.798672329894902333e-02,-1.720628501784560171e-02,9.820780438281104807e+00
5.962867768355168963e+00,5.972138243794264945e+00,2.781142631728794612e-02,-1.752969816610772114e-02,9.820281728151179834e+00
5.962927228855204653e+00,5.972138243794264945e+00,2.763304481718087402e-02,-1.783815001070720996e-02,9.819794894806474161e+00
5.962987668844720979e+00,5.972138243794264945e+00,2.745172484863189766e-02,-1.813199685489763624e-02,9.819319727993734759e+00
5.963049040807036683e+00,5.972138243794264945e+00,2.726760896168478610e-02,-1.841158869471115622e-02,9.818856020266974127e+00
5.963111298371378766e+00,5.972138243794264945e+00,2.708083626865853688e-02,-1.867726930262492147e-02,9.818403566966033225e+00
5.963174396292417967e+00,5.972138243794264945e+00,2.689154250554093295e-02,-1.892937631176039304e-02,9.817962166193780149e+00
5.963238290430076027e+00,5.972138243794264945e+00,2.669986009256675175e-02,-1.916824129741812044e-02,9.817531618795149129e+00
5.963302937729613618e+00,5.972138243794264945e+00,2.650591819395398119e-02,-1.939418986127705580e-02,9.817111728332676535e+00
5.963368296201984720e+00,5.972138243794264945e+00,2.630984277684067507e-02,-1.960754171133061163e-02,9.816702301065511449e+00
5.963434324904462791e+00,5.972138243794264945e+00,2.611175666940646067e-02,-1.980861074342143979e-02,9.816303145925985518e+00
5.963500983921533383e+00,5.972138243794264945e+00,2.591177961819468578e-02,-1.999770512117748922e-02,9.815914074497017694e+00
5.963568234346053210e+00,5.972138243794264945e+00,2.571002834463520514e-02,-2.017512735594806372e-02,9.815534900988687639e+00
5.963636038260672123e+00,5.972138243794264945e+00,2.550661660077846449e-02,-2.034117438567406566e-02,9.815165442215104008e+00
5.963704358719512655e+00,5.972138243794264945e+00,2.530165522425686930e-02,-2.049613765215951844e-02,9.814805517572096960e+00
5.963773159730110685e+00,5.972138243794264945e+00,2.509525219246278027e-02,-2.064030317940890313e-02,9.814454949013054375e+00
5.963842406235609239e+00,5.972138243794264945e+00,2.488751267596711614e-02,-2.077395164956641338e-02,9.814113561026401200e+00
5.963912064097210752e+00,5.972138243794264945e+00,2.467853909116257682e-02,-2.089735848045393141e-02,9.813781180610709143e+00
5.963982100076873571e+00,5.972138243794264945e+00,2.446843115217411935e-02,-2.101079389884574766e-02,9.813457637253328869e+00
5.964052481820261598e+00,5.972138243794264945e+00,2.425728592201004119e-02,-2.111452301640781570e-02,9.813142762905602723e+00
5.964123177839939949e+00,5.972138243794264945e+00,2.404519786297498740e-02,-2.120880590350537886e-02,9.812836391959470106e+00
5.964194157498813986e+00,5.972138243794264945e+00,2.383225888635287504e-02,-2.129389766221123637e-02,9.812538361224142136e+00
5.964265390993810811e+00,5.972138243794264945e+00,2.361855840136239948e-02,-2.137004849904755588e-02,9.812248509902314453e+00
5.964336849339797908e+00,5.972138243794264945e+00,2.340418336340110983e-02,-2.143750379612896495e-02,9.811966679567273530e+00
5.964408504353741591e+00,5.972138243794264945e+00,2.318921832157005980e-02,-2.149650418310500299e-02,9.811692714138466442e+00
5.964480328639099049e+00,5.972138243794264945e+00,2.297374546549768581e-02,-2.154728560723739861e-02,9.811426459858260785e+00
5.964552295570442197e+00,5.972138243794264945e+00,2.275784467146824142e-02,-2.159007940294443983e-02,9.811167765268525187e+00
5.964624379278312460e+00,5.972138243794264945e+00,2.254159354785745251e-02,-2.162511236107889090e-02,9.810916481186779947e+00
5.964696554634301151e+00,5.972138243794264945e+00,2.232506747989138063e-02,-2.165260679660718779e-02,9.810672460683285578e+00
5.964768797236358111e+00,5.972138243794264945e+00,2.210833967372050068e-02,-2.167278061708799441e-02,9.810435559056632115e+00
5.964841083394321508e+00,5.972138243794264945e+00,2.189148119983030938e-02,-2.168584738901913056e-02,9.810205633810811676e+00
5.964913390115665237e+00,5.972138243794264945e+00,2.167456103579912252e-02,-2.169201640311868573e-02,9.809982544632681822e+00
5.964985695091472806e+00,5.972138243794264945e+00,2.145764610837641584e-02,-2.169149274227066826e-02,9.809766153366105357e+00
5.965057976682616392e+00,5.972138243794264945e+00,2.124080133494565814e-02,-2.168447734307576980e-02,9.809556323991870386e+00
5.965130213906159717e+00,5.972138243794264945e+00,2.102408966431568160e-02,-2.167116706299765383e-02,9.809352922601318525e+00
5.965202386421963432e+00,5.972138243794264945e+00,2.080757211690453801e-02,-2.165175474111435960e-02,9.809155817375790676e+00
5.965274474519504544e+00,5.972138243794264945e+00,2.059130782428120199e-02,-2.162642926233360186e-02,9.808964878561948098e+00
5.965346459104901911e+00,5.972138243794264945e+00,2.037535406808910210e-02,-2.159537561920998883e-02,9.808779978448878722e+00
5.965418321688144232e+00,5.972138243794264945e+00,2.015976631836213784e-02,-2.155877497269642618e-02,9.808600991345667097e+00
5.965490044370520550e+00,5.972138243794264945e+00,1.994459827123318263e-02,-2.151680471289552088e-02,9.808427793558337271e+00
5.965561609832253254e+00,5.972138243794264945e+00,1.972990188603507278e-02,-2.146963851981098514e-02,9.808260263366225473e+00
5.965633001320322037e+00,5.972138243794264945e+00,1.951572742182872133e-02,-2.141744642063514448e-02,9.808098281001193186e+00
5.965704202636491260e+00,5.972138243794264945e+00,1.930212347332105338e-02,-2.136039485076679512e-02,9.807941728622555644e+00
5.965775198125522927e+00,5.972138243794264945e+00,1.908913700622605347e-02,-2.129864670949999095e-02,9.807790490296726560e+00
5.965845972663584185e+00,5.972138243794264945e+00,1.887681339204227982e-02,-2.123236141837736568e-02,9.807644451973665412e+00
5.965916511646842224e+00,5.972138243794264945e+00,1.866519644226816155e-02,-2.116169497741182681e-02,9.807503501464857720e+00
5.965986800980247473e+00,5.972138243794264945e+00,1.845432844205241452e-02,-2.108680002157470312e-02,9.807367528420478209e+00
5.966056827066494428e+00,5.972138243794264945e+00,1.824425018331155002e-02,-2.100782587408644986e-02,9.807236424309225598e+00
5.966126576795172554e+00,5.972138243794264945e+00,1.803500099727717298e-02,-2.092491860343770327e-02,9.807110082393840855e+00
5.966196037532089491e+00,5.972138243794264945e+00,1.782661878652636034e-02,-2.083822107508126464e-02,9.806988397711446481e+00
5.966265197108778118e+00,5.972138243794264945e+00,1.761914005646048054e-02,-2.074787300658798017e-02,9.806871267049872998e+00
5.966334043812171473e+00,5.972138243794264945e+00,1.741259994628041596e-02,-2.065401101800645733e-02,9.806758588928275344e+00
5.966402566374457983e+00,5.972138243794264945e+00,1.720703225942088466e-02,-2.055676868595313067e-02,9.806650263573468251e+00
5.966470753963101892e+00,5.972138243794264945e+00,1.700246949348915848e-02,-2.045627659317261759e-02,9.806546192900317038e+00
5.966538596171035103e+00,5.972138243794264945e+00,1.679894286968952599e-02,-2.035266237996324890e-02,9.806446280489726774e+00
5.966606083007017780e+00,5.972138243794264945e+00,1.659648236174149361e-02,-2.024605079480323866e-02,9.806350431566938752e+00
5.966673204886157045e+00,5.972138243794264945e+00,1.639511672432369949e-02,-2.013656374177941188e-02,9.806258552982544785e+00
5.966739952620594423e+00,5.972138243794264945e+00,1.619487352101156574e-02,-2.002432033121337440e-02,9.806170553189797801e+00
5.966806317410350502e+00,5.972138243794264945e+00,1.599577915174332787e-02,-1.990943692682378696e-02,9.806086342224919150e+00
5.966872290834329462e+00,5.972138243794264945e+00,1.579785887980644787e-02,-1.979202719368799990e-02,9.806005831686118057e+00
5.966937864841477257e+00,5.972138243794264945e+00,1.560113685836306274e-02,-1.967220214433851311e-02,9.805928934714025047e+00
5.967003031742096120e+00,5.972138243794264945e+00,1.540563615650647478e-02,-1.955007018565879662e-02,9.805855565970848176e+00
5.967067784199311831e+00,5.972138243794264945e+00,1.521137878485934181e-02,-1.942573716471329703e-02,9.805785641620147430e+00
5.967132115220690203e+00,5.972138243794264945e+00,1.501838572072422551e-02,-1.929930641351162990e-02,9.805719079307213093e+00
5.967196018149999226e+00,5.972138243794264945e+00,1.482667693279715593e-02,-1.917087879270695794e-02,9.805655798140090695e+00
5.967259486659122203e+00,5.972138243794264945e+00,1.463627140542822502e-02,-1.904055273689309047e-02,9.805595718668534744e+00
5.967322514740112105e+00,5.972138243794264945e+00,1.444718716245851908e-02,-1.890842429697059401e-02,9.805538762865488422e+00
5.967385096697388036e+00,5.972138243794264945e+00,1.425944129063072552e-02,-1.877458718277935645e-02,9.805484854107852755e+00
5.967447227140074695e+00,5.972138243794264945e+00,1.407304996257074947e-02,-1.863913280599760469e-02,9.805433917156573642e+00
5.967508900974477726e+00,5.972138243794264945e+00,1.388802845936165653e-02,-1.850215032090929412e-02,9.805385878138451972e+00
5.967570113396694076e+00,5.972138243794264945e+00,1.370439119271260608e-02,-1.836372666490504457e-02,9.805340664527808059e+00
5.967630859885363570e+00,5.972138243794264945e+00,1.352215172670412358e-02,-1.822394660084825091e-02,9.805298205125856370e+00
5.967691136194545720e+00,5.972138243794264945e+00,1.334132279915767327e-02,-1.808289275464503021e-02,9.805258430044514029e+00
5.967750938346732426e+00,5.972138243794264945e+00,1.316191634259755716e-02,-1.794064565601161121e-02,9.805221270686587332e+00
5.967810262625987683e+00,5.972138243794264945e+00,1.298394350483178528e-02,-1.779728377657718852e-02,9.805186659728255094e+00
5.967869105571215194e+00,5.972138243794264945e+00,1.280741466914925297e-02,-1.765288356825323035e-02,9.805154531100896520e+00
5.967927463969552981e+00,5.972138243794264945e+00,1.263233947413588965e-02,-1.750751950133633272e-02,9.805124819972800054e+00
5.967985334849887913e+00,5.972138243794264945e+00,1.245872683313109519e-02,-1.736126410047944546e-02,9.805097462732652147e+00
5.968042715476496340e+00,5.972138243794264945e+00,1.228658495330581246e-02,-1.721418798252827287e-02,9.805072396970778925e+00
5.968099603342801984e+00,5.972138243794264945e+00,1.211592135438888107e-02,-1.706635989169313916e-02,9.805049561462695351e+00
5.968155996165253718e+00,5.972138243794264945e+00,1.194674288703367893e-02,-1.691784673552021445e-02,9.805028896151513962e+00
5.968211891877320596e+00,5.972138243794264945e+00,1.177905575083304512e-02,-1.676871362006338018e-02,9.805010342130771051e+00
5.968267288623600564e+00,5.972138243794264945e+00,1.161286551199314232e-02,-1.661902388399028041e-02,9.804993841628004247e+00
5.968322184754043747e+00,5.972138243794264945e+00,1.144817712066359405e-02,-1.646883913295482671e-02,9.804979337987710153e+00
5.968376578818284983e+00,5.972138243794264945e+00,1.128499492793988424e-02,-1.631821927237098180e-02,9.804966775655568512e+00
5.968430469560091822e+00,5.972138243794264945e+00,1.112332270251936706e-02,-1.616722254205171794e-02,9.804956100160467258e+00
5.968483855911914659e+00,5.972138243794264945e+00,1.096316364705085533e-02,-1.601590554685117240e-02,9.804947258100199292e+00
5.968536736989547897e+00,5.972138243794264945e+00,1.080452041415114195e-02,-1.586432328997133823e-02,9.804940197124180301e+00
5.968589112086893245e+00,5.972138243794264945e+00,1.064739512211509975e-02,-1.571252920360421967e-02,9.804934865918511377e+00
5.968640980670830487e+00,5.972138243794264945e+00,1.049178937030337266e-02,-1.556057518117270888e-02,9.804931214189132049e+00
5.968692342376186843e+00,5.972138243794264945e+00,1.033770425423430339e-02,-1.540851160690692723e-02,9.804929192647328762e+00
5.968743197000807577e+00,5.972138243794264945e+00,1.018514038037210412e-02,-1.525638738621992729e-02,9.804928752994152674e+00
5.968793544500727855e+00,5.972138243794264945e+00,1.003409788061127017e-02,-1.510424997608339481e-02,9.804929847904528373e+00
5.968843384985438760e+00,5.972138243794264945e+00,9.884576426478552946e-03,-1.495214541327172242e-02,9.804932431013206440e+00
5.968892718713251000e+00,5.972138243794264945e+00,9.736575243041833971e-03,-1.480011834367189749e-02,9.804936456899369546e+00
5.968941546086753647e+00,5.972138243794264945e+00,9.590093122533893677e-03,-1.464821205079402944e-02,9.804941881071741250e+00
5.968989867648363479e+00,5.972138243794264945e+00,9.445128437704397584e-03,-1.449646848294960932e-02,9.804948659954755286e+00
5.969037684075968464e+00,5.972138243794264945e+00,9.301679154889441747e-03,-1.434492828149558363e-02,9.804956750873394355e+00
5.969084996178660951e+00,5.972138243794264945e+00,9.159742846811980144e-03,-1.419363080774616037e-02,9.804966112039066317e+00
5.969131804892557014e+00,5.972138243794264945e+00,9.019316705123792133e-03,-1.404261416881880109e-02,9.804976702536304600e+00
5.969178111276706389e+00,5.972138243794264945e+00,8.880397552675667328e-03,-1.389191524481248052e-02,9.804988482307862796e+00
5.969223916509086791e+00,5.972138243794264945e+00,8.742981855534459612e-03,-1.374156971412077155e-02,9.805001412141415074e+00
5.969269221882681720e+00,5.972138243794264945e+00,8.607065734749674846e-03,-1.359161207847847663e-02,9.805015453656270807e+00
5.969314028801641747e+00,5.972138243794264945e+00,8.472644977869592253e-03,-1.344207568800825925e-02,9.805030569289861830e+00
5.969358338777531081e+00,5.972138243794264945e+00,8.339715050201590429e-03,-1.329299276680018238e-02,9.805046722283401905e+00
5.969402153425648727e+00,5.972138243794264945e+00,8.208271105848652383e-03,-1.314439443529380469e-02,9.805063876670555345e+00
5.969445474461433143e+00,5.972138243794264945e+00,8.078307998495404263e-03,-1.299631073532481196e-02,9.805081997263171090e+00
5.969488303696944165e+00,5.972138243794264945e+00,7.949820291962339525e-03,-1.284877065330647383e-02,9.805101049638656363e+00
5.969530643037418649e+00,5.972138243794264945e+00,7.822802270538886660e-03,-1.270180214234528648e-02,9.805121000128194098e+00
5.969572494477906055e+00,5.972138243794264945e+00,7.697247949076668760e-03,-1.255543214622178994e-02,9.805141815802855376e+00
5.969613860099974190e+00,5.972138243794264945e+00,7.573151082872264794e-03,-1.240968662044039661e-02,9.805163464462431477e+00
5.969654742068488673e+00,5.972138243794264945e+00,7.450505177328814455e-03,-1.226459055434503398e-02,9.805185914622985166e+00
5.969695142628465234e+00,5.972138243794264945e+00,7.329303497399131118e-03,-1.212016799296833369e-02,9.805209135504430407e+00
5.969735064101992172e+00,5.972138243794264945e+00,7.209539076818316516e-03,-1.197644205808146012e-02,9.805233097018737354e+00
5.969774508885221209e+00,5.972138243794264945e+00,7.091204727131206198e-03,-1.183343496871103184e-02,9.805257769758419784e+00
5.969813479445425841e+00,5.972138243794264945e+00,6.974293046517310302e-03,-1.169116806138958964e-02,9.805283124985127330e+00
5.969851978318128971e+00,5.972138243794264945e+00,6.858796428407920587e-03,-1.154966181093897148e-02,9.805309134617470335e+00
5.969890008104293599e+00,5.972138243794264945e+00,6.744707069914035458e-03,-1.140893584938851291e-02,9.805335771220526908e+00
5.969927571467581018e+00,5.972138243794264945e+00,6.632016980051780308e-03,-1.126900898622551495e-02,9.805363007993825875e+00
5.969964671131667622e+00,5.972138243794264945e+00,6.520717987791968540e-03,-1.112989922598117687e-02,9.805390818761811289e+00
5.970001309877630113e+00,5.972138243794264945e+00,6.410801749904493363e-03,-1.099162378874751766e-02,9.805419177961157473e+00
5.970037490541388436e+00,5.972138243794264945e+00,6.302259758629524811e-03,-1.085419912749685523e-02,9.805448060631132279e+00
5.970073216011209993e+00,5.972138243794264945e+00,6.195083349164853814e-03,-1.071764094646709964e-02,9.805477442402697363e+00
5.970108489225272486e+00,5.972138243794264945e+00,6.089263706977376955e-03,-1.058196421874768589e-02,9.805507299488230188e+00
5.970143313169283594e+00,5.972138243794264945e+00,5.984791874944050960e-03,-1.044718320333259953e-02,9.805537608671611949e+00
5.970177690874161947e+00,5.972138243794264945e+00,5.881658760308994260e-03,-1.031331146350566996e-02,9.805568347296803822e+00
5.970211625413769596e+00,5.972138243794264945e+00,5.779855141486045511e-03,-1.018036188229487493e-02,9.805599493259190780e+00
5.970245119902703124e+00,5.972138243794264945e+00,5.679371674685462779e-03,-1.004834668005827325e-02,9.805631024994628575e+00
5.970278177494136251e+00,5.972138243794264945e+00,5.580198900386079686e-03,-9.917277429938309297e-03,9.805662921470448268e+00
5.970310801377716636e+00,5.972138243794264945e+00,5.482327249644924905e-03,-9.787165074115478092e-03,9.805695162175529944e+00
5.970342994777514178e+00,5.972138243794264945e+00,5.385747050252298607e-03,-9.658019939262629805e-03,9.805727727110991054e+00
5.970374760950022619e+00,5.972138243794264945e+00,5.290448532726976794e-03,-9.529851752532181308e-03,9.805760596780196181e+00
5.970406103182209101e+00,5.972138243794264945e+00,5.196421836167530728e-03,-9.402669655944606575e-03,9.805793752180223422e+00
5.970437024789614355e+00,5.972138243794264945e+00,5.103657013951767851e-03,-9.276482221576287657e-03,9.805827174792376866e+00
5.970467529114498184e+00,5.972138243794264945e+00,5.012144039300281406e-03,-9.151297465148644505e-03,9.805860846574152134e+00
5.970497619524040012e+00,5.972138243794264945e+00,4.921872810674798870e-03,-9.027122862548253579e-03,9.805894749948127043e+00
5.970527299408576738e+00,5.972138243794264945e+00,4.832833157064619911e-03,-8.903965361017895930e-03,9.805928867796048110e+00
5.970556572179892996e+00,5.972138243794264945e+00,4.745014843115846759e-03,-8.781831394877315233e-03,9.805963183448238141e+00
5.970585441269554039e+00,5.972138243794264945e+00,4.658407574132716888e-03,-8.660726898312987032e-03,9.805997680675819339e+00
5.970613910127282153e+00,5.972138243794264945e+00,4.573001000948373473e-03,-8.540657318434341505e-03,9.806032343682513641e+00
5.970641982219378363e+00,5.972138243794264945e+00,4.488784724659744541e-03,-8.421627628862893289e-03,9.806067157095796460e+00
5.970669661027184105e+00,5.972138243794264945e+00,4.405748301242518039e-03,-8.303642341722650144e-03,9.806102105959521253e+00
5.970696950045586426e+00,5.972138243794264945e+00,4.323881246035554682e-03,-8.186705520696335725e-03,9.806137175725339716e+00
5.970723852781561369e+00,5.972138243794264945e+00,4.243173038110725770e-03,-8.070820792482891193e-03,9.806172352245628332e+00
5.970750372752760882e+00,5.972138243794264945e+00,4.163613124512188790e-03,-7.955991359853697986e-03,9.806207621764659876e+00
5.970776513486136139e+00,5.972138243794264945e+00,4.085190924386417066e-03,-7.842220012577172383e-03,9.806242970911810630e+00
5.970802278516602613e+00,5.972138243794264945e+00,4.007895832986996254e-03,-7.729509139942081219e-03,9.806278386693044524e+00
5.970827671385738888e+00,5.972138243794264945e+00,3.931717225578168495e-03,-7.617860740882775872e-03,9.806313856484695890e+00
5.970852695640523677e+00,5.972138243794264945e+00,3.856644461223801557e-03,-7.507276435436693873e-03,9.806349368025788493e+00
5.970877354832111017e+00,5.972138243794264945e+00,3.782666886461782951e-03,-7.397757476201860527e-03,9.806384909410260420e+00
5.970901652514639224e+00,5.972138243794264945e+00,3.709773838877161722e-03,-7.289304758462122891e-03,9.806420469080414648e+00
5.970925592244075375e+00,5.972138243794264945e+00,3.637954650568708814e-03,-7.181918830845290813e-03,9.806456035819724804e+00
5.970949177577093536e+00,5.972138243794264945e+00,3.567198651514225105e-03,-7.075599905448370919e-03,9.806491598746067240e+00
5.970972412069986746e+00,5.972138243794264945e+00,3.497495172834597099e-03,-6.970347867962800592e-03,9.806527147304873182e+00
5.970995299277610080e+00,5.972138243794264945e+00,3.428833549964593885e-03,-6.866162287000321385e-03,9.806562671262964770e+00
5.971017842752360139e+00,5.972138243794264945e+00,3.361203125714418150e-03,-6.763042425017573578e-03,9.806598160700698230e+00
5.971040046043180283e+00,5.972138243794264945e+00,3.294593253253985665e-03,-6.660987246043248433e-03,9.806633606007210346e+00
5.971061912694600515e+00,5.972138243794264945e+00,3.228993298993287908e-03,-6.559995426069775704e-03,9.806668997872924010e+00
5.971083446245808446e+00,5.972138243794264945e+00,3.164392645369495938e-03,-6.460065362379197040e-03,9.806704327282989908e+00
5.971104650229744237e+00,5.972138243794264945e+00,3.100780693562121826e-03,-6.361195180737411192e-03,9.806739585512826096e+00
5.971125528172231967e+00,5.972138243794264945e+00,3.038146866098934140e-03,-6.263382746318768568e-03,9.806774764119779775e+00
5.971146083591131415e+00,5.972138243794264945e+00,2.976480609400589117e-03,-6.166625669834502332e-03,9.806809854939565696e+00
5.971166319995524496e+00,5.972138243794264945e+00,2.915771396221344958e-03,-6.070921317924415916e-03,9.806844850078297426e+00
5.971186240884925667e+00,5.972138243794264945e+00,2.856008728017833675e-03,-5.976266820351128217e-03,9.806879741907668091e+00
5.971205849748517203e+00,5.972138243794264945e+00,2.797182137243225952e-03,-5.882659077460772323e-03,9.806914523059782951e+00
5.971225150064414677e+00,5.972138243794264945e+00,2.739281189550801798e-03,-5.790094769242415396e-03,9.806949186420307996e+00
5.971244145298954642e+00,5.972138243794264945e+00,2.682295485930907830e-03,-5.698570361989396815e-03,9.806983725123942008e+00
5.971262838906007175e+00,5.972138243794264945e+00,2.626214664773307561e-03,-5.608082115760026909e-03,9.807018132549014666e+00
5.971281234326314191e+00,5.972138243794264945e+00,2.571028403852260169e-03,-5.518626092104739200e-03,9.807052402311747130e+00
5.971299334986852614e+00,5.972138243794264945e+00,2.516726422236992278e-03,-5.430198161526789136e-03,9.807086528260711589e+00
5.971317144300217095e+00,5.972138243794264945e+00,2.463298482143549961e-03,-5.342794009344231654e-03,9.807120504472798928e+00
5.971334665664028485e+00,5.972138243794264945e+00,2.410734390709379227e-03,-5.256409143417073437e-03,9.807154325247292803e+00
5.971351902460364514e+00,5.972138243794264945e+00,2.359024001701293116e-03,-5.171038900808611061e-03,9.807187985100892291e+00
5.971368858055210893e+00,5.972138243794264945e+00,2.308157217162154495e-03,-5.086678453913862086e-03,9.807221478763249678e+00
5.971385535797933741e+00,5.972138243794264945e+00,2.258123988993609998e-03,-5.003322816854449684e-03,9.807254801172138770e+00
5.971401939020774208e+00,5.972138243794264945e+00,2.208914320472210591e-03,-4.920966852139940784e-03,9.807287947468331879e+00
5.971418071038360864e+00,5.972138243794264945e+00,2.160518267712241425e-03,-4.839605275996916589e-03,9.807320912991716710e+00
5.971433935147246963e+00,5.972138243794264945e+00,2.112925941053944712e-03,-4.759232665829671305e-03,9.807353693275224771e+00
5.971449534625460132e+00,5.972138243794264945e+00,2.066127506414439097e-03,-4.679843463950561500e-03,9.807386284042465263e+00
5.971464872732077822e+00,5.972138243794264945e+00,2.020113186561367513e-03,-4.601431985307158357e-03,9.807418681201255595e+00
5.971479952706816086e+00,5.972138243794264945e+00,1.974873262346577008e-03,-4.523992421479050563e-03,9.807450880840868024e+00
5.971494777769637885e+00,5.972138243794264945e+00,1.930398073881178789e-03,-4.447518846539821880e-03,9.807482879227341854e+00
5.971509351120382725e+00,5.972138243794264945e+00,1.886678021646659431e-03,-4.372005223451935763e-03,9.807514672798195221e+00
5.971523675938406939e+00,5.972138243794264945e+00,1.843703567574017654e-03,-4.297445407264177675e-03,9.807546258160311226e+00
5.971537755382247958e+00,5.972138243794264945e+00,1.801465236050958652e-03,-4.223833152305900285e-03,9.807577632083745556e+00
5.971551592589296575e+00,5.972138243794264945e+00,1.759953614905107599e-03,-4.151162114585105201e-03,9.807608791500321388e+00
5.971565190675495849e+00,5.972138243794264945e+00,1.719159356307287112e-03,-4.079425859782048747e-03,9.807639733496525736e+00
5.971578552735044454e+00,5.972138243794264945e+00,1.679073177661472016e-03,-4.008617864581509593e-03,9.807670455313079572e+00
5.971591681840124011e+00,5.972138243794264945e+00,1.639685862422801677e-03,-3.938731523867033957e-03,9.807700954338557153e+00
5.971604581040637960e+00,5.972138243794264945e+00,1.600988260880953362e-03,-3.869760154184831435e-03,9.807731228106696619e+00
5.971617253363962874e+00,5.972138243794264945e+00,1.562971290906212118e-03,-3.801696997474124373e-03,9.807761274293433473e+00
5.971629701814716640e+00,5.972138243794264945e+00,1.525625938644914470e-03,-3.734535226129764851e-03,9.807791090712516535e+00
5.971641929374541746e+00,5.972138243794264945e+00,1.488943259169595024e-03,-3.668267947531944628e-03,9.807820675311639036e+00
5.971653939001898337e+00,5.972138243794264945e+00,1.452914377099823184e-03,-3.602888206977183927e-03,9.807850026170122248e+00
5.971665733631871475e+00,5.972138243794264945e+00,1.417530487180407306e-03,-3.538388991941587847e-03,9.807879141495238429e+00
5.971677316175994399e+00,5.972138243794264945e+00,1.382782854811637208e-03,-3.474763236877009831e-03,9.807908019617935125e+00
5.971688689522078874e+00,5.972138243794264945e+00,1.348662816558210409e-03,-3.412003825342679875e-03,9.807936658991216916e+00
5.971699856534062434e+00,5.972138243794264945e+00,1.315161780607532194e-03,-3.350103595067821516e-03,9.807965058185541096e+00
5.971710820051864488e+00,5.972138243794264945e+00,1.282271227201370323e-03,-3.289055340616187095e-03,9.807993215886586569e+00
5.971721582891255764e+00,5.972138243794264945e+00,1.249982709027541716e-03,-3.228851817382860645e-03,9.808021130891646067e+00
5.971732147843735738e+00,5.972138243794264945e+00,1.218287851587618320e-03,-3.169485743992339621e-03,9.808048802107595776e+00
5.971742517676426942e+00,5.972138243794264945e+00,1.187178353514006801e-03,-3.110949807361151898e-03,9.808076228546152464e+00
5.971752695131972821e+00,5.972138243794264945e+00,1.156645986876370102e-03,-3.053236663763669867e-03,9.808103409323113198e+00
5.971762682928450694e+00,5.972138243794264945e+00,1.126682597442751899e-03,-2.996338943361820384e-03,9.808130343654081429e+00
5.971772483759293593e+00,5.972138243794264945e+00,1.097280104914055698e-03,-2.940249252869620022e-03,9.808157030852044045e+00
5.971782100293221873e+00,5.972138243794264945e+00,1.068430503129214060e-03,-2.884960178484163862e-03,9.808183470324646436e+00
5.971791535174182819e+00,5.972138243794264945e+00,1.040125860246376988e-03,-2.830464288283707219e-03,9.808209661571963167e+00
5.971800791021300903e+00,5.972138243794264945e+00,1.012358318892125908e-03,-2.776754135425107961e-03,9.808235604183467515e+00
5.971809870428836931e+00,5.972138243794264945e+00,9.851200962840422903e-04,-2.723822260808361762e-03,9.808261297835475290e+00
5.971818775966156956e+00,5.972138243794264945e+00,9.584034843239663815e-04,-2.671661196007590888e-03,9.808286742288316873e+00
5.971827510177705634e+00,5.972138243794264945e+00,9.322008496779332631e-04,-2.620263464603311832e-03,9.808311937385074231e+00
5.971836075582992898e+00,5.972138243794264945e+00,9.065046338161408812e-04,-2.569621586179238193e-03,9.808336883047637400e+00
5.971844474676585079e+00,5.972138243794264945e+00,8.813073530395953981e-04,-2.519728077654548315e-03,9.808361579275384656e+00
5.971852709928104908e+00,5.972138243794264945e+00,8.566015984801111927e-04,-2.470575455948420540e-03,9.808386026142532188e+00
5.971860783782238613e+00,5.972138243794264945e+00,8.323800360789945785e-04,-2.422156240111661418e-03,9.808410223795966942e+00
5.971868698658751917e+00,5.972138243794264945e+00,8.086354065390821688e-04,-2.374462953991240965e-03,9.808434172452548339e+00
5.971876456952510459e+00,5.972138243794264945e+00,7.853605252634565659e-04,-2.327488127562560294e-03,9.808457872397701394e+00
5.971884061033509106e+00,5.972138243794264945e+00,7.625482822675166972e-04,-2.281224299593986871e-03,9.808481323982674027e+00
5.971891513246905703e+00,5.972138243794264945e+00,7.401916420777254757e-04,-2.235664018979122147e-03,9.808504527623099989e+00
5.971898815913064595e+00,5.972138243794264945e+00,7.182836436010475722e-04,-2.190799847667790345e-03,9.808527483795934643e+00
5.971905971327602813e+00,5.972138243794264945e+00,6.968173999863935819e-04,-2.146624361465399033e-03,9.808550193038520604e+00
5.971912981761445138e+00,5.972138243794264945e+00,6.757860984594188380e-04,-2.103130152697474387e-03,9.808572655945763330e+00
5.971919849460881835e+00,5.972138243794264945e+00,6.551830001493286204e-04,-2.060309831009021764e-03,9.808594873169141692e+00
5.971926576647636153e+00,5.972138243794264945e+00,6.350014398863734755e-04,-2.018156026295514494e-03,9.808616845413592245e+00
5.971933165518931830e+00,5.972138243794264945e+00,6.152348259993445367e-04,-1.976661388702893873e-03,9.808638573437296060e+00
5.971939618247571246e+00,5.972138243794264945e+00,5.958766400810944219e-04,-1.935818591825011481e-03,9.808660058048257468e+00
5.971945936982015368e+00,5.972138243794264945e+00,5.769204367487290597e-04,-1.895620333236536226e-03,9.808681300103511802e+00
5.971952123846469895e+00,5.972138243794264945e+00,5.583598433851477694e-04,-1.856059336358129030e-03,9.808702300507027516e+00
5.971958180940974970e+00,5.972138243794264945e+00,5.401885598699252000e-04,-1.817128351522256935e-03,9.808723060208347277e+00
5.971964110341501097e+00,5.972138243794264945e+00,5.224003582915415222e-04,-1.778820157838367777e-03,9.808743580200452783e+00
5.971969914100046850e+00,5.972138243794264945e+00,5.049890826542835498e-04,-1.741127563725797245e-03,9.808763861518929872e+00
5.971975594244744556e+00,5.972138243794264945e+00,4.879486485611650437e-04,-1.704043409311850610e-03,9.808783905239248924e+00
5.971981152779965996e+00,5.972138243794264945e+00,4.712730428968470164e-04,-1.667560566431802727e-03,9.808803712476464653e+00
5.971986591686435197e+00,5.972138243794264945e+00,4.549563234892417540e-04,-1.631671940760526240e-03,9.808823284382729213e+00
5.971991912921343015e+00,5.972138243794264945e+00,4.389926187657877676e-04,-1.596370472345398639e-03,9.808842622146421775e+00
5.971997118418465256e+00,5.972138243794264945e+00,4.233761273990666041e-04,-1.561649136672116356e-03,9.808861726990727448e+00
5.972002210088286134e+00,5.972138243794264945e+00,4.081011179364324448e-04,-1.527500946263415926e-03,9.808880600171672626e+00
5.972007189818124395e+00,5.972138243794264945e+00,3.931619284216480992e-04,-1.493918951478434565e-03,9.808899242976943711e+00
5.972012059472260326e+00,5.972138243794264945e+00,3.785529660138564623e-04,-1.460896240779163691e-03,9.808917656725235190e+00
5.972016820892068978e+00,5.972138243794264945e+00,3.642687065879002262e-04,-1.428425942595623610e-03,9.808935842763993662e+00
5.972021475896154286e+00,5.972138243794264945e+00,3.503036943319770558e-04,-1.396501225592317041e-03,9.808953802468739269e+00
5.972026026280485844e+00,5.972138243794264945e+00,3.366525413373011588e-04,-1.365115299467589693e-03,9.808971537241870209e+00
5.972030473818541907e+00,5.972138243794264945e+00,3.233099271691131094e-04,-1.334261416818804946e-03,9.808989048510351694e+00
5.972034820261448829e+00,5.972138243794264945e+00,3.102705984483478119e-04,-1.303932872076529748e-03,9.809006337726373204e+00
5.972039067338128504e+00,5.972138243794264945e+00,2.975293684093216484e-04,-1.274123003902616347e-03,9.809023406364506315e+00
5.972043216755444917e+00,5.972138243794264945e+00,2.850811164600841607e-04,-1.244825194923748768e-03,9.809040255921537721e+00
5.972047270198353353e+00,5.972138243794264945e+00,2.729207877347761269e-04,-1.216032872530803388e-03,9.809056887915204470e+00
5.972051229330053168e+00,5.972138243794264945e+00,2.610433926353294964e-04,-1.187739509944663041e-03,9.809073303882691164e+00
5.972055095792141444e+00,5.972138243794264945e+00,2.494440063705027910e-04,-1.159938626482670543e-03,9.809089505379887441e+00
5.972058871204767527e+00,5.972138243794264945e+00,2.381177684922519688e-04,-1.132623787825082218e-03,9.809105493980666779e+00
5.972062557166792018e+00,5.972138243794264945e+00,2.270598824187786136e-04,-1.105788607347335528e-03,9.809121271275071052e+00
5.972066155255943976e+00,5.972138243794264945e+00,2.162656149629071933e-04,-1.079426745587142022e-03,9.809136838869376263e+00
5.972069667028982565e+00,5.972138243794264945e+00,2.057302958471396437e-04,-1.053531911576754965e-03,9.809152198384271770e+00
5.972073094021859596e+00,5.972138243794264945e+00,1.954493172160454151e-04,-1.028097863109422860e-03,9.809167351454107120e+00
5.972076437749882061e+00,5.972138243794264945e+00,1.854181331486515205e-04,-1.003118406739389457e-03,9.809182299726408871e+00
5.972079699707877332e+00,5.972138243794264945e+00,1.756322591628389773e-04,-9.785873985812543197e-04,9.809197044860582082e+00
5.972082881370358365e+00,5.972138243794264945e+00,1.660872717197392490e-04,-9.544987443099728353e-04,9.809211588527411152e+00
5.972085984191692454e+00,5.972138243794264945e+00,1.567788077174725458e-04,-9.308464002266703119e-04,9.809225932407491300e+00
5.972089009606267318e+00,5.972138243794264945e+00,1.477025639928797318e-04,-9.076243724592814033e-04,9.809240078191534096e+00
5.972091959028660746e+00,5.972138243794264945e+00,1.388542968125960897e-04,-8.848267180283642119e-04,9.809254027578784729e+00
5.972094833853812901e+00,5.972138243794264945e+00,1.302298213561314810e-04,-8.624475456464608669e-04,9.809267782275711056e+00
5.972097635457192411e+00,5.972138243794264945e+00,1.218250112176022526e-04,-8.404810138529228425e-04,9.809281343997366065e+00
5.972100365194971339e+00,5.972138243794264945e+00,1.136357978808177904e-04,-8.189213336784462172e-04,9.809294714464202869e+00
5.972103024404196603e+00,5.972138243794264945e+00,1.056581702050252147e-04,-7.977627675792575701e-04,9.809307895402625377e+00
5.972105614402962281e+00,5.972138243794264945e+00,9.788817390798953966e-05,-7.769996297035675070e-04,9.809320888544204919e+00
5.972108136490582808e+00,5.972138243794264945e+00,9.032191104640929780e-05,-7.566262861580241861e-04,9.809333695624889771e+00
5.972110591947765279e+00,5.972138243794264945e+00,8.295553949899669988e-05,-7.366371547412597920e-04,9.809346318384758234e+00
5.972112982036786200e+00,5.972138243794264945e+00,7.578527243623511822e-05,-7.170267062761581656e-04,9.809358758566160574e+00
5.972115308001663792e+00,5.972138243794264945e+00,6.880737780345924648e-05,-6.977894632775871742e-04,9.809371017914525481e+00
5.972117571068332964e+00,5.972138243794264945e+00,6.201817779594165359e-05,-6.789200007517592894e-04,9.809383098177043792e+00
5.972119772444819397e+00,5.972138243794264945e+00,5.541404833664387297e-05,-6.604129459297780613e-04,9.809395001102407363e+00
5.972121913321416287e+00,5.972138243794264945e+00,4.899141854597388601e-05,-6.422629790669986960e-04,9.809406728439480361e+00
5.972123994870857544e+00,5.972138243794264945e+00,4.274677022220174649e-05,-6.244648323772139520e-04,9.809418281937844597e+00
5.972126018248492763e+00,5.972138243794264945e+00,3.667663731654613457e-05,-6.070132905655611921e-04,9.809429663346751482e+00
5.972127984592462191e+00,5.972138243794264945e+00,3.077760540826091074e-05,-5.899031908285223835e-04,9.809440874414580236e+00
5.972129895023873480e+00,5.972138243794264945e+00,2.504631117439259924e-05,-5.731294233868311494e-04,9.809451916887788059e+00
5.972131750646973103e+00,5.972138243794264945e+00,1.947944187552508311e-05,-5.566869298867516136e-04,9.809462792511990159e+00
5.972133552549323987e+00,5.972138243794264945e+00,1.407373482287255229e-05,-5.405707052652530820e-04,9.809473503029558117e+00
5.972135301801977825e+00,5.972138243794264945e+00,8.825976861359663417e-06,-5.247757961512888869e-04,9.809484050180710568e+00
5.972136999459650042e+00,5.972138243794264945e+00,3.733003844708093766e-06,-5.092973016651569651e-04,9.809494435702180937e+00
5.972138646560892106e+00,5.972138243794264945e+00,-1.208299881483299032e-06,-4.941303726191392798e-04,9.809504661327499875e+00
5.972140244128267383e+00,5.972138243794264945e+00,-6.001002007316458275e-06,-4.792702125833159243e-04,9.809514728785408977e+00
5.972141793168520785e+00,5.972138243794264945e+00,-1.064812276752036269e-05,-4.647120760203904410e-04,9.809524639801212587e+00
5.972143294672754621e+00,5.972138243794264945e+00,-1.515263546902900771e-05,-4.504512701508645023e-04,9.809534396094381492e+00
5.972144749616597359e+00,5.972138243794264945e+00,-1.951746699724310474e-05,-4.364831528214097034e-04,9.809543999380181845e+00
5.972146158960378592e+00,5.972138243794264945e+00,-2.374549834094352718e-05,-4.228031343700422440e-04,9.809553451367289512e+00
5.972147523649296019e+00,5.972138243794264945e+00,-2.783956509322393913e-05,-4.094066752280411947e-04,9.809562753759678344e+00
5.972148844613589524e+00,5.972138243794264945e+00,-3.180245797373970618e-05,-3.962892880515767047e-04,9.809571908253975181e+00
5.972150122768709046e+00,5.972138243794264945e+00,-3.563692333230505938e-05,-3.834465358565353199e-04,9.809580916540811657e+00
5.972151359015482441e+00,5.972138243794264945e+00,-3.934566365249025921e-05,-3.708740320185199835e-04,9.809589780304328599e+00
5.972152554240286015e+00,5.972138243794264945e+00,-4.293133806321236534e-05,-3.585674410722106131e-04,9.809598501220865074e+00
5.972153709315211501e+00,5.972138243794264945e+00,-4.639656283966786532e-05,-3.465224776455499978e-04,9.809607080959516168e+00
5.972154825098233033e+00,5.972138243794264945e+00,-4.974391190426530329e-05,-3.347349064597437973e-04,9.809615521181637376e+00
5.972155902433373242e+00,5.972138243794264945e+00,-5.297591732489337346e-05,-3.232005420628070169e-04,9.809623823540611909e+00
5.972156942150867565e+00,5.972138243794264945e+00,-5.609506980785994301e-05,-3.119152482966569551e-04,9.809631989681896869e+00
5.972157945067329443e+00,5.972138243794264945e+00,-5.910381919349561031e-05,-3.008749385635667295e-04,9.809640021242243435e+00
5.972158911985915530e+00,5.972138243794264945e+00,-6.200457495175726308e-05,-2.900755758261652772e-04,9.809647919849222575e+00
5.972159843696486448e+00,5.972138243794264945e+00,-6.479970666450896033e-05,-2.795131712751697250e-04,9.809655687122059931e+00
5.972160740975770210e+00,5.972138243794264945e+00,-6.749154451579642000e-05,-2.691837851287459671e-04,9.809663324670356843e+00
5.972161604587520323e+00,5.972138243794264945e+00,-7.008237976613429510e-05,-2.590835250337875095e-04,9.809670834095200576e+00
5.972162435282680093e+00,5.972138243794264945e+00,-7.257446524544519662e-05,-2.492085479310901519e-04,9.809678216986824850e+00
5.972163233799538951e+00,5.972138243794264945e+00,-7.497001582201789915e-05,-2.395550576572702539e-04,9.809685474926521209e+00
5.972164000863890543e+00,5.972138243794264945e+00,-7.727120887679461703e-05,-2.301193054776717872e-04,9.809692609485646031e+00
5.972164737189190831e+00,5.972138243794264945e+00,-7.948018477765828038e-05,-2.208975900863663355e-04,9.809699622225135585e+00
5.972165443476713520e+00,5.972138243794264945e+00,-8.159904734572620555e-05,-2.118862568067925167e-04,9.809706514695847090e+00
5.972166120415705493e+00,5.972138243794264945e+00,-8.362986432164376538e-05,-2.030816975917559830e-04,9.809713288438086209e+00
5.972166768683541349e+00,5.972138243794264945e+00,-8.557466782921352433e-05,-1.944803507569758949e-04,9.809719944981413420e+00
5.972167388945875288e+00,5.972138243794264945e+00,-8.743545483103076776e-05,-1.860787001817243436e-04,9.809726485844986854e+00
5.972167981856793872e+00,5.972138243794264945e+00,-8.921418758678356653e-05,-1.778732755752798766e-04,9.809732912536837546e+00
5.972168548058966131e+00,5.972138243794264945e+00,-9.091279410355923574e-05,-1.698606516775669206e-04,9.809739226554219371e+00
5.972169088183793662e+00,5.972138243794264945e+00,-9.253316858615079354e-05,-1.620374482591557808e-04,9.809745429383156079e+00
5.972169602851559844e+00,5.972138243794264945e+00,-9.407717188469888470e-05,-1.544003298548091152e-04,9.809751522498260101e+00
5.972170092671575503e+00,5.972138243794264945e+00,-9.554663193167556301e-05,-1.469460046976678314e-04,9.809757507363372042e+00
5.972170558242327232e+00,5.972138243794264945e+00,-9.694334418686167965e-05,-1.396712255186116636e-04,9.809763385430294136e+00
5.972171000151622167e+00,5.972138243794264945e+00,-9.826907207166613034e-05,-1.325727884804450696e-04,9.809769158139449274e+00
5.972171418976730983e+00,5.972138243794264945e+00,-9.952554739811603213e-05,-1.256475326449901786e-04,9.809774826919957391e+00
5.972171815284531782e+00,5.972138243794264945e+00,-1.007144708005114353e-04,-1.188923402395403173e-04,9.809780393188960446e+00
5.972172189631651307e+00,5.972138243794264945e+00,-1.018375121590864296e-04,-1.123041358574994319e-04,9.809785858351983023e+00
5.972172542564606168e+00,5.972138243794264945e+00,-1.028963110236702505e-04,-1.058798864583820887e-04,9.809791223802518445e+00
5.972172874619941396e+00,5.972138243794264945e+00,-1.038924770293547795e-04,-9.961660056845289546e-05,9.809796490922401802e+00
5.972173186324368999e+00,5.972138243794264945e+00,-1.048275903121620445e-04,-9.351132828072650227e-05,9.809801661081408497e+00
5.972173478194904739e+00,5.972138243794264945e+00,-1.057032019193826500e-04,-8.756116072206054923e-05,9.809806735637359054e+00
5.972173750739004028e+00,5.972138243794264945e+00,-1.065208342172496714e-04,-8.176322978670214070e-05,9.809811715935996546e+00
5.972174004454696927e+00,5.972138243794264945e+00,-1.072819812959480146e-04,-7.611470786983431935e-05,9.809816603310835603e+00
5.972174239830721376e+00,5.972138243794264945e+00,-1.079881093692947047e-04,-7.061280733466901438e-05,9.809821399083297422e+00
5.972174457346653753e+00,5.972138243794264945e+00,-1.086406571664255694e-04,-6.525477971308646374e-05,9.809826104563121874e+00
5.972174657473042991e+00,5.972138243794264945e+00,-1.092410363341400625e-04,-6.003791677144931782e-05,9.809830721046894908e+00
5.972174840671536700e+00,5.972138243794264945e+00,-1.097906318152652716e-04,-5.495954811252090622e-05,9.809835249820071823e+00
5.972175007395012614e+00,5.972138243794264945e+00,-1.102908022430071355e-04,-5.001704277418639322e-05,9.809839692154984192e+00
5.972175158087703828e+00,5.972138243794264945e+00,-1.107428803166499165e-04,-4.520780736427809643e-05,9.809844049312319569e+00
5.972175293185325806e+00,5.972138243794264945e+00,-1.111481731825847419e-04,-4.052928659348253859e-05,9.809848322540224430e+00
5.972175413115202502e+00,5.972138243794264945e+00,-1.115079628126736111e-04,-3.597896300888692167e-05,9.809852513074179825e+00
5.972175518296386265e+00,5.972138243794264945e+00,-1.118235063639616556e-04,-3.155435512880444549e-05,9.809856622138507731e+00
5.972175609139783958e+00,5.972138243794264945e+00,-1.120960365570411454e-04,-2.725301930794898908e-05,9.809860650944134619e+00
5.972175686048275978e+00,5.972138243794264945e+00,-1.123267620330992145e-04,-2.307254760580690345e-05,9.809864600690360703e+00
5.972175749416837043e+00,5.972138243794264945e+00,-1.125168677162946551e-04,-1.901056831954406334e-05,9.809868472563964659e+00
5.972175799632654325e+00,5.972138243794264945e+00,-1.126675151681411080e-04,-1.506474518464528956e-05,9.809872267739647711e+00
5.972175837075245575e+00,5.972138243794264945e+00,-1.127798429418902515e-04,-1.123277737491434891e-05,9.809875987379683693e+00
5.972175862116574585e+00,5.972138243794264945e+00,-1.128549669289213853e-04,-7.512398703113376541e-06,9.809879632634368463e+00
5.972175875121167543e+00,5.972138243794264945e+00,-1.128939807077955493e-04,-3.901377887416401791e-06,9.809883204641405285e+00
5.972175876446224052e+00,5.972138243794264945e+00,-1.128979558773224312e-04,-3.975169526881927595e-07,9.809886704527169599e+00
5.972175866441733483e+00,5.972138243794264945e+00,-1.128679424056144853e-04,3.001347170794588237e-06,9.809890133404765677e+00
5.972175845450583331e+00,5.972138243794264945e+00,-1.128049689551602341e-04,6.297345045425117860e-06,9.809893492376090762e+00
5.972175813808671130e+00,5.972138243794264945e+00,-1.127100432185557111e-04,9.492573660452308104e-06,9.809896782530442394e+00
5.972175771845011916e+00,5.972138243794264945e+00,-1.125841522409132267e-04,1.258909776424843585e-05,9.809900004945523833e+00
5.972175719881847478e+00,5.972138243794264945e+00,-1.124282627475992058e-04,1.558894933140209105e-05,9.809903160686584300e+00
5.972175658234751161e+00,5.972138243794264945e+00,-1.122433214586493477e-04,1.849412889498580626e-05,9.809906250807436834e+00
5.972175587212736225e+00,5.972138243794264945e+00,-1.120302554138419282e-04,2.130660448074195301e-05,9.809909276349067397e+00
5.972175507118356208e+00,5.972138243794264945e+00,-1.117899722737902835e-04,2.402831400516447502e-05,9.809912238341730983e+00
5.972175418247809731e+00,5.972138243794264945e+00,-1.115233606343579709e-04,2.666116394323125860e-05,9.809915137803308482e+00
5.972175320891043526e+00,5.972138243794264945e+00,-1.112312903357448590e-04,2.920702986131118450e-05,9.809917975739526952e+00
5.972175215331851916e+00,5.972138243794264945e+00,-1.109146127609150767e-04,3.166775748297823156e-05,9.809920753144723449e+00
5.972175101847974510e+00,5.972138243794264945e+00,-1.105741611286958914e-04,3.404516322191852851e-05,9.809923471002093720e+00
5.972174980711197456e+00,5.972138243794264945e+00,-1.102107507975347289e-04,3.634103311611625031e-05,9.809926130282319079e+00
5.972174852187448479e+00,5.972138243794264945e+00,-1.098251795506044459e-04,3.855712469302829959e-05,9.809928731945142033e+00
5.972174716536893690e+00,5.972138243794264945e+00,-1.094182278862376734e-04,4.069516643667725475e-05,9.809931276938550937e+00
5.972174574014032622e+00,5.972138243794264945e+00,-1.089906593030320892e-04,4.275685832055842184e-05,9.809933766199018024e+00
5.972174424867791487e+00,5.972138243794264945e+00,-1.085432205796266203e-04,4.474387234054688633e-05,9.809936200651762306e+00
5.972174269341615549e+00,5.972138243794264945e+00,-1.080766420518131099e-04,4.665785278135103908e-05,9.809938581210730035e+00
5.972174107673560606e+00,5.972138243794264945e+00,-1.075916378869834489e-04,4.850041648296610219e-05,9.809940908778596480e+00
5.972173940096383582e+00,5.972138243794264945e+00,-1.070889063559121723e-04,5.027315310712765495e-05,9.809943184246751713e+00
5.972173766837631348e+00,5.972138243794264945e+00,-1.065691300992099855e-04,5.197762567021868563e-05,9.809945408495572394e+00
5.972173588119728649e+00,5.972138243794264945e+00,-1.060329763911127543e-04,5.361537080972311742e-05,9.809947582394418220e+00
5.972173404160066035e+00,5.972138243794264945e+00,-1.054810974032704962e-04,5.518789878422580841e-05,9.809949706801381453e+00
5.972173215171083349e+00,5.972138243794264945e+00,-1.049141304552136944e-04,5.669669480568018116e-05,9.809951782564350964e+00
5.972173021360356771e+00,5.972138243794264945e+00,-1.043326982754777532e-04,5.814321797359411903e-05,9.809953810519697726e+00
5.972172822930682301e+00,5.972138243794264945e+00,-1.037374092520693125e-04,5.952890234084406984e-05,9.809955791493088384e+00
5.972172620080157479e+00,5.972138243794264945e+00,-1.031288576776034915e-04,6.085515744658209769e-05,9.809957726299769476e+00
5.972172413002262203e+00,5.972138243794264945e+00,-1.025076239917765974e-04,6.212336858268940887e-05,9.809959615744592298e+00
5.972172201885941334e+00,5.972138243794264945e+00,-1.018742750291679044e-04,6.333489626086930002e-05,9.809961460621231311e+00
5.972171986915682851e+00,5.972138243794264945e+00,-1.012293642537187566e-04,6.449107754491478772e-05,9.809963261713292582e+00
5.972171768271596015e+00,5.972138243794264945e+00,-1.005734319932116705e-04,6.559322605070860845e-05,9.809965019794057994e+00
5.972171546129487751e+00,5.972138243794264945e+00,-9.990700566842036778e-05,6.664263247913027044e-05,9.809966735626812095e+00
5.972171320660942584e+00,5.972138243794264945e+00,-9.923060003291794828e-05,6.764056355024195000e-05,9.809968409963516933e+00
5.972171092033393691e+00,5.972138243794264945e+00,-9.854471738623971078e-05,6.858826466782375064e-05,9.809970043547281193e+00
5.972170860410199289e+00,5.972138243794264945e+00,-9.784984780303318530e-05,6.948695832065254763e-05,9.809971637110518117e+00
5.972170625950716349e+00,5.972138243794264945e+00,-9.714646935421455964e-05,7.033784488186256567e-05,9.809973191375528145e+00
5.972170388810370767e+00,5.972138243794264945e+00,-9.643504831746696482e-05,7.114210367475948260e-05,9.809974707055356902e+00
5.972170149140731077e+00,5.972138243794264945e+00,-9.571603939839690156e-05,7.190089190700632571e-05,9.809976184852509107e+00
5.972169907089576846e+00,5.972138243794264945e+00,-9.498988593570345529e-05,7.261534626934462722e-05,9.809977625460334139e+00
5.972169662800967949e+00,5.972138243794264945e+00,-9.425702010901204630e-05,7.328658266914089836e-05,9.809979029562560626e+00
5.972169416415315624e+00,5.972138243794264945e+00,-9.351786315203725053e-05,7.391569569747957757e-05,9.809980397832546828e+00
5.972169168069446421e+00,5.972138243794264945e+00,-9.277282554442933815e-05,7.450376076079123777e-05,9.809981730935216859e+00
5.972168917896670592e+00,5.972138243794264945e+00,-9.202230721694348858e-05,7.505183274858495679e-05,9.809983029525533027e+00
5.972168666026847816e+00,5.972138243794264945e+00,-9.126669774861539963e-05,7.556094683280889512e-05,9.809984294249083803e+00
5.972168412586449371e+00,5.972138243794264945e+00,-9.050637655327875564e-05,7.603211953366439957e-05,9.809985525742980883e+00
5.972168157698625635e+00,5.972138243794264945e+00,-8.974171308206990716e-05,7.646634712088484775e-05,9.809986724634040200e+00
5.972167901483265595e+00,5.972138243794264945e+00,-8.897306700195173335e-05,7.686460801181738134e-05,9.809987891541009475e+00
5.972167644057059022e+00,5.972138243794264945e+00,-8.820078838223111006e-05,7.722786197206232828e-05,9.809989027073591217e+00
5.972167385533560413e+00,5.972138243794264945e+00,-8.742521788640544855e-05,7.755704958256615100e-05,9.809990131831696658e+00
5.972167126023244954e+00,5.972138243794264945e+00,-8.664668694002841676e-05,7.785309463770317961e-05,9.809991206407698172e+00
5.972166865633569799e+00,5.972138243794264945e+00,-8.586551791456287219e-05,7.811690254655445642e-05,9.809992251384631601e+00
5.972166604469033580e+00,5.972138243794264945e+00,-8.508202430590472432e-05,7.834936086581478776e-05,9.809993267336560407e+00
5.972166342631230584e+00,5.972138243794264945e+00,-8.429651089691958532e-05,7.855134089851389945e-05,9.809994254830002092e+00
5.972166080218910267e+00,5.972138243794264945e+00,-8.350927393596663251e-05,7.872369609529528134e-05,9.809995214422158938e+00
5.972165817328032311e+00,5.972138243794264945e+00,-8.272060130209979434e-05,7.886726338668381686e-05,9.809996146662085081e+00
5.972165554051820813e+00,5.972138243794264945e+00,-8.193077266760440125e-05,7.898286344953930893e-05,9.809997052090782432e+00
5.972165290480818456e+00,5.972138243794264945e+00,-8.114005966053383645e-05,7.907130070705647995e-05,9.809997931241046132e+00
5.972165026702939805e+00,5.972138243794264945e+00,-8.034872602458165147e-05,7.913336359521849772e-05,9.809998784637571134e+00
5.972164762803525484e+00,5.972138243794264945e+00,-7.955702778161821698e-05,7.916982429634344953e-05,9.809999612796515223e+00
5.972164498865390136e+00,5.972138243794264945e+00,-7.876521337557562674e-05,7.918144060425902353e-05,9.810000416227229181e+00
5.972164234968878382e+00,5.972138243794264945e+00,-7.797352384031341899e-05,7.916895352622077553e-05,9.810001195429686405e+00
5.972163971191909226e+00,5.972138243794264945e+00,-7.718219293284533933e-05,7.913309074680796584e-05,9.810001950897813572e+00
5.972163707610029348e+00,2.438398247975030131e+00,-1.060129637890499765e+01,0.000000000000000000e+00,0.000000000000000000e+00
5.971182444028150016e+00,2.438398247975030131e+00,-1.059835258815935966e+01,2.943790745637997475e-01,0.000000000000000000e+00
5.969220180446270341e+00,2.438398247975030131e+00,-1.059246579741371974e+01,5.886790745639025602e-01,0.000000000000000000e+00
5.966276916864391211e+00,2.438398247975030131e+00,-1.058363600666808324e+01,8.829790745637389193e-01,1.093430678956561763e-01
5.962363587589301517e+00,2.438398247975030131e+00,-1.057189601884281416e+01,1.173998782526908258e+00,4.121027636840945974e-01
5.957510468590579755e+00,2.438398247975030131e+00,-1.055733666184664798e+01,1.455935699616528467e+00,7.085990377698809795e-01
5.951747209495635182e+00,2.438398247975030131e+00,-1.054004688456181427e+01,1.728977728483371834e+00,9.989308439215580648e-01
5.945102843485083000e+00,2.438398247975030131e+00,-1.052011378653015861e+01,1.993309803165654870e+00,1.283196016635496761e+00
5.937605797076193959e+00,2.438398247975030131e+00,-1.049762264730349060e+01,2.249113922666712284e+00,1.561491275363222186e+00
5.929283899794841162e+00,2.438398247975030131e+00,-1.047265695545943309e+01,2.496569184405839081e+00,1.833912228946406486e+00
5.920164393736383701e+00,2.438398247975030131e+00,-1.044529843728406071e+01,2.735851817537238162e+00,2.100553380253177949e+00
5.910273943015951659e+00,2.438398247975030131e+00,-1.041562708512276458e+01,2.967135216129612729e+00,2.361508131006848643e+00
5.899638643108620073e+00,2.438398247975030131e+00,-1.038372118540076983e+01,3.190589972199475710e+00,2.616868786798706381e+00
5.888284030079968367e+00,2.438398247975030131e+00,-1.034965734631481382e+01,3.406383908595511656e+00,2.866726562280698332e+00
5.876235089707544823e+00,2.438398247975030131e+00,-1.031351052519754319e+01,3.614682111727063329e+00,3.111171586529520638e+00
5.863516266493774332e+00,2.438398247975030131e+00,-1.027535405555623171e+01,3.815646964131147456e+00,3.350292908574916240e+00
5.850151472570860989e+00,2.438398247975030131e+00,-1.023525967378749257e+01,4.009438176874002835e+00,3.584178503086510759e+00
5.836164096498256626e+00,2.438398247975030131e+00,-1.019329754556967949e+01,4.196212821781308833e+00,3.812915276211629845e+00
5.821577011953272596e+00,2.438398247975030131e+00,-1.014953629193472651e+01,4.376125363495209086e+00,4.036589071560483077e+00
5.806412586315444990e+00,2.438398247975030131e+00,-1.010404301502124369e+01,4.549327691348281633e+00,4.255284676327038440e+00
5.790692689145250149e+00,2.438398247975030131e+00,-1.005688332351066094e+01,4.715969151058452269e+00,4.469085827547791823e+00
5.774438700557809945e+00,2.438398247975030131e+00,-1.000812135774834033e+01,4.876196576232061375e+00,4.678075218483721542e+00
5.757671519492218337e+00,2.438398247975030131e+00,-9.957819814551564619e+00,5.030154319677482277e+00,4.882334505125918156e+00
5.740411571877139352e+00,2.438398247975030131e+00,-9.906039971706327663e+00,5.177984284523695635e+00,5.081944312817368470e+00
5.722678818693341718e+00,2.438398247975030131e+00,-9.852841712154933873e+00,5.319825955139290130e+00,5.276984242984356754e+00
5.704492763933842525e+00,2.438398247975030131e+00,-9.798283547876437183e+00,5.455816427849757844e+00,5.467532879973321158e+00
5.685872462462341126e+00,2.438398247975030131e+00,-9.742422643461932097e+00,5.586090441450419775e+00,5.653667797988488175e+00
5.666836527770638732e+00,2.438398247975030131e+00,-9.685314839386826691e+00,5.710780407510718248e+00,5.835465568123892055e+00
5.647403139635748026e+00,2.438398247975030131e+00,-9.627014674982152798e+00,5.830016440467211680e+00,6.013001765485059380e+00
5.627590051677406002e+00,2.438398247975030131e+00,-9.567575411107128502e+00,5.943926387502607156e+00,6.186350976395479151e+00
5.607414598816704121e+00,2.438398247975030131e+00,-9.507049052525022859e+00,6.052635858210564379e+00,6.355586805685542018e+00
5.586893704636570313e+00,2.438398247975030131e+00,-9.445486369984621433e+00,6.156268254040142551e+00,6.520781884055521616e+00
5.566043888644841786e+00,2.438398247975030131e+00,-9.382936922009434966e+00,6.254944797518557920e+00,6.682007875509123451e+00
5.544881273440664060e+00,2.438398247975030131e+00,-9.319449076396901788e+00,6.348784561253317804e+00,6.839335484856416514e+00
5.523421591784972051e+00,2.438398247975030131e+00,-9.255070031429825761e+00,6.437904496707602675e+00,6.992834465277777412e+00
5.501680193575808175e+00,2.438398247975030131e+00,-9.189845836802334134e+00,6.522419462749162733e+00,7.142573625946829097e+00
5.479672052729238629e+00,2.438398247975030131e+00,-9.123821414262625495e+00,6.602442253970863817e+00,7.288620839708238819e+00
5.457411773966640567e+00,2.438398247975030131e+00,-9.057040577974831308e+00,6.678083628779418746e+00,7.431043050804587935e+00
5.434913599509122228e+00,2.438398247975030131e+00,-8.989546054602275404e+00,6.749452337255501533e+00,7.569906282653226626e+00
5.412191415679870055e+00,2.438398247975030131e+00,-8.921379503114518883e+00,6.816655148775652151e+00,7.705275645661133765e+00
5.389258759415183953e+00,2.438398247975030131e+00,-8.852581534320460577e+00,6.879796879405830623e+00,7.837215345085370544e+00
5.366128824685006293e+00,2.438398247975030131e+00,-8.783191730129928487e+00,6.938980419053297766e+00,7.965788688923369776e+00
5.342814468823720908e+00,2.438398247975030131e+00,-8.713248662546071444e+00,6.994306758385615552e+00,8.091058095839544606e+00
5.319328218772019667e+00,2.438398247975030131e+00,-8.642789912390968610e+00,7.045875015510372208e+00,8.213085103119404096e+00
5.295682277230629786e+00,2.438398247975030131e+00,-8.571852087766799855e+00,7.093782462416964307e+00,8.331930374650164950e+00
5.271888528726704770e+00,2.438398247975030131e+00,-8.500470842255023030e+00,7.138124551177504884e+00,8.447653708922482352e+00
5.247958545593672142e+00,2.438398247975030131e+00,-8.428680892855926032e+00,7.178994939909788542e+00,8.560314047053863007e+00
5.223903593865345307e+00,2.438398247975030131e+00,-8.356516037670946417e+00,7.216485518498050311e+00,8.669969480827104391e+00
5.199734639085100696e+00,2.438398247975030131e+00,-8.284009173330211695e+00,7.250686434073383424e+00,8.776677260743172226e+00
5.175462352030931079e+00,2.438398247975030131e+00,-8.211192312167703733e+00,7.281686116250885021e+00,8.880493804083181786e+00
5.151097114357169104e+00,2.438398247975030131e+00,-8.138096599146416921e+00,7.309571302128592407e+00,8.981474702982175984e+00
5.126649024153705270e+00,2.438398247975030131e+00,-8.064752328536025416e+00,7.334427061039150431e+00,9.079674732503125512e+00
5.102127901423491707e+00,2.438398247975030131e+00,-7.991188960345384729e+00,7.356336819064068777e+00,9.175147858718684546e+00
5.077543293479150677e+00,2.438398247975030131e+00,-7.917435136512361638e+00,7.375382383302309108e+00,9.267947246789947968e+00
5.052904480259488018e+00,2.438398247975030131e+00,-7.843518696853373662e+00,7.391643965898797575e+00,9.358125269045423522e+00
5.028220479566730461e+00,2.438398247975030131e+00,-7.769466694775100990e+00,7.405200207827267178e+00,9.445733513052166685e+00
5.003500052225278161e+00,2.438398247975030131e+00,-7.695305412750744090e+00,7.416128202435690042e+00,9.530822789684947338e+00
4.978751707162794027e+00,2.438398247975030131e+00,-7.621060377563291688e+00,7.424503518745240171e+00,9.613443141181949869e+00
4.953983706414428312e+00,2.438398247975030131e+00,-7.546756375318194543e+00,7.430400224509714491e+00,9.693643849191520445e+00
4.929204070050981379e+00,2.438398247975030131e+00,-7.472417466227853744e+00,7.433890909034079897e+00,9.771473442806225762e+00
4.904420581031815551e+00,2.438398247975030131e+00,-7.398066999170356262e+00,7.435046705749748241e+00,9.846979706579393365e+00
4.879640789983307414e+00,2.438398247975030131e+00,-7.323727626024831849e+00,7.433937314552441222e+00,9.920209688527609870e+00
4.854872019903652358e+00,2.438398247975030131e+00,-7.249421315785866682e+00,7.430631023896516751e+00,9.991209708110650567e+00
4.830121370794808300e+00,2.438398247975030131e+00,-7.175169368459334507e+00,7.425194732653217500e+00,1.006002536419388349e+01
4.805395724222383258e+00,2.438398247975030131e+00,-7.100992428742059381e+00,7.417693971727512547e+00,1.012670154298545455e+01
4.780701747804257273e+00,2.438398247975030131e+00,-7.026910499487681427e+00,7.408192925437795395e+00,1.019128242595011358e+01
4.756045899628725593e+00,2.438398247975030131e+00,-6.952942954961086386e+00,7.396754452659504153e+00,1.025381149769841826e+01
4.731434432602964257e+00,2.438398247975030131e+00,-6.879108553883802379e+00,7.383440107728400648e+00,1.031433155384459965e+01
4.706873398732587255e+00,2.438398247975030131e+00,-6.805425452272671372e+00,7.368310161113100776e+00,1.037288470884043079e+01
4.682368653333094599e+00,2.438398247975030131e+00,-6.731911216074193405e+00,7.351423619847796687e+00,1.042951240377360378e+01
4.657925859173978722e+00,2.438398247975030131e+00,-6.658582833596845774e+00,7.332838247734763115e+00,1.048425541413791784e+01
4.633550490556276991e+00,2.438398247975030131e+00,-6.585456727743740579e+00,7.312610585310519440e+00,1.053715385756677847e+01
4.609247837324331520e+00,2.438398247975030131e+00,-6.512548768047904169e+00,7.290795969583641067e+00,1.058824720153573651e+01
4.585023008812539658e+00,2.438398247975030131e+00,-6.439874282512528580e+00,7.267448553537558809e+00,1.063757427102503073e+01
4.560880937727850082e+00,2.438398247975030131e+00,-6.367448069258459853e+00,7.242621325406872757e+00,1.068517325614841340e+01
4.536826383968775467e+00,2.438398247975030131e+00,-6.295284407981236008e+00,7.216366127722384505e+00,1.073108171974114811e+01
4.512863938381674878e+00,2.438398247975030131e+00,-6.223397071219934240e+00,7.188733676130176775e+00,1.077533660491024392e+01
4.488998026455065293e+00,2.438398247975030131e+00,-6.151799335440105487e+00,7.159773577982875281e+00,1.081797424254277118e+01
4.465232911952710104e+00,2.438398247975030131e+00,-6.080503991933039920e+00,7.129534350706556722e+00,1.085903035877351641e+01
4.441572700486232428e+00,2.438398247975030131e+00,-6.009523357533606891e+00,7.098063439943302910e+00,1.089854008240969563e+01
4.418021343027995762e+00,2.438398247975030131e+00,-5.938869285158896894e+00,7.065407237470999746e+00,1.093653795231210424e+01
4.394582639364990051e+00,2.438398247975030131e+00,-5.868553174169879760e+00,7.031611098901713319e+00,1.097305792473183317e+01
4.371260241494457688e+00,2.438398247975030131e+00,-5.798585980558282671e+00,6.996719361159708939e+00,1.100813338060142677e+01
4.348057656961985984e+00,2.438398247975030131e+00,-5.728978226960867559e+00,6.960775359741511181e+00,1.104179713278064412e+01
4.324978252142791746e+00,2.438398247975030131e+00,-5.659740012503284845e+00,6.923821445758271409e+00,1.107408143325498706e+01
4.302025255466923603e+00,2.438398247975030131e+00,-5.590881022475680417e+00,6.885899002760442755e+00,1.110501798028476372e+01
4.279201760589083747e+00,2.438398247975030131e+00,-5.522410537842160849e+00,6.847048463351956826e+00,1.113463792550979647e+01
4.256510729503794721e+00,2.438398247975030131e+00,-5.454337444586293770e+00,6.807309325586707871e+00,1.116297188100041460e+01
4.233954995606605820e+00,2.438398247975030131e+00,-5.386670242894727068e+00,6.766720169156670295e+00,1.119004992626194372e+01
4.211537266702043425e+00,2.438398247975030131e+00,-5.319417056181039882e+00,6.725318671368718526e+00,1.121590161518767914e+01
4.189260127958999824e+00,2.438398247975030131e+00,-5.252585639951909080e+00,6.683141622913080226e+00,1.124055598296117253e+01
4.167126044814251529e+00,2.438398247975030131e+00,-5.186183390517664193e+00,6.640224943424488657e+00,1.126404155290682496e+01
4.145137365824794529e+00,2.438398247975030131e+00,-5.120217353549293193e+00,6.596603696837100017e+00,1.128638634328780732e+01
4.123296325469666179e+00,2.438398247975030131e+00,-5.054694232483908145e+00,6.552312106538504821e+00,1.130761787405459629e+01
4.101605046901942941e+00,2.438398247975030131e+00,-4.989620396780738432e+00,6.507383570316971344e+00,1.132776317353623341e+01
4.080065544651573894e+00,2.438398247975030131e+00,-4.925001890029631291e+00,6.461850675110714093e+00,1.134684878508108241e+01
4.058679727279712601e+00,2.438398247975030131e+00,-4.860844437914047411e+00,6.415745211558387950e+00,1.136490077364434015e+01
4.037449399985216125e+00,2.438398247975030131e+00,-4.797153456030557983e+00,6.369098188348942813e+00,1.138194473231838444e+01
4.016376267163951574e+00,2.438398247975030131e+00,-4.733934057566764331e+00,6.321939846379365235e+00,1.139800578881260051e+01
3.995461934921567870e+00,2.438398247975030131e+00,-4.671191060839612774e+00,6.274299672715111242e+00,1.141310861187549897e+01
3.974707913540371784e+00,2.438398247975030131e+00,-4.608928996696024960e+00,6.226206414358825825e+00,1.142727741766280047e+01
3.954115619900941958e+00,2.438398247975030131e+00,-4.547152115777735482e+00,6.177688091828947847e+00,1.144053597605121197e+01
3.933686379859117288e+00,2.438398247975030131e+00,-4.485864395652261472e+00,6.128772012547401005e+00,1.145290761689513914e+01
3.913421430578982285e+00,2.438398247975030131e+00,-4.425069547811856907e+00,6.079484784040500855e+00,1.146441523622864445e+01
3.893321922822469805e+00,2.438398247975030131e+00,-4.364771024542319466e+00,6.029852326953744068e+00,1.147508130241142510e+01
3.873388923196198430e+00,2.438398247975030131e+00,-4.304972025663504454e+00,5.979899887881412468e+00,1.148492786221790851e+01
3.853623416356148912e+00,2.438398247975030131e+00,-4.245675505143356787e+00,5.929652052014855457e+00,1.149397654687149917e+01
3.834026307170786740e+00,2.438398247975030131e+00,-4.186884177587270273e+00,5.879132755608651451e+00,1.150224857802138168e+01
3.814598422843226810e+00,2.438398247975030131e+00,-4.128600524604589594e+00,5.828365298267979000e+00,1.150976477366338990e+01
3.795340514993033043e+00,2.438398247975030131e+00,-4.070826801054009181e+00,5.777372355058130182e+00,1.151654555400412150e+01
3.776253261698239605e+00,2.438398247975030131e+00,-4.013565041169628422e+00,5.726175988438031439e+00,1.152261094726840440e+01
3.757337269498173260e+00,2.438398247975030131e+00,-3.956817064569429387e+00,5.674797660019903489e+00,1.152798059545047415e+01
3.738593075357651951e+00,2.438398247975030131e+00,-3.900584482147865462e+00,5.623258242156392583e+00,1.153267376000852806e+01
3.720021148593131155e+00,2.438398247975030131e+00,-3.844868701854303072e+00,5.571578029356238915e+00,1.153670932750193678e+01
3.701621892761360666e+00,2.438398247975030131e+00,-3.789670934358991605e+00,5.519776749531146720e+00,1.154010581517215606e+01
3.683395647511107374e+00,2.438398247975030131e+00,-3.734992198608231728e+00,5.467873575075987702e+00,1.154288137646775603e+01
3.665342690398500913e+00,2.438398247975030131e+00,-3.680833327270412347e+00,5.415887133781938090e+00,1.154505380651152535e+01
3.647463238666545760e+00,2.438398247975030131e+00,-3.627194972074546886e+00,5.363835519586546141e+00,1.154664054751200020e+01
3.629757450989341550e+00,2.438398247975030131e+00,-3.574077609042934256e+00,5.311736303161262995e+00,1.154765869411832924e+01
3.612225429181549430e+00,2.438398247975030131e+00,-3.521481543619557897e+00,5.259606542337635915e+00,1.154812499871807852e+01
3.594867219873628894e+00,2.438398247975030131e+00,-3.469406915695796290e+00,5.207462792376160721e+00,1.154805587668036537e+01
3.577682816153376244e+00,2.438398247975030131e+00,-3.417853704535038339e+00,5.155321116075795018e+00,1.154746741154075806e+01
3.560672159174278040e+00,2.438398247975030131e+00,-3.366821733597743727e+00,5.103197093729461287e+00,1.154637536013171761e+01
3.543835139731192907e+00,2.438398247975030131e+00,-3.316310675268488328e+00,5.051105832925539829e+00,1.154479515765705244e+01
3.527171599803873292e+00,2.438398247975030131e+00,-3.266320055486529483e+00,4.999061978195884492e+00,1.154274192270935551e+01
3.510681334068824544e+00,2.438398247975030131e+00,-3.216849258281383239e+00,4.947079720514624412e+00,1.154023046223324123e+01
3.494364091379999149e+00,2.438398247975030131e+00,-3.167897530214907054e+00,4.895172806647618557e+00,1.153727527643271245e+01
3.478219576218817277e+00,2.438398247975030131e+00,-3.119463984731361439e+00,4.843354548354561473e+00,1.153389056362320098e+01
3.462247450113997704e+00,2.438398247975030131e+00,-3.071547606416902720e+00,4.791637831445871853e+00,1.153009022502896919e+01
3.446447333031680937e+00,2.438398247975030131e+00,-3.024147255169952420e+00,4.740035124695030078e+00,1.152588786952507860e+01
3.430818804736316618e+00,2.438398247975030131e+00,-2.977261670283859463e+00,4.688558488609295694e+00,1.152129681832543717e+01
3.415361406122785048e+00,2.438398247975030131e+00,-2.930889474443264753e+00,4.637219584059470989e+00,1.151633010961620585e+01
3.400074640520215130e+00,2.438398247975030131e+00,-2.885029177635554998e+00,4.586029680770975503e+00,1.151100050313542056e+01
3.384957974967958805e+00,2.438398247975030131e+00,-2.839679180978786022e+00,4.534999665676897607e+00,1.150532048469811208e+01
3.370010841464172291e+00,2.438398247975030131e+00,-2.794837780467426480e+00,4.484140051135954153e+00,1.149930227066852773e+01
3.355232638187452654e+00,2.438398247975030131e+00,-2.750503170637267569e+00,4.433460983015891088e+00,1.149295781237862357e+01
3.340622730691970688e+00,2.438398247975030131e+00,-2.706673448150821670e+00,4.382972248644589897e+00,1.148629880049376872e+01
3.326180453076537979e+00,2.438398247975030131e+00,-2.663346615304523546e+00,4.332683284629812448e+00,1.147933666932528851e+01
3.311905109128038038e+00,2.438398247975030131e+00,-2.620520583459023722e+00,4.282603184549982345e+00,1.147208260109095868e+01
3.297795973439646922e+00,2.438398247975030131e+00,-2.578193176393850372e+00,4.232740706517335028e+00,1.146454753012348604e+01
3.283852292504268355e+00,2.438398247975030131e+00,-2.536362133587714673e+00,4.183104280613569870e+00,1.145674214702585658e+01
3.270073285783592354e+00,2.438398247975030131e+00,-2.495025113425686669e+00,4.133702016202800422e+00,1.144867690277711425e+01
3.256458146753193894e+00,2.438398247975030131e+00,-2.454179696334491290e+00,4.084541709119537956e+00,1.144036201278504805e+01
3.243006043924073989e+00,2.438398247975030131e+00,-2.413823387847131574e+00,4.035630848735971554e+00,1.143180746088884092e+01
3.229716121841042842e+00,2.438398247975030131e+00,-2.373953621598038133e+00,3.986976624909344125e+00,1.142302300331130738e+01
3.216587502058342984e+00,2.438398247975030131e+00,-2.334567762249938561e+00,3.938585934809957223e+00,1.141401817256002005e+01
3.203619284092899200e+00,2.438398247975030131e+00,-2.295663108353607207e+00,3.890465389633135374e+00,1.140480228127952955e+01
3.190810546355583366e+00,2.438398247975030131e+00,-2.257236895141659705e+00,3.842621321194750195e+00,1.139538442605309143e+01
3.178160347060872581e+00,2.438398247975030131e+00,-2.219286297257527352e+00,3.795059788413235324e+00,1.138577349115570847e+01
3.165667725115277609e+00,2.438398247975030131e+00,-2.181808431420742433e+00,3.747786583678491823e+00,1.137597815225774944e+01
3.153331700984908448e+00,2.438398247975030131e+00,-2.144800359029634951e+00,3.700807239110748270e+00,1.136600688008111426e+01
3.141151277542547415e+00,2.438398247975030131e+00,-2.108259088702551853e+00,3.654127032708309741e+00,1.135586794400575883e+01
3.129125440894586774e+00,2.438398247975030131e+00,-2.072181578758669929e+00,3.607750994388192467e+00,1.134556941562952304e+01
3.117253161188189292e+00,2.438398247975030131e+00,-2.036564739639477484e+00,3.561683911919244494e+00,1.133511917227976795e+01
3.105533393399019904e+00,2.438398247975030131e+00,-2.001405436271969318e+00,3.515930336750816565e+00,1.132452490047884730e+01
3.093965078099898403e+00,2.438398247975030131e+00,-1.966700490374604815e+00,3.470494589736450308e+00,1.131379409936184643e+01
3.082547142210712909e+00,2.438398247975030131e+00,-1.932446682707048335e+00,3.425380766755647954e+00,1.130293408404859967e+01
3.071278499729932054e+00,2.438398247975030131e+00,-1.898640755264705771e+00,3.380592744234256486e+00,1.129195198896955077e+01
3.060158052448048505e+00,2.438398247975030131e+00,-1.865279413419055121e+00,3.336134184565064942e+00,1.128085477114601076e+01
3.049184690643279350e+00,2.438398247975030131e+00,-1.832359328004747656e+00,3.292008541430746504e+00,1.126964921342599979e+01
3.038357293759852862e+00,2.438398247975030131e+00,-1.799877137354468193e+00,3.248219065027946328e+00,1.125834192767347908e+01
3.027674731069193825e+00,2.438398247975030131e+00,-1.767829449282491083e+00,3.204768807197710956e+00,1.124693935791522037e+01
3.017135862314326289e+00,2.438398247975030131e+00,-1.736212843017888474e+00,3.161660626460260914e+00,1.123544778344237294e+01
3.006739538337802831e+00,2.438398247975030131e+00,-1.705023871088318099e+00,3.118897192957037490e+00,1.122387332186871944e+01
2.996484601693466310e+00,2.438398247975030131e+00,-1.674259061155308537e+00,3.076480993300956257e+00,1.121222193214564911e+01
2.986369887242344312e+00,2.438398247975030131e+00,-1.643914917801942543e+00,3.034414335336599322e+00,1.120049941753465816e+01
2.976394222732975603e+00,2.438398247975030131e+00,-1.613987924273836416e+00,2.992699352810612723e+00,1.118871142853677725e+01
2.966556429366460801e+00,2.438398247975030131e+00,-1.584474544174292010e+00,2.951338009954440622e+00,1.117686346578014955e+01
2.956855322346524151e+00,2.438398247975030131e+00,-1.555371223114482060e+00,2.910332105980995010e+00,1.116496088286651300e+01
2.947289711414874169e+00,2.438398247975030131e+00,-1.526674390319532115e+00,2.869683279494994466e+00,1.115300888917546374e+01
2.937858401372141604e+00,2.438398247975030131e+00,-1.498380460191334418e+00,2.829393012819769737e+00,1.114101255262843537e+01
2.928560192584671817e+00,2.438398247975030131e+00,-1.470485833828925060e+00,2.789462636240935822e+00,1.112897680241201215e+01
2.919393881477443387e+00,2.438398247975030131e+00,-1.442986900507239767e+00,2.749893332168529270e+00,1.111690643166129000e+01
2.910358261013381131e+00,2.438398247975030131e+00,-1.415880039115053002e+00,2.710686139218676516e+00,1.110480610010362312e+01
2.901452121159329156e+00,2.438398247975030131e+00,-1.389161619552897076e+00,2.671841956215592617e+00,1.109268033666269559e+01
2.892674249338943238e+00,2.438398247975030131e+00,-1.362828004091739320e+00,2.633361546115775553e+00,1.108053354202403717e+01
2.884023430872759697e+00,2.438398247975030131e+00,-1.336875548693188698e+00,2.595245539855062233e+00,1.106836999116187314e+01
2.875498449405692547e+00,2.438398247975030131e+00,-1.311300604291987248e+00,2.557494440120144930e+00,1.105619383582815729e+01
2.867098087322208055e+00,2.438398247975030131e+00,-1.286099518041533774e+00,2.520108625045347495e+00,1.104400910700381466e+01
2.858821126149424074e+00,2.438398247975030131e+00,-1.261268634523181831e+00,2.483088351835194274e+00,1.103181971731201294e+01
2.850666346948371288e+00,2.438398247975030131e+00,-1.236804296920023472e+00,2.446433760315835926e+00,1.101962946339581251e+01
2.842632530693657955e+00,2.438398247975030131e+00,-1.212702848155883473e+00,2.410144876413999881e+00,1.100744202825811691e+01
2.834718458641770411e+00,2.438398247975030131e+00,-1.188960632000220841e+00,2.374221615566263210e+00,1.099526098356604287e+01
2.826922912688239364e+00,2.438398247975030131e+00,-1.165573994139627700e+00,2.338663786059314020e+00,1.098308979191968682e+01
2.819244675713900694e+00,2.438398247975030131e+00,-1.142539283216611690e+00,2.303471092301601075e+00,1.097093180908498944e+01
2.811682531920470129e+00,2.438398247975030131e+00,-1.119852851836319996e+00,2.268643138029169393e+00,1.095879028619284945e+01
2.804235267155659184e+00,2.438398247975030131e+00,-1.097511057541887158e+00,2.234179429443283738e+00,1.094666837190139752e+01
2.796901669228038401e+00,2.438398247975030131e+00,-1.075510263759024809e+00,2.200079378286234899e+00,1.093456911452721059e+01
2.789680528211870403e+00,2.438398247975030131e+00,-1.053846840710520816e+00,2.166342304850399358e+00,1.092249546413987815e+01
2.782570636742116132e+00,2.438398247975030131e+00,-1.032517166301258005e+00,2.132967440926281100e+00,1.091045027462502404e+01
2.775570790299824342e+00,2.438398247975030131e+00,-1.011517626974382633e+00,2.099953932687537161e+00,1.089843630571315458e+01
2.768679787488103727e+00,2.438398247975030131e+00,-9.908446185392207894e-01,2.067300843516184372e+00,1.088645622497696408e+01
2.761896430298881100e+00,2.438398247975030131e+00,-9.704945469715529072e-01,2.035007156766788228e+00,1.087451260979523582e+01
2.755219524370637885e+00,2.438398247975030131e+00,-9.504638291868232614e-01,2.003071778472964581e+00,1.086260794928614182e+01
2.748647879237323455e+00,2.438398247975030131e+00,-9.307488937868799717e-01,1.971493539994328970e+00,1.085074464620744905e+01
2.742180308568629599e+00,2.438398247975030131e+00,-9.113461817807984033e-01,1.940271200608156832e+00,1.083892501882735893e+01
2.735815630401818410e+00,2.438398247975030131e+00,-8.922521472803648379e-01,1.909403450043356543e+00,1.082715130276299220e+01
2.729552667365283458e+00,2.438398247975030131e+00,-8.734632581707599819e-01,1.878888910960485603e+00,1.081542565278972567e+01
2.723390246894027644e+00,2.438398247975030131e+00,-8.549759967569925401e-01,1.848726141376744181e+00,1.080375014461975169e+01
2.717327201437233608e+00,2.438398247975030131e+00,-8.367868603866104316e-01,1.818913637038210851e+00,1.079212677665160136e+01
2.711362368658104760e+00,2.438398247975030131e+00,-8.188923620492238875e-01,1.789449833738654405e+00,1.078055747168943057e+01
2.705494591626144807e+00,2.438398247975030131e+00,-8.012890309533440281e-01,1.760333109587985945e+00,1.076904407863464286e+01
2.699722719002048521e+00,2.438398247975030131e+00,-7.839734130810551704e-01,1.731561787228885763e+00,1.075758837414783109e+01
2.694045605215367178e+00,2.438398247975030131e+00,-7.669420717210111427e-01,1.703134136004402777e+00,1.074619206428339169e+01
2.688462110635113866e+00,2.438398247975030131e+00,-7.501915879802512066e-01,1.675048374075993607e+00,1.073485678609574379e+01
2.682971101733470309e+00,2.438398247975030131e+00,-7.337185612753205355e-01,1.647302670493067112e+00,1.072358410921774663e+01
2.677571451242748424e+00,2.438398247975030131e+00,-7.175196098031548786e-01,1.619895147216565690e+00,1.071237553741341131e+01
2.672262038305767806e+00,2.438398247975030131e+00,-7.015913709922130259e-01,1.592823881094185268e+00,1.070123251010197230e+01
2.667041748619797481e+00,2.438398247975030131e+00,-6.859305019343020504e-01,1.566086905791097550e+00,1.069015640385679689e+01
2.661909474574212897e+00,2.438398247975030131e+00,-6.705336797975482988e-01,1.539682213675375166e+00,1.067914853387782692e+01
2.656864115382016056e+00,2.438398247975030131e+00,-6.553976022209577756e-01,1.513607757659052311e+00,1.066821015543809459e+01
2.651904577205363100e+00,2.438398247975030131e+00,-6.405189876909989088e-01,1.487861452995886680e+00,1.065734246530488782e+01
2.647029773275240583e+00,2.438398247975030131e+00,-6.258945759006313558e-01,1.462441179036755301e+00,1.064654660313612489e+01
2.642238624005431635e+00,2.438398247975030131e+00,-6.115211280912045133e-01,1.437344780942684253e+00,1.063582365285147979e+01
2.637530057100907932e+00,2.438398247975030131e+00,-5.973954273776334034e-01,1.412570071357110990e+00,1.062517464397947720e+01
2.632903007660782002e+00,2.438398247975030131e+00,-5.835142790572556137e-01,1.388114832037778967e+00,1.061460055298052296e+01
2.628356418275954454e+00,2.438398247975030131e+00,-5.698745109027729683e-01,1.363976815448264546e+00,1.060410230454549207e+01
2.623889239121581340e+00,2.438398247975030131e+00,-5.564729734396536287e-01,1.340153746311933958e+00,1.059368077287228083e+01
2.619500428044495344e+00,2.438398247975030131e+00,-5.433065402083956386e-01,1.316643323125799014e+00,1.058333678291740299e+01
2.615188950645701116e+00,2.438398247975030131e+00,-5.303721080120129550e-01,1.293443219638268360e+00,1.057307111162625546e+01
2.610953780358069576e+00,2.438398247975030131e+00,-5.176665971491183349e-01,1.270551086289462006e+00,1.056288448914034461e+01
2.606793898519351949e+00,2.438398247975030131e+00,-5.051869516329654530e-01,1.247964551615288187e+00,1.055277759998232412e+01
2.602708294440632564e+00,2.438398247975030131e+00,-4.929301393968072986e-01,1.225681223615815441e+00,1.054275108421900953e+01
2.598695965470334990e+00,2.438398247975030131e+00,-4.808931524859145767e-01,1.203698691089272188e+00,1.053280553860335900e+01
2.594755917053897853e+00,2.438398247975030131e+00,-4.690730072366031678e-01,1.182014524931140897e+00,1.052294151769453734e+01
2.590887162789230036e+00,2.438398247975030131e+00,-4.574667444425997154e-01,1.160626279400345240e+00,1.051315953495774558e+01
2.587088724478058044e+00,2.438398247975030131e+00,-4.460714295090837389e-01,1.139531493351597646e+00,1.050346006384251396e+01
2.583359632173270359e+00,2.438398247975030131e+00,-4.348841525947206854e-01,1.118727691436305349e+00,1.049384353884158472e+01
2.579698924222366685e+00,2.438398247975030131e+00,-4.239020287420096622e-01,1.098212385271102320e+00,1.048431035652909316e+01
2.576105647307115998e+00,2.438398247975030131e+00,-4.131221979962576007e-01,1.077983074575206146e+00,1.047486087657894949e+01
2.572578856479523335e+00,2.438398247975030131e+00,-4.025418255134796119e-01,1.058037248277798881e+00,1.046549542276432021e+01
2.569117615194207005e+00,2.438398247975030131e+00,-3.921581016575306222e-01,1.038372385594898972e+00,1.045621428393736885e+01
2.565720995337284371e+00,2.438398247975030131e+00,-3.819682420867627215e-01,1.018985957076790072e+00,1.044701771499002874e+01
2.562388077251860796e+00,2.438398247975030131e+00,-3.719694878304919960e-01,9.998754256270725449e-01,1.043790593779658060e+01
2.559117949760216781e+00,2.438398247975030131e+00,-3.621591053555599515e-01,9.810382474932044516e-01,1.042887914213764589e+01
2.555909710182786565e+00,2.438398247975030131e+00,-3.525343866232693024e-01,9.624718732290649115e-01,1.041993748660579655e+01
2.552762464354016991e+00,2.438398247975030131e+00,-3.430926491369605813e-01,9.441737486308721117e-01,1.041108109949391292e+01
2.549675326635196804e+00,2.438398247975030131e+00,-3.338312359805000185e-01,9.261413156460562845e-01,1.040231007966555765e+01
2.546647419924343403e+00,2.438398247975030131e+00,-3.247475158479398161e-01,9.083720132560202387e-01,1.039362449740808003e+01
2.543677875663230559e+00,2.438398247975030131e+00,-3.158388830646012835e-01,8.908632783338532590e-01,1.038502439526925158e+01
2.540765833841644561e+00,2.438398247975030131e+00,-3.071027575998432901e-01,8.736125464757993342e-01,1.037650978887595699e+01
2.537910442998946525e+00,2.438398247975030131e+00,-2.985365850717491831e-01,8.566172528094107008e-01,1.036808066773766157e+01
2.535110860223022122e+00,2.438398247975030131e+00,-2.901378367439759742e-01,8.398748327773208899e-01,1.035973699603334452e+01
2.532366251146700886e+00,2.438398247975030131e+00,-2.819040095150122660e-01,8.233827228963708222e-01,1.035147871338135950e+01
2.529675789941717934e+00,2.438398247975030131e+00,-2.738326259000634089e-01,8.071383614948857144e-01,1.034330573559482325e+01
2.527038659310294477e+00,2.438398247975030131e+00,-2.659212340057930390e-01,7.911391894270369818e-01,1.033521795542124444e+01
2.524454050474413069e+00,2.438398247975030131e+00,-2.581674074981488154e-01,7.753826507644223653e-01,1.032721524326627360e+01
2.521921163162858193e+00,2.438398247975030131e+00,-2.505687455634841854e-01,7.598661934664630024e-01,1.031929744790297931e+01
2.519439205596093689e+00,2.438398247975030131e+00,-2.431228728631906755e-01,7.445872700293509894e-01,1.031146439716616037e+01
2.517007394469045867e+00,2.438398247975030131e+00,-2.358274394820472075e-01,7.295433381143467955e-01,1.030371589863229964e+01
2.514624954931861112e+00,2.438398247975030131e+00,-2.286801208704929422e-01,7.147318611554265289e-01,1.029605174028493408e+01
2.512291120568705072e+00,2.438398247975030131e+00,-2.216786177810248226e-01,7.001503089468119612e-01,1.028847169116578719e+01
2.510005133374665576e+00,2.438398247975030131e+00,-2.148206561989063346e-01,6.857961582118488053e-01,1.028097550201294297e+01
2.507766243730827238e+00,2.438398247975030131e+00,-2.081039872673913216e-01,6.716668931515012986e-01,1.027356290588411092e+01
2.505573710377577257e+00,2.438398247975030131e+00,-2.015263872076413776e-01,6.577600059749943995e-01,1.026623361876735352e+01
2.503426800386204132e+00,2.438398247975030131e+00,-1.950856572335220029e-01,6.440729974119374646e-01,1.025898734017841640e+01
2.501324789128848813e+00,2.438398247975030131e+00,-1.887796234614560476e-01,6.306033772065955390e-01,1.025182375374513910e+01
2.499266960246868230e+00,2.438398247975030131e+00,-1.826061368155142972e-01,6.173486645941750339e-01,1.024474252777866212e+01
2.497252605617665377e+00,2.438398247975030131e+00,-1.765630729279057398e-01,6.043063887608557394e-01,1.023774331583295094e+01
2.495281025320045920e+00,2.438398247975030131e+00,-1.706483320350473676e-01,5.914740892858372234e-01,1.023082575725079124e+01
2.493351527598151485e+00,2.438398247975030131e+00,-1.648598388693640615e-01,5.788493165683306074e-01,1.022398947769896793e+01
2.491463428824026938e+00,2.438398247975030131e+00,-1.591955425469904206e-01,5.664296322373640891e-01,1.021723408969037372e+01
2.489616053458871381e+00,2.438398247975030131e+00,-1.536534164515237499e-01,5.542126095466670677e-01,1.021055919309514337e+01
2.487808734013025269e+00,2.438398247975030131e+00,-1.482314581139854148e-01,5.421958337538335115e-01,1.020396437563984904e+01
2.486040811004743389e+00,2.438398247975030131e+00,-1.429276890891397755e-01,5.303769024845639279e-01,1.019744921339542465e+01
2.484311632917800772e+00,2.438398247975030131e+00,-1.377401548283119226e-01,5.187534260827852961e-01,1.019101327125447298e+01
2.482620556157983494e+00,2.438398247975030131e+00,-1.326669245488600879e-01,5.073230279451834690e-01,1.018465610339632477e+01
2.480966945008506119e+00,2.438398247975030131e+00,-1.277060911004279653e-01,4.960833448432122594e-01,1.017837725374278435e+01
2.479350171584402851e+00,2.438398247975030131e+00,-1.228557708281181604e-01,4.850320272309804892e-01,1.017217625640286371e+01
2.477769615785939905e+00,2.438398247975030131e+00,-1.181141034327293227e-01,4.741667395388837747e-01,1.016605263610615495e+01
2.476224665251087753e+00,2.438398247975030131e+00,-1.134792518281728668e-01,4.634851604556455840e-01,1.016000590862747366e+01
2.474714715307098079e+00,2.438398247975030131e+00,-1.089494019962038429e-01,4.529849831969023910e-01,1.015403558120069860e+01
2.473239168921228526e+00,2.438398247975030131e+00,-1.045227628385951846e-01,4.426639157608658337e-01,1.014814115292227115e+01
2.471797436650651214e+00,2.438398247975030131e+00,-1.001975660268632495e-01,4.325196811731935043e-01,1.014232211514633164e+01
2.470388936591588536e+00,2.438398247975030131e+00,-9.597206584967521437e-02,4.225500177188035167e-01,1.013657795186912836e+01
2.469013094327712654e+00,2.438398247975030131e+00,-9.184453905804756957e-02,4.127526791627644798e-01,1.013090814010471696e+01
2.467669342877847338e+00,2.438398247975030131e+00,-8.781328470845162215e-02,4.031254349595947417e-01,1.012531215025114406e+01
2.466357122643007216e+00,2.438398247975030131e+00,-8.387662400393125495e-02,3.936660704520367204e-01,1.011978944644810596e+01
2.465075881352811749e+00,2.438398247975030131e+00,-8.003290013334485309e-02,3.843723870586401858e-01,1.011433948692529583e+01
2.463825074011309013e+00,2.438398247975030131e+00,-7.628047810883664681e-02,3.752422024508206277e-01,1.010896172434198448e+01
2.462604162842240374e+00,2.438398247975030131e+00,-7.261774460163072931e-02,3.662733507205917505e-01,1.010365560611896107e+01
2.461412617233783795e+00,2.438398247975030131e+00,-6.904310777626099238e-02,3.574636825369736925e-01,1.009842057476071275e+01
2.460249913682803324e+00,2.438398247975030131e+00,-6.555499712331958051e-02,3.488110652941411871e-01,1.009325606817082210e+01
2.459115535738639835e+00,2.438398247975030131e+00,-6.215186329082911243e-02,3.403133832490468080e-01,1.008816151995821819e+01
2.458008973946472331e+00,2.438398247975030131e+00,-5.883217791432659993e-02,3.319685376502512497e-01,1.008313635973592426e+01
2.456929725790278241e+00,2.438398247975030131e+00,-5.559443344574432899e-02,3.237744468582270940e-01,1.007818001341248326e+01
2.455877295635425561e+00,2.438398247975030131e+00,-5.243714298118629102e-02,3.157290464558037968e-01,1.007329190347461889e+01
2.454851194670920389e+00,2.438398247975030131e+00,-4.935884008767077447e-02,3.078302893515516558e-01,1.006847144926388182e+01
2.453850940851341367e+00,2.438398247975030131e+00,-4.635807862893370768e-02,3.000761458737066789e-01,1.006371806724477302e+01
2.452876058838486806e+00,2.438398247975030131e+00,-4.343343259037002468e-02,2.924646038563682993e-01,1.005903117126599966e+01
2.451926079942758907e+00,2.438398247975030131e+00,-4.058349590318632849e-02,2.849936687183696193e-01,1.005441017281518334e+01
2.451000542064312615e+00,2.438398247975030131e+00,-3.780688226784745254e-02,2.776613635338875952e-01,1.004985448126604020e+01
2.450098989633992641e+00,2.438398247975030131e+00,-3.510222497688753052e-02,2.704657290959922022e-01,1.004536350411910561e+01
2.449220973554084857e+00,2.438398247975030131e+00,-3.246817673716417829e-02,2.634048239723352225e-01,1.004093664723517065e+01
2.448366051138900712e+00,2.438398247975030131e+00,-2.990340949161174322e-02,2.564767245552435071e-01,1.003657331506363271e+01
2.447533786055222649e+00,2.438398247975030131e+00,-2.740661424057755369e-02,2.496795251034189533e-01,1.003227291086284190e+01
2.446723748262630949e+00,2.438398247975030131e+00,-2.497650086280245318e-02,2.430113377775100503e-01,1.002803483691470809e+01
2.445935513953730656e+00,2.438398247975030131e+00,-2.261179793610157418e-02,2.364702926700879004e-01,1.002385849473398594e+01
2.445168665494303895e+00,2.438398247975030131e+00,-2.031125255782129102e-02,2.300545378280283160e-01,1.001974328527020752e+01
2.444422791363404013e+00,2.438398247975030131e+00,-1.807363016512164577e-02,2.237622392699645246e-01,1.001568860910484382e+01
2.443697486093414639e+00,2.438398247975030131e+00,-1.589771435515352493e-02,2.175915809968120840e-01,1.001169386664165906e+01
2.442992350210089647e+00,2.438398247975030131e+00,-1.378230670517854861e-02,2.115407649974976323e-01,1.000775845829231869e+01
2.442306990172593562e+00,2.438398247975030131e+00,-1.172622659269029199e-02,2.056080112488256617e-01,1.000388178465613542e+01
2.441641018313563283e+00,2.438398247975030131e+00,-9.728311015599455658e-03,1.997915577090836337e-01,1.000006324669348423e+01
2.440994052779202228e+00,2.438398247975030131e+00,-7.787414412516291407e-03,1.940896603083164251e-01,9.996302245895801519e+00
2.440365717469430873e+00,2.438398247975030131e+00,-5.902408483202226108e-03,1.885005929314065298e-01,9.992598184448205245e+00
2.439755641978104350e+00,2.438398247975030131e+00,-4.072182009222657939e-03,1.830226473979568169e-01,9.988950465388734656e+00
2.439163461533316646e+00,2.438398247975030131e+00,-2.295640674859544816e-03,1.776541334363113123e-01,9.985358492761452709e+00
2.438588816937805159e+00,2.438398247975030131e+00,-5.717068883250853162e-04,1.723933786534459500e-01,9.981821671765121806e+00
2.438031354509470283e+00,2.438398247975030131e+00,1.100680396679543094e-03,1.672387285004628410e-01,9.978339408897141993e+00
2.437490726022025100e+00,2.438398247975030131e+00,2.722565859015091405e-03,1.621885462335548311e-01,9.974911112092570420e+00
2.436966588645788967e+00,2.438398247975030131e+00,4.294977987723491708e-03,1.572412128708400303e-01,9.971536190858564908e+00
2.436458604888638746e+00,2.438398247975030131e+00,5.818929259174154822e-03,1.523951271450663114e-01,9.968214056404240964e+00
2.435966442537128795e+00,2.438398247975030131e+00,7.295416313704006228e-03,1.476487054529851406e-01,9.964944121766690088e+00
2.435489774597795698e+00,2.438398247975030131e+00,8.725420131703298665e-03,1.430003817999292437e-01,9.961725801931633484e+00
2.435028279238655724e+00,2.438398247975030131e+00,1.010990620912322058e-02,1.384486077419921912e-01,9.958558513951116353e+00
2.434581639730911018e+00,2.438398247975030131e+00,1.144982473235733877e-02,1.339918523234118197e-01,9.955441677055770100e+00
2.434149544390871611e+00,2.438398247975030131e+00,1.274611075247555902e-02,1.296286020118220250e-01,9.952374712764298081e+00
2.433731686522108806e+00,2.438398247975030131e+00,1.399968435876397521e-02,1.253573606288416187e-01,9.949357044987605647e+00
2.433327764357844814e+00,2.438398247975030131e+00,1.521145085155595211e-02,1.211766492791976901e-01,9.946388100130754140e+00
2.432937481003593749e+00,2.438398247975030131e+00,1.638230091430914470e-02,1.170850062753192589e-01,9.943467307189628457e+00
2.432560544380061529e+00,2.438398247975030131e+00,1.751311078490580542e-02,1.130809870596660716e-01,9.940594097844572374e+00
2.432196667166313997e+00,2.438398247975030131e+00,1.860474242614840179e-02,1.091631641242596373e-01,9.937767906550408981e+00
2.431845566743221276e+00,2.438398247975030131e+00,1.965804369542656360e-02,1.053301269278161811e-01,9.934988170623242354e+00
2.431506965137191223e+00,2.438398247975030131e+00,2.067384851351672381e-02,1.015804818090160211e-01,9.932254330322532354e+00
2.431180588964193312e+00,2.438398247975030131e+00,2.165297703251045647e-02,9.791285189937326550e-02,9.929565828931885108e+00
2.430866169374088503e+00,2.438398247975030131e+00,2.259623580282488220e-02,9.432587703144257318e-02,9.926922112834267509e+00
2.430563441995267304e+00,2.438398247975030131e+00,2.350441793928848000e-02,9.081821364635978000e-02,9.924322631585649646e+00
2.430272146879604467e+00,2.438398247975030131e+00,2.437830328627699217e-02,8.738853469885121683e-02,9.921766837985128262e+00
2.429992028447740093e+00,2.438398247975030131e+00,2.521865858187011256e-02,8.403552955931203883e-02,9.919254188141183093e+00
2.429722835434689809e+00,2.438398247975030131e+00,2.602623762102096450e-02,8.075790391508519406e-02,9.916784141536107100e+00
2.429464320835793334e+00,2.438398247975030131e+00,2.680178141771039080e-02,7.755437966894263013e-02,9.914356161086653074e+00
2.429216241853005442e+00,2.438398247975030131e+00,2.754601836607406540e-02,7.442369483636745997e-02,9.911969713202442023e+00
2.428978359841537760e+00,2.438398247975030131e+00,2.825966440047711359e-02,7.136460344030481906e-02,9.909624267840783318e+00
2.428750440256854048e+00,2.438398247975030131e+00,2.894342315452824721e-02,6.837587540511336215e-02,9.907319298559642107e+00
2.428532252602026542e+00,2.438398247975030131e+00,2.959798611901076626e-02,6.545629644825190496e-02,9.905054282567263613e+00
2.428323570375455542e+00,2.438398247975030131e+00,3.022403279872376558e-02,6.260466797129993211e-02,9.902828700770024639e+00
2.428124171018961608e+00,2.438398247975030131e+00,3.082223086820556901e-02,5.981980694818034294e-02,9.900642037816385965e+00
2.427933835866249446e+00,2.438398247975030131e+00,3.139323632634205552e-02,5.710054581364865101e-02,9.898493782139990316e+00
2.427752350091751055e+00,2.438398247975030131e+00,3.193769364983722880e-02,5.444573234951732843e-02,9.896383425999355055e+00
2.427579502659852562e+00,2.438398247975030131e+00,3.245623594553270763e-02,5.185422956954788276e-02,9.894310465515081532e+00
2.427415086274505640e+00,2.438398247975030131e+00,3.294948510157347243e-02,4.932491560407648024e-02,9.892274400705650450e+00
2.427258897329229281e+00,2.438398247975030131e+00,3.341805193740254865e-02,4.685668358290762114e-02,9.890274735520311111e+00
2.427110735857505031e+00,2.438398247975030131e+00,3.386253635257530092e-02,4.444844151727522785e-02,9.888310977869851470e+00
2.426970405483567905e+00,2.438398247975030131e+00,3.428352747438667691e-02,4.209911218113759901e-02,9.886382639655524329e+00
2.426837713373596106e+00,2.438398247975030131e+00,3.468160380430207468e-02,3.980763299153977641e-02,9.884489236795841904e+00
2.426712470187303961e+00,2.438398247975030131e+00,3.505733336317851112e-02,3.757295588764364425e-02,9.882630289250823097e+00
2.426594490029936768e+00,2.438398247975030131e+00,3.541127383528008821e-02,3.539404721015770861e-02,9.880805321045437850e+00
2.426483590404674207e+00,2.438398247975030131e+00,3.574397271106777296e-02,3.326988757876847558e-02,9.879013860289836302e+00
2.426379592165440968e+00,2.438398247975030131e+00,3.605596742876748806e-02,3.119947176997150962e-02,9.877255439198739495e+00
2.426282319470127291e+00,2.438398247975030131e+00,3.634778551470851937e-02,2.918180859410313133e-02,9.875529594108812148e+00
2.426191599734224713e+00,2.438398247975030131e+00,3.661994472241625331e-02,2.721592077077339411e-02,9.873835865493189701e+00
2.426107263584871276e+00,2.438398247975030131e+00,3.687295317047656340e-02,2.530084480603100872e-02,9.872173797976508069e+00
2.426029144815315508e+00,2.438398247975030131e+00,3.710730947914386846e-02,2.343563086673050577e-02,9.870542940345874428e+00
2.425957080339794292e+00,2.438398247975030131e+00,3.732350290570751739e-02,2.161934265636489272e-02,9.868942845562072463e+00
2.425890910148829516e+00,2.438398247975030131e+00,3.752201347860184555e-02,1.985105728943281633e-02,9.867373070768035603e+00
2.425830477264941276e+00,2.438398247975030131e+00,3.770331213026656414e-02,1.812986516647185908e-02,9.865833177296739365e+00
2.425775627698782966e+00,2.438398247975030131e+00,3.786786082874149528e-02,1.645486984749311432e-02,9.864322730676235551e+00
2.425726210405692029e+00,2.438398247975030131e+00,3.801611270801430464e-02,1.482518792728093615e-02,9.862841300635295738e+00
2.425682077242664825e+00,2.438398247975030131e+00,3.814851219709591845e-02,1.323994890816138081e-02,9.861388461105256908e+00
2.425643082925748040e+00,2.438398247975030131e+00,3.826549514784627348e-02,1.169829507503550303e-02,9.859963790222881386e+00
2.425609084987853770e+00,2.438398247975030131e+00,3.836748896152908372e-02,1.019938136828102415e-02,9.858566870329809717e+00
2.425579943736992039e+00,2.438398247975030131e+00,3.845491271411427547e-02,8.742375258519174963e-03,9.857197287972633504e+00
2.425555522214927873e+00,2.438398247975030131e+00,3.852817728030677458e-02,7.326456619249910318e-03,9.855854633899557626e+00
2.425535686156253590e+00,2.438398247975030131e+00,3.858768545632962343e-02,5.950817602284885766e-03,9.854538503058615007e+00
2.425520303947885203e+00,2.438398247975030131e+00,3.863383208143478242e-02,4.614662510515898930e-03,9.853248494591952067e+00
2.425509246588975820e+00,2.438398247975030131e+00,3.866700415816293201e-02,3.317207672814959096e-03,9.851984211830977500e+00
2.425502387651249592e+00,2.438398247975030131e+00,3.868758097134161744e-02,2.057681317868542692e-03,9.850745262289210658e+00
2.425499603239752222e+00,2.438398247975030131e+00,3.869593420583372634e-02,8.353234492108896347e-04,9.849531257655044669e+00
2.425500771954020696e+00,2.438398247975030131e+00,3.869242806302830573e-02,-3.506142805420608966e-04,9.848341813782486298e+00
2.425505774849667340e+00,2.438398247975030131e+00,3.867741937608837333e-02,-1.500868693993240299e-03,9.847176550682096519e+00
2.425514495400382220e+00,2.438398247975030131e+00,3.865125772394373271e-02,-2.616165214464061251e-03,9.846035092509479725e+00
2.425526819460348094e+00,2.438398247975030131e+00,3.861428554404611191e-02,-3.697217989762080492e-03,9.844917067554284529e+00
2.425542635227069255e+00,2.438398247975030131e+00,3.856683824388262849e-02,-4.744730016348341906e-03,9.843822108227534784e+00
2.425561833204612938e+00,2.438398247975030131e+00,3.850924431125157810e-02,-5.759393263105039296e-03,9.842749851048147036e+00
2.425584306167261506e+00,2.438398247975030131e+00,3.844182542330587538e-02,-6.741888794570272125e-03,9.841699936628735657e+00
2.425609949123573195e+00,2.438398247975030131e+00,3.836489655437080870e-02,-7.692886893506667434e-03,9.840672009660863750e+00
2.425638659280850984e+00,2.438398247975030131e+00,3.827876608253744095e-02,-8.613047183336774992e-03,9.839665718899201607e+00
2.425670336010018691e+00,2.438398247975030131e+00,3.818373589503432086e-02,-9.503018750312008933e-03,9.838680717144722365e+00
2.425704880810900743e+00,2.438398247975030131e+00,3.808010149238816311e-02,-1.036344026461577528e-02,9.837716661227773329e+00
2.425742197277905632e+00,2.438398247975030131e+00,3.796815209137349711e-02,-1.119494010146659946e-02,9.836773211989907395e+00
2.425782191066109483e+00,2.438398247975030131e+00,3.784817072676194272e-02,-1.199813646115543975e-02,9.835850034265607889e+00
2.425824769857739760e+00,2.438398247975030131e+00,3.772043435187111271e-02,-1.277363748908300067e-02,9.834946796862787721e+00
2.425869843329056419e+00,2.438398247975030131e+00,3.758521393792113585e-02,-1.352204139499768587e-02,9.834063172542924391e+00
2.425917323117627422e+00,2.438398247975030131e+00,3.744277457220812622e-02,-1.424393657130096358e-02,9.833198838000907216e+00
2.425967122789998598e+00,2.438398247975030131e+00,3.729337555509459889e-02,-1.493990171135273215e-02,9.832353473843742364e+00
2.426019157809753857e+00,2.438398247975030131e+00,3.713727049582882245e-02,-1.561050592657764469e-02,9.831526764569250787e+00
2.426073345505966206e+00,2.438398247975030131e+00,3.697470740719177584e-02,-1.625630886370466044e-02,9.830718398543487169e+00
2.426129605042032900e+00,2.438398247975030131e+00,3.680592879899169390e-02,-1.687786082000819476e-02,9.829928067978983108e+00
2.426187857384897395e+00,2.438398247975030131e+00,3.663117177039820760e-02,-1.747570285934862966e-02,9.829155468911050519e+00
2.426248025274653219e+00,2.438398247975030131e+00,3.645066810113073430e-02,-1.805036692674732990e-02,9.828400301174383458e+00
2.426310033194526206e+00,2.438398247975030131e+00,3.626464434151177585e-02,-1.860237596189584508e-02,9.827662268379615540e+00
2.426373807341237310e+00,2.438398247975030131e+00,3.607332190137846339e-02,-1.913224401333124547e-02,9.826941077888047715e+00
2.426439275595737133e+00,2.438398247975030131e+00,3.587691713787899417e-02,-1.964047634994692260e-02,9.826236440787932125e+00
2.426506367494315697e+00,2.438398247975030131e+00,3.567564144214330213e-02,-2.012756957356920395e-02,9.825548071868574596e+00
2.426575014200081259e+00,2.438398247975030131e+00,3.546970132484661420e-02,-2.059401172966879301e-02,9.824875689595177874e+00
2.426645148474806390e+00,2.438398247975030131e+00,3.525929850067122118e-02,-2.104028241753930217e-02,9.824219016083132416e+00
2.426716704651139977e+00,2.438398247975030131e+00,3.504462997167046012e-02,-2.146685290007610547e-02,9.823577777071594852e+00
2.426789618605180721e+00,2.438398247975030131e+00,3.482588810954823089e-02,-2.187418621222292359e-02,9.822951701897325805e+00
2.426863827729410783e+00,2.438398247975030131e+00,3.460326073685804360e-02,-2.226273726901872863e-02,9.822340523467840256e+00
2.426939270905987822e+00,2.438398247975030131e+00,3.437693120712692618e-02,-2.263295297311174181e-02,9.821743978234016126e+00
2.427015888480388295e+00,2.438398247975030131e+00,3.414707848392550815e-02,-2.298527232014180299e-02,9.821161806163784647e+00
2.427093622235405146e+00,2.438398247975030131e+00,3.391387721887495488e-02,-2.332012650505532747e-02,9.820593750713820569e+00
2.427172415365493219e+00,2.438398247975030131e+00,3.367749782861073626e-02,-2.363793902642186140e-02,9.820039558802189816e+00
2.427252212451461499e+00,2.438398247975030131e+00,3.343810657070589443e-02,-2.393912579048418365e-02,9.819498980780222652e+00
2.427332959435507753e+00,2.438398247975030131e+00,3.319586561856713303e-02,-2.422409521387614006e-02,9.818971770404690602e+00
2.427414603596594667e+00,2.438398247975030131e+00,3.295093313530639278e-02,-2.449324832607402413e-02,9.818457684809231978e+00
2.427497093526162608e+00,2.438398247975030131e+00,3.270346334660256815e-02,-2.474697887038246336e-02,9.817956484476219714e+00
2.427580379104178121e+00,2.438398247975030131e+00,3.245360661255602963e-02,-2.498567340465385200e-02,9.817467933207902675e+00
2.427664411475514594e+00,2.438398247975030131e+00,3.220150949854660993e-02,-2.520971140094196983e-02,9.816991798097605582e+00
2.427749143026660672e+00,2.438398247975030131e+00,3.194731484510837660e-02,-2.541946534382333311e-02,9.816527849501285985e+00
2.427834527362756845e+00,2.438398247975030131e+00,3.169116183681985888e-02,-2.561530082885177251e-02,9.816075861007968584e+00
2.427920519284954004e+00,2.438398247975030131e+00,3.143318607022838052e-02,-2.579757665914783615e-02,9.815635609411081930e+00
2.428007074768092188e+00,2.438398247975030131e+00,3.117351962081382766e-02,-2.596664494145528579e-02,9.815206874679358151e+00
2.428094150938698181e+00,2.438398247975030131e+00,3.091229110899584853e-02,-2.612285118179791255e-02,9.814789439927197989e+00
2.428181706053297084e+00,2.438398247975030131e+00,3.064962576519913995e-02,-2.626653437967085836e-02,9.814383091385529667e+00
2.428269699477034305e+00,2.438398247975030131e+00,3.038564549398747872e-02,-2.639802712116612327e-02,9.813987618372822297e+00
2.428358091662608853e+00,2.438398247975030131e+00,3.012046893726383345e-02,-2.651765567236452625e-02,9.813602813264900249e+00
2.428446844129509952e+00,2.438398247975030131e+00,2.985421153656053761e-02,-2.662574007032958434e-02,9.813228471466231895e+00
2.428535919443557400e+00,2.438398247975030131e+00,2.958698559441819143e-02,-2.672259421423461845e-02,9.812864391380184514e+00
2.428625281196743035e+00,2.438398247975030131e+00,2.931890033486128644e-02,-2.680852595569049868e-02,9.812510374379170841e+00
2.428714893987366619e+00,2.438398247975030131e+00,2.905006196299053656e-02,-2.688383718707498815e-02,9.812166224775916490e+00
2.428804723400467935e+00,2.438398247975030131e+00,2.878057372368658662e-02,-2.694882393039499391e-02,9.811831749793292090e+00
2.428894735988548437e+00,2.438398247975030131e+00,2.851053595944508245e-02,-2.700377642415041635e-02,9.811506759535294719e+00
2.428984899252582430e+00,2.438398247975030131e+00,2.824004616734310247e-02,-2.704897921019799867e-02,9.811191066957146489e+00
2.429075181623312041e+00,2.438398247975030131e+00,2.796919905515427018e-02,-2.708471121888322841e-02,9.810884487836272427e+00
2.429165552442825504e+00,2.438398247975030131e+00,2.769808659661388006e-02,-2.711124585403901222e-02,9.810586840742574921e+00
2.429255981946413012e+00,2.438398247975030131e+00,2.742679808585135603e-02,-2.712885107625240266e-02,9.810297947009599895e+00
2.429346441244701449e+00,2.438398247975030131e+00,2.715542019098604598e-02,-2.713778948653100542e-02,9.810017630704455982e+00
2.429436902306060464e+00,2.438398247975030131e+00,2.688403700690900067e-02,-2.713831840770453141e-02,9.809745718599204523e+00
2.429527337939279441e+00,2.438398247975030131e+00,2.661273010725206944e-02,-2.713068996569312219e-02,9.809482040141560333e+00
2.429617721776512695e+00,2.438398247975030131e+00,2.634157859555230630e-02,-2.711515116997631480e-02,9.809226427425576489e+00
2.429708028256488461e+00,2.438398247975030131e+00,2.607065915562500891e-02,-2.709194399272973897e-02,9.808978715162895767e+00
2.429798232607980335e+00,2.438398247975030131e+00,2.580004610114938757e-02,-2.706130544756213396e-02,9.808738740653588195e+00
2.429888310833537624e+00,2.438398247975030131e+00,2.552981142447752205e-02,-2.702346766718655147e-02,9.808506343757290580e+00
2.429978239693470599e+00,2.438398247975030131e+00,2.526002484467859688e-02,-2.697865797989251746e-02,9.808281366864786577e+00
2.430067996690090215e+00,2.438398247975030131e+00,2.499075385481974720e-02,-2.692709898588496742e-02,9.808063654868934833e+00
2.430157560052196519e+00,2.438398247975030131e+00,2.472206376850083487e-02,-2.686900863189123356e-02,9.807853055136609655e+00
2.430246908719816634e+00,2.438398247975030131e+00,2.445401776564049001e-02,-2.680460028603448563e-02,9.807649417479606058e+00
2.430336022329184775e+00,2.438398247975030131e+00,2.418667693753606684e-02,-2.673408281044231671e-02,9.807452594127093803e+00
2.430424881197965625e+00,2.438398247975030131e+00,2.392010033119351675e-02,-2.665766063425500931e-02,9.807262439696938117e+00
2.430513466310716186e+00,2.438398247975030131e+00,2.365434499294183368e-02,-2.657553382516830709e-02,9.807078811167773580e+00
2.430601759304583442e+00,2.438398247975030131e+00,2.338946601134006542e-02,-2.648789816017682597e-02,9.806901567851163293e+00
2.430689742455235614e+00,2.438398247975030131e+00,2.312551655938355211e-02,-2.639494519565133146e-02,9.806730571363733162e+00
2.430777398663024336e+00,2.438398247975030131e+00,2.286254793601738555e-02,-2.629686233661665540e-02,9.806565685599402116e+00
2.430864711439372883e+00,2.438398247975030131e+00,2.260060960697174437e-02,-2.619383290456411828e-02,9.806406776702408123e+00
2.430951664893391762e+00,2.438398247975030131e+00,2.233974924491510805e-02,-2.608603620566363190e-02,9.806253713039252418e+00
2.431038243718714575e+00,2.438398247975030131e+00,2.208001276894666631e-02,-2.597364759684417379e-02,9.806106365172102102e+00
2.431124433180554600e+00,2.438398247975030131e+00,2.182144438342659143e-02,-2.585683855200748837e-02,9.805964605831420045e+00
2.431210219102977632e+00,2.438398247975030131e+00,2.156408661615749622e-02,-2.573577672690952056e-02,9.805828309889248473e+00
2.431295587856389773e+00,2.438398247975030131e+00,2.130798035592107453e-02,-2.561062602364216900e-02,9.805697354332279403e+00
2.431380526345235271e+00,2.438398247975030131e+00,2.105316488938457908e-02,-2.548154665364954496e-02,9.805571618235735087e+00
2.431465021995903975e+00,2.438398247975030131e+00,2.079967793737846904e-02,-2.534869520061100445e-02,9.805450982736768850e+00
2.431549062744846612e+00,2.438398247975030131e+00,2.054755569055055631e-02,-2.521222468279127327e-02,9.805335331007759336e+00
2.431632637026889920e+00,2.438398247975030131e+00,2.029683284442063140e-02,-2.507228461299249034e-02,9.805224548231429083e+00
2.431715733763756493e+00,2.438398247975030131e+00,2.004754263382091395e-02,-2.492902105997174544e-02,9.805118521573849222e+00
2.431798342352780473e+00,2.438398247975030131e+00,1.979971686674897313e-02,-2.478257670719408168e-02,9.805017140159556277e+00
2.431880452655820424e+00,2.438398247975030131e+00,1.955338595762912135e-02,-2.463309091198517820e-02,9.804920295045643996e+00
2.431962054988364930e+00,2.438398247975030131e+00,1.930857895999560370e-02,-2.448069976335176534e-02,9.804827879196643892e+00
2.432043140108829160e+00,2.438398247975030131e+00,1.906532359860291237e-02,-2.432553613926913272e-02,9.804739787459334721e+00
2.432123699208039280e+00,2.438398247975030131e+00,1.882364630097255187e-02,-2.416772976303604992e-02,9.804655916537937443e+00
2.432203723898902936e+00,2.438398247975030131e+00,1.858357222838158407e-02,-2.400740725909678019e-02,9.804576164969285301e+00
2.432283206206263593e+00,2.438398247975030131e+00,1.834512530629961446e-02,-2.384469220819696034e-02,9.804500433098102263e+00
2.432362138556934283e+00,2.438398247975030131e+00,1.810832825428754234e-02,-2.367970520120721289e-02,9.804428623053080827e+00
2.432440513769910329e+00,2.438398247975030131e+00,1.787320261535940702e-02,-2.351256389281353165e-02,9.804360638722545929e+00
2.432518325046758356e+00,2.438398247975030131e+00,1.763976878481532395e-02,-2.334338305440830652e-02,9.804296385730406627e+00
2.432595565962179407e+00,2.438398247975030131e+00,1.740804603855217181e-02,-2.317227462631521462e-02,9.804235771412237455e+00
2.432672230454741680e+00,2.438398247975030131e+00,1.717805256086535337e-02,-2.299934776868184372e-02,9.804178704792184007e+00
2.432748312817783365e+00,2.438398247975030131e+00,1.694980547174029795e-02,-2.282470891250554246e-02,9.804125096559236141e+00
2.432823807690480677e+00,2.438398247975030131e+00,1.672332085364836018e-02,-2.264846180919377616e-02,9.804074859044455081e+00
2.432898710049082425e+00,2.438398247975030131e+00,1.649861377784311856e-02,-2.247070758052416295e-02,9.804027906197319453e+00
2.432973015198304001e+00,2.438398247975030131e+00,1.627569833017838974e-02,-2.229154476647288163e-02,9.803984153563705561e+00
2.433046718762882143e+00,2.438398247975030131e+00,1.605458763644396214e-02,-2.211106937344275991e-02,9.803943518263000811e+00
2.433119816679286451e+00,2.438398247975030131e+00,1.583529388723103892e-02,-2.192937492129232169e-02,9.803905918965938326e+00
2.433192305187587223e+00,2.438398247975030131e+00,1.561782836232872285e-02,-2.174655249023160763e-02,9.803871275872097613e+00
2.433264180823475176e+00,2.438398247975030131e+00,1.540220145466486557e-02,-2.156269076638572812e-02,9.803839510688279191e+00
2.433335440410432149e+00,2.438398247975030131e+00,1.518842269379394594e-02,-2.137787608709196263e-02,9.803810546606701593e+00
2.433406081052049696e+00,2.438398247975030131e+00,1.497650076894130322e-02,-2.119219248526427180e-02,9.803784308283677973e+00
2.433476100124495556e+00,2.438398247975030131e+00,1.476644355160372513e-02,-2.100572173375780949e-02,9.803760721817846857e+00
2.433545495269123560e+00,2.438398247975030131e+00,1.455825811771971345e-02,-2.081854338840116725e-02,9.803739714729319488e+00
2.433614264385224324e+00,2.438398247975030131e+00,1.435195076941742087e-02,-2.063073483022925814e-02,9.803721215939187772e+00
2.433682405622918932e+00,2.438398247975030131e+00,1.414752705633359753e-02,-2.044237130838233440e-02,9.803705155747952205e+00
2.433749917376188510e+00,2.438398247975030131e+00,1.394499179652486376e-02,-2.025352598087337697e-02,9.803691465815651540e+00
2.433816798276039695e+00,2.438398247975030131e+00,1.374434909697130891e-02,-2.006426995535548485e-02,9.803680079141615877e+00
2.433883047183804660e+00,2.438398247975030131e+00,1.354560237367641307e-02,-1.987467232948958440e-02,9.803670930044187770e+00
2.433948663184574368e+00,2.438398247975030131e+00,1.334875437136728848e-02,-1.968480023091245812e-02,9.803663954140455772e+00
2.434013645580757945e+00,2.438398247975030131e+00,1.315380718281655703e-02,-1.949471885507314539e-02,9.803659088327744797e+00
2.434077993885774394e+00,2.438398247975030131e+00,1.296076226776721185e-02,-1.930449150493451782e-02,9.803656270762832747e+00
2.434141707817866873e+00,2.438398247975030131e+00,1.276962047148977319e-02,-1.911417962774386581e-02,9.803655440843746405e+00
2.434204787294043992e+00,2.438398247975030131e+00,1.258038204295841567e-02,-1.892384285313575276e-02,9.803656539189823604e+00
2.434267232424140115e+00,2.438398247975030131e+00,1.239304665267004779e-02,-1.873353902883678757e-02,9.803659507623834202e+00
2.434329043504998680e+00,2.438398247975030131e+00,1.220761341009435341e-02,-1.854332425756943792e-02,9.803664289152525413e+00
2.434390221014772315e+00,2.438398247975030131e+00,1.202408088077344672e-02,-1.835325293209066899e-02,9.803670827948682387e+00
2.434450765607341083e+00,2.438398247975030131e+00,1.184244710306714410e-02,-1.816337777063026238e-02,9.803679069332437379e+00
2.434510678106843073e+00,2.438398247975030131e+00,1.166270960456117223e-02,-1.797374985059718711e-02,9.803688959753964483e+00
2.434569959502320469e+00,2.438398247975030131e+00,1.148486541812898665e-02,-1.778441864321855803e-02,9.803700446774911370e+00
2.434628610942475291e+00,2.438398247975030131e+00,1.130891109766452018e-02,-1.759543204644664627e-02,9.803713479051218371e+00
2.434686633730535288e+00,2.438398247975030131e+00,1.113484273348452902e-02,-1.740683641799911641e-02,9.803728006315486354e+00
2.434744029319226843e+00,2.438398247975030131e+00,1.096265596740986226e-02,-1.721867660746667639e-02,9.803743979359943239e+00
2.434800799305854024e+00,2.438398247975030131e+00,1.079234600752831952e-02,-1.703099598815427385e-02,9.803761350019374987e+00
2.434856945427483321e+00,2.438398247975030131e+00,1.062390764264042886e-02,-1.684383648878906570e-02,9.803780071153852305e+00
2.434912469556227865e+00,2.438398247975030131e+00,1.045733525640679673e-02,-1.665723862336321304e-02,9.803800096633043637e+00
2.434967373694636006e+00,2.438398247975030131e+00,1.029262284118237503e-02,-1.647124152244217044e-02,9.803821381318741146e+00
2.435021659971175811e+00,2.438398247975030131e+00,1.012976401156295836e-02,-1.628588296194166674e-02,9.803843881049621345e+00
2.435075330635820823e+00,2.438398247975030131e+00,9.968752017627924289e-03,-1.610119939350340701e-02,9.803867552624124571e+00
2.435128388055728177e+00,2.438398247975030131e+00,9.809579757905861896e-03,-1.591722597220623925e-02,9.803892353785700564e+00
2.435180834711013986e+00,2.438398247975030131e+00,9.652239792048433742e-03,-1.573399658574281545e-02,9.803918243206306116e+00
2.435232673190620201e+00,2.438398247975030131e+00,9.496724353229790694e-03,-1.555154388186430481e-02,9.803945180471366427e+00
2.435283906188273839e+00,2.438398247975030131e+00,9.343025360268875090e-03,-1.536989929609156036e-02,9.803973126064178700e+00
2.435334536498533708e+00,2.438398247975030131e+00,9.191134429489267177e-03,-1.518909307796079133e-02,9.804002041351528973e+00
2.435384567012929047e+00,2.438398247975030131e+00,9.041042886303252146e-03,-1.500915431860150306e-02,9.804031888567703135e+00
2.435434000716180769e+00,2.438398247975030131e+00,8.892741776548085397e-03,-1.483011097551667490e-02,9.804062630801031020e+00
2.435482840682512862e+00,2.438398247975030131e+00,8.746221877551807466e-03,-1.465198989962779308e-02,9.804094231977924068e+00
2.435531090072042826e+00,2.438398247975030131e+00,8.601473708961915321e-03,-1.447481685898921455e-02,9.804126656849973642e+00
2.435578752127257829e+00,2.438398247975030131e+00,8.458487543316905999e-03,-1.429861656450093221e-02,9.804159870978816471e+00
2.435625830169570349e+00,2.438398247975030131e+00,8.317253416379344344e-03,-1.412341269375616548e-02,9.804193840722623676e+00
2.435672327595955089e+00,2.438398247975030131e+00,8.177761137225125765e-03,-1.394922791542185792e-02,9.804228533221802877e+00
2.435718247875662268e+00,2.438398247975030131e+00,8.040000298103588960e-03,-1.377608391215368044e-02,9.804263916385950850e+00
2.435763594547008193e+00,2.438398247975030131e+00,7.903960284065814079e-03,-1.360400140377748812e-02,9.804299958880289267e+00
2.435808371214241763e+00,2.438398247975030131e+00,7.769630282365103113e-03,-1.343300017007109659e-02,9.804336630112294060e+00
2.435852581544486917e+00,2.438398247975030131e+00,7.636999291629642528e-03,-1.326309907354605855e-02,9.804373900218084970e+00
2.435896229264753909e+00,2.438398247975030131e+00,7.506056130828664408e-03,-1.309431608009781201e-02,9.804411740050731794e+00
2.435939318159025646e+00,2.438398247975030131e+00,7.376789448013454376e-03,-1.292666828152100322e-02,9.804450121166492949e+00
2.435981852065414177e+00,2.438398247975030131e+00,7.249187728847861223e-03,-1.276017191655931526e-02,9.804489015812288599e+00
2.436023834873383809e+00,2.438398247975030131e+00,7.123239304938966399e-03,-1.259484239088948243e-02,9.804528396914049537e+00
2.436065270521044823e+00,2.438398247975030131e+00,6.998932361955922943e-03,-1.243069429830434558e-02,9.804568238063652075e+00
2.436106162992512481e+00,2.438398247975030131e+00,6.876254947552951080e-03,-1.226774144029718627e-02,9.804608513507256262e+00
2.436146516315330857e+00,2.438398247975030131e+00,6.755194979097822738e-03,-1.210599684551283417e-02,9.804649198133585486e+00
2.436186334557962407e+00,2.438398247975030131e+00,6.635740251203170459e-03,-1.194547278946522795e-02,9.804690267461738884e+00
2.436225621827340149e+00,2.438398247975030131e+00,6.517878443069946570e-03,-1.178618081332238887e-02,9.804731697629748055e+00
2.436264382266480677e+00,2.438398247975030131e+00,6.401597125648361697e-03,-1.162813174215848733e-02,9.804773465383490816e+00
2.436302620052159806e+00,2.438398247975030131e+00,6.286883768610973533e-03,-1.147133570373881639e-02,9.804815548064873099e+00
2.436340339392645493e+00,2.438398247975030131e+00,6.173725747153913090e-03,-1.131580214570604426e-02,9.804857923601447922e+00
2.436377544525491157e+00,2.438398247975030131e+00,6.062110348616922550e-03,-1.116153985369905399e-02,9.804900570494918810e+00
2.436414239715386287e+00,2.438398247975030131e+00,5.952024778931530591e-03,-1.100855696853919596e-02,9.804943467810392832e+00
2.436450429252062566e+00,2.438398247975030131e+00,5.843456168902694259e-03,-1.085686100288363320e-02,9.804986595166019114e+00
2.436486117448255495e+00,2.438398247975030131e+00,5.736391580323907391e-03,-1.070645885787868679e-02,9.805029932722446162e+00
2.436521308637720651e+00,2.438398247975030131e+00,5.630818011928440114e-03,-1.055735683954672766e-02,9.805073461172382210e+00
2.436556007173302785e+00,2.438398247975030131e+00,5.526722405182038500e-03,-1.040956067464016144e-02,9.805117161730542819e+00
2.436590217425058214e+00,2.438398247975030131e+00,5.424091649915752100e-03,-1.026307552662863998e-02,9.805161016123287610e+00
2.436623943778426060e+00,2.438398247975030131e+00,5.322912589812212047e-03,-1.011790601035400528e-02,9.805205006579459592e+00
2.436657190632451897e+00,2.438398247975030131e+00,5.223172027734701572e-03,-9.974056207751047509e-03,9.805249115819984596e+00
2.436689962398059350e+00,2.438398247975030131e+00,5.124856730912341618e-03,-9.831529682235995438e-03,9.805293327048676844e+00
2.436722263496371887e+00,2.438398247975030131e+00,5.027953435974730212e-03,-9.690329493761140611e-03,9.805337623942214975e+00
2.436754098357078568e+00,2.438398247975030131e+00,4.932448853854687343e-03,-9.550458212004286906e-03,9.805381990641851786e+00
2.436785471416849536e+00,2.438398247975030131e+00,4.838329674541785863e-03,-9.411917931290147976e-03,9.805426411743251691e+00
2.436816387117794580e+00,2.438398247975030131e+00,4.745582571706652431e-03,-9.274710283513343256e-03,9.805470872288193362e+00
2.436846849905968782e+00,2.438398247975030131e+00,4.654194207184048082e-03,-9.138836452260434839e-03,9.805515357754924111e+00
2.436876864229918560e+00,2.438398247975030131e+00,4.564151235334712453e-03,-9.004297184933562903e-03,9.805559854050400759e+00
2.436906434539273025e+00,2.438398247975030131e+00,4.475440307271316698e-03,-8.871092806339575532e-03,9.805604347500931794e+00
2.436935565283377514e+00,2.438398247975030131e+00,4.388048074957850986e-03,-8.739223231346571197e-03,9.805648824843611777e+00
2.436964260909966651e+00,2.438398247975030131e+00,4.301961195190440179e-03,-8.608687976741080661e-03,9.805693273218450301e+00
2.436992525863877379e+00,2.438398247975030131e+00,4.217166333458255423e-03,-8.479486173218475642e-03,9.805737680160239833e+00
2.437020364585804177e+00,2.438398247975030131e+00,4.133650167677860310e-03,-8.351616578039511296e-03,9.805782033589638402e+00
2.437047781511090250e+00,2.438398247975030131e+00,4.051399391819643370e-03,-8.225077585821694015e-03,9.805826321805998447e+00
2.437074781068556906e+00,2.438398247975030131e+00,3.970400719419675539e-03,-8.099867239996783042e-03,9.805870533479422946e+00
2.437101367679371133e+00,2.438398247975030131e+00,3.890640886976992618e-03,-7.975983244268292083e-03,9.805914657642709642e+00
2.437127545755950031e+00,2.438398247975030131e+00,3.812106657240299512e-03,-7.853422973669310636e-03,9.805958683683570598e+00
2.437153319700897214e+00,2.438398247975030131e+00,3.734784822398751203e-03,-7.732183484154830921e-03,9.806002601338244418e+00
2.437178693905978299e+00,2.438398247975030131e+00,3.658662207155494173e-03,-7.612261524325703022e-03,9.806046400682831177e+00
2.437203672751127481e+00,2.438398247975030131e+00,3.583725671707949090e-03,-7.493653544754508289e-03,9.806090072126954382e+00
2.437228260603489183e+00,2.438398247975030131e+00,3.509962114622844354e-03,-7.376355708510473619e-03,9.806133606406113756e+00
2.437252461816491689e+00,2.438398247975030131e+00,3.437358475615326370e-03,-7.260363900751798383e-03,9.806176994574864025e+00
2.437276280728951861e+00,2.438398247975030131e+00,3.365901738234811091e-03,-7.145673738051527835e-03,9.806220228000183781e+00
2.437299721664211827e+00,2.438398247975030131e+00,3.295578932454912291e-03,-7.032280577989880044e-03,9.806263298354465974e+00
2.437322788929307205e+00,2.438398247975030131e+00,3.226377137168778830e-03,-6.920179528613346065e-03,9.806306197608556374e+00
2.437345486814163298e+00,2.438398247975030131e+00,3.158283482600499070e-03,-6.809365456827976004e-03,9.806348918025772576e+00
2.437367819590822382e+00,2.438398247975030131e+00,3.091285152623246546e-03,-6.699832997725252426e-03,9.806391452154898047e+00
2.437389791512696746e+00,2.438398247975030131e+00,3.025369387000154120e-03,-6.591576562309242604e-03,9.806433792824691409e+00
2.437411406813853709e+00,2.438398247975030131e+00,2.960523483529264865e-03,-6.484590347088925455e-03,9.806475933136439949e+00
2.437432669708324173e+00,2.438398247975030131e+00,2.896734800117872766e-03,-6.378868341139209974e-03,9.806517866458978716e+00
2.437453584389440486e+00,2.438398247975030131e+00,2.833990756768933750e-03,-6.274404334893901591e-03,9.806559586421876418e+00
2.437474155029199174e+00,2.438398247975030131e+00,2.772278837492869741e-03,-6.171191927606400895e-03,9.806601086909886078e+00
2.437494385777648542e+00,2.438398247975030131e+00,2.711586592144765717e-03,-6.069224534810402361e-03,9.806642362057335305e+00
2.437514280762303809e+00,2.438398247975030131e+00,2.651901638178966181e-03,-5.968495396579953649e-03,9.806683406241599954e+00
2.437533844087583113e+00,2.438398247975030131e+00,2.593211662341055046e-03,-5.868997583791113470e-03,9.806724214078549551e+00
2.437553079834270608e+00,2.438398247975030131e+00,2.535504422278567205e-03,-5.770724006248784121e-03,9.806764780416029836e+00
2.437571992058999548e+00,2.438398247975030131e+00,2.478767748091748047e-03,-5.673667418681915819e-03,9.806805100329409441e+00
2.437590584793761561e+00,2.438398247975030131e+00,2.422989543805709189e-03,-5.577820428603885716e-03,9.806845169115202765e+00
2.437608862045435032e+00,2.438398247975030131e+00,2.368157788785296702e-03,-5.483175502041248706e-03,9.806884982286744545e+00
2.437626827795337014e+00,2.438398247975030131e+00,2.314260539079349144e-03,-5.389724970594755860e-03,9.806924535568484202e+00
2.437644485998796018e+00,2.438398247975030131e+00,2.261285928702339021e-03,-5.297461037701012287e-03,9.806963824891001380e+00
2.437661840584743889e+00,2.438398247975030131e+00,2.209222170858726741e-03,-5.206375784361227943e-03,9.807002846386497552e+00
2.437678895455330341e+00,2.438398247975030131e+00,2.158057559099368916e-03,-5.116461175935782535e-03,9.807041596383164972e+00
2.437695654485555252e+00,2.438398247975030131e+00,2.107780468424635956e-03,-5.027709067473296045e-03,9.807080071400951837e+00
2.437712121522920494e+00,2.438398247975030131e+00,2.058379356328909893e-03,-4.940111209572606299e-03,9.807118268146757245e+00
2.437728300387100422e+00,2.438398247975030131e+00,2.009842763789126963e-03,-4.853659253978293009e-03,9.807156183509810887e+00
2.437744194869631009e+00,2.438398247975030131e+00,1.962159316197364944e-03,-4.768344759176201819e-03,9.807193814557020772e+00
2.437759808733617195e+00,2.438398247975030131e+00,1.915317724238807529e-03,-4.684159195855741586e-03,9.807231158528383119e+00
2.437775145713456215e+00,2.438398247975030131e+00,1.869306784721747050e-03,-4.601093951706047847e-03,9.807268212833015752e+00
2.437790209514578699e+00,2.438398247975030131e+00,1.824115381354296517e-03,-4.519140336745053332e-03,9.807304975044608852e+00
2.437805003813205751e+00,2.438398247975030131e+00,1.779732485473140002e-03,-4.438289588115651441e-03,9.807341442897357098e+00
2.437819532256122468e+00,2.438398247975030131e+00,1.736147156722989138e-03,-4.358532875015086461e-03,9.807377614281708844e+00
2.437833798460467438e+00,2.438398247975030131e+00,1.693348543688077967e-03,-4.279861303491117042e-03,9.807413487240197014e+00
2.437847806013536456e+00,2.438398247975030131e+00,1.651325884481025241e-03,-4.202265920705272606e-03,9.807449059963776250e+00
2.437861558472601775e+00,2.438398247975030131e+00,1.610068507285067341e-03,-4.125737719595790054e-03,9.807484330787689331e+00
2.437875059364746022e+00,2.438398247975030131e+00,1.569565830852326371e-03,-4.050267643274096940e-03,9.807519298187578727e+00
2.437888312186708983e+00,2.438398247975030131e+00,1.529807364963442495e-03,-3.975846588888387600e-03,9.807553960776075996e+00
2.437901320404749494e+00,2.438398247975030131e+00,1.490782710841909164e-03,-3.902465412153333091e-03,9.807588317298689518e+00
2.437914087454519763e+00,2.438398247975030131e+00,1.452481561531104859e-03,-3.830114931080430551e-03,9.807622366630450728e+00
2.437926616740953012e+00,2.438398247975030131e+00,1.414893702231356798e-03,-3.758785929974806095e-03,9.807656107772256604e+00
2.437938911638163564e+00,2.438398247975030131e+00,1.378009010599701156e-03,-3.688469163165564169e-03,9.807689539847434190e+00
2.437950975489358907e+00,2.438398247975030131e+00,1.341817457013672055e-03,-3.619155358602910155e-03,9.807722662098411703e+00
2.437962811606764202e+00,2.438398247975030131e+00,1.306309104797787057e-03,-3.550835221588499735e-03,9.807755473883210229e+00
2.437974423271557889e+00,2.438398247975030131e+00,1.271474110416725978e-03,-3.483499438106107959e-03,9.807787974672312004e+00
2.437985813733818397e+00,2.438398247975030131e+00,1.237302723635202995e-03,-3.417138678152298326e-03,9.807820164045484290e+00
2.437996986212483730e+00,2.438398247975030131e+00,1.203785287639203005e-03,-3.351743599599998902e-03,9.807852041688040146e+00
2.438007943895317720e+00,2.438398247975030131e+00,1.170912239137233968e-03,-3.287304850196903772e-03,9.807883607388941272e+00
2.438018689938890482e+00,2.438398247975030131e+00,1.138674108418946673e-03,-3.223813071828729448e-03,9.807914861036589826e+00
2.438029227468567317e+00,2.438398247975030131e+00,1.107061519388441440e-03,-3.161258903050523372e-03,9.807945802616337971e+00
2.438039559578505600e+00,2.438398247975030131e+00,1.076065189573593983e-03,-3.099632981484745642e-03,9.807976432208089790e+00
2.438049689331664549e+00,2.438398247975030131e+00,1.045675930096745532e-03,-3.038925947684845141e-03,9.808006749982412842e+00
2.438059619759821661e+00,2.438398247975030131e+00,1.015884645625408922e-03,-2.979128447133660984e-03,9.808036756198491801e+00
2.438069353863598909e+00,2.438398247975030131e+00,9.866823342936648089e-04,-2.920231133174411298e-03,9.808066451201119307e+00
2.438078894612496050e+00,2.438398247975030131e+00,9.580600876022415946e-04,-2.862224669142321432e-03,9.808095835418459529e+00
2.438088244944935035e+00,2.438398247975030131e+00,9.300090902852886643e-04,-2.805099731695293030e-03,9.808124909358589605e+00
2.438097407768310187e+00,2.438398247975030131e+00,9.025206201598301448e-04,-2.748847012545851953e-03,9.808153673607614920e+00
2.438106385959045941e+00,2.438398247975030131e+00,8.755860479525701123e-04,-2.693457220726003243e-03,9.808182128827226620e+00
2.438115182362664335e+00,2.438398247975030131e+00,8.491968370973879132e-04,-2.638921085518219911e-03,9.808210275751580554e+00
2.438123799793857849e+00,2.438398247975030131e+00,8.233445435168462723e-04,-2.585229358054164095e-03,9.808238115185464068e+00
2.438132241036570225e+00,2.438398247975030131e+00,7.980208153797185844e-04,-2.532372813712768789e-03,9.808265648001667003e+00
2.438140508844082621e+00,2.438398247975030131e+00,7.732173928425289944e-04,-2.480342253718959000e-03,9.808292875139123623e+00
2.438148605939108648e+00,2.438398247975030131e+00,7.489261077644471243e-04,-2.429128507808187010e-03,9.808319797599956757e+00
2.438156535013894732e+00,2.438398247975030131e+00,7.251388834061955890e-04,-2.378722435825153525e-03,9.808346416447580651e+00
2.438164298730325807e+00,2.438398247975030131e+00,7.018477341129703007e-04,-2.329114929322528837e-03,9.808372732804791383e+00
2.438171899720037228e+00,2.438398247975030131e+00,6.790447649787090256e-04,-2.280296913426127503e-03,9.808398747851553523e+00
2.438179340584533783e+00,2.438398247975030131e+00,6.567221714890436601e-04,-2.232259348966536550e-03,9.808424462822522116e+00
2.438186623895312710e+00,2.438398247975030131e+00,6.348722391522620967e-04,-2.184993233678156344e-03,9.808449879005474159e+00
2.438193752193992037e+00,2.438398247975030131e+00,6.134873431142828792e-04,-2.138489603797921745e-03,9.808474997739317303e+00
2.438200727992445582e+00,2.438398247975030131e+00,5.925599477536458437e-04,-2.092739536063703554e-03,9.808499820411689996e+00
2.438207553772940184e+00,2.438398247975030131e+00,5.720826062698414205e-04,-2.047734148380442321e-03,9.808524348457890341e+00
2.438214231988280467e+00,2.438398247975030131e+00,5.520479602489913873e-04,-2.003464602085003321e-03,9.808548583358163597e+00
2.438220765061956730e+00,2.438398247975030131e+00,5.324487392202037483e-04,-1.959922102878763894e-03,9.808572526636341493e+00
2.438227155388296374e+00,2.438398247975030131e+00,5.132777602012694729e-04,-1.917097901893427547e-03,9.808596179858309227e+00
2.438233405332622006e+00,2.438398247975030131e+00,4.945279272243752189e-04,-1.874983297689425399e-03,9.808619544629536335e+00
2.438239517231410414e+00,2.438398247975030131e+00,4.761922308591515218e-04,-1.833569636522369706e-03,9.808642622594337723e+00
2.438245493392458219e+00,2.438398247975030131e+00,4.582637477157369688e-04,-1.792848314341455307e-03,9.808665415433374335e+00
2.438251336095049737e+00,2.438398247975030131e+00,4.407356399411810344e-04,-1.752810777455593438e-03,9.808687924862486085e+00
2.438257047590127513e+00,2.438398247975030131e+00,4.236011547078533113e-04,-1.713448523332772311e-03,9.808710152631375578e+00
2.438262630100468176e+00,2.438398247975030131e+00,4.068536236858655286e-04,-1.674753102198778265e-03,9.808732100521487141e+00
2.438268085820860964e+00,2.438398247975030131e+00,3.904864625074999651e-04,-1.636716117836556350e-03,9.808753770344670997e+00
2.438273416918288472e+00,2.438398247975030131e+00,3.744931702249765237e-04,-1.599329228252344137e-03,9.808775163941973574e+00
2.438278625532110055e+00,2.438398247975030131e+00,3.588673287602262008e-04,-1.562584146475032298e-03,9.808796283182285691e+00
2.438283713774249684e+00,2.438398247975030131e+00,3.436026023413418784e-04,-1.526472641888432236e-03,9.808817129960452519e+00
2.438288683729385564e+00,2.438398247975030131e+00,3.286927369337000471e-04,-1.490986540764183133e-03,9.808837706196170458e+00
2.438293537455141102e+00,2.438398247975030131e+00,3.141315596670857246e-04,-1.456117726661432243e-03,9.808858013833006595e+00
2.438298276982279855e+00,2.438398247975030131e+00,2.999129782508269670e-04,-1.421858141625875760e-03,9.808878054836625893e+00
2.438302904314902264e+00,2.438398247975030131e+00,2.860309803836003084e-04,-1.388199786722665863e-03,9.808897831193661432e+00
2.438307421430644162e+00,2.438398247975030131e+00,2.724796331579071307e-04,-1.355134722569317773e-03,9.808917344910589975e+00
2.438311830280877057e+00,2.438398247975030131e+00,2.592530824592209626e-04,-1.322655069868616806e-03,9.808936598012591546e+00
2.438316132790911084e+00,2.438398247975030131e+00,2.463455523571411732e-04,-1.290753010207978946e-03,9.808955592542149660e+00
2.438320330860199281e+00,2.438398247975030131e+00,2.337513444925498618e-04,-1.259420786459131136e-03,9.808974330558033472e+00
2.438324426362543207e+00,2.438398247975030131e+00,2.214648374607719461e-04,-1.228650703177791570e-03,9.808992814134283478e+00
2.438328421146300773e+00,2.438398247975030131e+00,2.094804861880739111e-04,-1.198435127269803502e-03,9.809011045358918324e+00
2.438332317034594077e+00,2.438398247975030131e+00,1.977928213081625586e-04,-1.168766487991135250e-03,9.809029026333316637e+00
2.438336115825520789e+00,2.438398247975030131e+00,1.863964485280256156e-04,-1.139637278013694299e-03,9.809046759170515273e+00
2.438339819292364652e+00,2.438398247975030131e+00,1.752860479964368778e-04,-1.111040053158873775e-03,9.809064245994838060e+00
2.438343429183807753e+00,2.438398247975030131e+00,1.644563736671322829e-04,-1.082967432930459495e-03,9.809081488940737614e+00
2.438346947224145023e+00,2.438398247975030131e+00,1.539022526553246450e-04,-1.055412101180763784e-03,9.809098490151475502e+00
2.438350375113497392e+00,2.438398247975030131e+00,1.436185845982151932e-04,-1.028366805710945187e-03,9.809115251778887767e+00
2.438353714528027627e+00,2.438398247975030131e+00,1.336003410075115028e-04,-1.001824359070369042e-03,9.809131775981937196e+00
2.438356967120156149e+00,2.438398247975030131e+00,1.238425646219454279e-04,-9.757776385566074850e-04,9.809148064926066724e+00
2.438360134518777311e+00,2.438398247975030131e+00,1.143403687584587658e-04,-9.502195863486662120e-04,9.809164120782410734e+00
2.438363218329476556e+00,2.438398247975030131e+00,1.050889366607243858e-04,-9.251432097734380022e-04,9.809179945726887340e+00
2.438366220134748463e+00,2.438398247975030131e+00,9.608352084500282331e-05,-9.005415815721562467e-04,9.809195541939272900e+00
2.438369141494214354e+00,2.438398247975030131e+00,8.731944244733114147e-05,-8.764078397671681842e-04,9.809210911602679772e+00
2.438371983944840782e+00,2.438398247975030131e+00,7.879209056804725719e-05,-8.527351879283884273e-04,9.809226056902639712e+00
2.438374749001157138e+00,2.438398247975030131e+00,7.049692161897880283e-05,-8.295168949068454367e-04,9.809240980026713075e+00
2.438377438155476362e+00,2.438398247975030131e+00,6.242945866130611421e-05,-8.067462957672688617e-04,9.809255683162895423e+00
2.438380052878112103e+00,2.438398247975030131e+00,5.458529075408335984e-05,-7.844167907222754366e-04,9.809270168500031417e+00
2.438382594617597654e+00,2.438398247975030131e+00,4.696007229743059952e-05,-7.625218456652760324e-04,9.809284438226633540e+00
2.438385064800905777e+00,2.438398247975030131e+00,3.954952237306130769e-05,-7.410549924369291830e-04,9.809298494529937074e+00
2.438387464833666751e+00,2.438398247975030131e+00,3.234942409013896736e-05,-7.200098282922340331e-04,9.809312339595798846e+00
2.438389796100387308e+00,2.438398247975030131e+00,2.535562392846912871e-05,-6.993800161669838644e-04,9.809325975607762871e+00
2.438392059964668679e+00,2.438398247975030131e+00,1.856403108435600302e-05,-6.791592844113125693e-04,9.809339404746673097e+00
2.438394257769425089e+00,2.438398247975030131e+00,1.197061681512678888e-05,-6.593414269229214142e-04,9.809352629189891815e+00
2.438396390837100469e+00,2.438398247975030131e+00,5.571413788985069004e-06,-6.399203026141719874e-04,9.809365651111175310e+00
2.438398460469886952e+00,2.438398247975030131e+00,-6.374845704648635092e-07,-6.208898359449932514e-04,9.809378472679485483e+00
2.438400467949941142e+00,2.438398247975030131e+00,-6.659924733032340782e-06,-6.022440162567477273e-04,9.809391096059011161e+00
2.438402414539601271e+00,2.438398247975030131e+00,-1.249969371341919100e-05,-5.839768980386850217e-04,9.809403523408247949e+00
2.438404301481602143e+00,2.438398247975030131e+00,-1.816051971603727111e-05,-5.660826002618080111e-04,9.809415756880023096e+00
2.438406129999290961e+00,2.438398247975030131e+00,-2.364607278249053479e-05,-5.485553066453263682e-04,9.809427798620571792e+00
2.438407901296841818e+00,2.438398247975030131e+00,-2.895996543506029752e-05,-5.313892652569762731e-04,9.809439650769308017e+00
2.438409616559469750e+00,2.438398247975030131e+00,-3.410575331885823402e-05,-5.145787883797936502e-04,9.809451315458302290e+00
2.438411276953643458e+00,2.438398247975030131e+00,-3.908693583998257282e-05,-4.981182521124338791e-04,9.809462794812048969e+00
2.438412883627298466e+00,2.438398247975030131e+00,-4.390695680500655840e-05,-4.820020965023985582e-04,9.809474090946693536e+00
2.438414437710048066e+00,2.438398247975030131e+00,-4.856920505380557529e-05,-4.662248248799016892e-04,9.809485205970066346e+00
2.438415940313394703e+00,2.438398247975030131e+00,-5.307701509371653970e-05,-4.507810039910964406e-04,9.809496141980915240e+00
2.438417392530939587e+00,2.438398247975030131e+00,-5.743366772836822065e-05,-4.356652634651680955e-04,9.809506901068807849e+00
2.438418795438591413e+00,2.438398247975030131e+00,-6.164239068384702591e-05,-4.208722955478805261e-04,9.809517485313769214e+00
2.438420150094774641e+00,2.438398247975030131e+00,-6.570635923353052021e-05,-4.063968549683494302e-04,9.809527896785798617e+00
2.438421457540636439e+00,2.438398247975030131e+00,-6.962869681892414064e-05,-3.922337585393620429e-04,9.809538137544642211e+00
2.438422718800252742e+00,2.438398247975030131e+00,-7.341247566783337675e-05,-3.783778848909236103e-04,9.809548209639441296e+00
2.438423934880832977e+00,2.438398247975030131e+00,-7.706071740853914775e-05,-3.648241740705771008e-04,9.809558115108520937e+00
2.438425106772923900e+00,2.438398247975030131e+00,-8.057639368130864455e-05,-3.515676272769496791e-04,9.809567855979041795e+00
2.438426235450612545e+00,2.438398247975030131e+00,-8.396242674724163635e-05,-3.386033065932991803e-04,9.809577434266660845e+00
2.438427321871727838e+00,2.438398247975030131e+00,-8.722169009311997456e-05,-3.259263345878338214e-04,9.809586851975319988e+00
2.438428366978040884e+00,2.438398247975030131e+00,-9.035700903226029368e-05,-3.135318939140319117e-04,9.809596111097054205e+00
2.438429371695463477e+00,2.438398247975030131e+00,-9.337116130003764169e-05,-3.014152267777348015e-04,9.809605213611922281e+00
2.438430336934247489e+00,2.438398247975030131e+00,-9.626687765207364578e-05,-2.895716352036004082e-04,9.809614161487145267e+00
2.438431263589180276e+00,2.438398247975030131e+00,-9.904684245043426927e-05,-2.779964798360623490e-04,9.809622956677714001e+00
2.438432152539780517e+00,2.438398247975030131e+00,-1.017136942511598363e-04,-2.666851800725567045e-04,9.809631601125676781e+00
2.438433004650493618e+00,2.438398247975030131e+00,-1.042700263904627889e-04,-2.556332139302952555e-04,9.809640096759679295e+00
2.438433820770882665e+00,2.438398247975030131e+00,-1.067183875576027674e-04,-2.448361167139978534e-04,9.809648445495728453e+00
2.438434601735821161e+00,2.438398247975030131e+00,-1.090612823730907621e-04,-2.342894815487994720e-04,9.809656649236078607e+00
2.438435348365683097e+00,2.438398247975030131e+00,-1.113011719588996584e-04,-2.239889585808896300e-04,9.809664709869460708e+00
2.438436061466532134e+00,2.438398247975030131e+00,-1.134404745060102471e-04,-2.139302547110588648e-04,9.809672629270783872e+00
2.438436741830308119e+00,2.438398247975030131e+00,-1.154815658339636286e-04,-2.041091327953381551e-04,9.809680409301371640e+00
2.438437390235014490e+00,2.438398247975030131e+00,-1.174267799530781531e-04,-1.945214119114524465e-04,9.809688051808135967e+00
2.438438007444901690e+00,2.438398247975030131e+00,-1.192784096146759509e-04,-1.851629661597797849e-04,9.809695558624225598e+00
2.438438594210651011e+00,2.438398247975030131e+00,-1.210387068626417317e-04,-1.760297247965780798e-04,9.809702931568342166e+00
2.438439151269557126e+00,2.438398247975030131e+00,-1.227098835809847799e-04,-1.671176718343048151e-04,9.809710172444585652e+00
2.438439679345707933e+00,2.438398247975030131e+00,-1.242941120334073446e-04,-1.584228452422564715e-04,9.809717283042724389e+00
2.438440179150163090e+00,2.438398247975030131e+00,-1.257935253988762270e-04,-1.499413365468882375e-04,9.809724265138054733e+00
2.438440651381132085e+00,2.438398247975030131e+00,-1.272102183058620994e-04,-1.416692906985872469e-04,9.809731120490996048e+00
2.438441096724150103e+00,2.438398247975030131e+00,-1.285462473599174871e-04,-1.336029054055387633e-04,9.809737850847234597e+00
2.438441515852252994e+00,2.438398247975030131e+00,-1.298036316685902136e-04,-1.257384308672726547e-04,9.809744457937464190e+00
2.438441909426149579e+00,2.438398247975030131e+00,-1.309843533583432418e-04,-1.180721689753028159e-04,9.809750943477666851e+00
2.438442278094393956e+00,2.438398247975030131e+00,-1.320903580914745135e-04,-1.106004733131271678e-04,9.809757309168595896e+00
2.438442622493555145e+00,2.438398247975030131e+00,-1.331235555750431843e-04,-1.033197483568670805e-04,9.809763556696069031e+00
2.438442943248385841e+00,2.438398247975030131e+00,-1.340858200671313227e-04,-9.622644920881384678e-05,9.809769687730724996e+00
2.438443240971989390e+00,2.438398247975030131e+00,-1.349789908777765390e-04,-8.931708106452163065e-05,9.809775703928057311e+00
2.438443516265985878e+00,2.438398247975030131e+00,-1.358048728672400784e-04,-8.258819894635394121e-05,9.809781606928186903e+00
2.438443769720675114e+00,2.438398247975030131e+00,-1.365652369349490414e-04,-7.603640677089629207e-05,9.809787398356295540e+00
2.438444001915200054e+00,2.438398247975030131e+00,-1.372618205097708710e-04,-6.965835748218296430e-05,9.809793079822007655e+00
2.438444213417707118e+00,2.438398247975030131e+00,-1.378963280309619677e-04,-6.345075211910966573e-05,9.809798652919850426e+00
2.438444404785506503e+00,2.438398247975030131e+00,-1.384704314291163030e-04,-5.741033981543353093e-05,9.809804119228756392e+00
2.438444576565228505e+00,2.438398247975030131e+00,-1.389857705951236255e-04,-5.153391660073225466e-05,9.809809480312804197e+00
2.438444729292981616e+00,2.438398247975030131e+00,-1.394439538544567370e-04,-4.581832593331114367e-05,9.809814737720213174e+00
2.438444863494507064e+00,2.438398247975030131e+00,-1.398465584308006271e-04,-4.026045763438901304e-05,9.809819892983934864e+00
2.438444979685330694e+00,2.438398247975030131e+00,-1.401951309016880032e-04,-3.485724708873760846e-05,9.809824947622010072e+00
2.438445078370916619e+00,2.438398247975030131e+00,-1.404911876594638898e-04,-2.960567577758865809e-05,9.809829903136563445e+00
2.438445160046815996e+00,2.438398247975030131e+00,-1.407362153575952846e-04,-2.450276981313947999e-05,9.809834761014830207e+00
2.438445225198817123e+00,2.438398247975030131e+00,-1.409316713609776173e-04,-1.954560033823327103e-05,9.809839522728301731e+00
2.438445274303091104e+00,2.438398247975030131e+00,-1.410789841829185320e-04,-1.473128219409147732e-05,9.809844189733624376e+00
2.438445307826338393e+00,2.438398247975030131e+00,-1.411795539247862052e-04,-1.005697418676732013e-05,9.809848763471888944e+00
2.438445326225932686e+00,2.438398247975030131e+00,-1.412347527076640574e-04,-5.519878287785218163e-06,9.809853245369005492e+00
2.438445329950063911e+00,2.438398247975030131e+00,-1.412459251013409300e-04,-1.117239367687261620e-06,9.809857636835531025e+00
2.438445319437879011e+00,2.438398247975030131e+00,-1.412143885466399240e-04,3.153655470100602543e-06,9.809861939266923514e+00
2.438445295119620493e+00,2.438398247975030131e+00,-1.411414337710859002e-04,7.295477555402385406e-06,9.809866154043785258e+00
2.438445257416766321e+00,2.438398247975030131e+00,-1.410283252085697825e-04,1.131085625161176722e-05,9.809870282531043983e+00
2.438445206742165361e+00,2.438398247975030131e+00,-1.408763014056901852e-04,1.520238028795972696e-05,9.809874326078883655e+00
2.438445143500172385e+00,2.438398247975030131e+00,-1.406865754267627722e-04,1.897259789274130526e-05,9.809878286022467364e+00
2.438445068086781742e+00,2.438398247975030131e+00,-1.404603352548328132e-04,2.262401719299589331e-05,9.809882163681939105e+00
2.438444980889759250e+00,2.438398247975030131e+00,-1.401987441873586704e-04,2.615910674741428465e-05,9.809885960362560553e+00
2.438444882288772764e+00,2.438398247975030131e+00,-1.399029412278984807e-04,2.958029594601896406e-05,9.809889677354718174e+00
2.438444772655521842e+00,2.438398247975030131e+00,-1.395740414751323044e-04,3.288997527661763343e-05,9.809893315933802427e+00
2.438444652353864317e+00,2.438398247975030131e+00,-1.392131365025583989e-04,3.609049725739055248e-05,9.809896877360754885e+00
2.438444521739942861e+00,2.438398247975030131e+00,-1.388212947381894935e-04,3.918417643689053875e-05,9.809900362881698754e+00
2.438444381162309771e+00,2.438398247975030131e+00,-1.383995618389199933e-04,4.217328992695001944e-05,9.809903773728088083e+00
2.438444230962049541e+00,2.438398247975030131e+00,-1.379489610582318448e-04,4.506007806881484612e-05,9.809907111117011524e+00
2.438444071472900987e+00,2.438398247975030131e+00,-1.374704936125681343e-04,4.784674456637105777e-05,9.809910376250954300e+00
2.438443903021377146e+00,2.438398247975030131e+00,-1.369651390410453473e-04,5.053545715227869550e-05,9.809913570318112619e+00
2.438443725926885186e+00,2.438398247975030131e+00,-1.364338555651656293e-04,5.312834758797180257e-05,9.809916694492024192e+00
2.438443540501842755e+00,2.438398247975030131e+00,-1.358775804378709040e-04,5.562751272947252801e-05,9.809919749932291211e+00
2.438443347051793442e+00,2.438398247975030131e+00,-1.352972302899324575e-04,5.803501479384465256e-05,9.809922737784503965e+00
2.438443145875522688e+00,2.438398247975030131e+00,-1.346937014776727892e-04,6.035288122596682570e-05,9.809925659179748791e+00
2.438442937265169697e+00,2.438398247975030131e+00,-1.340678704186970549e-04,6.258310589757343223e-05,9.809928515235480262e+00
2.438442721506340227e+00,2.438398247975030131e+00,-1.334205939302890442e-04,6.472764884080106640e-05,9.809931307054910121e+00
2.438442498878216291e+00,2.438398247975030131e+00,-1.327527095584812855e-04,6.678843718077587255e-05,9.809934035727621904e+00
2.438442269653664951e+00,2.438398247975030131e+00,-1.320650359044606148e-04,6.876736540206707105e-05,9.809936702329498104e+00
2.438442034099346678e+00,2.438398247975030131e+00,-1.313583729496414776e-04,7.066629548191372123e-05,9.809939307922533658e+00
2.438441792475820602e+00,2.438398247975030131e+00,-1.306335023714133570e-04,7.248705782281206211e-05,9.809941853555452340e+00
2.438441545037650204e+00,2.438398247975030131e+00,-1.298911878602204695e-04,7.423145111928874940e-05,9.809944340263259122e+00
2.438441292033505903e+00,2.438398247975030131e+00,-1.291321754273155875e-04,7.590124329048819618e-05,9.809946769067863670e+00
2.438441033706268524e+00,2.438398247975030131e+00,-1.283571937151783970e-04,7.749817121371904705e-05,9.809949140977499482e+00
2.438440770293128779e+00,2.438398247975030131e+00,-1.275669542959434466e-04,7.902394192349504465e-05,9.809951456987628049e+00
2.438440502025688073e+00,2.438398247975030131e+00,-1.267621519738248992e-04,8.048023221185474085e-05,9.809953718080238971e+00
2.438440229130055314e+00,2.438398247975030131e+00,-1.259434650755508756e-04,8.186868982740236333e-05,9.809955925224752349e+00
2.438439951826945062e+00,2.438398247975030131e+00,-1.251115557447946003e-04,8.319093307562752670e-05,9.809958079377331330e+00
2.438439670331772557e+00,2.438398247975030131e+00,-1.242670702272796746e-04,8.444855175149257320e-05,9.809960181481525154e+00
2.438439384854748315e+00,2.438398247975030131e+00,-1.234106391545530812e-04,8.564310727265933565e-05,9.809962232468118160e+00
2.438439095600970941e+00,2.438398247975030131e+00,-1.225428778224291193e-04,8.677613321239618926e-05,9.809964233255390909e+00
2.438438802770519054e+00,2.438398247975030131e+00,-1.216643864667688035e-04,8.784913556603157758e-05,9.809966184749100648e+00
2.438438506558541885e+00,2.438398247975030131e+00,-1.207757505352624605e-04,8.886359315063430131e-05,9.809968087842616313e+00
2.438438207155348980e+00,2.438398247975030131e+00,-1.198775409565477901e-04,8.982095787146704424e-05,9.809969943416914973e+00
2.438437904746497686e+00,2.438398247975030131e+00,-1.189703144026665882e-04,9.072265538812018804e-05,9.809971752340985063e+00
2.438437599512880638e+00,2.438398247975030131e+00,-1.180546135515214701e-04,9.157008511451181221e-05,9.809973515471563488e+00
2.438437291630810577e+00,2.438398247975030131e+00,-1.171309673413389874e-04,9.236462101824827187e-05,9.809975233653677407e+00
2.438436981272106063e+00,2.438398247975030131e+00,-1.161998912277972806e-04,9.310761135417067180e-05,9.809976907720127315e+00
2.438436668604173629e+00,2.438398247975030131e+00,-1.152618874304955909e-04,9.380037973016897013e-05,9.809978538492300615e+00
2.438436353790090383e+00,2.438398247975030131e+00,-1.143174451807560388e-04,9.444422497395521532e-05,9.809980126779793252e+00
2.438436036988684830e+00,2.438398247975030131e+00,-1.133670409640963328e-04,9.504042166597059804e-05,9.809981673380702816e+00
2.438435718354617698e+00,2.438398247975030131e+00,-1.124111387627024783e-04,9.559022013938545115e-05,9.809983179081378069e+00
2.438435398038458768e+00,2.438398247975030131e+00,-1.114501902859110771e-04,9.609484767914011627e-05,9.809984644657394171e+00
2.438435076186765471e+00,2.438398247975030131e+00,-1.104846352060206982e-04,9.655550798903789200e-05,9.809986070872783515e+00
2.438434752942159278e+00,2.438398247975030131e+00,-1.095149013874419097e-04,9.697338185787884868e-05,9.809987458480470934e+00
2.438434428443401192e+00,2.438398247975030131e+00,-1.085414051131827762e-04,9.734962742591335427e-05,9.809988808222312784e+00
2.438434102825465466e+00,2.438398247975030131e+00,-1.075645513060052849e-04,9.768538071774912623e-05,9.809990120829411353e+00
2.438433776219612437e+00,2.438398247975030131e+00,-1.065847337469172373e-04,9.798175590880475738e-05,9.809991397022162829e+00
2.438433448753461796e+00,2.438398247975030131e+00,-1.056023352949964078e-04,9.823984519208295296e-05,9.809992637509896696e+00
2.438433120551062316e+00,2.438398247975030131e+00,-1.046177280965565615e-04,9.846071984398463428e-05,9.809993842991747925e+00
2.438432791732962013e+00,2.438398247975030131e+00,-1.036312737956457397e-04,9.864543009108217575e-05,9.809995014156296378e+00
2.438432462416276980e+00,2.438398247975030131e+00,-1.026433237405477428e-04,9.879500550979969375e-05,9.809996151681769305e+00
2.438432132714760225e+00,2.438398247975030131e+00,-1.016542191902836123e-04,9.891045502641304665e-05,9.809997256235837071e+00
2.438431802738866949e+00,2.438398247975030131e+00,-1.006642915104549729e-04,9.899276798286393841e-05,9.809998328476472906e+00
2.438431472595821603e+00,2.438398247975030131e+00,-9.967386237441644425e-05,9.904291360385286680e-05,9.809999369051229934e+00
2.438431142389681394e+00,2.438398247975030131e+00,-9.868324395378991198e-05,9.906184206265322700e-05,9.810000378598109805e+00
2.438430812221400679e+00,2.438398247975030131e+00,-9.769273911164333413e-05,9.905048421465778574e-05,9.810001357745104400e+00
2.438430482188894466e+00,2.438398247975030131e+00,-9.670264159300501206e-05,9.900975186383220716e-05,9.810002307110270436e+00
2.438430152387099259e+00,6.537197405901035374e+00,1.229630176054180701e+01,0.000000000000000000e+00,2.210630176054180751e+01
2.439659452761358427e+00,6.537197405901035374e+00,1.229261385941902951e+01,-3.687901122777503815e-01,2.173382374714127963e+01
2.442081135510331791e+00,6.537197405901035374e+00,1.228534881117210986e+01,-7.265048246918759389e-01,2.136884398648023620e+01
2.445658702657953043e+00,6.537197405901035374e+00,1.227461610972924788e+01,-1.073270144286375682e+00,2.101134596544287092e+01
2.450356404402118660e+00,6.537197405901035374e+00,1.226052300449674881e+01,-1.409310523249818203e+00,2.066121248124693111e+01
2.456139227394408930e+00,6.537197405901035374e+00,1.224317453551988066e+01,-1.734846897686814771e+00,2.031832763783306461e+01
2.462972883150482684e+00,6.537197405901035374e+00,1.222267356825165940e+01,-2.050096726822125959e+00,1.998257684142953394e+01
2.470823796590699395e+00,6.537197405901035374e+00,1.219912082793100794e+01,-2.355274032065146628e+00,1.965384679586586003e+01
2.479659094710502387e+00,6.537197405901035374e+00,1.217261493357159807e+01,-2.650589435940897687e+00,1.933202549763070266e+01
2.489446595380068405e+00,6.537197405901035374e+00,1.214325243156289957e+01,-2.936250200869938709e+00,1.901700223069295959e+01
2.500154796272703983e+00,6.537197405901035374e+00,1.211112782888499417e+01,-3.212460267790540058e+00,1.870866756109445461e+01
2.511752863921449030e+00,6.537197405901035374e+00,1.207633362593876036e+01,-3.479420294623380983e+00,1.840691333131537988e+01
2.524210622903325429e+00,6.537197405901035374e+00,1.203896034899312895e+01,-3.737327694563052916e+00,1.811163265443007475e+01
2.537498545150644880e+00,6.537197405901035374e+00,1.199909658225117148e+01,-3.986376674195835079e+00,1.782271990805533690e+01
2.551587739388769815e+00,6.537197405901035374e+00,1.195682899953679623e+01,-4.226758271437480730e+00,1.754007072809931600e+01
2.566449940699704779e+00,6.537197405901035374e+00,1.191224239560399134e+01,-4.458660393280489131e+00,1.726358200232350271e+01
2.582057500210872103e+00,6.537197405901035374e+00,1.186541971707048937e+01,-4.682267853350197129e+00,1.699315186372029274e+01
2.598383374908411536e+00,6.537197405901035374e+00,1.181644209297787107e+01,-4.897762409261829930e+00,1.672867968371604164e+01
2.615401117574322587e+00,6.537197405901035374e+00,1.176538886498013881e+01,-5.105322799773315268e+00,1.647006606520682226e+01
2.633084866846754135e+00,6.537197405901035374e+00,1.171233761716284327e+01,-5.305124781729464445e+00,1.621721283543337933e+01
2.651409337402728994e+00,6.537197405901035374e+00,1.165736420549491825e+01,-5.497341166792457656e+00,1.597002303870246109e+01
2.670349810262574231e+00,6.537197405901035374e+00,1.160054278691538343e+01,-5.682141857953570963e+00,1.572840092896181297e+01
2.689882123215315612e+00,6.537197405901035374e+00,1.154194584805715884e+01,-5.859693885822414572e+00,1.549225196223474477e+01
2.709982661364280343e+00,6.537197405901035374e+00,1.148164423361026465e+01,-6.030161444689419170e+00,1.526148278892084598e+01
2.730628347792137145e+00,6.537197405901035374e+00,1.141970717432669424e+01,-6.193705928357040591e+00,1.503600124596965415e+01
2.751796634344591208e+00,6.537197405901035374e+00,1.135620231466933205e+01,-6.350485965736218930e+00,1.481571634893311362e+01
2.773465492531938636e+00,6.537197405901035374e+00,1.129119574010729110e+01,-6.500657456204228524e+00,1.460053828390306307e+01
2.795613404547676151e+00,6.537197405901035374e+00,1.122475200406007723e+01,-6.644373604721254267e+00,1.439037839933882346e+01
2.818219354403347587e+00,6.537197405901035374e+00,1.115693415449306336e+01,-6.781784956701431000e+00,1.418514919779163286e+01
2.841262819178798082e+00,6.537197405901035374e+00,1.108780376016671099e+01,-6.913039432635148529e+00,1.398476432753156296e+01
2.864723760387001938e+00,6.537197405901035374e+00,1.101742093654210031e+01,-7.038282362461156794e+00,1.378913857408094401e+01
2.888582615452613744e+00,6.537197405901035374e+00,1.094584437134526489e+01,-7.157656519683541774e+00,1.359818785166172361e+01
2.912820289303391874e+00,6.537197405901035374e+00,1.087313134979293139e+01,-7.271302155233438924e+00,1.341182919455949296e+01
2.937418146073625724e+00,6.537197405901035374e+00,1.079933777948222939e+01,-7.379357031070155060e+00,1.322998074841207483e+01
2.962358000918700718e+00,6.537197405901035374e+00,1.072451821494700397e+01,-7.481956453522498052e+00,1.305256176142450641e+01
2.987622111939918224e+00,6.537197405901035374e+00,1.064872588188335101e+01,-7.579233306365251721e+00,1.287949257551809978e+01
3.013193172218687543e+00,6.537197405901035374e+00,1.057201270104704349e+01,-7.671318083630795925e+00,1.271069461741624806e+01
3.039054301959198678e+00,6.537197405901035374e+00,1.049442931182550964e+01,-7.758338922153340533e+00,1.254609038967216961e+01
3.065189040738677040e+00,6.537197405901035374e+00,1.041602509548707545e+01,-7.840421633843508431e+00,1.238560346164356751e+01
3.091581339864319489e+00,6.537197405901035374e+00,1.033684819811014677e+01,-7.917689737692734653e+00,1.222915846041741261e+01
3.118215554836003989e+00,6.537197405901035374e+00,1.025694555319509504e+01,-7.990264491505350009e+00,1.207668106168974553e+01
3.145076437913857159e+00,6.537197405901035374e+00,1.017636290396153420e+01,-8.058264923355951126e+00,1.192809798060558357e+01
3.172149130789771121e+00,6.537197405901035374e+00,1.009514482533379365e+01,-8.121807862774188536e+00,1.178333696255960561e+01
3.199419157361941046e+00,6.537197405901035374e+00,1.001333474561728210e+01,-8.181007971650977595e+00,1.164232677396630500e+01
3.226872416611507699e+00,6.537197405901035374e+00,9.930974967868582581e+00,-8.235977774869995827e+00,1.150499719299858725e+01
3.254495175580374156e+00,6.537197405901035374e+00,9.848106690961984100e+00,-8.286827690659936962e+00,1.137127900030204763e+01
3.282274062449270779e+00,6.537197405901035374e+00,9.764770030355293784e+00,-8.333666060668987186e+00,1.124110396968630710e+01
3.310196059715135863e+00,6.537197405901035374e+00,9.681004038557698976e+00,-8.376599179759525171e+00,1.111440485879817430e+01
3.338248497466880682e+00,6.537197405901035374e+00,9.596846725302464520e+00,-8.415731325523445605e+00,1.099111539977901941e+01
3.366419046758603706e+00,6.537197405901035374e+00,9.512335077427295005e+00,-8.451164787516907140e+00,1.087117028991038836e+01
3.394695713079317834e+00,6.537197405901035374e+00,9.427505078465152621e+00,-8.482999896214238333e+00,1.075450518225091479e+01
3.423066829918256726e+00,6.537197405901035374e+00,9.342391727948335500e+00,-8.511335051681667707e+00,1.064105667626666829e+01
3.451521052424822322e+00,6.537197405901035374e+00,9.257029060428639156e+00,-8.536266751969678879e+00,1.053076230845896077e+01
3.480047351162233848e+00,6.537197405901035374e+00,9.171450164216404133e+00,-8.557889621223457866e+00,1.042356054299294676e+01
3.508635005953944841e+00,6.537197405901035374e+00,9.085687199841270711e+00,-8.576296437513297732e+00,1.031939076232797348e+01
3.537273599821888492e+00,6.537197405901035374e+00,8.999771418237440201e+00,-8.591578160383095408e+00,1.021819325785434529e+01
3.565953013015617401e+00,6.537197405901035374e+00,8.913733178656254807e+00,-8.603823958118672621e+00,1.011990922053758268e+01
3.594663417131400251e+00,6.537197405901035374e+00,8.827601966308904480e+00,-8.613121234734855136e+00,1.002448073157404984e+01
3.623395269320340617e+00,6.537197405901035374e+00,8.741406409742083383e+00,-8.619555656682109657e+00,9.931850753059974224e+00
3.652139306584587075e+00,6.537197405901035374e+00,8.655174297949344009e+00,-8.623211179273937432e+00,9.841963118675407074e+00
3.680886540160700715e+00,6.537197405901035374e+00,8.568932597221003533e+00,-8.624170072834091982e+00,9.754762524386912048e+00
3.709628249989253224e+00,6.537197405901035374e+00,8.482707467735346896e+00,-8.622512948565752566e+00,9.670194519169594827e+00
3.738355979269722518e+00,6.537197405901035374e+00,8.396524279893938569e+00,-8.618318784140788225e+00,9.588205495753150842e+00
3.767061529099767103e+00,6.537197405901035374e+00,8.310407630403805257e+00,-8.611664949013375647e+00,9.508742681390430107e+00
3.795736953197951014e+00,6.537197405901035374e+00,8.224381358109253526e+00,-8.602627229455173108e+00,9.431754128654080915e+00
3.824374552709000064e+00,6.537197405901035374e+00,8.138468559576105932e+00,-8.591279853314714998e+00,9.357188706261391431e+00
3.852966871090675482e+00,6.537197405901035374e+00,8.052691604431078787e+00,-8.577695514502625684e+00,9.284996089928453600e+00
3.881506689081343886e+00,6.537197405901035374e+00,7.967072150459074464e+00,-8.561945397200521057e+00,9.215126753258553904e+00
3.909987019747338088e+00,6.537197405901035374e+00,7.881631158461091857e+00,-8.544099199798260713e+00,9.147531958662831642e+00
3.938401103609198373e+00,6.537197405901035374e+00,7.796388906875511005e+00,-8.524225158558085269e+00,9.082163748317427121e+00
3.966742403845890497e+00,6.537197405901035374e+00,7.711365006165435076e+00,-8.502390071007637218e+00,9.018974935157798356e+00
3.995004601576098491e+00,6.537197405901035374e+00,7.626578412974810206e+00,-8.478659319062398225e+00,8.957919093912412478e+00
4.023181591215697850e+00,6.537197405901035374e+00,7.542047444056012573e+00,-8.453096891879807728e+00,8.898950552176206230e+00
4.051267475910514726e+00,6.537197405901035374e+00,7.457789789971561945e+00,-8.425765408445062832e+00,8.842024381526499610e+00
4.079256563043483830e+00,6.537197405901035374e+00,7.373822528572654633e+00,-8.396726139890731133e+00,8.787096388681923997e+00
4.107143359815321304e+00,6.537197405901035374e+00,7.290162138257142210e+00,-8.366039031551242289e+00,8.734123106705901307e+00
4.134922568897829720e+00,6.537197405901035374e+00,7.206824511009616963e+00,-8.333762724752524775e+00,8.683061786257091796e+00
4.162589084158963892e+00,6.537197405901035374e+00,7.123824965226214445e+00,-8.299954578340251743e+00,8.633870386885963200e+00
4.190137986458786656e+00,6.537197405901035374e+00,7.041178258326746153e+00,-8.264670689946829185e+00,8.586507568379918354e+00
4.217564539515446853e+00,6.537197405901035374e+00,6.958898599156765563e+00,-8.227965916998059015e+00,8.540932682158707934e+00
4.244864185840323323e+00,6.537197405901035374e+00,6.876999660182136154e+00,-8.189893897462940942e+00,8.497105762719195710e+00
4.272032542741471595e+00,6.537197405901035374e+00,6.795494589478691339e+00,-8.150507070344481519e+00,8.454987519134210316e+00
4.299065398394533055e+00,6.537197405901035374e+00,6.714396022519506957e+00,-8.109856695918438163e+00,8.414539326601069291e+00
4.325958707980254836e+00,6.537197405901035374e+00,6.633716093762341615e+00,-8.067992875716534229e+00,8.375723218045807883e+00
4.352708589887781088e+00,6.537197405901035374e+00,6.553466448039762859e+00,-8.024964572257875517e+00,8.338501875781886952e+00
4.379311321982886085e+00,6.537197405901035374e+00,6.473658251754447868e+00,-7.980819628531499177e+00,8.302838623222950076e+00
4.405763337940313384e+00,6.537197405901035374e+00,6.394302203882165969e+00,-7.935604787228189849e+00,8.268697416653976617e+00
4.432061223639405689e+00,6.537197405901035374e+00,6.315408546784889054e+00,-7.889365709727691467e+00,8.236042837057198085e+00
4.458201713622203854e+00,6.537197405901035374e+00,6.236987076836494559e+00,-7.842146994839449547e+00,8.204840081997044621e+00
4.484181687613201461e+00,6.537197405901035374e+00,6.159047154863501738e+00,-7.793992197299282054e+00,8.175054957564221070e+00
4.509998167099955602e+00,6.537197405901035374e+00,6.081597716403239318e+00,-7.744943846026242085e+00,8.146653870376997730e+00
4.535648311973747404e+00,6.537197405901035374e+00,6.004647281781863910e+00,-7.695043462137540757e+00,8.119603819644323650e+00
4.561129417229503602e+00,6.537197405901035374e+00,5.928203966014595316e+00,-7.644331576726859367e+00,8.093872389287735558e+00
4.586438909724188662e+00,6.537197405901035374e+00,5.852275488530540137e+00,-7.592847748405517905e+00,8.069427740125021842e+00
4.611574344992885877e+00,6.537197405901035374e+00,5.776869182724448493e+00,-7.540630580609164468e+00,8.046238602115284522e+00
4.636533404121794710e+00,6.537197405901035374e+00,5.701992005337721992e+00,-7.487717738672650114e+00,8.024274266665072375e+00
4.661313890677369898e+00,6.537197405901035374e+00,5.627650545670996429e+00,-7.434145966672556227e+00,8.003504578998441588e+00
4.685913727690845576e+00,6.537197405901035374e+00,5.553851034630569394e+00,-7.379951104042703491e+00,7.983899930587866400e+00
4.710330954697379724e+00,6.537197405901035374e+00,5.480599353610966951e+00,-7.325168101960244371e+00,7.965431251650723077e+00
4.734563724829079057e+00,6.537197405901035374e+00,5.407901043215868953e+00,-7.269831039509799808e+00,7.948070003706069642e+00
4.758610301961148537e+00,6.537197405901035374e+00,5.335761311819660513e+00,-7.213973139620843966e+00,7.931788172198817044e+00
4.782469057910438082e+00,6.537197405901035374e+00,5.264185043971791877e+00,-7.157626784786863539e+00,7.916558259184928836e+00
4.806138469685646619e+00,6.537197405901035374e+00,5.193176808646166265e+00,-7.100823532562561269e+00,7.902353276083605493e+00
4.829617116788463171e+00,6.537197405901035374e+00,5.122740867337716608e+00,-7.043594130844965662e+00,7.889146736492751444e+00
4.852903678564929102e+00,6.537197405901035374e+00,5.052881182008318817e+00,-6.985968532939779152e+00,7.876912649068540162e+00
4.875996931606302098e+00,6.537197405901035374e+00,4.983601422884199827e+00,-6.927975912411898918e+00,7.865625510472301407e+00
4.898895747198722006e+00,6.537197405901035374e+00,4.914904976106940104e+00,-6.869644677725972315e+00,7.855260298380968287e+00
4.921599088820980406e+00,6.537197405901035374e+00,4.846794951240164906e+00,-6.811002486677519840e+00,7.845792464562645563e+00
4.944106009689694936e+00,6.537197405901035374e+00,4.779274188634021314e+00,-6.752076260614359171e+00,7.837197928019662641e+00
4.966415650351211575e+00,6.537197405901035374e+00,4.712345266649471398e+00,-6.692892198454991615e+00,7.829453068194480281e+00
4.988527236319547420e+00,6.537197405901035374e+00,4.646010508744463863e+00,-6.633475790500753533e+00,7.822534718243710827e+00
5.010440075759707845e+00,6.537197405901035374e+00,4.580271990423982587e+00,-6.573851832048127619e+00,7.816420158375855465e+00
5.032153557215705675e+00,6.537197405901035374e+00,4.515131546055989098e+00,-6.514044436799348858e+00,7.811087109256640737e+00
5.053667147382628677e+00,6.537197405901035374e+00,4.450590775555220091e+00,-6.454077050076900690e+00,7.806513725478319898e+00
5.074980388922099905e+00,6.537197405901035374e+00,4.386651050936806406e+00,-6.393972461841368471e+00,7.802678589095438433e+00
5.096092898320480735e+00,6.537197405901035374e+00,4.323313522741663917e+00,-6.333752819514248955e+00,7.799560703227415459e+00
5.117004363789184218e+00,6.537197405901035374e+00,4.260579126335553468e+00,-6.273439640611044865e+00,7.797139485724509100e+00
5.137714543206460149e+00,6.537197405901035374e+00,4.198448588083725674e+00,-6.213053825182779377e+00,7.795394762900946795e+00
5.158223262100026574e+00,6.537197405901035374e+00,4.136922431403026401e+00,-6.152615668069927324e+00,7.794306763333099575e+00
5.178530411669926004e+00,6.537197405901035374e+00,4.076000982693328112e+00,-6.092144870969828929e+00,7.793856111723499680e+00
5.198635946850997946e+00,6.537197405901035374e+00,4.015684377150112283e+00,-6.031660554321582879e+00,7.794023822828529902e+00
5.218539884414352237e+00,6.537197405901035374e+00,3.955972564460049412e+00,-5.971181269006287096e+00,7.794791295453762814e+00
5.238242301107252530e+00,6.537197405901035374e+00,3.896865314381348533e+00,-5.910725007870087921e+00,7.796140306511261109e+00
5.257743331830803335e+00,6.537197405901035374e+00,3.838362222210696117e+00,-5.850309217065241540e+00,7.798053005145455074e+00
5.277043167854868599e+00,6.537197405901035374e+00,3.780462714138500324e+00,-5.789950807219579332e+00,7.800511906918921490e+00
5.296142055069625876e+00,6.537197405901035374e+00,3.723166052494228495e+00,-5.729666164427182906e+00,7.803499888067046086e+00
5.315040292273190303e+00,6.537197405901035374e+00,3.666471340883535213e+00,-5.669471161069328247e+00,7.807000179814207463e+00
5.333738229494735528e+00,6.537197405901035374e+00,3.610377529218899539e+00,-5.609381166463567325e+00,7.810996362755332711e+00
5.352236266352556449e+00,6.537197405901035374e+00,3.554883418645436777e+00,-5.549411057346276266e+00,7.815472361299161008e+00
5.370534850446507136e+00,6.537197405901035374e+00,3.499987666363584715e+00,-5.489575228185206157e+00,7.820412438178379055e+00
5.388634475784275679e+00,6.537197405901035374e+00,3.445688790350279085e+00,-5.429887601330563029e+00,7.825801189019716553e+00
5.406535681240946190e+00,6.537197405901035374e+00,3.391985173980267554e+00,-5.370361637001153099e+00,7.831623536979114952e+00
5.424239049051315043e+00,6.537197405901035374e+00,3.338875070549160995e+00,-5.311010343110655896e+00,7.837864727438505597e+00
5.441745203334427572e+00,6.537197405901035374e+00,3.286356607699823407e+00,-5.251846284933758824e+00,7.844510322766065080e+00
5.459054808649816515e+00,6.537197405901035374e+00,3.234427791753656578e+00,-5.192881594616682861e+00,7.851546197136974214e+00
5.476168568584919072e+00,6.537197405901035374e+00,3.183086511948348907e+00,-5.134127980530767132e+00,7.858958531417582272e+00
5.493087224373163657e+00,6.537197405901035374e+00,3.132330544583615151e+00,-5.075596736473375614e+00,7.866733808110240034e+00
5.509811553542219187e+00,6.537197405901035374e+00,3.082157557076448562e+00,-5.017298750716658873e+00,7.874858806359790186e+00
5.526342368591911303e+00,6.537197405901035374e+00,3.032565111927372214e+00,-4.959244514907634738e+00,7.883320597019737974e+00
5.542680515701304600e+00,6.537197405901035374e+00,2.983550670599192323e+00,-4.901444132817989185e+00,7.892106537781203635e+00
5.558826873464476570e+00,6.537197405901035374e+00,2.935111597309676412e+00,-4.843907328951591040e+00,7.901204268358085869e+00
5.574782351654484103e+00,6.537197405901035374e+00,2.887245162739653814e+00,-4.786643457002259794e+00,7.910601705737394518e+00
5.590547890015065136e+00,6.537197405901035374e+00,2.839948547657910716e+00,-4.729661508174309859e+00,7.920287039483601355e+00
5.606124457079594947e+00,6.537197405901035374e+00,2.793218846464321281e+00,-4.672970119358943464e+00,7.930248727105378315e+00
5.621513049016835240e+00,6.537197405901035374e+00,2.747053070652600404e+00,-4.616577581172087719e+00,7.940475489480513183e+00
5.636714688503023929e+00,6.537197405901035374e+00,2.701448152194034336e+00,-4.560491845856606830e+00,7.950956306337428003e+00
5.651730423619845567e+00,6.537197405901035374e+00,2.656400946843569422e+00,-4.504720535046491392e+00,7.961680411797078527e+00
5.666561326777847185e+00,6.537197405901035374e+00,2.611908237369564567e+00,-4.449270947400485454e+00,7.972637289969079610e+00
5.681208493664845705e+00,6.537197405901035374e+00,2.567966736708569009e+00,-4.394150066099555829e+00,7.983816670609013677e+00
5.695673042218905024e+00,6.537197405901035374e+00,2.524573091046391049e+00,-4.339364566217795982e+00,7.995208524828595564e+00
5.709956111625447583e+00,6.537197405901035374e+00,2.481723882826763372e+00,-4.284920821962767690e+00,8.006803060863996180e+00
5.724058861338076731e+00,6.537197405901035374e+00,2.439415633688875928e+00,-4.230824913788744368e+00,8.018590719900132058e+00
5.737982470122695133e+00,6.537197405901035374e+00,2.397644807335020722e+00,-4.177082635385520604e+00,8.030562171949501504e+00
5.751728135124508867e+00,6.537197405901035374e+00,2.356407812329579521e+00,-4.123699500544120156e+00,8.042708311785460751e+00
5.765297070957501546e+00,6.537197405901035374e+00,2.315701004830601484e+00,-4.070680749897803707e+00,8.055020254932799162e+00
5.778690508815986782e+00,6.537197405901035374e+00,2.275520691255145778e+00,-4.018031357545570614e+00,8.067489333709575661e+00
5.791909695607843744e+00,6.537197405901035374e+00,2.235863130879574889e+00,-3.965756037557088831e+00,8.080107093322485667e+00
5.804955893109032594e+00,6.537197405901035374e+00,2.196724538376008340e+00,-3.913859250356654940e+00,8.092865288019353898e+00
5.817830377139022957e+00,6.537197405901035374e+00,2.158101086286037251e+00,-3.862345208997108870e+00,8.105755877288927991e+00
5.830534436756742878e+00,6.537197405901035374e+00,2.119988907432877490e+00,-3.811217885315976162e+00,8.118771022116902714e+00
5.843069373476674322e+00,6.537197405901035374e+00,2.082384097273083157e+00,-3.760481015979433295e+00,8.131903081293650359e+00
5.855436500504734632e+00,6.537197405901035374e+00,2.045282716188902228e+00,-3.710138108418092884e+00,8.145144607770809841e+00
5.867637141993572669e+00,6.537197405901035374e+00,2.008680791722388115e+00,-3.660192446651411302e+00,8.158488345070978198e+00
5.879672632316917280e+00,6.537197405901035374e+00,1.972574320752354282e+00,-3.610647097003383266e+00,8.171927223748971514e+00
5.891544315362637008e+00,6.537197405901035374e+00,1.936959271615195100e+00,-3.561504913715918264e+00,8.185454357899278222e+00
5.903253543844146911e+00,6.537197405901035374e+00,1.901831586170665389e+00,-3.512768544452971042e+00,8.199063041717694844e+00
5.914801678629828530e+00,6.537197405901035374e+00,1.867187181813620533e+00,-3.464440435704485566e+00,8.212746746109136353e+00
5.926190088090121044e+00,6.537197405901035374e+00,1.833021953432742990e+00,-3.416522838087754366e+00,8.226499115344989121e+00
5.937420147461947906e+00,6.537197405901035374e+00,1.799331775317262405e+00,-3.369017811548058461e+00,8.240313963769203554e+00
5.948493238230152080e+00,6.537197405901035374e+00,1.766112503012649881e+00,-3.321927230461252378e+00,8.254185272551398000e+00
5.959410747525611285e+00,6.537197405901035374e+00,1.733359975126272268e+00,-3.275252788637761370e+00,8.268107186488510507e+00
5.970174067539718799e+00,6.537197405901035374e+00,1.701070015083949727e+00,-3.228996004232254080e+00,8.282074010851696144e+00
5.980784594954911881e+00,6.537197405901035374e+00,1.669238432838370478e+00,-3.183158224557924854e+00,8.296080208280447010e+00
5.991243730390932498e+00,6.537197405901035374e+00,1.637861026530308628e+00,-3.137740630806185038e+00,8.310120395724123199e+00
6.001552877866525471e+00,6.537197405901035374e+00,1.606933584103529711e+00,-3.092744242677891719e+00,8.324189341425638489e+00
6.011713444276261420e+00,6.537197405901035374e+00,1.576451884874321863e+00,-3.048169922920784813e+00,8.338281961953537547e+00
6.021726838882192290e+00,6.537197405901035374e+00,1.546411701056529253e+00,-3.004018381779260949e+00,8.352393319277268802e+00
6.031594472820051678e+00,6.537197405901035374e+00,1.516808799242951089e+00,-2.960290181357816408e+00,8.366518617885134290e+00
6.041317758619698886e+00,6.537197405901035374e+00,1.487638941844009466e+00,-2.916985739894162322e+00,8.380653201949847642e+00
6.050898109739541120e+00,6.537197405901035374e+00,1.458897888484482763e+00,-2.874105335952670259e+00,8.394792552531813001e+00
6.060336940114637194e+00,6.537197405901035374e+00,1.430581397359194540e+00,-2.831649112528822343e+00,8.408932284830372694e+00
6.069635663718216279e+00,6.537197405901035374e+00,1.402685226548457287e+00,-2.789617081073725302e+00,8.423068145474733370e+00
6.078795694136342576e+00,6.537197405901035374e+00,1.375205135294078396e+00,-2.748009125437889111e+00,8.437196009856190670e+00
6.087818444155454145e+00,6.537197405901035374e+00,1.348136885236743687e+00,-2.706825005733470846e+00,8.451311879503272451e+00
6.096705325362516525e+00,6.537197405901035374e+00,1.321476241615556546e+00,-2.666064362118714115e+00,8.465411879496842928e+00
6.105457747757528253e+00,6.537197405901035374e+00,1.295218974430521364e+00,-2.625726718503518242e+00,8.479492255927002731e+00
6.114077119378133141e+00,6.537197405901035374e+00,1.269360859568706701e+00,-2.585811486181466279e+00,8.493549373387240919e+00
6.122564845936076416e+00,6.537197405901035374e+00,1.243897679894876873e+00,-2.546317967382982772e+00,8.507579712511894598e+00
6.130922330465271131e+00,6.537197405901035374e+00,1.218825226307292731e+00,-2.507245358758414255e+00,8.521579867548879861e+00
6.139150972981220811e+00,6.537197405901035374e+00,1.194139298759443690e+00,-2.468592754784904031e+00,8.535546543974540157e+00
6.147252170151567441e+00,6.537197405901035374e+00,1.169835707248403800e+00,-2.430359151103989035e+00,8.549476556144416151e+00
6.155227314977528508e+00,6.537197405901035374e+00,1.145910272770520599e+00,-2.392543447788320066e+00,8.563366824982200143e+00
6.163077796485987747e+00,6.537197405901035374e+00,1.122358828245142881e+00,-2.355144452537771826e+00,8.577214375707370664e+00
6.170804999432017546e+00,6.537197405901035374e+00,1.099177219407053485e+00,-2.318160883808939587e+00,8.591016335598114395e+00
6.178410304011607401e+00,6.537197405901035374e+00,1.076361305668283919e+00,-2.281591373876956652e+00,8.604769931791327764e+00
6.185895085584376396e+00,6.537197405901035374e+00,1.053906960949976934e+00,-2.245434471830698442e+00,8.618472489119278990e+00
6.193260714406057410e+00,6.537197405901035374e+00,1.031810074484933892e+00,-2.209688646504304188e+00,8.632121427980630202e+00
6.200508555370536357e+00,6.537197405901035374e+00,1.010066551591497053e+00,-2.174352289343683964e+00,8.645714262247814474e+00
6.207639967761240385e+00,6.537197405901035374e+00,9.886723144193849677e-01,-2.139423717211208498e+00,8.659248597208176079e+00
6.214656305011665438e+00,6.537197405901035374e+00,9.676233026681098082e-01,-2.104901175127515955e+00,8.672722127540595238e+00
6.221558914474844215e+00,6.537197405901035374e+00,9.469154742785734769e-01,-2.070782838953633131e+00,8.686132635324941731e+00
6.228349137201555585e+00,6.537197405901035374e+00,9.265448060984393663e-01,-2.037066818013411051e+00,8.699477988085028812e+00
6.235028307727075614e+00,6.537197405901035374e+00,9.065072945218792810e-01,-2.003751157656008530e+00,8.712756136865870360e+00
6.241597753866281906e+00,6.537197405901035374e+00,8.867989561042604052e-01,-1.970833841761887584e+00,8.725965114342372431e+00
6.248058796516922087e+00,6.537197405901035374e+00,8.674158281523398628e-01,-1.938312795192054239e+00,8.739103032960287010e+00
6.254412749470859012e+00,6.537197405901035374e+00,8.483539692905290863e-01,-1.906185886181077649e+00,8.752168083109452823e+00
6.260660919233106192e+00,6.537197405901035374e+00,8.296094600037875466e-01,-1.874450928674153971e+00,8.765158531329634073e+00
6.266804604848486449e+00,6.537197405901035374e+00,8.111784031576467768e-01,-1.843105684614076978e+00,8.778072718543569408e+00
6.272845097735721076e+00,6.537197405901035374e+00,7.930569244959428943e-01,-1.812147866170388255e+00,8.790909058325555137e+00
6.278783681528788740e+00,6.537197405901035374e+00,7.752411731167399012e-01,-1.781575137920299312e+00,8.803666035196441086e+00
6.284621631925375596e+00,6.537197405901035374e+00,7.577273219269793358e-01,-1.751385118976056532e+00,8.816342202950924190e+00
6.290360216542257632e+00,6.537197405901035374e+00,7.405115680763332264e-01,-1.721575385064610941e+00,8.828936183011723671e+00
6.296000694777441176e+00,6.537197405901035374e+00,7.235901333707825955e-01,-1.692143470555063089e+00,8.841446662815720003e+00
6.301544317678906104e+00,6.537197405901035374e+00,7.069592646663878099e-01,-1.663086870439478560e+00,8.853872394226909748e+00
6.306992327819793687e+00,6.537197405901035374e+00,6.906152342437250624e-01,-1.634403042266274753e+00,8.866212191977449919e+00
6.312345959179879173e+00,6.537197405901035374e+00,6.745543401634686020e-01,-1.606089408025646037e+00,8.878464932137823951e+00
6.317606437033178146e+00,6.537197405901035374e+00,6.587729066035716841e-01,-1.578143355989691798e+00,8.890629550613880383e+00
6.322774977841538302e+00,6.537197405901035374e+00,6.432672841784912166e-01,-1.550562242508046751e+00,8.902705041670444075e+00
6.327852789154065682e+00,6.537197405901035374e+00,6.280338502409090751e-01,-1.523343393758214148e+00,8.914690456482695424e+00
6.332841069512241461e+00,6.537197405901035374e+00,6.130690091663817398e-01,-1.496484107452733525e+00,8.926584901713649600e+00
6.337741008360588957e+00,6.537197405901035374e+00,5.983691926213392520e-01,-1.469981654504248780e+00,8.938387538117090969e+00
6.342553785962747881e+00,6.537197405901035374e+00,5.839308598148624796e-01,-1.443833280647677242e+00,8.950097579167184847e+00
6.347280573322823471e+00,6.537197405901035374e+00,5.697504977346357080e-01,-1.418036208022677158e+00,8.961714289711959935e+00
6.351922532111870190e+00,6.537197405901035374e+00,5.558246213674955527e-01,-1.392587636714015531e+00,8.973236984653480519e+00
6.356480814599382079e+00,6.537197405901035374e+00,5.421497739049598863e-01,-1.367484746253566641e+00,8.984665027651393743e+00
6.360956563589659218e+00,6.537197405901035374e+00,5.287225269341284672e-01,-1.342724697083141905e+00,8.995997829850987060e+00
6.365350912362921498e+00,6.537197405901035374e+00,5.155394806143416275e-01,-1.318304631978683972e+00,9.007234848635658153e+00
6.369664984621047132e+00,6.537197405901035374e+00,5.025972638399647252e-01,-1.294221677437690232e+00,9.018375586402274990e+00
6.373899894437813352e+00,6.537197405901035374e+00,4.898925343896660678e-01,-1.270472945029865741e+00,9.029419589359800824e+00
6.378056746213515815e+00,6.537197405901035374e+00,4.774219790625586768e-01,-1.247055532710739101e+00,9.040366446351820073e+00
6.382136634633853056e+00,6.537197405901035374e+00,4.651823138015469539e-01,-1.223966526101172292e+00,9.051215787700375159e+00
6.386140644632960495e+00,6.537197405901035374e+00,4.531702838042246384e-01,-1.201202999732231547e+00,9.061967284071993589e+00
6.390069851360475006e+00,6.537197405901035374e+00,4.413826636216811039e-01,-1.178762018254353450e+00,9.072620645367328152e+00
6.393925320152526126e+00,6.537197405901035374e+00,4.298162572455277441e-01,-1.156640637615335976e+00,9.083175619630193154e+00
6.397708106506540204e+00,6.537197405901035374e+00,4.184678981834855094e-01,-1.134835906204223477e+00,9.093631991979261642e+00
6.401419256059752705e+00,6.537197405901035374e+00,4.073344495238480079e-01,-1.113344865963750152e+00,9.103989583560098353e+00
6.405059804571321180e+00,6.537197405901035374e+00,3.964128039891425814e-01,-1.092164553470542643e+00,9.114248250518599548e+00
6.408630777907941223e+00,6.537197405901035374e+00,3.856998839792824540e-01,-1.071292000986012738e+00,9.124407882993271102e+00
6.412133192032860585e+00,6.537197405901035374e+00,3.751926416045243684e-01,-1.050724237475808565e+00,9.134468404128716301e+00
6.415568052998192883e+00,6.537197405901035374e+00,3.648880587085274740e-01,-1.030458289599689436e+00,9.144429769108839423e+00
6.418936356940435850e+00,6.537197405901035374e+00,3.547831468817985723e-01,-1.010491182672890176e+00,9.154291964208908894e+00
6.422239090079099988e+00,6.537197405901035374e+00,3.448749474658061587e-01,-9.908199415992413606e-01,9.164055005866565295e+00
6.425477228718350808e+00,6.537197405901035374e+00,3.351605315480536973e-01,-9.714415917752461382e-01,9.173718939772808056e+00
6.428651739251578512e+00,6.537197405901035374e+00,3.256369999483705868e-01,-9.523531599683110471e-01,9.183283839980060037e+00
6.431763578168804507e+00,6.537197405901035374e+00,3.163014831966926010e-01,-9.335516751677985781e-01,9.192749808028894520e+00
6.434813692066833291e+00,6.537197405901035374e+00,3.071511415026062508e-01,-9.150341694086350230e-01,9.202116972093971725e+00
6.437803017662071525e+00,6.537197405901035374e+00,2.981831647168915467e-01,-8.967976785714704135e-01,9.211385486145420742e+00
6.440732481805924614e+00,6.537197405901035374e+00,2.893947722853322801e-01,-8.788392431559266527e-01,9.220555529129406125e+00
6.443603001502690830e+00,6.537197405901035374e+00,2.807832131950336318e-01,-8.611559090298648300e-01,9.229627304165170187e+00
6.446415483929873069e+00,6.537197405901035374e+00,2.723457659134869147e-01,-8.437447281546717193e-01,9.238601037758815693e+00
6.449170826460830952e+00,6.537197405901035374e+00,2.640797383206132665e-01,-8.266027592873648189e-01,9.247476979033248057e+00
6.451869916689692452e+00,6.537197405901035374e+00,2.559824676340287652e-01,-8.097270686584501220e-01,9.256255398975579141e+00
6.454513632458451333e+00,6.537197405901035374e+00,2.480513203277521228e-01,-7.931147306276642439e-01,9.264936589700088376e+00
6.457102841886180222e+00,6.537197405901035374e+00,2.402836920445654556e-01,-7.767628283186667204e-01,9.273520863725899233e+00
6.459638403400282058e+00,6.537197405901035374e+00,2.326770075022599471e-01,-7.606684542305508501e-01,9.282008553271708706e+00
6.462121165769710629e+00,6.537197405901035374e+00,2.252287203939742355e-01,-7.448287108285711611e-01,9.290400009565402684e+00
6.464551968140096250e+00,6.537197405901035374e+00,2.179363132828173732e-01,-7.292407111156862243e-01,9.298695602167132535e+00
6.466931640070698428e+00,6.537197405901035374e+00,2.107972974910108377e-01,-7.139015791806535560e-01,9.306895718310357779e+00
6.469261001573131331e+00,6.537197405901035374e+00,2.038092129837121291e-01,-6.988084507298708559e-01,9.315000762253841771e+00
6.471540863151790113e+00,6.537197405901035374e+00,1.969696282477357840e-01,-6.839584735976345087e-01,9.323011154650101773e+00
6.473772025845914158e+00,6.537197405901035374e+00,1.902761401653636497e-01,-6.693488082372134329e-01,9.330927331928151602e+00
6.475955281273230391e+00,6.537197405901035374e+00,1.837263738834149507e-01,-6.549766281948699032e-01,9.338749745688545545e+00
6.478091411675115374e+00,6.537197405901035374e+00,1.773179826777599999e-01,-6.408391205654950795e-01,9.346478862112265418e+00
6.480181189963212240e+00,6.537197405901035374e+00,1.710486478134694011e-01,-6.269334864290598830e-01,9.354115161384410015e+00
6.482225379767447393e+00,6.537197405901035374e+00,1.649160784007639435e-01,-6.132569412705457523e-01,9.361659137130217800e+00
6.484224735485395463e+00,6.537197405901035374e+00,1.589180112469197326e-01,-5.998067153844210964e-01,9.369111295862499134e+00
6.486180002332929462e+00,6.537197405901035374e+00,1.530522107043177371e-01,-5.865800542601995460e-01,9.376472156444119577e+00
6.488091916396108161e+00,6.537197405901035374e+00,1.473164685147816400e-01,-5.735742189536097158e-01,9.383742249561173310e+00
6.489961204684242979e+00,6.537197405901035374e+00,1.417086036503771851e-01,-5.607864864404454863e-01,9.390922117209932196e+00
6.491788585184099070e+00,6.537197405901035374e+00,1.362264621508089135e-01,-5.482141499568271570e-01,9.398012312193982254e+00
6.493574766915173768e+00,6.537197405901035374e+00,1.308679169575848178e-01,-5.358545193224095726e-01,9.405013397635176631e+00
6.495320449986012434e+00,6.537197405901035374e+00,1.256308677450688194e-01,-5.237049212515998420e-01,9.411925946493468587e+00
6.497026325651500400e+00,6.537197405901035374e+00,1.205132407486049217e-01,-5.117626996463897626e-01,9.418750541102216545e+00
6.498693076371099053e+00,6.537197405901035374e+00,1.155129885898089626e-01,-5.000252158795959190e-01,9.425487772710212653e+00
6.500321375867968321e+00,6.537197405901035374e+00,1.106280900992011595e-01,-4.884898490607803012e-01,9.432138241038421356e+00
6.501911889188941807e+00,6.537197405901035374e+00,1.058565501362807026e-01,-4.771539962920456901e-01,9.438702553844235510e+00
6.503465272765299510e+00,6.537197405901035374e+00,1.011963994072075934e-01,-4.660150729073109233e-01,9.445181326499897168e+00
6.504982174474307044e+00,6.537197405901035374e+00,9.664569428018499053e-02,-4.550705127022602881e-01,9.451575181577926088e+00
6.506463233701472504e+00,6.537197405901035374e+00,9.220251659868861083e-02,-4.443177681496379705e-01,9.457884748449050250e+00
6.507909081403482787e+00,6.537197405901035374e+00,8.786497349265776080e-02,-4.337543106030850026e-01,9.464110662889574144e+00
6.509320340171782071e+00,6.537197405901035374e+00,8.363119718775990918e-02,-4.233776304897851617e-01,9.470253566697975245e+00
6.510697624296750696e+00,6.537197405901035374e+00,7.949934481285403365e-02,-4.131852374905875536e-01,9.476314107322266977e+00
6.512041539832451598e+00,6.537197405901035374e+00,7.546759820575132949e-02,-4.031746607102704161e-01,9.482292937495481411e+00
6.513352684661902536e+00,6.537197405901035374e+00,7.153416371739851343e-02,-3.933434488352816061e-01,9.488190714882117405e+00
6.514631648562841271e+00,6.537197405901035374e+00,6.769727201458231036e-02,-3.836891702816203065e-01,9.494008101732962501e+00
6.515879013273953468e+00,6.537197405901035374e+00,6.395517788124571723e-02,-3.742094133336593131e-01,9.499745764547586901e+00
6.517095352561520727e+00,6.537197405901035374e+00,6.030616001854394170e-02,-3.649017862701775528e-01,9.505404373748365998e+00
6.518281232286462945e+00,6.537197405901035374e+00,5.674852084371728722e-02,-3.557639174826654482e-01,9.510984603361052336e+00
6.519437210471741295e+00,6.537197405901035374e+00,5.328058628788223672e-02,-3.467934555835050503e-01,9.516487130704376796e+00
6.520563837370089821e+00,6.537197405901035374e+00,4.990070559283665830e-02,-3.379880695045578420e-01,9.521912636088279314e+00
6.521661655532047241e+00,6.537197405901035374e+00,4.660725110696439799e-02,-3.293454485872260307e-01,9.527261802519738865e+00
6.522731199874256092e+00,6.537197405901035374e+00,4.339861808033784740e-02,-3.208633026626550588e-01,9.532535315417682398e+00
6.523772997748007008e+00,6.537197405901035374e+00,4.027322445908509962e-02,-3.125393621252747778e-01,9.537733862333810819e+00
6.524787569007991728e+00,6.537197405901035374e+00,3.722951067913093937e-02,-3.043713779954160259e-01,9.542858132683715411e+00
6.525775426081244390e+00,6.537197405901035374e+00,3.426593945937295160e-02,-2.963571219757987762e-01,9.547908817483573785e+00
6.526737074036245367e+00,6.537197405901035374e+00,3.138099559437002029e-02,-2.884943865002931318e-01,9.552886609094077386e+00
6.527673010652155661e+00,6.537197405901035374e+00,2.857318574663914035e-02,-2.807809847730879937e-01,9.557792200973551644e+00
6.528583726488163208e+00,6.537197405901035374e+00,2.584103823861649829e-02,-2.732147508022642057e-01,9.562626287436351902e+00
6.529469704952914455e+00,6.537197405901035374e+00,2.318310284436275737e-02,-2.657935394253740924e-01,9.567389563418988274e+00
6.530331422374008099e+00,6.537197405901035374e+00,2.059795058108182531e-02,-2.585152263280932061e-01,9.572082724252990005e+00
6.531169348067527025e+00,6.537197405901035374e+00,1.808417350052504702e-02,-2.513777080556778287e-01,9.576706465444846827e+00
6.531983944407589782e+00,6.537197405901035374e+00,1.564038448033677753e-02,-2.443789020188269490e-01,9.581261482461510326e+00
6.532775666895899391e+00,6.537197405901035374e+00,1.326521701540794851e-02,-2.375167464928829020e-01,9.585748470522524656e+00
6.533544964231261076e+00,6.537197405901035374e+00,1.095732500932289355e-02,-2.307892006085054959e-01,9.590168124400818783e+00
6.534292278379062680e+00,6.537197405901035374e+00,8.715382565918083912e-03,-2.241942443404809637e-01,9.594521138225438506e+00
6.535018044640686696e+00,6.537197405901035374e+00,6.538083781046033494e-03,-2.177298784872050419e-01,9.598808205293842377e+00
6.535722691722840594e+00,6.537197405901035374e+00,4.424142534584341035e-03,-2.113941246461692458e-01,9.603030017888414704e+00
6.536406641806783213e+00,6.537197405901035374e+00,2.372292282756482962e-03,-2.051850251827858074e-01,9.607187267099970285e+00
6.537070310617435709e+00,6.537197405901035374e+00,3.812858507989957957e-04,-1.991006431957487166e-01,9.611280642655049888e+00
6.537714107492353932e+00,6.537197405901035374e+00,-1.550104773955673920e-03,-1.931390624754669716e-01,9.615310832750576964e+00
6.538338435450547159e+00,6.537197405901035374e+00,-3.423088648535355105e-03,-1.872983874579681185e-01,9.619278523893497024e+00
6.538943691261129842e+00,6.537197405901035374e+00,-5.238856080283404992e-03,-1.815767431748049887e-01,9.623184400744911215e+00
6.539530265511786844e+00,6.537197405901035374e+00,-6.998578832254409576e-03,-1.759722751971004584e-01,9.627029145970645629e+00
6.540098542677040605e+00,6.537197405901035374e+00,-8.703410328015692699e-03,-1.704831495761283122e-01,9.630813440095856492e+00
6.540648901186304265e+00,6.537197405901035374e+00,-1.035448585580667213e-02,-1.651075527790979436e-01,9.634537961365095882e+00
6.541181713491703853e+00,6.537197405901035374e+00,-1.195292277200543651e-02,-1.598436916198764379e-01,9.638203385608118623e+00
6.541697346135664226e+00,6.537197405901035374e+00,-1.349982070388655586e-02,-1.546897931881119348e-01,9.641810386108002007e+00
6.542196159818235657e+00,6.537197405901035374e+00,-1.499626175160084784e-02,-1.496441047714291983e-01,9.645359633476971339e+00
6.542678509464154857e+00,6.537197405901035374e+00,-1.644331068935844797e-02,-1.447048937757600129e-01,9.648851795534881148e+00
6.543144744289628001e+00,6.537197405901035374e+00,-1.784201516577788027e-02,-1.398704476419432297e-01,9.652287537192279387e+00
6.543595207868819763e+00,6.537197405901035374e+00,-1.919340590335316676e-02,-1.351390737575286494e-01,9.655667520339118681e+00
6.544030238200045702e+00,6.537197405901035374e+00,-2.049849689703098221e-02,-1.305090993677815447e-01,9.658992403735187082e+00
6.544450167771644900e+00,6.537197405901035374e+00,-2.175828561182857612e-02,-1.259788714797593911e-01,9.662262842908411642e+00
6.544855323627535526e+00,6.537197405901035374e+00,-2.297375317950045570e-02,-1.215467567671879578e-01,9.665479490053311196e+00
6.545246027432431113e+00,6.537197405901035374e+00,-2.414586459418721631e-02,-1.172111414686760611e-01,9.668642993937137220e+00
6.545622595536720212e+00,6.537197405901035374e+00,-2.527556890705451309e-02,-1.129704312867296778e-01,9.671753999806217195e+00
6.545985339040989892e+00,6.537197405901035374e+00,-2.636379941986355391e-02,-1.088230512809040818e-01,9.674813149299232862e+00
6.546334563860189526e+00,6.537197405901035374e+00,-2.741147387746245556e-02,-1.047674457598901654e-01,9.677821080362647876e+00
6.546670570787425980e+00,6.537197405901035374e+00,-2.841949465917181783e-02,-1.008020781709362268e-01,9.680778427169892453e+00
6.546993655557378666e+00,6.537197405901035374e+00,-2.938874896902987643e-02,-9.692543098580586047e-02,9.683685820045164760e+00
6.547304108909336229e+00,6.537197405901035374e+00,-3.032010902490256399e-02,-9.313600558726875533e-02,9.686543885387829178e+00
6.547602216649832663e+00,6.537197405901035374e+00,-3.121443224639186553e-02,-8.943232214893015453e-02,9.689353245604678477e+00
6.547888259714889081e+00,6.537197405901035374e+00,-3.207256144156112043e-02,-8.581291951692548992e-02,9.692114519041513887e+00
6.548162514231850473e+00,6.537197405901035374e+00,-3.289532499244529617e-02,-8.227635508841757428e-02,9.694828319919137627e+00
6.548425251580803241e+00,6.537197405901035374e+00,-3.368353703930360155e-02,-7.882120468583053707e-02,9.697495258274866359e+00
6.548676738455583290e+00,6.537197405901035374e+00,-3.443799766364374904e-02,-7.544606243401474899e-02,9.700115939902342888e+00
6.548917236924354235e+00,6.537197405901035374e+00,-3.515949306995658219e-02,-7.214954063128331541e-02,9.702690966298760600e+00
6.549147004489754842e+00,6.537197405901035374e+00,-3.584879576615840335e-02,-6.893026962018211634e-02,9.705220934613659978e+00
6.549366294148616596e+00,6.537197405901035374e+00,-3.650666474274366635e-02,-6.578689765852629989e-02,9.707706437598730531e+00
6.549575354451238063e+00,6.537197405901035374e+00,-3.713384565060806608e-02,-6.271809078643997282e-02,9.710148063562952458e+00
6.549774429560216049e+00,6.537197405901035374e+00,-3.773107097754202499e-02,-5.972253269339589110e-02,9.712546396329063469e+00
6.549963759308827349e+00,6.537197405901035374e+00,-3.829906022337592475e-02,-5.679892458338997585e-02,9.714902015193235485e+00
6.550143579258957516e+00,6.537197405901035374e+00,-3.883852007376642490e-02,-5.394598503905001508e-02,9.717215494887184946e+00
6.550314120758576664e+00,6.537197405901035374e+00,-3.935014457262386856e-02,-5.116244988574436547e-02,9.719487405541631375e+00
6.550475610998749865e+00,6.537197405901035374e+00,-3.983461529314347160e-02,-4.844707205196030486e-02,9.721718312654896721e+00
6.550628273070188357e+00,6.537197405901035374e+00,-4.029260150745894720e-02,-4.579862143154755927e-02,9.723908777060994879e+00
6.550772326019332681e+00,6.537197405901035374e+00,-4.072476035489192014e-02,-4.321588474329729479e-02,9.726059354901810394e+00
6.550907984903967751e+00,6.537197405901035374e+00,-4.113173700879713124e-02,-4.069766539052110943e-02,9.728170597600682257e+00
6.551035460848362746e+00,6.537197405901035374e+00,-4.151416484198211521e-02,-3.824278331849839674e-02,9.730243051839519097e+00
6.551154961097942042e+00,6.537197405901035374e+00,-4.187266559072000405e-02,-3.585007487378888413e-02,9.732277259535491609e+00
6.551266689073474758e+00,6.537197405901035374e+00,-4.220784951731815227e-02,-3.351839265981482185e-02,9.734273757822867523e+00
6.551370844424789119e+00,6.537197405901035374e+00,-4.252031557126123573e-02,-3.124660539430834660e-02,9.736233079034430915e+00
6.551467623084007208e+00,6.537197405901035374e+00,-4.281065154891550151e-02,-2.903359776542657755e-02,9.738155750685658418e+00
6.551557217318293880e+00,6.537197405901035374e+00,-4.307943425177551688e-02,-2.687827028600153767e-02,9.740042295462224331e+00
6.551639815782126952e+00,6.537197405901035374e+00,-4.332722964327473392e-02,-2.477953914992170326e-02,9.741893231206804060e+00
6.551715603569080670e+00,6.537197405901035374e+00,-4.355459300413588863e-02,-2.273633608611547174e-02,9.743709070909748249e+00
6.551784762263125117e+00,6.537197405901035374e+00,-4.376206908626922854e-02,-2.074760821333399008e-02,9.745490322700398167e+00
6.551847469989439787e+00,6.537197405901035374e+00,-4.395019226521323930e-02,-1.881231789440107605e-02,9.747237489840387070e+00
6.551903901464738667e+00,6.537197405901035374e+00,-4.411948669110987709e-02,-1.692944258966377902e-02,9.748951070719225953e+00
6.551954228047109474e+00,6.537197405901035374e+00,-4.427046643822230010e-02,-1.509797471124230128e-02,9.750631558850535896e+00
6.551998617785365298e+00,6.537197405901035374e+00,-4.440363565298977022e-02,-1.331692147674701232e-02,9.752279442870264603e+00
6.552037235467907728e+00,6.537197405901035374e+00,-4.451948870061706032e-02,-1.158530476272900955e-02,9.753895206536654428e+00
6.552070242671104161e+00,6.537197405901035374e+00,-4.461851031020636071e-02,-9.902160958930039669e-03,9.755479328730864097e+00
6.552097797807173940e+00,6.537197405901035374e+00,-4.470117571841569770e-02,-8.266540820933698797e-03,9.757032283460651101e+00
6.552120056171589546e+00,6.537197405901035374e+00,-4.476795081166251578e-02,-6.677509324681807357e-03,9.758554539863656174e+00
6.552137169989991072e+00,6.537197405901035374e+00,-4.481929226686709455e-02,-5.134145520457877865e-03,9.760046562212675525e+00
6.552149288464613974e+00,6.537197405901035374e+00,-4.485564769073580038e-02,-3.635542386870582732e-03,9.761508809922393226e+00
6.552156557820229210e+00,6.537197405901035374e+00,-4.487745575758150807e-02,-2.180806684570768539e-03,9.762941737557849109e+00
6.552159121349600213e+00,6.537197405901035374e+00,-4.488514634569451545e-02,-7.690588113007379434e-04,9.764345794843006132e+00
6.552157119458455803e+00,6.537197405901035374e+00,-4.487914067226128623e-02,6.005673433229219427e-04,9.765721426671062133e+00
6.552150689709978160e+00,6.537197405901035374e+00,-4.485985142682835658e-02,1.928924543292964700e-03,9.767069073116465105e+00
6.552139966868812060e+00,6.537197405901035374e+00,-4.482768290333005723e-02,3.216852349829935065e-03,9.768389169446500375e+00
6.552125082944590950e+00,6.537197405901035374e+00,-4.478303113066672836e-02,4.465177266332887029e-03,9.769682146135666656e+00
6.552106167234983403e+00,6.537197405901035374e+00,-4.472628400184408548e-02,5.674712882264287828e-03,9.770948428880419812e+00
6.552083346368263506e+00,6.537197405901035374e+00,-4.465782140168439440e-02,6.846260015969107826e-03,9.772188438614286099e+00
6.552056744345405193e+00,6.537197405901035374e+00,-4.457801533310945530e-02,7.980606857493910411e-03,9.773402591524384064e+00
6.552026482581699618e+00,6.537197405901035374e+00,-4.448723004199273134e-02,9.078529111672395402e-03,9.774591299069680161e+00
6.551992679947900911e+00,6.537197405901035374e+00,-4.438582214059660913e-02,1.014079013961222131e-02,9.775754967999016998e+00
6.551955452810902081e+00,6.537197405901035374e+00,-4.427414072960011993e-02,1.116814109964892054e-02,9.776894000370049298e+00
6.551914915073940193e+00,6.537197405901035374e+00,-4.415252751871445724e-02,1.216132108856626814e-02,9.778008793569853196e+00
6.551871178216335245e+00,6.537197405901035374e+00,-4.402131694589961342e-02,1.312105728148438288e-02,9.779099740335585267e+00
6.551824351332763641e+00,6.537197405901035374e+00,-4.388083629518479967e-02,1.404806507148137484e-02,9.780167228776296184e+00
6.551774541172069810e+00,6.537197405901035374e+00,-4.373140581310330788e-02,1.494304820814917889e-02,9.781211642395046368e+00
6.551721852175615979e+00,6.537197405901035374e+00,-4.357333882374181400e-02,1.580669893614938815e-02,9.782233360112407183e+00
6.551666386515172746e+00,6.537197405901035374e+00,-4.340694184241211673e-02,1.663969813296972688e-02,9.783232756290558996e+00
6.551608244130359360e+00,6.537197405901035374e+00,-4.323251468797195685e-02,1.744271544401598817e-02,9.784210200756044529e+00
6.551547522765621245e+00,6.537197405901035374e+00,-4.305035059375761364e-02,1.821640942143432085e-02,9.785166058827677205e+00
6.551484318006766117e+00,6.537197405901035374e+00,-4.286073631719222732e-02,1.896142765653863194e-02,9.786100691339346014e+00
6.551418723317044446e+00,6.537197405901035374e+00,-4.266395224802721486e-02,1.967840691650124541e-02,9.787014454668474528e+00
6.551350830072790288e+00,6.537197405901035374e+00,-4.246027251526474089e-02,2.036797327624739751e-02,9.787907700760982266e+00
6.551280727598611797e+00,6.537197405901035374e+00,-4.224996509272926914e-02,2.103074225354717441e-02,9.788780777160818403e+00
6.551208503202149203e+00,6.537197405901035374e+00,-4.203329190334148535e-02,2.166731893877837933e-02,9.789634027035436503e+00
6.551134242208390468e+00,6.537197405901035374e+00,-4.181050892206528147e-02,2.227829812762038841e-02,9.790467789205555604e+00
6.551058027993551747e+00,6.537197405901035374e+00,-4.158186627754911768e-02,2.286426445161637844e-02,9.791282398174068646e+00
6.550979942018530622e+00,6.537197405901035374e+00,-4.134760835248574296e-02,2.342579250633747279e-02,9.792078184153851339e+00
6.550900063861925027e+00,6.537197405901035374e+00,-4.110797388266895780e-02,2.396344698167851561e-02,9.792855473099010055e+00
6.550818471252629394e+00,6.537197405901035374e+00,-4.086319605478205830e-02,2.447778278868995017e-02,9.793614586733909277e+00
6.550735240102007140e+00,6.537197405901035374e+00,-4.061350260291529679e-02,2.496934518667615066e-02,9.794355842583762239e+00
6.550650444535643047e+00,6.537197405901035374e+00,-4.035911590382301739e-02,2.543866990922794002e-02,9.795079554005404532e+00
6.550564156924679970e+00,6.537197405901035374e+00,-4.010025307093378899e-02,2.588628328892284003e-02,9.795786030217989548e+00
6.550476447916738110e+00,6.537197405901035374e+00,-3.983712604710820671e-02,2.631270238255822846e-02,9.796475576335449631e+00
6.550387386466430151e+00,6.537197405901035374e+00,-3.956994169618432977e-02,2.671843509238769343e-02,9.797148493396203861e+00
6.550297039865461635e+00,6.537197405901035374e+00,-3.929890189327878147e-02,2.710398029055482993e-02,9.797805078397276546e+00
6.550205473772333420e+00,6.537197405901035374e+00,-3.902420361389413728e-02,2.746982793846441950e-02,9.798445624324571668e+00
6.550112752241637359e+00,6.537197405901035374e+00,-3.874603902180595583e-02,2.781645920881814504e-02,9.799070420187012687e+00
6.550018937752960291e+00,6.537197405901035374e+00,-3.846459555577474987e-02,2.814434660312059577e-02,9.799679751047346343e+00
6.549924091239387458e+00,6.537197405901035374e+00,-3.818005601505625179e-02,2.845395407184980741e-02,9.800273898056794053e+00
6.549828272115620464e+00,6.537197405901035374e+00,-3.789259864375527087e-02,2.874573713009809239e-02,9.800853138486342431e+00
6.549731538305701761e+00,6.537197405901035374e+00,-3.760239721399916135e-02,2.902014297561095191e-02,9.801417745761611400e+00
6.549633946270359885e+00,6.537197405901035374e+00,-3.730962110797353404e-02,2.927761060256273140e-02,9.801967989494588807e+00
6.549535551033967451e+00,6.537197405901035374e+00,-3.701443539879623046e-02,2.951857091773035791e-02,9.802504135518933737e+00
6.549436406211126105e+00,6.537197405901035374e+00,-3.671700093027219225e-02,2.974344685240382091e-02,9.803026445922132126e+00
6.549336564032877561e+00,6.537197405901035374e+00,-3.641747439552656118e-02,2.995265347456310678e-02,9.803535179079037931e+00
6.549236075372537158e+00,6.537197405901035374e+00,-3.611600841450535171e-02,3.014659810212094726e-02,9.804030589687616981e+00
6.549134989771165039e+00,6.537197405901035374e+00,-3.581275161038899313e-02,3.032568041163585804e-02,9.804512928801248250e+00
6.549033355462673178e+00,6.537197405901035374e+00,-3.550784868491341228e-02,3.049029254755808438e-02,9.804982443862645169e+00
6.548931219398567372e+00,6.537197405901035374e+00,-3.520144049259599228e-02,3.064081923174200028e-02,9.805439378739146505e+00
6.548828627272335723e+00,6.537197405901035374e+00,-3.489366411390104616e-02,3.077763786949461178e-02,9.805883973755594951e+00
6.548725623543479202e+00,6.537197405901035374e+00,-3.458465292733148289e-02,3.090111865695632787e-02,9.806316465729626231e+00
6.548622251461195809e+00,6.537197405901035374e+00,-3.427453668048130453e-02,3.101162468501783565e-02,9.806737088004537028e+00
6.548518553087713023e+00,6.537197405901035374e+00,-3.396344156003294756e-02,3.110951204483569654e-02,9.807146070484803246e+00
6.548414569321279188e+00,6.537197405901035374e+00,-3.365149026073144256e-02,3.119512993015050029e-02,9.807543639669418667e+00
6.548310339918812062e+00,6.537197405901035374e+00,-3.333880205333006330e-02,3.126882074013792590e-02,9.807930018686807472e+00
6.548205903518213411e+00,6.537197405901035374e+00,-3.302549285153411063e-02,3.133092017959526743e-02,9.808305427328061654e+00
6.548101297660347875e+00,6.537197405901035374e+00,-3.271167527793750196e-02,3.138175735966086677e-02,9.808670082081723862e+00
6.547996558810690537e+00,6.537197405901035374e+00,-3.239745872896548917e-02,3.142165489720127880e-02,9.809024196168236287e+00
6.547891722380649426e+00,6.537197405901035374e+00,-3.208294943884215655e-02,3.145092901233326188e-02,9.809367979573490715e+00
6.547786822748565605e+00,6.537197405901035374e+00,-3.176825054259069248e-02,3.146988962514640775e-02,9.809701639082556213e+00
6.547681893280389964e+00,6.537197405901035374e+00,-3.145346213806377023e-02,3.147884045269222497e-02,9.810025378314628952e+00
6.547576966350046490e+00,6.537197405901035374e+00,-3.113868134703334789e-02,3.147807910304223356e-02,9.810339397756010271e+00
6.547472073359478451e+00,6.537197405901035374e+00,-3.082400237532922915e-02,3.146789717041187373e-02,9.810643894795083142e+00
6.547367244758389937e+00,6.537197405901035374e+00,-3.050951657206368850e-02,3.144858032655406532e-02,9.810939063754490874e+00
6.547262510063676544e+00,6.537197405901035374e+00,-3.019531248792350908e-02,3.142040841401794182e-02,9.811225095926094042e+00
6.547157897878555843e+00,6.537197405901035374e+00,-2.988147593256140766e-02,3.138365553621014215e-02,9.811502179603650120e+00
6.547053435911395880e+00,6.537197405901035374e+00,-2.956809003108151757e-02,3.133859014798900944e-02,9.811770500116907101e+00
6.546949150994247013e+00,6.537197405901035374e+00,-2.925523527963491688e-02,3.128547514466006874e-02,9.812030239865025649e+00
6.546845069101085102e+00,6.537197405901035374e+00,-2.894298960014918265e-02,3.122456794857342288e-02,9.812281578348425626e+00
6.546741215365758038e+00,6.537197405901035374e+00,-2.863142839416799035e-02,3.115612059811923018e-02,9.812524692203950849e+00
6.546637614099651614e+00,6.537197405901035374e+00,-2.832062459584872016e-02,3.108037983192701859e-02,9.812759755236079684e+00
6.546534288809068514e+00,6.537197405901035374e+00,-2.801064872409941842e-02,3.099758717493017457e-02,9.812986938450830365e+00
6.546431262212330182e+00,6.537197405901035374e+00,-2.770156893388442398e-02,3.090797902149944321e-02,9.813206410087616405e+00
6.546328556256600706e+00,6.537197405901035374e+00,-2.739345106669599517e-02,3.081178671884288178e-02,9.813418335652148272e+00
6.546226192134436239e+00,6.537197405901035374e+00,-2.708635870020259517e-02,3.070923664933999930e-02,9.813622877949137902e+00
6.546124190300067092e+00,6.537197405901035374e+00,-2.678035319709515250e-02,3.060055031074426779e-02,9.813820197113649613e+00
6.546022570485408920e+00,6.537197405901035374e+00,-2.647549375312063802e-02,3.048594439745144768e-02,9.814010450644332195e+00
6.545921351715815462e+00,6.537197405901035374e+00,-2.617183744434026238e-02,3.036563087803756389e-02,9.814193793433698687e+00
6.545820552325565700e+00,6.537197405901035374e+00,-2.586943927359097728e-02,3.023981707492851001e-02,9.814370377801338918e+00
6.545720189973096126e+00,6.537197405901035374e+00,-2.556835221618225518e-02,3.010870574087221030e-02,9.814540353524691341e+00
6.545620281655978978e+00,6.537197405901035374e+00,-2.526862726483081190e-02,2.997249513514432806e-02,9.814703867870314014e+00
6.545520843725648241e+00,6.537197405901035374e+00,-2.497031347383860123e-02,2.983137909922106701e-02,9.814861065625382963e+00
6.545421891901880507e+00,6.537197405901035374e+00,-2.467345800253539778e-02,2.968554713032034442e-02,9.815012089127785444e+00
6.545323441287025368e+00,6.537197405901035374e+00,-2.437810615796998093e-02,2.953518445654168545e-02,9.815157078298572202e+00
6.545225506380000446e+00,6.537197405901035374e+00,-2.408430143689521685e-02,2.938047210747640747e-02,9.815296170670581688e+00
6.545128101090042172e+00,6.537197405901035374e+00,-2.379208556702039346e-02,2.922158698748233974e-02,9.815429501420462444e+00
6.545031238750225633e+00,6.537197405901035374e+00,-2.350149854757077605e-02,2.905870194496174008e-02,9.815557203397391461e+00
6.544934932130749061e+00,6.537197405901035374e+00,-2.321257868914106126e-02,2.889198584297147931e-02,9.815679407153830027e+00
6.544839193451988280e+00,6.537197405901035374e+00,-2.292536265285871622e-02,2.872160362823450441e-02,9.815796240975377174e+00
6.544744034397324661e+00,6.537197405901035374e+00,-2.263988548886786134e-02,2.854771639908548764e-02,9.815907830910218124e+00
6.544649466125751935e+00,6.537197405901035374e+00,-2.235618067414968380e-02,2.837048147181775448e-02,9.816014300797668568e+00
6.544555499284259170e+00,6.537197405901035374e+00,-2.207428014967138807e-02,2.819005244782957220e-02,9.816115772298157793e+00
6.544462144019996153e+00,6.537197405901035374e+00,-2.179421435688233544e-02,2.800657927890526366e-02,9.816212364922023426e+00
6.544369409992225606e+00,6.537197405901035374e+00,-2.151601227357069490e-02,2.782020833116405356e-02,9.816304196057593856e+00
6.544277306384060466e+00,6.537197405901035374e+00,-2.123970144907527668e-02,2.763108244954182169e-02,9.816391381000467931e+00
6.544185841913995993e+00,6.537197405901035374e+00,-2.096530803888185801e-02,2.743934101934186742e-02,9.816474032980460507e+00
6.544095024847229602e+00,6.537197405901035374e+00,-2.069285683858268499e-02,2.724512002991730242e-02,9.816552263191335115e+00
6.544004863006781747e+00,6.537197405901035374e+00,-2.042237131723911858e-02,2.704855213435664041e-02,9.816626180817117131e+00
6.543915363784416073e+00,6.537197405901035374e+00,-2.015387365014209564e-02,2.684976670970229407e-02,9.816695893059559808e+00
6.543826534151356178e+00,6.537197405901035374e+00,-1.988738475096241132e-02,2.664888991796843243e-02,9.816761505167006518e+00
6.543738380668813193e+00,6.537197405901035374e+00,-1.962292430333345550e-02,2.644604476289558193e-02,9.816823120459563512e+00
6.543650909498316182e+00,6.537197405901035374e+00,-1.936051079184242241e-02,2.624135114910330913e-02,9.816880840357260496e+00
6.543564126411854254e+00,6.537197405901035374e+00,-1.910016153245663872e-02,2.603492593857836823e-02,9.816934764406122227e+00
6.543478036801833042e+00,6.537197405901035374e+00,-1.884189270239300384e-02,2.582688300636348799e-02,9.816984990303971870e+00
6.543392645690842002e+00,6.537197405901035374e+00,-1.858571936941988412e-02,2.561733329731197273e-02,9.817031613927891698e+00
6.543307957741244074e+00,6.537197405901035374e+00,-1.833165552062610004e-02,2.540638487937840750e-02,9.817074729358752805e+00
6.543223977264582381e+00,6.537197405901035374e+00,-1.807971409064101920e-02,2.519414299850808447e-02,9.817114428907867563e+00
6.543140708230811065e+00,6.537197405901035374e+00,-1.782990698932707119e-02,2.498071013139480101e-02,9.817150803142068227e+00
6.543058154277353822e+00,6.537197405901035374e+00,-1.758224512895534275e-02,2.476618603717284373e-02,9.817183940908218887e+00
6.542976318717987461e+00,6.537197405901035374e+00,-1.733673845085625942e-02,2.455066780990833308e-02,9.817213929359052571e+00
6.542895204551557597e+00,6.537197405901035374e+00,-1.709339595156667002e-02,2.433424992895893979e-02,9.817240853977391879e+00
6.542814814470524709e+00,6.537197405901035374e+00,-1.685222570846800494e-02,2.411702430986650825e-02,9.817264798601399889e+00
6.542735150869352090e+00,6.537197405901035374e+00,-1.661323490495014710e-02,2.389908035178578416e-02,9.817285845446836134e+00
6.542656215852724166e+00,6.537197405901035374e+00,-1.637642985506637672e-02,2.368050498837703799e-02,9.817304075133311159e+00
6.542578011243609382e+00,6.537197405901035374e+00,-1.614181602772202240e-02,2.346138273443543198e-02,9.817319566706714795e+00
6.542500538591165871e+00,6.537197405901035374e+00,-1.590939807039148945e-02,2.324179573305329427e-02,9.817332397662662302e+00
6.542423799178488153e+00,6.537197405901035374e+00,-1.567917983235833645e-02,2.302182380331529998e-02,9.817342643970956573e+00
6.542347794030208163e+00,6.537197405901035374e+00,-1.545116438751836796e-02,2.280154448399684952e-02,9.817350380096478091e+00
6.542272523919937299e+00,6.537197405901035374e+00,-1.522535405670577546e-02,2.258103308125924968e-02,9.817355679024554860e+00
6.542197989377569023e+00,6.537197405901035374e+00,-1.500175042960094629e-02,2.236036271048291724e-02,9.817358612280882468e+00
6.542124190696428698e+00,6.537197405901035374e+00,-1.478035438617997244e-02,2.213960434209738537e-02,9.817359249955917022e+00
6.542051127940283983e+00,6.537197405901035374e+00,-1.456116611774582736e-02,2.191882684341450727e-02,9.817357660725669177e+00
6.541978800950212225e+00,6.537197405901035374e+00,-1.434418514753055263e-02,2.169809702152747377e-02,9.817353911873997419e+00
6.541907209351327523e+00,6.537197405901035374e+00,-1.412941035087644792e-02,2.147747966541047049e-02,9.817348069314533632e+00
6.541836352559374568e+00,6.537197405901035374e+00,-1.391683997501758085e-02,2.125703758588670667e-02,9.817340197610869623e+00
6.541766229787182141e+00,6.537197405901035374e+00,-1.370647165844030013e-02,2.103683165772807229e-02,9.817330359999289158e+00
6.541696840050989614e+00,6.537197405901035374e+00,-1.349830244986272021e-02,2.081692085775799228e-02,9.817318618407895769e+00
6.541628182176638440e+00,6.537197405901035374e+00,-1.329232882680919658e-02,2.059736230535236245e-02,9.817305033478543663e+00
6.541560254805634855e+00,6.537197405901035374e+00,-1.308854671379844348e-02,2.037821130107531076e-02,9.817289664587278253e+00
6.541493056401090023e+00,6.537197405901035374e+00,-1.288695150016394564e-02,2.015952136344978385e-02,9.817272569863286336e+00
6.541426585253531378e+00,6.537197405901035374e+00,-1.268753805748801256e-02,1.994134426759330836e-02,9.817253806210105793e+00
6.541360839486594081e+00,6.537197405901035374e+00,-1.249030075667612039e-02,1.972373008118921689e-02,9.817233429324513594e+00
6.541295817062589002e+00,6.537197405901035374e+00,-1.229523348466088351e-02,1.950672720152368811e-02,9.817211493716863302e+00
6.541231515787956141e+00,6.537197405901035374e+00,-1.210232966076230099e-02,1.929038238985825160e-02,9.817188052729097336e+00
6.541167933318595473e+00,6.537197405901035374e+00,-1.191158225268029724e-02,1.907474080820037443e-02,9.817163158555519686e+00
6.541105067165090325e+00,6.537197405901035374e+00,-1.172298379216485387e-02,1.885984605154433780e-02,9.817136862259379981e+00
6.541042914697811739e+00,6.537197405901035374e+00,-1.153652639032909377e-02,1.864574018357600949e-02,9.817109213793248301e+00
6.540981473151911807e+00,6.537197405901035374e+00,-1.135220175262929843e-02,1.843246376997953462e-02,9.817080262017350734e+00
6.540920739632213987e+00,6.537197405901035374e+00,-1.117000119353583898e-02,1.822005590934594466e-02,9.817050054715810603e+00
6.540860711117987947e+00,6.537197405901035374e+00,-1.098991565085771782e-02,1.800855426781211577e-02,9.817018638616954007e+00
6.540801384467623159e+00,6.537197405901035374e+00,-1.081193569976335311e-02,1.779799510943647078e-02,9.816986059409673615e+00
6.540742756423199467e+00,6.537197405901035374e+00,-1.063605156649227723e-02,1.758841332710758820e-02,9.816952361760616697e+00
6.540684823614951959e+00,6.537197405901035374e+00,-1.046225314174975551e-02,1.737984247425217177e-02,9.816917589332502914e+00
6.540627582565638143e+00,6.537197405901035374e+00,-1.029052999380830613e-02,1.717231479414493833e-02,9.816881784800337130e+00
6.540571029694803862e+00,6.537197405901035374e+00,-1.012087138130546293e-02,1.696586125028431979e-02,9.816844989868979354e+00
6.540515161322956850e+00,6.537197405901035374e+00,-9.953266265764426635e-03,1.676051155410362981e-02,9.816807245288339701e+00
6.540459973675638139e+00,6.537197405901035374e+00,-9.787703323808294442e-03,1.655629419561321924e-02,9.816768590871806310e+00
6.540405462887406429e+00,6.537197405901035374e+00,-9.624170959113165225e-03,1.635323646951292176e-02,9.816729065510401142e+00
6.540351625005726532e+00,6.537197405901035374e+00,-9.462657314073474879e-03,1.615136450396903456e-02,9.816688707189896945e+00
6.540298455994765447e+00,6.537197405901035374e+00,-9.303150281190220028e-03,1.595070328832548512e-02,9.816647553007136651e+00
6.540245951739104946e+00,6.537197405901035374e+00,-9.145637514208715402e-03,1.575127669815046261e-02,9.816605639183942245e+00
6.540194108047362676e+00,6.537197405901035374e+00,-8.990106438981904091e-03,1.555310752268113106e-02,9.816563001083700613e+00
6.540142920655728886e+00,6.537197405901035374e+00,-8.836544264080536948e-03,1.535621749013671433e-02,9.816519673226057563e+00
6.540092385231417893e+00,6.537197405901035374e+00,-8.684937991147556602e-03,1.516062729329803460e-02,9.816475689302151864e+00
6.540042497376036934e+00,6.537197405901035374e+00,-8.535274425004679699e-03,1.496635661428769026e-02,9.816431082189282620e+00
6.539993252628875098e+00,6.537197405901035374e+00,-8.387540183519170967e-03,1.477342414855087327e-02,9.816385883965033088e+00
6.539944646470109646e+00,6.537197405901035374e+00,-8.241721707222815496e-03,1.458184762963554704e-02,9.816340125922412341e+00
6.539896674323935954e+00,6.537197405901035374e+00,-8.097805268701740999e-03,1.439164385210744967e-02,9.816293838583405318e+00
6.539849331561621071e+00,6.537197405901035374e+00,-7.955776981757090027e-03,1.420282869446509721e-02,9.816247051712707616e+00
6.539802613504477335e+00,6.537197405901035374e+00,-7.815622810325884018e-03,1.401541714312060094e-02,9.816199794332796102e+00
6.539756515426766725e+00,6.537197405901035374e+00,-7.677328577194053594e-03,1.382942331318304241e-02,9.816152094735990374e+00
6.539711032558529702e+00,6.537197405901035374e+00,-7.540879972482983362e-03,1.364486047110702316e-02,9.816103980498624537e+00
6.539666160088343005e+00,6.537197405901035374e+00,-7.406262561922893894e-03,1.346174105600894677e-02,9.816055478494085662e+00
6.539621893166005506e+00,6.537197405901035374e+00,-7.273461794910396350e-03,1.328007670124975448e-02,9.816006614906338967e+00
6.539578226905158331e+00,6.537197405901035374e+00,-7.142463012368871489e-03,1.309987825415248608e-02,9.815957415241783224e+00
6.539535156385835712e+00,6.537197405901035374e+00,-7.013251454401014939e-03,1.292115579678565496e-02,9.815907904342385137e+00
6.539492676656947445e+00,6.537197405901035374e+00,-6.885812267736213244e-03,1.274391866648016958e-02,9.815858106398744454e+00
6.539450782738699175e+00,6.537197405901035374e+00,-6.760130512991402441e-03,1.256817547448108030e-02,9.815808044961489287e+00
6.539409469624946958e+00,6.537197405901035374e+00,-6.636191171734751038e-03,1.239393412566514030e-02,9.815757742953930887e+00
6.539368732285489649e+00,6.537197405901035374e+00,-6.513979153362825514e-03,1.222120183719255238e-02,9.815707222683830224e+00
6.539328565668300897e+00,6.537197405901035374e+00,-6.393479301796567427e-03,1.204998515662580871e-02,9.815656505854828850e+00
6.539288964701698070e+00,6.537197405901035374e+00,-6.274676401988088514e-03,1.188028998084789123e-02,9.815605613578860300e+00
6.539249924296452576e+00,6.537197405901035374e+00,-6.157555186251606472e-03,1.171212157364820428e-02,9.815554566387397983e+00
6.539211439347845989e+00,6.537197405901035374e+00,-6.042100340431844074e-03,1.154548458197623972e-02,9.815503384241544893e+00
6.539173504737664011e+00,6.537197405901035374e+00,-5.928296509885910837e-03,1.138038305459332378e-02,9.815452086544707910e+00
6.539136115336136257e+00,6.537197405901035374e+00,-5.816128305302648016e-03,1.121682045832628205e-02,9.815400692153023243e+00
6.539099266003823629e+00,6.537197405901035374e+00,-5.705580308364766040e-03,1.105479969378819760e-02,9.815349219385424817e+00
6.539062951593449746e+00,6.537197405901035374e+00,-5.596637077243116210e-03,1.089432311216498306e-02,9.815297686034922364e+00
6.539027166951679071e+00,6.537197405901035374e+00,-5.489283151931090288e-03,1.073539253120259218e-02,9.815246109379271999e+00
6.538991906920846198e+00,6.537197405901035374e+00,-5.383503059432470650e-03,1.057800924986196378e-02,9.815194506190429991e+00
6.538957166340632732e+00,6.537197405901035374e+00,-5.279281318792072852e-03,1.042217406403977975e-02,9.815142892745248204e+00
6.538922940049693544e+00,6.537197405901035374e+00,-5.176602445974509692e-03,1.026788728175631604e-02,9.815091284835782304e+00
6.538889222887237729e+00,6.537197405901035374e+00,-5.075450958607063967e-03,1.011514873674457249e-02,9.815039697778138006e+00
6.538856009694559823e+00,6.537197405901035374e+00,-4.975811380573347265e-03,9.963957803371670252e-03,9.814988146422798820e+00
6.538823295316523954e+00,6.537197405901035374e+00,-4.877668246465738378e-03,9.814313410760888701e-03,9.814936645164294760e+00
6.538791074603005349e+00,6.537197405901035374e+00,-4.781006105909924031e-03,9.666214055581434650e-03,9.814885207949672008e+00
6.538759342410281228e+00,6.537197405901035374e+00,-4.685809527737561098e-03,9.519657817236293340e-03,9.814833848289499230e+00
6.538728093602386160e+00,6.537197405901035374e+00,-4.592063104052357403e-03,9.374642368520369473e-03,9.814782579264468509e+00
6.538697323052417687e+00,6.537197405901035374e+00,-4.499751454146938556e-03,9.231164990541884663e-03,9.814731413536396332e+00
6.538667025643802866e+00,6.537197405901035374e+00,-4.408859228302475231e-03,9.089222584446332576e-03,9.814680363356144355e+00
6.538637196271523067e+00,6.537197405901035374e+00,-4.319371111463077284e-03,8.948811683939794648e-03,9.814629440572478103e+00
6.538607829843300578e+00,6.537197405901035374e+00,-4.231271826795612867e-03,8.809928466746441700e-03,9.814578656639952214e+00
6.538578921280742584e+00,6.537197405901035374e+00,-4.144546139121629835e-03,8.672568767398303180e-03,9.814528022628277171e+00
6.538550465520446942e+00,6.537197405901035374e+00,-4.059178858234702147e-03,8.536728088692768779e-03,9.814477549230458564e+00
6.538522457515074215e+00,6.537197405901035374e+00,-3.975154842116523923e-03,8.402401611817822413e-03,9.814427246769701796e+00
6.538494892234378852e+00,6.537197405901035374e+00,-3.892459000030434879e-03,8.269584208608904419e-03,9.814377125208579855e+00
6.538467764666204829e+00,6.537197405901035374e+00,-3.811076295508364353e-03,8.138270452207052585e-03,9.814327194156700074e+00
6.538441069817445772e+00,6.537197405901035374e+00,-3.730991749231193921e-03,8.008454627717043195e-03,9.814277462878486347e+00
6.538414802714974883e+00,6.537197405901035374e+00,-3.652190441818525812e-03,7.880130741266810901e-03,9.814227940299449671e+00
6.538388958406534002e+00,6.537197405901035374e+00,-3.574657516495882703e-03,7.753292532264310921e-03,9.814178635015768037e+00
6.538363531961594255e+00,6.537197405901035374e+00,-3.498378181676642384e-03,7.627933481924031867e-03,9.814129555300247887e+00
6.538338518472184724e+00,6.537197405901035374e+00,-3.423337713448049158e-03,7.504046822859322674e-03,9.814080709109411771e+00
6.538313913053686477e+00,6.537197405901035374e+00,-3.349521457953308357e-03,7.381625549474080117e-03,9.814032104091520381e+00
6.538289710845597291e+00,6.537197405901035374e+00,-3.276914833685751205e-03,7.260662426755715160e-03,9.813983747593070461e+00
6.538265907012267064e+00,6.537197405901035374e+00,-3.205503333695070012e-03,7.141149999068119314e-03,9.813935646665374435e+00
6.538242496743603915e+00,6.537197405901035374e+00,-3.135272527705623702e-03,7.023080598944630992e-03,9.813887808071239505e+00
6.538219475255747426e+00,6.537197405901035374e+00,-3.066208064136155542e-03,6.906446356946815968e-03,9.813840238292812046e+00
6.538196837791720561e+00,6.537197405901035374e+00,-2.998295672055562022e-03,6.791239208059351995e-03,9.813792943536004287e+00
6.538174579622046956e+00,6.537197405901035374e+00,-2.931521163034744859e-03,6.677450902081716322e-03,9.813745929739047469e+00
6.538152696045347767e+00,6.537197405901035374e+00,-2.865870432937178691e-03,6.565073009756616784e-03,9.813699202576820824e+00
6.538131182388905671e+00,6.537197405901035374e+00,-2.801329463610890969e-03,6.454096932628772265e-03,9.813652767469019267e+00
6.538110034009211091e+00,6.537197405901035374e+00,-2.737884324527151136e-03,6.344513908373983213e-03,9.813606629583848218e+00
6.538089246292474677e+00,6.537197405901035374e+00,-2.675521174317907480e-03,6.236315020924365626e-03,9.813560793846606956e+00
6.538068814655122907e+00,6.537197405901035374e+00,-2.614226262262597800e-03,6.129491205530968045e-03,9.813515264943269756e+00
6.538048734544265272e+00,6.537197405901035374e+00,-2.553985929689694956e-03,6.024033257290284382e-03,9.813470047327601975e+00
6.538029001438140142e+00,6.537197405901035374e+00,-2.494786611314303570e-03,5.919931837539138542e-03,9.813425145226226221e+00
6.538009610846537534e+00,6.537197405901035374e+00,-2.436614836506478809e-03,5.817177480782476096e-03,9.813380562644276495e+00
6.537990558311199685e+00,6.537197405901035374e+00,-2.379457230492931785e-03,5.715760601354702430e-03,9.813336303370862268e+00
6.537971839406199415e+00,6.537197405901035374e+00,-2.323300515492121576e-03,5.615671500081020895e-03,9.813292370984589397e+00
6.537953449738297174e+00,6.537197405901035374e+00,-2.268131511785398402e-03,5.516900370672317422e-03,9.813248768858887416e+00
6.537935384947281214e+00,6.537197405901035374e+00,-2.213937138737520627e-03,5.419437304787777521e-03,9.813205500166050754e+00
6.537917640706281119e+00,6.537197405901035374e+00,-2.160704415737235706e-03,5.323272300028492054e-03,9.813162567884290866e+00
6.537900212722069782e+00,6.537197405901035374e+00,-2.108420463103222176e-03,5.228395263401353077e-03,9.813119974800297740e+00
6.537883096735338739e+00,6.537197405901035374e+00,-2.057072502910095579e-03,5.134796019312659610e-03,9.813077723516403950e+00
6.537866288520959301e+00,6.537197405901035374e+00,-2.006647859771781839e-03,5.042464313831374056e-03,9.813035816454060978e+00
6.537849783888225019e+00,6.537197405901035374e+00,-1.957133961568935376e-03,4.951389820284646248e-03,9.812994255858715320e+00
6.537833578681076396e+00,6.537197405901035374e+00,-1.908518340123066537e-03,4.861562144586883960e-03,9.812953043804464315e+00
6.537817668778308722e+00,6.537197405901035374e+00,-1.860788631820042838e-03,4.772970830302369905e-03,9.812912182198482824e+00
6.537802050093760364e+00,6.537197405901035374e+00,-1.813932578174970445e-03,4.685605364507239301e-03,9.812871672786332766e+00
6.537786718576491296e+00,6.537197405901035374e+00,-1.767938026367765758e-03,4.599455180720468661e-03,9.812831517154354088e+00
6.537771670210937636e+00,6.537197405901035374e+00,-1.722792929706784548e-03,4.514509666098120988e-03,9.812791716736391834e+00
6.537756901017057309e+00,6.537197405901035374e+00,-1.678485348065805738e-03,4.430758164097881036e-03,9.812752272816032573e+00
6.537742407050458837e+00,6.537197405901035374e+00,-1.635003448270389015e-03,4.348189979541672301e-03,9.812713186531272669e+00
6.537728184402513243e+00,6.537197405901035374e+00,-1.592335504433606275e-03,4.266794383678274016e-03,9.812674458879245165e+00
6.537714229200455307e+00,6.537197405901035374e+00,-1.550469898259798640e-03,4.186560617380763460e-03,9.812636090719120574e+00
6.537700537607469720e+00,6.537197405901035374e+00,-1.509395119303036381e-03,4.107477895676225899e-03,9.812598082776373687e+00
6.537687105822761247e+00,6.537197405901035374e+00,-1.469099765177617201e-03,4.029535412541918049e-03,9.812560435647364798e+00
6.537673930081617790e+00,6.537197405901035374e+00,-1.429572541747248238e-03,3.952722343036896291e-03,9.812523149801290145e+00
6.537661006655454798e+00,6.537197405901035374e+00,-1.390802263258272831e-03,3.877027848897540707e-03,9.812486225585640653e+00
6.537648331851849903e+00,6.537197405901035374e+00,-1.352777852443587392e-03,3.802441081468543871e-03,9.812449663229024566e+00
6.537635902014567790e+00,6.537197405901035374e+00,-1.315488340597248396e-03,3.728951184633899629e-03,9.812413462844038037e+00
6.537623713523569968e+00,6.537197405901035374e+00,-1.278922867603782265e-03,3.656547299346613045e-03,9.812377624431743328e+00
6.537611762795015657e+00,6.537197405901035374e+00,-1.243070681940849909e-03,3.585218566293235654e-03,9.812342147884352883e+00
6.537600046281250243e+00,6.537197405901035374e+00,-1.207921140644607760e-03,3.514954129624214829e-03,9.812307032988979216e+00
6.537588560470783072e+00,6.537197405901035374e+00,-1.173463709243094399e-03,3.445743140151336092e-03,9.812272279430908739e+00
6.537577301888259029e+00,6.537197405901035374e+00,-1.139687961670965421e-03,3.377574757212897794e-03,9.812237886795543318e+00
6.537566267094415018e+00,6.537197405901035374e+00,-1.106583580138931211e-03,3.310438153203421052e-03,9.812203854573064987e+00
6.537555452686028445e+00,6.537197405901035374e+00,-1.074140354979213896e-03,3.244322515971731491e-03,9.812170182160993903e+00
6.537544855295857715e+00,6.537197405901035374e+00,-1.042348184467023486e-03,3.179217051219040968e-03,9.812136868866751627e+00
6.537534471592573837e+00,6.537197405901035374e+00,-1.011197074615388658e-03,3.115110985163482837e-03,9.812103913910547703e+00
6.537524298280680490e+00,6.537197405901035374e+00,-9.806771389353485802e-04,3.051993568004007784e-03,9.812071316429069157e+00
6.537514332100430536e+00,6.537197405901035374e+00,-9.507785981854866009e-04,2.989854074986197929e-03,9.812039075476800321e+00
6.537504569827728318e+00,6.537197405901035374e+00,-9.214917800788313684e-04,2.928681810665523244e-03,9.812007190030588077e+00
6.537495008274028407e+00,6.537197405901035374e+00,-8.928071189790998119e-04,2.868466109973155653e-03,9.811975658990995441e+00
6.537485644286228137e+00,6.537197405901035374e+00,-8.647151555782883747e-04,2.809196340081143717e-03,9.811944481184504241e+00
6.537476474746545918e+00,6.537197405901035374e+00,-8.372065365316316843e-04,2.750861904665669044e-03,9.811913655368133647e+00
6.537467496572400449e+00,6.537197405901035374e+00,-8.102720140952257566e-04,2.693452243640592769e-03,9.811883180229546753e+00
6.537458706716278378e+00,6.537197405901035374e+00,-7.839024457290122427e-04,2.636956836621351385e-03,9.811853054390892837e+00
6.537450102165594856e+00,6.537197405901035374e+00,-7.580887936784463932e-04,2.581365205056584955e-03,9.811823276411377748e+00
6.537441679942553208e+00,6.537197405901035374e+00,-7.328221245535004869e-04,2.526666912494590633e-03,9.811793844787942476e+00
6.537433437103990386e+00,6.537197405901035374e+00,-7.080936088650346960e-04,2.472851568846579084e-03,9.811764757959981154e+00
6.537425370741223318e+00,6.537197405901035374e+00,-6.838945205638324865e-04,2.419908830120220955e-03,9.811736014309555998e+00
6.537417477979887259e+00,6.537197405901035374e+00,-6.602162365556552004e-04,2.367828400817728607e-03,9.811707612164262571e+00
6.537409755979767922e+00,6.537197405901035374e+00,-6.370502361976448924e-04,2.316600035801030799e-03,9.811679549799602995e+00
6.537402201934628287e+00,6.537197405901035374e+00,-6.143881007787399540e-04,2.266213541890493843e-03,9.811651825441112251e+00
6.537394813072032740e+00,6.537197405901035374e+00,-5.922215129920971322e-04,2.216658778664282181e-03,9.811624437265672682e+00
6.537387586653163218e+00,6.537197405901035374e+00,-5.705422563835327310e-04,2.167925660856440118e-03,9.811597383404473405e+00
6.537380519972634474e+00,6.537197405901035374e+00,-5.493422147972992775e-04,2.120004158623345347e-03,9.811570661943825655e+00
6.537373610358300446e+00,6.537197405901035374e+00,-5.286133717952168354e-04,2.072884300208244213e-03,9.811544270928413525e+00
6.537366855171058866e+00,6.537197405901035374e+00,-5.083478100704752478e-04,2.026556172474158757e-03,9.811518208362404181e+00
6.537360251804654077e+00,6.537197405901035374e+00,-4.885377108561073101e-04,1.981009921436793775e-03,9.811492472210581184e+00
6.537353797685470091e+00,6.537197405901035374e+00,-4.691753533041520541e-04,1.936235755195525599e-03,9.811467060401891871e+00
6.537347490272326311e+00,6.537197405901035374e+00,-4.502531138728116389e-04,1.892223943134041519e-03,9.811441970829260839e+00
6.537341327056265250e+00,6.537197405901035374e+00,-4.317634656896274237e-04,1.848964818318421521e-03,9.811417201352629291e+00
6.537335305560339371e+00,6.537197405901035374e+00,-4.136989779119915056e-04,1.806448777763591806e-03,9.811392749799852098e+00
6.537329423339393486e+00,6.537197405901035374e+00,-3.960523150743355814e-04,1.764666283765592425e-03,9.811368613968692642e+00
6.537323677979844483e+00,6.537197405901035374e+00,-3.788162364273262028e-04,1.723607864700937853e-03,9.811344791628274109e+00
6.537318067099458396e+00,6.537197405901035374e+00,-3.619835952690664271e-04,1.683264115825977569e-03,9.811321280520557409e+00
6.537312588347123921e+00,6.537197405901035374e+00,-3.455473382656393255e-04,1.643625700342710161e-03,9.811298078362078456e+00
6.537307239402625925e+00,6.537197405901035374e+00,-3.295005047716514923e-04,1.604683349398783321e-03,9.811275182844628517e+00
6.537302017976412749e+00,6.537197405901035374e+00,-3.138362261321248070e-04,1.566427863952668531e-03,9.811252591637821041e+00
6.537296921809363504e+00,6.537197405901035374e+00,-2.985477249843881964e-04,1.528850114773661062e-03,9.811230302389789770e+00
6.537291948672552699e+00,6.537197405901035374e+00,-2.836283145519757909e-04,1.491941043241240550e-03,9.811208312728689762e+00
6.537287096367014883e+00,6.537197405901035374e+00,-2.690713979385250809e-04,1.455691661345070997e-03,9.811186620263406155e+00
6.537282362723503049e+00,6.537197405901035374e+00,-2.548704674030233264e-04,1.420093053550175455e-03,9.811165222586147650e+00
6.537277745602250612e+00,6.537197405901035374e+00,-2.410191036457121072e-04,1.385136375731121916e-03,9.811144117272085907e+00
6.537273242892725378e+00,6.537197405901035374e+00,-2.275109750700110567e-04,1.350812857570105052e-03,9.811123301882499703e+00
6.537268852513387962e+00,6.537197405901035374e+00,-2.143398370577642709e-04,1.317113801224678582e-03,9.811102773964167412e+00
6.537264572411446650e+00,6.537197405901035374e+00,-2.014995312338285771e-04,1.284030582393569375e-03,9.811082531051159350e+00
6.537260400562610485e+00,6.537197405901035374e+00,-1.889839847253327321e-04,1.251554650849584505e-03,9.811062570666123861e+00
6.537256334970841465e+00,6.537197405901035374e+00,-1.767872094182720843e-04,1.219677530706064772e-03,9.811042890321289178e+00
6.537252373668104077e+00,6.537197405901035374e+00,-1.649033012061096315e-04,1.188390821216245286e-03,9.811023487520010633e+00
6.537248514714119274e+00,6.537197405901035374e+00,-1.533264392516997532e-04,1.157686195440987831e-03,9.811004359756189785e+00
6.537244756196109563e+00,6.537197405901035374e+00,-1.420508852225665919e-04,1.127555402913316129e-03,9.810985504517692135e+00
6.537241096228552095e+00,6.537197405901035374e+00,-1.310709825501632508e-04,1.097990267240334106e-03,9.810966919284691556e+00
6.537237532952922869e+00,6.537197405901035374e+00,-1.203811556624856394e-04,1.068982688767761147e-03,9.810948601533105773e+00
6.537234064537447153e+00,6.537197405901035374e+00,-1.099759092353380652e-04,1.040524642714757420e-03,9.810930548733480805e+00
6.537230689176844578e+00,6.537197405901035374e+00,-9.984982742761161489e-05,1.012608180772645028e-03,9.810912758353346419e+00
6.537227405092077781e+00,6.537197405901035374e+00,-8.999757312722067581e-05,9.852254300390939079e-04,9.810895227856912371e+00
6.537224210530096613e+00,6.537197405901035374e+00,-8.041388718371678124e-05,9.583685943503894578e-04,9.810877954707166282e+00
6.537221103763585894e+00,6.537197405901035374e+00,-7.109358765156059690e-05,9.320299532156184341e-04,9.810860936365564555e+00
6.537218083090711396e+00,6.537197405901035374e+00,-6.203156902806483686e-05,9.062018623495760039e-04,9.810844170293322009e+00
6.537215146834866708e+00,6.537197405901035374e+00,-5.322280149400171467e-05,8.808767534063122184e-04,9.810827653951912808e+00
6.537212293344416558e+00,6.537197405901035374e+00,-4.466233014355225350e-05,8.560471350449461170e-04,9.810811384804901891e+00
6.537209520992447231e+00,6.537197405901035374e+00,-3.634527423557187831e-05,8.317055907980375196e-04,9.810795360316562963e+00
6.537206828176509887e+00,6.537197405901035374e+00,-2.826682642353972597e-05,8.078447812032152342e-04,9.810779577954779285e+00
6.537204213318367430e+00,6.537197405901035374e+00,-2.042225199616609643e-05,7.844574427373629533e-04,9.810764035190741694e+00
6.537201674863744039e+00,6.537197405901035374e+00,-1.280688812599350968e-05,7.615363870172586758e-04,9.810748729498891763e+00
6.537199211282071154e+00,6.537197405901035374e+00,-5.416143107339621565e-06,7.390745018653888110e-04,9.810733658358758547e+00
6.537196821066234342e+00,6.537197405901035374e+00,1.754504403095324960e-06,7.170647510434946525e-04,9.810718819255447087e+00
6.537194502732322832e+00,6.537197405901035374e+00,8.709506137627442968e-06,6.955001734532118007e-04,9.810704209679592225e+00
6.537192254819379045e+00,6.537197405901035374e+00,1.545324496898814459e-05,6.743738831360701624e-04,9.810689827128104668e+00
6.537190075889148133e+00,6.537197405901035374e+00,2.199003566172308410e-05,6.536790692734939512e-04,9.810675669104934826e+00
6.537187964525827510e+00,6.537197405901035374e+00,2.832412562359110098e-05,6.334089961868016871e-04,9.810661733121811778e+00
6.537185919335819051e+00,6.537197405901035374e+00,3.445969564896955717e-05,6.135570025378456194e-04,9.810648016698188201e+00
6.537183938947480399e+00,6.537197405901035374e+00,4.040086066492420969e-05,5.941165015954652517e-04,9.810634517362259999e+00
6.537182022010878057e+00,6.537197405901035374e+00,4.615167047195001260e-05,5.750809807025802911e-04,9.810621232651175916e+00
6.537180167197541358e+00,6.537197405901035374e+00,5.171611048204738381e-05,5.564440010097371214e-04,9.810608160111492282e+00
6.537178373200215553e+00,6.537197405901035374e+00,5.709810245946300711e-05,5.381991977415623296e-04,9.810595297300201523e+00
6.537176638732619338e+00,6.537197405901035374e+00,6.230150524810795787e-05,5.203402788644950760e-04,9.810582641784112212e+00
6.537174962529201494e+00,6.537197405901035374e+00,6.733011550164036407e-05,5.028610253532406205e-04,9.810570191140854490e+00
6.537173343344898413e+00,6.537197405901035374e+00,7.218766841088353203e-05,4.857552909243167960e-04,9.810557942959334810e+00
6.537171779954890738e+00,6.537197405901035374e+00,7.687783843390860739e-05,4.690170023025075352e-04,9.810545894840736025e+00
6.537170271154367107e+00,6.537197405901035374e+00,8.140424000480095401e-05,4.526401570892346626e-04,9.810534044397094533e+00
6.537168815758283458e+00,6.537197405901035374e+00,8.577042825574920926e-05,4.366188250948255245e-04,9.810522389253350184e+00
6.537167412601124994e+00,6.537197405901035374e+00,8.997989973114073337e-05,4.209471475391524109e-04,9.810510927047271679e+00
6.537166060536671708e+00,6.537197405901035374e+00,9.403609309099891789e-05,4.056193359858184522e-04,9.810499655429076427e+00
6.537164758437761236e+00,6.537197405901035374e+00,9.794238982241409985e-05,3.906296731415181966e-04,9.810488572062965318e+00
6.537163505196057045e+00,6.537197405901035374e+00,1.017021149349872644e-04,3.759725112573164552e-04,9.810477674626191913e+00
6.537162299721814840e+00,6.537197405901035374e+00,1.053185376616028179e-04,3.616422726615553529e-04,9.810466960810323656e+00
6.537161140943654303e+00,6.537197405901035374e+00,1.087948721432141497e-04,3.476334481611331739e-04,9.810456428320303957e+00
6.537160027808325502e+00,6.537197405901035374e+00,1.121342781296164048e-04,3.339405986402255166e-04,9.810446074876770339e+00
6.537158959280484183e+00,6.537197405901035374e+00,1.153398616535739052e-04,3.205583523957500347e-04,9.810435898214048933e+00
6.537157934342464394e+00,6.537197405901035374e+00,1.184146757129411753e-04,3.074814059367270147e-04,9.810425896081650166e+00
6.537156951994052889e+00,6.537197405901035374e+00,1.213617209474548986e-04,2.947045234513723244e-04,9.810416066244400213e+00
6.537156011252266197e+00,6.537197405901035374e+00,1.241839463075322669e-04,2.822225360077368350e-04,9.810406406482314878e+00
6.537155111151127684e+00,6.537197405901035374e+00,1.268842497230693311e-04,2.700303415537064211e-04,9.810396914591276385e+00
6.537154250741448180e+00,6.537197405901035374e+00,1.294654787615812097e-04,2.581229038511878571e-04,9.810387588382614155e+00
6.537153429090606593e+00,6.537197405901035374e+00,1.319304312863422979e-04,2.464952524761088171e-04,9.810378425683762060e+00
6.537152645282333197e+00,6.537197405901035374e+00,1.342818561065328709e-04,2.351424820190572973e-04,9.810369424338126976e+00
6.537151898416493800e+00,6.537197405901035374e+00,1.365224536247211518e-04,2.240597518188280901e-04,9.810360582205444047e+00
6.537151187608874814e+00,6.537197405901035374e+00,1.386548764816808443e-04,2.132422856959692581e-04,9.810351897162178147e+00
6.537150511990971857e+00,6.537197405901035374e+00,1.406817301905505246e-04,2.026853708869680304e-04,9.810343367101078016e+00
6.537149870709779265e+00,6.537197405901035374e+00,1.426055737683284974e-04,1.923843577777972769e-04,9.810334989931547511e+00
6.537149262927579585e+00,6.537197405901035374e+00,1.444289203673676525e-04,1.823346599039155080e-04,9.810326763580270892e+00
6.537148687821738413e+00,6.537197405901035374e+00,1.461542378908831097e-04,1.725317523515457196e-04,9.810318685990242926e+00
6.537148144584496556e+00,6.537197405901035374e+00,1.477839496164534694e-04,1.629711725570359704e-04,9.810310755122173987e+00
6.537147632422766641e+00,6.537197405901035374e+00,1.493204348061993869e-04,1.536485189745917523e-04,9.810302968953781289e+00
6.537147150557932385e+00,6.537197405901035374e+00,1.507660293089685410e-04,1.445594502769154133e-04,9.810295325479586381e+00
6.537146698225646091e+00,6.537197405901035374e+00,1.521230261678496731e-04,1.356996858881132084e-04,9.810287822712055572e+00
6.537146274675630586e+00,6.537197405901035374e+00,1.533936762143639498e-04,1.270650046514276710e-04,9.810280458680866289e+00
6.537145879171482932e+00,6.537197405901035374e+00,1.545801886573272554e-04,1.186512442963305602e-04,9.810273231432955043e+00
6.537145510990479025e+00,6.537197405901035374e+00,1.556847316690479488e-04,1.104543011720693357e-04,9.810266139032840726e+00
6.537145169423378199e+00,6.537197405901035374e+00,1.567094329715246204e-04,1.024701302476671572e-04,9.810259179563219689e+00
6.537144853774234043e+00,6.537197405901035374e+00,1.576563804039921024e-04,9.469474324674820309e-05,9.810252351123651238e+00
6.537144563360201666e+00,6.537197405901035374e+00,1.585276225011256201e-04,8.712420971335177455e-05,9.810245651832214975e+00
6.537144297511352953e+00,6.537197405901035374e+00,1.593251690472641258e-04,7.975465461385056187e-05,9.810239079823661612e+00
6.537144055570486501e+00,6.537197405901035374e+00,1.600509916466208438e-04,7.258225993567180012e-05,9.810232633251583678e+00
6.537143836892945536e+00,6.537197405901035374e+00,1.607070242695129991e-04,6.560326228921553593e-05,9.810226310286559226e+00
6.537143640846433179e+00,6.537197405901035374e+00,1.612951638065851512e-04,5.881395370721520521e-05,9.810220109117514298e+00
6.537143466810832138e+00,6.537197405901035374e+00,1.618172706097098512e-04,5.221068031247000363e-05,9.810214027950923565e+00
6.537143314178026188e+00,6.537197405901035374e+00,1.622751690275592296e-04,4.578984178493783475e-05,9.810208065010812106e+00
6.537143182351721649e+00,6.537197405901035374e+00,1.626706479411765827e-04,3.954789136173531006e-05,9.810202218539302521e+00
6.537143070747270635e+00,6.537197405901035374e+00,1.630054612942188896e-04,3.348133530423069715e-05,9.810196486796598947e+00
6.537142978791499637e+00,6.537197405901035374e+00,1.632813286072121173e-04,2.758673129932276424e-05,9.810190868059907032e+00
6.537142905922534553e+00,6.537197405901035374e+00,1.634999355024646661e-04,2.186068952525488385e-05,9.810185360625027329e+00
6.537142851589631931e+00,6.537197405901035374e+00,1.636629342103290696e-04,1.629987078644035137e-05,9.810179962804998155e+00
6.537142815253009331e+00,6.537197405901035374e+00,1.637719440781282287e-04,1.090098677991591103e-05,9.810174672930859430e+00
6.537142796383680121e+00,6.537197405901035374e+00,1.638285520657589700e-04,5.660798763074126327e-06,9.810169489350830219e+00
6.537142794463286499e+00,6.537197405901035374e+00,1.638343132466246743e-04,5.761180865704318421e-07,9.810164410431333692e+00
6.537142808983935183e+00,6.537197405901035374e+00,1.637907513005742999e-04,-4.356194605037444489e-06,9.810159434556695146e+00
6.537142839448040199e+00,6.537197405901035374e+00,1.636993589855251230e-04,-9.139231504917688653e-06,9.810154560127481105e+00
6.537142885368157685e+00,6.537197405901035374e+00,1.635615986330662963e-04,-1.377603524588266737e-05,9.810149785563387681e+00
6.537142946266831345e+00,6.537197405901035374e+00,1.633789026120879839e-04,-1.826960209783123901e-05,9.810145109300513866e+00
6.537143021676435239e+00,6.537197405901035374e+00,1.631526738004041022e-04,-2.262288116838817587e-05,9.810140529792633401e+00
6.537143111139018359e+00,6.537197405901035374e+00,1.628842860510459900e-04,-2.683877493581121598e-05,9.810136045511114844e+00
6.537143214206152741e+00,6.537197405901035374e+00,1.625750846478979383e-04,-3.092014031480516678e-05,9.810131654944333590e+00
6.537143330438781597e+00,6.537197405901035374e+00,1.622263867613327193e-04,-3.486978865652190507e-05,9.810127356598105308e+00
6.537143459407070090e+00,6.537197405901035374e+00,1.618394818958535097e-04,-3.869048654792095476e-05,9.810123148995348430e+00
6.537143600690257905e+00,6.537197405901035374e+00,1.614156323324067444e-04,-4.238495634467653872e-05,9.810119030675988228e+00
6.537143753876513586e+00,6.537197405901035374e+00,1.609560735653658980e-04,-4.595587670408463055e-05,9.810115000196862667e+00
6.537143918562788869e+00,6.537197405901035374e+00,1.604620147395152685e-04,-4.940588258506295460e-05,9.810111056132154062e+00
6.537144094354677470e+00,6.537197405901035374e+00,1.599346390737110823e-04,-5.273756658041861556e-05,9.810107197072493790e+00
6.537144280866272972e+00,6.537197405901035374e+00,1.593751042872071366e-04,-5.595347865039457247e-05,9.810103421625637310e+00
6.537144477720031155e+00,6.537197405901035374e+00,1.587845430126577639e-04,-5.905612745493726834e-05,9.810099728415558218e+00
6.537144684546631446e+00,6.537197405901035374e+00,1.581640632117853329e-04,-6.204798008724310421e-05,9.810096116083125040e+00
6.537144900984840135e+00,6.537197405901035374e+00,1.575147485857186780e-04,-6.493146260666549097e-05,9.810092583285978662e+00
6.537145126681377150e+00,6.537197405901035374e+00,1.568376589746733885e-04,-6.770896110452895300e-05,9.810089128697871530e+00
6.537145361290783718e+00,6.537197405901035374e+00,1.561338307549675619e-04,-7.038282197058265410e-05,9.810085751008784882e+00
6.537145604475290916e+00,6.537197405901035374e+00,1.554042772333730227e-04,-7.295535215945392338e-05,9.810082448925074416e+00
6.537145855904690883e+00,6.537197405901035374e+00,1.546499890334729344e-04,-7.542881999000883297e-05,9.810079221169043961e+00
6.537146115256208034e+00,6.537197405901035374e+00,1.538719344820194124e-04,-7.780545514535219809e-05,9.810076066479336276e+00
6.537146382214372942e+00,6.537197405901035374e+00,1.530710599872975308e-04,-8.008744947218815469e-05,9.810072983610515607e+00
6.537146656470898876e+00,6.537197405901035374e+00,1.522482904094957235e-04,-8.227695778018073725e-05,9.810069971332630701e+00
6.537146937724558349e+00,6.537197405901035374e+00,1.514045294310761847e-04,-8.437609784195387874e-05,9.810067028431589620e+00
6.537147225681060547e+00,6.537197405901035374e+00,1.505406599244807353e-04,-8.638695065954493657e-05,9.810064153709266321e+00
6.537147520052934091e+00,6.537197405901035374e+00,1.496575443038494768e-04,-8.831156206312584800e-05,9.810061345982241221e+00
6.537147820559405353e+00,6.537197405901035374e+00,1.487560248900621218e-04,-9.015194137873550062e-05,9.810058604083511824e+00
6.537148126926284775e+00,6.537197405901035374e+00,1.478369242517985072e-04,-9.191006382636146554e-05,9.810055926860425046e+00
6.537148438885850510e+00,6.537197405901035374e+00,1.469010455545927130e-04,-9.358786972057941966e-05,9.810053313175835399e+00
6.537148756176733855e+00,6.537197405901035374e+00,1.459491729045581110e-04,-9.518726500346019748e-05,9.810050761907902483e+00
6.537149078543808223e+00,6.537197405901035374e+00,1.449820716814542720e-04,-9.671012231038389473e-05,9.810048271949371568e+00
6.537149405738077235e+00,6.537197405901035374e+00,1.440004888744184086e-04,-9.815828070358634250e-05,9.810045842208172218e+00
6.537149737516567249e+00,6.537197405901035374e+00,1.430051534043741412e-04,-9.953354700442673675e-05,9.810043471606400445e+00
6.537150073642218118e+00,6.537197405901035374e+00,1.419967764517693354e-04,-1.008376952604805865e-04,9.810041159081190898e+00
6.537150413883776601e+00,6.537197405901035374e+00,1.409760517763203325e-04,-1.020724675449002916e-04,9.810038903584231917e+00
6.537150758015694230e+00,6.537197405901035374e+00,1.399436560234335047e-04,-1.032395752886827722e-04,9.810036704080735248e+00
6.537151105818019836e+00,6.537197405901035374e+00,1.389002490466140216e-04,-1.043406976819483134e-04,9.810034559551365163e+00
6.537151457076300076e+00,6.537197405901035374e+00,1.378464742058937986e-04,-1.053774840720222983e-04,9.810032468990133481e+00
6.537151811581479066e+00,6.537197405901035374e+00,1.367829586689239818e-04,-1.063515536969816822e-04,9.810030431404971552e+00
6.537152169129798907e+00,6.537197405901035374e+00,1.357103137094028966e-04,-1.072644959521085184e-04,9.810028445817756904e+00
6.537152529522700206e+00,6.537197405901035374e+00,1.346291350055039970e-04,-1.081178703898899585e-04,9.810026511264617000e+00
6.537152892566727935e+00,6.537197405901035374e+00,1.335400029223166030e-04,-1.089132083187394073e-04,9.810024626794604075e+00
6.537153258073435502e+00,6.537197405901035374e+00,1.324434827996157082e-04,-1.096520122700894717e-04,9.810022791470530024e+00
6.537153625859290607e+00,6.537197405901035374e+00,1.313401252343027181e-04,-1.103357565312990118e-04,9.810021004368703501e+00
6.537153995745581980e+00,6.537197405901035374e+00,1.302304663601816515e-04,-1.109658874121066674e-04,9.810019264578947684e+00
6.537154367558331458e+00,6.537197405901035374e+00,1.291150281117481313e-04,-1.115438248433520130e-04,9.810017571203268005e+00
6.537154741128201607e+00,6.537197405901035374e+00,1.279943185013010520e-04,-1.120709610447079285e-04,9.810015923357457979e+00
6.537155116290406909e+00,6.537197405901035374e+00,1.268688318853961050e-04,-1.125486615904947030e-04,9.810014320170296287e+00
6.537155492884629382e+00,6.537197405901035374e+00,1.257390492179766284e-04,-1.129782667419476638e-04,9.810012760782477415e+00
6.537155870754929765e+00,6.537197405901035374e+00,1.246054383168271329e-04,-1.133610901149495476e-04,9.810011244348203263e+00
6.537156249749665804e+00,6.537197405901035374e+00,1.234684541087105458e-04,-1.136984208116587070e-04,9.810009770033296661e+00
6.537156629721404322e+00,6.537197405901035374e+00,1.223285388931572015e-04,-1.139915215553344296e-04,9.810008337017338320e+00
6.537157010526844836e+00,6.537197405901035374e+00,1.211861225716148738e-04,-1.142416321542327751e-04,9.810006944490417879e+00
6.537157392026734293e+00,6.537197405901035374e+00,1.200416229032441606e-04,-1.144499668370713152e-04,9.810005591656066670e+00
6.537157774085789796e+00,6.537197405901035374e+00,1.188954457367330519e-04,-1.146177166511108680e-04,9.810004277729085231e+00
6.537158156572617784e+00,6.537197405901035374e+00,1.177479852527696380e-04,-1.147460483963413935e-04,9.810003001936856037e+00
6.537158539359639420e+00,6.537197405901035374e+00,1.165996241878630713e-04,-1.148361064906566753e-04,9.810001763517696816e+00
6.537158922323013321e+00,6.537197405901035374e+00,1.154507340661581338e-04,-1.148890121704937428e-04,9.810000561721896162e+00
6.537159305342559179e+00,6.537197405901035374e+00,1.143016754285852699e-04,-1.149058637572863972e-04,9.809999395811672684e+00
6.537159688301685811e+00,6.537197405901035374e+00,1.131527980486879414e-04,-1.148877379897328410e-04,9.809998265060059452e+00
6.537160071087319224e+00,6.537197405901035374e+00,1.120044411484499847e-04,-1.148356900237956779e-04,9.809997168751124264e+00
6.537160453589827114e+00,7.993214683004947751e+00,4.368162688245361913e+00,0.000000000000000000e+00,1.417816268824536152e+01
6.537597652361159639e+00,7.993214683004947751e+00,4.366851091931364337e+00,-1.311596313997576146e-01,1.404569146053160722e+01
6.538458420278545624e+00,7.993214683004947751e+00,4.364268788179206382e+00,-2.582303752157955046e-01,1.391603841296341137e+01
6.539729792037228151e+00,7.993214683004947751e+00,4.360454672903158801e+00,-3.814115276047580494e-01,1.378904314529840036e+01
6.541399068110440140e+00,7.993214683004947751e+00,4.355446844683522833e+00,-5.007828219635968026e-01,1.366466402271992564e+01
6.543453810585924124e+00,7.993214683004947751e+00,4.349282617257070882e+00,-6.164227426451951430e-01,1.354285987461187624e+01
6.545881839048869111e+00,7.993214683004947751e+00,4.341998531868235922e+00,-7.284085388834959929e-01,1.342358999298474131e+01
6.548671226511112664e+00,7.993214683004947751e+00,4.333630369481505262e+00,-8.368162386730659819e-01,1.330681413080844067e+01
6.551810295386436778e+00,7.993214683004947751e+00,4.324213162855532921e+00,-9.417206625972340817e-01,1.319249250025830023e+01
6.555287613511787015e+00,7.993214683004947751e+00,4.313781208479482210e+00,-1.043195437605071163e+00,1.308058577087441066e+01
6.559091990214224843e+00,7.993214683004947751e+00,4.302368078372168725e+00,-1.141313010731348498e+00,1.297105506764082072e+01
6.563212472423426647e+00,7.993214683004947751e+00,4.290006631744563315e+00,-1.236144662760541024e+00,1.286386196898402190e+01
6.567638340829526911e+00,7.993214683004947751e+00,4.276729026526262523e+00,-1.327760521830079199e+00,1.275896850469618471e+01
6.572359106086096858e+00,7.993214683004947751e+00,4.262566730756552680e+00,-1.416229576970984283e+00,1.265633715378556801e+01
6.577364505058045374e+00,7.993214683004947751e+00,4.247550533840707132e+00,-1.501619691584554772e+00,1.255593084225615286e+01
6.582644497114219284e+00,7.993214683004947751e+00,4.231710557672185402e+00,-1.583997616852172996e+00,1.245771294082001290e+01
6.588189260464475616e+00,7.993214683004947751e+00,4.215076267621416406e+00,-1.663429005076899614e+00,1.236164726254451729e+01
6.593989188540986035e+00,7.993214683004947751e+00,4.197676483391885149e+00,-1.739978422953125659e+00,1.226769806043876088e+01
6.600034886423540748e+00,7.993214683004947751e+00,4.179539389744221012e+00,-1.813709364766413756e+00,1.217583002497780775e+01
6.606317167308592531e+00,7.993214683004947751e+00,4.160692547089065663e+00,-1.884684265515534918e+00,1.208600828157353035e+01
6.612827049021801962e+00,7.993214683004947751e+00,4.141162901949437369e+00,-1.952964513962829329e+00,1.199819838798660854e+01
6.619555750573810293e+00,7.993214683004947751e+00,4.120976797293412375e+00,-2.018610465602499460e+00,1.191236633169091341e+01
6.626494688758987728e+00,7.993214683004947751e+00,4.100159982737880071e+00,-2.081681455553230364e+00,1.182847852718465020e+01
6.633635474796883535e+00,7.993214683004947751e+00,4.078737624624192648e+00,-2.142235811368742304e+00,1.174650181325545084e+01
6.640969911016104454e+00,7.993214683004947751e+00,4.056734315966529891e+00,-2.200330865766275679e+00,1.166640345020025471e+01
6.648489987580346039e+00,7.993214683004947751e+00,4.034174086273805138e+00,-2.256022969272475365e+00,1.158815111700133116e+01
6.656187879256287410e+00,7.993214683004947751e+00,4.011080411245981026e+00,-2.309367502782411208e+00,1.151171290846357032e+01
6.664055942223074958e+00,7.993214683004947751e+00,3.987476222345618382e+00,-2.360418890036264372e+00,1.143705733230935451e+01
6.672086710923093911e+00,7.993214683004947751e+00,3.963383916245561522e+00,-2.409230610005685946e+00,1.136415330623987607e+01
6.680272894953736440e+00,7.993214683004947751e+00,3.938825364153633934e+00,-2.455855209192758792e+00,1.129297015496087653e+01
6.688607375999874982e+00,7.993214683004947751e+00,3.913821921015218308e+00,-2.500344313841562638e+00,1.122347760717365617e+01
6.697083204806730805e+00,7.993214683004947751e+00,3.888394434594650839e+00,-2.542748642056746888e+00,1.115564579253790356e+01
6.705693598192841165e+00,7.993214683004947751e+00,3.862563254436319760e+00,-2.583118015833107961e+00,1.108944523860321141e+01
6.714431936102811527e+00,7.993214683004947751e+00,3.836348240706408674e+00,-2.621501372991108525e+00,1.102484686771530065e+01
6.723291758699553533e+00,7.993214683004947751e+00,3.809768772916182655e+00,-2.657946779022601902e+00,1.096182199389358125e+01
6.732266763495684536e+00,7.993214683004947751e+00,3.782843758527789646e+00,-2.692501438839300931e+00,1.090034231968848921e+01
6.741350802523784935e+00,7.993214683004947751e+00,3.755591641443488449e+00,-2.725211708430119728e+00,1.084037993301337011e+01
6.750537879545186470e+00,7.993214683004947751e+00,3.728030410379283843e+00,-2.756123106420460545e+00,1.078190730395882468e+01
6.759822147296984163e+00,7.993214683004947751e+00,3.700177607123890766e+00,-2.785280325539307711e+00,1.072489728158458355e+01
6.769197904776939723e+00,7.993214683004947751e+00,3.672050334684024087e+00,-2.812727243986667958e+00,1.066932309069735751e+01
6.778659594565965563e+00,7.993214683004947751e+00,3.643665265316946567e+00,-2.838506936707752004e+00,1.061515832860919417e+01
6.788201800187851909e+00,7.993214683004947751e+00,3.615038648451287528e+00,-2.862661686565903807e+00,1.056237696188538422e+01
6.797819243505927034e+00,7.993214683004947751e+00,3.586186318497062153e+00,-2.885232995422537527e+00,1.051095332307452423e+01
6.807506782156309555e+00,7.993214683004947751e+00,3.557123702545914590e+00,-2.906261595114756346e+00,1.046086210743115785e+01
6.817259407017434825e+00,7.993214683004947751e+00,3.527865827962538781e+00,-2.925787458337580915e+00,1.041207836962495747e+01
6.827072239715523239e+00,7.993214683004947751e+00,3.498427329868273539e+00,-2.943849809426524189e+00,1.036457752044174896e+01
6.836940530165655616e+00,7.993214683004947751e+00,3.468822458517876406e+00,-2.960487135039713280e+00,1.031833532347816274e+01
6.846859654148135910e+00,7.993214683004947751e+00,3.439065086570435525e+00,-2.975737194744088043e+00,1.027332789182634798e+01
6.856825110919798405e+00,7.993214683004947751e+00,3.409168716255448039e+00,-2.989637031498748598e+00,1.022953168475670083e+01
6.866832520859937006e+00,7.993214683004947751e+00,3.379146486435032237e+00,-3.002222982041580224e+00,1.018692350439345162e+01
6.876877623150514651e+00,7.993214683004947751e+00,3.349011179563299301e+00,-3.013530687173293643e+00,1.014548049239000704e+01
6.886956273490331348e+00,7.993214683004947751e+00,3.318775228543849209e+00,-3.023595101945009134e+00,1.010518012659884057e+01
6.897064441842807980e+00,7.993214683004947751e+00,3.288450723486419314e+00,-3.032450505742989577e+00,1.006600021774342935e+01
6.907198210217059042e+00,7.993214683004947751e+00,3.258049418363666128e+00,-3.040130512275318608e+00,1.002791890608834890e+01
6.917353770481918573e+00,7.993214683004947751e+00,3.227582737569087534e+00,-3.046668079457859335e+00,9.990914658111229585e+00
6.927527422212589769e+00,7.993214683004947751e+00,3.197061782377073946e+00,-3.052095519201358798e+00,9.954966263175716534e+00
6.937715570569578105e+00,7.993214683004947751e+00,3.166497337306108939e+00,-3.056444507096500729e+00,9.920052830209609596e+00
6.947914724209587334e+00,7.993214683004947751e+00,3.135899876386081253e+00,-3.059746092002768592e+00,9.886153784383314047e+00
6.958121493228034637e+00,7.993214683004947751e+00,3.105279569330739342e+00,-3.062030705534191100e+00,9.853248863796547852e+00
6.968332587132861633e+00,7.993214683004947751e+00,3.074646287616258356e+00,-3.063328171448098658e+00,9.821318116168161083e+00
6.978544812849305501e+00,7.993214683004947751e+00,3.044009610466926752e+00,-3.063667714933160369e+00,9.790341895533767769e+00
6.988755072755303388e+00,7.993214683004947751e+00,3.013378830748933090e+00,-3.063077971799366139e+00,9.760300858949566560e+00
6.998960362747196129e+00,7.993214683004947751e+00,2.982762960773254868e+00,-3.061586997567822266e+00,9.731175963205433987e+00
7.009157770335408877e+00,7.993214683004947751e+00,2.952170738008616624e+00,-3.059222276463824386e+00,9.702948461544792735e+00
7.019344472769776466e+00,7.993214683004947751e+00,2.921610630705513856e+00,-3.056010730310276813e+00,9.675599900395237540e+00
7.029517735194183103e+00,7.993214683004947751e+00,2.891090843432293944e+00,-3.051978727321991158e+00,9.649112116110302395e+00
7.039674908830201083e+00,7.993214683004947751e+00,2.860619322524240005e+00,-3.047152090805393954e+00,9.623467231718846548e+00
7.049813429189391023e+00,7.993214683004947751e+00,2.830203761446670185e+00,-3.041556107756981930e+00,9.598647653689688752e+00
7.059930814313950087e+00,7.993214683004947751e+00,2.799851606072992993e+00,-3.035215537367719207e+00,9.574636068705274283e+00
7.070024663045379576e+00,7.993214683004947751e+00,2.769570059878704527e+00,-3.028154619428846672e+00,9.551415440449858352e+00
7.080092653320853913e+00,7.993214683004947751e+00,2.739366089052281517e+00,-3.020397082642301001e+00,9.528969006409980125e+00
7.090132540496969504e+00,7.993214683004947751e+00,2.709246427523934742e+00,-3.011966152834677501e+00,9.507280274689257737e+00
7.100142155700553737e+00,7.993214683004947751e+00,2.679217581913182045e+00,-3.002884561075269687e+00,9.486333020837912855e+00
7.110119404206221461e+00,7.993214683004947751e+00,2.649285836396178873e+00,-2.993174551700317210e+00,9.466111284695863048e+00
7.120062263840359229e+00,7.993214683004947751e+00,2.619457257493765567e+00,-2.982857890241330523e+00,9.446599367252435542e+00
7.129968783411221978e+00,7.993214683004947751e+00,2.589737698781177322e+00,-2.971955871258824544e+00,9.427781827522352387e+00
7.139837081164837507e+00,7.993214683004947751e+00,2.560132805520330734e+00,-2.960489326084658757e+00,9.409643479435672475e+00
7.149665343266396356e+00,7.993214683004947751e+00,2.530648019215654188e+00,-2.948478630467654682e+00,9.392169388748000003e+00
7.159451822306829527e+00,7.993214683004947751e+00,2.501288582094354673e+00,-2.935943712129951422e+00,9.375344869964404637e+00
7.169194835834259649e+00,7.993214683004947751e+00,2.472059541512064307e+00,-2.922904058229036650e+00,9.359155483283029042e+00
7.178892764910018265e+00,7.993214683004947751e+00,2.442965754284788460e+00,-2.909378722727584687e+00,9.343587031557204270e+00
7.188544052688932595e+00,7.993214683004947751e+00,2.414011890948045469e+00,-2.895386333674299095e+00,9.328625557273745983e+00
7.198147203023573582e+00,7.993214683004947751e+00,2.385202439944122510e+00,-2.880945100392295899e+00,9.314257339551826220e+00
7.207700779092170329e+00,7.993214683004947751e+00,2.356541711738332268e+00,-2.866072820579024238e+00,9.300468891159308527e+00
7.217203402049882754e+00,7.993214683004947751e+00,2.328033842865194991e+00,-2.850786887313727647e+00,9.287246955551466954e+00
7.226653749703149998e+00,7.993214683004947751e+00,2.299682799905393260e+00,-2.835104295980173106e+00,9.274578503925219763e+00
7.236050555206809953e+00,7.993214683004947751e+00,2.271492383394413395e+00,-2.819041651097986545e+00,9.262450732296427347e+00
7.245392605783699480e+00,7.993214683004947751e+00,2.243466231663744814e+00,-2.802615173066858034e+00,9.250851058596886389e+00
7.254678741466449310e+00,7.993214683004947751e+00,2.215607824615495325e+00,-2.785840704824948943e+00,9.239767119790545991e+00
7.263907853861177877e+00,7.993214683004947751e+00,2.187920487431309624e+00,-2.768733718418570078e+00,9.229186769012740044e+00
7.273078884932807853e+00,7.993214683004947751e+00,2.160407394216419696e+00,-2.751309321488992765e+00,9.219098072727426540e+00
7.282190825811710511e+00,7.993214683004947751e+00,2.133071571579711723e+00,-2.733582263670797374e+00,9.209489307908913958e+00
7.291242715621404358e+00,7.993214683004947751e+00,2.105915902150630181e+00,-2.715566942908154147e+00,9.200348959242475644e+00
7.300233640327022044e+00,7.993214683004947751e+00,2.078943128033777121e+00,-2.697277411685305992e+00,9.191665716348470738e+00
7.309162731604274654e+00,7.993214683004947751e+00,2.052155854202019292e+00,-2.678727383175782961e+00,9.183428471026235940e+00
7.318029165728630048e+00,7.993214683004947751e+00,2.025556551828953111e+00,-2.659930237306618039e+00,9.175626314522336457e+00
7.326832162484437916e+00,7.993214683004947751e+00,1.999147561561529507e+00,-2.640899026742360434e+00,9.168248534819170459e+00
7.335570984093727098e+00,7.993214683004947751e+00,1.972931096733661960e+00,-2.621646482786754717e+00,9.161284613946907740e+00
7.344244934164411376e+00,7.993214683004947751e+00,1.946909246521609127e+00,-2.602185021205283277e+00,9.154724225316325459e+00
7.352853356657626627e+00,7.993214683004947751e+00,1.921083979041963374e+00,-2.582526747964575264e+00,9.148557231077388607e+00
7.361395634873949767e+00,7.993214683004947751e+00,1.895457144392993953e+00,-2.562683464896942098e+00,9.142773679496052353e+00
7.369871190458222365e+00,7.993214683004947751e+00,1.870030477640176159e+00,-2.542666675281779476e+00,9.137363802358397180e+00
7.378279482422731128e+00,7.993214683004947751e+00,1.844805601746649870e+00,-2.522487589352628845e+00,9.132318012394021522e+00
7.386620006188479692e+00,7.993214683004947751e+00,1.819784030449404177e+00,-2.502157129724569273e+00,9.127626900724834513e+00
7.394892292644300369e+00,7.993214683004947751e+00,1.794967171081942148e+00,-2.481685936746202970e+00,9.123281234335738787e+00
7.403095907223554484e+00,7.993214683004947751e+00,1.770356327344179803e+00,-2.461084373776234457e+00,9.119271953567945843e+00
7.411230448998165521e+00,7.993214683004947751e+00,1.745952702020346692e+00,-2.440362532383311134e+00,9.115590169637036055e+00
7.419295549789739930e+00,7.993214683004947751e+00,1.721757399645623465e+00,-2.419530237472322654e+00,9.112227162173301309e+00
7.427290873297532237e+00,7.993214683004947751e+00,1.697771429122246545e+00,-2.398597052337692048e+00,9.109174376784554994e+00
7.435216114243003105e+00,7.993214683004947751e+00,1.673995706285833940e+00,-2.377572283641260498e+00,9.106423422644574828e+00
7.443070997530738531e+00,7.993214683004947751e+00,1.650431056422627663e+00,-2.356464986320627730e+00,9.103966070102000430e+00
7.450855277425484147e+00,7.993214683004947751e+00,1.627078216738390815e+00,-2.335283968423684797e+00,9.101794248314707403e+00
7.458568736745061045e+00,7.993214683004947751e+00,1.603937838779660119e+00,-2.314037795873069570e+00,9.099900042906590159e+00
7.466211186068928640e+00,7.993214683004947751e+00,1.581010490808057334e+00,-2.292734797160278504e+00,9.098275693647778439e+00
7.473782462962160977e+00,7.993214683004947751e+00,1.558296660128360323e+00,-2.271383067969701131e+00,9.096913592158660578e+00
7.481282431214609119e+00,7.993214683004947751e+00,1.535796755371015898e+00,-2.249990475734442441e+00,9.095806279636573066e+00
7.488710980095020453e+00,7.993214683004947751e+00,1.513511108729781895e+00,-2.228564664123400263e+00,9.094946444606382130e+00
7.496068023619892884e+00,7.993214683004947751e+00,1.491439978155164603e+00,-2.207113057461729255e+00,9.094326920693436733e+00
7.503353499836834750e+00,7.993214683004947751e+00,1.469583549504339004e+00,-2.185642865082559894e+00,9.093940684421779608e+00
7.510567370122218200e+00,7.993214683004947751e+00,1.447941938648188653e+00,-2.164161085615035063e+00,9.093780853033154088e+00
7.517709618492905754e+00,7.993214683004947751e+00,1.426515193536125992e+00,-2.142674511206266175e+00,9.093840682329860314e+00
7.524780250931826231e+00,7.993214683004947751e+00,1.405303296219364562e+00,-2.121189731676142998e+00,9.094113564543221173e+00
7.531779294727201091e+00,7.993214683004947751e+00,1.384306164833239983e+00,-2.099713138612457897e+00,9.094593026220781695e+00
7.538706797825197370e+00,7.993214683004947751e+00,1.363523655539251145e+00,-2.078250929398883784e+00,9.095272726140368746e+00
7.545562828195808258e+00,7.993214683004947751e+00,1.342955564427418480e+00,-2.056809111183266481e+00,9.096146453244152497e+00
7.552347473211742823e+00,7.993214683004947751e+00,1.322601629379614785e+00,-2.035393504780369511e+00,9.097208124599244883e+00
7.559060839040137481e+00,7.993214683004947751e+00,1.302461531894430813e+00,-2.014009748518397203e+00,9.098451783376034996e+00
7.565703050046869826e+00,7.993214683004947751e+00,1.282534898874233775e+00,-1.992663302019703764e+00,9.099871596854530509e+00
7.572274248213287429e+00,7.993214683004947751e+00,1.262821304374980969e+00,-1.971359449925280671e+00,9.101461854449700795e+00
7.578774592565149959e+00,7.993214683004947751e+00,1.243320271319393377e+00,-1.950103305558759104e+00,9.103216965760633883e+00
7.585204258613589268e+00,7.993214683004947751e+00,1.224031273174075451e+00,-1.928899814531792600e+00,9.105131458642283349e+00
7.591563437807892889e+00,7.993214683004947751e+00,1.204953735591164588e+00,-1.907753758291086399e+00,9.107199977300078686e+00
7.597852336999926237e+00,7.993214683004947751e+00,1.186087038015064543e+00,-1.886669757610004439e+00,9.109417280405061490e+00
7.604071177919999869e+00,7.993214683004947751e+00,1.167430515254843648e+00,-1.865652276022089495e+00,9.111778239232755539e+00
7.610220196663997072e+00,7.993214683004947751e+00,1.148983459022852038e+00,-1.844705623199160982e+00,9.114277835823692442e+00
7.616299643191576152e+00,7.993214683004947751e+00,1.130745119440114799e+00,-1.823833958273723965e+00,9.116911161166392219e+00
7.622309780835272441e+00,7.993214683004947751e+00,1.112714706509025930e+00,-1.803041293108886833e+00,9.119673413400139594e+00
7.628250885820308191e+00,7.993214683004947751e+00,1.094891391553918680e+00,-1.782331495510725006e+00,9.122559896043194172e+00
7.634123246794948692e+00,7.993214683004947751e+00,1.077274308629997179e+00,-1.761708292392150099e+00,9.125566016237847577e+00
7.639927164371212776e+00,7.993214683004947751e+00,1.059862555901204928e+00,-1.741175272879225133e+00,9.128687283021980292e+00
7.645662950675778724e+00,7.993214683004947751e+00,1.042655196987507082e+00,-1.720735891369784554e+00,9.131919305617723026e+00
7.651330928910907048e+00,7.993214683004947751e+00,1.025651262282122111e+00,-1.700393470538497098e+00,9.135257791743626399e+00
7.656931432925209613e+00,7.993214683004947751e+00,1.008849750239214416e+00,-1.680151204290769584e+00,9.138698545948445329e+00
7.662464806794107020e+00,7.993214683004947751e+00,9.922496286325221959e-01,-1.660012160669221970e+00,9.142237467963301611e+00
7.667931404409801033e+00,7.993214683004947751e+00,9.758498357854401561e-01,-1.639979284708203977e+00,9.145870551077237565e+00
7.673331589080602200e+00,7.993214683004947751e+00,9.596492817730366554e-01,-1.620055401240350079e+00,9.149593880532687962e+00
7.678665733139457217e+00,7.993214683004947751e+00,9.436468495964716041e-01,-1.600243217656505124e+00,9.153403631939966090e+00
7.683934217561505520e+00,7.993214683004947751e+00,9.278413963303266954e-01,-1.580545326614490875e+00,9.157296069715837206e+00
7.689137431590525651e+00,7.993214683004947751e+00,9.122317542432663018e-01,-1.560964208706039358e+00,9.161267545537228330e+00
7.694275772374099986e+00,7.993214683004947751e+00,8.968167318925432951e-01,-1.541502235072300664e+00,9.165314496820244017e+00
7.699349644607355714e+00,7.993214683004947751e+00,8.815951151927761131e-01,-1.522161669976718201e+00,9.169433445216057521e+00
7.704359460185133734e+00,7.993214683004947751e+00,8.665656684594420511e-01,-1.502944673333406200e+00,9.173620995126036348e+00
7.709305637862423843e+00,7.993214683004947751e+00,8.517271354275717243e-01,-1.483853303187032679e+00,9.177873832240539542e+00
7.714188602922938287e+00,7.993214683004947751e+00,8.370782402460283933e-01,-1.464889518154333103e+00,9.182188722091694899e+00
7.719008786855662052e+00,7.993214683004947751e+00,8.226176884478570983e-01,-1.446055179817129499e+00,9.186562508630728985e+00
7.723766627039248434e+00,7.993214683004947751e+00,8.083441678970979538e-01,-1.427352055075914450e+00,9.190992112821184890e+00
7.728462566434116887e+00,7.993214683004947751e+00,7.942563497124925931e-01,-1.408781818460536073e+00,9.195474531251957018e+00
7.733097053282111055e+00,7.993214683004947751e+00,7.803528891685100888e-01,-1.390346054398250430e+00,9.200006834770260156e+00
7.737670540813581965e+00,7.993214683004947751e+00,7.666324265740973587e-01,-1.372046259441273008e+00,9.204586167132823959e+00
7.742183486961765837e+00,7.993214683004947751e+00,7.530935881295457435e-01,-1.353883844455161523e+00,9.209209743674385606e+00
7.746636354084317055e+00,7.993214683004947751e+00,7.397349867618920882e-01,-1.335860136765365525e+00,9.213874849996527061e+00
7.751029608691868411e+00,7.993214683004947751e+00,7.265552229392380212e-01,-1.317976382265406698e+00,9.218578840673831820e+00
7.755363721183487158e+00,7.993214683004947751e+00,7.135528854643817809e-01,-1.300233747485624036e+00,9.223319137978759130e+00
7.759639165588903431e+00,7.993214683004947751e+00,7.007265522481329612e-01,-1.282633321624881972e+00,9.228093230623251486e+00
7.763856419317382240e+00,7.993214683004947751e+00,6.880747910626965336e-01,-1.265176118543642758e+00,9.232898672519054273e+00
7.768015962913112915e+00,7.993214683004947751e+00,6.755961602755045092e-01,-1.247863078719202434e+00,9.237733081556303461e+00
7.772118279816999653e+00,7.993214683004947751e+00,6.632892095638442953e-01,-1.230695071166021393e+00,9.242594138397823400e+00
7.776163856134726160e+00,7.993214683004947751e+00,6.511524806106647745e-01,-1.213672895317952083e+00,9.247479585292712301e+00
7.780153180410981584e+00,7.993214683004947751e+00,6.391845077818985033e-01,-1.196797282876627122e+00,9.252387224905271879e+00
7.784086743409727838e+00,7.993214683004947751e+00,6.273838187856597415e-01,-1.180068899623876177e+00,9.257314919161784061e+00
7.787965037900390186e+00,7.993214683004947751e+00,6.157489353136726962e-01,-1.163488347198704531e+00,9.262260588114969551e+00
7.791788558449863622e+00,7.993214683004947751e+00,6.042783736652523885e-01,-1.147056164842030768e+00,9.267222208823222118e+00
7.795557801220219574e+00,7.993214683004947751e+00,5.929706453541845335e-01,-1.130772831106785503e+00,9.272197814247398640e+00
7.799273263772000142e+00,7.993214683004947751e+00,5.818242576988428283e-01,-1.114638765534170517e+00,9.277185492164672809e+00
7.802935444872996840e+00,7.993214683004947751e+00,5.708377143958527355e-01,-1.098654330299009274e+00,9.282183384096843071e+00
7.806544844312403697e+00,7.993214683004947751e+00,5.600095160776321634e-01,-1.082819831822057211e+00,9.287189684255576339e+00
7.810101962720236379e+00,7.993214683004947751e+00,5.493381608541341166e-01,-1.067135522349804688e+00,9.292202638504329926e+00
7.813607301391918725e+00,7.993214683004947751e+00,5.388221448390870805e-01,-1.051601601504703609e+00,9.297220543334383080e+00
7.817061362117934564e+00,7.993214683004947751e+00,5.284599626610395617e-01,-1.036218217804751873e+00,9.302241744856289074e+00
7.820464647018436466e+00,7.993214683004947751e+00,5.182501079595338567e-01,-1.020985470150570507e+00,9.307264637808962959e+00
7.823817658382719031e+00,7.993214683004947751e+00,5.081910738666861604e-01,-1.005903409284769623e+00,9.312287664581916147e+00
7.827120898513459935e+00,7.993214683004947751e+00,4.982813534744634509e-01,-9.909720392222709506e-01,9.317309314252192110e+00
7.830374869575625674e+00,7.993214683004947751e+00,4.885194402879662334e-01,-9.761913186497217509e-01,9.322328121638244980e+00
7.833580073449955883e+00,7.993214683004947751e+00,4.789038286649756060e-01,-9.615611622990627438e-01,9.327342666365913360e+00
7.836737011590922286e+00,7.993214683004947751e+00,4.694330142420763963e-01,-9.470814422899209717e-01,9.332351571952155922e+00
7.839846184889084135e+00,7.993214683004947751e+00,4.601054943475908487e-01,-9.327519894485547525e-01,9.337353504899036594e+00
7.842908093537736214e+00,7.993214683004947751e+00,4.509197684016346130e-01,-9.185725945956235705e-01,9.342347173806011540e+00
7.845923236903768583e+00,7.993214683004947751e+00,4.418743383035375061e-01,-9.045430098097106963e-01,9.347331328493826419e+00
7.848892113402650139e+00,7.993214683004947751e+00,4.329677088068928370e-01,-8.906629496644669075e-01,9.352304759142427315e+00
7.851815220377446281e+00,7.993214683004947751e+00,4.241983878825044130e-01,-8.769320924388424032e-01,9.357266295443661619e+00
7.854693053981786299e+00,7.993214683004947751e+00,4.155648870694843566e-01,-8.633500813020056341e-01,9.362214805767479220e+00
7.857526109066703235e+00,7.993214683004947751e+00,4.070657218147335499e-01,-8.499165254750806753e-01,9.367149196339653372e+00
7.860314879071253813e+00,7.993214683004947751e+00,3.986994118010818156e-01,-8.366310013651734323e-01,9.372068410435907992e+00
7.863059855916848306e+00,7.993214683004947751e+00,3.904644812642983354e-01,-8.234930536783480193e-01,9.376971427585949925e+00
7.865761529905201499e+00,7.993214683004947751e+00,3.823594592992387575e-01,-8.105021965059577838e-01,9.381857262793282359e+00
7.868420389619833699e+00,7.993214683004947751e+00,3.743828801553421570e-01,-7.976579143896600499e-01,9.386724965765683493e+00
7.871036921831042754e+00,7.993214683004947751e+00,3.665332835217149920e-01,-7.849596633627164977e-01,9.391573620158998992e+00
7.873611611404268018e+00,7.993214683004947751e+00,3.588092148020392003e-01,-7.724068719675791783e-01,9.396402342834459631e+00
7.876144941211776107e+00,7.993214683004947751e+00,3.512092253795149333e-01,-7.599989422524267013e-01,9.401210283127088729e+00
7.878637392047597388e+00,7.993214683004947751e+00,3.437318728720510919e-01,-7.477352507463841391e-01,9.405996622125666562e+00
7.881089442545631485e+00,7.993214683004947751e+00,3.363757213779487998e-01,-7.356151494102292077e-01,9.410760571967720978e+00
7.883501569100862305e+00,7.993214683004947751e+00,3.291393417122563392e-01,-7.236379665692460605e-01,9.415501375143010776e+00
7.885874245793607074e+00,7.993214683004947751e+00,3.220213116340220338e-01,-7.118030078234305336e-01,9.420218303810592886e+00
7.888207944316732778e+00,7.993214683004947751e+00,3.150202160646449201e-01,-7.001095569377113748e-01,9.424910659126933155e+00
7.890503133905771627e+00,7.993214683004947751e+00,3.081346472975283746e-01,-6.885568767116545530e-01,9.429577770585874319e+00
7.892760281271868905e+00,7.993214683004947751e+00,3.013632051992365390e-01,-6.771442098291835521e-01,9.434218995370052596e+00
7.894979850537502841e+00,7.993214683004947751e+00,2.947044974023347308e-01,-6.658707796901808251e-01,9.438833717712153515e+00
7.897162303174908082e+00,7.993214683004947751e+00,2.881571394901190075e-01,-6.547357912215723275e-01,9.443421348268547177e+00
7.899308097947140617e+00,7.993214683004947751e+00,2.817197551734214045e-01,-6.437384316697603026e-01,9.447981323503661599e+00
7.901417690851722853e+00,7.993214683004947751e+00,2.753909764596746967e-01,-6.328778713746707751e-01,9.452513105085003531e+00
7.903491535066813789e+00,7.993214683004947751e+00,2.691694438144018875e-01,-6.221532645272809248e-01,9.457016179287121460e+00
7.905530080899833223e+00,7.993214683004947751e+00,2.630538063153435857e-01,-6.115637499058301785e-01,9.461490056409513016e+00
7.907533775738493809e+00,7.993214683004947751e+00,2.570427217993618285e-01,-6.011084515981757193e-01,9.465934270201186607e+00
7.909503064004174355e+00,7.993214683004947751e+00,2.511348570023201887e-01,-5.907864797041639804e-01,9.470348377298156706e+00
7.911438387107584624e+00,7.993214683004947751e+00,2.453288876920893813e-01,-5.805969310230807423e-01,9.474731956669009136e+00
7.913340183406662121e+00,7.993214683004947751e+00,2.396234987948568929e-01,-5.705388897232488432e-01,9.479084609071609435e+00
7.915208888166646695e+00,7.993214683004947751e+00,2.340173845149031706e-01,-5.606114279953722246e-01,9.483405956519531443e+00
7.917044933522283223e+00,7.993214683004947751e+00,2.285092484479935848e-01,-5.508136066909585793e-01,9.487695641757035503e+00
7.918848748442095520e+00,7.993214683004947751e+00,2.230978036885566951e-01,-5.411444759436889740e-01,9.491953327744868218e+00
7.920620758694682628e+00,7.993214683004947751e+00,2.177817729307953698e-01,-5.316030757761325276e-01,9.496178697154663340e+00
7.922361386816985096e+00,7.993214683004947751e+00,2.125598885638879665e-01,-5.221884366907403319e-01,9.500371451873148132e+00
7.924071052084475042e+00,7.993214683004947751e+00,2.074308927614181286e-01,-5.128995802469837884e-01,9.504531312514433949e+00
7.925750170483215840e+00,7.993214683004947751e+00,2.023935375651957358e-01,-5.037355196222392806e-01,9.508658017942956064e+00
7.927399154683751448e+00,7.993214683004947751e+00,1.974465849635889114e-01,-4.946952601606824373e-01,9.512751324802906083e+00
7.929018414016766769e+00,7.993214683004947751e+00,1.925888069645429468e-01,-4.857777999045964634e-01,9.516811007059946093e+00
7.930608354450488839e+00,7.993214683004947751e+00,1.878189856633767363e-01,-4.769821301166210503e-01,9.520836855546756183e+00
7.932169378569764895e+00,7.993214683004947751e+00,1.831359133055485700e-01,-4.683072357828166332e-01,9.524828677522732434e+00
7.933701885556793343e+00,7.993214683004947751e+00,1.785383923444632259e-01,-4.597520961085344027e-01,9.528786296235928432e+00
7.935206271173445458e+00,7.993214683004947751e+00,1.740252354945068802e-01,-4.513156849956345695e-01,9.532709550498871920e+00
7.936682927745147609e+00,7.993214683004947751e+00,1.695952657794004281e-01,-4.429969715106452099e-01,9.536598294268756604e+00
7.938132244146276939e+00,7.993214683004947751e+00,1.652473165760124374e-01,-4.347949203387990735e-01,9.540452396237213861e+00
7.939554605787029651e+00,7.993214683004947751e+00,1.609802316537543021e-01,-4.267084922258135293e-01,9.544271739427941270e+00
7.940950394601725471e+00,7.993214683004947751e+00,1.567928652096668429e-01,-4.187366444087459172e-01,9.548056220800921423e+00
7.942319989038501227e+00,7.993214683004947751e+00,1.526840818993395743e-01,-4.108783310327268623e-01,9.551805750866613209e+00
7.943663764050363341e+00,7.993214683004947751e+00,1.486527568637532326e-01,-4.031325035586341698e-01,9.555520253305118672e+00
7.944982091087555709e+00,7.993214683004947751e+00,1.446977757521761276e-01,-3.954981111577104969e-01,9.559199664594466128e+00
7.946275338091208340e+00,7.993214683004947751e+00,1.408180347412182343e-01,-3.879741010957893366e-01,9.562843933645428507e+00
7.947543869488224999e+00,7.993214683004947751e+00,1.370124405501682574e-01,-3.805594191049976871e-01,9.566453021445170180e+00
7.948788046187385881e+00,7.993214683004947751e+00,1.332799104526856127e-01,-3.732530097482644749e-01,9.570026900704421635e+00
7.950008225576617349e+00,7.993214683004947751e+00,1.296193722849912078e-01,-3.660538167694404876e-01,9.573565555515550329e+00
7.951204761521400322e+00,7.993214683004947751e+00,1.260297644506422898e-01,-3.589607834348917947e-01,9.577068981015750992e+00
7.952378004364285324e+00,7.993214683004947751e+00,1.225100359219872814e-01,-3.519728528655008404e-01,9.580537183056486938e+00
7.953528300925476024e+00,7.993214683004947751e+00,1.190591462384151811e-01,-3.450889683572100353e-01,9.583970177881205643e+00
7.954655994504454597e+00,7.993214683004947751e+00,1.156760655014794636e-01,-3.383080736935717425e-01,9.587367991807909107e+00
7.955761424882614286e+00,7.993214683004947751e+00,1.123597743670003979e-01,-3.316291134479065761e-01,9.590730660919094319e+00
7.956844928326865407e+00,7.993214683004947751e+00,1.091092640342470332e-01,-3.250510332753364651e-01,9.594058230758911066e+00
7.957906837594192595e+00,7.993214683004947751e+00,1.059235362322654694e-01,-3.185727801981563800e-01,9.597350756034110475e+00
7.958947481937123314e+00,7.993214683004947751e+00,1.028016032034733129e-01,-3.121933028792156506e-01,9.600608300324257272e+00
7.959967187110086329e+00,7.993214683004947751e+00,9.974248768458426895e-02,-3.059115518889043983e-01,9.603830935795681256e+00
7.960966275376629042e+00,7.993214683004947751e+00,9.674522288495612798e-02,-2.997264799628140963e-01,9.607018742922143417e+00
7.961945065517463505e+00,7.993214683004947751e+00,9.380885246245274089e-02,-2.936370422503387090e-01,9.610171810212115417e+00
7.962903872839319774e+00,7.993214683004947751e+00,9.093243049688393143e-02,-2.876421965568809469e-01,9.613290233940002594e+00
7.963843009184570221e+00,7.993214683004947751e+00,8.811502146113259215e-02,-2.817409035751339275e-01,9.616374117886000050e+00
7.964762782941608776e+00,7.993214683004947751e+00,8.535570019001692543e-02,-2.759321271115666718e-01,9.619423573078449863e+00
7.965663499055954944e+00,7.993214683004947751e+00,8.265355184697842361e-02,-2.702148343038501821e-01,9.622438717543129627e+00
7.966545459042055910e+00,7.993214683004947751e+00,8.000767188867552449e-02,-2.645879958302899126e-01,9.625419676058385221e+00
7.967408960995762790e+00,7.993214683004947751e+00,7.741716602755488452e-02,-2.590505861120639963e-01,9.628366579915491386e+00
7.968254299607460567e+00,7.993214683004947751e+00,7.488115019246155413e-02,-2.536015835093330395e-01,9.631279566683129900e+00
7.969081766175826864e+00,7.993214683004947751e+00,7.239875048736266194e-02,-2.482399705098892184e-01,9.634158779977473941e+00
7.969891648622191127e+00,7.993214683004947751e+00,6.996910314826987332e-02,-2.429647339092788627e-01,9.637004369238990620e+00
7.970684231505479111e+00,7.993214683004947751e+00,6.759135449840592003e-02,-2.377748649863953290e-01,9.639816489512011088e+00
7.971459796037718704e+00,7.993214683004947751e+00,6.526466090168714373e-02,-2.326693596718776291e-01,9.642595301229810900e+00
7.972218620100081310e+00,7.993214683004947751e+00,6.298818871459932467e-02,-2.276472187087819066e-01,9.645340970005818804e+00
7.972960978259444609e+00,7.993214683004947751e+00,6.076111423650942811e-02,-2.227074478089896559e-01,9.648053666427520270e+00
7.973687141785450017e+00,7.993214683004947751e+00,5.858262365849320474e-02,-2.178490578016223367e-01,9.650733565856871365e+00
7.974397378668041547e+00,7.993214683004947751e+00,5.645191301071861290e-02,-2.130710647774591848e-01,9.653380848233259925e+00
7.975091953635455866e+00,7.993214683004947751e+00,5.436818810847565686e-02,-2.083724902242956034e-01,9.655995697884179663e+00
7.975771128172659097e+00,7.993214683004947751e+00,5.233066449686596400e-02,-2.037523611609692864e-01,9.658578303335897175e+00
7.976435160540195746e+00,7.993214683004947751e+00,5.033856739425601745e-02,-1.992097102609946546e-01,9.661128857133261860e+00
7.977084305793445296e+00,7.993214683004947751e+00,4.839113163450736721e-02,-1.947435759748650241e-01,9.663647555659643729e+00
7.977718815802261609e+00,7.993214683004947751e+00,4.648760160805842645e-02,-1.903530026448940760e-01,9.666134598963164848e+00
7.978338939270973817e+00,7.993214683004947751e+00,4.462723120192180204e-02,-1.860370406136624410e-01,9.668590190588259858e+00
7.978944921758745146e+00,7.993214683004947751e+00,4.280928373860781733e-02,-1.817947463313984713e-01,9.671014537407209843e+00
7.979537005700256813e+00,7.993214683004947751e+00,4.103303191407281503e-02,-1.776251824535002299e-01,9.673407849460573971e+00
7.980115430426714340e+00,7.993214683004947751e+00,3.929775773470023381e-02,-1.735274179372581216e-01,9.675770339797441721e+00
7.980680432187152284e+00,7.993214683004947751e+00,3.760275245338640104e-02,-1.695005281313832768e-01,9.678102224322003622e+00
7.981232244170022305e+00,7.993214683004947751e+00,3.594731650477633877e-02,-1.655435948610062269e-01,9.680403721643770609e+00
7.981771096525056564e+00,7.993214683004947751e+00,3.433075943967356380e-02,-1.616557065102774970e-01,9.682675052929397452e+00
7.982297216385383365e+00,7.993214683004947751e+00,3.275239985869315973e-02,-1.578359580980404075e-01,9.684916441760652361e+00
7.982810827889886163e+00,7.993214683004947751e+00,3.121156534518476633e-02,-1.540834513508393400e-01,9.687128113994345924e+00
7.983312152205789047e+00,7.993214683004947751e+00,2.970759239747611247e-02,-1.503972947708653862e-01,9.689310297626612112e+00
7.983801407551454510e+00,7.993214683004947751e+00,2.823982636047972505e-02,-1.467766036996387413e-01,9.691463222660841481e+00
7.984278809219385487e+00,7.993214683004947751e+00,2.680762135668679491e-02,-1.432205003792930142e-01,9.693587120977394278e+00
7.984744569599414810e+00,7.993214683004947751e+00,2.541034021659882569e-02,-1.397281140087969220e-01,9.695682226207802401e+00
7.985198898202064299e+00,7.993214683004947751e+00,2.404735440865035656e-02,-1.362985807948469130e-01,9.697748773613803053e+00
7.985642001682075275e+00,7.993214683004947751e+00,2.271804396861742958e-02,-1.329310440032926977e-01,9.699786999965326117e+00
7.986074083862082951e+00,7.993214683004947751e+00,2.142179742859440239e-02,-1.296246540023027194e-01,9.701797143426292180e+00
7.986495345756433828e+00,7.993214683004947751e+00,2.015801174554177067e-02,-1.263785683052631725e-01,9.703779443440279096e+00
7.986905985595128321e+00,7.993214683004947751e+00,1.892609222945829117e-02,-1.231919516083479493e-01,9.705734140621110839e+00
7.987306198847885064e+00,7.993214683004947751e+00,1.772545247118806344e-02,-1.200639758270227730e-01,9.707661476644165788e+00
7.987696178248306467e+00,7.993214683004947751e+00,1.655551426992385444e-02,-1.169938201264208999e-01,9.709561694143502564e+00
7.988076113818141977e+00,7.993214683004947751e+00,1.541570756041732437e-02,-1.139806709506530069e-01,9.711435036609763927e+00
7.988446192891638375e+00,7.993214683004947751e+00,1.430547033992812800e-02,-1.110237220489196375e-01,9.713281748291009876e+00
7.988806600139963798e+00,7.993214683004947751e+00,1.322424859495185956e-02,-1.081221744976268440e-01,9.715102074097325513e+00
7.989157517595699254e+00,7.993214683004947751e+00,1.217149622774549300e-02,-1.052752367206366557e-01,9.716896259507109335e+00
7.989499124677385211e+00,7.993214683004947751e+00,1.114667498268762102e-02,-1.024821245057871977e-01,9.718664550476901809e+00
7.989831598214118813e+00,7.993214683004947751e+00,1.014925437248681561e-02,-9.974206102008054131e-02,9.720407193352407660e+00
7.990155112470187504e+00,7.993214683004947751e+00,9.178711604280742620e-03,-9.705427682060729921e-02,9.722124434783673053e+00
7.990469839169734634e+00,7.993214683004947751e+00,8.234531505639353099e-03,-9.441800986413895203e-02,9.723816521641500898e+00
7.990775947521446376e+00,7.993214683004947751e+00,7.316206450504125769e-03,-9.183250551352273305e-02,9.725483700936981890e+00
7.991073604243251083e+00,7.993214683004947751e+00,6.423236285090005993e-03,-8.929701654141197764e-02,9.727126219743677638e+00
7.991362973587030183e+00,7.993214683004947751e+00,5.555128253752705803e-03,-8.681080313373001900e-02,9.728744325120022296e+00
7.991644217363321978e+00,7.993214683004947751e+00,4.711396924877320203e-03,-8.437313288753856000e-02,9.730338264037339258e+00
7.991917494966017443e+00,7.993214683004947751e+00,3.891564116790924288e-03,-8.198328080863959144e-02,9.731908283308150942e+00
7.992182963397043594e+00,7.993214683004947751e+00,3.095158823712473861e-03,-7.964052930784504269e-02,9.733454629515868817e+00
7.992440777291021092e+00,7.993214683004947751e+00,2.321717141779977567e-03,-7.734416819324962944e-02,9.734977548948531734e+00
7.992691088939893440e+00,7.993214683004947751e+00,1.570782195162934158e-03,-7.509349466170434084e-02,9.736477287533459091e+00
7.992934048317518858e+00,7.993214683004947751e+00,8.419040622866802437e-04,-7.288781328762539147e-02,9.737954090774660898e+00
7.993169803104222204e+00,7.993214683004947751e+00,1.346397021766421176e-04,-7.072643601100381261e-02,9.739408203691173327e+00
7.993398498711294486e+00,7.993214683004947751e+00,-5.514471190402048251e-04,-6.860868212168469427e-02,9.740839870759275598e+00
7.993620278305442639e+00,7.993214683004947751e+00,-1.216785901484662702e-03,-6.653387824444578769e-02,9.742249335854069159e+00
7.993835282833176237e+00,7.993214683004947751e+00,-1.861799484685455752e-03,-6.450135832007930503e-02,9.743636842195236625e+00
7.994043651045129373e+00,7.993214683004947751e+00,-2.486904120544863872e-03,-6.251046358594081198e-02,9.745002632293514822e+00
7.994245519520311483e+00,7.993214683004947751e+00,-3.092509546091193329e-03,-6.056054255463294567e-02,9.746346947899276358e+00
7.994441022690283560e+00,7.993214683004947751e+00,-3.679019056007426514e-03,-5.865095099162331849e-02,9.747670029952370641e+00
7.994630292863250887e+00,7.993214683004947751e+00,-4.246829574909405380e-03,-5.678105189019788668e-02,9.748972118534894094e+00
7.994813460248072268e+00,7.993214683004947751e+00,-4.796331729373548569e-03,-5.495021544641431888e-02,9.750253452824212630e+00
7.994990652978176016e+00,7.993214683004947751e+00,-5.327909919684792328e-03,-5.315781903112437590e-02,9.751514271049192217e+00
7.995161997135384446e+00,7.993214683004947751e+00,-5.841942391310084304e-03,-5.140324716252919757e-02,9.752754810446161216e+00
7.995327616773637125e+00,7.993214683004947751e+00,-6.338801306068120311e-03,-4.968589147580360077e-02,9.753975307218128776e+00
7.995487633942611971e+00,7.993214683004947751e+00,-6.818852812992659551e-03,-4.800515069245392397e-02,9.755175996494553914e+00
7.995642168711236231e+00,7.993214683004947751e+00,-7.282457118865437451e-03,-4.636043058727778998e-02,9.756357112293857270e+00
7.995791339191089975e+00,7.993214683004947751e+00,-7.729968558426669745e-03,-4.475114395612322937e-02,9.757518887485449710e+00
7.995935261559692364e+00,7.993214683004947751e+00,-8.161735664233837895e-03,-4.317671058071681500e-02,9.758661553755050733e+00
7.996074050083669782e+00,7.993214683004947751e+00,-8.578101236166091326e-03,-4.163655719322534310e-02,9.759785341570609063e+00
7.996207817141804952e+00,7.993214683004947751e+00,-8.979402410571601933e-03,-4.013011744055106078e-02,9.760890480148876946e+00
7.996336673247954607e+00,7.993214683004947751e+00,-9.365970729020567376e-03,-3.865683184489654423e-02,9.761977197426084274e+00
7.996460727073847252e+00,7.993214683004947751e+00,-9.738132206698502102e-03,-3.721614776779347267e-02,9.763045720025509411e+00
7.996580085471742372e+00,7.993214683004947751e+00,-1.009620740038386089e-02,-3.580751936853587836e-02,9.764096273231080758e+00
7.996694853496959965e+00,7.993214683004947751e+00,-1.044051147603664020e-02,-3.443040756527793178e-02,9.765129080958686814e+00
7.996805134430274187e+00,7.993214683004947751e+00,-1.077135427597930573e-02,-3.308427999426655219e-02,9.766144365729754639e+00
7.996911029800161330e+00,7.993214683004947751e+00,-1.108904038564073602e-02,-3.176861096614302937e-02,9.767142348648217620e+00
7.997012639404912804e+00,7.993214683004947751e+00,-1.139386919989515690e-02,-3.048288142544208768e-02,9.768123249374664141e+00
7.997110061334601561e+00,7.993214683004947751e+00,-1.168613498896142744e-02,-2.922657890662705427e-02,9.769087286104412016e+00
7.997203391992901089e+00,7.993214683004947751e+00,-1.196612696386001318e-02,-2.799919748985857382e-02,9.770034675546281022e+00
7.997292726118755191e+00,7.993214683004947751e+00,-1.223412934142231734e-02,-2.680023775623041615e-02,9.770965632902347764e+00
7.997378156807899430e+00,7.993214683004947751e+00,-1.249042140885503471e-02,-2.562920674327173742e-02,9.771880371847874613e+00
7.997459775534228932e+00,7.993214683004947751e+00,-1.273527758784354091e-02,-2.448561789885062012e-02,9.772779104513306336e+00
7.997537672171009859e+00,7.993214683004947751e+00,-1.296896749818632344e-02,-2.336899103427825253e-02,9.773662041467535033e+00
7.997611935011937234e+00,7.993214683004947751e+00,-1.319175602096844813e-02,-2.227885227821246872e-02,9.774529391700820469e+00
7.997682650792034664e+00,7.993214683004947751e+00,-1.340390336126073834e-02,-2.121473402922902096e-02,9.775381362609511626e+00
7.997749904708393309e+00,7.993214683004947751e+00,-1.360566511033667325e-02,-2.017617490759349153e-02,9.776218159982070333e+00
7.997813780440750087e+00,7.993214683004947751e+00,-1.379729230740700530e-02,-1.916271970703320449e-02,9.777039987985560288e+00
7.997874360171905117e+00,7.993214683004947751e+00,-1.397903150087209667e-02,-1.817391934650913754e-02,9.777847049152619263e+00
7.997931724607975745e+00,7.993214683004947751e+00,-1.415112480908398140e-02,-1.720933082118847324e-02,9.778639544369728043e+00
7.997985952998482695e+00,7.993214683004947751e+00,-1.431380998060483023e-02,-1.626851715208488258e-02,9.779417672867310785e+00
7.998037123156277239e+00,7.993214683004947751e+00,-1.446732045398846367e-02,-1.535104733836334390e-02,9.780181632207648690e+00
7.998085311477292514e+00,7.993214683004947751e+00,-1.461188541703428712e-02,-1.445649630458234469e-02,9.780931618278383866e+00
7.998130592960134955e+00,7.993214683004947751e+00,-1.474772986556160959e-02,-1.358444485273224700e-02,9.781667825281706641e+00
7.998173041225506097e+00,7.993214683004947751e+00,-1.487507466167503623e-02,-1.273447961134266393e-02,9.782390445726981909e+00
7.998212728535449401e+00,7.993214683004947751e+00,-1.499413659150494738e-02,-1.190619298299111506e-02,9.783099670425503547e+00
7.998249725812435429e+00,7.993214683004947751e+00,-1.510512842246303222e-02,-1.109918309580848472e-02,9.783795688481728092e+00
7.998284102658269390e+00,7.993214683004947751e+00,-1.520825895996491539e-02,-1.031305375018831683e-02,9.784478687289848153e+00
7.998315927372832590e+00,7.993214683004947751e+00,-1.530373310365451545e-02,-9.547414368960005504e-03,9.785148852527385088e+00
7.998345266972648915e+00,7.993214683004947751e+00,-1.539175190310348995e-02,-8.801879944897450514e-03,9.785806368151998669e+00
7.998372187209279893e+00,7.993214683004947751e+00,-1.547251261299642522e-02,-8.076070989293526736e-03,9.786451416397710545e+00
7.998396752587551006e+00,7.993214683004947751e+00,-1.554620874780976436e-02,-7.369613481333914251e-03,9.787084177770857707e+00
7.998419026383599473e+00,7.993214683004947751e+00,-1.561303013595516376e-02,-6.682138814539939631e-03,9.787704831049506282e+00
7.998439070662752393e+00,7.993214683004947751e+00,-1.567316297341392328e-02,-6.013283745875952491e-03,9.788313553280710622e+00
7.998456946297233472e+00,7.993214683004947751e+00,-1.572678987685716123e-02,-5.362690344323794989e-03,9.788910519778820429e+00
7.998472712983692112e+00,7.993214683004947751e+00,-1.577408993623308220e-02,-4.730005937592096643e-03,9.789495904126175319e+00
7.998486429260563746e+00,7.993214683004947751e+00,-1.581523876684798324e-02,-4.114883061490104410e-03,9.790069878171662410e+00
7.998498152525252536e+00,7.993214683004947751e+00,-1.585040856091435302e-02,-3.516979406636977501e-03,9.790632612032450055e+00
7.998507939051144433e+00,7.993214683004947751e+00,-1.587976813859004466e-02,-2.935957767569163934e-03,9.791184274093840401e+00
7.998515844004446151e+00,7.993214683004947751e+00,-1.590348299849519975e-02,-2.371485990515509457e-03,9.791725031010990676e+00
7.998521921460848283e+00,7.993214683004947751e+00,-1.592171536770159435e-02,-1.823236920639459413e-03,9.792255047711659444e+00
7.998526224422022324e+00,7.993214683004947751e+00,-1.593462425122371684e-02,-1.290888352212249401e-03,9.792774487396563643e+00
7.998528804831935624e+00,7.993214683004947751e+00,-1.594236548096361616e-02,-7.741229739899324613e-04,9.793283511545046949e+00
7.998529713593003798e+00,7.993214683004947751e+00,-1.594509176416814000e-02,-2.726283204523838322e-04,9.793782279915379974e+00
7.998529000582062842e+00,7.993214683004947751e+00,-1.594295273134527235e-02,2.139032822867648065e-04,9.794270950550941990e+00
7.998526714666176929e+00,7.993214683004947751e+00,-1.593609498368753208e-02,6.857747657740276281e-04,9.794749679782086105e+00
7.998522903718269461e+00,7.993214683004947751e+00,-1.592466213996512892e-02,1.143284372240316316e-03,9.795218622232276573e+00
7.998517614632585371e+00,7.993214683004947751e+00,-1.590879488291285782e-02,1.586725705227109984e-03,9.795677930822314750e+00
7.998510893339983774e+00,7.993214683004947751e+00,-1.588863100510806703e-02,2.016387780479078629e-03,9.796127756775371509e+00
7.998502784823059208e+00,7.993214683004947751e+00,-1.586430545433437089e-02,2.432555077369613628e-03,9.796568249623035740e+00
7.998493333131096783e+00,7.993214683004947751e+00,-1.583595037844709452e-02,2.835507588727637085e-03,9.796999557210281040e+00
7.998482581394855906e+00,7.993214683004947751e+00,-1.580369516972446320e-02,3.225520872263132333e-03,9.797421825702539167e+00
7.998470571841185262e+00,7.993214683004947751e+00,-1.576766650871253006e-02,3.602866101193313852e-03,9.797835199592480393e+00
7.998457345807473473e+00,7.993214683004947751e+00,-1.572798840757716476e-02,3.967810113536529570e-03,9.798239821705958974e+00
7.998442943755932788e+00,7.993214683004947751e+00,-1.568478225295510953e-02,4.320615462205523727e-03,9.798635833209250023e+00
7.998427405287713121e+00,7.993214683004947751e+00,-1.563816684829610892e-02,4.661540465900060326e-03,9.799023373617604449e+00
7.998410769156854450e+00,7.993214683004947751e+00,-1.558825845572009428e-02,4.990839257601464851e-03,9.799402580801881868e+00
7.998393073284076671e+00,7.993214683004947751e+00,-1.553517083738675808e-02,5.308761833333619506e-03,9.799773590995947359e+00
7.998374354770398043e+00,7.993214683004947751e+00,-1.547901529635087314e-02,5.615554103588493717e-03,9.800136538807237230e+00
7.998354649910599967e+00,7.993214683004947751e+00,-1.541990071695664710e-02,5.911457939422604113e-03,9.800491557222466454e+00
7.998333994206524800e+00,7.993214683004947751e+00,-1.535793360473114433e-02,6.196711222550277398e-03,9.800838777617819630e+00
7.998312422380211117e+00,7.993214683004947751e+00,-1.529321812579009787e-02,6.471547894104645593e-03,9.801178329768315933e+00
7.998289968386874449e+00,7.993214683004947751e+00,-1.522585614578009228e-02,6.736198001000559543e-03,9.801510341855220076e+00
7.998266665427722799e+00,7.993214683004947751e+00,-1.515594726832514283e-02,6.990887745494944738e-03,9.801834940477171187e+00
7.998242545962619410e+00,7.993214683004947751e+00,-1.508358887301497475e-02,7.235839531016807769e-03,9.802152250658002330e+00
7.998217641722581206e+00,7.993214683004947751e+00,-1.500887615290036337e-02,7.471272011461138618e-03,9.802462395858562161e+00
7.998191983722128917e+00,7.993214683004947751e+00,-1.493190215154349687e-02,7.697400135686649492e-03,9.802765497984143650e+00
7.998165602271475549e+00,7.993214683004947751e+00,-1.485275779958339371e-02,7.914435196010316531e-03,9.803061677396428308e+00
7.998138526988561203e+00,7.993214683004947751e+00,-1.477153195084035531e-02,8.122584874303839797e-03,9.803351052923463982e+00
7.998110786810939565e+00,7.993214683004947751e+00,-1.468831141797544149e-02,8.322053286491382096e-03,9.803633741868516438e+00
7.998082410007504528e+00,7.993214683004947751e+00,-1.460318100767032945e-02,8.513041030511203644e-03,9.803909860022841372e+00
7.998053424190072036e+00,7.993214683004947751e+00,-1.451622355537285358e-02,8.695745229747586791e-03,9.804179521674374342e+00
7.998023856324807390e+00,7.993214683004947751e+00,-1.442751995957891609e-02,8.870359579393749527e-03,9.804442839619815331e+00
7.997993732743504225e+00,7.993214683004947751e+00,-1.433714921566942024e-02,9.037074390949584313e-03,9.804699925175281550e+00
7.997963079154718713e+00,7.993214683004947751e+00,-1.424518844931288442e-02,9.196076635653582798e-03,9.804950888186340308e+00
7.997931920654751892e+00,7.993214683004947751e+00,-1.415171294941242053e-02,9.347549990046388757e-03,9.805195837040635354e+00
7.997900281738488992e+00,7.993214683004947751e+00,-1.405679620062372237e-02,9.491674878869815757e-03,9.805434878678246591e+00
7.997868186310093996e+00,7.993214683004947751e+00,-1.396050991543873465e-02,9.628628518498771882e-03,9.805668118603060535e+00
7.997835657693559419e+00,7.993214683004947751e+00,-1.386292406583500281e-02,9.758584960373184458e-03,9.805895660894538679e+00
7.997802718643113984e+00,7.993214683004947751e+00,-1.376410691449869717e-02,9.881715133630564196e-03,9.806117608219132364e+00
7.997769391353490853e+00,7.993214683004947751e+00,-1.366412504562930508e-02,9.998186886939208762e-03,9.806334061841310401e+00
7.997735697470051974e+00,7.993214683004947751e+00,-1.356304339531266834e-02,1.010816503166367397e-02,9.806545121636350615e+00
7.997701658098776534e+00,7.993214683004947751e+00,-1.346092528148634671e-02,1.021181138263216326e-02,9.806750886101145426e+00
7.997667293816110856e+00,7.993214683004947751e+00,-1.335783243348931393e-02,1.030928479970327771e-02,9.806951452366213573e+00
7.997632624678682411e+00,7.993214683004947751e+00,-1.325382502120397987e-02,1.040074122853340555e-02,9.807146916207329923e+00
7.997597670232874378e+00,7.993214683004947751e+00,-1.314896168377988062e-02,1.048633374240992566e-02,9.807337372058629654e+00
7.997562449524272310e+00,7.993214683004947751e+00,-1.304329955797367546e-02,1.056621258062051538e-02,9.807522913022648225e+00
7.997526981106972244e+00,7.993214683004947751e+00,-1.293689430607347646e-02,1.064052519001990049e-02,9.807703630883946033e+00
7.997491283052760913e+00,7.993214683004947751e+00,-1.282980014343948483e-02,1.070941626339916297e-02,9.807879616119960176e+00
7.997455372960160958e+00,7.993214683004947751e+00,-1.272206986563961806e-02,1.077302777998667693e-02,9.808050957914346668e+00
7.997419267963352674e+00,7.993214683004947751e+00,-1.261375487521476657e-02,1.083149904248514872e-02,9.808217744167270880e+00
7.997382984740961653e+00,7.993214683004947751e+00,-1.250490520804170558e-02,1.088496671730609933e-02,9.808380061509264891e+00
7.997346539524721187e+00,7.993214683004947751e+00,-1.239556955932030746e-02,1.093356487213981154e-02,9.808537995312820001e+00
7.997309948108012101e+00,7.993214683004947751e+00,-1.228579530919304830e-02,1.097742501272591653e-02,9.808691629703533366e+00
7.997273225854272916e+00,7.993214683004947751e+00,-1.217562854797549221e-02,1.101667612175560862e-02,9.808841047573780614e+00
7.997236387705291882e+00,7.993214683004947751e+00,-1.206511410103239257e-02,1.105144469430996423e-02,9.808986330593278069e+00
7.997199448189369342e+00,7.993214683004947751e+00,-1.195429555326477100e-02,1.108185477676215669e-02,9.809127559223497883e+00
7.997162421429369950e+00,7.993214683004947751e+00,-1.184321527326659407e-02,1.110802799981769340e-02,9.809264812726551597e+00
7.997125321150642563e+00,7.993214683004947751e+00,-1.173191443708443416e-02,1.113008361821599124e-02,9.809398169181132943e+00
7.997088160688833547e+00,7.993214683004947751e+00,-1.162043305165738616e-02,1.114813854270479965e-02,9.809527705491047911e+00
7.997050952997573958e+00,7.993214683004947751e+00,-1.150880997787862015e-02,1.116230737787660132e-02,9.809653497399999367e+00
7.997013710656053931e+00,7.993214683004947751e+00,-1.139708295331853805e-02,1.117270245600820999e-02,9.809775619502691058e+00
7.996976445876484263e+00,7.993214683004947751e+00,-1.128528861460953436e-02,1.117943387090036822e-02,9.809894145256290443e+00
7.996939170511439876e+00,7.993214683004947751e+00,-1.117346251947637370e-02,1.118260951331606634e-02,9.810009146993840190e+00
7.996901896061094916e+00,7.993214683004947751e+00,-1.106163916844149497e-02,1.118233510348787263e-02,9.810120695935047763e+00
7.996864633680344170e+00,7.993214683004947751e+00,-1.094985202618925513e-02,1.117871422522398461e-02,9.810228862199036115e+00
7.996827394185812565e+00,7.993214683004947751e+00,-1.083813354259444139e-02,1.117184835948137334e-02,9.810333714816888318e+00
7.996790188062763427e+00,7.993214683004947751e+00,-1.072651517344702654e-02,1.116183691474148532e-02,9.810435321741294956e+00
7.996753025471887710e+00,7.993214683004947751e+00,-1.061502740081987639e-02,1.114877726271501501e-02,9.810533749861896524e+00
7.996715916255998202e+00,7.993214683004947751e+00,-1.050369975315135207e-02,1.113276476685243210e-02,9.810629065013701577e+00
7.996678869946610035e+00,7.993214683004947751e+00,-1.039256082498685174e-02,1.111389281645003280e-02,9.810721331991462790e+00
7.996641895770421726e+00,7.993214683004947751e+00,-1.028163829642192439e-02,1.109225285649273474e-02,9.810810614560072196e+00
7.996605002655688743e+00,7.993214683004947751e+00,-1.017095895222297486e-02,1.106793441989495363e-02,9.810896975467672476e+00
7.996568199238502928e+00,7.993214683004947751e+00,-1.006054870066552809e-02,1.104102515574467702e-02,9.810980476455078758e+00
7.996531493868962670e+00,7.993214683004947751e+00,-9.950432592044755609e-03,1.101161086207724793e-02,9.811061178270033878e+00
7.996494894617248939e+00,7.993214683004947751e+00,-9.840634836903561222e-03,1.097977551411943864e-02,9.811139140677216375e+00
7.996458409279603607e+00,7.993214683004947751e+00,-9.731178823967567837e-03,1.094560129359933853e-02,9.811214422469632268e+00
7.996422045384204758e+00,7.993214683004947751e+00,-9.622087137771018206e-03,1.090916861965496309e-02,9.811287081481884442e+00
7.996385810196954047e+00,7.993214683004947751e+00,-9.513381576018886676e-03,1.087055617521315298e-02,9.811357174599194764e+00
7.996349710727163718e+00,7.993214683004947751e+00,-9.405083166647898452e-03,1.082984093709882245e-02,9.811424757770451421e+00
7.996313753733150342e+00,7.993214683004947751e+00,-9.297212184607772656e-03,1.078709820401257957e-02,9.811489886019405304e+00
7.996277945727738867e+00,7.993214683004947751e+00,-9.189788168373347332e-03,1.074240162344253235e-02,9.811552613455070571e+00
7.996242292983672506e+00,7.993214683004947751e+00,-9.082829936174263707e-03,1.069582321990836249e-02,9.811612993283734596e+00
7.996206801538934705e+00,7.993214683004947751e+00,-8.976355601960861463e-03,1.064743342134022441e-02,9.811671077819379860e+00
7.996171477201978739e+00,7.993214683004947751e+00,-8.870382591092962343e-03,1.059730108678991201e-02,9.811726918495697447e+00
7.996136325556872926e+00,7.993214683004947751e+00,-8.764927655775522908e-03,1.054549353174394355e-02,9.811780565875968918e+00
7.996101351968354365e+00,7.993214683004947751e+00,-8.660006890219840159e-03,1.049207655556827490e-02,9.811832069665349820e+00
7.996066561586801846e+00,7.993214683004947751e+00,-8.555635745562284455e-03,1.043711446575557034e-02,9.811881478720193783e+00
7.996031959353121721e+00,7.993214683004947751e+00,-8.451829044521907974e-03,1.038067010403764812e-02,9.811928841059515349e+00
7.995997550003547616e+00,7.993214683004947751e+00,-8.348600995799593250e-03,1.032280487223147247e-02,9.811974203876431488e+00
7.995963338074361104e+00,7.993214683004947751e+00,-8.245965208240058075e-03,1.026357875595351743e-02,9.812017613547713069e+00
7.995929327906529771e+00,7.993214683004947751e+00,-8.143934704746058628e-03,1.020305034939994471e-02,9.812059115644654383e+00
7.995895523650262682e+00,7.993214683004947751e+00,-8.042521935944790812e-03,1.014127688012678163e-02,9.812098754944182488e+00
7.995861929269489465e+00,7.993214683004947751e+00,-7.941738793625141568e-03,1.007831423196492437e-02,9.812136575438341168e+00
7.995828548546260350e+00,7.993214683004947751e+00,-7.841596623937796551e-03,1.001421696873450173e-02,9.812172620344796314e+00
7.995795385085066265e+00,7.993214683004947751e+00,-7.742106240355539626e-03,9.949038358225692491e-03,9.812206932117870650e+00
7.995762442317083440e+00,7.993214683004947751e+00,-7.643277936407066875e-03,9.882830394847275102e-03,9.812239552458439817e+00
7.995729723504346964e+00,7.993214683004947751e+00,-7.545121498197637777e-03,9.815643820942909770e-03,9.812270522322744881e+00
7.995697231743842615e+00,7.993214683004947751e+00,-7.447646216684589149e-03,9.747528151304862831e-03,9.812299881934620771e+00
7.995664969971531200e+00,7.993214683004947751e+00,-7.350860899750344402e-03,9.678531693424474724e-03,9.812327670793674628e+00
7.995632940966299174e+00,7.993214683004947751e+00,-7.254773884054266375e-03,9.608701569607802639e-03,9.812353927685553145e+00
7.995601147353835536e+00,7.993214683004947751e+00,-7.159393046663353743e-03,9.538083739091263169e-03,9.812378690692428407e+00
7.995569591610441229e+00,7.993214683004947751e+00,-7.064725816480432741e-03,9.466723018292100278e-03,9.812401997201812165e+00
7.995538276066767480e+00,7.993214683004947751e+00,-6.970779185459186067e-03,9.394663102124667375e-03,9.812423883916665091e+00
7.995507202911485756e+00,7.993214683004947751e+00,-6.877559719614012579e-03,9.321946584517348811e-03,9.812444386864903834e+00
7.995476374194890212e+00,7.993214683004947751e+00,-6.785073569827382300e-03,9.248614978663027841e-03,9.812463541408835255e+00
7.995445791832435312e+00,7.993214683004947751e+00,-6.693326482462680360e-03,9.174708736470194026e-03,9.812481382254008011e+00
7.995415457608205934e+00,7.993214683004947751e+00,-6.602323809774546248e-03,9.100267268813411192e-03,9.812497943459039362e+00
7.995385373178322652e+00,7.993214683004947751e+00,-6.512070520124702000e-03,9.025328964984424829e-03,9.812513258444859332e+00
7.995355540074283951e+00,7.993214683004947751e+00,-6.422571208008598376e-03,8.949931211610362425e-03,9.812527360003603150e+00
7.995325959706245378e+00,7.993214683004947751e+00,-6.333830103892879038e-03,8.874110411571933810e-03,9.812540280307679552e+00
7.995296633366237415e+00,7.993214683004947751e+00,-6.245851083868991793e-03,8.797902002388724441e-03,9.812552050918519342e+00
7.995267562231321179e+00,7.993214683004947751e+00,-6.158637679120282371e-03,8.721340474870942217e-03,9.812562702795752045e+00
7.995238747366684606e+00,7.993214683004947751e+00,-6.072193085210564334e-03,8.644459390971803714e-03,9.812572266305760849e+00
7.995210189728679140e+00,7.993214683004947751e+00,-5.986520171194165130e-03,8.567291401639920423e-03,9.812580771230447141e+00
7.995181890167796013e+00,7.993214683004947751e+00,-5.901621488544783745e-03,8.489868264938138509e-03,9.812588246776392964e+00
7.995153849431591020e+00,7.993214683004947751e+00,-5.817499279929805311e-03,8.412220861497843316e-03,9.812594721581568535e+00
7.995126068167544453e+00,7.993214683004947751e+00,-5.734155487790104644e-03,8.334379213970066758e-03,9.812600223726180459e+00
7.995098546925870409e+00,7.993214683004947751e+00,-5.651591762767971261e-03,8.256372502213338294e-03,9.812604780739444976e+00
7.995071286162270141e+00,7.993214683004947751e+00,-5.569809471967168690e-03,8.178229080080257063e-03,9.812608419608114474e+00
7.995044286240630349e+00,7.993214683004947751e+00,-5.488809707047792585e-03,8.099976491937610490e-03,9.812611166784890315e+00
7.995017547435669059e+00,7.993214683004947751e+00,-5.408593292163921262e-03,8.021641488387132313e-03,9.812613048196222820e+00
7.994991069935527328e+00,7.993214683004947751e+00,-5.329160791738729586e-03,7.943250042519167664e-03,9.812614089250780935e+00
7.994964853844311214e+00,7.993214683004947751e+00,-5.250512518090388880e-03,7.864827364834070522e-03,9.812614314846744179e+00
7.994938899184579562e+00,7.993214683004947751e+00,-5.172648538895430192e-03,7.786397919495868791e-03,9.812613749380600936e+00
7.994913205899785602e+00,7.993214683004947751e+00,-5.095568684513551716e-03,7.707985438187847649e-03,9.812612416753674793e+00
7.994887773856667046e+00,7.993214683004947751e+00,-5.019272555157883176e-03,7.629612935566854048e-03,9.812610340380409468e+00
7.994862602847586430e+00,7.993214683004947751e+00,-4.943759527916036234e-03,7.551302724184694171e-03,9.812607543196268267e+00
7.994837692592826173e+00,7.993214683004947751e+00,-4.869028763635263601e-03,7.473076428077263245e-03,9.812604047664443385e+00
7.994813042742832110e+00,7.993214683004947751e+00,-4.795079213653075101e-03,7.394954998218850051e-03,9.812599875784567161e+00
7.994788652880416180e+00,7.993214683004947751e+00,-4.721909626405285110e-03,7.316958724778999112e-03,9.812595049098373323e+00
7.994764522522910255e+00,7.993214683004947751e+00,-4.649518553887510564e-03,7.239107251777454621e-03,9.812589588697889553e+00
7.994740651124273789e+00,7.993214683004947751e+00,-4.577904357978113126e-03,7.161419590939743784e-03,9.812583515232962128e+00
7.994717038077160609e+00,7.993214683004947751e+00,-4.507065216638572736e-03,7.083914133954039016e-03,9.812576848917316852e+00
7.994693682714939520e+00,7.993214683004947751e+00,-4.436999129975305323e-03,7.006608666326741286e-03,9.812569609536351933e+00
7.994670584313672279e+00,7.993214683004947751e+00,-4.367703926173582829e-03,6.929520380172249361e-03,9.812561816454000052e+00
7.994647742094049825e+00,7.993214683004947751e+00,-4.299177267306220074e-03,6.852665886736275525e-03,9.812553488619430553e+00
7.994625155223289426e+00,7.993214683004947751e+00,-4.231416655025022067e-03,6.776061228119800717e-03,9.812544644573094388e+00
7.994602822816986532e+00,7.993214683004947751e+00,-4.164419436116340023e-03,6.699721890868204355e-03,9.812535302454751474e+00
7.994580743940929324e+00,7.993214683004947751e+00,-4.098182807944716899e-03,6.623662817162312422e-03,9.812525480009217205e+00
7.994558917612873294e+00,7.993214683004947751e+00,-4.032703823776628838e-03,6.547898416808806132e-03,9.812515194593032675e+00
7.994537342804275859e+00,7.993214683004947751e+00,-3.967979397984322532e-03,6.472442579230630599e-03,9.812504463181246805e+00
7.994516018441997218e+00,7.993214683004947751e+00,-3.904006311148400243e-03,6.397308683592228817e-03,9.812493302372445214e+00
7.994494943409955923e+00,7.993214683004947751e+00,-3.840781215024513529e-03,6.322509612388671485e-03,9.812481728397365544e+00
7.994474116550754239e+00,7.993214683004947751e+00,-3.778300637419462760e-03,6.248057760505076885e-03,9.812469757123086112e+00
7.994453536667264437e+00,7.993214683004947751e+00,-3.716560986950057099e-03,6.173965046940566026e-03,9.812457404059991006e+00
7.994433202524180437e+00,7.993214683004947751e+00,-3.655558557698057598e-03,6.100242925199950150e-03,9.812444684367502390e+00
7.994413112849533931e+00,7.993214683004947751e+00,-3.595289533758538880e-03,6.026902393951871773e-03,9.812431612860194718e+00
7.994393266336173198e+00,7.993214683004947751e+00,-3.535749993676340353e-03,5.953954008219852767e-03,9.812418204014544898e+00
7.994373661643213502e+00,7.993214683004947751e+00,-3.476935914797252281e-03,5.881407887908807197e-03,9.812404471973112052e+00
7.994354297397451070e+00,7.993214683004947751e+00,-3.418843177509955922e-03,5.809273728729635877e-03,9.812390430551220177e+00
7.994335172194744210e+00,7.993214683004947751e+00,-3.361467569389375853e-03,5.737560812058006832e-03,9.812376093242669128e+00
7.994316284601361566e+00,7.993214683004947751e+00,-3.304804789241444496e-03,5.666278014793135753e-03,9.812361473225552189e+00
7.994297633155301064e+00,7.993214683004947751e+00,-3.248850451059936972e-03,5.595433818150752359e-03,9.812346583367091313e+00
7.994279216367577767e+00,7.993214683004947751e+00,-3.193600087890047234e-03,5.525036316988973795e-03,9.812331436229099424e+00
7.994261032723477101e+00,7.993214683004947751e+00,-3.139049155588047313e-03,5.455093230199992149e-03,9.812316044074613330e+00
7.994243080683784086e+00,7.993214683004947751e+00,-3.085193036509004116e-03,5.385611907904319651e-03,9.812300418871394925e+00
7.994225358685977945e+00,7.993214683004947751e+00,-3.032027043090579355e-03,5.316599341842476178e-03,9.812284572298752394e+00
7.994207865145401826e+00,7.993214683004947751e+00,-2.979546421362222475e-03,5.248062172835687988e-03,9.812268515751473075e+00
7.994190598456400565e+00,7.993214683004947751e+00,-2.927746354358440328e-03,5.180006700378214646e-03,9.812252260346021160e+00
7.994173556993434460e+00,7.993214683004947751e+00,-2.876621965460124386e-03,5.112438889831594224e-03,9.812235816924371079e+00
7.994156739112160182e+00,7.993214683004947751e+00,-2.826168321637290148e-03,5.045364382283423765e-03,9.812219196060645743e+00
7.994140143150492150e+00,7.993214683004947751e+00,-2.776380436633196780e-03,4.978788500409336848e-03,9.812202408063775749e+00
7.994123767429631044e+00,7.993214683004947751e+00,-2.727253274049878939e-03,4.912716258331784047e-03,9.812185462984281514e+00
7.994107610255068330e+00,7.993214683004947751e+00,-2.678781750361736158e-03,4.847152368814278134e-03,9.812168370618453039e+00
7.994091669917566811e+00,7.993214683004947751e+00,-2.630960737857179765e-03,4.782101250455639274e-03,9.812151140512598957e+00
7.994075944694117197e+00,7.993214683004947751e+00,-2.583785067508337363e-03,4.717567034884240229e-03,9.812133781967375512e+00
7.994060432848863584e+00,7.993214683004947751e+00,-2.537249531747498565e-03,4.653553576083879761e-03,9.812116304044337767e+00
7.994045132634014728e+00,7.993214683004947751e+00,-2.491348887200928175e-03,4.590064454657039050e-03,9.812098715567456608e+00
7.994030042290722449e+00,7.993214683004947751e+00,-2.446077857324091553e-03,4.527102987683662150e-03,9.812081025130360956e+00
7.994015160049943169e+00,7.993214683004947751e+00,-2.401431134986253824e-03,4.464672233783772981e-03,9.812063241098798017e+00
7.994000484133273687e+00,7.993214683004947751e+00,-2.357403384977807548e-03,4.402775000844627584e-03,9.812045371615866429e+00
7.993986012753766524e+00,7.993214683004947751e+00,-2.313989246456316096e-03,4.341413852149145214e-03,9.812027424605693326e+00
7.993971744116719513e+00,7.993214683004947751e+00,-2.271183335315285490e-03,4.280591114103060590e-03,9.812009407778788272e+00
7.993957676420450298e+00,7.993214683004947751e+00,-2.228980246507639151e-03,4.220308880764633841e-03,9.811991328634256604e+00
7.993943807857045059e+00,7.993214683004947751e+00,-2.187374556291921124e-03,4.160569021571802750e-03,9.811973194465281267e+00
7.993930136613085935e+00,7.993214683004947751e+00,-2.146360824414550450e-03,4.101373187737067383e-03,9.811955012363323902e+00
7.993916660870363344e+00,7.993214683004947751e+00,-2.105933596246778450e-03,4.042722816777200023e-03,9.811936789220531807e+00
7.993903378806562543e+00,7.993214683004947751e+00,-2.066087404844374475e-03,3.984619140240397428e-03,9.811918531735397409e+00
7.993890288595935090e+00,7.993214683004947751e+00,-2.026816772962014568e-03,3.927063188235990765e-03,9.811900246415273585e+00
7.993877388409948992e+00,7.993214683004947751e+00,-1.988116215003721265e-03,3.870055795829330236e-03,9.811881939580825218e+00
7.993864676417921089e+00,7.993214683004947751e+00,-1.949980238920012710e-03,3.813597608370855596e-03,9.811863617369450452e+00
7.993852150787630784e+00,7.993214683004947751e+00,-1.912403348049096508e-03,3.757689087091620195e-03,9.811845285739043021e+00
7.993839809685914233e+00,7.993214683004947751e+00,-1.875380042899443822e-03,3.702330514965268549e-03,9.811826950472067210e+00
7.993827651279244328e+00,7.993214683004947751e+00,-1.838904822889730895e-03,3.647522000971292755e-03,9.811808617178082059e+00
7.993815673734292915e+00,7.993214683004947751e+00,-1.802972188035489864e-03,3.593263485424103010e-03,9.811790291297388222e+00
7.993803875218470800e+00,7.993214683004947751e+00,-1.767576640569146207e-03,3.539554746634365756e-03,9.811771978106065717e+00
7.993792253900459777e+00,7.993214683004947751e+00,-1.732712686536075353e-03,3.486395403307085417e-03,9.811753682716771507e+00
7.993780807950719769e+00,7.993214683004947751e+00,-1.698374837316052322e-03,3.433784922002303119e-03,9.811735410084686748e+00
7.993769535541988880e+00,7.993214683004947751e+00,-1.664557611123385072e-03,3.381722619266724905e-03,9.811717165008143837e+00
7.993758434849758565e+00,7.993214683004947751e+00,-1.631255534432440868e-03,3.330207669094420453e-03,9.811698952134662477e+00
7.993747504052741704e+00,7.993214683004947751e+00,-1.598463143381856355e-03,3.279239105058451287e-03,9.811680775961676204e+00
7.993736741333321127e+00,7.993214683004947751e+00,-1.566174985120127872e-03,3.228815826172848347e-03,9.811662640841053218e+00
7.993726144877984829e+00,7.993214683004947751e+00,-1.534385619111233723e-03,3.178936600889414876e-03,9.811644550981778679e+00
7.993715712877746071e+00,7.993214683004947751e+00,-1.503089618394959359e-03,3.129600071627436364e-03,9.811626510453233863e+00
7.993705443528552834e+00,7.993214683004947751e+00,-1.472281570815248131e-03,3.080804757971122854e-03,9.811608523187157260e+00
7.993695335031678617e+00,7.993214683004947751e+00,-1.441956080192596801e-03,3.032549062265132989e-03,9.811590592982073034e+00
7.993685385594102577e+00,7.993214683004947751e+00,-1.412107767464476638e-03,2.984831272812016323e-03,9.811572723505348037e+00
7.993675593428877235e+00,7.993214683004947751e+00,-1.382731271788451011e-03,2.937649567602562684e-03,9.811554918295815497e+00
7.993665956755481083e+00,7.993214683004947751e+00,-1.353821251599995890e-03,2.891002018845512112e-03,9.811537180767246014e+00
7.993656473800161422e+00,7.993214683004947751e+00,-1.325372385641010453e-03,2.844886595898543646e-03,9.811519514210257142e+00
7.993647142796262983e+00,7.993214683004947751e+00,-1.297379373945695136e-03,2.799301169531531741e-03,9.811501921795585446e+00
7.993637961984544127e+00,7.993214683004947751e+00,-1.269836938789126179e-03,2.754243515656895624e-03,9.811484406576868267e+00
7.993628929613483258e+00,7.993214683004947751e+00,-1.242739825606520299e-03,2.709711318260588087e-03,9.811466971492654565e+00
7.993620043939571040e+00,7.993214683004947751e+00,-1.216082803869866780e-03,2.665702173665351893e-03,9.811449619369795982e+00
7.993611303227596387e+00,7.993214683004947751e+00,-1.189860667945907835e-03,2.622213592395894466e-03,9.811432352924450484e+00
7.993602705750913806e+00,7.993214683004947751e+00,-1.164068237898163716e-03,2.579243004774411929e-03,9.811415174766876746e+00
7.993594249791708073e+00,7.993214683004947751e+00,-1.138700360280964219e-03,2.536787761719949685e-03,9.811398087401439483e+00
7.993585933641242036e+00,7.993214683004947751e+00,-1.113751908882854025e-03,2.494845139811019408e-03,9.811381093230927775e+00
7.993577755600099088e+00,7.993214683004947751e+00,-1.089217785454010823e-03,2.453412342884320196e-03,9.811364194557430807e+00
7.993569713978412317e+00,7.993214683004947751e+00,-1.065092920393695408e-03,2.412486506031541467e-03,9.811347393585638343e+00
7.993561807096083882e+00,7.993214683004947751e+00,-1.041372273408391891e-03,2.372064698530351734e-03,9.811330692425123345e+00
7.993554033282998184e+00,7.993214683004947751e+00,-1.018050834151296158e-03,2.332143925709573296e-03,9.811314093091558775e+00
7.993546390879221697e+00,7.993214683004947751e+00,-9.951236228218363067e-04,2.292721132945985119e-03,9.811297597510124646e+00
7.993538878235195710e+00,7.993214683004947751e+00,-9.725856907438767962e-04,2.253793207795951048e-03,9.811281207517051683e+00
7.993531493711921954e+00,7.993214683004947751e+00,-9.504321209226063161e-04,2.215356982127048013e-03,9.811264924861205827e+00
7.993524235681134016e+00,7.993214683004947751e+00,-9.286580285587930916e-04,2.177409236381322444e-03,9.811248751207823915e+00
7.993517102525466989e+00,7.993214683004947751e+00,-9.072585615577111184e-04,2.139946700108197319e-03,9.811232688138550984e+00
7.993510092638613784e+00,7.993214683004947751e+00,-8.862289009980983678e-04,2.102966055961275060e-03,9.811216737154964562e+00
7.993503204425476127e+00,7.993214683004947751e+00,-8.655642615851277810e-04,2.066463941297058682e-03,9.811200899679711540e+00
7.993496436302306662e+00,7.993214683004947751e+00,-8.452598920767329105e-04,2.030436950839487054e-03,9.811185177058764140e+00
7.993489786696843069e+00,7.993214683004947751e+00,-8.253110756859527442e-04,1.994881639078016633e-03,9.811169570563393449e+00
7.993483254048435960e+00,7.993214683004947751e+00,-8.057131304646247827e-04,1.959794522132796146e-03,9.811154081391668669e+00
7.993476836808167896e+00,7.993214683004947751e+00,-7.864614096604327642e-04,1.925172080419201848e-03,9.811138710670759266e+00
7.993470533438967074e+00,7.993214683004947751e+00,-7.675513020579671775e-04,1.891010760246558675e-03,9.811123459458189089e+00
7.993464342415712132e+00,7.993214683004947751e+00,-7.489782322931404224e-04,1.857306976482675509e-03,9.811108328744190032e+00
7.993458262225331623e+00,7.993214683004947751e+00,-7.307376611516147591e-04,1.824057114152566328e-03,9.811093319453000561e+00
7.993452291366896389e+00,7.993214683004947751e+00,-7.128250858459139749e-04,1.791257530570078416e-03,9.811078432444723774e+00
7.993446428351704824e+00,7.993214683004947751e+00,-6.952360402712187692e-04,1.758904557469520569e-03,9.811063668517199687e+00
7.993440671703365474e+00,7.993214683004947751e+00,-6.779660952531685325e-04,1.726994501805023674e-03,9.811049028406552353e+00
7.993435019957866317e+00,7.993214683004947751e+00,-6.610108587556950965e-04,1.695523649747343597e-03,9.811034512790993034e+00
7.993429471663646702e+00,7.993214683004947751e+00,-6.443659760968500905e-04,1.664488265884500606e-03,9.811020122289788148e+00
7.993424025381655973e+00,7.993214683004947751e+00,-6.280271301246642679e-04,1.633884597218582257e-03,9.811005857467094415e+00
7.993418679685412087e+00,7.993214683004947751e+00,-6.119900413930068339e-04,1.603708873165743398e-03,9.810991718831772346e+00
7.993413433161051351e+00,7.993214683004947751e+00,-5.962504683107994197e-04,1.573957308220741425e-03,9.810977706839910439e+00
7.993408284407374609e+00,7.993214683004947751e+00,-5.808042072805719158e-04,1.544626103022750385e-03,9.810963821895743564e+00
7.993403232035887207e+00,7.993214683004947751e+00,-5.656470928183665592e-04,1.515711446220535663e-03,9.810950064353402666e+00
7.993398274670835413e+00,7.993214683004947751e+00,-5.507749976629838784e-04,1.487209515538268079e-03,9.810936434517875782e+00
7.993393410949235722e+00,7.993214683004947751e+00,-5.361838328639123574e-04,1.459116479907152097e-03,9.810922932647043737e+00
7.993388639520900618e+00,7.993214683004947751e+00,-5.218695478585999581e-04,1.431428500531239933e-03,9.810909558952673137e+00
7.993383959048460774e+00,7.993214683004947751e+00,-5.078281305390675016e-04,1.404141731953245653e-03,9.810896313601414676e+00
7.993379368207381042e+00,7.993214683004947751e+00,-4.940556072998703030e-04,1.377252323919719856e-03,9.810883196716620347e+00
7.993374865685972885e+00,7.993214683004947751e+00,-4.805480430754016652e-04,1.350756422446863780e-03,9.810870208379371959e+00
7.993370450185402376e+00,7.993214683004947751e+00,-4.673015413638736959e-04,1.324650171152796929e-03,9.810857348629788532e+00
7.993366120419694631e+00,7.993214683004947751e+00,-4.543122442406399841e-04,1.298929712323371177e-03,9.810844617468083229e+00
7.993361875115733817e+00,7.993214683004947751e+00,-4.415763323581956001e-04,1.273591188244438399e-03,9.810832014855886740e+00
7.993357713013258703e+00,7.993214683004947751e+00,-4.290900249328544191e-04,1.248630742534118099e-03,9.810819540717602649e+00
7.993353632864855562e+00,7.993214683004947751e+00,-4.168495797234328393e-04,1.224044520942157988e-03,9.810807194941219223e+00
7.993349633435946622e+00,7.993214683004947751e+00,-4.048512929966108231e-04,1.199828672682201613e-03,9.810794977379686088e+00
7.993345713504775851e+00,7.993214683004947751e+00,-3.930914994842993337e-04,1.175979351231148939e-03,9.810782887851747347e+00
7.993341871862389425e+00,7.993214683004947751e+00,-3.815665723250205588e-04,1.152492715927877498e-03,9.810770926143604242e+00
7.993338107312617957e+00,7.993214683004947751e+00,-3.702729230106172054e-04,1.129364931440335340e-03,9.810759092008430216e+00
7.993334418672047192e+00,7.993214683004947751e+00,-3.592070012983228366e-04,1.106592171229436872e-03,9.810747385169932500e+00
7.993330804769993136e+00,7.993214683004947751e+00,-3.483652951361548844e-04,1.084170616216795224e-03,9.810735805321080250e+00
7.993327264448471858e+00,7.993214683004947751e+00,-3.377443305723204503e-04,1.062096456383443410e-03,9.810724352125811620e+00
7.993323796562163075e+00,7.993214683004947751e+00,-3.273406716459703603e-04,1.040365892635009004e-03,9.810713025220989536e+00
7.993320399978376400e+00,7.993214683004947751e+00,-3.171509202859468246e-04,1.018975136002353565e-03,9.810701824215716016e+00
7.993317073577011378e+00,7.993214683004947751e+00,-3.071717161908793514e-04,9.979204095067473190e-04,9.810690748693316365e+00
7.993313816250514847e+00,7.993214683004947751e+00,-2.973997367012870541e-04,9.771979489592297341e-04,9.810679798212259328e+00
7.993310626903840088e+00,7.993214683004947751e+00,-2.878316966770100294e-04,9.568040024277024713e-04,9.810668972305752078e+00
7.993307504454396195e+00,7.993214683004947751e+00,-2.784643483453308477e-04,9.367348331679181683e-04,9.810658270484822197e+00
7.993304447832000115e+00,7.993214683004947751e+00,-2.692944811570896491e-04,9.169867188241198619e-04,9.810647692237667528e+00
7.993301455978827796e+00,7.993214683004947751e+00,-2.603189216401347039e-04,8.975559516954945138e-04,9.810637237030055857e+00
7.993298527849359125e+00,7.993214683004947751e+00,-2.515345332341212270e-04,8.784388406013476924e-04,9.810626904307367724e+00
7.993295662410321079e+00,7.993214683004947751e+00,-2.429382161199811208e-04,8.596317114140106241e-04,9.810616693495294527e+00
7.993292858640632659e+00,7.993214683004947751e+00,-2.345269070547217893e-04,8.411309065259331419e-04,9.810606603999470821e+00
7.993290115531343609e+00,7.993214683004947751e+00,-2.262975791875732057e-04,8.229327867148583664e-04,9.810596635207527783e+00
7.993287432085575794e+00,7.993214683004947751e+00,-2.182472418841285844e-04,8.050337303444621284e-04,9.810586786488460831e+00
7.993284807318456586e+00,7.993214683004947751e+00,-2.103729405265042374e-04,7.874301357624347020e-04,9.810577057195235540e+00
7.993282240257056692e+00,7.993214683004947751e+00,-2.026717563268221056e-04,7.701184199682131748e-04,9.810567446663641888e+00
7.993279729940323541e+00,7.993214683004947751e+00,-1.951408061273696148e-04,7.530950199452490779e-04,9.810557954213818377e+00
7.993277275419011119e+00,7.993214683004947751e+00,-1.877772421901013900e-04,7.363563937268224890e-04,9.810548579151536330e+00
7.993274875755614239e+00,7.993214683004947751e+00,-1.805782519994636459e-04,7.198990190637744035e-04,9.810539320767064808e+00
7.993272530024293943e+00,7.993214683004947751e+00,-1.735410580385732260e-04,7.037193960890419930e-04,9.810530178338051854e+00
7.993270237310807325e+00,7.993214683004947751e+00,-1.666629175787193162e-04,6.878140459853909761e-04,9.810521151128407169e+00
7.993267996712433821e+00,7.993214683004947751e+00,-1.599411224582070190e-04,6.721795120512297217e-04,9.810512238389593520e+00
7.993265807337899709e+00,7.993214683004947751e+00,-1.533729988558718560e-04,6.568123602335163014e-04,9.810503439361378142e+00
7.993263668307301728e+00,7.993214683004947751e+00,-1.469559070619297358e-04,6.417091793942120148e-04,9.810494753272333668e+00
7.993261578752030694e+00,7.993214683004947751e+00,-1.406872412488269219e-04,6.268665813102813900e-04,9.810486179340061952e+00
7.993259537814693338e+00,7.993214683004947751e+00,-1.345644292367609296e-04,6.122812012065992349e-04,9.810477716771970336e+00
7.993257544649033264e+00,7.993214683004947751e+00,-1.285849322565368880e-04,5.979496980224041636e-04,9.810469364765765476e+00
7.993255598419850116e+00,7.993214683004947751e+00,-1.227462447070948315e-04,5.838687549442056479e-04,9.810461122510236720e+00
7.993253698302917876e+00,7.993214683004947751e+00,-1.170458939103724560e-04,5.700350796722375435e-04,9.810452989185762362e+00
7.993251843484904029e+00,7.993214683004947751e+00,-1.114814398688324104e-04,5.564454041540045637e-04,9.810444963964286558e+00
7.993250033163286972e+00,7.993214683004947751e+00,-1.060504750176605171e-04,5.430964851171893315e-04,9.810437046010100914e+00
7.993248266546270742e+00,7.993214683004947751e+00,-1.007506239689703875e-04,5.299851048690129574e-04,9.810429234480899652e+00
7.993246542852702419e+00,7.993214683004947751e+00,-9.557954326400164291e-05,5.171080704968744612e-04,9.810421528527232482e+00
7.993244861311986860e+00,7.993214683004947751e+00,-9.053492111732452940e-05,5.044622146677113506e-04,9.810413927293550884e+00
7.993243221164000545e+00,7.993214683004947751e+00,-8.561447715837999795e-05,4.920443958944531460e-04,9.810406429918735682e+00
7.993241621659006313e+00,7.993214683004947751e+00,-8.081596217568431939e-05,4.798514982695678555e-04,9.810399035536093493e+00
7.993240062057565432e+00,7.993214683004947751e+00,-7.613715785304009387e-05,4.678804322644225522e-04,9.810391743274411880e+00
7.993238541630452332e+00,7.993214683004947751e+00,-7.157587651374086590e-05,4.561281339299227966e-04,9.810384552257417567e+00
7.993237059658564903e+00,7.993214683004947751e+00,-6.712996085145306324e-05,4.445915662287802661e-04,9.810377461605376936e+00
7.993235615432838337e+00,7.993214683004947751e+00,-6.279728367175607673e-05,4.332677179696986514e-04,9.810370470434298440e+00
7.993234208254154538e+00,7.993214683004947751e+00,-5.857574762035966387e-05,4.221536051396412859e-04,9.810363577857518891e+00
7.993232837433256854e+00,7.993214683004947751e+00,-5.446328492730856397e-05,4.112462693051099905e-04,9.810356782984378299e+00
7.993231502290657708e+00,7.993214683004947751e+00,-5.045785712987083116e-05,4.005427797437732806e-04,9.810350084922614400e+00
7.993230202156550668e+00,7.993214683004947751e+00,-4.655745480874884379e-05,3.900402321121987370e-04,9.810343482777303947e+00
7.993228936370721627e+00,7.993214683004947751e+00,-4.276009732162577848e-05,3.797357487123065312e-04,9.810336975651392066e+00
7.993227704282457324e+00,7.993214683004947751e+00,-3.906383252871847844e-05,3.696264792907300034e-04,9.810330562646761621e+00
7.993226505250457414e+00,7.993214683004947751e+00,-3.546673652898846285e-05,3.597095999730015592e-04,9.810324242863444510e+00
7.993225338642743871e+00,7.993214683004947751e+00,-3.196691338835933038e-05,3.499823140629132467e-04,9.810318015400675051e+00
7.993224203836570396e+00,7.993214683004947751e+00,-2.856249486793416281e-05,3.404418520425167571e-04,9.810311879357175968e+00
7.993223100218332711e+00,7.993214683004947751e+00,-2.525164015487746383e-05,3.310854713056698984e-04,9.810305833831151290e+00
7.993222027183478851e+00,7.993214683004947751e+00,-2.203253559329709788e-05,3.219104561580365953e-04,9.810299877920565237e+00
7.993220984136416796e+00,7.993214683004947751e+00,-1.890339440713262320e-05,3.129141186164474675e-04,9.810294010724209812e+00
7.993219970490426540e+00,7.993214683004947751e+00,-1.586245643636630120e-05,3.040937970766321996e-04,9.810288231340640763e+00
7.993218985667570387e+00,7.993214683004947751e+00,-1.290798786790503527e-05,2.954468568461265932e-04,9.810282538868978719e+00
7.993218029098601463e+00,7.993214683004947751e+00,-1.003828096113323909e-05,2.869706906771796184e-04,9.810276932409717432e+00
7.993217100222874016e+00,7.993214683004947751e+00,-7.251653778794775462e-06,2.786627182338463626e-04,9.810271411064455549e+00
7.993216198488252822e+00,7.993214683004947751e+00,-4.546449915210359904e-06,2.705203863584415558e-04,9.810265973936443729e+00
7.993215323351025248e+00,7.993214683004947751e+00,-1.921038232488569975e-06,2.625411682721789930e-04,9.810260620130041076e+00
7.993214474275810666e+00,7.993214683004947751e+00,6.261874112567511474e-07,2.547225643745321122e-04,9.810255348751786286e+00
7.993213650735470743e+00,7.993214683004947751e+00,3.096808431024555830e-06,2.470621019767804682e-04,9.810250158910408302e+00
7.993212852211022401e+00,7.993214683004947751e+00,5.492381776051047382e-06,2.395573345026491552e-04,9.810245049716279198e+00
7.993212078191545444e+00,7.993214683004947751e+00,7.814440206921346999e-06,2.322058430870299617e-04,9.810240020283295337e+00
7.993211328174096408e+00,7.993214683004947751e+00,1.006449255402941390e-05,2.250052347108066897e-04,9.810235069727266222e+00
7.993210601663620629e+00,7.993214683004947751e+00,1.224402398136703596e-05,2.179531427337622063e-04,9.810230197166715627e+00
7.993209898172861649e+00,7.993214683004947751e+00,1.435449625830642617e-05,2.110472276939390213e-04,9.810225401723952743e+00
7.993209217222275065e+00,7.993214683004947751e+00,1.639734801806014275e-05,2.042851759753716578e-04,9.810220682523993929e+00
7.993208558339940595e+00,7.993214683004947751e+00,1.837399502147007979e-05,1.976647003409937042e-04,9.810216038695362073e+00
7.993207921061475929e+00,7.993214683004947751e+00,2.028583041546738741e-05,1.911835393997307619e-04,9.810211469369814807e+00
7.993207304929947909e+00,7.993214683004947751e+00,2.213422499952599765e-05,1.848394584058610235e-04,9.810206973683406773e+00
7.993206709495788154e+00,7.993214683004947751e+00,2.392052747879347407e-05,1.786302479267476429e-04,9.810202550775406038e+00
7.993206134316706013e+00,7.993214683004947751e+00,2.564606472521546721e-05,1.725537246421993132e-04,9.810198199789368800e+00
7.993205578957603308e+00,7.993214683004947751e+00,2.731214203333109936e-05,1.666077308115632150e-04,9.810193919872844504e+00
7.993205042990487286e+00,7.993214683004947751e+00,2.892004338139742003e-05,1.607901348066320679e-04,9.810189710178189415e+00
7.993204525994388909e+00,7.993214683004947751e+00,3.047103167652664979e-05,1.550988295129229755e-04,9.810185569861189947e+00
7.993204027555276703e+00,7.993214683004947751e+00,3.196634901314610033e-05,1.495317336619450543e-04,9.810181498082675589e+00
7.993203547265973263e+00,7.993214683004947751e+00,3.340721692346448890e-05,1.440867910318388567e-04,9.810177494007955801e+00
7.993203084726070884e+00,7.993214683004947751e+00,3.479483663060278786e-05,1.387619707138298963e-04,9.810173556807345818e+00
7.993202639541848953e+00,7.993214683004947751e+00,3.613038929639600383e-05,1.335552665793215965e-04,9.810169685655875327e+00
7.993202211326192241e+00,7.993214683004947751e+00,3.741503626653042147e-05,1.284646970134417643e-04,9.810165879733279581e+00
7.993201799698509191e+00,7.993214683004947751e+00,3.864991931568084738e-05,1.234883049150425904e-04,9.810162138224232109e+00
7.993201404284648426e+00,7.993214683004947751e+00,3.983616089797692439e-05,1.186241582296077013e-04,9.810158460319128082e+00
7.993201024716819703e+00,7.993214683004947751e+00,4.097486438414676968e-05,1.138703486169845291e-04,9.810154845213002517e+00
7.993200660633512200e+00,7.993214683004947751e+00,4.206711430665421858e-05,1.092249922507448900e-04,9.810151292106557008e+00
7.993200311679415471e+00,7.993214683004947751e+00,4.311397659684246264e-05,1.046862290188244060e-04,9.810147800205616164e+00
7.993199977505339504e+00,7.993214683004947751e+00,4.411649882474222295e-05,1.002522227899760310e-04,9.810144368721616104e+00
7.993199657768135680e+00,7.993214683004947751e+00,4.507571043621538820e-05,9.592116114731652488e-05,9.810140996871584917e+00
7.993199352130618607e+00,7.993214683004947751e+00,4.599262298743411748e-05,9.169125512187292770e-05,9.810137683878110693e+00
7.993199060261489741e+00,7.993214683004947751e+00,4.686823037403087255e-05,8.756073865967550773e-05,9.810134428969034204e+00
7.993198781835257449e+00,7.993214683004947751e+00,4.770350907090659121e-05,8.352786968757186514e-05,9.810131231378758088e+00
7.993198516532163289e+00,7.993214683004947751e+00,4.849941835338711371e-05,7.959092824805225064e-05,9.810128090346601937e+00
7.993198264038103851e+00,7.993214683004947751e+00,4.925690053170228566e-05,7.574821783151719501e-05,9.810125005118363717e+00
7.993198024044556149e+00,7.993214683004947751e+00,4.997688117480691972e-05,7.199806431046340549e-05,9.810121974945484880e+00
7.993197796248503018e+00,7.993214683004947751e+00,5.066026933420175737e-05,6.833881593948376576e-05,9.810118999085274183e+00
7.993197580352358500e+00,7.993214683004947751e+00,5.130795776775443073e-05,6.476884335526733594e-05,9.810116076801122631e+00
7.993197376063894133e+00,7.993214683004947751e+00,5.192082316085588900e-05,6.128653931014582668e-05,9.810113207362471499e+00
7.993197183096166114e+00,7.993214683004947751e+00,5.249972634491228973e-05,5.789031840564007325e-05,9.810110390044751938e+00
7.993197001167442473e+00,7.993214683004947751e+00,5.304551251583689009e-05,5.457861709246003556e-05,9.810107624129608794e+00
7.993196830001131126e+00,7.993214683004947751e+00,5.355901144987740281e-05,5.134989340405127223e-05,9.810104908904854426e+00
7.993196669325710602e+00,7.993214683004947751e+00,5.404103771144974644e-05,4.820262615723436284e-05,9.810102243663870070e+00
7.993196518874656320e+00,7.993214683004947751e+00,5.449239087429447181e-05,4.513531628447253752e-05,9.810099627707160153e+00
7.993196378386373091e+00,7.993214683004947751e+00,5.491385572398144177e-05,4.214648496869699557e-05,9.810097060340693176e+00
7.993196247604124061e+00,7.993214683004947751e+00,5.530620247107265186e-05,3.923467470912100907e-05,9.810094540877180691e+00
7.993196126275962321e+00,7.993214683004947751e+00,5.567018695629144531e-05,3.639844852187934521e-05,9.810092068635478668e+00
7.993196014154664297e+00,7.993214683004947751e+00,5.600655085036265746e-05,3.363638940712121439e-05,9.810089642940258869e+00
7.993195910997660469e+00,7.993214683004947751e+00,5.631602186184636594e-05,3.094710114837084802e-05,9.810087263123010715e+00
7.993195816566968759e+00,7.993214683004947751e+00,5.659931393697803514e-05,2.832920751316692076e-05,9.810084928521451531e+00
7.993195730629128803e+00,7.993214683004947751e+00,5.685712745684412539e-05,2.578135198660902461e-05,9.810082638479443062e+00
7.993195652955137120e+00,7.993214683004947751e+00,5.709014943189316682e-05,2.330219750490414299e-05,9.810080392346936407e+00
7.993195583320380493e+00,7.993214683004947751e+00,5.729905370177590385e-05,2.089042698827370259e-05,9.810078189480691435e+00
7.993195521504572021e+00,7.993214683004947751e+00,5.748450112719183380e-05,1.854474254159299562e-05,9.810076029243669282e+00
7.993195467291687173e+00,7.993214683004947751e+00,5.764713978173574560e-05,1.626386545439117981e-05,9.810073911005236624e+00
7.993195420469903389e+00,7.993214683004947751e+00,5.778760513308611735e-05,1.404653513503717477e-05,9.810071834140268621e+00
7.993195380831533470e+00,7.993214683004947751e+00,5.790652024284526078e-05,1.189151097591434336e-05,9.810069798031218369e+00
7.993195348172966952e+00,7.993214683004947751e+00,5.800449594239864837e-05,9.797569955338758518e-06,9.810067802065898235e+00
7.993195322294607053e+00,7.993214683004947751e+00,5.808213102209691669e-05,7.763507969826832777e-06,9.810065845638991533e+00
7.993195303000810270e+00,7.993214683004947751e+00,5.814001241244426410e-05,5.788139034734740562e-06,9.810063928151446788e+00
7.993195290099828654e+00,7.993214683004947751e+00,5.817871535729324250e-05,3.870294484897840448e-06,9.810062049009843577e+00
7.993195283403748519e+00,7.993214683004947751e+00,5.819880359769769029e-05,2.008824040444778802e-06,9.810060207627639528e+00
7.993195282728430939e+00,7.993214683004947751e+00,5.820082955043659467e-05,2.025952738904379657e-07,9.810058403424825713e+00
7.993195287893455792e+00,7.993214683004947751e+00,5.818533447587981300e-05,-1.549507455678167389e-06,9.810056635827020699e+00
7.993195298722063136e+00,7.993214683004947751e+00,5.815284865384739987e-05,-3.248582203241312527e-06,9.810054904266451103e+00
7.993195315041097260e+00,7.993214683004947751e+00,5.810389155147532847e-05,-4.895710237207140381e-06,9.810053208181315654e+00
7.993195336680949836e+00,7.993214683004947751e+00,5.803897199374574711e-05,-6.491955772958135640e-06,9.810051547016222173e+00
7.993195363475503967e+00,7.993214683004947751e+00,5.795858833135270061e-05,-8.038366239304650662e-06,9.810049920222091657e+00
7.993195395262080005e+00,7.993214683004947751e+00,5.786322860323878103e-05,-9.535972811391957293e-06,9.810048327255792344e+00
7.993195431881382262e+00,7.993214683004947751e+00,5.775337069646724331e-05,-1.098579067715377278e-05,9.810046767580018923e+00
7.993195473177442167e+00,7.993214683004947751e+00,5.762948251675226174e-05,-1.238881797149815611e-05,9.810045240664546640e+00
7.993195518997568527e+00,7.993214683004947751e+00,5.749202213767290459e-05,-1.374603790793571534e-05,9.810043745984231123e+00
7.993195569192293348e+00,7.993214683004947751e+00,5.734143796320978481e-05,-1.505841744631197798e-05,9.810042283020518283e+00
7.993195623615320322e+00,7.993214683004947751e+00,5.717816888228810512e-05,-1.632690809216796879e-05,9.810040851260790618e+00
7.993195682123473311e+00,7.993214683004947751e+00,5.700264442332070303e-05,-1.755244589674020972e-05,9.810039450198527078e+00
7.993195744576645723e+00,7.993214683004947751e+00,5.681528490608656057e-05,-1.873595172341424586e-05,9.810038079333182282e+00
7.993195810837751658e+00,7.993214683004947751e+00,5.661650158828024360e-05,-1.987833178063169726e-05,9.810036738169808146e+00
7.993195880772674400e+00,7.993214683004947751e+00,5.640669682005494678e-05,-2.098047682252968116e-05,9.810035426219997134e+00
7.993195954250219337e+00,7.993214683004947751e+00,5.618626418524286237e-05,-2.204326348120844159e-05,9.810034143000704532e+00
7.993196031142064228e+00,7.993214683004947751e+00,5.595558865056915465e-05,-2.306755346737077161e-05,9.810032888035184584e+00
7.993196111322713016e+00,7.993214683004947751e+00,5.571504670420779348e-05,-2.405419463613611697e-05,9.810031660852068569e+00
7.993196194669446975e+00,7.993214683004947751e+00,5.546500650233099350e-05,-2.500402018767999834e-05,9.810030460986315148e+00
7.993196281062279418e+00,7.993214683004947751e+00,5.520582800500051235e-05,-2.591784973304811501e-05,9.810029287978272450e+00
7.993196370383909510e+00,7.993214683004947751e+00,5.493786311472348416e-05,-2.679648902770281893e-05,9.810028141374086630e+00
7.993196462519676970e+00,7.993214683004947751e+00,5.466145581234371775e-05,-2.764073023797664064e-05,9.810027020725573976e+00
7.993196557357517662e+00,7.993214683004947751e+00,5.437694229026845960e-05,-2.845135220752581517e-05,9.810025925590082352e+00
7.993196654787916522e+00,7.993214683004947751e+00,5.408465109368876256e-05,-2.922911965796970435e-05,9.810024855531436216e+00
7.993196754703869367e+00,7.993214683004947751e+00,5.378490323515450200e-05,-2.997478585342605584e-05,9.810023810117382226e+00
7.993196857000833155e+00,7.993214683004947751e+00,5.347801234378835034e-05,-3.068908913661516635e-05,9.810022788923207671e+00
7.993196961576689574e+00,7.993214683004947751e+00,5.316428477453172263e-05,-3.137275692566277030e-05,9.810021791527848478e+00
7.993197068331698851e+00,7.993214683004947751e+00,5.284401974670061009e-05,-3.202650278311125476e-05,9.810020817516964087e+00
7.993197177168459788e+00,7.993214683004947751e+00,5.251750946388966668e-05,-3.265102828109434085e-05,9.810019866481184181e+00
7.993197287991868905e+00,7.993214683004947751e+00,5.218503923654083110e-05,-3.324702273488355786e-05,9.810018938016501266e+00
7.993197400709079581e+00,7.993214683004947751e+00,5.184688760451194867e-05,-3.381516320288824318e-05,9.810018031724402121e+00
7.993197515229462979e+00,7.993214683004947751e+00,5.150332645431632272e-05,-3.435611501956259417e-05,9.810017147211436139e+00
7.993197631464567188e+00,7.993214683004947751e+00,5.115462114169133656e-05,-3.487053126249861634e-05,9.810016284089879690e+00
7.993197749328080803e+00,7.993214683004947751e+00,5.080103060084439903e-05,-3.535905408469375288e-05,9.810015441976517536e+00
7.993197868735792078e+00,7.993214683004947751e+00,5.044280746702156648e-05,-3.582231338228325512e-05,9.810014620494085236e+00
7.993197989605552500e+00,7.993214683004947751e+00,5.008019818575348836e-05,-3.626092812680781208e-05,9.810013819270059443e+00
7.993198111857239496e+00,7.993214683004947751e+00,4.971344312476588811e-05,-3.667550609876002454e-05,9.810013037937025615e+00
7.993198235412720898e+00,7.993214683004947751e+00,4.934277668056097355e-05,-3.706664442049145691e-05,9.810012276132260567e+00
7.993198360195814978e+00,7.993214683004947751e+00,4.896842739832152347e-05,-3.743492822394500763e-05,9.810011533499174874e+00
7.993198486132259362e+00,7.993214683004947751e+00,4.859061806516962179e-05,-3.778093331519016829e-05,9.810010809684751365e+00
7.993198613149671949e+00,7.993214683004947751e+00,4.820956582740620888e-05,-3.810522377634129043e-05,9.810010104342051562e+00
7.993198741177518940e+00,7.993214683004947751e+00,4.782548228643435095e-05,-3.840835409718579285e-05,9.810009417128188858e+00
7.993198870147078416e+00,7.993214683004947751e+00,4.743857360800518563e-05,-3.869086784291653203e-05,9.810008747705765586e+00
7.993198999991408371e+00,7.993214683004947751e+00,4.704904061814119132e-05,-3.895329898639943167e-05,9.810008095741633127e+00
7.993199130645312955e+00,7.993214683004947751e+00,4.665707890438852701e-05,-3.919617137526643091e-05,9.810007460907529619e+00
7.993199262045307840e+00,7.993214683004947751e+00,4.626287891973390742e-05,-3.941999846546195840e-05,9.810006842880454769e+00
7.993199394129590907e+00,7.993214683004947751e+00,4.586662607053426655e-05,-3.962528491996408775e-05,9.810006241341151068e+00
7.993199526838008495e+00,7.993214683004947751e+00,4.546850081776909747e-05,-3.981252527651690798e-05,9.810005655975540861e+00
7.993199660112023430e+00,7.993214683004947751e+00,4.506867877296372171e-05,-3.998220448053757536e-05,9.810005086474292924e+00
7.993199793894685712e+00,7.993214683004947751e+00,4.466733078611895280e-05,-4.013479868447689114e-05,9.810004532532101251e+00
7.993199928130601428e+00,7.993214683004947751e+00,4.426462303896983030e-05,-4.027077471491224969e-05,9.810003993848324555e+00
7.993200062765901670e+00,7.993214683004947751e+00,4.386071713824435392e-05,-4.039059007254763856e-05,9.810003470127066194e+00
7.993200197748214997e+00,7.993214683004947751e+00,4.345577019826407650e-05,-4.049469399802774205e-05,9.810002961076200734e+00
7.993200333026635462e+00,7.993214683004947751e+00,4.304993493686737338e-05,-4.058352613967031175e-05,9.810002466408796806e+00
7.993200468551696858e+00,7.993214683004947751e+00,4.264335975268096490e-05,-4.065751841864084781e-05,9.810001985841335426e+00
7.993200604275342513e+00,7.993214683004947751e+00,4.223618881571411521e-05,-4.071709369668496947e-05,9.810001519095120415e+00
7.993200740150897765e+00,7.993214683004947751e+00,4.182856214995922528e-05,-4.076266657548899275e-05,9.810001065895574968e+00
7.993200876133042421e+00,7.993214683004947751e+00,4.142061571599242598e-05,-4.079464339667993045e-05,9.810000625972319810e+00
7.993201012177784115e+00,7.993214683004947751e+00,4.101248149090963580e-05,-4.081342250827901807e-05,9.810000199058983128e+00
7.993201148242431664e+00,7.993214683004947751e+00,4.060428754826261866e-05,-4.081939426470171384e-05,9.809999784893284058e+00
7.993201284285569308e+00,7.993214683004947751e+00,4.019615813533050641e-05,-4.081294129321122455e-05,9.809999383216842617e+00
7.993201420267028290e+00,7.993214683004947751e+00,3.978821375838492713e-05,-4.079443769455792790e-05,9.809998993776064324e+00
7.993201556147864650e+00,6.755288154815330959e-01,-2.195301822199899533e+01,0.000000000000000000e+00,0.000000000000000000e+00
7.992220692028701556e+00,6.755288154815330959e-01,-2.195007562964150694e+01,2.942592357489282051e-01,0.000000000000000000e+00
7.990258827909538120e+00,6.755288154815330959e-01,-2.194419003728401663e+01,5.885592357490310178e-01,0.000000000000000000e+00
7.987315963790374340e+00,6.755288154815330959e-01,-2.193536144492652440e+01,8.828592357491338305e-01,0.000000000000000000e+00
7.983392099671211106e+00,6.755288154815330959e-01,-2.192358985256903381e+01,1.177159235748970190e+00,0.000000000000000000e+00
7.978487235552047530e+00,6.755288154815330959e-01,-2.190887526021154486e+01,1.471459235749073002e+00,0.000000000000000000e+00
7.972601371432884498e+00,6.755288154815330959e-01,-2.189121766785405399e+01,1.765759235748909362e+00,0.000000000000000000e+00
7.965734507313721124e+00,6.755288154815330959e-01,-2.187061707549656475e+01,2.060059235749012174e+00,0.000000000000000000e+00
7.957886643194557408e+00,6.755288154815330959e-01,-2.184707348313907360e+01,2.354359235749114987e+00,0.000000000000000000e+00
7.949057779075394237e+00,6.755288154815330959e-01,-2.182058689078158409e+01,2.648659235748951346e+00,0.000000000000000000e+00
7.939247914956230723e+00,6.755288154815330959e-01,-2.179115729842409266e+01,2.942959235749054159e+00,0.000000000000000000e+00
7.928457050837066866e+00,6.755288154815330959e-01,-2.175878470606660287e+01,3.237259235749156971e+00,0.000000000000000000e+00
7.916685186717903555e+00,6.755288154815330959e-01,-2.172346911370911116e+01,3.531559235748993331e+00,0.000000000000000000e+00
7.903932322598739901e+00,6.755288154815330959e-01,-2.168521052135162108e+01,3.825859235749096143e+00,0.000000000000000000e+00
7.890198458479576793e+00,6.755288154815330959e-01,-2.164400892899413265e+01,4.120159235748932502e+00,0.000000000000000000e+00
7.875483594360413342e+00,6.755288154815330959e-01,-2.159986433663664229e+01,4.414459235749035315e+00,0.000000000000000000e+00
7.859787730241249548e+00,6.755288154815330959e-01,-2.155277674427915002e+01,4.708759235749138128e+00,0.000000000000000000e+00
7.843110866122086300e+00,6.755288154815330959e-01,-2.150274615192165939e+01,5.003059235748974487e+00,0.000000000000000000e+00
7.825453002002922709e+00,6.755288154815330959e-01,-2.144977255956417039e+01,5.297359235749077300e+00,0.000000000000000000e+00
7.806814137883759663e+00,6.755288154815330959e-01,-2.139385596720667948e+01,5.591659235748913659e+00,0.000000000000000000e+00
7.787194273764596275e+00,6.755288154815330959e-01,-2.133499637484919020e+01,5.885959235749016472e+00,0.000000000000000000e+00
7.766593409645432544e+00,6.755288154815330959e-01,-2.127319378249169901e+01,6.180259235749119284e+00,0.000000000000000000e+00
7.745011545526269359e+00,6.755288154815330959e-01,-2.120844819013420945e+01,6.474559235748955643e+00,0.000000000000000000e+00
7.722448681407105830e+00,6.755288154815330959e-01,-2.114075959777671798e+01,6.768859235749058456e+00,0.000000000000000000e+00
7.698904817287941960e+00,6.755288154815330959e-01,-2.107012800541922815e+01,7.063159235749161269e+00,0.000000000000000000e+00
7.674379953168778634e+00,6.755288154815330959e-01,-2.099655341306173639e+01,7.357459235748997628e+00,0.000000000000000000e+00
7.648874089049614966e+00,6.755288154815330959e-01,-2.092003582070424628e+01,7.651759235749100441e+00,0.000000000000000000e+00
7.622387224930451843e+00,6.755288154815330959e-01,-2.084057522834675780e+01,7.946059235748936800e+00,0.000000000000000000e+00
7.594919360811288378e+00,6.755288154815330959e-01,-2.075817163598926740e+01,8.240359235749039613e+00,0.000000000000000000e+00
7.566470496692124570e+00,6.755288154815330959e-01,-2.067282504363177509e+01,8.534659235749142425e+00,0.000000000000000000e+00
7.537040632572961307e+00,6.755288154815330959e-01,-2.058453545127428441e+01,8.828959235748978784e+00,0.000000000000000000e+00
7.506629768453797702e+00,6.755288154815330959e-01,-2.049330285891679537e+01,9.123259235749081597e+00,0.000000000000000000e+00
7.475237904334634642e+00,6.755288154815330959e-01,-2.039912726655930442e+01,9.417559235748917956e+00,0.000000000000000000e+00
7.442865040215471240e+00,6.755288154815330959e-01,-2.030200867420181510e+01,9.711859235749020769e+00,0.000000000000000000e+00
7.409511176096307494e+00,6.755288154815330959e-01,-2.020194708184432386e+01,1.000615923574912358e+01,0.000000000000000000e+00
7.375176311977144294e+00,6.755288154815330959e-01,-2.009894248948683426e+01,1.030045923574895994e+01,1.151674626212617625e-02
7.339861599532606640e+00,6.755288154815330959e-01,-1.999299835215322219e+01,1.059441373336129644e+01,4.114153812080747485e-01
7.303607028626189823e+00,6.755288154815330959e-01,-1.988423463943396996e+01,1.087637127192504494e+01,8.021366324910754741e-01
7.266451671383022060e+00,6.755288154815330959e-01,-1.977276856770446756e+01,1.114660717295032910e+01,1.183838605245862041e+00
7.228433698000379160e+00,6.755288154815330959e-01,-1.965871464755653975e+01,1.140539201479287001e+01,1.556677367236330767e+00
7.189590392354459958e+00,6.755288154815330959e-01,-1.954218473061878214e+01,1.165299169377576050e+01,1.920806963156978853e+00
7.149958167404856901e+00,6.755288154815330959e-01,-1.942328805576997297e+01,1.188966748488091696e+01,2.276379429110944486e+00
7.109572580398164199e+00,6.755288154815330959e-01,-1.930213129474989486e+01,1.211567610200781075e+01,2.623544807257916389e+00
7.068468347872197910e+00,6.755288154815330959e-01,-1.917881859717199688e+01,1.233126975778988665e+01,2.962451160617890267e+00
7.026679360462293467e+00,6.755288154815330959e-01,-1.905345163494228089e+01,1.253669622297133301e+01,3.293244588029052622e+00
6.984238697511191418e+00,6.755288154815330959e-01,-1.892612964608897386e+01,1.273219888533061450e+01,3.616069239241641142e+00
6.941178641484013312e+00,6.755288154815330959e-01,-1.879694947800744131e+01,1.291801680815343190e+01,3.931067330145991079e+00
6.897530692189850043e+00,6.755288154815330959e-01,-1.866600563012494973e+01,1.309438478824898056e+01,4.238379158124031321e+00
6.853325580811499229e+00,6.755288154815330959e-01,-1.853339029598989995e+01,1.326153341350524428e+01,4.538143117515344827e+00
6.808593283744899693e+00,6.755288154815330959e-01,-1.839919340479010046e+01,1.341968911997986069e+01,4.830495715189760730e+00
6.763363036249819160e+00,6.755288154815330959e-01,-1.826350266230485886e+01,1.356907424852416000e+01,5.115571586219301636e+00
6.717663345913361006e+00,6.755288154815330959e-01,-1.812640359129548528e+01,1.370990710093744624e+01,5.393503509641961458e+00
6.671522005927866594e+00,6.755288154815330959e-01,-1.798797957133900027e+01,1.384240199564832352e+01,5.664422424309323745e+00
6.624966108184803915e+00,6.755288154815330959e-01,-1.784831187810981135e+01,1.396676932291880391e+01,5.928457444808993060e+00
6.578022056186221711e+00,6.755288154815330959e-01,-1.770747972211406562e+01,1.408321559957466107e+01,6.185735877460595944e+00
6.530715577775385583e+00,6.755288154815330959e-01,-1.756556028688155635e+01,1.419194352325083841e+01,6.436383236369282557e+00
6.483071737688186786e+00,6.755288154815330959e-01,-1.742262876661996174e+01,1.429315202615963898e+01,6.680523259539677738e+00
6.435114949926941108e+00,6.755288154815330959e-01,-1.727875840333622648e+01,1.438703632837370350e+01,6.918277925037477516e+00
6.386868989958199627e+00,6.755288154815330959e-01,-1.713402052342999937e+01,1.447378799062244425e+01,7.149767467192445380e+00
6.338357006736177190e+00,6.755288154815330959e-01,-1.698848457376393384e+01,1.455359496660673102e+01,7.375110392842797680e+00
6.289601534553439066e+00,6.755288154815330959e-01,-1.684221815721571858e+01,1.462664165482143730e+01,7.594423497605719220e+00
6.240624504720461374e+00,6.755288154815330959e-01,-1.669528706771678372e+01,1.469310894989330762e+01,7.807821882176524397e+00
6.191447257075701316e+00,6.755288154815330959e-01,-1.654775532478250710e+01,1.475317429342801745e+01,8.015418968645510844e+00
6.142090551327806125e+00,6.755288154815330959e-01,-1.639968520753881975e+01,1.480701172436855728e+01,8.217326516829738026e+00
6.092574578231594096e+00,6.755288154815330959e-01,-1.625113728825018455e+01,1.485479192886360877e+01,8.413654640613424718e+00
6.042918970599442829e+00,6.755288154815330959e-01,-1.610217046535372987e+01,1.489668228964537988e+01,8.604511824291650512e+00
5.993142814149720721e+00,6.755288154815330959e-01,-1.595284199600456354e+01,1.493284693491663262e+01,8.790004938912069576e+00
5.943264658193890604e+00,6.755288154815330959e-01,-1.580320752813707230e+01,1.496344678674903506e+01,8.970239258611963251e+00
5.893302526163921584e+00,6.755288154815330959e-01,-1.565332113204716613e+01,1.498863960899070591e+01,9.145318476943540276e+00
5.843273925981646855e+00,6.755288154815330959e-01,-1.550323533150034194e+01,1.500858005468241885e+01,9.315344723182077402e+00
5.793195860271690201e+00,6.755288154815330959e-01,-1.535300113437047287e+01,1.502341971298699619e+01,9.480418578616523817e+00
5.743084836419595440e+00,6.755288154815330959e-01,-1.520266806281418681e+01,1.503330715562842812e+01,9.640639092814241806e+00
5.692956876476781503e+00,6.755288154815330959e-01,-1.505228418298574589e+01,1.503838798284418132e+01,9.796103799858435934e+00
5.642827526913953839e+00,6.755288154815330959e-01,-1.490189613429726379e+01,1.503880486884829892e+01,9.946908734551035636e+00
5.592711868224580662e+00,6.755288154815330959e-01,-1.475154915822914248e+01,1.503469760681195311e+01,1.009314844858281113e+01
5.542624524380066475e+00,6.755288154815330959e-01,-1.460128712669560080e+01,1.502620315335425616e+01,1.023491602665865585e+01
5.492579672138218072e+00,6.755288154815330959e-01,-1.445115256997005559e+01,1.501345567255452096e+01,1.037230310258446586e+01
5.442591050206628367e+00,6.755288154815330959e-01,-1.430118670417528648e+01,1.499658657947691154e+01,1.050539987530162556e+01
5.392671968262568782e+00,6.755288154815330959e-01,-1.415142945834310773e+01,1.497572458321787536e+01,1.063429512487476813e+01
5.342835315830996024e+00,6.755288154815330959e-01,-1.400191950104838945e+01,1.495099572947182764e+01,1.075907622842343869e+01
5.293093571022265742e+00,6.755288154815330959e-01,-1.385269426662219772e+01,1.492252344261908448e+01,1.087982917599688726e+01
5.243458809131134934e+00,6.755288154815330959e-01,-1.370378998094880529e+01,1.489042856733924225e+01,1.099663858639043745e+01
5.193942711098643805e+00,6.755288154815330959e-01,-1.355524168685133191e+01,1.485482940974733879e+01,1.110958772289600738e+01
5.144556571838442061e+00,6.755288154815330959e-01,-1.340708326907072845e+01,1.481584177806052338e+01,1.121875850898979543e+01
5.095311308429138819e+00,6.755288154815330959e-01,-1.325934747884281784e+01,1.477357902279097246e+01,1.132423154394815512e+01
5.046217468174230447e+00,6.755288154815330959e-01,-1.311206595807809272e+01,1.472815207647251157e+01,1.142608611839441934e+01
4.997285236531161523e+00,6.755288154815330959e-01,-1.296526926314888684e+01,1.467966949292067724e+01,1.152440022977179090e+01
4.948524444911069686e+00,6.755288154815330959e-01,-1.281898688828860955e+01,1.462823748602755103e+01,1.161925059773894198e+01
4.899944578350751812e+00,6.755288154815330959e-01,-1.267324728860765681e+01,1.457395996809536243e+01,1.171071267948770611e+01
4.851554783058382725e+00,6.755288154815330959e-01,-1.252807790273054955e+01,1.451693858771072598e+01,1.179886068498017693e+01
4.803363873834512354e+00,6.755288154815330959e-01,-1.238350517505893933e+01,1.445727276716111120e+01,1.188376759210217237e+01
4.755380341369852104e+00,6.755288154815330959e-01,-1.223955457766495769e+01,1.439505973939807504e+01,1.196550516173311784e+01
4.707612359421364800e+00,6.755288154815330959e-01,-1.209625063181949578e+01,1.433039458454619108e+01,1.204414395272669580e+01
4.660067791868150344e+00,6.755288154815330959e-01,-1.195361692915985330e+01,1.426337026596433688e+01,1.211975333680448408e+01
4.612754199648616549e+00,6.755288154815330959e-01,-1.181167615250125102e+01,1.419407766586013864e+01,1.219240151335888811e+01
4.565678847580418420e+00,6.755288154815330959e-01,-1.167045009629665664e+01,1.412260562045943857e+01,1.226215552416278243e+01
4.518848711064636703e+00,6.755288154815330959e-01,-1.152995968674931149e+01,1.404904095473451520e+01,1.232908126798520421e+01
4.472270482675653192e+00,6.755288154815330959e-01,-1.139022500158236184e+01,1.397346851669505341e+01,1.239324351511269207e+01
4.425950578638181199e+00,6.755288154815330959e-01,-1.125126528946994497e+01,1.389597121124159784e+01,1.245470592177165337e+01
4.379895145192886474e+00,6.755288154815330959e-01,-1.111309898913406080e+01,1.381663003358841735e+01,1.251353104445435704e+01
4.334110064852036537e+00,6.755288154815330959e-01,-1.097574374811151188e+01,1.373552410225498122e+01,1.256978035414346984e+01
4.288600962546601281e+00,6.755288154815330959e-01,-1.083921644119520522e+01,1.365273069163057684e+01,1.262351425043537212e+01
4.243373211666209954e+00,6.755288154815330959e-01,-1.070353318855403124e+01,1.356832526411739792e+01,1.267479207556336718e+01
4.198431939993374939e+00,6.755288154815330959e-01,-1.056870937353552620e+01,1.348238150185050443e+01,1.272367212831497874e+01
4.153782035533371442e+00,6.755288154815330959e-01,-1.043475966015551570e+01,1.339497133800104933e+01,1.277021167784553413e+01
4.109428152241152432e+00,6.755288154815330959e-01,-1.030169801027885867e+01,1.330616498766570288e+01,1.281446697738684470e+01
4.065374715646671966e+00,6.755288154815330959e-01,-1.016953770049541816e+01,1.321603097834413987e+01,1.285649327784872220e+01
4.021625928379976678e+00,6.755288154815330959e-01,-1.003829133869533052e+01,1.312463618000858645e+01,1.289634484131325642e+01
3.978185775597412377e+00,6.755288154815330959e-01,-9.907970880347637177e+00,1.303204583476942346e+01,1.293407495442178679e+01
3.935058030310290000e+00,6.755288154815330959e-01,-9.778587644486272268e+00,1.293832358613657973e+01,1.296973594165030796e+01
3.892246258617332977e+00,6.755288154815330959e-01,-9.650152329407401197e+00,1.284353150788710707e+01,1.300337917847970637e+01
3.849753824842223615e+00,6.755288154815330959e-01,-9.522675028082073112e+00,1.274773013253280851e+01,1.303505510445073590e+01
3.807583896577559468e+00,6.755288154815330959e-01,-9.396165243288077562e+00,1.265097847939937736e+01,1.306481323611130030e+01
3.765739449636506642e+00,6.755288154815330959e-01,-9.270631902464920415e+00,1.255333408231571468e+01,1.309270217985079476e+01
3.724223272913438798e+00,6.755288154815330959e-01,-9.146083372295716885e+00,1.245485301692035307e+01,1.311876964462463668e+01
3.683037973154833278e+00,6.755288154815330959e-01,-9.022527473019898991e+00,1.235558992758178931e+01,1.314306245456189082e+01
3.642185979641684224e+00,6.755288154815330959e-01,-8.899971492480453605e+00,1.225559805394471624e+01,1.316562656146426313e+01
3.601669548784681485e+00,6.755288154815330959e-01,-8.778422199909444501e+00,1.215492925710082162e+01,1.318650705719137761e+01
3.561490768633397863e+00,6.755288154815330959e-01,-8.657885859455594968e+00,1.205363404538495331e+01,1.320574818592935884e+01
3.521651563300707277e+00,6.755288154815330959e-01,-8.538368243457522766e+00,1.195176159980730901e+01,1.322339335634978674e+01
3.482153697303651541e+00,6.755288154815330959e-01,-8.419874645466356000e+00,1.184935979911658777e+01,1.323948515365023226e+01
3.442998779821960564e+00,6.755288154815330959e-01,-8.302409893021280851e+00,1.174647524450742608e+01,1.325406535148614573e+01
3.404188268875418366e+00,6.755288154815330959e-01,-8.185978360181657365e+00,1.164315328396252625e+01,1.326717492378086938e+01
3.365723475421254385e+00,6.755288154815330959e-01,-8.070583979819165421e+00,1.153943803624919440e+01,1.327885405643002947e+01
3.327605567372733386e+00,6.755288154815330959e-01,-7.956230255673600205e+00,1.143537241455643283e+01,1.328914215888283223e+01
3.289835573540100810e+00,6.755288154815330959e-01,-7.842920274175703810e+00,1.133099814978963948e+01,1.329807787561393617e+01
3.252414387495029313e+00,6.755288154815330959e-01,-7.730656716040487986e+00,1.122635581352158241e+01,1.330569909748109581e+01
3.215342771359706031e+00,6.755288154815330959e-01,-7.619441867634518140e+00,1.112148484059698461e+01,1.331204297296246608e+01
3.178621359521678791e+00,6.755288154815330959e-01,-7.509277632120437751e+00,1.101642355140803886e+01,1.331714591928760072e+01
3.142250662275580364e+00,6.755288154815330959e-01,-7.400165540382141138e+00,1.091120917382966127e+01,1.332104363344751974e+01
3.106231069392826782e+00,6.755288154815330959e-01,-7.292106761733881726e+00,1.080587786482594126e+01,1.332377110309206003e+01
3.070562853620382615e+00,6.755288154815330959e-01,-7.185102114416547892e+00,1.070046473173338342e+01,1.332536261731683602e+01
3.035246174109670125e+00,6.755288154815330959e-01,-7.079152075884410422e+00,1.059500385321374694e+01,1.332585177732933701e+01
3.000281079776690341e+00,6.755288154815330959e-01,-6.974256792885472400e+00,1.048952829989380220e+01,1.332527150700833118e+01
2.965667512594411637e+00,6.755288154815330959e-01,-6.870416091338634956e+00,1.038407015468374439e+01,1.332365406334510993e+01
2.931405310818467225e+00,6.755288154815330959e-01,-6.767629486010801720e+00,1.027866053278332359e+01,1.332103104677252148e+01
2.897494212147200265e+00,6.755288154815330959e-01,-6.665896189997002175e+00,1.017332960137995457e+01,1.331743341138295378e+01
2.863933856817071355e+00,6.755288154815330959e-01,-6.565215124006614111e+00,1.006810659903880634e+01,1.331289147503219183e+01
2.830723790634445791e+00,6.755288154815330959e-01,-6.465584925458738752e+00,9.963019854787535934e+00,1.330743492932879768e+01
2.797863467944753157e+00,6.755288154815330959e-01,-6.367003957389659519e+00,9.858096806907923337e+00,1.330109284951826432e+01
2.765352254540012211e+00,6.755288154815330959e-01,-6.269470317175438012e+00,9.753364021422150643e+00,1.329389370424671313e+01
2.733189430505695849e+00,6.755288154815330959e-01,-6.172981845072487594e+00,9.648847210295041776e+00,1.328586536522255557e+01
2.701374193007902047e+00,6.755288154815330959e-01,-6.077536132579106187e+00,9.544571249338140717e+00,1.327703511675903414e+01
2.669905659021783784e+00,6.755288154815330959e-01,-5.983130530620751841e+00,9.440560195835413282e+00,1.326742966521466194e+01
2.638782868002187421e+00,6.755288154815330959e-01,-5.889762157561962752e+00,9.336837305878908921e+00,1.325707514831694667e+01
2.608004784497422346e+00,6.755288154815330959e-01,-5.797427907047667972e+00,9.233425051429522412e+00,1.324599714438185494e+01
2.577570300707095807e+00,6.755288154815330959e-01,-5.706124455676688356e+00,9.130345137097961583e+00,1.323422068142127372e+01
2.547478238984911325e+00,6.755288154815330959e-01,-5.615848270510134910e+00,9.027618516655344649e+00,1.322177024614521024e+01
2.517727354287341068e+00,6.755288154815330959e-01,-5.526595616417424139e+00,8.925265409271077033e+00,1.320866979285365339e+01
2.488316336569056375e+00,6.755288154815330959e-01,-5.438362563262569616e+00,8.823305315485407974e+00,1.319494275222283974e+01
2.459243813125993938e+00,6.755288154815330959e-01,-5.351144992933382305e+00,8.721757032918731056e+00,1.318061203998534836e+01
2.430508350886929847e+00,6.755288154815330959e-01,-5.264938606216190031e+00,8.620638671719227375e+00,1.316570006550303873e+01
2.402108458654416356e+00,6.755288154815330959e-01,-5.179738929518650004e+00,8.519967669754047179e+00,1.315022874023539856e+01
2.374042589295926486e+00,6.755288154815330959e-01,-5.095541321443180394e+00,8.419760807546960990e+00,1.313421948610378109e+01
2.346309141886046667e+00,6.755288154815330959e-01,-5.012340979213540493e+00,8.320034222963945680e+00,1.311769324375040568e+01
2.318906463800542106e+00,6.755288154815330959e-01,-4.930132944957026808e+00,8.220803425651368457e+00,1.310067048069434215e+01
2.291832852763107109e+00,6.755288154815330959e-01,-4.848912111844722261e+00,8.122083311230499092e+00,1.308317119938577733e+01
2.265086558845610387e+00,6.755288154815330959e-01,-4.768673230092232096e+00,8.023888175249016541e+00,1.306521494515678583e+01
2.238665786422629367e+00,6.755288154815330959e-01,-4.689410912823288591e+00,7.926231726894306107e+00,1.304682081407101890e+01
2.212568696081055553e+00,6.755288154815330959e-01,-4.611119641798567592e+00,7.829127102472144273e+00,1.302800746067357807e+01
2.186793406485548985e+00,6.755288154815330959e-01,-4.533793773012047446e+00,7.732586878651970252e+00,1.300879310563992419e+01
2.161337996200606515e+00,6.755288154815330959e-01,-4.457427542157220479e+00,7.636623085482741047e+00,1.298919554332552195e+01
2.136200505469996624e+00,6.755288154815330959e-01,-4.382015069965390808e+00,7.541247219182967143e+00,1.296923214921757683e+01
2.111378937954308643e+00,6.755288154815330959e-01,-4.307550367418326864e+00,7.446470254706394343e+00,1.294891988728806709e+01
2.086871262427349105e+00,6.755288154815330959e-01,-4.234027340837448250e+00,7.352302658087861431e+00,1.292827531725041368e+01
2.062675414432114884e+00,6.755288154815330959e-01,-4.161439796851745143e+00,7.258754398570266275e+00,1.290731460171852163e+01
2.038789297897052322e+00,6.755288154815330959e-01,-4.089781447246557455e+00,7.165834960518768781e+00,1.288605351327221271e+01
2.015210786713316882e+00,6.755288154815330959e-01,-4.019045913695351580e+00,7.073553355120631991e+00,1.286450744142528180e+01
1.991937726273724119e+00,6.755288154815330959e-01,-3.949226732376573068e+00,6.981918131877828948e+00,1.284269139950125549e+01
1.968967934974081624e+00,6.755288154815330959e-01,-3.880317358477645584e+00,6.890937389892748399e+00,1.282062003141510331e+01
1.946299205677580524e+00,6.755288154815330959e-01,-3.812311170588142062e+00,6.800618788950330007e+00,1.279830761836218755e+01
1.923929307142915768e+00,6.755288154815330959e-01,-3.745201474984147794e+00,6.710969560399426825e+00,1.277576808541527953e+01
1.901855985416792461e+00,6.755288154815330959e-01,-3.678981509805778316e+00,6.621996517836992169e+00,1.275301500803121435e+01
1.880076965191472160e+00,6.755288154815330959e-01,-3.613644449129817193e+00,6.533706067596090072e+00,1.273006161846627293e+01
1.858589951127998630e+00,6.755288154815330959e-01,-3.549183406939396601e+00,6.446104219042059214e+00,1.270692081210266267e+01
1.837392629145735423e+00,6.755288154815330959e-01,-3.485591440992607204e+00,6.359196594678961922e+00,1.268360515368635433e+01
1.816482667678840812e+00,6.755288154815330959e-01,-3.422861556591922927e+00,6.272988440068383298e+00,1.266012688347646176e+01
1.795857718900293776e+00,6.755288154815330959e-01,-3.360986710256281818e+00,6.187484633564110936e+00,1.263649792330782873e+01
1.775515419914077464e+00,6.755288154815330959e-01,-3.299959813297633104e+00,6.102689695864893515e+00,1.261272988256726180e+01
1.755453393916117877e+00,6.755288154815330959e-01,-3.239773735303754343e+00,6.018607799387876156e+00,1.258883406408412142e+01
1.735669251324566842e+00,6.755288154815330959e-01,-3.180421307529101238e+00,5.935242777465310482e+00,1.256482146993620930e+01
1.716160590880009273e+00,6.755288154815330959e-01,-3.121895326195428311e+00,5.852598133367270528e+00,1.254070280717184360e+01
1.696925000716168919e+00,6.755288154815330959e-01,-3.064188555703907468e+00,5.770677049152106441e+00,1.251648849344820036e+01
1.677960059401673476e+00,6.755288154815330959e-01,-3.007293731760420918e+00,5.689482394348632788e+00,1.249218866258821237e+01
1.659263336953436863e+00,6.755288154815330959e-01,-2.951203564415711078e+00,5.609016734470984034e+00,1.246781317005527256e+01
1.640832395822205747e+00,6.755288154815330959e-01,-2.895910741022017731e+00,5.529282339369334665e+00,1.244337159834731743e+01
1.622664791850809252e+00,6.755288154815330959e-01,-2.841407929107828245e+00,5.450281191418948623e+00,1.241887326231111999e+01
1.604758075205644063e+00,6.755288154815330959e-01,-2.787687779172332903e+00,5.372014993549556472e+00,1.239432721437722407e+01
1.587109791281916538e+00,6.755288154815330959e-01,-2.734742927401150325e+00,5.294485177118257724e+00,1.236974224971710790e+01
1.569717481583160712e+00,6.755288154815330959e-01,-2.682565998304882626e+00,5.217692909626747699e+00,1.234512691132186646e+01
1.552578684575537160e+00,6.755288154815330959e-01,-2.631149607282011971e+00,5.141639102287065555e+00,1.232048949500505408e+01
1.535690936517414062e+00,6.755288154815330959e-01,-2.580486363107643122e+00,5.066324417436929295e+00,1.229583805432928756e+01
1.519051772264723876e+00,6.755288154815330959e-01,-2.530568870349572563e+00,4.991749275807055852e+00,1.227118040545748379e+01
1.502658726052579441e+00,6.755288154815330959e-01,-2.481389731713139035e+00,4.917913863643330608e+00,1.224652413193019207e+01
1.486509332253628024e+00,6.755288154815330959e-01,-2.432941550316284562e+00,4.844818139685425074e+00,1.222187658936914190e+01
1.470601126113613377e+00,6.755288154815330959e-01,-2.385216931896240844e+00,4.772461842004394050e+00,1.219724491010815370e+01
1.454931644464609652e+00,6.755288154815330959e-01,-2.338208486949229670e+00,4.700844494701117426e+00,1.217263600775188870e+01
1.439498426416381038e+00,6.755288154815330959e-01,-2.291908832804543827e+00,4.629965414468584228e+00,1.214805658166404001e+01
1.424299014026318977e+00,6.755288154815330959e-01,-2.246310595634357643e+00,4.559823717018618439e+00,1.212351312138426174e+01
1.409330952948395277e+00,6.755288154815330959e-01,-2.201406412400586543e+00,4.490418323377109999e+00,1.209901191097652351e+01
1.394591793061569218e+00,6.755288154815330959e-01,-2.157188932740108367e+00,4.421747966047817613e+00,1.207455903330770930e+01
1.380079089078073862e+00,6.755288154815330959e-01,-2.113650820789622298e+00,4.353811195048606919e+00,1.205016037425898467e+01
1.365790401132004561e+00,6.755288154815330959e-01,-2.070784756951414174e+00,4.286606383820790178e+00,1.202582162686937650e+01
1.351723295348622012e+00,6.755288154815330959e-01,-2.028583439601266747e+00,4.220131735014764907e+00,1.200154829541349955e+01
1.337875344394780841e+00,6.755288154815330959e-01,-1.987039586739743235e+00,4.154385286152351142e+00,1.197734569941260929e+01
1.324244128010880983e+00,6.755288154815330959e-01,-1.946145937588043662e+00,4.089364915169957371e+00,1.195321897758191376e+01
1.310827233524739288e+00,6.755288154815330959e-01,-1.905895254129618577e+00,4.025068345842508499e+00,1.192917309171289020e+01
1.297622256347768843e+00,6.755288154815330959e-01,-1.866280322598707242e+00,3.961493153091133479e+00,1.190521283049242740e+01
1.284626800453847695e+00,6.755288154815330959e-01,-1.827293954916943797e+00,3.898636768176344525e+00,1.188134281325940123e+01
1.271838478841252451e+00,6.755288154815330959e-01,-1.788928990079158066e+00,3.836496483778573108e+00,1.185756749369941510e+01
1.259254913978027135e+00,6.755288154815330959e-01,-1.751178295489482117e+00,3.775069458967594827e+00,1.183389116347811409e+01
1.246873738231149664e+00,6.755288154815330959e-01,-1.714034768248849705e+00,3.714352724063241240e+00,1.181031795581439248e+01
1.234692594279853672e+00,6.755288154815330959e-01,-1.677491336394961730e+00,3.654343185388797544e+00,1.178685184899383565e+01
1.222709135513457168e+00,6.755288154815330959e-01,-1.641540960095772217e+00,3.595037629918951261e+00,1.176349666982317999e+01
1.210921026414042867e+00,6.755288154815330959e-01,-1.606176632797529313e+00,3.536432729824290355e+00,1.174025609702676221e+01
1.199325942924331256e+00,6.755288154815330959e-01,-1.571391382328394482e+00,3.478525046913483187e+00,1.171713366458508965e+01
1.187921572801078129e+00,6.755288154815330959e-01,-1.537178271958635101e+00,3.421311036975938080e+00,1.169413276501730437e+01
1.176705615954326767e+00,6.755288154815330959e-01,-1.503530401418381013e+00,3.364787054025408786e+00,1.167125665260702760e+01
1.165675784772836066e+00,6.755288154815330959e-01,-1.470440907873908909e+00,3.308949354447210389e+00,1.164850844657330242e+01
1.154829804436002805e+00,6.755288154815330959e-01,-1.437902966863409127e+00,3.253794101049978238e+00,1.162589113418657050e+01
1.144165413212588023e+00,6.755288154815330959e-01,-1.405909793193164781e+00,3.199317367024434589e+00,1.160340757383126942e+01
1.133680362746556369e+00,6.755288154815330959e-01,-1.374454641795069820e+00,3.145515139809496041e+00,1.158106049801442694e+01
1.123372418330326195e+00,6.755288154815330959e-01,-1.343530808546379296e+00,3.092383324869052430e+00,1.155885251632267341e+01
1.113239359165728359e+00,6.755288154815330959e-01,-1.313131631052585790e+00,3.039917749379350553e+00,1.153678611832676459e+01
1.103278978612963090e+00,6.755288154815330959e-01,-1.283250489394289984e+00,2.988114165829580671e+00,1.151486367643529185e+01
1.093489084427841540e+00,6.755288154815330959e-01,-1.253880806838925333e+00,2.936968255536465122e+00,1.149308744869754051e+01
1.083867498987589606e+00,6.755288154815330959e-01,-1.225016050518169530e+00,2.886475632075580222e+00,1.147145958155741141e+01
1.074412059505493566e+00,6.755288154815330959e-01,-1.196649732071881411e+00,2.836631844628811905e+00,1.144998211255693121e+01
1.065120618234653094e+00,6.755288154815330959e-01,-1.168775408259359994e+00,2.787432381252141766e+00,1.142865697299278160e+01
1.055991042661111878e+00,6.755288154815330959e-01,-1.141386681538736347e+00,2.738872672062364622e+00,1.140748599052362877e+01
1.047021215686622986e+00,6.755288154815330959e-01,-1.114477200615269670e+00,2.690948092346667764e+00,1.138647089173139904e+01
1.038209035801307412e+00,6.755288154815330959e-01,-1.088040660959322947e+00,2.643653965594672250e+00,1.136561330463534958e+01
1.029552417246455187e+00,6.755288154815330959e-01,-1.062070805294766274e+00,2.596985566455667360e+00,1.134491476116090070e+01
1.021049290167719059e+00,6.755288154815330959e-01,-1.036561424058557890e+00,2.550938123620838383e+00,1.132437669956228099e+01
1.012697600758939220e+00,6.755288154815330959e-01,-1.011506355832218373e+00,2.505506822633951636e+00,1.130400046680173354e+01
1.004495311396839563e+00,6.755288154815330959e-01,-9.868994877459194015e-01,2.460686808629897193e+00,1.128378732088397740e+01
9.964404007668282715e-01,6.755288154815330959e-01,-9.627347558558855267e-01,2.416473189003387478e+00,1.126373843314750189e+01
9.885308639801317909e-01,6.755288154815330959e-01,-9.390061454957960851e-01,2.372861036008944158e+00,1.124385489051314835e+01
9.807647126824866612e-01,6.755288154815330959e-01,-9.157076916028606961e-01,2.329845389293538904e+00,1.122413769769067926e+01
9.731399751546105925e-01,6.755288154815330959e-01,-8.928334790192324899e-01,2.287421258362820620e+00,1.120458777934358885e+01
9.656546964046688331e-01,6.755288154815330959e-01,-8.703776427694072115e-01,2.245583624982527837e+00,1.118520598221312135e+01
9.583069382529484370e-01,6.755288154815330959e-01,-8.483343683142460234e-01,2.204327445516118811e+00,1.116599307720187362e+01
9.510947794089481544e-01,6.755288154815330959e-01,-8.266978917822451756e-01,2.163647653200084786e+00,1.114694976141784011e+01
9.440163155410896678e-01,6.755288154815330959e-01,-8.054625001786697158e-01,2.123539160357545974e+00,1.112807666017887698e+01
9.370696593392491280e-01,6.755288154815330959e-01,-7.846225315731480965e-01,2.083996860552161934e+00,1.110937432897901367e+01
9.302529405703064969e-01,6.755288154815330959e-01,-7.641723752663202029e-01,2.045015630682789354e+00,1.109084325541646976e+01
9.235643061269054321e-01,6.755288154815330959e-01,-7.441064719361170088e-01,2.006590333020319417e+00,1.107248386108420313e+01
9.170019200696127859e-01,6.755288154815330959e-01,-7.244193137642390701e-01,1.968715817187793871e+00,1.105429650342355430e+01
9.105639636626625677e-01,6.755288154815330959e-01,-7.051054445433884155e-01,1.931386922085065461e+00,1.103628147754167799e+01
9.042486354034664497e-01,6.755288154815330959e-01,-6.861594597658000616e-01,1.894598477758835386e+00,1.101843901799303538e+01
8.980541510460696708e-01,6.755288154815330959e-01,-6.675760066936097248e-01,1.858345307219033682e+00,1.100076930052542501e+01
8.919787436187254226e-01,6.755288154815330959e-01,-6.493497844115769801e-01,1.822622228203274464e+00,1.098327244379169798e+01
8.860206634357603583e-01,6.755288154815330959e-01,-6.314755438626817874e-01,1.787424054889519276e+00,1.096594851102683776e+01
8.801781781038979791e-01,6.755288154815330959e-01,-6.139480878670946495e-01,1.752745599558713785e+00,1.094879751169161963e+01
8.744495725232047656e-01,6.755288154815330959e-01,-5.967622711250150092e-01,1.718581674207964038e+00,1.093181940308294919e+01
8.688331488828198168e-01,6.755288154815330959e-01,-5.799130002038601628e-01,1.684927092115484637e+00,1.091501409191162431e+01
8.633272266516260895e-01,6.755288154815330959e-01,-5.633952335102789810e-01,1.651776669358118177e+00,1.089838143584784014e+01
8.579301425640171175e-01,6.755288154815330959e-01,-5.472039812474520648e-01,1.619125226282691621e+00,1.088192124503524028e+01
8.526402506009116422e-01,6.755288154815330959e-01,-5.313343053581356390e-01,1.586967588931642581e+00,1.086563328357350677e+01
8.474559219661634835e-01,6.755288154815330959e-01,-5.157813194538911628e-01,1.555298590424447625e+00,1.084951727097055674e+01
8.423755450585124205e-01,6.755288154815330959e-01,-5.005401887309379738e-01,1.524113072295318894e+00,1.083357288356438097e+01
8.373975254392177492e-01,6.755288154815330959e-01,-4.856061298730539599e-01,1.493405885788401388e+00,1.081779975591534892e+01
8.325202857955146252e-01,6.755288154815330959e-01,-4.709744109419445879e-01,1.463171893110937205e+00,1.080219748216899234e+01
8.277422659000284177e-01,6.755288154815330959e-01,-4.566403512554859656e-01,1.433405968645862227e+00,1.078676561739037609e+01
8.230619225662813010e-01,6.755288154815330959e-01,-4.425993212542446154e-01,1.404103000124135026e+00,1.077150367886989102e+01
8.184777296004211999e-01,6.755288154815330959e-01,-4.288467423566643122e-01,1.375257889758030316e+00,1.075641114740136572e+01
8.139881777493012116e-01,6.755288154815330959e-01,-4.153780868033043472e-01,1.346865555335996500e+00,1.074148746853269287e+01
8.095917746450345120e-01,6.755288154815330959e-01,-4.021888774905042485e-01,1.318920931280009867e+00,1.072673205378950634e+01
8.052870447461467629e-01,6.755288154815330959e-01,-3.892746877938410011e-01,1.291418969666324745e+00,1.071214428187248480e+01
8.010725292754462545e-01,6.755288154815330959e-01,-3.766311413817394760e-01,1.264354641210152508e+00,1.069772349982841320e+01
7.969467861547285814e-01,6.755288154815330959e-01,-3.642539120195864566e-01,1.237722936215301939e+00,1.068346902419571620e+01
7.929083899364304244e-01,6.755288154815330959e-01,-3.521387233646919857e-01,1.211518865489447094e+00,1.066938014212475494e+01
7.889559317323447951e-01,6.755288154815330959e-01,-3.402813487524350977e-01,1.185737461225688794e+00,1.065545611247325475e+01
7.850880191395064323e-01,6.755288154815330959e-01,-3.286776109739200091e-01,1.160373777851508859e+00,1.064169616687758868e+01
7.813032761633558199e-01,6.755288154815330959e-01,-3.173233820454681720e-01,1.135422892845183718e+00,1.062809951079971604e+01
7.776003431382851883e-01,6.755288154815330959e-01,-3.062145829702562772e-01,1.110879907521189480e+00,1.061466532455093414e+01
7.739778766456696379e-01,6.755288154815330959e-01,-2.953471834924096262e-01,1.086739947784665095e+00,1.060139276429225674e+01
7.704345494294833063e-01,6.755288154815330959e-01,-2.847172018438506313e-01,1.062998164855899486e+00,1.058828096301204980e+01
7.669690503095982770e-01,6.755288154815330959e-01,-2.743207044841955433e-01,1.039649735965508803e+00,1.057532903148131354e+01
7.635800840928613775e-01,6.755288154815330959e-01,-2.641538058339848449e-01,1.016689865021069838e+00,1.056253605918708516e+01
7.602663714820431240e-01,6.755288154815330959e-01,-2.542126680015300844e-01,9.941137832454760570e-01,1.054990111524394614e+01
7.570266489827492951e-01,6.755288154815330959e-01,-2.444935005036485975e-01,9.719167497881486817e-01,1.053742324928450103e+01
7.538596688083838426e-01,6.755288154815330959e-01,-2.349925599805522403e-01,9.500940523096357282e-01,1.052510149232908354e+01
7.507641987832514019e-01,6.755288154815330959e-01,-2.257061499051549180e-01,9.286410075397322217e-01,1.051293485763457802e+01
7.477390222438823342e-01,6.755288154815330959e-01,-2.166306202870477149e-01,9.075529618107203156e-01,1.050092234152367254e+01
7.447829379386656790e-01,6.755288154815330959e-01,-2.077623673713977492e-01,8.868252915649965651e-01,1.048906292419359865e+01
7.418947599258683967e-01,6.755288154815330959e-01,-1.990978333330059025e-01,8.664534038391846771e-01,1.047735557050617849e+01
7.390733174701217267e-01,6.755288154815330959e-01,-1.906335059657658926e-01,8.464327367240009892e-01,1.046579923075823615e+01
7.363174549374508215e-01,6.755288154815330959e-01,-1.823659183677531770e-01,8.267587598012715588e-01,1.045439284143351877e+01
7.336260316889232636e-01,6.755288154815330959e-01,-1.742916486221705030e-01,8.074269745582673963e-01,1.044313532593609750e+01
7.309979219729894062e-01,6.755288154815330959e-01,-1.664073194743689310e-01,7.884329147801572013e-01,1.043202559530578810e+01
7.284320148165860376e-01,6.755288154815330959e-01,-1.587095980051588251e-01,7.697721469210105916e-01,1.042106254891585237e+01
7.259272139150743097e-01,6.755288154815330959e-01,-1.511951953006236415e-01,7.514402704535183553e-01,1.041024507515289521e+01
7.234824375210778813e-01,6.755288154815330959e-01,-1.438608661186343562e-01,7.334329181989285296e-01,1.039957205208029478e+01
7.210966183322894407e-01,6.755288154815330959e-01,-1.367034085522690345e-01,7.157457566365321711e-01,1.038904234808426352e+01
7.187687033783094481e-01,6.755288154815330959e-01,-1.297196636903290567e-01,6.983744861939977788e-01,1.037865482250366966e+01
7.164976539065798233e-01,6.755288154815330959e-01,-1.229065152751401824e-01,6.813148415188874374e-01,1.036840832624374720e+01
7.142824452674745306e-01,6.755288154815330959e-01,-1.162608893578243041e-01,6.645625917315878262e-01,1.035830170237376358e+01
7.121220667986066788e-01,6.755288154815330959e-01,-1.097797539512207488e-01,6.481135406603555360e-01,1.034833378670913540e+01
7.100155217084097581e-01,6.755288154815330959e-01,-1.034601186806299866e-01,6.319635270590762133e-01,1.033850340837844684e+01
7.079618269590506330e-01,6.755288154815330959e-01,-9.729903443255261131e-02,6.161084248077375314e-01,1.032880939037518608e+01
7.059600131487290264e-01,6.755288154815330959e-01,-9.129359300158779167e-02,6.005441430964819638e-01,1.031925055009489434e+01
7.040091243934168963e-01,6.755288154815330959e-01,-8.544092673565140128e-02,5.852666265936390388e-01,1.030982569985798847e+01
7.021082182080905509e-01,6.755288154815330959e-01,-7.973820817967236518e-02,5.702718555979036097e-01,1.030053364741823252e+01
7.002563653875060190e-01,6.755288154815330959e-01,-7.418264971791876938e-02,5.555558461753595800e-01,1.029137319645744064e+01
6.984526498865673005e-01,6.755288154815330959e-01,-6.877150321510261399e-02,5.411146502816155390e-01,1.028234314706651276e+01
6.966961687003352388e-01,6.755288154815330959e-01,-6.350205965640642880e-02,5.269443558696185193e-01,1.027344229621321325e+01
6.949860317437244195e-01,6.755288154815330959e-01,-5.837164878657397082e-02,5.130410869832457976e-01,1.026466943819667321e+01
6.933213617309332832e-01,6.755288154815330959e-01,-5.337763874820056209e-02,4.994010038373408733e-01,1.025602336508914014e+01
6.917012940546510835e-01,6.755288154815330959e-01,-4.851743571935396293e-02,4.860203028846599160e-01,1.024750286716530567e+01
6.901249766650854323e-01,6.755288154815330959e-01,-4.378848355065700915e-02,4.728952168696953784e-01,1.023910673331903887e+01
6.885915699488516228e-01,6.755288154815330959e-01,-3.918826340195558089e-02,4.600220148701428258e-01,1.023083375146818774e+01
6.871002466077646975e-01,6.755288154815330959e-01,-3.471429337869480491e-02,4.473970023260775974e-01,1.022268270894738329e+01
6.856501915375724510e-01,6.755288154815330959e-01,-3.036412816811806525e-02,4.350165210576739661e-01,1.021465239288955651e+01
6.842406017066692270e-01,6.755288154815330959e-01,-2.613535867540839330e-02,4.228769492709671951e-01,1.020674159059555919e+01
6.828706860348255914e-01,6.755288154815330959e-01,-2.202561165987748648e-02,4.109747015530906822e-01,1.019894908989321358e+01
6.815396652719711845e-01,6.755288154815330959e-01,-1.803254937131426594e-02,3.993062288563220541e-01,1.019127367948500762e+01
6.802467718770652816e-01,6.755288154815330959e-01,-1.415386918659655713e-02,3.878680184717708812e-01,1.018371414928517460e+01
6.789912498970879229e-01,6.755288154815330959e-01,-1.038730324666448102e-02,3.766565939932076112e-01,1.017626929074654285e+01
6.777723548461852543e-01,6.755288154815330959e-01,-6.730618093956475256e-03,3.656685152708005759e-01,1.016893789717684449e+01
6.765893535850002749e-01,6.755288154815330959e-01,-3.181614310401537082e-03,3.549003783554938174e-01,1.016171876404509256e+01
6.754415242002197450e-01,6.755288154815330959e-01,2.618738439400525309e-04,3.443488154341589613e-01,1.015461068927809940e+01
6.743281558843670087e-01,6.755288154815330959e-01,3.601978791498261501e-03,3.340104947558208970e-01,1.014761247354731921e+01
6.732485488158690412e-01,6.755288154815330959e-01,6.840799996992164012e-03,3.238821205493902511e-01,1.014072292054638247e+01
6.722020140394256993e-01,6.755288154815330959e-01,9.980404326322189767e-03,3.139604329330025756e-01,1.013394083725932582e+01
6.711878733467082636e-01,6.755288154815330959e-01,1.302282640447449680e-02,3.042422078152307030e-01,1.012726503421970570e+01
6.702054591574128084e-01,6.755288154815330959e-01,1.597006897236086242e-02,2.947242567886365627e-01,1.012069432576099715e+01
6.692541144006934895e-01,6.755288154815330959e-01,1.882410324251881928e-02,2.854034270157956854e-01,1.011422753025831511e+01
6.683331923969999533e-01,6.755288154815330959e-01,2.158686925359942776e-02,2.762766011080608486e-01,1.010786347036166077e+01
6.674420567403426263e-01,6.755288154815330959e-01,2.426027622357140867e-02,2.673406969971980907e-01,1.010160097322076922e+01
6.665800811810074222e-01,6.755288154815330959e-01,2.684620290157702094e-02,2.585926678005612267e-01,1.009543887070213941e+01
6.657466495087424052e-01,6.755288154815330959e-01,2.934649791837207200e-02,2.500295016795051062e-01,1.008937599959787690e+01
6.649411554364371701e-01,6.755288154815330959e-01,3.176298013528777719e-02,2.416482216915705195e-01,1.008341120182685913e+01
6.641630024843145907e-01,6.755288154815330959e-01,3.409743899165551539e-02,2.334458856367738200e-01,1.007754332462842939e+01
6.634116038646549196e-01,6.755288154815330959e-01,3.635163485063452882e-02,2.254195858979013423e-01,1.007177122074853592e+01
6.626863823670701148e-01,6.755288154815330959e-01,3.852729934338894324e-02,2.175664492754414425e-01,1.006609374861883133e+01
6.619867702443471558e-01,6.755288154815330959e-01,4.062613571155782033e-02,2.098836368168877087e-01,1.006050977252844625e+01
6.613122090988770019e-01,6.755288154815330959e-01,4.264981914796828200e-02,2.023683436410461667e-01,1.005501816278901472e+01
6.606621497696857359e-01,6.755288154815330959e-01,4.459999713554207990e-02,1.950177987573797900e-01,1.004961779589292270e+01
6.600360522200837687e-01,6.755288154815330959e-01,4.647828978434798142e-02,1.878292648805901521e-01,1.004430755466493785e+01
6.594333854259483152e-01,6.755288154815330959e-01,4.828629016675434205e-02,1.808000382406360629e-01,1.003908632840739124e+01
6.588536272646535741e-01,6.755288154815330959e-01,5.002556465063856539e-02,1.739274483884223343e-01,1.003395301303906173e+01
6.582962644046628231e-01,6.755288154815330959e-01,5.169765323061081830e-02,1.672088579972252909e-01,1.002890651122783616e+01
6.577607921957947523e-01,6.755288154815330959e-01,5.330406985721503066e-02,1.606416626604212361e-01,1.002394573251763710e+01
6.572467145601784688e-01,6.755288154815330959e-01,5.484630276406388116e-02,1.542232906848850504e-01,1.001906959344894865e+01
6.567535438839071649e-01,6.755288154815330959e-01,5.632581479287779302e-02,1.479512028813911861e-01,1.001427701767426903e+01
6.562808009094032169e-01,6.755288154815330959e-01,5.774404371638963696e-02,1.418228923511843931e-01,1.000956693606757497e+01
6.558280146285060397e-01,6.755288154815330959e-01,5.910240255908116858e-02,1.358358842691531621e-01,1.000493828682823505e+01
6.553947221762916886e-01,6.755288154815330959e-01,6.040227991572422184e-02,1.299877356643053261e-01,1.000039001558003093e+01
6.549804687256353120e-01,6.755288154815330959e-01,6.164504026769335177e-02,1.242760351969129928e-01,9.995921075464606176e+00
6.545848073825254465e-01,6.755288154815330959e-01,6.283202429702294811e-02,1.186984029329596346e-01,9.991530427229983857e+00
6.542072990821385936e-01,6.755288154815330959e-01,6.396454919818350682e-02,1.132524901160558706e-01,9.987217039314240097e+00
6.538475124856831799e-01,6.755288154815330959e-01,6.504390898754974781e-02,1.079359789366240996e-01,9.982979887924173568e+00
6.535050238780201193e-01,6.755288154815330959e-01,6.607137481053892980e-02,1.027465822989181987e-01,9.978817957109457737e+00
6.531794170660679688e-01,6.755288154815330959e-01,6.704819524639538120e-02,9.768204358564513967e-02,9.974730238832041351e+00
6.528702832779991194e-01,6.755288154815330959e-01,6.797559661060192937e-02,9.274013642065481733e-02,9.970715733031257244e+00
6.525772210632333481e-01,6.755288154815330959e-01,6.885478325489924334e-02,8.791866442973139684e-02,9.966773447684630582e+00
6.522998361932360600e-01,6.755288154815330959e-01,6.968693786489110753e-02,8.321546099918641914e-02,9.962902398864077469e+00
6.520377415631251061e-01,6.755288154815330959e-01,7.047322175522396925e-02,7.862838903328617235e-02,9.959101610788509973e+00
6.517905570940930593e-01,6.755288154815330959e-01,7.121477516232010974e-02,7.415534070961404822e-02,9.955370115871934544e+00
6.515579096366481693e-01,6.755288154815330959e-01,7.191271753465477978e-02,6.979423723346700470e-02,9.951706954768122060e+00
6.513394328746801021e-01,6.755288154815330959e-01,7.256814782055898139e-02,6.554302859042016038e-02,9.948111176410979084e+00
6.511347672303531287e-01,6.755288154815330959e-01,7.318214475353990167e-02,6.139969329809202847e-02,9.944581838051632872e+00
6.509435597698313147e-01,6.755288154815330959e-01,7.375576713510534343e-02,5.736223815654417635e-02,9.941118005291649240e+00
6.507654641098387094e-01,6.755288154815330959e-01,7.429005411508315948e-02,5.342869799778160456e-02,9.937718752112864706e+00
6.506001403250574189e-01,6.755288154815330959e-01,7.478602546942703100e-02,4.959713543438715178e-02,9.934383160903815124e+00
6.504472548563664525e-01,6.755288154815330959e-01,7.524468187549993026e-02,4.586564060728992587e-02,9.931110322482791020e+00
6.503064804199237825e-01,6.755288154815330959e-01,7.566700518482794013e-02,4.223233093280098771e-02,9.927899336117629758e+00
6.501774959170928403e-01,6.755288154815330959e-01,7.605395869332076675e-02,3.869535084928266144e-02,9.924749309542603370e+00
6.500599863452162230e-01,6.755288154815330959e-01,7.640648740895061852e-02,3.525287156298517743e-02,9.921659358971936626e+00
6.499536427092367230e-01,6.755288154815330959e-01,7.672551831688911861e-02,3.190309079385000857e-02,9.918628609110740513e+00
6.498581619341683435e-01,6.755288154815330959e-01,7.701196064209425707e-02,2.864423252051384594e-02,9.915656193162607934e+00
6.497732467784161914e-01,6.755288154815330959e-01,7.726670610935071348e-02,2.547454672564564149e-02,9.912741252834996075e+00
6.496986057479475773e-01,6.755288154815330959e-01,7.749062920075655558e-02,2.239230914058421007e-02,9.909882938341342040e+00
6.496339530113131033e-01,6.755288154815330959e-01,7.768458741065997764e-02,1.939582099034220519e-02,9.907080408401002458e+00
6.495790083155187356e-01,6.755288154815330959e-01,7.784942149804308098e-02,1.648340873831033448e-02,9.904332830236354468e+00
6.495334969027479755e-01,6.755288154815330959e-01,7.798595573635536127e-02,1.365342383122802872e-02,9.901639379567583887e+00
6.494971494279340174e-01,6.755288154815330959e-01,7.809499816079723544e-02,1.090424244418741750e-02,9.898999240604984706e+00
6.494697018771805608e-01,6.755288154815330959e-01,7.817734081305760530e-02,8.234265226036985297e-03,9.896411606039094977e+00
6.494508954870309436e-01,6.755288154815330959e-01,7.823375998350645677e-02,5.641917044885147448e-03,9.893875677028391991e+00
6.494404766645841542e-01,6.755288154815330959e-01,7.826501645084682490e-02,3.125646734036813257e-03,9.891390663184884247e+00
6.494381969084559447e-01,6.755288154815330959e-01,7.827185571923145346e-02,6.839268384628560682e-04,9.888955782557694363e+00
6.494438127305834918e-01,6.755288154815330959e-01,7.825500825284881223e-02,-1.684746638264122964e-03,9.886570261614584965e+00
6.494570855788724950e-01,6.755288154815330959e-01,7.821518970798180259e-02,-3.981854486700964202e-03,9.884233335221281891e+00
6.494777817606836035e-01,6.755288154815330959e-01,7.815310116254847728e-02,-6.208854543332531506e-03,9.881944246619216443e+00
6.495056723671566168e-01,6.755288154815330959e-01,7.806942934312943727e-02,-8.367181941904000553e-03,9.879702247401226600e+00
6.495405331983697961e-01,6.755288154815330959e-01,7.796484684948989941e-02,-1.045824936395378657e-02,9.877506597485536943e+00
6.495821446893315088e-01,6.755288154815330959e-01,7.784001237660476136e-02,-1.248344728851380481e-02,9.875356565088091898e+00
6.496302918368019874e-01,6.755288154815330959e-01,7.769557093419332539e-02,-1.444414424114359718e-02,9.873251426693050448e+00
6.496847641269417606e-01,6.755288154815330959e-01,7.753215406377400587e-02,-1.634168704193195154e-02,9.871190467021841997e+00
6.497453554637837581e-01,6.755288154815330959e-01,7.735038005324801347e-02,-1.817740105259924022e-02,9.869172979000648382e+00
6.498118640985258709e-01,6.755288154815330959e-01,7.715085414902167482e-02,-1.995259042263386462e-02,9.867198263726388419e+00
6.498840925596405249e-01,6.755288154815330959e-01,7.693416876567771290e-02,-2.166853833439619237e-02,9.865265630431281352e+00
6.499618475837983800e-01,6.755288154815330959e-01,7.670090369320414769e-02,-2.332650724735652048e-02,9.863374396445848902e+00
6.500449400476008277e-01,6.755288154815330959e-01,7.645162630179680452e-02,-2.492773914073431740e-02,9.861523887161062873e+00
6.501331849001193985e-01,6.755288154815330959e-01,7.618689174424109201e-02,-2.647345575557125130e-02,9.859713435988670227e+00
6.502264010962367502e-01,6.755288154815330959e-01,7.590724315588903703e-02,-2.796485883520549720e-02,9.857942384320683260e+00
6.503244115307862394e-01,6.755288154815330959e-01,7.561321185224056940e-02,-2.940313036484676346e-02,9.856210081487393637e+00
6.504270429734844150e-01,6.755288154815330959e-01,7.530531752414604263e-02,-3.078943280945267702e-02,9.854515884714693641e+00
6.505341260046541008e-01,6.755288154815330959e-01,7.498406843063698535e-02,-3.212490935090572819e-02,9.852859159079731199e+00
6.506454949517317399e-01,6.755288154815330959e-01,7.464996158940406801e-02,-3.341068412329173398e-02,9.851239277466113720e+00
6.507609878265560033e-01,6.755288154815330959e-01,7.430348296493127780e-02,-3.464786244727902087e-02,9.849655620517653531e+00
6.508804462634319998e-01,6.755288154815330959e-01,7.394510765430328814e-02,-3.583753106279896627e-02,9.848107576591504042e+00
6.510037154579672025e-01,6.755288154815330959e-01,7.357530007069768008e-02,-3.698075836056080590e-02,9.846594541710137705e+00
6.511306441066734285e-01,6.755288154815330959e-01,7.319451412457900208e-02,-3.807859461186779981e-02,9.845115919512711145e+00
6.512610843473308764e-01,6.755288154815330959e-01,7.280319340260665850e-02,-3.913207219723435770e-02,9.843671121205373353e+00
6.513948917001088912e-01,6.755288154815330959e-01,7.240177134427261407e-02,-4.014220583340444293e-02,9.842259565510868669e+00
6.515319250094380177e-01,6.755288154815330959e-01,7.199067141628523459e-02,-4.110999279873794876e-02,9.840880678617548227e+00
6.516720463866287893e-01,6.755288154815330959e-01,7.157030728471291958e-02,-4.203641315723150029e-02,9.839533894127482583e+00
6.518151211532323686e-01,6.755288154815330959e-01,7.114108298490218196e-02,-4.292242998107376195e-02,9.838218653003828251e+00
6.519610177851363764e-01,6.755288154815330959e-01,7.070339308919015853e-02,-4.376898957120234357e-02,9.836934403517988201e+00
6.521096078573921373e-01,6.755288154815330959e-01,7.025762287242287574e-02,-4.457702167672827898e-02,9.835680601195695871e+00
6.522607659897674548e-01,6.755288154815330959e-01,6.980414847529692324e-02,-4.534743971259524997e-02,9.834456708762701282e+00
6.524143697930190333e-01,6.755288154815330959e-01,6.934333706554218768e-02,-4.608114097547355570e-02,9.833262196090069907e+00
6.525702998158796619e-01,6.755288154815330959e-01,6.887554699696030180e-02,-4.677900685818858761e-02,9.832096540138772767e+00
6.527284394927541644e-01,6.755288154815330959e-01,6.840112796633679437e-02,-4.744190306235074317e-02,9.830959224903986993e+00
6.528886750921190085e-01,6.755288154815330959e-01,6.792042116824226206e-02,-4.807067980945323171e-02,9.829849741358788862e+00
6.530508956656198016e-01,6.755288154815330959e-01,6.743375944773988273e-02,-4.866617205023793247e-02,9.828767587397502226e+00
6.532149929978603442e-01,6.755288154815330959e-01,6.694146745101825502e-02,-4.922919967216277115e-02,9.827712267778856869e+00
6.533808615568786893e-01,6.755288154815330959e-01,6.644386177396321980e-02,-4.976056770550352226e-02,9.826683294068459418e+00
6.535483984453038797e-01,6.755288154815330959e-01,6.594125110868764850e-02,-5.026106652755713000e-02,9.825680184581131016e+00
6.537175033521872569e-01,6.755288154815330959e-01,6.543393638803751688e-02,-5.073147206501316120e-02,9.824702464323024742e+00
6.538880785055029010e-01,6.755288154815330959e-01,6.492221092809058458e-02,-5.117254599469323040e-02,9.823749664933398407e+00
6.540600286253118734e-01,6.755288154815330959e-01,6.440636056866366754e-02,-5.158503594269170378e-02,9.822821324625971684e+00
6.542332608775834890e-01,6.755288154815330959e-01,6.388666381184882059e-02,-5.196967568148469496e-02,9.821916988130364956e+00
6.544076848286680681e-01,6.755288154815330959e-01,6.336339195859508333e-02,-5.232718532537372624e-02,9.821036206633221965e+00
6.545832124004160590e-01,6.755288154815330959e-01,6.283680924335111051e-02,-5.265827152439728209e-02,9.820178537718954104e+00
6.547597578259358730e-01,6.755288154815330959e-01,6.230717296679166850e-02,-5.296362765594420097e-02,9.819343545310847077e+00
6.549372376059867662e-01,6.755288154815330959e-01,6.177473362663898904e-02,-5.324393401526794634e-02,9.818530799611371762e+00
6.551155704659988865e-01,6.755288154815330959e-01,6.123973504660262801e-02,-5.349985800363610267e-02,9.817739877042967578e+00
6.552946773137152681e-01,6.755288154815330959e-01,6.070241450345348344e-02,-5.373205431491445694e-02,9.816970360188539857e+00
6.554744811974504426e-01,6.755288154815330959e-01,6.016300285224795985e-02,-5.394116512055235901e-02,9.816221837731696098e+00
6.556549072649587862e-01,6.755288154815330959e-01,5.962172464972292918e-02,-5.412782025250306717e-02,9.815493904397220248e+00
6.558358827229069377e-01,6.755288154815330959e-01,5.907879827587847466e-02,-5.429263738444545240e-02,9.814786160891433298e+00
6.560173367969441838e-01,6.755288154815330959e-01,5.853443605376673631e-02,-5.443622221117383475e-02,9.814098213842592955e+00
6.561992006923657028e-01,6.755288154815330959e-01,5.798884436750217919e-02,-5.455916862645571186e-02,9.813429675741046410e+00
6.563814075553613403e-01,6.755288154815330959e-01,5.744222377851526673e-02,-5.466205889869124590e-02,9.812780164879825406e+00
6.565638924348449201e-01,6.755288154815330959e-01,5.689476914006452724e-02,-5.474546384507394947e-02,9.812149305294990853e+00
6.567465922448579851e-01,6.755288154815330959e-01,5.634666971002533220e-02,-5.480994300391950347e-02,9.811536726706107103e+00
6.569294457275416388e-01,6.755288154815330959e-01,5.579810926197437126e-02,-5.485604480509609360e-02,9.810942064456877887e+00
6.571123934166710479e-01,6.755288154815330959e-01,5.524926619458614407e-02,-5.488430673882271904e-02,9.810364959455764478e+00
6.572953776017460559e-01,6.755288154815330959e-01,5.470031363936112001e-02,-5.489525552250240636e-02,9.809805058116859655e+00
6.574783422926326892e-01,6.755288154815330959e-01,5.415141956670121992e-02,-5.488940726599000897e-02,9.809262012300711930e+00
6.576612331847494497e-01,6.755288154815330959e-01,5.360274689035093854e-02,-5.486726763502813853e-02,9.808735479255323852e+00
6.578439976247917320e-01,6.755288154815330959e-01,5.305445357022409159e-02,-5.482933201268469503e-02,9.808225121557539339e+00
6.580265845769897037e-01,6.755288154815330959e-01,5.250669271363017643e-02,-5.477608565939151575e-02,9.807730607054239158e+00
6.582089445898930968e-01,6.755288154815330959e-01,5.195961267491999713e-02,-5.470800387101792950e-02,9.807251608803902343e+00
6.583910297636769160e-01,6.755288154815330959e-01,5.141335715356853964e-02,-5.462555213514574959e-02,9.806787805018423398e+00
6.585727937179626235e-01,6.755288154815330959e-01,5.086806529071141725e-02,-5.452918628571223891e-02,9.806338879005000564e+00
6.587541915601488052e-01,6.755288154815330959e-01,5.032387176415287211e-02,-5.441935265585451376e-02,9.805904519108299411e+00
6.589351798542457672e-01,6.755288154815330959e-01,4.978090688186198598e-02,-5.429648822908861305e-02,9.805484418652774536e+00
6.591157165902080672e-01,6.755288154815330959e-01,4.923929667397508592e-02,-5.416102078869000636e-02,9.805078275885286132e+00
6.592957611537588747e-01,6.755288154815330959e-01,4.869916298332266358e-02,-5.401336906524223380e-02,9.804685793918080705e+00
6.594752742967014969e-01,6.755288154815330959e-01,4.816062355449479693e-02,-5.385394288278666508e-02,9.804306680671707852e+00
6.596542181077112987e-01,6.755288154815330959e-01,4.762379212146539142e-02,-5.368314330294055026e-02,9.803940648818525005e+00
6.598325559836029086e-01,6.755288154815330959e-01,4.708877849379056180e-02,-5.350136276748296282e-02,9.803587415726308762e+00
6.600102526010671600e-01,6.755288154815330959e-01,4.655568864139780771e-02,-5.330898523927540822e-02,9.803246703402123785e+00
6.601872738888716619e-01,6.755288154815330959e-01,4.602462477798430207e-02,-5.310638634135056435e-02,9.802918238436634013e+00
6.603635870005197805e-01,6.755288154815330959e-01,4.549568544303994599e-02,-5.289393349443560766e-02,9.802601751948603948e+00
6.605391602873628143e-01,6.755288154815330959e-01,4.496896558251084475e-02,-5.267198605291012470e-02,9.802296979529600662e+00
6.607139632721588107e-01,6.755288154815330959e-01,4.444455662812285546e-02,-5.244089543879892901e-02,9.802003661189324646e+00
6.608879666230736971e-01,6.755288154815330959e-01,4.392254657537819629e-02,-5.220100527446591698e-02,9.801721541300912222e+00
6.610611421281187283e-01,6.755288154815330959e-01,4.340302006024310266e-02,-5.195265151350936250e-02,9.801450368546733571e+00
6.612334626700183682e-01,6.755288154815330959e-01,4.288605843454418309e-02,-5.169616256989195691e-02,9.801189895864652613e+00
6.614049022015044965e-01,6.755288154815330959e-01,4.237173984008579808e-02,-5.143185944583850144e-02,9.800939880394247794e+00
6.615754357210300585e-01,6.755288154815330959e-01,4.186013928150911223e-02,-5.116005585766858488e-02,9.800700083423841136e+00
6.617450392488980482e-01,6.755288154815330959e-01,4.135132869790514309e-02,-5.088105836039691354e-02,9.800470270337509504e+00
6.619136898037997208e-01,6.755288154815330959e-01,4.084537703320012536e-02,-5.059516647050177340e-02,9.800250210562698072e+00
6.620813653797577025e-01,6.755288154815330959e-01,4.034235030532618005e-02,-5.030267278739453118e-02,9.800039677517931480e+00
6.622480449234674493e-01,6.755288154815330959e-01,3.984231167419693964e-02,-5.000386311292404073e-02,9.799838448561272841e+00
6.624137083120332781e-01,6.755288154815330959e-01,3.934532150849945342e-02,-4.969901656974862192e-02,9.799646304938750774e+00
6.625783363310929763e-01,6.755288154815330959e-01,3.885143745132035864e-02,-4.938840571790947820e-02,9.799463031733411711e+00
6.627419106533261051e-01,6.755288154815330959e-01,3.836071448462097244e-02,-4.907229666993861983e-02,9.799288417814683072e+00
6.629044138173406653e-01,6.755288154815330959e-01,3.787320499257729178e-02,-4.875094920436806589e-02,9.799122255788208946e+00
6.630658292069340209e-01,6.755288154815330959e-01,3.738895882379722480e-02,-4.842461687800669878e-02,9.798964341945790579e+00
6.632261410307219718e-01,6.755288154815330959e-01,3.690802335243337229e-02,-4.809354713638525070e-02,9.798814476216048064e+00
6.633853343021315352e-01,6.755288154815330959e-01,3.643044353820468206e-02,-4.775798142286902248e-02,9.798672462115336046e+00
6.635433948197526632e-01,6.755288154815330959e-01,3.595626198534129792e-02,-4.741815528633841481e-02,9.798538106699004047e+00
6.637003091480436767e-01,6.755288154815330959e-01,3.548551900046825747e-02,-4.707429848730404487e-02,9.798411220513164821e+00
6.638560645983859754e-01,6.755288154815330959e-01,3.501825264944136151e-02,-4.672663510268959541e-02,9.798291617546752263e+00
6.640106492104829172e-01,6.755288154815330959e-01,3.455449881315053595e-02,-4.637538362908255607e-02,9.798179115184067811e+00
6.641640517340983152e-01,6.755288154815330959e-01,3.409429124230434205e-02,-4.602075708461939030e-02,9.798073534157685671e+00
6.643162616111294438e-01,6.755288154815330959e-01,3.363766161121095610e-02,-4.566296310933859459e-02,9.797974698501873192e+00
6.644672689580107816e-01,6.755288154815330959e-01,3.318463957056694280e-02,-4.530220406440133019e-02,9.797882435506165777e+00
6.646170645484427153e-01,6.755288154815330959e-01,3.273525279927114173e-02,-4.493867712958010685e-02,9.797796575669691421e+00
6.647656397964416541e-01,6.755288154815330959e-01,3.228952705527432521e-02,-4.457257439968165258e-02,9.797716952655592948e+00
6.649129867397061133e-01,6.755288154815330959e-01,3.184748622548094765e-02,-4.420408297933775543e-02,9.797643403246143023e+00
6.650590980232952143e-01,6.755288154815330959e-01,3.140915237471364474e-02,-4.383338507673029127e-02,9.797575767297983518e+00
6.652039668836141617e-01,6.755288154815330959e-01,3.097454579375680250e-02,-4.346065809568422367e-02,9.797513887698073631e+00
6.653475871327029223e-01,6.755288154815330959e-01,3.054368504649052074e-02,-4.308607472662817628e-02,9.797457610319863619e+00
6.654899531428236648e-01,6.755288154815330959e-01,3.011658701612829336e-02,-4.270980303622273766e-02,9.797406783979905498e+00
6.656310598313424087e-01,6.755288154815330959e-01,2.969326695057206145e-02,-4.233200655562319170e-02,9.797361260394948701e+00
6.657709026459005530e-01,6.755288154815330959e-01,2.927373850689762858e-02,-4.195284436744328715e-02,9.797320894139454950e+00
6.659094775498727303e-01,6.755288154815330959e-01,2.885801379498109664e-02,-4.157247119165319305e-02,9.797285542603328068e+00
6.660467810081052153e-01,6.755288154815330959e-01,2.844610342028364158e-02,-4.119103746974550617e-02,9.797255065950539077e+00
6.661828099729327768e-01,6.755288154815330959e-01,2.803801652580095727e-02,-4.080868944826843148e-02,9.797229327077532801e+00
6.663175618704680891e-01,6.755288154815330959e-01,2.763376083319502019e-02,-4.042556926059370781e-02,9.797208191572602587e+00
6.664510345871605956e-01,6.755288154815330959e-01,2.723334268311750073e-02,-4.004181500775194635e-02,9.797191527675366274e+00
6.665832264566207144e-01,6.755288154815330959e-01,2.683676707473714451e-02,-3.965756083803562149e-02,9.797179206236702242e+00
6.667141362467045029e-01,6.755288154815330959e-01,2.644403770448577884e-02,-3.927293702513656726e-02,9.797171100679349820e+00
6.668437631468562277e-01,6.755288154815330959e-01,2.605515700403060464e-02,-3.888807004551741997e-02,9.797167086958513238e+00
6.669721067557037308e-01,6.755288154815330959e-01,2.567012617748809511e-02,-3.850308265425095300e-02,9.797167043523238306e+00
6.670991670689035979e-01,6.755288154815330959e-01,2.528894523788849380e-02,-3.811809395996013095e-02,9.797170851277929415e+00
6.672249444672312402e-01,6.755288154815330959e-01,2.491161304290556711e-02,-3.773321949829266941e-02,9.797178393544612618e+00
6.673494397049133386e-01,6.755288154815330959e-01,2.453812732985927170e-02,-3.734857130462954089e-02,9.797189556025230672e+00
6.674726538981979873e-01,6.755288154815330959e-01,2.416848475000532570e-02,-3.696425798539459961e-02,9.797204226764611334e+00
6.675945885141590930e-01,6.755288154815330959e-01,2.380268090212200871e-02,-3.658038478833169904e-02,9.797222296113790918e+00
6.677152453597315906e-01,6.755288154815330959e-01,2.344071036540451569e-02,-3.619705367174930188e-02,9.797243656693655822e+00
6.678346265709734775e-01,6.755288154815330959e-01,2.308256673167885520e-02,-3.581436337256604929e-02,9.797268203359113414e+00
6.679527346025512236e-01,6.755288154815330959e-01,2.272824263694561697e-02,-3.543240947332382262e-02,9.797295833163621737e+00
6.680695722174453399e-01,6.755288154815330959e-01,2.237772979226326786e-02,-3.505128446823491117e-02,9.797326445324028299e+00
6.681851424768718850e-01,6.755288154815330959e-01,2.203101901398363260e-02,-3.467107782796352566e-02,9.797359941186019938e+00
6.682994487304170228e-01,6.755288154815330959e-01,2.168810025334821923e-02,-3.429187606354133777e-02,9.797396224189807157e+00
6.684124946063810802e-01,6.755288154815330959e-01,2.134896262545604717e-02,-3.391376278921720555e-02,9.797435199836240116e+00
6.685242840023287725e-01,6.755288154815330959e-01,2.101359443761297019e-02,-3.353681878430769814e-02,9.797476775653306547e+00
6.686348210758418231e-01,6.755288154815330959e-01,2.068198321707381826e-02,-3.316112205391519296e-02,9.797520861163159012e+00
6.687441102354712008e-01,6.755288154815330959e-01,2.035411573818568520e-02,-3.278674788881330571e-02,9.797567367849373099e+00
6.688521561318855335e-01,6.755288154815330959e-01,2.002997804894268707e-02,-3.241376892429981282e-02,9.797616209124642594e+00
6.689589636492122571e-01,6.755288154815330959e-01,1.970955549696251641e-02,-3.204225519801706668e-02,9.797667300298945392e+00
6.690645378965689449e-01,6.755288154815330959e-01,1.939283275489245284e-02,-3.167227420700635676e-02,9.797720558547887038e+00
6.691688841997803783e-01,6.755288154815330959e-01,1.907979384525815281e-02,-3.130389096343000332e-02,9.797775902881829424e+00
6.692720080932800242e-01,6.755288154815330959e-01,1.877042216475921510e-02,-3.093716804989377067e-02,9.797833254114866719e+00
6.693739153121911478e-01,6.755288154815330959e-01,1.846470050802584417e-02,-3.057216567333709278e-02,9.797892534834689471e+00
6.694746117845857825e-01,6.755288154815330959e-01,1.816261109084194025e-02,-3.020894171839039188e-02,9.797953669372452268e+00
6.695741036239176713e-01,6.755288154815330959e-01,1.786413557284627363e-02,-2.984755179956666282e-02,9.798016583773280885e+00
6.696723971216268501e-01,6.755288154815330959e-01,1.756925507971873746e-02,-2.948804931275361696e-02,9.798081205766965951e+00
6.697694987399127609e-01,6.755288154815330959e-01,1.727795022486100507e-02,-2.913048548577323871e-02,9.798147464739088264e+00
6.698654151046725680e-01,6.755288154815330959e-01,1.699020113058158366e-02,-2.877490942794214135e-02,9.798215291702639718e+00
6.699601529986025650e-01,6.755288154815330959e-01,1.670598744879159270e-02,-2.842136817899909573e-02,9.798284619269793438e+00
6.700537193544595649e-01,6.755288154815330959e-01,1.642528838122059298e-02,-2.806990675709997163e-02,9.798355381624121563e+00
6.701461212484789431e-01,6.755288154815330959e-01,1.614808269916245820e-02,-2.772056820581347836e-02,9.798427514493349477e+00
6.702373658939476675e-01,6.755288154815330959e-01,1.587434876275628515e-02,-2.737339364061730507e-02,9.798500955122140255e+00
6.703274606349286513e-01,6.755288154815330959e-01,1.560406453981333375e-02,-2.702842229429514020e-02,9.798575642245518580e+00
6.704164129401342098e-01,6.755288154815330959e-01,1.533720762419665817e-02,-2.668569156166755718e-02,9.798651516062529154e+00
6.705042303969459550e-01,6.755288154815330959e-01,1.507375525376142278e-02,-2.634523704352353946e-02,9.798728518210237937e+00
6.705909207055787968e-01,6.755288154815330959e-01,1.481368432786289713e-02,-2.600709258985256511e-02,9.798806591738010496e+00
6.706764916733853887e-01,6.755288154815330959e-01,1.455697142444312142e-02,-2.567129034197757065e-02,9.798885681082465382e+00
6.707609512093002380e-01,6.755288154815330959e-01,1.430359281669857374e-02,-2.533786077445476792e-02,9.798965732042244525e+00
6.708443073184192640e-01,6.755288154815330959e-01,1.405352448934149567e-02,-2.500683273570780685e-02,9.799046691753634519e+00
6.709265680967136936e-01,6.755288154815330959e-01,1.380674215445820696e-02,-2.467823348832887120e-02,9.799128508666129278e+00
6.710077417258747401e-01,6.755288154815330959e-01,1.356322126697506736e-02,-2.435208874831396031e-02,9.799211132518662382e+00
6.710878364682876240e-01,6.755288154815330959e-01,1.332293703973641552e-02,-2.402842272386518374e-02,9.799294514315871396e+00
6.711668606621321587e-01,6.755288154815330959e-01,1.308586445820281163e-02,-2.370725815336038877e-02,9.799378606304843586e+00
6.712448227166071257e-01,6.755288154815330959e-01,1.285197829477791043e-02,-2.338861634249012056e-02,9.799463361952287954e+00
6.713217311072773308e-01,6.755288154815330959e-01,1.262125312276729527e-02,-2.307251720106151538e-02,9.799548735921705500e+00
6.713975943715396744e-01,6.755288154815330959e-01,1.239366332998026454e-02,-2.275897927870307313e-02,9.799634684051277134e+00
6.714724211042072399e-01,6.755288154815330959e-01,1.216918313197756785e-02,-2.244801980026966959e-02,9.799721163331708951e+00
6.715462199532079568e-01,6.755288154815330959e-01,1.194778658497541723e-02,-2.213965470021506121e-02,9.799808131884761409e+00
6.716189996153971720e-01,6.755288154815330959e-01,1.172944759840777174e-02,-2.183389865676454988e-02,9.799895548941643497e+00
6.716907688324804671e-01,6.755288154815330959e-01,1.151413994715788647e-02,-2.153076512498852679e-02,9.799983374822168969e+00
6.717615363870460543e-01,6.755288154815330959e-01,1.130183728346112471e-02,-2.123026636967617620e-02,9.800071570913784669e+00
6.718313110987029768e-01,6.755288154815330959e-01,1.109251314849035719e-02,-2.093241349707675170e-02,9.800160099651414214e+00
6.719001018203250020e-01,6.755288154815330959e-01,1.088614098362428173e-02,-2.063721648660754582e-02,9.800248924497017455e+00
6.719679174343967665e-01,6.755288154815330959e-01,1.068269414140898821e-02,-2.034468422152935219e-02,9.800338009919880022e+00
6.720347668494605076e-01,6.755288154815330959e-01,1.048214589621776494e-02,-2.005482451912232733e-02,9.800427321377096490e+00
6.721006589966619371e-01,6.755288154815330959e-01,1.028446945461347628e-02,-1.976764416042886552e-02,9.800516825294184997e+00
6.721656028263928162e-01,6.755288154815330959e-01,1.008963796542083902e-02,-1.948314891926372638e-02,9.800606489046158387e+00
6.722296073050283427e-01,6.755288154815330959e-01,9.897624529514259528e-03,-1.920134359065794882e-02,9.800696280938856475e+00
6.722926814117576866e-01,6.755288154815330959e-01,9.708402209326227883e-03,-1.892223201880316452e-02,9.800786170190523450e+00
6.723548341355061186e-01,6.755288154815330959e-01,9.521944038080931705e-03,-1.864581712452961781e-02,9.800876126913552255e+00
6.724160744719459570e-01,6.755288154815330959e-01,9.338223028761416522e-03,-1.837210093195151828e-02,9.800966122096809841e+00
6.724764114205954435e-01,6.755288154815330959e-01,9.157212182812957124e-03,-1.810108459484593979e-02,9.801056127587967737e+00
6.725358539820036619e-01,6.755288154815330959e-01,8.978884498588302066e-03,-1.783276842246550586e-02,9.801146116076123960e+00
6.725944111550195004e-01,6.755288154815330959e-01,8.803212979540786520e-03,-1.756715190475155453e-02,9.801236061074789063e+00
6.726520919341428817e-01,6.755288154815330959e-01,8.630170642170642559e-03,-1.730423373701439616e-02,9.801325936905156411e+00
6.727089053069567059e-01,6.755288154815330959e-01,8.459730523729169782e-03,-1.704401184414727766e-02,9.801415718679582056e+00
6.727648602516385079e-01,6.755288154815330959e-01,8.291865689683763918e-03,-1.678648340454058641e-02,9.801505382285142787e+00
6.728199657345488305e-01,6.755288154815330959e-01,8.126549240952796183e-03,-1.653164487309677355e-02,9.801594904367856742e+00
6.728742307078959817e-01,6.755288154815330959e-01,7.963754320911342610e-03,-1.627949200414535724e-02,9.801684262316767260e+00
6.729276641074748433e-01,6.755288154815330959e-01,7.803454122174757757e-03,-1.603001987365848535e-02,9.801773434248516992e+00
6.729802748504785104e-01,6.755288154815330959e-01,7.645621893163756511e-03,-1.578322290110012460e-02,9.801862398992064129e+00
6.730320718333814289e-01,6.755288154815330959e-01,7.490230944455000817e-03,-1.553909487087556940e-02,9.801951136073579818e+00
6.730830639298917006e-01,6.755288154815330959e-01,7.337254654924185715e-03,-1.529762895308151016e-02,9.802039625701842951e+00
6.731332599889721102e-01,6.755288154815330959e-01,7.186666477682956966e-03,-1.505881772412287489e-02,9.802127848753560357e+00
6.731826688329278774e-01,6.755288154815330959e-01,7.038439945815655463e-03,-1.482265318673015031e-02,9.802215786759086669e+00
6.732312992555595788e-01,6.755288154815330959e-01,6.892548677920551370e-03,-1.458912678951040931e-02,9.802303421888410639e+00
6.732791600203801297e-01,6.755288154815330959e-01,6.748966383458898655e-03,-1.435822944616527153e-02,9.802390736937294236e+00
6.733262598588943826e-01,6.755288154815330959e-01,6.607666867916139886e-03,-1.412995155427587690e-02,9.802477715313640871e+00
6.733726074689400098e-01,6.755288154815330959e-01,6.468624037779258096e-03,-1.390428301368817898e-02,9.802564341024091021e+00
6.734182115130880053e-01,6.755288154815330959e-01,6.331811905335271717e-03,-1.368121324439863784e-02,9.802650598660937575e+00
6.734630806171021389e-01,6.755288154815330959e-01,6.197204593292870989e-03,-1.346073120424007286e-02,9.802736473389053629e+00
6.735072233684551435e-01,6.755288154815330959e-01,6.064776339233857172e-03,-1.324282540590138169e-02,9.802821950933333639e+00
6.735506483149015233e-01,6.755288154815330959e-01,5.934501499894717647e-03,-1.302748393391395254e-02,9.802907017565981818e+00
6.735933639631044301e-01,6.755288154815330959e-01,5.806354555285997421e-03,-1.281469446087202257e-02,9.802991660094415138e+00
6.736353787773168289e-01,6.755288154815330959e-01,5.680310112648800924e-03,-1.260444426371964965e-02,9.803075865848930093e+00
6.736767011781140679e-01,6.755288154815330959e-01,5.556342910257083823e-03,-1.239672023917171018e-02,9.803159622671085316e+00
6.737173395411784060e-01,6.755288154815330959e-01,5.434427821064069519e-03,-1.219150891930143032e-02,9.803242918901762692e+00
6.737573021961329456e-01,6.755288154815330959e-01,5.314539856200450885e-03,-1.198879648636186346e-02,9.803325743369839529e+00
6.737965974254245261e-01,6.755288154815330959e-01,5.196654168325709477e-03,-1.178856878747414072e-02,9.803408085380851844e+00
6.738352334632541352e-01,6.755288154815330959e-01,5.080746054836882131e-03,-1.159081134888273468e-02,9.803489934705954312e+00
6.738732184945543935e-01,6.755288154815330959e-01,4.966790960936107169e-03,-1.139550939007749619e-02,9.803571281570858886e+00
6.739105606540116700e-01,6.755288154815330959e-01,4.854764482564277728e-03,-1.120264783718294410e-02,9.803652116645380943e+00
6.739472680251334946e-01,6.755288154815330959e-01,4.744642369198803777e-03,-1.101221133654739504e-02,9.803732431032651462e+00
6.739833486393586037e-01,6.755288154815330959e-01,4.636400526523476451e-03,-1.082418426753273266e-02,9.803812216258991796e+00
6.740188104752096176e-01,6.755288154815330959e-01,4.530015018970434681e-03,-1.063855075530417693e-02,9.803891464263667643e+00
6.740536614574870189e-01,6.755288154815330959e-01,4.425462072138230951e-03,-1.045529468322037303e-02,9.803970167388918355e+00
6.740879094565033203e-01,6.755288154815330959e-01,4.322718075089326817e-03,-1.027439970489041343e-02,9.804048318370199411e+00
6.741215622873566460e-01,6.755288154815330959e-01,4.221759582529349686e-03,-1.009584925599771310e-02,9.804125910326531468e+00
6.741546277092426154e-01,6.755288154815330959e-01,4.122563316871441508e-03,-9.919626565790817807e-03,9.804202936751080344e+00
6.741871134248036412e-01,6.755288154815330959e-01,4.025106170188363919e-03,-9.745714668307758899e-03,9.804279391501880880e+00
6.742190270795148654e-01,6.755288154815330959e-01,3.929365206054691306e-03,-9.574096413367261249e-03,9.804355268792688705e+00
6.742503762611053997e-01,6.755288154815330959e-01,3.835317661283088597e-03,-9.404754477160270909e-03,9.804430563184123315e+00
6.742811684990143162e-01,6.755288154815330959e-01,3.742940947556339104e-03,-9.237671372674949311e-03,9.804505269574882220e+00
6.743114112638807223e-01,6.755288154815330959e-01,3.652212652957120831e-03,-9.072829459921827322e-03,9.804579383193035014e+00
6.743411119670664755e-01,6.755288154815330959e-01,3.563110543399861108e-03,-8.910210955725972326e-03,9.804652899587674497e+00
6.743702779602109842e-01,6.755288154815330959e-01,3.475612563966334889e-03,-8.749797943352621843e-03,9.804725814620613988e+00
6.743989165348175385e-01,6.755288154815330959e-01,3.389696840146672052e-03,-8.591572381966283700e-03,9.804798124458180553e+00
6.744270349218699501e-01,6.755288154815330959e-01,3.305341678989437426e-03,-8.435516115723462605e-03,9.804869825563265806e+00
6.744546402914786132e-01,6.755288154815330959e-01,3.222525570163448094e-03,-8.281610882598933188e-03,9.804940914687565012e+00
6.744817397525560976e-01,6.755288154815330959e-01,3.141227186930994897e-03,-8.129838323245319742e-03,9.805011388863686506e+00
6.745083403525199417e-01,6.755288154815330959e-01,3.061425387039462542e-03,-7.980179989153235454e-03,9.805081245397886391e+00
6.745344490770235346e-01,6.755288154815330959e-01,2.983099213528683791e-03,-7.832617351077875156e-03,9.805150481862451528e+00
6.745600728497134213e-01,6.755288154815330959e-01,2.906227895459023713e-03,-7.687131806966007730e-03,9.805219096088492847e+00
6.745852185320121430e-01,6.755288154815330959e-01,2.830790848562858564e-03,-7.543704689616514969e-03,9.805287086158946508e+00
6.746098929229267238e-01,6.755288154815330959e-01,2.756767675819116192e-03,-7.402317274374237144e-03,9.805354450401445376e+00
6.746341027588814709e-01,6.755288154815330959e-01,2.684138167954874810e-03,-7.262950786424138272e-03,9.805421187381531567e+00
6.746578547135743120e-01,6.755288154815330959e-01,2.612882303876351564e-03,-7.125586407852324555e-03,9.805487295896025302e+00
6.746811553978567799e-01,6.755288154815330959e-01,2.542980251028947869e-03,-6.990205284740369507e-03,9.805552774966288965e+00
6.747040113596358690e-01,6.755288154815330959e-01,2.474412365691680549e-03,-6.856788533726732027e-03,9.805617623831965446e+00
6.747264290837982070e-01,6.755288154815330959e-01,2.407159193204666536e-03,-6.725317248701401240e-03,9.805681841944503319e+00
6.747484149921549879e-01,6.755288154815330959e-01,2.341201468134324060e-03,-6.595772507034247667e-03,9.805745428961101240e+00
6.747699754434078878e-01,6.755288154815330959e-01,2.276520114375624182e-03,-6.468135375869987769e-03,9.805808384738506689e+00
6.747911167331346327e-01,6.755288154815330959e-01,2.213096245195389500e-03,-6.342386918023468212e-03,9.805870709327171753e+00
6.748118450937941049e-01,6.755288154815330959e-01,2.150911163216973065e-03,-6.218508197841643437e-03,9.805932402965375161e+00
6.748321666947501019e-01,6.755288154815330959e-01,2.089946360348982068e-03,-6.096480286799099702e-03,9.805993466073550380e+00
6.748520876423134141e-01,6.755288154815330959e-01,2.030183517659045478e-03,-5.976284268993659055e-03,9.806053899248665218e+00
6.748716139798016656e-01,6.755288154815330959e-01,1.971604505194290979e-03,-5.857901246475449852e-03,9.806113703258718672e+00
6.748907516876156976e-01,6.755288154815330959e-01,1.914191381752194943e-03,-5.741312344209603680e-03,9.806172879037543311e+00
6.749095066833334933e-01,6.755288154815330959e-01,1.857926394598807818e-03,-5.626498715338712486e-03,9.806231427679261259e+00
6.749278848218192017e-01,6.755288154815330959e-01,1.802791979141682432e-03,-5.513441545712538527e-03,9.806289350433429419e+00
6.749458918953482600e-01,6.755288154815330959e-01,1.748770758554507587e-03,-5.402122058717484521e-03,9.806346648699838298e+00
6.749635336337473923e-01,6.755288154815330959e-01,1.695845543357110685e-03,-5.292521519739690206e-03,9.806403324023618140e+00
6.749808157045488199e-01,6.755288154815330959e-01,1.643999330952827798e-03,-5.184621240428288758e-03,9.806459378090524481e+00
6.749977437131593483e-01,6.755288154815330959e-01,1.593215305121242764e-03,-5.078402583158503347e-03,9.806514812721962571e+00
6.750143232030419993e-01,6.755288154815330959e-01,1.543476835473289732e-03,-4.973846964795303194e-03,9.806569629870677929e+00
6.750305596559117438e-01,6.755288154815330959e-01,1.494767476864056199e-03,-4.870935860923353289e-03,9.806623831615940645e+00
6.750464584919431132e-01,6.755288154815330959e-01,1.447070968769947896e-03,-4.769650809410830306e-03,9.806677420159360281e+00
6.750620250699903568e-01,6.755288154815330959e-01,1.400371234628217110e-03,-4.669973414173078652e-03,9.806730397820455636e+00
6.750772646878197003e-01,6.755288154815330959e-01,1.354652381140186712e-03,-4.571885348803039761e-03,9.806782767032338199e+00
6.750921825823522626e-01,6.755288154815330959e-01,1.309898697542499768e-03,-4.475368359768694404e-03,9.806834530337773970e+00
6.751067839299186302e-01,6.755288154815330959e-01,1.266094654843397116e-03,-4.380404269910265214e-03,9.806885690384934406e+00
6.751210738465234229e-01,6.755288154815330959e-01,1.223224905029018927e-03,-4.286974981437818855e-03,9.806936249923591475e+00
6.751350573881206296e-01,6.755288154815330959e-01,1.181274280237398777e-03,-4.195062479162015023e-03,9.806986211801076436e+00
6.751487395508979361e-01,6.755288154815330959e-01,1.140227791905479293e-03,-4.104648833191948398e-03,9.807035578958714694e+00
6.751621252715711563e-01,6.755288154815330959e-01,1.100070629885818718e-03,-4.015716201966057497e-03,9.807084354427919592e+00
6.751752194276871011e-01,6.755288154815330959e-01,1.060788161537984386e-03,-3.928246834783433172e-03,9.807132541326755160e+00
6.751880268379357730e-01,6.755288154815330959e-01,1.022365930791968580e-03,-3.842223074601580635e-03,9.807180142856191551e+00
6.752005522624699996e-01,6.755288154815330959e-01,9.847896571892889028e-04,-3.757627360267967731e-03,9.807227162296921819e+00
6.752128004032339481e-01,6.755288154815330959e-01,9.480452348974433008e-04,-3.674442229184560205e-03,9.807273603005713269e+00
6.752247759042985242e-01,6.755288154815330959e-01,9.121187317037149356e-04,-3.592650319372836520e-03,9.807319468412330821e+00
6.752364833522043197e-01,6.755288154815330959e-01,8.769963879863285072e-04,-3.512234371738642835e-03,9.807364762016248960e+00
6.752479272763116658e-01,6.755288154815330959e-01,8.426646156642902952e-04,-3.433177232203821205e-03,9.807409487383461411e+00
6.752591121491573478e-01,6.755288154815330959e-01,8.091099971272441849e-04,-3.355461853704611030e-03,9.807453648143422242e+00
6.752700423868174262e-01,6.755288154815330959e-01,7.763192841470090144e-04,-3.279071298023517045e-03,9.807497247986123767e+00
6.752807223492761635e-01,6.755288154815330959e-01,7.442793967707972413e-04,-3.203988737621177307e-03,9.807540290659149562e+00
6.752911563408007245e-01,6.755288154815330959e-01,7.129774221971141301e-04,-3.130197457368311120e-03,9.807582779964828745e+00
6.753013486103217611e-01,6.755288154815330959e-01,6.824006136340043938e-04,-3.057680856310973638e-03,9.807624719757322751e+00
6.753113033518185482e-01,6.755288154815330959e-01,6.525363891436430919e-04,-2.986422449036130189e-03,9.807666113940108232e+00
6.753210247047093384e-01,6.755288154815330959e-01,6.233723304712723845e-04,-2.916405867237070737e-03,9.807706966463234366e+00
6.753305167542464904e-01,6.755288154815330959e-01,5.948961818598164086e-04,-2.847614861145597587e-03,9.807747281320715160e+00
6.753397835319157050e-01,6.755288154815330959e-01,5.670958488521726792e-04,-2.780033300764372939e-03,9.807787062548088741e+00
6.753488290158397023e-01,6.755288154815330959e-01,5.399593970801808140e-04,-2.713645177199186520e-03,9.807826314219880715e+00
6.753576571311856735e-01,6.755288154815330959e-01,5.134750510422669834e-04,-2.648434603791383068e-03,9.807865040447250493e+00
6.753662717505763968e-01,6.755288154815330959e-01,4.876311928700971521e-04,-2.584385817216983128e-03,9.807903245375653611e+00
6.753746766945046831e-01,6.755288154815330959e-01,4.624163610852383144e-04,-2.521483178485883769e-03,9.807940933182599963e+00
6.753828757317512643e-01,6.755288154815330959e-01,4.378192493454946543e-04,-2.459711173974366005e-03,9.807978108075371182e+00
6.753908725798053458e-01,6.755288154815330959e-01,4.138287051832501007e-04,-2.399054416224455366e-03,9.808014774288960069e+00
6.753986709052883786e-01,6.755288154815330959e-01,3.904337287341519414e-04,-2.339497644909815932e-03,9.808050936083825277e+00
6.754062743243797184e-01,6.755288154815330959e-01,3.676234714601323006e-04,-2.281025727401964076e-03,9.808086597744058110e+00
6.754136864032455057e-01,6.755288154815330959e-01,3.453872348627706756e-04,-2.223623659736162494e-03,9.808121763575126550e+00
6.754209106584687650e-01,6.755288154815330959e-01,3.237144691929927376e-04,-2.167276566977793806e-03,9.808156437902216140e+00
6.754279505574822817e-01,6.755288154815330959e-01,3.025947721524424594e-04,-2.111969704055027819e-03,9.808190625068098356e+00
6.754348095190025880e-01,6.755288154815330959e-01,2.820178875915235750e-04,-2.057688456091888440e-03,9.808224329431499910e+00
6.754414909134660583e-01,6.755288154815330959e-01,2.619737042011127670e-04,-2.004418339041080799e-03,9.808257555365161195e+00
6.754479980634661151e-01,6.755288154815330959e-01,2.424522542009421855e-04,-1.952145000017058152e-03,9.808290307254184270e+00
6.754543342441915454e-01,6.755288154815330959e-01,2.234437120246512976e-04,-1.900854217629088794e-03,9.808322589494396837e+00
6.754605026838663706e-01,6.755288154815330959e-01,2.049383930001758003e-04,-1.850531902447549726e-03,9.808354406490552790e+00
6.754665065641902721e-01,6.755288154815330959e-01,1.869267520284711992e-04,-1.801164097170460110e-03,9.808385762654857842e+00
6.754723490207796832e-01,6.755288154815330959e-01,1.693993822602379851e-04,-1.752736976823321413e-03,9.808416662405438302e+00
6.754780331436096574e-01,6.755288154815330959e-01,1.523470137703153426e-04,-1.705236848992264242e-03,9.808447110164777882e+00
6.754835619774560707e-01,6.755288154815330959e-01,1.357605122310756585e-04,-1.658650153923968418e-03,9.808477110358307272e+00
6.754889385223383780e-01,6.755288154815330959e-01,1.196308775841536942e-04,-1.612963464692196425e-03,9.808506667412892455e+00
6.754941657339619265e-01,6.755288154815330959e-01,1.039492427135080277e-04,-1.568163487064566652e-03,9.808535785755649883e+00
6.754992465241610455e-01,6.755288154815330959e-01,8.870687211615102541e-05,-1.524237059735700228e-03,9.808564469812381503e+00
6.755041837613413591e-01,6.755288154815330959e-01,7.389516057521028358e-05,-1.481171154094074183e-03,9.808592724006482300e+00
6.755089802709223212e-01,6.755288154815330959e-01,5.950563183232393527e-05,-1.438952874288634831e-03,9.808620552757544075e+00
6.755136388357790844e-01,6.755288154815330959e-01,4.552993726203435898e-05,-1.397569457028957629e-03,9.808647960480232797e+00
6.755181621966838135e-01,6.755288154815330959e-01,3.195985454784722180e-05,-1.357008271418713719e-03,9.808674951583130408e+00
6.755225530527468880e-01,6.755288154815330959e-01,1.878728635862358942e-05,-1.317256818922363237e-03,9.808701530467436314e+00
6.755268140618566619e-01,6.755288154815330959e-01,6.004259029301906025e-06,-1.278302732932168340e-03,9.808727701526096965e+00
6.755309478411191115e-01,6.755288154815330959e-01,-6.397078758046959024e-06,-1.240133778734886505e-03,9.808753469142507342e+00
6.755349569672958188e-01,6.755288154815330959e-01,-1.842445728816866080e-05,-1.202737853012170177e-03,9.808778837689700936e+00
6.755388439772415099e-01,6.755288154815330959e-01,-3.008548712524206081e-05,-1.166102983707340002e-03,9.808803811529168470e+00
6.755426113683400402e-01,6.755288154815330959e-01,-4.138766042083297236e-05,-1.130217329559091155e-03,9.808828395010021239e+00
6.755462615989396014e-01,6.755288154815330959e-01,-5.233835221951643746e-05,-1.095069179868346509e-03,9.808852592467912856e+00
6.755497970887859305e-01,6.755288154815330959e-01,-6.294482175850379946e-05,-1.060646953898736200e-03,9.808876408224342924e+00
6.755532202194547420e-01,6.755288154815330959e-01,-7.321421376493830735e-05,-1.026939200643450789e-03,9.808899846585592996e+00
6.755565333347820500e-01,6.755288154815330959e-01,-8.315355974686244878e-05,-9.939345981924141427e-04,9.808922911842060444e+00
6.755597387412936028e-01,6.755288154815330959e-01,-9.276977928152074782e-05,-9.616219534658299040e-04,9.808945608267253036e+00
6.755628387086318742e-01,6.755288154815330959e-01,-1.020696812963350908e-04,-9.299902014814342976e-04,9.808967940117222284e+00
6.755658354699819457e-01,6.755288154815330959e-01,-1.110599653465493830e-04,-8.990284050214292222e-04,9.808989911629632630e+00
6.755687312224949448e-01,6.755288154815330959e-01,-1.197472228855467336e-04,-8.687257538997350537e-04,9.809011527023216104e+00
6.755715281277102635e-01,6.755288154815330959e-01,-1.281379385315029040e-04,-8.390715645956170476e-04,9.809032790496873488e+00
6.755742283119752223e-01,6.755288154815330959e-01,-1.362384913263792185e-04,-8.100552794876314522e-04,9.809053706229185821e+00
6.755768338668631801e-01,6.755288154815330959e-01,-1.440551559902525369e-04,-7.816664663873318375e-04,9.809074278377622136e+00
6.755793468495888687e-01,6.755288154815330959e-01,-1.515941041673185552e-04,-7.538948177066018275e-04,9.809094511078127354e+00
6.755817692834223953e-01,6.755288154815330959e-01,-1.588614056678983033e-04,-7.267301500579748108e-04,9.809114408444274957e+00
6.755841031581003575e-01,6.755288154815330959e-01,-1.658630297017849031e-04,-7.001624033886599818e-04,9.809133974566909941e+00
6.755863504302349609e-01,6.755288154815330959e-01,-1.726048461055951222e-04,-6.741816403810219072e-04,9.809153213513514658e+00
6.755885130237209157e-01,6.755288154815330959e-01,-1.790926265634595893e-04,-6.487780457864467110e-04,9.809172129327651035e+00
6.755905928301396690e-01,6.755288154815330959e-01,-1.853320458197194043e-04,-6.239419256259814972e-04,9.809190726028555574e+00
6.755925917091611943e-01,6.755288154815330959e-01,-1.913286828842952758e-04,-5.996637064575871534e-04,9.809209007610657949e+00
6.755945114889437830e-01,6.755288154815330959e-01,-1.970880222320614550e-04,-5.759339347766179174e-04,9.809226978042991263e+00
6.755963539665307271e-01,6.755288154815330959e-01,-2.026154549928937953e-04,-5.527432760832340364e-04,9.809244641268923814e+00
6.755981209082445593e-01,6.755288154815330959e-01,-2.079162801343903411e-04,-5.300825141496545712e-04,9.809262001205716786e+00
6.755998140500789617e-01,6.755288154815330959e-01,-2.129957056375975100e-04,-5.079425503207168902e-04,9.809279061744042849e+00
6.756014350980877881e-01,6.755288154815330959e-01,-2.178588496640765371e-04,-4.863144026479027104e-04,9.809295826747687741e+00
6.756029857287713103e-01,6.755288154815330959e-01,-2.225107417146432454e-04,-4.651892050566708292e-04,9.809312300053228739e+00
6.756044675894602447e-01,6.755288154815330959e-01,-2.269563237814464784e-04,-4.445582066803233090e-04,9.809328485469539061e+00
6.756058822986961143e-01,6.755288154815330959e-01,-2.312004514890553253e-04,-4.244127707608846833e-04,9.809344386777750557e+00
6.756072314466097239e-01,6.755288154815330959e-01,-2.352478952298842074e-04,-4.047443740828882142e-04,9.809360007730687059e+00
6.756085165952964156e-01,6.755288154815330959e-01,-2.391033412899590260e-04,-3.855446060074818604e-04,9.809375352052702723e+00
6.756097392791883260e-01,6.755288154815330959e-01,-2.427713929656905023e-04,-3.668051675731476280e-04,9.809390423439461770e+00
6.756109010054242026e-01,6.755288154815330959e-01,-2.462565716733200460e-04,-3.485178707629543737e-04,9.809405225557563668e+00
6.756120032542158871e-01,6.755288154815330959e-01,-2.495633180483736169e-04,-3.306746375053570830e-04,9.809419762044447211e+00
6.756130474792120255e-01,6.755288154815330959e-01,-2.526959930367889129e-04,-3.132674988415296013e-04,9.809434036508122290e+00
6.756140351078590012e-01,6.755288154815330959e-01,-2.556588789777158865e-04,-2.962885940926973660e-04,9.809448052526930084e+00
6.756149675417586487e-01,6.755288154815330959e-01,-2.584561806766583203e-04,-2.797301698942433745e-04,9.809461813649429374e+00
6.756158461570231921e-01,6.755288154815330959e-01,-2.610920264702887295e-04,-2.635845793630409162e-04,9.809475323394167390e+00
6.756166723046271860e-01,6.755288154815330959e-01,-2.635704692822704587e-04,-2.478442811981729221e-04,9.809488585249519943e+00
6.756174473107561251e-01,6.755288154815330959e-01,-2.658954876690877711e-04,-2.325018386817312432e-04,9.809501602673648790e+00
6.756181724771523900e-01,6.755288154815330959e-01,-2.680709868578823318e-04,-2.175499188794560723e-04,9.809514379094263603e+00
6.756188490814580838e-01,6.755288154815330959e-01,-2.701007997749638179e-04,-2.029812917081486034e-04,9.809526917908517163e+00
6.756194783775546497e-01,6.755288154815330959e-01,-2.719886880646615879e-04,-1.887888289697770006e-04,9.809539222482966281e+00
6.756200615958994904e-01,6.755288154815330959e-01,-2.737383430991835453e-04,-1.749655034521957475e-04,9.809551296153449229e+00
6.756205999438597010e-01,6.755288154815330959e-01,-2.753533869798152622e-04,-1.615043880631716888e-04,9.809563142224957843e+00
6.756210946060423606e-01,6.755288154815330959e-01,-2.768373735277940284e-04,-1.483986547978766168e-04,9.809574763971674827e+00
6.756215467446222700e-01,6.755288154815330959e-01,-2.781937892675223623e-04,-1.356415739728333847e-04,9.809586164636760586e+00
6.756219574996658039e-01,6.755288154815330959e-01,-2.794260543981241796e-04,-1.232265130601817305e-04,9.809597347432541525e+00
6.756223279894526534e-01,6.755288154815330959e-01,-2.805375237586726911e-04,-1.111469360548511531e-04,9.809608315540186751e+00
6.756226593107934608e-01,6.755288154815330959e-01,-2.815314877810948246e-04,-9.939640224221335529e-05,9.809619072109978077e+00
6.756229525393452340e-01,6.755288154815330959e-01,-2.824111734364143089e-04,-8.796856553194842832e-05,9.809629620261032912e+00
6.756232087299232081e-01,6.755288154815330959e-01,-2.831797451703366164e-04,-7.685717339223074873e-05,9.809639963081437486e+00
6.756234289168092655e-01,6.755288154815330959e-01,-2.838403058285088321e-04,-6.605606581722156534e-05,9.809650103628355211e+00
6.756236141140581353e-01,6.755288154815330959e-01,-2.843958975751181839e-04,-5.555917466093518442e-05,9.809660044927763778e+00
6.756237653157998180e-01,6.755288154815330959e-01,-2.848495028001662988e-04,-4.536052250481148462e-05,9.809669789974694964e+00
6.756238834965390128e-01,6.755288154815330959e-01,-2.852040450177506514e-04,-3.545422175843526702e-05,9.809679341733223978e+00
6.756239696114514359e-01,6.755288154815330959e-01,-2.854623897550201406e-04,-2.583447372694891442e-05,9.809688703136519194e+00
6.756240245966775859e-01,6.755288154815330959e-01,-2.856273454334701256e-04,-1.649556784499850437e-05,9.809697877086721363e+00
6.756240493696124005e-01,6.755288154815330959e-01,-2.857016642379139881e-04,-7.431880444386251838e-06,9.809706866455318419e+00
6.756240448291926937e-01,6.755288154815330959e-01,-2.856880429787933551e-04,1.362125912063305577e-06,9.809715674082934100e+00
6.756240118561812613e-01,6.755288154815330959e-01,-2.855891239444963148e-04,9.891903429704029804e-06,9.809724302779486038e+00
6.756239513134478791e-01,6.755288154815330959e-01,-2.854074957443497595e-04,1.816282001465552298e-05,9.809732755324271025e+00
6.756238640462468581e-01,6.755288154815330959e-01,-2.851456941412866541e-04,2.618016030631054036e-05,9.809741034466165743e+00
6.756237508824924909e-01,6.755288154815330959e-01,-2.848062028781850330e-04,3.394912631016211435e-05,9.809749142923433141e+00
6.756236126330305014e-01,6.755288154815330959e-01,-2.843914544922165888e-04,4.147483859684442109e-05,9.809757083384104348e+00
6.756234500919068298e-01,6.755288154815330959e-01,-2.839038311212016552e-04,4.876233710149335820e-05,9.809764858505980456e+00
6.756232640366337527e-01,6.755288154815330959e-01,-2.833456653019705840e-04,5.581658192310712252e-05,9.809772470916621856e+00
6.756230552284523405e-01,6.755288154815330959e-01,-2.827192407577339139e-04,6.264245442366700445e-05,9.809779923213666208e+00
6.756228244125923599e-01,6.755288154815330959e-01,-2.820267931777920012e-04,6.924475799419127497e-05,9.809787217964817785e+00
6.756225723185288468e-01,6.755288154815330959e-01,-2.812705109872526421e-04,7.562821905393590782e-05,9.809794357708067736e+00
6.756222996602361253e-01,6.755288154815330959e-01,-2.804525361090881574e-04,8.179748781644846645e-05,9.809801344951708302e+00
6.756220071364386071e-01,6.755288154815330959e-01,-2.795749647165335361e-04,8.775713925546213545e-05,9.809808182174538871e+00
6.756216954308584821e-01,6.755288154815330959e-01,-2.786398479761587055e-04,9.351167403748306128e-05,9.809814871826061378e+00
6.756213652124609670e-01,6.755288154815330959e-01,-2.776491927836133300e-04,9.906551925453754848e-05,9.809821416326471422e+00
6.756210171356961114e-01,6.755288154815330959e-01,-2.766049624890465353e-04,1.044230294566794726e-04,9.809827818066967353e+00
6.756206518407379402e-01,6.755288154815330959e-01,-2.755090776145330267e-04,1.095884874513508578e-04,9.809834079409837315e+00
6.756202699537208201e-01,6.755288154815330959e-01,-2.743634165631725352e-04,1.145661051360491456e-04,9.809840202688572930e+00
6.756198720869724950e-01,6.755288154815330959e-01,-2.731698163181972561e-04,1.193600244975279168e-04,9.809846190208180161e+00
6.756194588392450129e-01,6.755288154815330959e-01,-2.719300731357510159e-04,1.239743182446240155e-04,9.809852044245110037e+00
6.756190307959419883e-01,6.755288154815330959e-01,-2.706459432266772325e-04,1.284129909073783438e-04,9.809857767047681421e+00
6.756185885293437554e-01,6.755288154815330959e-01,-2.693191434319786026e-04,1.326799794698629853e-04,9.809863360836038382e+00
6.756181325988291908e-01,6.755288154815330959e-01,-2.679513518882847833e-04,1.367791543693819278e-04,9.809868827802482372e+00
6.756176635510948714e-01,6.755288154815330959e-01,-2.665442086853264669e-04,1.407143202958316408e-04,9.809874170111610781e+00
6.756171819203716788e-01,6.755288154815330959e-01,-2.650993165157489173e-04,1.444892169577549623e-04,9.809879389900443059e+00
6.756166882286385178e-01,6.755288154815330959e-01,-2.636182413162657667e-04,1.481075199483150584e-04,9.809884489278632103e+00
6.756161829858332579e-01,6.755288154815330959e-01,-2.621025129004861398e-04,1.515728415779626914e-04,9.809889470328677419e+00
6.756156666900607899e-01,6.755288154815330959e-01,-2.605536255830820380e-04,1.548887317404101793e-04,9.809894335106157826e+00
6.756151398277989717e-01,6.755288154815330959e-01,-2.589730387976274528e-04,1.580586785454585197e-04,9.809899085639749217e+00
6.756146028741011333e-01,6.755288154815330959e-01,-2.573621777041124048e-04,1.610861093515048026e-04,9.809903723931647335e+00
6.756140562927964721e-01,6.755288154815330959e-01,-2.557224337901287115e-04,1.639743913983693346e-04,9.809908251957608627e+00
6.756135005366875612e-01,6.755288154815330959e-01,-2.540551654633960155e-04,1.667268326732695982e-04,9.809912671667209594e+00
6.756129360477454160e-01,6.755288154815330959e-01,-2.523616986369603410e-04,1.693466826435674477e-04,9.809916984984006660e+00
6.756123632573016735e-01,6.755288154815330959e-01,-2.506433273057329103e-04,1.718371331227430687e-04,9.809921193805816841e+00
6.756117825862384407e-01,6.755288154815330959e-01,-2.489013141160345555e-04,1.742013189698354836e-04,9.809925300004854520e+00
6.756111944451757001e-01,6.755288154815330959e-01,-2.471368909278126580e-04,1.764423188221897476e-04,9.809929305427894874e+00
6.756105992346558287e-01,6.755288154815330959e-01,-2.453512593681983489e-04,1.785631559614309083e-04,9.809933211896593619e+00
6.756099973453255636e-01,6.755288154815330959e-01,-2.435455913774031700e-04,1.805667990795178923e-04,9.809937021207701946e+00
6.756093891581160804e-01,6.755288154815330959e-01,-2.417210297489535975e-04,1.824561628449572481e-04,9.809940735133096723e+00
6.756087750444198514e-01,6.755288154815330959e-01,-2.398786886602666257e-04,1.842341088686971773e-04,9.809944355420208595e+00
6.756081553662657280e-01,6.755288154815330959e-01,-2.380196541978962799e-04,1.859034462370345864e-04,9.809947883792039747e+00
6.756075304764908029e-01,6.755288154815330959e-01,-2.361449848731211887e-04,1.874669324775091184e-04,9.809951321947604441e+00
6.756069007189106079e-01,6.755288154815330959e-01,-2.342557121325361535e-04,1.889272740585035137e-04,9.809954671561927242e+00
6.756062664284866459e-01,6.755288154815330959e-01,-2.323528408606501117e-04,1.902871271886041882e-04,9.809957934286329007e+00
6.756056279314912594e-01,6.755288154815330959e-01,-2.304373498744904936e-04,1.915490986159618103e-04,9.809961111748741303e+00
6.756049855456707220e-01,6.755288154815330959e-01,-2.285101924128785100e-04,1.927157461611983535e-04,9.809964205553749039e+00
6.756043395804055551e-01,6.755288154815330959e-01,-2.265722966173777664e-04,1.937895795500743645e-04,9.809967217282933305e+00
6.756036903368687341e-01,6.755288154815330959e-01,-2.246245660069146055e-04,1.947730610463160872e-04,9.809970148495040121e+00
6.756030381081814529e-01,6.755288154815330959e-01,-2.226678799450709789e-04,1.956686061843626590e-04,9.809973000726239789e+00
6.756023831795667789e-01,6.755288154815330959e-01,-2.207030941010490466e-04,1.964785844021932348e-04,9.809975775490300975e+00
6.756017258285010874e-01,5.839585722167393911e+00,1.549195198901668036e+01,0.000000000000000000e+00,2.530195198901667908e+01
6.771502636763371274e-01,5.839585722167393911e+00,1.548730637547317102e+01,-4.645613543508453347e-01,2.483274502112232796e+01
6.802010760262853228e-01,5.839585722167393911e+00,1.547815393842332554e+01,-9.152437049844586170e-01,2.437291023343886565e+01
6.847081793995773991e-01,5.839585722167393911e+00,1.546463262830344831e+01,-1.352131011987722786e+00,2.392250161631572780e+01
6.906265329345010473e-01,5.839585722167393911e+00,1.544687756769867804e+01,-1.775506060477027859e+00,2.348137150722165245e+01
6.979120236201469263e-01,5.839585722167393911e+00,1.542502109564173907e+01,-2.185647205693896922e+00,2.304937388994784442e+01
7.065214516947875278e-01,5.839585722167393911e+00,1.539919281141781937e+01,-2.582828422392147161e+00,2.262636438902567448e+01
7.164125162083306853e-01,5.839585722167393911e+00,1.536951961787719156e+01,-2.967319354062780690e+00,2.221220026381440960e+01
7.275438007482553093e-01,5.839585722167393911e+00,1.533612576425741736e+01,-3.339385361977420530e+00,2.180674040227999910e+01
7.398747593284079604e-01,5.839585722167393911e+00,1.529913288851695796e+01,-3.699287574045762028e+00,2.140984531447119821e+01
7.533657024400077784e-01,5.839585722167393911e+00,1.525866005918215862e+01,-4.047282933480111922e+00,2.102137712570204542e+01
7.679777832641777602e-01,5.839585722167393911e+00,1.521482381670964656e+01,-4.383624247251027839e+00,2.064119956945862100e+01
7.836729840452936191e-01,5.839585722167393911e+00,1.516773821436630243e+01,-4.708560234334591144e+00,2.026917798003171356e+01
8.004141026244125934e-01,5.839585722167393911e+00,1.511751485862894384e+01,-5.022335573735858816e+00,1.990517928489308730e+01
8.181647391320209239e-01,5.839585722167393911e+00,1.506426294910611929e+01,-5.325190952282365942e+00,1.954907199682375563e+01
8.368892828393116323e-01,5.839585722167393911e+00,1.500808931798424695e+01,-5.617363112187145902e+00,1.920072620579710332e+01
8.565528991671820247e-01,5.839585722167393911e+00,1.494909846900063499e+01,-5.899084898361284246e+00,1.886001357063935302e+01
8.771215168521163674e-01,5.839585722167393911e+00,1.488739261594583141e+01,-6.170585305480269511e+00,1.852680731046556417e+01
8.985618152680973081e-01,5.839585722167393911e+00,1.482307172069788948e+01,-6.432089524794282198e+00,1.820098219590360600e+01
9.208412119036685217e-01,5.839585722167393911e+00,1.475623353079117805e+01,-6.683818990671230864e+00,1.788241454011994591e+01
9.439278499932517441e-01,5.839585722167393911e+00,1.468697361652242783e+01,-6.925991426874933410e+00,1.757098218964749492e+01
9.677905863017997046e-01,5.839585722167393911e+00,1.461538540759678284e+01,-7.158820892564587979e+00,1.726656451503219358e+01
9.923989790618509277e-01,5.839585722167393911e+00,1.454156022931663017e+01,-7.382517828015267014e+00,1.696904240130136543e+01
1.017723276062032278e+00,5.839585722167393911e+00,1.446558733831608556e+01,-7.597289100054371858e+00,1.667829823826171420e+01
1.043734402886039803e+00,5.839585722167393911e+00,1.438755395784406232e+01,-7.803338047202323935e+00,1.639421591064174066e+01
1.070403951301111434e+00,5.839585722167393911e+00,1.430754531259884743e+01,-8.000864524521489329e+00,1.611668078807736038e+01
1.097704167794990804e+00,5.839585722167393911e+00,1.422564466311720999e+01,-8.190064948163744418e+00,1.584557971495346607e+01
1.125607942260365535e+00,5.839585722167393911e+00,1.414193333972108491e+01,-8.371132339612419315e+00,1.558080100010866609e+01
1.154088796825751162e+00,5.839585722167393911e+00,1.405649077602492980e+01,-8.544256369615688129e+00,1.532223440640924217e+01
1.183120874831777636e+00,5.839585722167393911e+00,1.396939454200684949e+01,-8.709623401807942145e+00,1.506977114019890784e+01
1.212678929951824136e+00,5.839585722167393911e+00,1.388072037664670866e+01,-8.867416536014083306e+00,1.482330384063262585e+01
1.242738315455933940e+00,5.839585722167393911e+00,1.379054222013437858e+01,-9.017815651233007657e+00,1.458272656890137142e+01
1.273274973616933758e+00,5.839585722167393911e+00,1.369893224565138112e+01,-9.160997448299745827e+00,1.434793479735163579e+01
1.304265425257668864e+00,5.839585722167393911e+00,1.360596089072917536e+01,-9.297135492220665043e+00,1.411882539850851082e+01
1.335686759438254656e+00,5.839585722167393911e+00,1.351169688818741932e+01,-9.426400254175604232e+00,1.389529663401181558e+01
1.367516623282241772e+00,5.839585722167393911e+00,1.341620729665545575e+01,-9.548959153196268090e+00,1.367724814345918816e+01
1.399733211940574762e+00,5.839585722167393911e+00,1.331955753068045745e+01,-9.664976597499830291e+00,1.346458093318062765e+01
1.432315258692225868e+00,5.839585722167393911e+00,1.322181139042550413e+01,-9.774614025495331759e+00,1.325719736493017287e+01
1.465242025180369945e+00,5.839585722167393911e+00,1.312303109096107256e+01,-9.878029946443156462e+00,1.305500114451791660e+01
1.498493291782965864e+00,5.839585722167393911e+00,1.302327729115328481e+01,-9.975379980778775746e+00,1.285789731037450956e+01
1.532049348116599097e+00,5.839585722167393911e+00,1.292260912215238378e+01,-1.006681690009010310e+01,1.266579222206228117e+01
1.565890983672438619e+00,5.839585722167393911e+00,1.282108421548486454e+01,-1.015249066675192324e+01,1.247859354873294180e+01
1.599999478583151502e+00,5.839585722167393911e+00,1.271875873075272878e+01,-1.023254847321366512e+01,1.229621025753906416e+01
1.634356594519618122e+00,5.839585722167393911e+00,1.261568738294332803e+01,-1.030713478093998603e+01,1.211855260200334250e+01
1.668944565716285133e+00,5.839585722167393911e+00,1.251192346935332722e+01,-1.037639135900016996e+01,1.194553211035315776e+01
1.703746090123987589e+00,5.839585722167393911e+00,1.240751889613022030e+01,-1.044045732231060342e+01,1.177706157381961738e+01
1.738744320689071809e+00,5.839585722167393911e+00,1.230252420443496497e+01,-1.049946916952553266e+01,1.161305503490943281e+01
1.773922856757647049e+00,5.839585722167393911e+00,1.219698859622924125e+01,-1.055356082057237188e+01,1.145342777565686987e+01
1.809265735603788006e+00,5.839585722167393911e+00,1.209095995969081905e+01,-1.060286365384222051e+01,1.129809630584859903e+01
1.844757424080513797e+00,5.839585722167393911e+00,1.198448489426064079e+01,-1.064750654301787058e+01,1.114697835124277070e+01
1.880382810392363879e+00,5.839585722167393911e+00,1.187760873532509009e+01,-1.068761589355502473e+01,1.099999284177006587e+01
1.916127195988390985e+00,5.839585722167393911e+00,1.177037557853700811e+01,-1.072331567880819847e+01,1.085705989972881014e+01
1.951976287574390900e+00,5.839585722167393911e+00,1.166282830377900837e+01,-1.075472747579997446e+01,1.071810082797903441e+01
1.987916189243188692e+00,5.839585722167393911e+00,1.155500859877261632e+01,-1.078197050063920415e+01,1.058303809813341267e+01
2.023933394721800116e+00,5.839585722167393911e+00,1.144695698233678094e+01,-1.080516164358349407e+01,1.045179533875328737e+01
2.060014779734286705e+00,5.839585722167393911e+00,1.133871282729932162e+01,-1.082441550374597661e+01,1.032429732355334551e+01
2.096147594479128795e+00,5.839585722167393911e+00,1.123031438306479579e+01,-1.083984442345262700e+01,1.020046995961216929e+01
2.132319456219931908e+00,5.839585722167393911e+00,1.112179879784238601e+01,-1.085155852224093387e+01,1.008024027560145264e+01
2.168518341988295184e+00,5.839585722167393911e+00,1.101320214053729529e+01,-1.085966573050898276e+01,9.963536410028313028e+00
2.204732581397661484e+00,5.839585722167393911e+00,1.090455942230919817e+01,-1.086427182280989001e+01,9.850287599499308655e+00
2.240950849566977432e+00,5.839585722167393911e+00,1.079590461780124855e+01,-1.086548045079478442e+01,9.740424167006464629e+00
2.277162160152994108e+00,5.839585722167393911e+00,1.068727068604319896e+01,-1.086339317580500285e+01,9.633877510238196606e+00
2.313355858490034667e+00,5.839585722167393911e+00,1.057868959103207729e+01,-1.085810950111216755e+01,9.530580089919910236e+00
2.349521614836067140e+00,5.839585722167393911e+00,1.047019232199398076e+01,-1.084972690380974214e+01,9.430465418184239113e+00
2.385649417723918031e+00,5.839585722167393911e+00,1.036180891333042808e+01,-1.083834086635526717e+01,9.333468046975161414e+00
2.421729567416466278e+00,5.839585722167393911e+00,1.025356846425278334e+01,-1.082404490776447403e+01,9.239523556488309808e+00
2.457752669464663420e+00,5.839585722167393911e+00,1.014549915810819058e+01,-1.080693061445914260e+01,9.148568543649048479e+00
2.493709628367225761e+00,5.839585722167393911e+00,1.003762828140050445e+01,-1.078708767076870245e+01,9.060540610631802494e+00
2.529591641330851015e+00,5.839585722167393911e+00,9.929982242509629131e+00,-1.076460388908757615e+01,8.975378353422053479e+00
2.565390192129818558e+00,5.839585722167393911e+00,9.822586590112726057e+00,-1.073956523969026300e+01,8.893021350422463556e+00
2.601097045063828439e+00,5.839585722167393911e+00,9.715466031310697304e+00,-1.071205588020296418e+01,8.813410151107733626e+00
2.636704239012948925e+00,5.839585722167393911e+00,9.608644449463334070e+00,-1.068215818473614576e+01,8.736486264727188811e+00
2.672204081588542390e+00,5.839585722167393911e+00,9.502144921736555006e+00,-1.064995277267803964e+01,8.662192149058515866e+00
2.707589143379041552e+00,5.839585722167393911e+00,9.395989736365056189e+00,-1.061551853714974847e+01,8.590471199215308218e+00
2.742852252289462278e+00,5.839585722167393911e+00,9.290200409633794010e+00,-1.057893267312621788e+01,8.521267736507576629e+00
2.777986487973533869e+00,5.839585722167393911e+00,9.184797702581580126e+00,-1.054027070522147724e+01,8.454526997360103380e+00
2.812985176357341466e+00,5.839585722167393911e+00,9.079801637430158223e+00,-1.049960651514227905e+01,8.390195122287879670e+00
2.847841884253377476e+00,5.839585722167393911e+00,8.975231513742048861e+00,-1.045701236881080298e+01,8.328219144931246376e+00
2.882550414063906885e+00,5.839585722167393911e+00,8.871105924310461077e+00,-1.041255894315882280e+01,8.268546981151638775e+00
2.917104798572551339e+00,5.839585722167393911e+00,8.767442770784526829e+00,-1.036631535259333603e+01,8.211127418191191296e+00
2.951499295823015068e+00,5.839585722167393911e+00,8.664259279033135641e+00,-1.031834917513911876e+01,8.155910103894017382e+00
2.985728384083868203e+00,5.839585722167393911e+00,8.561572014250577567e+00,-1.026872647825594065e+01,8.102845535994637416e+00
3.019786756898320768e+00,5.839585722167393911e+00,8.459396895807220318e+00,-1.021751184433576931e+01,8.051885051471451504e+00
3.053669318217920203e+00,5.839585722167393911e+00,8.357749211848421567e+00,-1.016476839587983072e+01,8.002980815968591344e+00
3.087371177619116835e+00,5.839585722167393911e+00,8.256643633644831226e+00,-1.011055782035898964e+01,7.956085813285842079e+00
3.120887645601642113e+00,5.839585722167393911e+00,8.156094229697256281e+00,-1.005494039475758328e+01,7.911153834939673501e+00
3.154214228967661349e+00,5.839585722167393911e+00,8.056114479599198575e+00,-9.997975009805770696e+00,7.868139469793428376e+00
3.187346626280659567e+00,5.839585722167393911e+00,7.956717287660202587e+00,-9.939719193899465566e+00,7.826998093760737518e+00
3.220280723403034173e+00,5.839585722167393911e+00,7.857914996293079213e+00,-9.880229136712381788e+00,7.787685859580697922e+00
3.253012589111366815e+00,5.839585722167393911e+00,7.759719399168081289e+00,-9.819559712499792425e+00,7.750159686668289361e+00
3.285538470788366361e+00,5.839585722167393911e+00,7.662141754137082650e+00,-9.757764503099863873e+00,7.714377251037219274e+00
3.317854790190469583e+00,5.839585722167393911e+00,7.565192795930773428e+00,-9.694895820630966554e+00,7.680296975299807372e+00
3.349958139290102554e+00,5.839585722167393911e+00,7.468882748631873625e+00,-9.631004729889891536e+00,7.647878018741982586e+00
3.381845276191609795e+00,5.839585722167393911e+00,7.373221337927352792e+00,-9.566141070452172102e+00,7.617080267475181188e+00
3.413513121119864380e+00,5.839585722167393911e+00,7.278217803142588593e+00,-9.500353478476375457e+00,7.587864324666213633e+00
3.444958752480585584e+00,5.839585722167393911e+00,7.183880909060425424e+00,-9.433689408216361372e+00,7.560191500844064549e+00
3.476179402991391498e+00,5.839585722167393911e+00,7.090218957528007238e+00,-9.366195153241774207e+00,7.534023804286233528e+00
3.507172455882626050e+00,5.839585722167393911e+00,6.997239798854304027e+00,-9.297915867370365461e+00,7.509323931483939063e+00
3.537935441167008754e+00,5.839585722167393911e+00,6.904950843001155469e+00,-9.228895585314811356e+00,7.486055257686344611e+00
3.568466031977160391e+00,5.839585722167393911e+00,6.813359070570700560e+00,-9.159177243045490968e+00,7.464181827525210089e+00
3.598762040970064469e+00,5.839585722167393911e+00,6.722471043591988327e+00,-9.088802697871223302e+00,7.443668345720765522e+00
3.628821416797540333e+00,5.839585722167393911e+00,6.632292916109561176e+00,-9.017812748242759469e+00,7.424480167866802205e+00
3.658642240641802879e+00,5.839585722167393911e+00,6.542830444576773097e+00,-8.946247153278763520e+00,7.406583291298010074e+00
3.688222722815195365e+00,5.839585722167393911e+00,6.454088998056596083e+00,-8.874144652017745827e+00,7.389944346038850753e+00
3.717561199423191631e+00,5.839585722167393911e+00,6.366073568232606839e+00,-8.801542982398880000e+00,7.374530585833727336e+00
3.746656129089771525e+00,5.839585722167393911e+00,6.278788779232867157e+00,-8.728478899973968197e+00,7.360309879258899457e+00
3.775506089744277372e+00,5.839585722167393911e+00,6.192238897269350062e+00,-8.654988196351753871e+00,7.347250700917596689e+00
3.804109775468874854e+00,5.839585722167393911e+00,6.106427840095557613e+00,-8.581105717379244879e+00,7.335322122716313231e+00
3.832465993405743898e+00,5.839585722167393911e+00,6.021359186284950482e+00,-8.506865381060713105e+00,7.324493805224237875e+00
3.860573660723135347e+00,5.839585722167393911e+00,5.937036184332775690e+00,-8.432300195217434791e+00,7.314735989115341397e+00
3.888431801639438579e+00,5.839585722167393911e+00,5.853461761583865552e+00,-8.357442274890969358e+00,7.306019486692896692e+00
3.916039544504410941e+00,5.839585722167393911e+00,5.770638532988948910e+00,-8.282322859491708655e+00,7.298315673497240752e+00
3.943396118936732808e+00,5.839585722167393911e+00,5.688568809691982864e+00,-8.206972329696560209e+00,7.291596479995423152e+00
3.970500853017054244e+00,5.839585722167393911e+00,5.607254607451018558e+00,-8.131420224096430616e+00,7.285834383354588439e+00
3.997353170535711264e+00,5.839585722167393911e+00,5.526697654895047940e+00,-8.055695255597106197e+00,7.281002399297942240e+00
4.023952588294298138e+00,5.839585722167393911e+00,5.446899401619287318e+00,-7.979825327576062222e+00,7.277074074043225593e+00
4.050298713460289690e+00,5.839585722167393911e+00,5.367861026121312662e+00,-7.903837549797465556e+00,7.274023476323847603e+00
4.076391240973912922e+00,5.839585722167393911e+00,5.289583443580442967e+00,-7.827758254086969458e+00,7.271825189493474006e+00
4.102229951006485464e+00,5.839585722167393911e+00,5.212067313482725339e+00,-7.751613009771762819e+00,7.270454303710963018e+00
4.127814706469429495e+00,5.839585722167393911e+00,5.135313047093893246e+00,-7.675426638883209307e+00,7.269886408210684436e+00
4.153145450573194175e+00,5.839585722167393911e+00,5.059320814782599207e+00,-7.599223231129403899e+00,7.270097583653195805e+00
4.178222204435324549e+00,5.839585722167393911e+00,4.984090553196208084e+00,-7.523026158639112282e+00,7.271064394557096300e+00
4.203045064736910419e+00,5.839585722167393911e+00,4.909621972291450476e+00,-7.446858090475760861e+00,7.272763881815690112e+00
4.227614201426677987e+00,5.839585722167393911e+00,4.835914562222147772e+00,-7.370741006930270345e+00,7.275173555291877925e+00
4.251929855471974662e+00,5.839585722167393911e+00,4.762967600086257747e+00,-7.294696213589002554e+00,7.278271386497255691e+00
4.275992336655921378e+00,5.839585722167393911e+00,4.690780156534417600e+00,-7.218744355184014694e+00,7.282035801350403403e+00
4.299802021420003229e+00,5.839585722167393911e+00,4.619351102242172047e+00,-7.142905429224555292e+00,7.286445673017617253e+00
4.323359350751386998e+00,5.839585722167393911e+00,4.548679114248020738e+00,-7.067198799415130850e+00,7.291480314832890386e+00
4.346664828114253254e+00,5.839585722167393911e+00,4.478762682159421971e+00,-6.991643208859876779e+00,7.297119473299545689e+00
4.369719017424450236e+00,5.839585722167393911e+00,4.409600114228831025e+00,-6.916256793059094576e+00,7.303343321169736946e+00
4.392522541066763431e+00,5.839585722167393911e+00,4.341189543301891440e+00,-6.841057092693958452e+00,7.310132450607933485e+00
4.415076077954138256e+00,5.839585722167393911e+00,4.273528932639766964e+00,-6.766061066212447628e+00,7.317467866427319834e+00
4.437380361628155079e+00,5.839585722167393911e+00,4.206616081617716496e+00,-6.691285102205046798e+00,7.325330979412670196e+00
4.459436178400113526e+00,5.839585722167393911e+00,4.140448631301841154e+00,-6.616745031587534243e+00,7.333703599714307408e+00
4.481244365532043084e+00,5.839585722167393911e+00,4.075024069906052482e+00,-6.542456139578867180e+00,7.342567930327185799e+00
4.502805809457005815e+00,5.839585722167393911e+00,4.010339738131164289e+00,-6.468433177488819297e+00,7.351906560642345489e+00
4.524121444038032180e+00,5.839585722167393911e+00,3.946392834388085191e+00,-6.394690374307909764e+00,7.361702460080175925e+00
4.545192248865067342e+00,5.839585722167393911e+00,3.883180419906979708e+00,-6.321241448110548333e+00,7.371938971796431872e+00
4.566019247589281349e+00,5.839585722167393911e+00,3.820699423734337685e+00,-6.248099617264202266e+00,7.382599806470135917e+00
4.586603506294142818e+00,5.839585722167393911e+00,3.758946647619753278e+00,-6.175277611458440674e+00,7.393669036161313102e+00
4.606946131902620145e+00,5.839585722167393911e+00,3.697918770794321297e+00,-6.102787682543198144e+00,7.405131088251123650e+00
4.627048270619923187e+00,5.839585722167393911e+00,3.637612354642412171e+00,-6.030641615190912574e+00,7.416970739451500094e+00
4.646911106411170778e+00,5.839585722167393911e+00,3.578023847268669400e+00,-5.958850737374277173e+00,7.429173109894392724e+00
4.666535859513407658e+00,5.839585722167393911e+00,3.519149587961958758e+00,-5.887425930671064123e+00,7.441723657290895133e+00
4.685923784981373963e+00,5.839585722167393911e+00,3.460985811558059844e+00,-5.816377640389891468e+00,7.454608171168168873e+00
4.705076171266457052e+00,5.839585722167393911e+00,3.403528652702810575e+00,-5.745715885524926847e+00,7.467812767177884226e+00
4.723994338828258144e+00,5.839585722167393911e+00,3.346774150017407301e+00,-5.675450268540327414e+00,7.481323881477080384e+00
4.742679638778207085e+00,5.839585722167393911e+00,3.290718250167560477e+00,-5.605589984984682417e+00,7.495128265182878557e+00
4.761133451554673712e+00,5.839585722167393911e+00,3.235356811838160596e+00,-5.536143832939988130e+00,7.509212978898172963e+00
4.779357185629030447e+00,5.839585722167393911e+00,3.180685609615090392e+00,-5.467120222307020327e+00,7.523565387308070562e+00
4.797352276242118130e+00,5.839585722167393911e+00,3.126700337775827343e+00,-5.398527183926304929e+00,7.538173153849522912e+00
4.815120184170591067e+00,5.839585722167393911e+00,3.073396613990408532e+00,-5.330372378541881062e+00,7.553024235448527968e+00
4.832662394522608373e+00,5.839585722167393911e+00,3.020769982934356612e+00,-5.262663105605192015e+00,7.568106877329165094e+00
4.849980415562358260e+00,5.839585722167393911e+00,2.968815919815106952e+00,-5.195406311924966047e+00,7.583409607890141402e+00
4.867075777562897443e+00,5.839585722167393911e+00,2.917529833813489404e+00,-5.128608600161754794e+00,7.598921233651735108e+00
4.883950031686802085e+00,5.839585722167393911e+00,2.866907071441775479e+00,-5.062276237171392523e+00,7.614630834270383453e+00
4.900604748894133778e+00,5.839585722167393911e+00,2.816942919819780400e+00,-4.996415162199507876e+00,7.630527757620273022e+00
4.917041518877227624e+00,5.839585722167393911e+00,2.767632609870498861e+00,-4.931030994928153888e+00,7.646601614942345471e+00
4.933261949021815695e+00,5.839585722167393911e+00,2.718971319436734646e+00,-4.866129043376421492e+00,7.662842276060313651e+00
4.949267663394009809e+00,5.839585722167393911e+00,2.670954176320152307e+00,-4.801714311658233925e+00,7.679239864661918880e+00
4.965060301752670213e+00,5.839585722167393911e+00,2.623576261244171093e+00,-4.737791507598121399e+00,7.695784753646050191e+00
4.980641518586694794e+00,5.839585722167393911e+00,2.576832610742097351e+00,-4.674365050207374139e+00,7.712467560534723710e+00
4.996012982176773143e+00,5.839585722167393911e+00,2.530718219971862304e+00,-4.611439077023504751e+00,7.729279142948358050e+00
5.011176373681146323e+00,5.839585722167393911e+00,2.485228045458742763e+00,-4.549017451311954119e+00,7.746210594146789141e+00
5.026133386244933554e+00,5.839585722167393911e+00,2.440357007767381070e+00,-4.487103769136169262e+00,7.763253238631212305e+00
5.040885724132584400e+00,5.839585722167393911e+00,2.396099994104428532e+00,-4.425701366295253791e+00,7.780398627809175238e+00
5.055435101883015925e+00,5.839585722167393911e+00,2.352451860853133958e+00,-4.364813325129457411e+00,7.797638535723677045e+00
5.069783243487020030e+00,5.839585722167393911e+00,2.309407436041121642e+00,-4.304442481201231629e+00,7.814964954839890510e+00
5.083931881586508439e+00,5.839585722167393911e+00,2.266961521742656416e+00,-4.244591429846522601e+00,7.832370091896134312e+00
5.097882756695185869e+00,5.839585722167393911e+00,2.225108896416624127e+00,-4.185262532603228891e+00,7.849846363813395733e+00
5.111637616440244614e+00,5.839585722167393911e+00,2.183844317181447892e+00,-4.126457923517623527e+00,7.867386393663824862e+00
5.125198214824670195e+00,5.839585722167393911e+00,2.143162522028171146e+00,-4.068179515327674522e+00,7.884983006700497121e+00
5.138566311509765505e+00,5.839585722167393911e+00,2.103058231972885217e+00,-4.010429005528592938e+00,7.902629226444292776e+00
5.151743671117505308e+00,5.839585722167393911e+00,2.063526153149665809e+00,-3.953207882321940758e+00,7.920318270827725549e+00
5.164732062552327641e+00,5.839585722167393911e+00,2.024560978845198811e+00,-3.896517430446699848e+00,7.938043548398499460e+00
5.177533258341989963e+00,5.839585722167393911e+00,1.986157391476211842e+00,-3.840358736898696890e+00,7.955798654577515450e+00
5.190149033997109917e+00,5.839585722167393911e+00,1.948310064510851980e+00,-3.784732696535986207e+00,7.973577367974866270e+00
5.202581167389027428e+00,5.839585722167393911e+00,1.911013664335099449e+00,-3.729640017575253097e+00,7.991373646759846849e+00
5.214831438145621334e+00,5.839585722167393911e+00,1.874262852065317730e+00,-3.675081226978171856e+00,8.009181625087146372e+00
5.226901627064723499e+00,5.839585722167393911e+00,1.838052285308011236e+00,-3.621056675730649488e+00,8.026995609577362245e+00
5.238793515544784007e+00,5.839585722167393911e+00,1.802376619867829710e+00,-3.567566544018152541e+00,8.044810075849678555e+00
5.250508885032429518e+00,5.839585722167393911e+00,1.767230511404893178e+00,-3.514610846293653168e+00,8.062619665111240508e+00
5.262049516486586143e+00,5.839585722167393911e+00,1.732608617042423305e+00,-3.462189436246987384e+00,8.080419180795436418e+00
5.273417189858822240e+00,5.839585722167393911e+00,1.698505596925715011e+00,-3.410302011670829359e+00,8.098203585254886150e+00
5.284613683589583388e+00,5.839585722167393911e+00,1.664916115733431567e+00,-3.358948119228344353e+00,8.115967996505087712e+00
5.295640774119995342e+00,5.839585722167393911e+00,1.631834844142195706e+00,-3.308127159123586125e+00,8.133707685018610078e+00
5.306500235418909028e+00,5.839585722167393911e+00,1.599256460245454647e+00,-3.257838389674105883e+00,8.151418070571349261e+00
5.317193838524879368e+00,5.839585722167393911e+00,1.567175650927543629e+00,-3.208080931791101875e+00,8.169094719136442251e+00
5.327723351102763516e+00,5.839585722167393911e+00,1.535587113193891184e+00,-3.158853773365244422e+00,8.186733339828647260e+00
5.338090537014630321e+00,5.839585722167393911e+00,1.504485555458290769e+00,-3.110155773560041581e+00,8.204329781898248797e+00
5.348297155904687017e+00,5.839585722167393911e+00,1.473865698788120682e+00,-3.061985667017008694e+00,8.221880031771112485e+00
5.358344962797921163e+00,5.839585722167393911e+00,1.443722278108418244e+00,-3.014342067970243733e+00,8.239380210138175897e+00
5.368235707712169180e+00,5.839585722167393911e+00,1.414050043365674192e+00,-2.967223474274405248e+00,8.256826569091270329e+00
5.377971135283326376e+00,5.839585722167393911e+00,1.384843760652202604e+00,-2.920628271347158744e+00,8.274215489305044358e+00
5.387552984403414236e+00,5.839585722167393911e+00,1.356098213291939025e+00,-2.874554736026357915e+00,8.291543477265580719e+00
5.396982987871228765e+00,5.839585722167393911e+00,1.327808202888495437e+00,-2.829001040344358842e+00,8.308807162544137981e+00
5.406262872055297208e+00,5.839585722167393911e+00,1.299968550336290107e+00,-2.783965255220532953e+00,8.326003295115757652e+00
5.415394356568877576e+00,5.839585722167393911e+00,1.272574096795549004e+00,-2.739445354074110384e+00,8.343128742721440005e+00
5.424379153956730093e+00,5.839585722167393911e+00,1.245619704631991453e+00,-2.695439216355755008e+00,8.360180488276236943e+00
5.433218969393410092e+00,5.839585722167393911e+00,1.219100258321951458e+00,-2.651944631003999575e+00,8.377155627317952380e+00
5.441915500392822125e+00,5.839585722167393911e+00,1.193010665323715358e+00,-2.608959299823609967e+00,8.394051365500105888e+00
5.450470436528783935e+00,5.839585722167393911e+00,1.167345856915829927e+00,-2.566480840788543105e+00,8.410865016127287319e+00
5.458885459166358700e+00,5.839585722167393911e+00,1.142100789003105632e+00,-2.524506791272429496e+00,8.427593997730676634e+00
5.467162241203705975e+00,5.839585722167393911e+00,1.117270442891063809e+00,-2.483034611204182340e+00,8.444235831686881966e+00
5.475302446824222180e+00,5.839585722167393911e+00,1.092849826029515192e+00,-2.442061686154861633e+00,8.460788139874654945e+00
5.483307731258725504e+00,5.839585722167393911e+00,1.068833972726005221e+00,-2.401585330350997083e+00,8.477248642375009524e+00
5.491179740557466715e+00,5.839585722167393911e+00,1.045217944829781587e+00,-2.361602789622363474e+00,8.493615155207418610e+00
5.498920111371728758e+00,5.839585722167393911e+00,1.021996832386995457e+00,-2.322111244278612929e+00,8.509885588108382137e+00
5.506530470744801953e+00,5.839585722167393911e+00,9.991657542677758741e-01,-2.283107811921958330e+00,8.526057942345818930e+00
5.514012435912109211e+00,5.839585722167393911e+00,9.767198587658540987e-01,-2.244589550192177541e+00,8.542130308573677056e+00
5.521367614110274324e+00,5.839585722167393911e+00,9.546543241713587591e-01,-2.206553459449533960e+00,8.558100864721826184e+00
5.528597602394911270e+00,5.839585722167393911e+00,9.329643593174479221e-01,-2.168996485391083695e+00,8.573967873926363836e+00
5.535703987466940923e+00,5.839585722167393911e+00,9.116452041013589636e-01,-2.131915521608895858e+00,8.589729682492464491e+00
5.542688345507219339e+00,5.839585722167393911e+00,8.906921299805237169e-01,-2.095307412083524667e+00,8.605384717896999547e+00
5.549552242019287540e+00,5.839585722167393911e+00,8.701004404443191120e-01,-2.059168953620460485e+00,8.620931486823860013e+00
5.556297231680038529e+00,5.839585722167393911e+00,8.498654714620661466e-01,-2.023496898225296547e+00,8.636368573236769208e+00
5.562924858198113220e+00,5.839585722167393911e+00,8.299825919078420711e-01,-1.988287955422407549e+00,8.651694636485434131e+00
5.569436654179836133e+00,5.839585722167393911e+00,8.104472039626733348e-01,-1.953538794516873622e+00,8.666908409445799322e+00
5.575834141002503408e+00,5.839585722167393911e+00,7.912547434946715086e-01,-1.919246046800182626e+00,8.682008696694488492e+00
5.582118828694840218e+00,5.839585722167393911e+00,7.724006804176610785e-01,-1.885406307701043005e+00,8.696994372716618571e+00
5.588292215824449016e+00,5.839585722167393911e+00,7.538805190288346836e-01,-1.852016138882639495e+00,8.711864380146195685e+00
5.594355789392072786e+00,5.839585722167393911e+00,7.356897983259633733e-01,-1.819072070287131027e+00,8.726617728038831956e+00
5.600311024732500087e+00,5.839585722167393911e+00,7.178240923046814714e-01,-1.786570602128190188e+00,8.741253490176491781e+00
5.606159385421944918e+00,5.839585722167393911e+00,7.002790102363469771e-01,-1.754508206833449435e+00,8.755770803402898039e+00
5.611902323191729991e+00,5.839585722167393911e+00,6.830501969269917595e-01,-1.722881330935521760e+00,8.770168865991470497e+00
5.617541277848114412e+00,5.839585722167393911e+00,6.661333329578384976e-01,-1.691686396915326185e+00,8.784446936042513698e+00
5.623077677198103252e+00,5.839585722167393911e+00,6.495241349078719750e-01,-1.660919804996652260e+00,8.798604329911221100e+00
5.628512936981082682e+00,5.839585722167393911e+00,6.332183555589336876e-01,-1.630577934893828740e+00,8.812640420665104557e+00
5.633848460806128777e+00,5.839585722167393911e+00,6.172117840837954006e-01,-1.600657147513828704e+00,8.826554636569966306e+00
5.639085640094831930e+00,5.839585722167393911e+00,6.015002462176859410e-01,-1.571153786610945957e+00,8.840346459606740481e+00
5.644225854029495615e+00,5.839585722167393911e+00,5.860796044136948879e-01,-1.542064180399105311e+00,8.854015424014590963e+00
5.649270469506561199e+00,5.839585722167393911e+00,5.709457579824981366e-01,-1.513384643119675133e+00,8.867561114862823501e+00
5.654220841095113137e+00,5.839585722167393911e+00,5.560946432168423215e-01,-1.485111476565581512e+00,8.880983166651262195e+00
5.659078311000329542e+00,5.839585722167393911e+00,5.415222335011931065e-01,-1.457240971564921495e+00,8.894281261936271221e+00
5.663844209031739574e+00,5.839585722167393911e+00,5.272245394069630109e-01,-1.429769409423009563e+00,8.907455129983954834e+00
5.668519852576148210e+00,5.839585722167393911e+00,5.131976087737371017e-01,-1.402693063322590916e+00,8.920504545451146683e+00
5.673106546575102271e+00,5.839585722167393911e+00,4.994375267768749183e-01,-1.376008199686218347e+00,8.933429327090657068e+00
5.677605583506765363e+00,5.839585722167393911e+00,4.859404159818856428e-01,-1.349711079498927546e+00,8.946229336482957706e+00
5.682018243372076505e+00,5.839585722167393911e+00,4.727024363859522182e-01,-1.323797959593342455e+00,8.958904476792611149e+00
5.686345793685067207e+00,5.839585722167393911e+00,4.597197854469801115e-01,-1.298265093897210676e+00,8.971454691549769933e+00
5.690589489467212658e+00,5.839585722167393911e+00,4.469886981005437576e-01,-1.273108734643635387e+00,8.983879963456908868e+00
5.694750573245704217e+00,5.839585722167393911e+00,4.345054467650690810e-01,-1.248325133547467658e+00,8.996180313217601920e+00
5.698830275055517092e+00,5.839585722167393911e+00,4.222663413356304574e-01,-1.223910542943862367e+00,9.008355798391768587e+00
5.702829812445169289e+00,5.839585722167393911e+00,4.102677291666738668e-01,-1.199861216895659055e+00,9.020406512271016197e+00
5.706750390486048374e+00,5.839585722167393911e+00,3.985059950440366094e-01,-1.176173412263725737e+00,9.032332582780311370e+00
5.710593201785205686e+00,5.839585722167393911e+00,3.869775611465646747e-01,-1.152843389747193470e+00,9.044134171399370814e+00
5.714359426501502526e+00,5.839585722167393911e+00,3.756788869976741552e-01,-1.129867414889051958e+00,9.055811472108622695e+00
5.718050232365010643e+00,5.839585722167393911e+00,3.646064694071498025e-01,-1.107241759052435270e+00,9.067364710354715029e+00
5.721666774699554203e+00,5.839585722167393911e+00,3.537568424035191228e-01,-1.084962700363067967e+00,9.078794142040450765e+00
5.725210196448301758e+00,5.839585722167393911e+00,3.431265771572764578e-01,-1.063026524624266500e+00,9.090100052533010455e+00
5.728681628202302534e+00,5.839585722167393911e+00,3.327122818952741312e-01,-1.041429526200232658e+00,9.101282755695041971e+00
5.732082188231872877e+00,5.839585722167393911e+00,3.225106018065631019e-01,-1.020168008871102927e+00,9.112342592935460672e+00
5.735412982520736946e+00,5.839585722167393911e+00,3.125182189399708932e-01,-9.992382866592208757e-01,9.123279932280750515e+00
5.738675104802829274e+00,5.839585722167393911e+00,3.027318520936939095e-01,-9.786366846276983722e-01,9.134095167465996923e+00
5.741869636601667715e+00,5.839585722167393911e+00,2.931482566971785886e-01,-9.583595396515320886e-01,9.144788717045646109e+00
5.744997647272210628e+00,5.839585722167393911e+00,2.837642246855498485e-01,-9.384032011628740122e-01,9.155361023522676334e+00
5.748060194045105931e+00,5.839585722167393911e+00,2.745765843668639405e-01,-9.187640318685907914e-01,9.165812552498273647e+00
5.751058322073251183e+00,5.839585722167393911e+00,2.655822002824281824e-01,-8.994384084435758098e-01,9.176143791838853758e+00
5.753993064480580344e+00,5.839585722167393911e+00,2.567779730604407007e-01,-8.804227221987481755e-01,9.186355250861693023e+00
5.756865442412995471e+00,5.839585722167393911e+00,2.481608392631953208e-01,-8.617133797245379867e-01,9.196447459538656943e+00
5.759676465091364328e+00,5.839585722167393911e+00,2.397277712280887485e-01,-8.433068035106572324e-01,9.206420967717431125e+00
5.762427129866504849e+00,5.839585722167393911e+00,2.314757769026671852e-01,-8.251994325421563303e-01,9.216276344360512240e+00
5.765118422276081844e+00,5.839585722167393911e+00,2.234018996739361995e-01,-8.073877228730985678e-01,9.226014176800838129e+00
5.767751316103338688e+00,5.839585722167393911e+00,2.155032181921656687e-01,-7.898681481770530866e-01,9.235635070015113968e+00
5.770326773437597367e+00,5.839585722167393911e+00,2.077768461893896301e-01,-7.726372002776038528e-01,9.245139645911786275e+00
5.772845744736446960e+00,5.839585722167393911e+00,2.002199322928408520e-01,-7.556913896548778098e-01,9.254528542637963540e+00
5.775309168889560141e+00,5.839585722167393911e+00,1.928296598335013101e-01,-7.390272459339541911e-01,9.263802413899547616e+00
5.777717973284064001e+00,5.839585722167393911e+00,1.856032466499897282e-01,-7.226413183511581906e-01,9.272961928298832035e+00
5.780073073871397682e+00,5.839585722167393911e+00,1.785379448879886866e-01,-7.065301762001041652e-01,9.282007768687885019e+00
5.782375375235599968e+00,5.839585722167393911e+00,1.716310407953818284e-01,-6.906904092606858114e-01,9.290940631534695626e+00
5.784625770662955802e+00,5.839585722167393911e+00,1.648798545133143278e-01,-6.751186282067500599e-01,9.299761226306564765e+00
5.786825142212942197e+00,5.839585722167393911e+00,1.582817398633551420e-01,-6.598114649959185840e-01,9.308470274867437055e+00
5.788974360790414941e+00,5.839585722167393911e+00,1.518340841309369083e-01,-6.447655732418233754e-01,9.317068510889114918e+00
5.791074286218976575e+00,5.839585722167393911e+00,1.455343078452520089e-01,-6.299776285684899335e-01,9.325556679276761685e+00
5.793125767315466135e+00,5.839585722167393911e+00,1.393798645557833282e-01,-6.154443289468680689e-01,9.333935535608915757e+00
5.795129641965516498e+00,5.839585722167393911e+00,1.333682406056322378e-01,-6.011623950151090412e-01,9.342205845590523694e+00
5.797086737200126016e+00,5.839585722167393911e+00,1.274969549018036830e-01,-5.871285703828554858e-01,9.350368384518947806e+00
5.798997869273187611e+00,5.839585722167393911e+00,1.217635586826188998e-01,-5.733396219184783149e-01,9.358423936764140194e+00
5.800863843739925585e+00,5.839585722167393911e+00,1.161656352824049776e-01,-5.597923400213922207e-01,9.366373295261013254e+00
5.802685455536189529e+00,5.839585722167393911e+00,1.107007998936131443e-01,-5.464835388791833282e-01,9.374217261014429425e+00
5.804463489058554693e+00,5.839585722167393911e+00,1.053666993265176544e-01,-5.334100567095489964e-01,9.381956642616970043e+00
5.806198718245181745e+00,5.839585722167393911e+00,1.001610117666364985e-01,-5.205687559881155835e-01,9.389592255778520524e+00
5.807891906657387082e+00,5.839585722167393911e+00,9.508144653002048585e-02,-5.079565236616012669e-01,9.397124922868419716e+00
5.809543807561879269e+00,5.839585722167393911e+00,9.012574381654392397e-02,-4.955702713476561883e-01,9.404555472468889121e+00
5.811155164013618091e+00,5.839585722167393911e+00,8.529167446132746022e-02,-4.834069355216463748e-01,9.411884738939681583e+00
5.812726708939250919e+00,5.839585722167393911e+00,8.057703968442897491e-02,-4.714634776898485313e-01,9.419113561994581829e+00
5.814259165221082881e+00,5.839585722167393911e+00,7.597967083893308882e-02,-4.597368845495886092e-01,9.426242786289344977e+00
5.815753245781544400e+00,5.839585722167393911e+00,7.149742915754853101e-02,-4.482241681384557808e-01,9.433273261019092359e+00
5.817209653668107272e+00,5.839585722167393911e+00,6.712820549785991631e-02,-4.369223659688614703e-01,9.440205839528999832e+00
5.818629082138623509e+00,5.839585722167393911e+00,6.286992008631120399e-02,-4.258285411548712318e-01,9.447041378931441358e+00
5.820012214747032786e+00,5.839585722167393911e+00,5.872052226108337436e-02,-4.149397825227829628e-01,9.453780739738300909e+00
5.821359725429415377e+00,5.839585722167393911e+00,5.467799021393560110e-02,-4.042532047147773255e-01,9.460424785499158773e+00
5.822672278590347972e+00,5.839585722167393911e+00,5.074033073113781711e-02,-3.937659482797783994e-01,9.466974382451359915e+00
5.823950529189525938e+00,5.839585722167393911e+00,4.690557893360391972e-02,-3.834751797533897388e-01,9.473430399180214678e+00
5.825195122828621841e+00,5.839585722167393911e+00,4.317179801631620961e-02,-3.733780917287710110e-01,9.479793706287544808e+00
5.826406695838346472e+00,5.839585722167393911e+00,3.953707898714231561e-02,-3.634719029173894000e-01,9.486065176069754301e+00
5.827585875365677737e+00,5.839585722167393911e+00,3.599954040514852238e-02,-3.537538581993793230e-01,9.492245682205769697e+00
5.828733279461229877e+00,5.839585722167393911e+00,3.255732811849210151e-02,-3.442212286656420872e-01,9.498336099452849624e+00
5.829849517166727502e+00,5.839585722167393911e+00,2.920861500199922745e-02,-3.348713116492874065e-01,9.504337303352713207e+00
5.830935188602560437e+00,5.839585722167393911e+00,2.595160069450042073e-02,-3.257014307498806716e-01,9.510250169944619358e+00
5.831990885055387430e+00,5.839585722167393911e+00,2.278451133601944179e-02,-3.167089358480978944e-01,9.516075575487921157e+00
5.833017189065763830e+00,5.839585722167393911e+00,1.970559930489024225e-02,-3.078912031129199534e-01,9.521814396191970786e+00
5.834014674515759502e+00,5.839585722167393911e+00,1.671314295490322621e-02,-2.992456349987016040e-01,9.527467507956203008e+00
5.834983906716550095e+00,5.839585722167393911e+00,1.380544635253144747e-02,-2.907696602371778738e-01,9.533035786115354071e+00
5.835925442495952353e+00,5.839585722167393911e+00,1.098083901432467258e-02,-2.824607338206774898e-01,9.538520105193647680e+00
5.836839830285874164e+00,5.839585722167393911e+00,8.237675644559239174e-03,-2.743163369765433401e-01,9.543921338668017285e+00
5.837727610209662465e+00,5.839585722167393911e+00,5.574335873194335989e-03,-2.663339771364903186e-01,9.549240358736703627e+00
5.838589314169325029e+00,5.839585722167393911e+00,2.989223994206646751e-03,-2.585111878987689238e-01,9.554478036095439109e+00
5.839425465932596815e+00,5.839585722167393911e+00,4.807687043912878266e-04,-2.508455289815358924e-01,9.559635239722855005e+00
5.840236581219841128e+00,5.839585722167393911e+00,-1.952577157341650604e-03,-2.433345861732938431e-01,9.564712836669365004e+00
5.841023167790751813e+00,5.839585722167393911e+00,-4.312336870073707473e-03,-2.359759712732056869e-01,9.569711691856721103e+00
5.841785725530848516e+00,5.839585722167393911e+00,-6.600010090363817028e-03,-2.287673220290109555e-01,9.574632667880624837e+00
5.842524746537733016e+00,5.839585722167393911e+00,-8.817073111017315057e-03,-2.217063020653498029e-01,9.579476624823634268e+00
5.843240715207100422e+00,5.839585722167393911e+00,-1.096497911911953338e-02,-2.147906008102218323e-01,9.584244420070659132e+00
5.843934108318475040e+00,5.839585722167393911e+00,-1.304515845324338841e-02,-2.080179334123855028e-01,9.588936908134371606e+00
5.844605395120662905e+00,5.839585722167393911e+00,-1.505901885980698296e-02,-2.013860406563594552e-01,9.593554940483834059e+00
5.845255037416898780e+00,5.839585722167393911e+00,-1.700794574851460794e-02,-1.948926888707624983e-01,9.598099365380722503e+00
5.845883489649672526e+00,5.839585722167393911e+00,-1.889330244683584681e-02,-1.885356698321238866e-01,9.602571027721040764e+00
5.846491198985218851e+00,5.839585722167393911e+00,-2.071643045347482115e-02,-1.823128006638974341e-01,9.606970768882629130e+00
5.847078605397653561e+00,5.839585722167393911e+00,-2.247864969077895125e-02,-1.762219237304130104e-01,9.611299426578808536e+00
5.847646141752745663e+00,5.839585722167393911e+00,-2.418125875605525721e-02,-1.702609065276305955e-01,9.615557834716314645e+00
5.848194233891309324e+00,5.839585722167393911e+00,-2.582553517174623892e-02,-1.644276415690981707e-01,9.619746823259156088e+00
5.848723300712198814e+00,5.839585722167393911e+00,-2.741273563441470884e-02,-1.587200462668469925e-01,9.623867218098737908e+00
5.849233754254898443e+00,5.839585722167393911e+00,-2.894409626251359668e-02,-1.531360628098887844e-01,9.627919840927598116e+00
5.849725999781690611e+00,5.839585722167393911e+00,-3.042083284289009981e-02,-1.476736580376503127e-01,9.631905509119459197e+00
5.850200435859394865e+00,5.839585722167393911e+00,-3.184414107600286314e-02,-1.423308233112763332e-01,9.635825035612722189e+00
5.850657454440660210e+00,5.839585722167393911e+00,-3.321519681979889782e-02,-1.371055743796034676e-01,9.639679228800599020e+00
5.851097440944806216e+00,5.839585722167393911e+00,-3.453515633223691594e-02,-1.319959512438018123e-01,9.643468892423960881e+00
5.851520774338194286e+00,5.839585722167393911e+00,-3.580515651240112618e-02,-1.270000180164210235e-01,9.647194825471178348e+00
5.851927827214129962e+00,5.839585722167393911e+00,-3.702631514020815473e-02,-1.221158627807028552e-01,9.650857822079089487e+00
5.852318965872273182e+00,5.839585722167393911e+00,-3.819973111463781379e-02,-1.173415974429659059e-01,9.654458671442396778e+00
5.852694550397560924e+00,5.839585722167393911e+00,-3.932648469050104012e-02,-1.126753575863226331e-01,9.657998157723177712e+00
5.853054934738620929e+00,5.839585722167393911e+00,-4.040763771368105495e-02,-1.081153023180014827e-01,9.661477059968317960e+00
5.853400466785677381e+00,5.839585722167393911e+00,-4.144423385485040967e-02,-1.036596141169354723e-01,9.664896152028214615e+00
5.853731488447937004e+00,5.839585722167393911e+00,-4.243729884162927846e-02,-9.930649867788687857e-02,9.668256202480485229e+00
5.854048335730444919e+00,5.839585722167393911e+00,-4.338784068915302328e-02,-9.505418475237448206e-02,9.671557974558472992e+00
5.854351338810408478e+00,5.839585722167393911e+00,-4.429684992904370233e-02,-9.090092398906790550e-02,9.674802226081888890e+00
5.854640822112980203e+00,5.839585722167393911e+00,-4.516529983675887649e-02,-8.684499077151741631e-02,9.677989709391724205e+00
5.854917104386490934e+00,5.839585722167393911e+00,-4.599414665729106844e-02,-8.288468205321919413e-02,9.681121171289490235e+00
5.855180498777130538e+00,5.839585722167393911e+00,-4.678432982920988081e-02,-7.901831719188123770e-02,9.684197352978909379e+00
5.855431312903068175e+00,5.839585722167393911e+00,-4.753677220702279271e-02,-7.524423778129119000e-02,9.687218990011686515e+00
5.855669848928006793e+00,5.839585722167393911e+00,-4.825238028183864714e-02,-7.156080748158544225e-02,9.690186812236575520e+00
5.855896403634169189e+00,5.839585722167393911e+00,-4.893204440032583591e-02,-6.796641184871887731e-02,9.693101543750955784e+00
5.856111268494706756e+00,5.839585722167393911e+00,-4.957663898193853669e-02,-6.445945816127007788e-02,9.695963902856792771e+00
5.856314729745530023e+00,5.839585722167393911e+00,-5.018702273440833750e-02,-6.103837524698008110e-02,9.698774602018612967e+00
5.856507068456554777e+00,5.839585722167393911e+00,-5.076403886748259708e-02,-5.770161330742595851e-02,9.701534347825091942e+00
5.856688560602361981e+00,5.839585722167393911e+00,-5.130851530490421197e-02,-5.444764374216148894e-02,9.704243840952933908e+00
5.856859477132264402e+00,5.839585722167393911e+00,-5.182126489461147401e-02,-5.127495897072620323e-02,9.706903776134662820e+00
5.857020084039780805e+00,5.839585722167393911e+00,-5.230308561716068283e-02,-4.818207225492088241e-02,9.709514842127919820e+00
5.857170642431509755e+00,5.839585722167393911e+00,-5.275476079234753257e-02,-4.516751751868497422e-02,9.712077721688967102e+00
5.857311408595407443e+00,5.839585722167393911e+00,-5.317705928404059534e-02,-4.222984916930627719e-02,9.714593091546653625e+00
5.857442634068459775e+00,5.839585722167393911e+00,-5.357073570319759170e-02,-3.936764191569963600e-02,9.717061622381102381e+00
5.857564565703750503e+00,5.839585722167393911e+00,-5.393653060906977714e-02,-3.657949058721854385e-02,9.719483978803712176e+00
5.857677445736921840e+00,5.839585722167393911e+00,-5.427517070858378645e-02,-3.386400995140093073e-02,9.721860819340015780e+00
5.857781511852026668e+00,5.839585722167393911e+00,-5.458736905389827143e-02,-3.121983453144849818e-02,9.724192796414653728e+00
5.857876997246773243e+00,5.839585722167393911e+00,-5.487382523813799651e-02,-2.864561842397250757e-02,9.726480556337889993e+00
5.857964130697153493e+00,5.839585722167393911e+00,-5.513522558927874684e-02,-2.614003511407503311e-02,9.728724739296646717e+00
5.858043136621463809e+00,5.839585722167393911e+00,-5.537224336220969434e-02,-2.370177729309475012e-02,9.730925979344696941e+00
5.858114235143708548e+00,5.839585722167393911e+00,-5.558553892894391169e-02,-2.132955667342173456e-02,9.733084904397635739e+00
5.858177642156392473e+00,5.839585722167393911e+00,-5.577575996699568606e-02,-1.902210380517743715e-02,9.735202136227826486e+00
5.858233569382699457e+00,5.839585722167393911e+00,-5.594354164591663903e-02,-1.677816789209529702e-02,9.737278290461988561e+00
5.858282224438053021e+00,5.839585722167393911e+00,-5.608950681197732990e-02,-1.459651660606908763e-02,9.739313976581954080e+00
5.858323810891064021e+00,5.839585722167393911e+00,-5.621426617101032974e-02,-1.247593590329998392e-02,9.741309797925691072e+00
5.858358528323868164e+00,5.839585722167393911e+00,-5.631841846942275964e-02,-1.041522984124299001e-02,9.743266351689335636e+00
5.858386572391840907e+00,5.839585722167393911e+00,-5.640255067334098982e-02,-8.413220391823017508e-03,9.745184228934835602e+00
5.858408134882707508e+00,5.839585722167393911e+00,-5.646723814594079016e-02,-6.468747259980034414e-03,9.747064014594080561e+00
5.858423403775033123e+00,5.839585722167393911e+00,-5.651304482291763520e-02,-4.580667697684503992e-03,9.748906287479398358e+00
5.858432563296107176e+00,5.839585722167393911e+00,-5.654052338613979600e-02,-2.747856322216080116e-03,9.750711620291644621e+00
5.858435793979210437e+00,5.839585722167393911e+00,-5.655021543544958007e-02,-9.692049309784067646e-04,9.752480579633573399e+00
5.858433272720276364e+00,5.839585722167393911e+00,-5.654265165864735820e-02,7.563776802221866546e-04,9.754213726021575326e+00
5.858425172833944927e+00,5.839585722167393911e+00,-5.651835199965304923e-02,2.429965899430897025e-03,9.755911613899778345e+00
5.858411664109003603e+00,5.839585722167393911e+00,-5.647782582482907543e-02,4.052617482397380400e-03,9.757574791657567914e+00
5.858392912863227942e+00,5.839585722167393911e+00,-5.642157208750209207e-02,5.625373732698335516e-03,9.759203801645195853e+00
5.858369081997616412e+00,5.839585722167393911e+00,-5.635007949066750399e-02,7.149259683458808468e-03,9.760799180192790914e+00
5.858340331050023941e+00,5.839585722167393911e+00,-5.626382664789009169e-02,8.625284277741229744e-03,9.762361457629850747e+00
5.858306816248195048e+00,5.839585722167393911e+00,-5.616328224240341171e-02,1.005444054866799775e-02,9.763891158306265083e+00
5.858268690562196568e+00,5.839585722167393911e+00,-5.604890518440797109e-02,1.143770579954406230e-02,9.765388800615136589e+00
5.858226103756259739e+00,5.839585722167393911e+00,-5.592114476659748590e-02,1.277604178104851940e-02,9.766854897014450643e+00
5.858179202440024547e+00,5.839585722167393911e+00,-5.578044081789190756e-02,1.407039487055783411e-02,9.768289954052665536e+00
5.858128130119194310e+00,5.839585722167393911e+00,-5.562722385540119774e-02,1.532169624907098182e-02,9.769694472393670281e+00
5.858073027245603193e+00,5.839585722167393911e+00,-5.546191523462784545e-02,1.653086207733522883e-02,9.771068946842706993e+00
5.858014031266696620e+00,5.839585722167393911e+00,-5.528492729790812632e-02,1.769879367197191300e-02,9.772413866374064284e+00
5.857951276674427277e+00,5.839585722167393911e+00,-5.509666352110009768e-02,1.882637768080286378e-02,9.773729714159703263e+00
5.857884895053573793e+00,5.839585722167393911e+00,-5.489751865853964574e-02,1.991448625604519407e-02,9.775016967597505158e+00
5.857815015129480329e+00,5.839585722167393911e+00,-5.468787888625925575e-02,2.096397722803899910e-02,9.776276098341780241e+00
5.857741762815221520e+00,5.839585722167393911e+00,-5.446812194348282787e-02,2.197569427764278771e-02,9.777507572334160457e+00
5.857665261258195422e+00,5.839585722167393911e+00,-5.423861727240453234e-02,2.295046710782955302e-02,9.778711849835424630e+00
5.857585630886153361e+00,5.839585722167393911e+00,-5.399972615627834926e-02,2.388911161261830784e-02,9.779889385456339568e+00
5.857502989452656905e+00,5.839585722167393911e+00,-5.375180185578898318e-02,2.479243004893660896e-02,9.781040628193148123e+00
5.857417452081979725e+00,5.839585722167393911e+00,-5.349518974375744307e-02,2.566121120315401072e-02,9.782166021459396177e+00
5.857329131313448123e+00,5.839585722167393911e+00,-5.323022743816263613e-02,2.649623055948069350e-02,9.783266003121319443e+00
5.857238137145229118e+00,5.839585722167393911e+00,-5.295724493350562057e-02,2.729825046570155678e-02,9.784341005532196434e+00
5.857144577077563419e+00,5.839585722167393911e+00,-5.267656473050852384e-02,2.806802029970967283e-02,9.785391455569200758e+00
5.857048556155453944e+00,5.839585722167393911e+00,-5.238850196418010086e-02,2.880627663284229811e-02,9.786417774668663583e+00
5.856950177010811665e+00,5.839585722167393911e+00,-5.209336453025326108e-02,2.951374339268397762e-02,9.787420378862432102e+00
5.856849539904055213e+00,5.839585722167393911e+00,-5.179145320998390645e-02,3.019113202693546327e-02,9.788399678816951166e+00
5.856746742765181146e+00,5.839585722167393911e+00,-5.148306179336170629e-02,3.083914166222001541e-02,9.789356079868859695e+00
5.856641881234293301e+00,5.839585722167393911e+00,-5.116847720069817029e-02,3.145845926635360001e-02,9.790289982065655039e+00
5.856535048701612567e+00,5.839585722167393911e+00,-5.084797960265596828e-02,3.204975980422020143e-02,9.791201780201564731e+00
5.856426336346951977e+00,5.839585722167393911e+00,-5.052184253867419983e-02,3.261370639817684491e-02,9.792091863859504031e+00
5.856315833178677543e+00,5.839585722167393911e+00,-5.019033303385089795e-02,3.315095048233018815e-02,9.792960617448478899e+00
5.856203626072147728e+00,5.839585722167393911e+00,-4.985371171426145054e-02,3.366213195894474097e-02,9.793808420244683788e+00
5.856089799807642216e+00,5.839585722167393911e+00,-4.951223292074491411e-02,3.414787935165364274e-02,9.794635646430908338e+00
5.855974437107779984e+00,5.839585722167393911e+00,-4.916614482115821971e-02,3.460880995866943977e-02,9.795442665137510829e+00
5.855857618674431109e+00,5.839585722167393911e+00,-4.881568952111159376e-02,3.504553000466259505e-02,9.796229840483551499e+00
5.855739423225131191e+00,5.839585722167393911e+00,-4.846110317321183913e-02,3.545863478997546281e-02,9.796997531616764121e+00
5.855619927528992186e+00,5.839585722167393911e+00,-4.810261608479482476e-02,3.584870884170143768e-02,9.797746092756906222e+00
5.855499206442129179e+00,5.839585722167393911e+00,-4.774045282420580349e-02,3.621632605890212631e-02,9.798475873234696820e+00
5.855377332942589774e+00,5.839585722167393911e+00,-4.737483232558759028e-02,3.656204986182132188e-02,9.799187217536234229e+00
5.855254378164803875e+00,5.839585722167393911e+00,-4.700596799222989119e-02,3.688643333576990813e-02,9.799880465343541402e+00
5.855130411433552062e+00,5.839585722167393911e+00,-4.663406779847445449e-02,3.719001937554367032e-02,9.800555951577070601e+00
5.855005500297457921e+00,5.839585722167393911e+00,-4.625933439019203064e-02,3.747334082824238521e-02,9.801214006438051740e+00
5.854879710562007844e+00,5.839585722167393911e+00,-4.588196518384179967e-02,3.773692063502309679e-02,9.801854955451181795e+00
5.854753106322102774e+00,5.839585722167393911e+00,-4.550215246412658843e-02,3.798127197152112444e-02,9.802479119507395922e+00
5.854625749994148975e+00,5.839585722167393911e+00,-4.512008348026519400e-02,3.820689838613944289e-02,9.803086814905874746e+00
5.854497702347685184e+00,5.839585722167393911e+00,-4.473594054087381977e-02,3.841429393913742274e-02,9.803678353398264989e+00
5.854369022536561218e+00,5.839585722167393911e+00,-4.434990110750192116e-02,3.860394333718986104e-02,9.804254042229688437e+00
5.854239768129660959e+00,5.839585722167393911e+00,-4.396213788680114476e-02,3.877632207007764009e-02,9.804814184183276993e+00
5.854109995141178580e+00,5.839585722167393911e+00,-4.357281892135400625e-02,3.893189654471385097e-02,9.805359077623361230e+00
5.853979758060458671e+00,5.839585722167393911e+00,-4.318210767919428150e-02,3.907112421597247476e-02,9.805889016536777802e+00
5.853849109881392287e+00,5.839585722167393911e+00,-4.279016314199513005e-02,3.919445371991514548e-02,9.806404290577919625e+00
5.853718102131383993e+00,5.839585722167393911e+00,-4.239713989197024802e-02,3.930232500248820315e-02,9.806905185110519341e+00
5.853586784899886375e+00,5.839585722167393911e+00,-4.200318819747739241e-02,3.939516944928556086e-02,9.807391981251807778e+00
5.853455206866514438e+00,5.839585722167393911e+00,-4.160845409736158018e-02,3.947341001158122253e-02,9.807864955914219252e+00
5.853323415328733681e+00,5.839585722167393911e+00,-4.121307948401931043e-02,3.953746133422697540e-02,9.808324381850209051e+00
5.853191456229137835e+00,5.839585722167393911e+00,-4.081720218523177124e-02,3.958772987875391891e-02,9.808770527693521757e+00
5.853059374182310926e+00,5.839585722167393911e+00,-4.042095604475104409e-02,3.962461404807271492e-02,9.809203658003323056e+00
5.852927212501284338e+00,5.839585722167393911e+00,-4.002447100167128013e-02,3.964850430797639547e-02,9.809624033306306501e+00
5.852795013223588860e+00,5.839585722167393911e+00,-3.962787316858484843e-02,3.965978330864317059e-02,9.810031910140057931e+00
5.852662817136907059e+00,5.839585722167393911e+00,-3.923128490853944328e-02,3.965882600454051499e-02,9.810427541096000681e+00
5.852530663804334843e+00,5.839585722167393911e+00,-3.883482491082279608e-02,3.964599977166471945e-02,9.810811174860841533e+00
5.852398591589248689e+00,5.839585722167393911e+00,-3.843860826556433352e-02,3.962166452584625631e-02,9.811183056260283308e+00
5.852266637679789163e+00,5.839585722167393911e+00,-3.804274653718575649e-02,3.958617283785770269e-02,9.811543426300673332e+00
5.852134838112958981e+00,5.839585722167393911e+00,-3.764734783669521079e-02,3.953987004905457070e-02,9.811892522212360745e+00
5.852003227798350693e+00,5.839585722167393911e+00,-3.725251689287034651e-02,3.948309438248642778e-02,9.812230577489616579e+00
5.851871840541490677e+00,5.839585722167393911e+00,-3.685835512229029831e-02,3.941617705800481986e-02,9.812557821935715907e+00
5.851740709066824309e+00,5.839585722167393911e+00,-3.646496069829119335e-02,3.933944239991049585e-02,9.812874481701619800e+00
5.851609865040328096e+00,5.839585722167393911e+00,-3.607242861880255447e-02,3.925320794886388853e-02,9.813180779330060943e+00
5.851479339091765652e+00,5.839585722167393911e+00,-3.568085077311522468e-02,3.915778456873297841e-02,9.813476933795618251e+00
5.851349160836582186e+00,5.839585722167393911e+00,-3.529031600756482590e-02,3.905347655503987880e-02,9.813763160547475550e+00
5.851219358897453482e+00,5.839585722167393911e+00,-3.490091019017871332e-02,3.894058173861125738e-02,9.814039671548432153e+00
5.851089960925479616e+00,5.839585722167393911e+00,-3.451271627425711586e-02,3.881939159215974655e-02,9.814306675317903128e+00
5.850960993621037609e+00,5.839585722167393911e+00,-3.412581436093109488e-02,3.869019133260209742e-02,9.814564376971670612e+00
5.850832482754293018e+00,5.839585722167393911e+00,-3.374028176069732154e-02,3.855326002337733371e-02,9.814812978262679621e+00
5.850704453185374909e+00,5.839585722167393911e+00,-3.335619305394299516e-02,3.840887067543263811e-02,9.815052677621491029e+00
5.850576928884218653e+00,5.839585722167393911e+00,-3.297362015047422545e-02,3.825729034687697094e-02,9.815283670196404131e+00
5.850449932950081866e+00,5.839585722167393911e+00,-3.259263234806386578e-02,3.809878024103596772e-02,9.815506147892971711e+00
5.850323487630734398e+00,5.839585722167393911e+00,-3.221329639002146195e-02,3.793359580424038313e-02,9.815720299414220307e+00
5.850197614341328567e+00,5.839585722167393911e+00,-3.183567652180396834e-02,3.776198682174936039e-02,9.815926310299946778e+00
5.850072333682952319e+00,5.839585722167393911e+00,-3.145983454667522494e-02,3.758419751287433996e-02,9.816124362966199612e+00
5.849947665460873303e+00,5.839585722167393911e+00,-3.108582988043817608e-02,3.740046662370488662e-02,9.816314636743268096e+00
5.849823628702468525e+00,5.839585722167393911e+00,-3.071371960522384370e-02,3.721102752143323755e-02,9.816497307916209891e+00
5.849700241674854695e+00,5.839585722167393911e+00,-3.034355852238235229e-02,3.701610828414914067e-02,9.816672549761767286e+00
5.849577521902217470e+00,5.839585722167393911e+00,-2.997539920447067630e-02,3.681593179116759984e-02,9.816840532586697421e+00
5.849455486182838726e+00,5.839585722167393911e+00,-2.960929204633444556e-02,3.661071581362307370e-02,9.817001423767289126e+00
5.849334150605836946e+00,5.839585722167393911e+00,-2.924528531532910591e-02,3.640067310053396454e-02,9.817155387785206244e+00
5.849213530567613617e+00,5.839585722167393911e+00,-2.888342520065911856e-02,3.618601146699873539e-02,9.817302586266340114e+00
5.849093640788017190e+00,5.839585722167393911e+00,-2.852375586186983725e-02,3.596693387892813121e-02,9.817443178017057903e+00
5.848974495326221934e+00,5.839585722167393911e+00,-2.816631947648406964e-02,3.574363853857676077e-02,9.817577319062092300e+00
5.848856107596333231e+00,5.839585722167393911e+00,-2.781115628681796181e-02,3.551631896661078258e-02,9.817705162679793318e+00
5.848738490382712207e+00,5.839585722167393911e+00,-2.745830464595488962e-02,3.528516408630721912e-02,9.817826859440351939e+00
5.848621655855035684e+00,5.839585722167393911e+00,-2.710780106292531855e-02,3.505035830295710753e-02,9.817942557240032286e+00
5.848505615583082573e+00,5.839585722167393911e+00,-2.675968024706598669e-02,3.481208158593318558e-02,9.818052401338867696e+00
5.848390380551263590e+00,5.839585722167393911e+00,-2.641397515160903708e-02,3.457050954569496071e-02,9.818156534394086421e+00
5.848275961172884507e+00,5.839585722167393911e+00,-2.607071701647178941e-02,3.432581351372476774e-02,9.818255096497253476e+00
5.848162367304154508e+00,5.839585722167393911e+00,-2.572993541028179010e-02,3.407816061899993088e-02,9.818348225208719526e+00
5.848049608257945842e+00,5.839585722167393911e+00,-2.539165827165579259e-02,3.382771386259975088e-02,9.818436055590943567e+00
5.847937692817295918e+00,5.839585722167393911e+00,-2.505591194970602231e-02,3.357463219497702767e-02,9.818518720245272391e+00
5.847826629248670471e+00,5.839585722167393911e+00,-2.472272124382968173e-02,3.331907058763405871e-02,9.818596349343804874e+00
5.847716425314979816e+00,5.839585722167393911e+00,-2.439210944275771453e-02,3.306118010719671929e-02,9.818669070664439502e+00
5.847607088288355293e+00,5.839585722167393911e+00,-2.406409836288414539e-02,3.280110798735691446e-02,9.818737009624474155e+00
5.847498624962693015e+00,5.839585722167393911e+00,-2.373870838589731136e-02,3.253899769868340286e-02,9.818800289312786589e+00
5.847391041665962241e+00,5.839585722167393911e+00,-2.341595849570499155e-02,3.227498901923198105e-02,9.818859030523526599e+00
5.847284344272283718e+00,5.839585722167393911e+00,-2.309586631466942208e-02,3.200921810355694674e-02,9.818913351788888022e+00
5.847178538213784194e+00,5.839585722167393911e+00,-2.277844813917084821e-02,3.174181754985738735e-02,9.818963369410687037e+00
5.847073628492226227e+00,5.839585722167393911e+00,-2.246371897449694899e-02,3.147291646738992199e-02,9.819009197492892582e+00
5.846969619690416842e+00,5.839585722167393911e+00,-2.215169256906879269e-02,3.120264054281562949e-02,9.819050947973746446e+00
5.846866515983404788e+00,5.839585722167393911e+00,-2.184238144803263282e-02,3.093111210361598751e-02,9.819088730655582964e+00
5.846764321149458432e+00,5.839585722167393911e+00,-2.153579694619356388e-02,3.065845018390689347e-02,9.819122653237712939e+00
5.846663038580835803e+00,5.839585722167393911e+00,-2.123194924032567599e-02,3.038477058678878961e-02,9.819152821346463611e+00
5.846562671294347702e+00,5.839585722167393911e+00,-2.093084738086137264e-02,3.011018594643033452e-02,9.819179338565568571e+00
5.846463221941716526e+00,5.839585722167393911e+00,-2.063249932296784550e-02,2.983480578935271410e-02,9.819202306466385366e+00
5.846364692819731701e+00,5.839585722167393911e+00,-2.033691195701337051e-02,2.955873659544749898e-02,9.819221824638434626e+00
5.846267085880210601e+00,5.839585722167393911e+00,-2.004409113845007084e-02,2.928208185632996674e-02,9.819237990717880393e+00
5.846170402739761407e+00,5.839585722167393911e+00,-1.975404171710248846e-02,2.900494213475823813e-02,9.819250900417657135e+00
5.846074644689354116e+00,5.839585722167393911e+00,-1.946676756588061608e-02,2.872741512218723869e-02,9.819260647556307120e+00
5.845979812703702372e+00,5.839585722167393911e+00,-1.918227160892538308e-02,2.844959569552329981e-02,9.819267324086599302e+00
5.845885907450459662e+00,5.839585722167393911e+00,-1.890055584919725362e-02,2.817157597281294557e-02,9.819271020123615301e+00
5.845792929299229002e+00,5.839585722167393911e+00,-1.862162139550527229e-02,2.789344536919813322e-02,9.819271823973693358e+00
5.845700878330395867e+00,5.839585722167393911e+00,-1.834546848900586724e-02,2.761529064994050486e-02,9.819269822160935135e+00
5.845609754343779052e+00,5.839585722167393911e+00,-1.807209652915542364e-02,2.733719598504436021e-02,9.819265099455890322e+00
5.845519556867107447e+00,5.839585722167393911e+00,-1.780150409914060816e-02,2.705924300148154771e-02,9.819257738902340549e+00
5.845430285164326278e+00,5.839585722167393911e+00,-1.753368899079710275e-02,2.678151083435054147e-02,9.819247821843553936e+00
5.845341938243729274e+00,5.839585722167393911e+00,-1.726864822900608942e-02,2.650407617910133240e-02,9.819235427950095740e+00
5.845254514865927398e+00,5.839585722167393911e+00,-1.700637809560046065e-02,2.622701334056287692e-02,9.819220635244963802e+00
5.845168013551649722e+00,5.839585722167393911e+00,-1.674687415276743252e-02,2.595039428330281339e-02,9.819203520130535878e+00
5.845082432589385313e+00,5.839585722167393911e+00,-1.649013126597420609e-02,2.567428867932264325e-02,9.819184157413349823e+00
5.844997770042862584e+00,5.839585722167393911e+00,-1.623614362640601883e-02,2.539876395681872623e-02,9.819162620330413205e+00
5.844914023758372323e+00,5.839585722167393911e+00,-1.598490477293523782e-02,2.512388534707810095e-02,9.819138980574143361e+00
5.844831191371939738e+00,5.839585722167393911e+00,-1.573640761363748197e-02,2.484971592977558430e-02,9.819113308316138600e+00
5.844749270316339285e+00,5.839585722167393911e+00,-1.549064444683612152e-02,2.457631668013604553e-02,9.819085672233299533e+00
5.844668257827962066e+00,5.839585722167393911e+00,-1.524760698170446460e-02,2.430374651316569157e-02,9.819056139531461724e+00
5.844588150953537564e+00,5.839585722167393911e+00,-1.500728635843096015e-02,2.403206232735044523e-02,9.819024775968919982e+00
5.844508946556709716e+00,5.839585722167393911e+00,-1.476967316794741691e-02,2.376131904835432351e-02,9.818991645880407404e+00
5.844430641324469988e+00,5.839585722167393911e+00,-1.453475747122823236e-02,2.349156967191845524e-02,9.818956812200690720e+00
5.844353231773451007e+00,5.839585722167393911e+00,-1.430252881817128952e-02,2.322286530569428464e-02,9.818920336487522604e+00
5.844276714256080751e+00,5.839585722167393911e+00,-1.407297626606052177e-02,2.295525521107677491e-02,9.818882278945016751e+00
5.844201084966604398e+00,5.839585722167393911e+00,-1.384608839763146193e-02,2.268878684290598358e-02,9.818842698445275019e+00
5.844126339946972948e+00,5.839585722167393911e+00,-1.362185333873711102e-02,2.242350588943509138e-02,9.818801652550698478e+00
5.844052475092596843e+00,5.839585722167393911e+00,-1.340025877560879763e-02,2.215945631283133821e-02,9.818759197537222150e+00
5.843979486157974357e+00,5.839585722167393911e+00,-1.318129197174133793e-02,2.189668038674597028e-02,9.818715388415004242e+00
5.843907368762192966e+00,5.839585722167393911e+00,-1.296493978439716699e-02,2.163521873441709431e-02,9.818670278950019537e+00
5.843836118394306389e+00,5.839585722167393911e+00,-1.275118868073743528e-02,2.137511036597317116e-02,9.818623921685237121e+00
5.843765730418588156e+00,5.839585722167393911e+00,-1.254002475358273472e-02,2.111639271547005592e-02,9.818576367961888707e+00
5.843696200079666170e+00,5.839585722167393911e+00,-1.233143373681677701e-02,2.085910167659577041e-02,9.818527667939779491e+00
5.843627522507538252e+00,5.839585722167393911e+00,-1.212540102043302426e-02,2.060327163837527564e-02,9.818477870617943637e+00
5.843559692722472221e+00,5.839585722167393911e+00,-1.192191166523492996e-02,2.034893551980943016e-02,9.818427023854574998e+00
5.843492705639792284e+00,5.839585722167393911e+00,-1.172095041719511954e-02,2.009612480398104140e-02,9.818375174386787307e+00
5.843426556074550859e+00,5.839585722167393911e+00,-1.152250172147084584e-02,1.984486957242737049e-02,9.818322367850957022e+00
5.843361238746094699e+00,5.839585722167393911e+00,-1.132654973610236482e-02,1.959519853684810187e-02,9.818268648800746234e+00
5.843296748282518216e+00,5.839585722167393911e+00,-1.113307834537291541e-02,1.934713907294494106e-02,9.818214060727573411e+00
5.843233079225014670e+00,5.839585722167393911e+00,-1.094207117286227771e-02,1.910071725106377016e-02,9.818158646078202878e+00
5.843170226032118997e+00,5.839585722167393911e+00,-1.075351159417525793e-02,1.885595786870197799e-02,9.818102446274526329e+00
5.843108183083850271e+00,5.839585722167393911e+00,-1.056738274936908084e-02,1.861288448061770850e-02,9.818045501731248237e+00
5.843046944685754696e+00,5.839585722167393911e+00,-1.038366755508235428e-02,1.837151942867265575e-02,9.817987851873590799e+00
5.842986505072846448e+00,5.839585722167393911e+00,-1.020234871635761209e-02,1.813188387247421929e-02,9.817929535156117993e+00
5.842926858413454383e+00,5.839585722167393911e+00,-1.002340873818141631e-02,1.789399781761957797e-02,9.817870589079438659e+00
5.842867998812970143e+00,5.839585722167393911e+00,-9.846829936728695998e-03,1.765788014527203131e-02,9.817811050208543833e+00
5.842809920317506567e+00,5.839585722167393911e+00,-9.672594450337967942e-03,1.742354863907280560e-02,9.817750954188735335e+00
5.842752616917461950e+00,5.839585722167393911e+00,-9.500684250204116665e-03,1.719102001338512764e-02,9.817690335763181508e+00
5.842696082550993708e+00,5.839585722167393911e+00,-9.331081150799391821e-03,1.696030994047248441e-02,9.817629228789673590e+00
5.842640311107404116e+00,5.839585722167393911e+00,-9.163766820030616600e-03,1.673143307687752213e-02,9.817567666256847403e+00
5.842585296430440778e+00,5.839585722167393911e+00,-8.998722789140600753e-03,1.650440308900158470e-02,9.817505680299861481e+00
5.842531032321507389e+00,5.839585722167393911e+00,-8.835930462340435554e-03,1.627923268001651991e-02,9.817443302217675694e+00
5.842477512542795459e+00,5.839585722167393911e+00,-8.675371126204645122e-03,1.605593361357904314e-02,9.817380562487375784e+00
5.842424730820332535e+00,5.839585722167393911e+00,-8.517025958815871434e-03,1.583451673887736888e-02,9.817317490780062883e+00
5.842372680846946942e+00,5.839585722167393911e+00,-8.360876038659093012e-03,1.561499201567784212e-02,9.817254115977018358e+00
5.842321356285159695e+00,5.839585722167393911e+00,-8.206902353297351738e-03,1.539736853617412748e-02,9.817190466182877273e+00
5.842270750769990251e+00,5.839585722167393911e+00,-8.055085807789019725e-03,1.518165455083320126e-02,9.817126568743045567e+00
5.842220857911695653e+00,5.839585722167393911e+00,-7.905407232905226067e-03,1.496785748837936580e-02,9.817062450255473749e+00
5.842171671298426183e+00,5.839585722167393911e+00,-7.757847393096817257e-03,1.475598398084088103e-02,9.816998136587745449e+00
5.842123184498815291e+00,5.839585722167393911e+00,-7.612386994264142004e-03,1.454603988326752528e-02,9.816933652889003881e+00
5.842075391064493139e+00,5.839585722167393911e+00,-7.469006691297686018e-03,1.433803029664559858e-02,9.816869023605349298e+00
5.842028284532531757e+00,5.839585722167393911e+00,-7.327687095413537577e-03,1.413195958841484412e-02,9.816804272493001804e+00
5.841981858427820029e+00,5.839585722167393911e+00,-7.188408781278354809e-03,1.392783141351827680e-02,9.816739422632240419e+00
5.841936106265371187e+00,5.839585722167393911e+00,-7.051152293931828297e-03,1.372564873465265123e-02,9.816674496440722208e+00
5.841891021552566343e+00,5.839585722167393911e+00,-6.915898155517297141e-03,1.352541384145311554e-02,9.816609515685936316e+00
5.841846597791330531e+00,5.839585722167393911e+00,-6.782626871809860347e-03,1.332712837074367940e-02,9.816544501498935205e+00
5.841802828480244791e+00,5.839585722167393911e+00,-6.651318938552641669e-03,1.313079332572186786e-02,9.816479474387168835e+00
5.841759707116596978e+00,5.839585722167393911e+00,-6.521954847609201522e-03,1.293640909434401465e-02,9.816414454246736199e+00
5.841717227198373941e+00,5.839585722167393911e+00,-6.394515092940089573e-03,1.274397546691119487e-02,9.816349460373970714e+00
5.841675382226188873e+00,5.839585722167393911e+00,-6.268980176384886249e-03,1.255349165552033242e-02,9.816284511479135944e+00
5.841634165705151815e+00,5.839585722167393911e+00,-6.145330613273713993e-03,1.236495631111722560e-02,9.816219625697844009e+00
5.841593571146684205e+00,5.839585722167393911e+00,-6.023546937870882800e-03,1.217836754028311930e-02,9.816154820602413622e+00
5.841553592070276579e+00,5.839585722167393911e+00,-5.903609708648005494e-03,1.199372292228773063e-02,9.816090113213640223e+00
5.841514222005190327e+00,5.839585722167393911e+00,-5.785499513389247284e-03,1.181101952587582105e-02,9.816025520012487959e+00
5.841475454492105257e+00,5.839585722167393911e+00,-5.669196974134038669e-03,1.163025392552086146e-02,9.815961056951387320e+00
5.841437283084715659e+00,5.839585722167393911e+00,-5.554682751965245302e-03,1.145142221687933670e-02,9.815896739464914589e+00
5.841399701351272178e+00,5.839585722167393911e+00,-5.441937551634801196e-03,1.127452003304441064e-02,9.815832582481409219e+00
5.841362702876077506e+00,5.839585722167393911e+00,-5.330942126050786101e-03,1.109954255840150950e-02,9.815768600432351221e+00
5.841326281260926123e+00,5.839585722167393911e+00,-5.221677280596637161e-03,1.092648454541489400e-02,9.815704807264818754e+00
5.841290430126500510e+00,5.839585722167393911e+00,-5.114123877319798339e-03,1.075534032768388215e-02,9.815641216450364581e+00
5.841255143113720294e+00,5.839585722167393911e+00,-5.008262838979149478e-03,1.058610383406488609e-02,9.815577840995086234e+00
5.841220413885039875e+00,5.839585722167393911e+00,-4.904075152937892312e-03,1.041876860412571659e-02,9.815514693451188322e+00
5.841186236125704312e+00,5.839585722167393911e+00,-4.801541874931203324e-03,1.025332780066889882e-02,9.815451785925738193e+00
5.841152603544961686e+00,5.839585722167393911e+00,-4.700644132703324374e-03,1.008977422278789504e-02,9.815389130090085956e+00
5.841119509877227500e+00,5.839585722167393911e+00,-4.601363129500768423e-03,9.928100320255595079e-03,9.815326737190755324e+00
5.841086948883212671e+00,5.839585722167393911e+00,-4.503680147456279315e-03,9.768298204448910838e-03,9.815264618056993129e+00
5.841054914351003546e+00,5.839585722167393911e+00,-4.407576550828906647e-03,9.610359662737266717e-03,9.815202783111908857e+00
5.841023400097105522e+00,5.839585722167393911e+00,-4.313033789134834706e-03,9.454276169407194175e-03,9.815141242380272857e+00
5.840992399967445792e+00,5.839585722167393911e+00,-4.220033400155642767e-03,9.300038897919193914e-03,9.815080005497764049e+00
5.840961907838335243e+00,5.839585722167393911e+00,-4.128557012823996786e-03,9.147638733164598079e-03,9.815019081720340210e+00
5.840931917617396607e+00,5.839585722167393911e+00,-4.038586350008088743e-03,8.997066281590804238e-03,9.814958479931583213e+00
5.840902423244451747e+00,5.839585722167393911e+00,-3.950103231173507368e-03,8.848311883458137572e-03,9.814898208652284239e+00
5.840873418692371644e+00,5.839585722167393911e+00,-3.863089574933198378e-03,8.701365624030898971e-03,9.814838276049098198e+00
5.840844897967897076e+00,5.839585722167393911e+00,-3.777527401509495064e-03,8.556217342370331380e-03,9.814778689940862222e+00
5.840816855112415773e+00,5.839585722167393911e+00,-3.693398835065586638e-03,8.412856644390842575e-03,9.814719457809324865e+00
5.840789284202715592e+00,5.839585722167393911e+00,-3.610686105965044135e-03,8.271272910054250360e-03,9.814660586804089704e+00
5.840762179351695949e+00,5.839585722167393911e+00,-3.529371552906113152e-03,8.131455305893098284e-03,9.814602083752987483e+00
5.840735534709051713e+00,5.839585722167393911e+00,-3.449437624973406002e-03,7.993392793270714947e-03,9.814543955168296918e+00
5.840709344461924246e+00,5.839585722167393911e+00,-3.370866883591006058e-03,7.857074138239994454e-03,9.814486207254649486e+00
5.840683602835522237e+00,5.839585722167393911e+00,-3.293642004384977895e-03,7.722487920602816303e-03,9.814428845916218336e+00
5.840658304093712339e+00,5.839585722167393911e+00,-3.217745778955283242e-03,7.589622542969465258e-03,9.814371876764013791e+00
5.840633442539578724e+00,5.839585722167393911e+00,-3.143161116554438195e-03,7.458466240084504761e-03,9.814315305123530564e+00
5.840609012515956877e+00,5.839585722167393911e+00,-3.069871045688898903e-03,7.329007086553929184e-03,9.814259136040865528e+00
5.840585008405938972e+00,5.839585722167393911e+00,-2.997858715635182136e-03,7.201233005371676654e-03,9.814203374289736104e+00
5.840561424633350818e+00,5.839585722167393911e+00,-2.927107397870720717e-03,7.075131776446141885e-03,9.814148024378575030e+00
5.840538255663200395e+00,5.839585722167393911e+00,-2.857600487419453827e-03,6.950691045126689005e-03,9.814093090557708621e+00
5.840515496002105955e+00,5.839585722167393911e+00,-2.789321504136133001e-03,6.827898328332082656e-03,9.814038576824195559e+00
5.840493140198693922e+00,5.839585722167393911e+00,-2.722254093900033922e-03,6.706741023609907870e-03,9.813984486929710371e+00
5.840471182843974596e+00,5.839585722167393911e+00,-2.656382029742054840e-03,6.587206415797908221e-03,9.813930824386055463e+00
5.840449618571693868e+00,5.839585722167393911e+00,-2.591689212899872530e-03,6.469281684218231021e-03,9.813877592471317968e+00
5.840428442058660075e+00,5.839585722167393911e+00,-2.528159673798491269e-03,6.352953910138126048e-03,9.813824794236339244e+00
5.840407648025049525e+00,5.839585722167393911e+00,-2.465777572966842968e-03,6.238210083164830166e-03,9.813772432510198485e+00
5.840387231234690724e+00,5.839585722167393911e+00,-2.404527201890438448e-03,6.125037107640451950e-03,9.813720509905749623e+00
5.840367186495321938e+00,5.839585722167393911e+00,-2.344392983784082674e-03,6.013421810635577458e-03,9.813669028826851104e+00
5.840347508658836340e+00,5.839585722167393911e+00,-2.285359474327286478e-03,5.903350945679619599e-03,9.813617991471353719e+00
5.840328192621497827e+00,5.839585722167393911e+00,-2.227411362311748633e-03,5.794811201553784485e-03,9.813567399839243421e+00
5.840309233324142646e+00,5.839585722167393911e+00,-2.170533470246205354e-03,5.687789206554327848e-03,9.813517255736307732e+00
5.840290625752361464e+00,5.839585722167393911e+00,-2.114710754902660028e-03,5.582271534354532605e-03,9.813467560779452370e+00
5.840272364936658356e+00,5.839585722167393911e+00,-2.059928307793335023e-03,5.478244710932500539e-03,9.813418316403140551e+00
5.840254445952595574e+00,5.839585722167393911e+00,-2.006171355604990936e-03,5.375695218834408706e-03,9.813369523863229915e+00
5.840236863920918786e+00,5.839585722167393911e+00,-1.953425260574626066e-03,5.274609503036487013e-03,9.813321184242461470e+00
5.840219614007666316e+00,5.839585722167393911e+00,-1.901675520817214249e-03,5.174973975741181675e-03,9.813273298454923577e+00
5.840202691424259740e+00,5.839585722167393911e+00,-1.850907770597487456e-03,5.076775021972679269e-03,9.813225867251375689e+00
5.840186091427578496e+00,5.839585722167393911e+00,-1.801107780553756754e-03,4.979999004373070193e-03,9.813178891223820699e+00
5.840169809320019390e+00,5.839585722167393911e+00,-1.752261457876436168e-03,4.884632267732058608e-03,9.813132370809857008e+00
5.840153840449541001e+00,5.839585722167393911e+00,-1.704354846441269444e-03,4.790661143516672382e-03,9.813086306297076788e+00
5.840138180209692109e+00,5.839585722167393911e+00,-1.657374126894595179e-03,4.698071954667426553e-03,9.813040697827773329e+00
5.840122824039625904e+00,5.839585722167393911e+00,-1.611305616695979381e-03,4.606851019861579744e-03,9.812995545403165210e+00
5.840107767424099983e+00,5.839585722167393911e+00,-1.566135770118215476e-03,4.516984657776390577e-03,9.812950848887659561e+00
5.840093005893463030e+00,5.839585722167393911e+00,-1.521851178207356270e-03,4.428459191085920565e-03,9.812906608012879062e+00
5.840078535023627282e+00,5.839585722167393911e+00,-1.478438568700113365e-03,4.341260950724290524e-03,9.812862822382024675e+00
5.840064350436030338e+00,5.839585722167393911e+00,-1.435884805909282136e-03,4.255376279083122881e-03,9.812819491473174338e+00
5.840050447797580091e+00,5.839585722167393911e+00,-1.394176890558540549e-03,4.170791535074158674e-03,9.812776614644516116e+00
5.840036822820594331e+00,5.839585722167393911e+00,-1.353301959601260762e-03,4.087493095727978698e-03,9.812734191136126327e+00
5.840023471262722587e+00,5.839585722167393911e+00,-1.313247285986030022e-03,4.005467361523074032e-03,9.812692220075536653e+00
5.840010388926858198e+00,5.839585722167393911e+00,-1.274000278392861674e-03,3.924700759316834819e-03,9.812650700480924471e+00
5.839997571661042386e+00,5.839585722167393911e+00,-1.235548480945425354e-03,3.845179744743632000e-03,9.812609631263798704e+00
5.839985015358352349e+00,5.839585722167393911e+00,-1.197879572875315546e-03,3.766890807010980780e-03,9.812569011234135274e+00
5.839972715956785798e+00,5.839585722167393911e+00,-1.160981368175661999e-03,3.689820469965354732e-03,9.812528839101791078e+00
5.839960669439129504e+00,5.839585722167393911e+00,-1.124841815206778506e-03,3.613955296888349267e-03,9.812489113481682068e+00
5.839948871832821631e+00,5.839585722167393911e+00,-1.089448996283159943e-03,3.539281892361856308e-03,9.812449832896078306e+00
5.839937319209803412e+00,5.839585722167393911e+00,-1.054791127228504877e-03,3.465786905465506607e-03,9.812410995778236611e+00
5.839926007686362830e+00,5.839585722167393911e+00,-1.020856556906757362e-03,3.393457032174751475e-03,9.812372600475267603e+00
5.839914933422969412e+00,5.839585722167393911e+00,-9.876337667265033815e-04,3.322279018025398045e-03,9.812334645251299392e+00
5.839904092624101040e+00,5.839585722167393911e+00,-9.551113701213864715e-04,3.252239660511691000e-03,9.812297128290390802e+00
5.839893481538061870e+00,5.839585722167393911e+00,-9.232781120038779932e-04,3.183325811750847834e-03,9.812260047699748355e+00
5.839883096456793155e+00,5.839585722167393911e+00,-8.921228681977311226e-04,3.115524380614687061e-03,9.812223401512417453e+00
5.839872933715675174e+00,5.839585722167393911e+00,-8.616346448437894878e-04,3.048822335394163474e-03,9.812187187690550871e+00
5.839862989693326512e+00,5.839585722167393911e+00,-8.318025777978022006e-04,2.983206704598728720e-03,9.812151404126801424e+00
5.839853260811390889e+00,5.839585722167393911e+00,-8.026159319909353940e-04,2.918664580686680665e-03,9.812116048648697131e+00
5.839843743534319565e+00,5.839585722167393911e+00,-7.740641007769610837e-04,2.855183121397431023e-03,9.812081119020621855e+00
5.839834434369150173e+00,5.839585722167393911e+00,-7.461366052687878891e-04,2.792749550817319459e-03,9.812046612945549029e+00
5.839825329865275805e+00,5.839585722167393911e+00,-7.188230936456818654e-04,2.731351162310602376e-03,9.812012528068665418e+00
5.839816426614207856e+00,5.839585722167393911e+00,-6.921133404418355894e-04,2.670975320384627594e-03,9.811978861979943289e+00
5.839807721249338002e+00,5.839585722167393911e+00,-6.659972458322727107e-04,2.611609460956287876e-03,9.811945612215124513e+00
5.839799210445689504e+00,5.839585722167393911e+00,-6.404648348867780783e-04,2.553241094549463241e-03,9.811912776259664071e+00
5.839790890919667632e+00,5.839585722167393911e+00,-6.155062568211633334e-04,2.495857806561474490e-03,9.811880351549740809e+00
5.839782759428800318e+00,5.839585722167393911e+00,-5.911117842192226135e-04,2.439447260194071987e-03,9.811848335475975347e+00
5.839774812771480583e+00,5.839585722167393911e+00,-5.672718122600173274e-04,2.383997195920528611e-03,9.811816725383661009e+00
5.839767047786699194e+00,5.839585722167393911e+00,-5.439768579158510420e-04,2.329495434416628541e-03,9.811785518576501275e+00
5.839759461353775549e+00,5.839585722167393911e+00,-5.212175591449152989e-04,2.275929877093574305e-03,9.811754712317949156e+00
5.839752050392084115e+00,5.839585722167393911e+00,-4.989846740706127548e-04,2.223288507430254413e-03,9.811724303833360139e+00
5.839744811860775542e+00,5.839585722167393911e+00,-4.772690801448931097e-04,2.171559392571964509e-03,9.811694290312427569e+00
5.839737742758498662e+00,5.839585722167393911e+00,-4.560617733142535712e-04,2.120730683063953848e-03,9.811664668909749309e+00
5.839730840123112721e+00,5.839585722167393911e+00,-4.353538671564294305e-04,2.070790615782414079e-03,9.811635436748627370e+00
5.839724101031401382e+00,5.839585722167393911e+00,-4.151365920224137085e-04,2.021727513401572196e-03,9.811606590921378768e+00
5.839717522598782296e+00,5.839585722167393911e+00,-3.954012941651541269e-04,1.973529785725958163e-03,9.811578128491561301e+00
5.839711101979012220e+00,5.839585722167393911e+00,-3.761394348549274014e-04,1.926185931022672548e-03,9.811550046496169131e+00
5.839704836363892149e+00,5.839585722167393911e+00,-3.573425894947135362e-04,1.879684536021386521e-03,9.811522341946528059e+00
5.839698722982966217e+00,5.839585722167393911e+00,-3.390024467169183708e-04,1.834014277779516533e-03,9.811495011831063096e+00
5.839692759103223274e+00,5.839585722167393911e+00,-3.211108074880897334e-04,1.789163922882863744e-03,9.811468053115394383e+00
5.839686942028792238e+00,5.839585722167393911e+00,-3.036595841949818464e-04,1.745122329310788700e-03,9.811441462745115416e+00
5.839681269100635674e+00,5.839585722167393911e+00,-2.866407997252906625e-04,1.701878446969118386e-03,9.811415237647244325e+00
5.839675737696243374e+00,5.839585722167393911e+00,-2.700465865483892003e-04,1.659421317690146225e-03,9.811389374731142254e+00
5.839670345229324155e+00,5.839585722167393911e+00,-2.538691857907338090e-04,1.617740075765539132e-03,9.811363870889975303e+00
5.839665089149494115e+00,5.839585722167393911e+00,-2.381009463006122928e-04,1.576823949012151616e-03,9.811338723002712925e+00
5.839659966941964875e+00,5.839585722167393911e+00,-2.227343237128920350e-04,1.536662258772025780e-03,9.811313927935060519e+00
5.839654976127229169e+00,5.839585722167393911e+00,-2.077618795057745160e-04,1.497244420711751900e-03,9.811289482541205587e+00
5.839650114260747316e+00,5.839585722167393911e+00,-1.931762800602143670e-04,1.458559944556014898e-03,9.811265383664496298e+00
5.839645378932631914e+00,5.839585722167393911e+00,-1.789702957140093531e-04,1.420598434620501394e-03,9.811241628138906989e+00
5.839640767767330765e+00,5.839585722167393911e+00,-1.651367998105612855e-04,1.383349590344806757e-03,9.811218212790535631e+00
5.839636278423308013e+00,5.839585722167393911e+00,-1.516687677423078640e-04,1.346803206825342158e-03,9.811195134439083532e+00
5.839631908592729737e+00,5.839585722167393911e+00,-1.385592760074771945e-04,1.310949173483066943e-03,9.811172389897475199e+00
5.839627656001140643e+00,5.839585722167393911e+00,-1.258015012401969557e-04,1.275777476728023885e-03,9.811149975975489212e+00
5.839623518407149660e+00,5.839585722167393911e+00,-1.133887192672489164e-04,1.241278197294803931e-03,9.811127889478028052e+00
5.839619493602105749e+00,5.839585722167393911e+00,-1.013143041355135665e-04,1.207441513173534986e-03,9.811106127209038519e+00
5.839615579409783486e+00,5.839585722167393911e+00,-8.957172716872463525e-05,1.174257696678893126e-03,9.811084685969511554e+00
5.839611773686057994e+00,5.839585722167393911e+00,-7.815455599224918615e-05,1.141717117647544910e-03,9.811063562561656681e+00
5.839608074318588748e+00,5.839585722167393911e+00,-6.705645358451306492e-05,1.109810240773612122e-03,9.811042753787189596e+00
5.839604479226498057e+00,5.839585722167393911e+00,-5.627117731243913568e-05,1.078527627207392925e-03,9.811022256449895451e+00
5.839600986360052204e+00,5.839585722167393911e+00,-4.579257797487912285e-05,1.047859933756001283e-03,9.811002067355781620e+00
5.839597593700341704e+00,5.839585722167393911e+00,-3.561459884338091797e-05,1.017797913149820488e-03,9.810982183314306937e+00
5.839594299258963339e+00,5.839585722167393911e+00,-2.573127470828495689e-05,9.883324135095961083e-04,9.810962601138800920e+00
5.839591101077698632e+00,5.839585722167393911e+00,-1.613673091416245597e-05,9.594543794122500913e-04,9.810943317648497697e+00
5.839587997228198546e+00,5.839585722167393911e+00,-6.825182413905395151e-06,9.311548500257060823e-04,9.810924329667612298e+00
5.839584985811665518e+00,5.839585722167393911e+00,2.209067185177104875e-06,9.034249599082500026e-04,9.810905634027093924e+00
5.839582064958534602e+00,5.839585722167393911e+00,1.097162657792694063e-05,8.762559392749835752e-04,9.810887227565853408e+00
5.839579232828160826e+00,5.839585722167393911e+00,1.946801769925343706e-05,8.496391121326496432e-04,9.810869107129832400e+00
5.839576487608499455e+00,5.839585722167393911e+00,2.770367668336604083e-05,8.235658984112603775e-04,9.810851269575096012e+00
5.839573827515796012e+00,5.839585722167393911e+00,3.568395479369712575e-05,7.980278110331084918e-04,9.810833711765827303e+00
5.839571250794269197e+00,5.839585722167393911e+00,4.341411937414108024e-05,7.730164580443954492e-04,9.810816430577418146e+00
5.839568755715800030e+00,5.839585722167393911e+00,5.089935478164164806e-05,7.485235407500567817e-04,9.810799422895531308e+00
5.839566340579620096e+00,5.839585722167393911e+00,5.814476332144380422e-05,7.245408539802156156e-04,9.810782685617301269e+00
5.839564003712002460e+00,5.839585722167393911e+00,6.515536617435202515e-05,7.010602852908220939e-04,9.810766215651465671e+00
5.839561743465949917e+00,5.839585722167393911e+00,7.193610433198216469e-05,6.780738157630139540e-04,9.810750009920095493e+00
5.839559558220889457e+00,5.839585722167393911e+00,7.849183951336158316e-05,6.555735181379418464e-04,9.810734065357651801e+00
5.839557446382364070e+00,5.839585722167393911e+00,8.482735508952288228e-05,6.335515576161299123e-04,9.810718378912707038e+00
5.839555406381730762e+00,5.839585722167393911e+00,9.094735698944589330e-05,6.120001899923011024e-04,9.810702947546982244e+00
5.839553436675851472e+00,5.839585722167393911e+00,9.685647462731594715e-05,5.909117637870053841e-04,9.810687768238414819e+00
5.839551535746796418e+00,5.839585722167393911e+00,1.025592617924786509e-04,5.702787165162703786e-04,9.810672837978309246e+00
5.839549702101539452e+00,5.839585722167393911e+00,1.080601975633754819e-04,5.500935770896830945e-04,9.810658153774653556e+00
5.839547934271659635e+00,5.839585722167393911e+00,1.133636872028276343e-04,5.303489639452152460e-04,9.810643712651149428e+00
5.839546230813044581e+00,5.839585722167393911e+00,1.184740630479907963e-04,5.110375845163162012e-04,9.810629511647565693e+00
5.839544590305594696e+00,5.839585722167393911e+00,1.233955853976453909e-04,4.921522349654594564e-04,9.810615547820363602e+00
5.839543011352926527e+00,5.839585722167393911e+00,1.281324434021513525e-04,4.736858004505961617e-04,9.810601818243853245e+00
5.839541492582083215e+00,5.839585722167393911e+00,1.326887559320866217e-04,4.556312529935269140e-04,9.810588320008925223e+00
5.839540032643240508e+00,5.839585722167393911e+00,1.370685724602083155e-04,4.379816528121693864e-04,9.810575050225272875e+00
5.839538630209420766e+00,5.839585722167393911e+00,1.412758739194330815e-04,4.207301459224765949e-04,9.810562006019843295e+00
5.839537283976202531e+00,5.839585722167393911e+00,1.453145735741401268e-04,4.038699654707045283e-04,9.810549184539045342e+00
5.839535992661438080e+00,5.839585722167393911e+00,1.491885178674934309e-04,3.873944293353304147e-04,9.810536582947204209e+00
5.839534755004968325e+00,5.839585722167393911e+00,1.529014872767575639e-04,3.712969409264132992e-04,9.810524198428204556e+00
5.839533569768341259e+00,5.839585722167393911e+00,1.564571971579553633e-04,3.555709881197799405e-04,9.810512028185279121e+00
5.839532435734533067e+00,5.839585722167393911e+00,1.598592985825320056e-04,3.402101424576642330e-04,9.810500069441040694e+00
5.839531351707669238e+00,5.839585722167393911e+00,1.631113791740190777e-04,3.252080591487072070e-04,9.810488319438324112e+00
5.839530316512749231e+00,5.839585722167393911e+00,1.662169639340405070e-04,3.105584760021429247e-04,9.810476775439937569e+00
5.839529328995372914e+00,5.839585722167393911e+00,1.691795160629894212e-04,2.962552128948914287e-04,9.810465434728957490e+00
5.839528388021469674e+00,5.839585722167393911e+00,1.720024377727114029e-04,2.822921709721981642e-04,9.810454294608746295e+00
5.839527492477027515e+00,5.839585722167393911e+00,1.746890710991877427e-04,2.686633326476339789e-04,9.810443352403748207e+00
5.839526641267825724e+00,5.839585722167393911e+00,1.772426987045605529e-04,2.553627605372810194e-04,9.810432605459242339e+00
5.839525833319169301e+00,5.839585722167393911e+00,1.796665446738288097e-04,2.423845969268256795e-04,9.810422051141600264e+00
5.839525067575626949e+00,5.839585722167393911e+00,1.819637753008862546e-04,2.297230627057444963e-04,9.810411686838007128e+00
5.839524343000769058e+00,5.839585722167393911e+00,1.841374998745592961e-04,2.173724573673041505e-04,9.810401509957241473e+00
5.839523658576906584e+00,5.839585722167393911e+00,1.861907714619803755e-04,2.053271587421079403e-04,9.810391517930204586e+00
5.839523013304837029e+00,5.839585722167393911e+00,1.881265876706450513e-04,1.935816208664675742e-04,9.810381708208538498e+00
5.839522406203588645e+00,5.839585722167393911e+00,1.899478914157981535e-04,1.821303745153102227e-04,9.810372078265931606e+00
5.839521836310166414e+00,5.839585722167393911e+00,1.916575716824908682e-04,1.709680266692714667e-04,9.810362625598351372e+00
5.839521302679304249e+00,5.839585722167393911e+00,1.932584642689860743e-04,1.600892586495206160e-04,9.810353347722919892e+00
5.839520804383214525e+00,5.839585722167393911e+00,1.947533525381572872e-04,1.494888269171212869e-04,9.810344242179455776e+00
5.839520340511342944e+00,5.839585722167393911e+00,1.961449681529003897e-04,1.391615614743102469e-04,9.810335306529626820e+00
5.839519910170124284e+00,5.839585722167393911e+00,1.974359918088808286e-04,1.291023655980438889e-04,9.810326538357408310e+00
5.839519512482740815e+00,5.839585722167393911e+00,1.986290539592872051e-04,1.193062150406376531e-04,9.810317935269001310e+00
5.839519146588884269e+00,5.839585722167393911e+00,1.997267355289267243e-04,1.097681569639519239e-04,9.810309494892493376e+00
5.839518811644516916e+00,5.839585722167393911e+00,2.007315686309851799e-04,1.004833102058455552e-04,9.810301214878837328e+00
5.839518506821637978e+00,5.839585722167393911e+00,2.016460372677997270e-04,9.144686368145471533e-05,9.810293092900948864e+00
5.839518231308049145e+00,5.839585722167393911e+00,2.024725780342961912e-04,8.265407664964641299e-05,9.810285126654683552e+00
5.839517984307125431e+00,5.839585722167393911e+00,2.032135808054391646e-04,7.410027711429734154e-05,9.810277313857920234e+00
5.839517765037587793e+00,5.839585722167393911e+00,2.038713894183530329e-04,6.578086129138682736e-05,9.810269652250710237e+00
5.839517572733274875e+00,5.839585722167393911e+00,2.044483023571075364e-04,5.769129387545035570e-05,9.810262139596233055e+00
5.839517406642921848e+00,5.839585722167393911e+00,2.049465734161870500e-04,4.982710590795136341e-05,9.810254773679325524e+00
5.839517266029936593e+00,5.839585722167393911e+00,2.053684123719534682e-04,4.218389557664181666e-05,9.810247552307949093e+00
5.839517150172182092e+00,5.839585722167393911e+00,2.057159856354573435e-04,3.475732635038752960e-05,9.810240473311985454e+00
5.839517058361758828e+00,5.839585722167393911e+00,2.059914169052490251e-04,2.754312697916816433e-05,9.810233534543884915e+00
5.839516989904789845e+00,5.839585722167393911e+00,2.061967878121961917e-04,2.053709069471665316e-05,9.810226733878508298e+00
5.839516944121208475e+00,5.839585722167393911e+00,2.063341385563077779e-04,1.373507441115862093e-05,9.810220069212967076e+00
5.839516920344548723e+00,5.839585722167393911e+00,2.064054685355642960e-04,7.132997925651807236e-06,9.810213538466461713e+00
5.839516917921735661e+00,5.839585722167393911e+00,2.064127369747481566e-04,7.268439183860664343e-07,9.810207139580892743e+00
5.839516936212880260e+00,5.839585722167393911e+00,2.063578635409513140e-04,-5.487343379684261890e-06,9.810200870520162653e+00
5.839516974591076881e+00,5.839585722167393911e+00,2.062427289510893047e-04,-1.151345898620093067e-05,9.810194729269966274e+00
5.839517032442200772e+00,5.839585722167393911e+00,2.060691755794152868e-04,-1.735533716740178534e-05,9.810188713838412511e+00
5.839517109164708231e+00,5.839585722167393911e+00,2.058390080570404734e-04,-2.301675223748134158e-05,9.810182822255820057e+00
5.839517204169442088e+00,5.839585722167393911e+00,2.055539938554673540e-04,-2.850142015731194078e-05,9.810177052573699541e+00
5.839517316879432762e+00,5.839585722167393911e+00,2.052158638834455928e-04,-3.381299720217612048e-05,9.810171402866682655e+00
5.839517446729709960e+00,5.839585722167393911e+00,2.048263130518535036e-04,-3.895508315920892528e-05,9.810165871229893142e+00
5.839517593167110832e+00,5.839585722167393911e+00,2.043870008492376655e-04,-4.393122026158380322e-05,9.810160455780588151e+00
5.839517755650089015e+00,5.839585722167393911e+00,2.038995519146880042e-04,-4.874489345496613169e-05,9.810155154658460219e+00
5.839517933648533443e+00,5.839585722167393911e+00,2.033655565814029842e-04,-5.339953332850200241e-05,9.810149966023253398e+00
5.839518126643580054e+00,5.839585722167393911e+00,2.027865714415710841e-04,-5.789851398319001419e-05,9.810144888057457990e+00
5.839518334127432375e+00,5.839585722167393911e+00,2.021641198846069187e-04,-6.224515569641653201e-05,9.810139918964189576e+00
5.839518555603181227e+00,5.839585722167393911e+00,2.014996926380518971e-04,-6.644272465550216111e-05,9.810135056967983047e+00
5.839518790584627084e+00,5.839585722167393911e+00,2.007947483004812739e-04,-7.049443375706232473e-05,9.810130300314543916e+00
5.839519038596104217e+00,5.839585722167393911e+00,2.000507138690821307e-04,-7.440344313991431591e-05,9.810125647270730553e+00
5.839519299172308386e+00,5.839585722167393911e+00,1.992689852565732167e-04,-7.817286125089140114e-05,9.810121096124007067e+00
5.839519571858124536e+00,5.839585722167393911e+00,1.984509278081247885e-04,-8.180574484484282038e-05,9.810116645182963779e+00
5.839519856208459814e+00,5.839585722167393911e+00,1.975978768022912391e-04,-8.530510058335494250e-05,9.810112292776219434e+00
5.839520151788072155e+00,5.839585722167393911e+00,1.967111379652664027e-04,-8.867388370248363572e-05,9.810108037254263280e+00
5.839520458171410411e+00,5.839585722167393911e+00,1.957919879504999017e-04,-9.191500147665010445e-05,9.810103876986474347e+00
5.839520774942447368e+00,5.839585722167393911e+00,1.948416748396297749e-04,-9.503131108701268204e-05,9.810099810363752226e+00
5.839521101694519878e+00,5.839585722167393911e+00,1.938614186220988245e-04,-9.802562175309503800e-05,9.810095835796868613e+00
5.839521438030172540e+00,5.839585722167393911e+00,1.928524116641128217e-04,-1.009006957986002817e-04,9.810091951715865122e+00
5.839521783560996937e+00,5.839585722167393911e+00,1.918158191909213883e-04,-1.036592473191433328e-04,9.810088156571872275e+00
5.839522137907477983e+00,5.839585722167393911e+00,1.907527797477825970e-04,-1.063039443138791285e-04,9.810084448835434401e+00
5.839522500698842933e+00,5.839585722167393911e+00,1.896644056529339650e-04,-1.088374094848632012e-04,9.810080826996168568e+00
5.839522871572907725e+00,5.839585722167393911e+00,1.885517834585570540e-04,-1.112622194376911011e-04,9.810077289564020475e+00
5.839523250175928659e+00,5.839585722167393911e+00,1.874159743957548585e-04,-1.135809062802195513e-04,9.810073835068116921e+00
5.839523636162456732e+00,5.839585722167393911e+00,1.862580148115355883e-04,-1.157959584219270255e-04,9.810070462056390994e+00
5.839524029195190202e+00,5.839585722167393911e+00,1.850789166111255213e-04,-1.179098200410066966e-04,9.810067169096569728e+00
5.839524428944833367e+00,5.839585722167393911e+00,1.838796676816301101e-04,-1.199248929495411176e-04,9.810063954774733475e+00
5.839524835089953569e+00,5.839585722167393911e+00,1.826612323210241584e-04,-1.218435360605951701e-04,9.810060817696260926e+00
5.839525247316843526e+00,5.839585722167393911e+00,1.814245516511547862e-04,-1.236680669869372196e-04,9.810057756484663827e+00
5.839525665319381886e+00,5.839585722167393911e+00,1.801705440360734656e-04,-1.254007615081320637e-04,9.810054769782528439e+00
5.839526088798899117e+00,5.839585722167393911e+00,1.789001054843808447e-04,-1.270438551692620877e-04,9.810051856250314728e+00
5.839526517464040722e+00,5.839585722167393911e+00,1.776141100595651778e-04,-1.285995424815666865e-04,9.810049014567578496e+00
5.839526951030639346e+00,5.839585722167393911e+00,1.763134102636954026e-04,-1.300699795869775244e-04,9.810046243430676327e+00
5.839527389221581544e+00,5.839585722167393911e+00,1.749988374371014288e-04,-1.314572826593973787e-04,9.810043541554778201e+00
5.839527831766679000e+00,5.839585722167393911e+00,1.736712021447317511e-04,-1.327635292369677700e-04,9.810040907672908261e+00
5.839528278402543293e+00,5.839585722167393911e+00,1.723312945518529204e-04,-1.339907592878830656e-04,9.810038340535264467e+00
5.839528728872461549e+00,5.839585722167393911e+00,1.709798847970844804e-04,-1.351409754768440052e-04,9.810035838909321626e+00
5.839529182926270323e+00,5.839585722167393911e+00,1.696177233707629739e-04,-1.362161426321506497e-04,9.810033401580739110e+00
5.839529640320237469e+00,5.839585722167393911e+00,1.682455414693251328e-04,-1.372181901437841134e-04,9.810031027351325150e+00
5.839530100816939573e+00,5.839585722167393911e+00,1.668640513630137434e-04,-1.381490106311389354e-04,9.810028715040733260e+00
5.839530564185145600e+00,5.839585722167393911e+00,1.654739467449317658e-04,-1.390104618081977605e-04,9.810026463484938120e+00
5.839531030199700545e+00,5.839585722167393911e+00,1.640759030800964524e-04,-1.398043664835313393e-04,9.810024271536597951e+00
5.839531498641409080e+00,5.839585722167393911e+00,1.626705779544934671e-04,-1.405325125602985281e-04,9.810022138065395580e+00
5.839531969296923641e+00,5.839585722167393911e+00,1.612586114108083279e-04,-1.411966543685139186e-04,9.810020061957043680e+00
5.839532441958634301e+00,5.839585722167393911e+00,1.598406262788287790e-04,-1.417985131979548896e-04,9.810018042113082259e+00
5.839532916424555964e+00,5.839585722167393911e+00,1.584172285138407688e-04,-1.423397764988010294e-04,9.810016077452015537e+00
5.839533392498223563e+00,5.839585722167393911e+00,1.569890075110436101e-04,-1.428221002797158690e-04,9.810014166907231825e+00
5.839533869988581039e+00,5.839585722167393911e+00,1.555565364386168881e-04,-1.432471072426722003e-04,9.810012309429197330e+00
5.839534348709881861e+00,5.839585722167393911e+00,1.541203725361484089e-04,-1.436163902468479137e-04,9.810010503982290686e+00
5.839534828481580675e+00,5.839585722167393911e+00,1.526810574397075015e-04,-1.439315096440907382e-04,9.810008749547796114e+00
5.839535309128234708e+00,5.839585722167393911e+00,1.512391174776084313e-04,-1.441939962099070272e-04,9.810007045121267311e+00
5.839535790479400745e+00,5.839585722167393911e+00,1.497950639794964900e-04,-1.444053498111941281e-04,9.810005389714168800e+00
5.839536272369538317e+00,5.839585722167393911e+00,1.483493935667823393e-04,-1.445670412714150643e-04,9.810003782352296753e+00
5.839536754637911109e+00,5.839585722167393911e+00,1.469025884484054245e-04,-1.446805118376914834e-04,9.810002222076612099e+00
5.839537237128491043e+00,5.839585722167393911e+00,1.454551167086037822e-04,-1.447471739801642343e-04,9.810000707942728937e+00
5.839537719689865902e+00,5.839585722167393911e+00,1.440074325840257075e-04,-1.447684124578074716e-04,9.809999239020125827e+00
5.839538202175142523e+00,5.839585722167393911e+00,1.425599767541640972e-04,-1.447455829861610255e-04,9.809997814393767612e+00
5.839538684441858862e+00,5.839585722167393911e+00,1.411131766051454406e-04,-1.446800149018656612e-04,9.809996433161703777e+00
5.839539166351890742e+00,3.745267911608832989e+00,-6.282813764229173259e+00,0.000000000000000000e+00,3.527186235770827238e+00
5.838911366885500165e+00,3.745267911608832989e+00,-6.280930365830001527e+00,1.883398399171731796e-01,3.717409474087172150e+00
5.837674308366517906e+00,3.745267911608832989e+00,-6.277219190273054750e+00,3.711175556946777476e-01,3.903898365421623495e+00
5.835846639684078241e+00,3.745267911608832989e+00,-6.271736184225735755e+00,5.483006047318994547e-01,4.086564420506164197e+00
5.833446627443688470e+00,3.745267911608832989e+00,-6.264536147504566443e+00,7.200036721169311704e-01,4.265467524612365224e+00
5.830492161955760366e+00,3.745267911608832989e+00,-6.255672751040782131e+00,8.863396463784312118e-01,4.440666895337649578e+00
5.827000763157365704e+00,3.745267911608832989e+00,-6.245198554645598144e+00,1.047419639518398782e+00,4.612221084872801136e+00
5.822989586467458345e+00,3.745267911608832989e+00,-6.233165024575876068e+00,1.203353006972207595e+00,4.780187982396332025e+00
5.818475428575791142e+00,3.745267911608832989e+00,-6.219622550900874458e+00,1.354247367500160948e+00,4.944624816599286987e+00
5.813474733165783448e+00,3.745267911608832989e+00,-6.204620464670851376e+00,1.500208623002308173e+00,5.105588158331457294e+00
5.808003596571609251e+00,3.745267911608832989e+00,-6.188207054888328784e+00,1.641340978252259220e+00,5.263133923363930933e+00
5.802077773369771485e+00,3.745267911608832989e+00,-6.170429585282815488e+00,1.777746960551329636e+00,5.417317375268514645e+00
5.795712681905460073e+00,3.745267911608832989e+00,-6.151334310889881252e+00,1.909527439293423612e+00,5.568193128403542858e+00
5.788923409753989446e+00,3.745267911608832989e+00,-6.130966494435469372e+00,2.036781645441188004e+00,5.715815151005719130e+00
5.781724719117619316e+00,3.745267911608832989e+00,-6.109370422526358979e+00,2.159607190911039254e+00,5.860236768384680772e+00
5.774131052158087307e+00,3.745267911608832989e+00,-6.086589421647762954e+00,2.278100087859602496e+00,6.001510666211840039e+00
5.766156536265176769e+00,3.745267911608832989e+00,-6.062665873969031338e+00,2.392354767873161592e+00,6.139688893904130751e+00
5.757814989261656358e+00,3.745267911608832989e+00,-6.037641232958470106e+00,2.502464101056123269e+00,6.274822868097653661e+00
5.749119924544945803e+00,3.745267911608832989e+00,-6.011556038808338442e+00,2.608519415013166309e+00,6.406963376204828364e+00
5.740084556165856000e+00,3.745267911608832989e+00,-5.984449933671069033e+00,2.710610513726940951e+00,6.536160580055872416e+00
5.730721803844772033e+00,3.745267911608832989e+00,-5.956361676707817132e+00,2.808825696325190080e+00,6.662464019617373445e+00
5.721044297925649502e+00,3.745267911608832989e+00,-5.927329158950449539e+00,2.903251775736759299e+00,6.785922616786310257e+00
5.711064384268205174e+00,3.745267911608832989e+00,-5.897389417978116555e+00,2.993974097233298437e+00,6.906584679255182380e+00
5.700794129078686545e+00,3.745267911608832989e+00,-5.866578652409560668e+00,3.081076556855588677e+00,7.024497904446028507e+00
5.690245323679612888e+00,3.745267911608832989e+00,-5.834932236212339696e+00,3.164641619722097232e+00,7.139709383509758034e+00
5.679429489218890126e+00,3.745267911608832989e+00,-5.802484732830171410e+00,3.244750338216828567e+00,7.252265605386657654e+00
5.668357881318706326e+00,3.745267911608832989e+00,-5.769269909129620011e+00,3.321482370055139910e+00,7.362212460925520396e+00
5.657041494664614589e+00,3.745267911608832989e+00,-5.735320749167344800e+00,3.394915996227521049e+00,7.469595247060176746e+00
5.645491067535228780e+00,3.745267911608832989e+00,-5.700669467779187372e+00,3.465128138815742886e+00,7.574458671036556012e+00
5.633717086272946872e+00,3.745267911608832989e+00,-5.665347523992341650e+00,3.532194378684572200e+00,7.676846854692231048e+00
5.621729789696134461e+00,3.745267911608832989e+00,-5.629385634261904414e+00,3.596188973043723536e+00,7.776803338781819619e+00
5.609539173453200078e+00,3.745267911608832989e+00,-5.592813785533101267e+00,3.657184872880314686e+00,7.874371087347213916e+00
5.597154994319000210e+00,3.745267911608832989e+00,-5.555661248130501662e+00,3.715253740259960580e+00,7.969592492129459416e+00
5.584586774434013634e+00,3.745267911608832989e+00,-5.517956588475541935e+00,3.770465965495972682e+00,8.062509377020431245e+00
5.571843805486729195e+00,3.745267911608832989e+00,-5.479727681633688618e+00,3.822890684185331622e+00,8.153163002551643501e+00
5.558935152839699967e+00,3.745267911608832989e+00,-5.441001723692600933e+00,3.872595794108768530e+00,8.241594070416168094e+00
5.545869659599712342e+00,3.745267911608832989e+00,-5.401805243972638060e+00,3.919647971996287339e+00,8.327842728023650665e+00
5.532655950632526576e+00,3.745267911608832989e+00,-5.362164117071080760e+00,3.964112690155729979e+00,8.411948573084650604e+00
5.519302436522649735e+00,3.745267911608832989e+00,-5.322103574741450238e+00,4.006054232963052186e+00,8.493950658221603334e+00
5.505817317478594930e+00,3.745267911608832989e+00,-5.281648217609285823e+00,4.045535713216441565e+00,8.573887495607156239e+00
5.492208587184100210e+00,3.745267911608832989e+00,-5.240822026725801663e+00,4.082619088348415914e+00,8.651797061622614748e+00
5.478484036595768103e+00,3.745267911608832989e+00,-5.199648374960805342e+00,4.117365176499632184e+00,8.727716801538827340e+00
5.464651257687590302e+00,3.745267911608832989e+00,-5.158150038236271939e+00,4.149833672453340228e+00,8.801683634217068786e+00
5.450717647142833577e+00,3.745267911608832989e+00,-5.116349206602001765e+00,4.180083163427017467e+00,8.873733956825017088e+00
5.436690409993759410e+00,3.745267911608832989e+00,-5.074267495154779262e+00,4.208171144722250290e+00,8.943903649567470637e+00
5.422576563209641876e+00,3.745267911608832989e+00,-5.031925954802426659e+00,4.234154035235260238e+00,9.012228080432834076e+00
5.408382939233567832e+00,3.745267911608832989e+00,-4.989345082874204529e+00,4.258087192822213041e+00,9.078742109948009897e+00
5.394116189468488365e+00,3.745267911608832989e+00,-4.946544833578966127e+00,4.280024929523840171e+00,9.143480095944873653e+00
5.379782787713003778e+00,3.745267911608832989e+00,-4.903544628312512366e+00,4.300020526645376151e+00,9.206475898332865171e+00
5.365389033547352859e+00,3.745267911608832989e+00,-4.860363365815559611e+00,4.318126249695275476e+00,9.267762883879715474e+00
5.350941055670089597e+00,3.745267911608832989e+00,-4.817019432183769823e+00,4.334393363178978831e+00,9.327373930995209506e+00
5.336444815185926061e+00,3.745267911608832989e+00,-4.773530710731279214e+00,4.348872145249060850e+00,9.385341434517782133e+00
5.321906108845213978e+00,3.745267911608832989e+00,-4.729914591709142968e+00,4.361611902213624603e+00,9.441697310504482132e+00
5.307330572235552602e+00,3.745267911608832989e+00,-4.686187981880158837e+00,4.372660982898413096e+00,9.496473001018255644e+00
5.292723682925992712e+00,3.745267911608832989e+00,-4.642367313951479169e+00,4.382066792867966853e+00,9.549699478916487294e+00
5.278090763564324384e+00,3.745267911608832989e+00,-4.598468555866474183e+00,4.389875808500498522e+00,9.601407252634025724e+00
5.263436984927919227e+00,3.745267911608832989e+00,-4.554507219957258712e+00,4.396133590921547096e+00,9.651626370964288881e+00
5.248767368928611177e+00,3.745267911608832989e+00,-4.510498371959334563e+00,4.400884799792414981e+00,9.700386427833080916e+00
5.234086791572086561e+00,3.745267911608832989e+00,-4.466456639889760716e+00,4.404173206957384679e+00,9.747716567067623572e+00
5.219399985872268388e+00,3.745267911608832989e+00,-4.422396222790306197e+00,4.406041709945451856e+00,9.793645487155146157e+00
5.204711544721165595e+00,3.745267911608832989e+00,-4.378330899336997817e+00,4.406532345330838041e+00,9.838201445993840721e+00
5.190025923714662426e+00,3.745267911608832989e+00,-4.334274036317488310e+00,4.405686301950950678e+00,9.881412265633462866e+00
5.175347443934722236e+00,3.745267911608832989e+00,-4.290238596977667740e+00,4.403543933982057013e+00,9.923305337004389770e+00
5.160680294688482661e+00,3.745267911608832989e+00,-4.246237149238949016e+00,4.400144773871872417e+00,9.963907624632923898e+00
5.146028536204706683e+00,3.745267911608832989e+00,-4.202281873787621080e+00,4.395527545132793534e+00,1.000324567134517295e+01
5.131396102288064753e+00,3.745267911608832989e+00,-4.158384572037695293e+00,4.389730174992578782e+00,1.004134560295488399e+01
5.116786802931718725e+00,3.745267911608832989e+00,-4.114556673968657208e+00,4.382789806903808483e+00,1.007823313293515177e+01
5.102204326888665875e+00,3.745267911608832989e+00,-4.070809245839498658e+00,4.374742812915854984e+00,1.011393356707635682e+01
5.087652244202320873e+00,3.745267911608832989e+00,-4.027152997780463650e+00,4.365624805903500771e+00,1.014847180812303762e+01
5.073134008696787767e+00,3.745267911608832989e+00,-3.983598291263864333e+00,4.355470651659931747e+00,1.018187236039606702e+01
5.058652960427294509e+00,3.745267911608832989e+00,-3.940155146455384561e+00,4.344314480847977222e+00,1.021415933439259405e+01
5.044212328091240316e+00,3.745267911608832989e+00,-3.896833249447221981e+00,4.332189700816257982e+00,1.024535645136903739e+01
5.029815231400323050e+00,3.745267911608832989e+00,-3.853641959374470183e+00,4.319129007275179788e+00,1.027548704790071099e+01
5.015464683414196045e+00,3.745267911608832989e+00,-3.810590315416089169e+00,4.305164395838101399e+00,1.030457408042201273e+01
5.001163592836110894e+00,3.745267911608832989e+00,-3.767687043681833714e+00,4.290327173425545482e+00,1.033264012974371227e+01
4.986914766271000055e+00,3.745267911608832989e+00,-3.724940563986501196e+00,4.274647969533251768e+00,1.035970740554675018e+01
4.972720910446444265e+00,3.745267911608832989e+00,-3.682358996512833826e+00,4.258156747366736994e+00,1.038579775085390366e+01
4.958584634396974167e+00,3.745267911608832989e+00,-3.639950168364423533e+00,4.240882814841029358e+00,1.041093264647660632e+01
4.944508451612151134e+00,3.745267911608832989e+00,-3.597721620009954435e+00,4.222854835446909760e+00,1.043513321543695582e+01
4.930494782148872268e+00,3.745267911608832989e+00,-3.555680611620117837e+00,4.204100838983659827e+00,1.045842022736354338e+01
4.916545954708329447e+00,3.745267911608832989e+00,-3.513834129298489373e+00,4.184648232162846426e+00,1.048081410286435755e+01
4.902664208678073621e+00,3.745267911608832989e+00,-3.472188891207721895e+00,4.164523809076747796e+00,1.050233491786902640e+01
4.888851696139604464e+00,3.745267911608832989e+00,-3.430751353592314423e+00,4.143753761540747149e+00,1.052300240794843234e+01
4.875110483841930353e+00,3.745267911608832989e+00,-3.389527716699292093e+00,4.122363689302233070e+00,1.054283597260294059e+01
4.861442555141516131e+00,3.745267911608832989e+00,-3.348523930598049425e+00,4.100378610124266743e+00,1.056185467952621693e+01
4.847849811909054729e+00,3.745267911608832989e+00,-3.307745700900665220e+00,4.077822969738420511e+00,1.058007726883775490e+01
4.834334076403476566e+00,3.745267911608832989e+00,-3.267198494383930729e+00,4.054720651673449083e+00,1.059752215728951796e+01
4.820897093113627463e+00,3.745267911608832989e+00,-3.226887544514383421e+00,4.031094986954730786e+00,1.061420744244034786e+01
4.807540530568022774e+00,3.745267911608832989e+00,-3.186817856877569355e+00,4.006968763681406642e+00,1.063015090680383778e+01
4.794265983113098706e+00,3.745267911608832989e+00,-3.146994214512797150e+00,3.982364236477220487e+00,1.064537002196442472e+01
4.781074972660371181e+00,3.745267911608832989e+00,-3.107421183154614575e+00,3.957303135818257545e+00,1.065988195266364258e+01
4.767968950402909911e+00,3.745267911608832989e+00,-3.068103116382230766e+00,3.931806677238380843e+00,1.067370356085615057e+01
4.754949298501533583e+00,3.745267911608832989e+00,-3.029044160678101782e+00,3.905895570412898365e+00,1.068685140973479619e+01
4.742017331741131159e+00,3.745267911608832989e+00,-2.990248260396894509e+00,3.879590028120727396e+00,1.069934176772383339e+01
4.729174299157500982e+00,3.745267911608832989e+00,-2.951719162646003980e+00,3.852909775089052857e+00,1.071119061244304937e+01
4.716421385635115371e+00,3.745267911608832989e+00,-2.913460422078847145e+00,3.825874056715683480e+00,1.072241363463683683e+01
4.703759713476193483e+00,3.745267911608832989e+00,-2.875475405602081480e+00,3.798501647676566506e+00,1.073302624207448552e+01
4.691190343941478602e+00,3.745267911608832989e+00,-2.837767296997936839e+00,3.770810860414464116e+00,1.074304356341652777e+01
4.678714278763105305e+00,3.745267911608832989e+00,-2.800339101462816949e+00,3.742819553511989028e+00,1.075248045204917346e+01
4.666332461629937534e+00,3.745267911608832989e+00,-2.763193650063313633e+00,3.714545139950331532e+00,1.076135148988701928e+01
4.654045779645757719e+00,3.745267911608832989e+00,-2.726333604110774189e+00,3.686004595253944416e+00,1.076967099114317072e+01
4.641855064760692429e+00,3.745267911608832989e+00,-2.689761459455578319e+00,3.657214465519587066e+00,1.077745300606400924e+01
4.629761095176233354e+00,3.745267911608832989e+00,-2.653479550702201095e+00,3.628190875337722332e+00,1.078471132463552173e+01
4.617764596724238224e+00,3.745267911608832989e+00,-2.617490055346215705e+00,3.598949535598539029e+00,1.079145948025232471e+01
4.605866244220268690e+00,3.745267911608832989e+00,-2.581794997834307104e+00,3.569505751190860110e+00,1.079771075335655439e+01
4.594066662791634670e+00,3.745267911608832989e+00,-2.546396253548405042e+00,3.539874428590206179e+00,1.080347817504180163e+01
4.582366429180504852e+00,3.745267911608832989e+00,-2.511295552715015589e+00,3.510070083338945324e+00,1.080877453062393023e+01
4.570766073022436871e+00,3.745267911608832989e+00,-2.476494484240811644e+00,3.480106847420394445e+00,1.081361236317958330e+01
4.559266078100686848e+00,3.745267911608832989e+00,-2.441994499475561575e+00,3.449998476525006907e+00,1.081800397704944672e+01
4.547866883576642039e+00,3.745267911608832989e+00,-2.407796915903427148e+00,3.419758357213442679e+00,1.082196144131001603e+01
4.536568885196728296e+00,3.745267911608832989e+00,-2.373902920763685920e+00,3.389399513974122868e+00,1.082549659321043833e+01
4.525372436476135185e+00,3.745267911608832989e+00,-2.340313574601906588e+00,3.358934616177933208e+00,1.082862104157602801e+01
4.514277849859699820e+00,3.745267911608832989e+00,-2.307029814752600494e+00,3.328375984930609377e+00,1.083134617017800849e+01
4.503285397860282480e+00,3.745267911608832989e+00,-2.274052458754348471e+00,3.297735599825202257e+00,1.083368314107085340e+01
4.492395314174972398e+00,3.745267911608832989e+00,-2.241382207698418227e+00,3.267025105593024392e+00,1.083564289789460666e+01
4.481607794779451481e+00,3.745267911608832989e+00,-2.209019649511855476e+00,3.236255818656275096e+00,1.083723616914442012e+01
4.470922999000845444e+00,3.745267911608832989e+00,-2.176965262176037363e+00,3.205438733581811306e+00,1.083847347140577355e+01
4.460341050569379462e+00,3.745267911608832989e+00,-2.145219416881639418e+00,3.174584529439794522e+00,1.083936511255815560e+01
4.449862038649169627e+00,3.745267911608832989e+00,-2.113782381121009912e+00,3.143703576062950589e+00,1.083992119494194029e+01
4.439486018848453952e+00,3.745267911608832989e+00,-2.082654321718862889e+00,3.112805940214702360e+00,1.084015161849583997e+01
4.429213014209588017e+00,3.745267911608832989e+00,-2.051835307802265085e+00,3.081901391659780387e+00,1.084006608385751491e+01
4.419043016179107219e+00,3.745267911608832989e+00,-2.021325313710822691e+00,3.050999409144239394e+00,1.083967409543341631e+01
4.408975985558170052e+00,3.745267911608832989e+00,-1.991124221848011189e+00,3.020109186281150215e+00,1.083898496443313952e+01
4.399011853433676400e+00,3.745267911608832989e+00,-1.961231825474530233e+00,2.989239637348095613e+00,1.083800781187356677e+01
4.389150522090369932e+00,3.745267911608832989e+00,-1.931647831444610830e+00,2.958399402991940264e+00,1.083675157154732993e+01
4.379391865904218584e+00,3.745267911608832989e+00,-1.902371862886156784e+00,2.927596855845404633e+00,1.083522499295924746e+01
4.369735732217362667e+00,3.745267911608832989e+00,-1.873403461825589034e+00,2.896840106056774999e+00,1.083343664423118646e+01
4.360181942194929938e+00,3.745267911608832989e+00,-1.844742091758290847e+00,2.866137006729818637e+00,1.083139491497152918e+01
4.350730291663994720e+00,3.745267911608832989e+00,-1.816387140165485192e+00,2.835495159280565503e+00,1.082910801911508081e+01
4.341380551934970633e+00,3.745267911608832989e+00,-1.788337920978412932e+00,2.804921918707226070e+00,1.082658399772881452e+01
4.332132470605719377e+00,3.745267911608832989e+00,-1.760593676990659162e+00,2.774424398775376943e+00,1.082383072178471828e+01
4.322985772348646449e+00,3.745267911608832989e+00,-1.733153582219440381e+00,2.744009477121878149e+00,1.082085589490243827e+01
4.313940159681064479e+00,3.745267911608832989e+00,-1.706016744216694470e+00,2.713683800274591107e+00,1.081766705605789625e+01
4.304995313719087946e+00,3.745267911608832989e+00,-1.679182206330764870e+00,2.683453788592959910e+00,1.081427158226219554e+01
4.296150894915337304e+00,3.745267911608832989e+00,-1.652648949919512944e+00,2.653325641125192647e+00,1.081067669120568020e+01
4.287406543780707402e+00,3.745267911608832989e+00,-1.626415896515623238e+00,2.623305340388970563e+00,1.080688944387334871e+01
4.278761881590464888e+00,3.745267911608832989e+00,-1.600481909944895698e+00,2.593398657072754077e+00,1.080291674712785976e+01
4.270216511074934829e+00,3.745267911608832989e+00,-1.574845798398305519e+00,2.563611154659017899e+00,1.079876535626071288e+01
4.261770017095031449e+00,3.745267911608832989e+00,-1.549506316458595379e+00,2.533948193971014007e+00,1.079444187751241913e+01
4.253421967302879025e+00,3.745267911608832989e+00,-1.524462167082138109e+00,2.504414937645726980e+00,1.078995277056358937e+01
4.245171912787783164e+00,3.745267911608832989e+00,-1.499712003536850524e+00,2.475016354528758455e+00,1.078530435099190754e+01
4.237019388707786050e+00,3.745267911608832989e+00,-1.475254431296859181e+00,2.445757223999134311e+00,1.078050279270227563e+01
4.228963914907059696e+00,3.745267911608832989e+00,-1.451088009894680120e+00,2.416642140217906132e+00,1.077555413032322562e+01
4.221004996519365449e+00,3.745267911608832989e+00,-1.427211254731597379e+00,2.387675516308274126e+00,1.077046426157667725e+01
4.213142124557828438e+00,3.745267911608832989e+00,-1.403622638846986348e+00,2.358861588461103054e+00,1.076523894961411720e+01
4.205374776491253463e+00,3.745267911608832989e+00,-1.380320594647261423e+00,2.330204419972492502e+00,1.075988382532523246e+01
4.197702416807210568e+00,3.745267911608832989e+00,-1.357303515595132737e+00,2.301707905212868610e+00,1.075440438961773637e+01
4.190124497562130124e+00,3.745267911608832989e+00,-1.334569757859891403e+00,2.273375773524133336e+00,1.074880601566424332e+01
4.182640458918615245e+00,3.745267911608832989e+00,-1.312117641929346767e+00,2.245211593054463606e+00,1.074309395112511822e+01
4.175249729670213128e+00,3.745267911608832989e+00,-1.289945454184140416e+00,2.217218774520635094e+00,1.073727332033649517e+01
4.167951727753845148e+00,3.745267911608832989e+00,-1.268051448435036477e+00,2.189400574910393971e+00,1.073134912647535799e+01
4.160745860750123981e+00,3.745267911608832989e+00,-1.246433847423872976e+00,2.161760101116350086e+00,1.072532625369247761e+01
4.153631526371772686e+00,3.745267911608832989e+00,-1.225090844288819092e+00,2.134300313505388402e+00,1.071920946921656892e+01
4.146608112940342927e+00,3.745267911608832989e+00,-1.204020603994529814e+00,2.107024029428927747e+00,1.071300342543439754e+01
4.139674999851456150e+00,3.745267911608832989e+00,-1.183221264727869482e+00,2.079933926666033273e+00,1.070671266193816429e+01
4.132831558028763119e+00,3.745267911608832989e+00,-1.162690939259790390e+00,2.053032546807909142e+00,1.070034160754811836e+01
4.126077150366825208e+00,3.745267911608832989e+00,-1.142427716273976657e+00,2.026322298581373360e+00,1.069389458230739720e+01
4.119411132163118161e+00,3.745267911608832989e+00,-1.122429661662855516e+00,1.999805461112114102e+00,1.068737579944925997e+01
4.112832851539356405e+00,3.745267911608832989e+00,-1.102694819791570247e+00,1.973484187128526912e+00,1.068078936733695627e+01
4.106341649852327969e+00,3.745267911608832989e+00,-1.083221214730484938e+00,1.947360506108530842e+00,1.067413929137804729e+01
4.099936862094437195e+00,3.745267911608832989e+00,-1.064006851456812619e+00,1.921436327367231911e+00,1.066742947591042068e+01
4.093617817284137317e+00,3.745267911608832989e+00,-1.045049717025912983e+00,1.895713443089963590e+00,1.066066372606405110e+01
4.087383838846443851e+00,3.745267911608832989e+00,-1.026347781712832585e+00,1.870193531308039780e+00,1.065384574959520769e+01
4.081234244983710013e+00,3.745267911608832989e+00,-1.007899000124631073e+00,1.844878158820151270e+00,1.064697915869552070e+01
4.075168349036846216e+00,3.745267911608832989e+00,-9.897013122840396804e-01,1.819768784059139222e+00,1.064006747177510093e+01
4.069185459837159513e+00,3.745267911608832989e+00,-9.717526446849795718e-01,1.794866759906010856e+00,1.063311411522103178e+01
4.063284882048995073e+00,3.745267911608832989e+00,-9.540509113204862501e-01,1.770173336449332169e+00,1.062612242512884642e+01
4.057465916503343095e+00,3.745267911608832989e+00,-9.365940146835303182e-01,1.745689663695593197e+00,1.061909564901206338e+01
4.051727860522592373e+00,3.745267911608832989e+00,-9.193798467412781505e-01,1.721416794225216762e+00,1.061203694748394000e+01
4.046070008236590354e+00,3.745267911608832989e+00,-9.024062898832720947e-01,1.697355685800605585e+00,1.060494939591733399e+01
4.040491650890180253e+00,3.745267911608832989e+00,-8.856712178440417915e-01,1.673507203923030318e+00,1.059783598607898902e+01
4.034992077142377731e+00,3.745267911608832989e+00,-8.691724966006342257e-01,1.649872124340756585e+00,1.059069962774012197e+01
4.029570573357349694e+00,3.745267911608832989e+00,-8.529079852455501154e-01,1.626451135508411028e+00,1.058354315026286230e+01
4.024226423887347970e+00,3.745267911608832989e+00,-8.368755368355449420e-01,1.603244841000517340e+00,1.057636930416497378e+01
4.018958911347762175e+00,3.745267911608832989e+00,-8.210729992167875579e-01,1.580253761875738405e+00,1.056918076265895223e+01
4.013767316884442771e+00,3.745267911608832989e+00,-8.054982158268293446e-01,1.557478338995821332e+00,1.056198012316899337e+01
4.008650920433439957e+00,3.745267911608832989e+00,-7.901490264738209035e-01,1.534918935300844112e+00,1.055476990882702282e+01
4.003609000973320065e+00,3.745267911608832989e+00,-7.750232680934612262e-01,1.512575838035967735e+00,1.054755256994250701e+01
3.998640836770194440e+00,3.745267911608832989e+00,-7.601187754840843525e-01,1.490449260937687370e+00,1.054033048545360352e+01
3.993745705615614039e+00,3.745267911608832989e+00,-7.454333820203431493e-01,1.468539346374120313e+00,1.053310596435377811e+01
3.988922885057468726e+00,3.745267911608832989e+00,-7.309649203459072098e-01,1.446846167443593956e+00,1.052588124709768636e+01
3.984171652624033388e+00,3.745267911608832989e+00,-7.167112230456011979e-01,1.425369730030601190e+00,1.051865850698500005e+01
3.979491286041296760e+00,3.745267911608832989e+00,-7.026701232973913136e-01,1.404109974820988427e+00,1.051143985152359761e+01
3.974881063443712392e+00,3.745267911608832989e+00,-6.888394555046382095e-01,1.383066779275310410e+00,1.050422732377067270e+01
3.970340263578505002e+00,3.745267911608832989e+00,-6.752170559090160395e-01,1.362239959562216995e+00,1.049702290365320145e+01
3.965868166003662765e+00,3.745267911608832989e+00,-6.618007631844893268e-01,1.341629272452671273e+00,1.048982850926818244e+01
3.961464051279747434e+00,3.745267911608832989e+00,-6.485884190127433335e-01,1.321234417174599329e+00,1.048264599816185694e+01
3.957127201155648422e+00,3.745267911608832989e+00,-6.355778686404462974e-01,1.301055037229703615e+00,1.047547716858925781e+01
3.952856898748408288e+00,3.745267911608832989e+00,-6.227669614187258951e-01,1.281090722172040230e+00,1.046832376075331439e+01
3.948652428717243534e+00,3.745267911608832989e+00,-6.101535513252316356e-01,1.261341009349425946e+00,1.046118745802419525e+01
3.944513077431881065e+00,3.745267911608832989e+00,-5.977354974691442280e-01,1.241805385608740764e+00,1.045406988813959615e+01
3.940438133135332421e+00,3.745267911608832989e+00,-5.855106645794982967e-01,1.222483288964593129e+00,1.044697262438509533e+01
3.936426886101222600e+00,3.745267911608832989e+00,-5.734769234771688318e-01,1.203374110232946492e+00,1.043989718675577905e+01
3.932478628785788466e+00,3.745267911608832989e+00,-5.616321515308664303e-01,1.184477194630240149e+00,1.043284504309937333e+01
3.928592655974664005e+00,3.745267911608832989e+00,-5.499742330974930482e-01,1.165791843337338207e+00,1.042581761023984654e+01
3.924768264924563432e+00,3.745267911608832989e+00,-5.385010599471913295e-01,1.147317315030171869e+00,1.041881625508298015e+01
3.921004755499971406e+00,3.745267911608832989e+00,-5.272105316734152503e-01,1.129052827377607926e+00,1.041184229570419362e+01
3.917301430304949594e+00,3.745267911608832989e+00,-5.161005560883498156e-01,1.110997558506543470e+00,1.040489700241819371e+01
3.913657594810169726e+00,3.745267911608832989e+00,-5.051690496040102119e-01,1.093150648433960370e+00,1.039798159882995066e+01
3.910072557475273047e+00,3.745267911608832989e+00,-4.944139375993201746e-01,1.075511200469003725e+00,1.039109726286968360e+01
3.906545629866663205e+00,3.745267911608832989e+00,-4.838331547734906479e-01,1.058078282582952667e+00,1.038424512780946252e+01
3.903076126770834264e+00,3.745267911608832989e+00,-4.734246454860038256e-01,1.040850928748682236e+00,1.037742628326267891e+01
3.899663366303331546e+00,3.745267911608832989e+00,-4.631863640834956719e-01,1.023828140250815366e+00,1.037064177616731975e+01
3.896306670013445661e+00,3.745267911608832989e+00,-4.531162752138380156e-01,1.007008886965765626e+00,1.036389261175192900e+01
3.893005362984734763e+00,3.745267911608832989e+00,-4.432123541277053214e-01,9.903921086132694285e-01,1.035717975448556416e+01
3.889758773931472735e+00,3.745267911608832989e+00,-4.334725869679192378e-01,9.739767159786083539e-01,1.035050412901068917e+01
3.886566235291111671e+00,3.745267911608832989e+00,-4.238949710468360443e-01,9.577615921083193484e-01,1.034386662106148336e+01
3.883427083312856798e+00,3.745267911608832989e+00,-4.144775151120714263e-01,9.417455934764618064e-01,1.033726807836439043e+01
3.880340658142438226e+00,3.745267911608832989e+00,-4.052182396008157106e-01,9.259275511255715685e-01,1.033070931152475680e+01
3.877306303903172324e+00,3.745267911608832989e+00,-3.961151768830180053e-01,9.103062717797705261e-01,1.032419109489675257e+01
3.874323368773395782e+00,3.745267911608832989e+00,-3.871663714936883771e-01,8.948805389329628213e-01,1.031771416743927539e+01
3.871391205060363383e+00,3.745267911608832989e+00,-3.783698803545911815e-01,8.796491139097195600e-01,1.031127923355512976e+01
3.868509169270686332e+00,3.745267911608832989e+00,-3.697237729855600286e-01,8.646107369031152956e-01,1.030488696391755532e+01
3.865676622177401267e+00,3.745267911608832989e+00,-3.612261317057048338e-01,8.497641279855194796e-01,1.029853799627981559e+01
3.862892928883744137e+00,3.745267911608832989e+00,-3.528750518247334433e-01,8.351079880971390423e-01,1.029223293627240565e+01
3.860157458883714199e+00,3.745267911608832989e+00,-3.446686418246436290e-01,8.206410000089814361e-01,1.028597235818433830e+01
3.857469586119502747e+00,3.745267911608832989e+00,-3.366050235320092732e-01,8.063618292634355811e-01,1.027975680573142725e+01
3.854828689035864286e+00,3.745267911608832989e+00,-3.286823322810938919e-01,7.922691250915381289e-01,1.027358679281044473e+01
3.852234150631506981e+00,3.745267911608832989e+00,-3.208987170680219769e-01,7.783615213071914951e-01,1.026746280423916957e+01
3.849685358507573429e+00,3.745267911608832989e+00,-3.132523406962213208e-01,7.646376371800656102e-01,1.026138529648384434e+01
3.847181704913288147e+00,3.745267911608832989e+00,-3.057413799133654742e-01,7.510960782855846674e-01,1.025535469837221925e+01
3.844722586788840157e+00,3.745267911608832989e+00,-2.983640255400215047e-01,7.377354373343969485e-01,1.024937141179437639e+01
3.842307405805571729e+00,3.745267911608832989e+00,-2.911184825902162210e-01,7.245542949805283683e-01,1.024343581239031309e+01
3.839935568403542554e+00,3.745267911608832989e+00,-2.840029703841286945e-01,7.115512206087526437e-01,1.023754825022462356e+01
3.837606485826535518e+00,3.745267911608832989e+00,-2.770157226531075878e-01,6.987247731021106745e-01,1.023170905044900358e+01
3.835319574154573363e+00,3.745267911608832989e+00,-2.701549876372211223e-01,6.860735015886465504e-01,1.022591851395142548e+01
3.833074254334006614e+00,3.745267911608832989e+00,-2.634190281755208751e-01,6.735959461700247175e-01,1.022017691799450390e+01
3.830869952205238960e+00,3.745267911608832989e+00,-2.568061217892179116e-01,6.612906386302963568e-01,1.021448451684107894e+01
3.828706098528155799e+00,3.745267911608832989e+00,-2.503145607579684295e-01,6.491561031249482028e-01,1.020884154236697938e+01
3.826582129005309252e+00,3.745267911608832989e+00,-2.439426521894287880e-01,6.371908568539641493e-01,1.020324820466453630e+01
3.824497484302928907e+00,3.745267911608832989e+00,-2.376887180822877532e-01,6.253934107141034815e-01,1.019770469263181667e+01
3.822451610069812045e+00,3.745267911608832989e+00,-2.315510953829371665e-01,6.137622699350586686e-01,1.019221117455212244e+01
3.820443956954150178e+00,3.745267911608832989e+00,-2.255281360359515652e-01,6.022959346985601314e-01,1.018676779866260951e+01
3.818473980618354524e+00,3.745267911608832989e+00,-2.196182070285646049e-01,5.909929007386960365e-01,1.018137469371013282e+01
3.816541141751930155e+00,3.745267911608832989e+00,-2.138196904292914979e-01,5.798516599273106920e-01,1.017603196949801969e+01
3.814644906082455655e+00,3.745267911608832989e+00,-2.081309834208679987e-01,5.688707008423499190e-01,1.017073971742148331e+01
3.812784744384722924e+00,3.745267911608832989e+00,-2.025504983276698034e-01,5.580485093198195301e-01,1.016549801099215067e+01
3.810960132488089513e+00,3.745267911608832989e+00,-1.970766626377695729e-01,5.473835689900230506e-01,1.016030690635225398e+01
3.809170551282091477e+00,3.745267911608832989e+00,-1.917079190197754635e-01,5.368743617994109485e-01,1.015516644277963643e+01
3.807415486720371334e+00,3.745267911608832989e+00,-1.864427253346150337e-01,5.265193685160429737e-01,1.015007664318142844e+01
3.805694429822969127e+00,3.745267911608832989e+00,-1.812795546424084137e-01,5.163170692206620060e-01,1.014503751457825409e+01
3.804006876677024973e+00,3.745267911608832989e+00,-1.762168952045759518e-01,5.062659437832461862e-01,1.014004904857867118e+01
3.802352328435938844e+00,3.745267911608832989e+00,-1.712532504813175649e-01,4.963644723258386904e-01,1.013511122184452162e+01
3.800730291317036880e+00,3.745267911608832989e+00,-1.663871391246116715e-01,4.866111356705893343e-01,1.013022399654597905e+01
3.799140276597789523e+00,3.745267911608832989e+00,-1.616170949668696011e-01,4.770044157742070468e-01,1.012538732080733794e+01
3.797581800610622782e+00,3.745267911608832989e+00,-1.569416670053693785e-01,4.675427961500222551e-01,1.012060112914465293e+01
3.796054384736370579e+00,3.745267911608832989e+00,-1.523594193826127707e-01,4.582247622756607797e-01,1.011586534289304851e+01
3.794557555396407711e+00,3.745267911608832989e+00,-1.478689313627241653e-01,4.490488019888605464e-01,1.011117987062613643e+01
3.793090844043507381e+00,3.745267911608832989e+00,-1.434687973040231768e-01,4.400134058700988504e-01,1.010654460856607528e+01
3.791653787151463728e+00,3.745267911608832989e+00,-1.391576266278922169e-01,4.311170676130959833e-01,1.010195944098520471e+01
3.790245926203518856e+00,3.745267911608832989e+00,-1.349340437840576001e-01,4.223582843834616796e-01,1.009742424059940546e+01
3.788866807679633908e+00,3.745267911608832989e+00,-1.307966882124027563e-01,4.137355571654843800e-01,1.009293886895308212e+01
3.787515983042644141e+00,3.745267911608832989e+00,-1.267442143014334555e-01,4.052473910969300874e-01,1.008850317679549669e+01
3.786193008723333975e+00,3.745267911608832989e+00,-1.227752913435029569e-01,3.968922957930498541e-01,1.008411700444954739e+01
3.784897446104468877e+00,3.745267911608832989e+00,-1.188886034869076624e-01,3.886687856595294477e-01,1.007978018217262317e+01
3.783628861503820939e+00,3.745267911608832989e+00,-1.150828496849638505e-01,3.805753801943811965e-01,1.007549253050941829e+01
3.782386826156223680e+00,3.745267911608832989e+00,-1.113567436421720735e-01,3.726106042791776929e-01,1.007125386063700567e+01
3.781170916194690257e+00,3.745267911608832989e+00,-1.077090137575718032e-01,3.647729884600270367e-01,1.006706397470245662e+01
3.779980712630627071e+00,3.745267911608832989e+00,-1.041384030653822457e-01,3.570610692189557511e-01,1.006292266615357356e+01
3.778815801333179181e+00,3.745267911608832989e+00,-1.006436691730385746e-01,3.494733892343671045e-01,1.005882972006132903e+01
3.777675773007737714e+00,3.745267911608832989e+00,-9.722358419671417451e-02,3.420084976324400117e-01,1.005478491343572678e+01
3.776560223173639486e+00,3.745267911608832989e+00,-9.387693469441948935e-02,3.346649502294685163e-01,1.005078801553504952e+01
3.775468752141094786e+00,3.745267911608832989e+00,-9.060252159678539030e-02,3.274413097634099046e-01,1.004683878816662457e+01
3.774400964987366880e+00,3.745267911608832989e+00,-8.739916013560167229e-02,3.203361461183718006e-01,1.004293698598277018e+01
3.773356471532237411e+00,3.745267911608832989e+00,-8.426567977021326428e-02,3.133480365388408018e-01,1.003908235676862759e+01
3.772334886312784796e+00,3.745267911608832989e+00,-8.120092411185542147e-02,3.064755658357842805e-01,1.003527464172393024e+01
3.771335828557504488e+00,3.745267911608832989e+00,-7.820375084601449700e-02,2.997173265840924472e-01,1.003151357573807800e+01
3.770358922159797732e+00,3.745267911608832989e+00,-7.527303165289422893e-02,2.930719193120268073e-01,1.002779888765913263e+01
3.769403795650857258e+00,3.745267911608832989e+00,-7.240765212607280787e-02,2.865379526821421052e-01,1.002413030055607024e+01
3.768470082171972102e+00,3.745267911608832989e+00,-6.960651168941733857e-02,2.801140436655469301e-01,1.002050753197612920e+01
3.767557419446284861e+00,3.745267911608832989e+00,-6.686852351235561542e-02,2.737988177061723150e-01,1.001693029419381631e+01
3.766665449750016936e+00,3.745267911608832989e+00,-6.419261442355184144e-02,2.675909088803773983e-01,1.001339829445682561e+01
3.765793819883194615e+00,3.745267911608832989e+00,-6.157772482308487838e-02,2.614889600466963060e-01,1.000991123522361192e+01
3.764942181139894650e+00,3.745267911608832989e+00,-5.902280859318498329e-02,2.554916229899895086e-01,1.000646881439680413e+01
3.764110189278034202e+00,3.745267911608832989e+00,-5.652683300760363849e-02,2.495975585581344802e-01,1.000307072555053090e+01
3.763297504488729128e+00,3.745267911608832989e+00,-5.408877863968841737e-02,2.438054367915221121e-01,9.999716658151834636e+00
3.762503791365239270e+00,3.745267911608832989e+00,-5.170763926921884135e-02,2.381139370469576022e-01,9.996406297777738814e+00
3.761728718871526933e+00,3.745267911608832989e+00,-4.938242178808183169e-02,2.325217481137009656e-01,9.993139326325620075e+00
3.760971960310447226e+00,3.745267911608832989e+00,-4.711214610484271148e-02,2.270275683239120212e-01,9.989915422219070251e+00
3.760233193291589338e+00,3.745267911608832989e+00,-4.489584504826904521e-02,2.216301056573666273e-01,9.986734260609097191e+00
3.759512099698792298e+00,3.745267911608832989e+00,-4.273256426987792622e-02,2.163280778391118986e-01,9.983595513569234470e+00
3.758808365657352102e+00,3.745267911608832989e+00,-4.062136214555733815e-02,2.111202124320588069e-01,9.980498850286501522e+00
3.758121681500940614e+00,3.745267911608832989e+00,-3.856130967632287465e-02,2.060052469234463501e-01,9.977443937247123529e+00
3.757451741738254025e+00,3.745267911608832989e+00,-3.655149038826310814e-02,2.009819288059766507e-01,9.974430438417714484e+00
3.756798245019409066e+00,3.745267911608832989e+00,-3.459100023172823057e-02,1.960490156534877570e-01,9.971458015421760024e+00
3.756160894102106518e+00,3.745267911608832989e+00,-3.267894747982058590e-02,1.912052751907644677e-01,9.968526327710943491e+00
3.755539395817574899e+00,3.745267911608832989e+00,-3.081445262622573011e-02,1.864494853594855783e-01,9.965635032733260346e+00
3.754933461036316533e+00,3.745267911608832989e+00,-2.899664828245063219e-02,1.817804343775097919e-01,9.962783786095059213e+00
3.754342804633667985e+00,3.745267911608832989e+00,-2.722467907450498714e-02,1.771969207945645053e-01,9.959972241720059571e+00
3.753767145455191301e+00,3.745267911608832989e+00,-2.549770153907493508e-02,1.726977535430052058e-01,9.957200052003930324e+00
3.753206206281915147e+00,3.745267911608832989e+00,-2.381488401924647391e-02,1.682817519828461172e-01,9.954466867963599697e+00
3.752659713795435170e+00,3.745267911608832989e+00,-2.217540655980654307e-02,1.639477459439930840e-01,9.951772339384186594e+00
3.752127398542893566e+00,3.745267911608832989e+00,-2.057846080218173057e-02,1.596945757624812501e-01,9.949116114960300905e+00
3.751608994901848071e+00,3.745267911608832989e+00,-1.902324987904524534e-02,1.555210923136485235e-01,9.946497842434602887e+00
3.751104241045045917e+00,3.745267911608832989e+00,-1.750898830863878430e-02,1.514261570406461033e-01,9.943917168732006928e+00
3.750612878905116965e+00,3.745267911608832989e+00,-1.603490188885192680e-02,1.474086419786857505e-01,9.941373740089833433e+00
3.750134654139197110e+00,3.745267911608832989e+00,-1.460022759109236290e-02,1.434674297759563899e-01,9.938867202184864524e+00
3.749669316093495741e+00,3.745267911608832989e+00,-1.320421345398825608e-02,1.396014137104106823e-01,9.936397200256422479e+00
3.749216617767820114e+00,3.745267911608832989e+00,-1.184611847696137588e-02,1.358094977026880201e-01,9.933963379225726698e+00
3.748776315780066870e+00,3.745267911608832989e+00,-1.052521251370164279e-02,1.320905963259733085e-01,9.931565383812271719e+00
3.748348170330694895e+00,3.745267911608832989e+00,-9.240776165585717905e-03,1.284436348115924886e-01,9.929202858646007712e+00
3.747931945167187529e+00,3.745267911608832989e+00,-7.992100675063618098e-03,1.248675490522099807e-01,9.926875448377145972e+00
3.747527407548517875e+00,3.745267911608832989e+00,-6.778487819054657137e-03,1.213612856008960961e-01,9.924582797781841492e+00
3.747134328209626553e+00,3.745267911608832989e+00,-5.599249802380690255e-03,1.179238016673966882e-01,9.922324551865017384e+00
3.746752481325921647e+00,3.745267911608832989e+00,-4.453709151265972110e-03,1.145540651114718145e-01,9.920100355960206784e+00
3.746381644477812856e+00,3.745267911608832989e+00,-3.341198606939599358e-03,1.112510544326372752e-01,9.917909855825698173e+00
3.746021598615286496e+00,3.745267911608832989e+00,-2.261061019360521840e-03,1.080137587579077518e-01,9.915752697738547283e+00
3.745672128022533798e+00,3.745267911608832989e+00,-1.212649241102425890e-03,1.048411778258095950e-01,9.913628528584707666e+00
3.745333020282639591e+00,3.745267911608832989e+00,-1.953260214198060396e-04,1.017323219682619850e-01,9.911536995946843120e+00
3.745004066242340279e+00,3.745267911608832989e+00,7.915360994781295290e-04,9.868621208979355686e-02,9.909477748189271296e+00
3.744685059976859964e+00,3.745267911608832989e+00,1.748554895919074426e-03,9.570187964409448966e-02,9.907450434540013617e+00
3.744375798754833617e+00,3.745267911608832989e+00,2.676338561998115040e-03,9.277836660790406142e-02,9.905454705169901786e+00
3.744076083003323951e+00,3.745267911608832989e+00,3.575485816527113059e-03,8.991472545289980189e-02,9.903490211269428301e+00
3.743785716272941322e+00,3.745267911608832989e+00,4.446586007675001895e-03,8.711001911478888360e-02,9.901556605122465271e+00
3.743504505203071098e+00,3.745267911608832989e+00,5.290219217285674347e-03,8.436332096106724521e-02,9.899653540178352529e+00
3.743232259487218716e+00,3.745267911608832989e+00,6.106956364842819340e-03,8.167371475571449935e-02,9.897780671120557372e+00
3.742968791838478193e+00,3.745267911608832989e+00,6.897359311064388265e-03,7.904029462215689250e-02,9.895937653933222222e+00
3.742713917955131198e+00,3.745267911608832989e+00,7.661980961105374632e-03,7.646216500409863670e-02,9.894124145965204065e+00
3.742467456486380684e+00,3.745267911608832989e+00,8.401365367356916636e-03,7.393844062515420035e-02,9.892339805992511614e+00
3.742229228998229296e+00,3.745267911608832989e+00,9.116047831811080471e-03,7.146824644541638349e-02,9.890584294277228850e+00
3.741999059939505656e+00,3.745267911608832989e+00,9.806555007981998529e-03,6.905071761709180578e-02,9.888857272625074302e+00
3.741776776608044752e+00,3.745267911608832989e+00,1.047340500236471073e-02,6.668499943827121967e-02,9.887158404440636872e+00
3.741562209117027749e+00,3.745267911608832989e+00,1.111710747541572175e-02,6.437024730510110260e-02,9.885487354780517322e+00
3.741355190361488781e+00,3.745267911608832989e+00,1.173816374203262569e-02,6.210562666169039403e-02,9.883843790403723517e+00
3.741155555984990055e+00,3.745267911608832989e+00,1.233706687152880122e-02,5.989031294961755236e-02,9.882227379821147295e+00
3.740963144346473701e+00,3.745267911608832989e+00,1.291430178707786425e-02,5.772349155490630324e-02,9.880637793341984221e+00
3.740777796487291251e+00,3.745267911608832989e+00,1.347034536462521359e-02,5.560435775473493436e-02,9.879074703119361089e+00
3.740599356098420980e+00,3.745267911608832989e+00,1.400566653123602734e-02,5.353211666108137479e-02,9.877537783192318344e+00
3.740427669487869977e+00,3.745267911608832989e+00,1.452072636288903595e-02,5.150598316530086151e-02,9.876026709528190395e+00
3.740262585548271623e+00,3.745267911608832989e+00,1.501597818168409759e-02,4.952518187950616380e-02,9.874541160061191647e+00
3.740103955724679352e+00,3.745267911608832989e+00,1.549186765246091113e-02,4.758894707768135390e-02,9.873080814730142762e+00
3.739951633982560253e+00,3.745267911608832989e+00,1.594883287881820877e-02,4.569652263572976381e-02,9.871645355514548470e+00
3.739805476775992510e+00,3.745267911608832989e+00,1.638730449852143778e-02,4.384716197032290097e-02,9.870234466468843948e+00
3.739665343016071564e+00,3.745267911608832989e+00,1.680770577828427648e-02,4.204012797628386977e-02,9.868847833754568200e+00
3.739531094039526327e+00,3.745267911608832989e+00,1.721045270791998760e-02,4.027469296357111261e-02,9.867485145671491154e+00
3.739402593577548117e+00,3.745267911608832989e+00,1.759595409385461551e-02,3.855013859346279048e-02,9.866146092687317903e+00
3.739279707724838531e+00,3.745267911608832989e+00,1.796461165198337540e-02,3.686575581287598879e-02,9.864830367464859862e+00
3.739162304908875356e+00,3.745267911608832989e+00,1.831682009987289916e-02,3.522084478895237680e-02,9.863537664888825773e+00
3.739050255859401428e+00,3.745267911608832989e+00,1.865296724829468289e-02,3.361471484217837258e-02,9.862267682090473997e+00
3.738943433578136410e+00,3.745267911608832989e+00,1.897343409208973597e-02,3.204668437950530802e-02,9.861020118471595097e+00
3.738841713308718617e+00,3.745267911608832989e+00,1.927859490034311563e-02,3.051608082533796562e-02,9.859794675725680690e+00
3.738744972506873321e+00,3.745267911608832989e+00,1.956881730587900492e-02,2.902224055358892940e-02,9.858591057859468876e+00
3.738653090810813762e+00,3.745267911608832989e+00,1.984446239405768253e-02,2.756450881786776108e-02,9.857408971211926385e+00
3.738565950011875749e+00,3.745267911608832989e+00,2.010588479087171976e-02,2.614223968140372278e-02,9.856248124472276828e+00
3.738483434025384966e+00,3.745267911608832989e+00,2.035343275034406929e-02,2.475479594723495325e-02,9.855108228697579520e+00
3.738405428861763635e+00,3.745267911608832989e+00,2.058744824120806172e-02,2.340154908639924258e-02,9.853988997327608246e+00
3.738331822597875220e+00,3.745267911608832989e+00,2.080826703287330659e-02,2.208187916652448735e-02,9.852890146199397847e+00
3.738262505348606712e+00,3.745267911608832989e+00,2.101621878067883031e-02,2.079517478055237234e-02,9.851811393561231256e+00
3.738197369238694279e+00,3.745267911608832989e+00,2.121162711041613136e-02,1.954083297373010453e-02,9.850752460084146733e+00
3.738136308374790495e+00,3.745267911608832989e+00,2.139480970212748190e-02,1.831825917113505398e-02,9.849713068873263921e+00
3.738079218817774052e+00,3.745267911608832989e+00,2.156607837317681131e-02,1.712686710493294129e-02,9.848692945478109806e+00
3.738025998555305041e+00,3.745267911608832989e+00,2.172573916058384569e-02,1.596607874070343769e-02,9.847691817901287337e+00
3.737976547474626265e+00,3.745267911608832989e+00,2.187409240262017107e-02,1.483532420363253834e-02,9.846709416606252319e+00
3.737930767335608362e+00,3.745267911608832989e+00,2.201143281967388177e-02,1.373404170537106950e-02,9.845745474525045893e+00
3.737888561744042715e+00,3.745267911608832989e+00,2.213804959437082331e-02,1.266167746969415475e-02,9.844799727064065920e+00
3.737849836125183511e+00,3.745267911608832989e+00,2.225422645094843332e-02,1.161768565776100104e-02,9.843871912108710376e+00
3.737814497697535376e+00,3.745267911608832989e+00,2.236024173389283831e-02,1.060152829444049871e-02,9.842961770028333390e+00
3.737782455446890140e+00,3.745267911608832989e+00,2.245636848582854839e-02,9.612675193571007526e-03,9.842069043679400053e+00
3.737753620100612739e+00,3.745267911608832989e+00,2.254287452466074981e-02,8.650603883220142620e-03,9.841193478407880946e+00
3.737727904102175813e+00,3.745267911608832989e+00,2.262002251997152769e-02,7.714799531077787265e-03,9.840334822051049812e+00
3.737705221585944315e+00,3.745267911608832989e+00,2.268807006866602194e-02,6.804754869449425314e-03,9.839492824938115945e+00
3.737685488352206598e+00,3.745267911608832989e+00,2.274726976987917482e-02,5.919970121315287770e-03,9.838667239891194072e+00
3.737668621842457739e+00,3.745267911608832989e+00,2.279786929912575033e-02,5.059952924657551421e-03,9.837857822223783799e+00
3.737654541114931561e+00,3.745267911608832989e+00,2.284011148170428385e-02,4.224218257853351588e-03,9.837064329739558133e+00
3.737643166820379115e+00,3.745267911608832989e+00,2.287423436536162313e-02,3.412288365733928686e-03,9.836286522731096937e+00
3.737634421178099853e+00,3.745267911608832989e+00,2.290047129219940913e-02,2.623692683778600099e-03,9.835524163975978951e+00
3.737628227952218385e+00,3.745267911608832989e+00,2.291905096984381274e-02,1.857967764440360270e-03,9.834777018734284226e+00
3.737624512428210366e+00,3.745267911608832989e+00,2.293019754186786940e-02,1.114657202405666681e-03,9.834044854744274033e+00
3.737623201389676630e+00,3.745267911608832989e+00,2.293413065746907620e-02,3.933115601206793599e-04,9.833327442217591141e+00
3.737624223095364684e+00,3.745267911608832989e+00,2.293106554040491574e-02,-3.065117064160460814e-04,9.832624553833989367e+00
3.737627507256436221e+00,3.745267911608832989e+00,2.292121305719030389e-02,-9.852483214611851281e-04,9.831935964735729172e+00
3.737632985013981113e+00,3.745267911608832989e+00,2.290477978455562891e-02,-1.643327263467497801e-03,9.831261452521088628e+00
3.737640588916778306e+00,3.745267911608832989e+00,2.288196807616404982e-02,-2.281170839157908858e-03,9.830600797237007527e+00
3.737650252899299197e+00,3.745267911608832989e+00,2.285297612860137662e-02,-2.899194756267320372e-03,9.829953781372335442e+00
3.737661912259957031e+00,3.745267911608832989e+00,2.281799804662787423e-02,-3.497808197350238402e-03,9.829320189849278577e+00
3.737675503639600105e+00,3.745267911608832989e+00,2.277722390769865157e-02,-4.077413892922265859e-03,9.828699810014777327e+00
3.737690965000244336e+00,3.745267911608832989e+00,2.273083982576595830e-02,-4.638408193269327739e-03,9.828092431632496684e+00
3.737708235604051854e+00,3.745267911608832989e+00,2.267902801434340532e-02,-5.181181142255297800e-03,9.827497846872088161e+00
3.737727255992546738e+00,3.745267911608832989e+00,2.262196684885875442e-02,-5.706116548465089977e-03,9.826915850300395050e+00
3.737747967966071450e+00,3.745267911608832989e+00,2.255983092828461878e-02,-6.213592057413563907e-03,9.826346238870872440e+00
3.737770314563483520e+00,3.745267911608832989e+00,2.249279113604840674e-02,-6.703979223621203687e-03,9.825788811912428145e+00
3.737794240042086713e+00,3.745267911608832989e+00,2.242101470023882825e-02,-7.177643580957848712e-03,9.825243371119281477e+00
3.737819689857801997e+00,3.745267911608832989e+00,2.234466525309297680e-02,-7.634944714585145675e-03,9.824709720538507440e+00
3.737846610645570777e+00,3.745267911608832989e+00,2.226390288978663534e-02,-8.076236330634145588e-03,9.824187666559152987e+00
3.737874950199995716e+00,3.745267911608832989e+00,2.217888422651181912e-02,-8.501866327481621965e-03,9.823677017899029806e+00
3.737904657456210700e+00,3.745267911608832989e+00,2.208976245786686832e-02,-8.912176864495080508e-03,9.823177585593372285e+00
3.737935682470984844e+00,3.745267911608832989e+00,2.199668741354443569e-02,-9.307504432243263182e-03,9.822689182981301670e+00
3.737967976404056980e+00,3.745267911608832989e+00,2.189980561432802730e-02,-9.688179921640838188e-03,9.822211625692688131e+00
3.738001491499698403e+00,3.745267911608832989e+00,2.179926032740375774e-02,-1.005452869242695613e-02,9.821744731634977299e+00
3.738036181068503438e+00,3.745267911608832989e+00,2.169519162098865195e-02,-1.040687064151057939e-02,9.821288320979478570e+00
3.738071999469406492e+00,3.745267911608832989e+00,2.158773641827949064e-02,-1.074552027091613127e-02,9.820842216147363857e+00
3.738108902091924257e+00,3.745267911608832989e+00,2.147702855072619599e-02,-1.107078675532946477e-02,9.820406241795396340e+00
3.738146845338621738e+00,3.745267911608832989e+00,2.136319881063375448e-02,-1.138297400924415115e-02,9.819980224801390989e+00
3.738185786607798988e+00,3.745267911608832989e+00,2.124637500310200267e-02,-1.168238075317518110e-02,9.819563994249927319e+00
3.738225684276401228e+00,3.745267911608832989e+00,2.112668199729528240e-02,-1.196930058067202651e-02,9.819157381416623309e+00
3.738266497683145229e+00,3.745267911608832989e+00,2.100424177706328166e-02,-1.224402202320007405e-02,9.818760219753864149e+00
3.738308187111864633e+00,3.745267911608832989e+00,2.087917349090506747e-02,-1.250682861582141925e-02,9.818372344875083257e+00
3.738350713775071554e+00,3.745267911608832989e+00,2.075159350128430447e-02,-1.275799896207630013e-02,9.817993594539208502e+00
3.738394039797732216e+00,3.745267911608832989e+00,2.062161543330232050e-02,-1.299780679819839690e-02,9.817623808635104865e+00
3.738438128201256649e+00,3.745267911608832989e+00,2.048935022272901918e-02,-1.322652105733013173e-02,9.817262829165398941e+00
3.738482942887697558e+00,3.745267911608832989e+00,2.035490616340629444e-02,-1.344440593227247405e-02,9.816910500231134762e+00
3.738528448624161449e+00,3.745267911608832989e+00,2.021838895401462111e-02,-1.365172093916733331e-02,9.816566668014846897e+00
3.738574611027427164e+00,3.745267911608832989e+00,2.007990174421747653e-02,-1.384872097971445726e-02,9.816231180764503961e+00
3.738621396548769127e+00,3.745267911608832989e+00,1.993954518019158684e-02,-1.403565640258896963e-02,9.815903888777603115e+00
3.738668772458988876e+00,3.745267911608832989e+00,1.979741744953233962e-02,-1.421277306592472200e-02,9.815584644383609003e+00
3.738716706833646874e+00,3.745267911608832989e+00,1.965361432555834398e-02,-1.438031239739956391e-02,9.815273301928158389e+00
3.738765168538497718e+00,3.745267911608832989e+00,1.950822921100581198e-02,-1.453851145525320021e-02,9.814969717755753109e+00
3.738814127215124294e+00,3.745267911608832989e+00,1.936135318112608417e-02,-1.468760298797278097e-02,9.814673750193154689e+00
3.738863553266770001e+00,3.745267911608832989e+00,1.921307502618896379e-02,-1.482781549371203766e-02,9.814385259532476979e+00
3.738913417844369036e+00,3.745267911608832989e+00,1.906348129339185959e-02,-1.495937327971041952e-02,9.814104108013681937e+00
3.738963692832769414e+00,3.745267911608832989e+00,1.891265632819072451e-02,-1.508249652011350861e-02,9.813830159808077269e+00
3.739014350837150502e+00,3.745267911608832989e+00,1.876068231504746109e-02,-1.519740131432634200e-02,9.813563281000721616e+00
3.739065365169631949e+00,3.745267911608832989e+00,1.860763931760311962e-02,-1.530429974443414665e-02,9.813303339573169026e+00
3.739116709836070473e+00,3.745267911608832989e+00,1.845360531828754702e-02,-1.540339993155726006e-02,9.813050205386730340e+00
3.739168359523047602e+00,3.745267911608832989e+00,1.829865625735616064e-02,-1.549490609313863843e-02,9.812803750164217576e+00
3.739220289585041268e+00,3.745267911608832989e+00,1.814286607137516327e-02,-1.557901859809973644e-02,9.812563847473276368e+00
3.739272476031782144e+00,3.745267911608832989e+00,1.798630673115253487e-02,-1.565593402226284070e-02,9.812330372708890636e+00
3.739324895515794278e+00,3.745267911608832989e+00,1.782904827911613310e-02,-1.572584520364017635e-02,9.812103203075476898e+00
3.739377525320113804e+00,3.745267911608832989e+00,1.767115886615755471e-02,-1.578894129585783901e-02,9.811882217570300213e+00
3.739430343346190178e+00,3.745267911608832989e+00,1.751270478792843477e-02,-1.584540782291199434e-02,9.811667296965016050e+00
3.739483328101963266e+00,3.745267911608832989e+00,1.735375052060916801e-02,-1.589542673192667621e-02,9.811458323788682989e+00
3.739536458690114973e+00,3.745267911608832989e+00,1.719435875615404896e-02,-1.593917644551190449e-02,9.811255182310642198e+00
3.739589714796498043e+00,3.745267911608832989e+00,1.703459043700483733e-02,-1.597683191492116350e-02,9.811057758522084171e+00
3.739643076678733191e+00,3.745267911608832989e+00,1.687450479029939387e-02,-1.600856467054434518e-02,9.810865940119755990e+00
3.739696525154980300e+00,3.745267911608832989e+00,1.671415936155806747e-02,-1.603454287413264012e-02,9.810679616487426813e+00
3.739750041592876162e+00,3.745267911608832989e+00,1.655361004787048174e-02,-1.605493136875857374e-02,9.810498678679111961e+00
3.739803607898640081e+00,3.745267911608832989e+00,1.639291113057872451e-02,-1.606989172917572262e-02,9.810323019401403499e+00
3.739857206506343790e+00,3.745267911608832989e+00,1.623211530746759834e-02,-1.607958231111261682e-02,9.810152532996355035e+00
3.739910820367347455e+00,3.745267911608832989e+00,1.607127372445660285e-02,-1.608415830109954925e-02,9.809987115423357551e+00
3.739964432939893335e+00,3.745267911608832989e+00,1.591043600681896208e-02,-1.608377176376407647e-02,9.809826664243054495e+00
3.740018028178863752e+00,3.745267911608832989e+00,1.574965028990771287e-02,-1.607857169112492102e-02,9.809671078598782401e+00
3.740071590525694045e+00,3.745267911608832989e+00,1.558896324941683176e-02,-1.606870404908811167e-02,9.809520259200329662e+00
3.740125104898444075e+00,3.745267911608832989e+00,1.542842013116674238e-02,-1.605431182500893783e-02,9.809374108306158746e+00
3.740178556682024702e+00,3.745267911608832989e+00,1.526806478042486148e-02,-1.603553507418808977e-02,9.809232529706237713e+00
3.740231931718576153e+00,3.745267911608832989e+00,1.510793967077050937e-02,-1.601251096543521157e-02,9.809095428705335351e+00
3.740285216297997817e+00,3.745267911608832989e+00,1.494808593250551709e-02,-1.598537382649922733e-02,9.808962712106007231e+00
3.740338397148630367e+00,3.745267911608832989e+00,1.478854338060786588e-02,-1.595425518976512080e-02,9.808834288190842798e+00
3.740391461428081765e+00,3.745267911608832989e+00,1.462935054225367182e-02,-1.591928383541940661e-02,9.808710066706835207e+00
3.740444396714203812e+00,3.745267911608832989e+00,1.447054468388753179e-02,-1.588058583661400291e-02,9.808589958847274914e+00
3.740497190996210808e+00,3.745267911608832989e+00,1.431216183786654383e-02,-1.583828460209879552e-02,9.808473877235767802e+00
3.740549832665941210e+00,3.745267911608832989e+00,1.415423682867533728e-02,-1.579250091912065557e-02,9.808361735909555179e+00
3.740602310509262729e+00,3.745267911608832989e+00,1.399680329871078044e-02,-1.574335299645568398e-02,9.808253450302256482e+00
3.740654613697614650e+00,3.745267911608832989e+00,1.383989373365501763e-02,-1.569095650557628119e-02,9.808148937228079234e+00
3.740706731779689154e+00,3.745267911608832989e+00,1.368353948743150639e-02,-1.563542462235112396e-02,9.808048114865080436e+00
3.740758654673250305e+00,3.745267911608832989e+00,1.352777080674805177e-02,-1.557686806834546189e-02,9.807950902738403087e+00
3.740810372657085381e+00,3.745267911608832989e+00,1.337261685524282484e-02,-1.551539515052269280e-02,9.807857221704720629e+00
3.740861876363090754e+00,3.745267911608832989e+00,1.321810573722670412e-02,-1.545111180161207187e-02,9.807766993935615574e+00
3.740913156768489678e+00,3.745267911608832989e+00,1.306426452102993352e-02,-1.538412161967706027e-02,9.807680142901354259e+00
3.740964205188178848e+00,3.745267911608832989e+00,1.291111926196242266e-02,-1.531452590675108638e-02,9.807596593355212278e+00
3.741015013267203315e+00,3.745267911608832989e+00,1.275869502488902185e-02,-1.524242370734008034e-02,9.807516271317549439e+00
3.741065572973359732e+00,3.745267911608832989e+00,1.260701590641977177e-02,-1.516791184692500849e-02,9.807439104059495705e+00
3.741115876589922173e+00,3.745267911608832989e+00,1.245610505673244717e-02,-1.509108496873245997e-02,9.807365020087999596e+00
3.741165916708493189e+00,3.745267911608832989e+00,1.230598470101940123e-02,-1.501203557130459387e-02,9.807293949129714861e+00
3.741215686221977421e+00,3.745267911608832989e+00,1.215667616056670397e-02,-1.493085404526972582e-02,9.807225822115297476e+00
3.741265178317672913e+00,3.745267911608832989e+00,1.200819987348022977e-02,-1.484762870864742013e-02,9.807160571164832419e+00
3.741314386470484976e+00,3.745267911608832989e+00,1.186057541504403900e-02,-1.476244584361907641e-02,9.807098129571425460e+00
3.741363304436254200e+00,3.745267911608832989e+00,1.171382151773636693e-02,-1.467538973076720765e-02,9.807038431786969213e+00
3.741411926245202135e+00,3.745267911608832989e+00,1.156795609089256160e-02,-1.458654268438053236e-02,9.806981413406512971e+00
3.741460246195490669e+00,3.745267911608832989e+00,1.142299624002696135e-02,-1.449598508656002593e-02,9.806927011153467433e+00
3.741508258846894641e+00,3.745267911608832989e+00,1.127895828581504389e-02,-1.440379542119174516e-02,9.806875162864624684e+00
3.741555959014585042e+00,3.745267911608832989e+00,1.113585778274384097e-02,-1.431005030712029225e-02,9.806825807475624046e+00
3.741603341763022783e+00,3.745267911608832989e+00,1.099370953743061818e-02,-1.421482453132227874e-02,9.806778885006108837e+00
3.741650402399961273e+00,3.745267911608832989e+00,1.085252762661514936e-02,-1.411819108154688251e-02,9.806734336545069652e+00
3.741697136470554241e+00,3.745267911608832989e+00,1.071232541483624345e-02,-1.402022117789059052e-02,9.806692104236946150e+00
3.741743539751571035e+00,3.745267911608832989e+00,1.057311557178586270e-02,-1.392098430503807549e-02,9.806652131266748285e+00
3.741789608245714494e+00,3.745267911608832989e+00,1.043491008935548692e-02,-1.382054824303757812e-02,9.806614361846317962e+00
3.741835338176042747e+00,3.745267911608832989e+00,1.029772029837072722e-02,-1.371897909847596964e-02,9.806578741199896143e+00
3.741880725980490929e+00,3.745267911608832989e+00,1.016155688502617949e-02,-1.361634133445477346e-02,9.806545215550571015e+00
3.741925768306494149e+00,3.745267911608832989e+00,1.002642990701652081e-02,-1.351269780096586715e-02,9.806513732106051151e+00
3.741970462005707709e+00,3.745267911608832989e+00,9.892348809375839380e-03,-1.340810976406814348e-02,9.806484239045307305e+00
3.742014804128825922e+00,3.745267911608832989e+00,9.759322440021200862e-03,-1.330263693546385184e-02,9.806456685504556958e+00
3.742058791920494620e+00,3.745267911608832989e+00,9.627359065015106410e-03,-1.319633750060944521e-02,9.806431021564407047e+00
3.742102422814319596e+00,3.745267911608832989e+00,9.496466383540180800e-03,-1.308926814749256096e-02,9.806407198236048117e+00
3.742145694427968294e+00,3.745267911608832989e+00,9.366651542594084390e-03,-1.298148409460964103e-02,9.806385167447984941e+00
3.742188604558361664e+00,3.745267911608832989e+00,9.237921151413974741e-03,-1.287303911801096490e-02,9.806364882033403063e+00
3.742231151176958370e+00,3.745267911608832989e+00,9.110281295623856579e-03,-1.276398557901181618e-02,9.806346295716611650e+00
3.742273332425126942e+00,3.745267911608832989e+00,8.983737551118142761e-03,-1.265437445057138177e-02,9.806329363100546814e+00
3.742315146609605403e+00,3.745267911608832989e+00,8.858294997682758520e-03,-1.254425534353842409e-02,9.806314039654145276e+00
3.742356592198049281e+00,3.745267911608832989e+00,8.733958232351124451e-03,-1.243367653316340693e-02,9.806300281699188659e+00
3.742397667814663098e+00,3.745267911608832989e+00,8.610731382509673182e-03,-1.232268498414512692e-02,9.806288046398364600e+00
3.742438372235916688e+00,3.745267911608832989e+00,8.488618118748902930e-03,-1.221132637607702520e-02,9.806277291742672375e+00
3.742478704386344557e+00,3.745267911608832989e+00,8.367621667465297008e-03,-1.209964512836059214e-02,9.806267976539105646e+00
3.742518663334426510e+00,3.745267911608832989e+00,8.247744823219438359e-03,-1.198768442458586492e-02,9.806260060398633627e+00
3.742558248288548217e+00,3.745267911608832989e+00,8.128989960854315910e-03,-1.187548623651224489e-02,9.806253503724342124e+00
3.742597458593042603e+00,3.745267911608832989e+00,8.011359047371158226e-03,-1.176309134831576841e-02,9.806248267699055887e+00
3.742636293724306729e+00,3.745267911608832989e+00,7.894853653578781660e-03,-1.165053937923765659e-02,9.806244314274341178e+00
3.742674753286998168e+00,3.745267911608832989e+00,7.779474965504462602e-03,-1.153786880743190579e-02,9.806241606158073054e+00
3.742712837010305549e+00,3.745267911608832989e+00,7.665223795582321031e-03,-1.142511699221415711e-02,9.806240106803368661e+00
3.742750544744293251e+00,3.745267911608832989e+00,7.552100593619215374e-03,-1.131232019631056573e-02,9.806239780397309147e+00
3.742787876456320717e+00,3.745267911608832989e+00,7.440105457536816402e-03,-1.119951360823989717e-02,9.806240591849297417e+00
3.742824832227533260e+00,3.745267911608832989e+00,7.329238143899186042e-03,-1.108673136376303603e-02,9.806242506780137091e+00
3.742861412249423481e+00,3.745267911608832989e+00,7.219498078228525628e-03,-1.097400656706604138e-02,9.806245491511162982e+00
3.742897616820465068e+00,3.745267911608832989e+00,7.110884365103764537e-03,-1.086137131247610910e-02,9.806249513052627265e+00
3.742933446342811887e+00,3.745267911608832989e+00,7.003395798063305477e-03,-1.074885670404590599e-02,9.806254539094018341e+00
3.742968901319068120e+00,3.745267911608832989e+00,6.897030869294606958e-03,-1.063649287686985190e-02,9.806260537992425697e+00
3.743003982349123682e+00,3.745267911608832989e+00,6.791787779127922420e-03,-1.052430901666845386e-02,9.806267478762460854e+00
3.743038690127055368e+00,3.745267911608832989e+00,6.687664445332863750e-03,-1.041233337950586701e-02,9.806275331065826606e+00
3.743073025438093726e+00,3.745267911608832989e+00,6.584658512217789195e-03,-1.030059331150745550e-02,9.806284065200710387e+00
3.743106989155652098e+00,3.745267911608832989e+00,6.482767359542673802e-03,-1.018911526751153929e-02,9.806293652092032076e+00
3.743140582238419611e+00,3.745267911608832989e+00,6.381988111240133321e-03,-1.007792483025404806e-02,9.806304063280986583e+00
3.743173805727515013e+00,3.745267911608832989e+00,6.282317643953927444e-03,-9.967046728620587714e-03,9.806315270915334281e+00
3.743206660743702230e+00,3.745267911608832989e+00,6.183752595392277840e-03,-9.856504856164960415e-03,9.806327247739227815e+00
3.743239148484663215e+00,3.745267911608832989e+00,6.086289372509323670e-03,-9.746322288295417025e-03,9.806339967084214848e+00
3.743271270222332525e+00,3.745267911608832989e+00,5.989924159501391898e-03,-9.636521300793177147e-03,9.806353402858707824e+00
3.743303027300287855e+00,3.745267911608832989e+00,5.894652925635401886e-03,-9.527123386599001265e-03,9.806367529539036454e+00
3.743334421131196965e+00,3.745267911608832989e+00,5.800471432908071989e-03,-9.418149272732989630e-03,9.806382322160175136e+00
3.743365453194322345e+00,3.745267911608832989e+00,5.707375243531931375e-03,-9.309618937614061451e-03,9.806397756305917923e+00
3.743396125033078281e+00,3.745267911608832989e+00,5.615359727264124245e-03,-9.201551626780712922e-03,9.806413808100483465e+00
3.743426438252644317e+00,3.745267911608832989e+00,5.524420068566016084e-03,-9.093965869810816116e-03,9.806430454198755697e+00
3.743456394517630237e+00,3.745267911608832989e+00,5.434551273608256849e-03,-8.986879495775923488e-03,9.806447671777831943e+00
3.743485995549793888e+00,3.745267911608832989e+00,5.345748177117304323e-03,-8.880309649095252666e-03,9.806465438528022105e+00
3.743515243125810077e+00,3.745267911608832989e+00,5.258005449068736681e-03,-8.774272804856764196e-03,9.806483732644212026e+00
3.743544139075090982e+00,3.745267911608832989e+00,5.171317601226022020e-03,-8.668784784271466037e-03,9.806502532816955053e+00
3.743572685277653633e+00,3.745267911608832989e+00,5.085678993538067516e-03,-8.563860768795450440e-03,9.806521818224743114e+00
3.743600883662038470e+00,3.745267911608832989e+00,5.001083840383557799e-03,-8.459515315450971684e-03,9.806541568524933083e+00
3.743628736203275853e+00,3.745267911608832989e+00,4.917526216671408434e-03,-8.355762371214936479e-03,9.806561763845456525e+00
3.743656244920897880e+00,3.745267911608832989e+00,4.835000063805328097e-03,-8.252615286608033784e-03,9.806582384777197348e+00
3.743683411876997713e+00,3.745267911608832989e+00,4.753499195505828112e-03,-8.150086829949998446e-03,9.806603412365555883e+00
3.743710239174334209e+00,3.745267911608832989e+00,4.673017303496340702e-03,-8.048189200948741018e-03,9.806624828102547653e+00
3.743736728954480952e+00,3.745267911608832989e+00,4.593547963056110461e-03,-7.946934044023024057e-03,9.806646613919033584e+00
3.743762883396019259e+00,3.745267911608832989e+00,4.515084638441191345e-03,-7.846332461491911658e-03,9.806668752176950221e+00
3.743788704712775584e+00,3.745267911608832989e+00,4.437620688172216887e-03,-7.746395026897445746e-03,9.806691225661275269e+00
3.743814195152098012e+00,3.745267911608832989e+00,4.361149370204930875e-03,-7.647131796728601216e-03,9.806714017573476383e+00
3.743839356993177603e+00,3.745267911608832989e+00,4.285663846966158985e-03,-7.548552323877188996e-03,9.806737111523089467e+00
3.743864192545409697e+00,3.745267911608832989e+00,4.211157190269876338e-03,-7.450665669628264709e-03,9.806760491520641665e+00
3.743888704146793867e+00,3.745267911608832989e+00,4.137622386117367768e-03,-7.353480415250857050e-03,9.806784141970867452e+00
3.743912894162375160e+00,3.745267911608832989e+00,4.065052339373487200e-03,-7.257004674388056742e-03,9.806808047664986816e+00
3.743936764982722654e+00,3.745267911608832989e+00,3.993439878331006554e-03,-7.161246104248064626e-03,9.806832193774082995e+00
3.743960319022447525e+00,3.745267911608832989e+00,3.922777759156392818e-03,-7.066211917461373559e-03,9.806856565841695073e+00
3.743983558718756655e+00,3.745267911608832989e+00,3.853058670229003724e-03,-6.971908892738909458e-03,9.806881149777490592e+00
3.744006486530043532e+00,3.745267911608832989e+00,3.784275236368372930e-03,-6.878343386063079379e-03,9.806905931850305791e+00
3.744029104934515573e+00,3.745267911608832989e+00,3.716420022952249269e-03,-6.785521341612366086e-03,9.806930898681340381e+00
3.744051416428855639e+00,3.745267911608832989e+00,3.649485539932051381e-03,-6.693448302019788798e-03,9.806956037237913648e+00
3.744073423526919520e+00,3.745267911608832989e+00,3.583464245740408671e-03,-6.602129419164270985e-03,9.806981334826577523e+00
3.744095128758465840e+00,3.745267911608832989e+00,3.518348551101446731e-03,-6.511569463896194065e-03,9.807006779087206638e+00
3.744116534667921048e+00,3.745267911608832989e+00,3.454130822735823614e-03,-6.421772836562311682e-03,9.807032357986173565e+00
3.744137643813175043e+00,3.745267911608832989e+00,3.390803386973839650e-03,-6.332743576198396340e-03,9.807058059810776385e+00
3.744158458764410113e+00,3.745267911608832989e+00,3.328358533268627184e-03,-6.244485370521246637e-03,9.807083873162747878e+00
3.744178982102961406e+00,3.745267911608832989e+00,3.266788517614749310e-03,-6.157001565387787423e-03,9.807109786952228347e+00
3.744199216420208032e+00,3.745267911608832989e+00,3.206085565874872145e-03,-6.070295173987716453e-03,9.807135790391887653e+00
3.744219164316493487e+00,3.745267911608832989e+00,3.146241877018507438e-03,-5.984368885636470736e-03,9.807161872991382978e+00
3.744238828400078045e+00,3.745267911608832989e+00,3.087249626264831903e-03,-5.899225075367553472e-03,9.807188024550898220e+00
3.744258211286117799e+00,3.745267911608832989e+00,3.029100968145570505e-03,-5.814865811926139827e-03,9.807214235156219928e+00
3.744277315595673450e+00,3.745267911608832989e+00,2.971788039478617804e-03,-5.731292866695270050e-03,9.807240495172784733e+00
3.744296143954746192e+00,3.745267911608832989e+00,2.915302962260390984e-03,-5.648507721822682015e-03,9.807266795240437318e+00
3.744314698993342905e+00,3.745267911608832989e+00,2.859637846470253209e-03,-5.566511579013777578e-03,9.807293126267456529e+00
3.744332983344566657e+00,3.745267911608832989e+00,2.804784792798997728e-03,-5.485305367125548059e-03,9.807319479425673947e+00
3.744350999643732969e+00,3.745267911608832989e+00,2.750735895300060463e-03,-5.404889749893726503e-03,9.807345846145405943e+00
3.744368750527513612e+00,3.745267911608832989e+00,2.697483243958131993e-03,-5.325265134192846972e-03,9.807372218109765782e+00
3.744386238633105268e+00,3.745267911608832989e+00,2.645018927183162560e-03,-5.246431677496943280e-03,9.807398587249686273e+00
3.744403466597421737e+00,3.745267911608832989e+00,2.593335034233756886e-03,-5.168389294940567424e-03,9.807424945739294131e+00
3.744420437056312334e+00,3.745267911608832989e+00,2.542423657561965200e-03,-5.091137667179168602e-03,9.807451285990383738e+00
3.744437152643802058e+00,3.745267911608832989e+00,2.492276895092793154e-03,-5.014676246917204594e-03,9.807477600648176974e+00
3.744453615991356621e+00,3.745267911608832989e+00,2.442886852429104749e-03,-4.939004266368840490e-03,9.807503882586061650e+00
3.744469829727169685e+00,3.745267911608832989e+00,2.394245644989911881e-03,-4.864120743919286838e-03,9.807530124901070678e+00
3.744485796475472750e+00,3.745267911608832989e+00,2.346345400080718235e-03,-4.790024490919364553e-03,9.807556320909162295e+00
3.744501518855866795e+00,3.745267911608832989e+00,2.299178258898582072e-03,-4.716714118213616302e-03,9.807582464140685019e+00
3.744516999482674802e+00,3.745267911608832989e+00,2.252736378474562429e-03,-4.644188042401964367e-03,9.807608548336073540e+00
3.744532240964316472e+00,3.745267911608832989e+00,2.207011933549551941e-03,-4.572444492501048785e-03,9.807634567441049001e+00
3.744547245902702048e+00,3.745267911608832989e+00,2.161997118392822159e-03,-4.501481515672978162e-03,9.807660515602719897e+00
3.744562016892647893e+00,3.745267911608832989e+00,2.117684148555287749e-03,-4.431296983753441054e-03,9.807686387164801900e+00
3.744576556521310273e+00,3.745267911608832989e+00,2.074065262568147716e-03,-4.361888598714003251e-03,9.807712176663855530e+00
3.744590867367639131e+00,3.745267911608832989e+00,2.031132723581574595e-03,-4.293253898657312106e-03,9.807737878824925204e+00
3.744604952001850506e+00,3.745267911608832989e+00,1.988878820947448389e-03,-4.225390263412620584e-03,9.807763488557535325e+00
3.744618812984917611e+00,3.745267911608832989e+00,1.947295871746135276e-03,-4.158294920131311301e-03,9.807789000951615321e+00
3.744632452868080108e+00,3.745267911608832989e+00,1.906376222258643338e-03,-4.091964948749193809e-03,9.807814411273509947e+00
3.744645874192369828e+00,3.745267911608832989e+00,1.866112249389484390e-03,-4.026397286915894824e-03,9.807839714962474531e+00
3.744659079488155573e+00,3.745267911608832989e+00,1.826496362032248300e-03,-3.961588735723609034e-03,9.807864907626308693e+00
3.744672071274703917e+00,3.745267911608832989e+00,1.787521002387215674e-03,-3.897535964503262562e-03,9.807889985037885339e+00
3.744684852059756430e+00,3.745267911608832989e+00,1.749178647229676642e-03,-3.834235515753903201e-03,9.807914943131475383e+00
3.744697424339122005e+00,3.745267911608832989e+00,1.711461809132952538e-03,-3.771683809672410348e-03,9.807939777999461484e+00
3.744709790596287391e+00,3.745267911608832989e+00,1.674363037636794616e-03,-3.709877149615792291e-03,9.807964485888021500e+00
3.744721953302041495e+00,3.745267911608832989e+00,1.637874920374482457e-03,-3.648811726231215857e-03,9.807989063194144208e+00
3.744733914914115225e+00,3.745267911608832989e+00,1.601990084153293026e-03,-3.588483622118943117e-03,9.808013506462035735e+00
3.744745677876835099e+00,3.745267911608832989e+00,1.566701195993669415e-03,-3.528888815962361036e-03,9.808037812380032250e+00
3.744757244620792846e+00,3.745267911608832989e+00,1.532000964120427966e-03,-3.470023187324144942e-03,9.808061977776796780e+00
3.744768617562528323e+00,3.745267911608832989e+00,1.497882138913997352e-03,-3.411882520643061412e-03,9.808085999618270989e+00
3.744779799104225759e+00,3.745267911608832989e+00,1.464337513821689640e-03,-3.354462509230771161e-03,9.808109875004591416e+00
3.744790791633423765e+00,3.745267911608832989e+00,1.431359926227671053e-03,-3.297758759401858697e-03,9.808133601166826310e+00
3.744801597522738223e+00,3.745267911608832989e+00,1.398942258284296969e-03,-3.241766794337408442e-03,9.808157175463946942e+00
3.744812219129598940e+00,3.745267911608832989e+00,1.367077437702146625e-03,-3.186482058215034385e-03,9.808180595379488054e+00
3.744822658795997850e+00,3.745267911608832989e+00,1.335758438505418866e-03,-3.131899919672775923e-03,9.808203858518833584e+00
3.744832918848248760e+00,3.745267911608832989e+00,1.304978281752688929e-03,-3.078015675272993690e-03,9.808226962606479304e+00
3.744843001596759979e+00,3.745267911608832989e+00,1.274730036219029472e-03,-3.024824553365945690e-03,9.808249905482853137e+00
3.744852909335819824e+00,3.745267911608832989e+00,1.245006819039495838e-03,-2.972321717953363418e-03,9.808272685101087518e+00
3.744862644343389668e+00,3.745267911608832989e+00,1.215801796329962770e-03,-2.920502270953306834e-03,9.808295299525376265e+00
3.744872208880912101e+00,3.745267911608832989e+00,1.187108183762664027e-03,-2.869361256729874299e-03,9.808317746927032843e+00
3.744881605193127072e+00,3.745267911608832989e+00,1.158919247117751183e-03,-2.818893664491284312e-03,9.808340025582626964e+00
3.744890835507900473e+00,3.745267911608832989e+00,1.131228302797548935e-03,-2.769094432020224872e-03,9.808362133870778266e+00
3.744899902036060713e+00,3.745267911608832989e+00,1.104028718316829583e-03,-2.719958448071935209e-03,9.808384070270244948e+00
3.744908806971248172e+00,3.745267911608832989e+00,1.077313912754451763e-03,-2.671480556237781911e-03,9.808405833356516723e+00
3.744917552489771317e+00,3.745267911608832989e+00,1.051077357185015160e-03,-2.623655556943660372e-03,9.808427421800242740e+00
3.744926140750474364e+00,3.745267911608832989e+00,1.025312575075876254e-03,-2.576478210913890621e-03,9.808448834364162039e+00
3.744934573894613816e+00,3.745267911608832989e+00,1.000013142657518728e-03,-2.529943241835752588e-03,9.808470069900822708e+00
3.744942854045743452e+00,3.745267911608832989e+00,9.751726892686107817e-04,-2.484045338890794596e-03,9.808491127350379202e+00
3.744950983309608183e+00,3.745267911608832989e+00,9.507848976744170955e-04,-2.438779159419368625e-03,9.808512005738254658e+00
3.744958963774046801e+00,3.745267911608832989e+00,9.268435043585654398e-04,-2.394139331585165564e-03,9.808532704172773009e+00
3.744966797508902712e+00,3.745267911608832989e+00,9.033422997908324703e-04,-2.350120456773296951e-03,9.808553221843018477e+00
3.744974486565942673e+00,3.745267911608832989e+00,8.802751286709487033e-04,-2.306717111988376701e-03,9.808573558016682625e+00
3.744982032978784403e+00,3.745267911608832989e+00,8.576358901457581396e-04,-2.263923852519056368e-03,9.808593712037627199e+00
3.744989438762829970e+00,3.745267911608832989e+00,8.354185380090584090e-04,-2.221735213669973064e-03,9.808613683324338695e+00
3.744996705915208057e+00,3.745267911608832989e+00,8.136170808747955618e-04,-2.180145713426284715e-03,9.808633471367448564e+00
3.745003836414722453e+00,3.745267911608832989e+00,7.922255823316071144e-04,-2.139149854318844746e-03,9.808653075728013704e+00
3.745010832221809860e+00,3.745267911608832989e+00,7.712381610693874734e-04,-2.098742126221964099e-03,9.808672496034848365e+00
3.745017695278500813e+00,3.745267911608832989e+00,7.506489909965274876e-04,-2.058917007285998579e-03,9.808691731983710582e+00
3.745024427508389930e+00,3.745267911608832989e+00,7.304523013291763789e-04,-2.019668966735110871e-03,9.808710783334595007e+00
3.745031030816612816e+00,3.745267911608832989e+00,7.106423766605196590e-04,-1.980992466865671986e-03,9.808729649909794901e+00
3.745037507089826523e+00,3.745267911608832989e+00,6.912135570193989054e-04,-1.942881964112075366e-03,9.808748331592907377e+00
3.745043858196199338e+00,3.745267911608832989e+00,6.721602379009539163e-04,-1.905331911844498904e-03,9.808766828326056952e+00
3.745050085985405008e+00,3.745267911608832989e+00,6.534768702839421906e-04,-1.868336761701172577e-03,9.808785140108582823e+00
3.745056192288621411e+00,3.745267911608832989e+00,6.351579606347357299e-04,-1.831890964920646070e-03,9.808803266995713699e+00
3.745062178918537654e+00,3.745267911608832989e+00,6.171980708860047571e-04,-1.795988974873097277e-03,9.808821209096013405e+00
3.745068047669363409e+00,3.745267911608832989e+00,5.995918184087400959e-04,-1.760625247726466114e-03,9.808838966570682771e+00
3.745073800316846224e+00,3.745267911608832989e+00,5.823338759602947334e-04,-1.725794244844536252e-03,9.808856539631115368e+00
3.745079438618291956e+00,3.745267911608832989e+00,5.654189716230995089e-04,-1.691490433719522457e-03,9.808873928537904519e+00
3.745084964312591413e+00,3.745267911608832989e+00,5.488418887247270561e-04,-1.657708289837245275e-03,9.808891133598887535e+00
3.745090379120251001e+00,3.745267911608832989e+00,5.325974657459653372e-04,-1.624442297876171892e-03,9.808908155167870291e+00
3.745095684743427356e+00,3.745267911608832989e+00,5.166805962169007671e-04,-1.591686952906457009e-03,9.808924993643310941e+00
3.745100882865967762e+00,3.745267911608832989e+00,5.010862285956818596e-04,-1.559436762121890752e-03,9.808941649466474288e+00
3.745105975153455002e+00,3.745267911608832989e+00,4.858093661339601965e-04,-1.527686246172166307e-03,9.808958123119962735e+00
3.745110963253254432e+00,3.745267911608832989e+00,4.708450667356700592e-04,-1.496429939829013733e-03,9.808974415126908042e+00
3.745115848794566382e+00,3.745267911608832989e+00,4.561884427998208480e-04,-1.465662393584921119e-03,9.808990526049214509e+00
3.745120633388483444e+00,3.745267911608832989e+00,4.418346610486345583e-04,-1.435378175118628974e-03,9.809006456485930059e+00
3.745125318628049094e+00,3.745267911608832989e+00,4.277789423516864531e-04,-1.405571869694810516e-03,9.809022207072658261e+00
3.745129906088321636e+00,3.745267911608832989e+00,4.140165615340585248e-04,-1.376238081762792831e-03,9.809037778479771319e+00
3.745134397326442155e+00,3.745267911608832989e+00,4.005428471725025474e-04,-1.347371436155597735e-03,9.809053171411017402e+00
3.745138793881703787e+00,3.745267911608832989e+00,3.873531813876063268e-04,-1.318966578489622066e-03,9.809068386602898926e+00
3.745143097275625887e+00,3.745267911608832989e+00,3.744429996213050060e-04,-1.291018176630132075e-03,9.809083424822992114e+00
3.745147309012030412e+00,3.745267911608832989e+00,3.618077904077310336e-04,-1.263520921357397242e-03,9.809098286869051719e+00
3.745151430577121854e+00,3.745267911608832989e+00,3.494430951334059898e-04,-1.236469527432504378e-03,9.809112973567701843e+00
3.745155463439569843e+00,3.745267911608832989e+00,3.373445077894388078e-04,-1.209858734396718205e-03,9.809127485773393218e+00
3.745159409050595301e+00,3.745267911608832989e+00,3.255076747130658532e-04,-1.183683307637295457e-03,9.809141824367076268e+00
3.745163268844057480e+00,3.745267911608832989e+00,3.139282943265264691e-04,-1.157938038653938406e-03,9.809155990255673530e+00
3.745167044236545006e+00,3.745267911608832989e+00,3.026021168639481118e-04,-1.132617746257835734e-03,9.809169984370607054e+00
3.745170736627469577e+00,3.745267911608832989e+00,2.915249440902378808e-04,-1.107717277371023101e-03,9.809183807666720156e+00
3.745174347399160997e+00,3.745267911608832989e+00,2.806926290159772464e-04,-1.083231507426063445e-03,9.809197461121589967e+00
3.745177877916964437e+00,3.745267911608832989e+00,2.701010756056554385e-04,-1.059155341032180786e-03,9.809210945734573528e+00
3.745181329529341685e+00,3.745267911608832989e+00,2.597462384739124275e-04,-1.035483713174301101e-03,9.809224262525299665e+00
3.745184703567971063e+00,3.745267911608832989e+00,2.496241225857787072e-04,-1.012211588813372032e-03,9.809237412533772016e+00
3.745188001347854012e+00,3.745267911608832989e+00,2.397307829369310639e-04,-9.893339648847643275e-04,9.809250396818052664e+00
3.745191224167418564e+00,3.745267911608832989e+00,2.300623242432742188e-04,-9.668458693656845071e-04,9.809263216454878531e+00
3.745194373308628588e+00,3.745267911608832989e+00,2.206149006132029911e-04,-9.447423630071227763e-04,9.809275872537606134e+00
3.745197450037092590e+00,3.745267911608832989e+00,2.113847152211967284e-04,-9.230185392006262646e-04,9.809288366176021512e+00
3.745200455602174294e+00,3.745267911608832989e+00,2.023680199760846676e-04,-9.016695245112060775e-04,9.809300698495466264e+00
3.745203391237105439e+00,3.745267911608832989e+00,1.935611151826499565e-04,-8.806904793434711110e-04,9.809312870635839232e+00
3.745206258159100354e+00,3.745267911608832989e+00,1.849603491979046055e-04,-8.600765984745351034e-04,9.809324883750724311e+00
3.745209057569470090e+00,3.745267911608832989e+00,1.765621180886967068e-04,-8.398231109207898726e-04,9.809336739007168404e+00
3.745211790653740547e+00,3.745267911608832989e+00,1.683628652773272449e-04,-8.199252811369461824e-04,9.809348437584141323e+00
3.745214458581769268e+00,3.745267911608832989e+00,1.603590811911637104e-04,-8.003784086163534539e-04,9.809359980672574864e+00
3.745217062507865347e+00,3.745267911608832989e+00,1.525473029029278393e-04,-7.811778288235871059e-04,9.809371369474080282e+00
3.745219603570908884e+00,3.745267911608832989e+00,1.449241137723156214e-04,-7.623189130612217923e-04,9.809382605200712035e+00
3.745222082894472670e+00,3.745267911608832989e+00,1.374861430809559693e-04,-7.437970691359652164e-04,9.809393689073946376e+00
3.745224501586943866e+00,3.745267911608832989e+00,1.302300656673693879e-04,-7.256077413586581315e-04,9.809404622324308320e+00
3.745226860741647457e+00,3.745267911608832989e+00,1.231526015565975740e-04,-7.077464110771813921e-04,9.809415406190479914e+00
3.745229161436970156e+00,3.745267911608832989e+00,1.162505155885007468e-04,-6.902085968096827173e-04,9.809426041918779759e+00
3.745231404736484748e+00,3.745267911608832989e+00,1.095206170447227123e-04,-6.729898543778034536e-04,9.809436530762667417e+00
3.745233591689075325e+00,3.745267911608832989e+00,1.029597592729913913e-04,-6.560857771731321009e-04,9.809446873982100357e+00
3.745235723329064292e+00,3.745267911608832989e+00,9.656483930609027766e-05,-6.394919966901113639e-04,9.809457072842615588e+00
3.745237800676337603e+00,3.745267911608832989e+00,9.033279748615896665e-05,-6.232041819931311011e-04,9.809467128615493081e+00
3.745239824736472212e+00,3.745267911608832989e+00,8.426061708233234526e-05,-6.072180403826621387e-04,9.809477042576700612e+00
3.745241796500864417e+00,3.745267911608832989e+00,7.834532390571524729e-05,-5.915293176617097970e-04,9.809486816006245391e+00
3.745243716946857315e+00,3.745267911608832989e+00,7.258398592702164365e-05,-5.761337978693603645e-04,9.809496450188058603e+00
3.745245587037869139e+00,3.745267911608832989e+00,6.697371289154929741e-05,-5.610273035472346237e-04,9.809505946409345256e+00
3.745247407723522048e+00,3.745267911608832989e+00,6.151165593282215127e-05,-5.462056958727146139e-04,9.809515305960060161e+00
3.745249179939770912e+00,3.745267911608832989e+00,5.619500718623271496e-05,-5.316648746589436314e-04,9.809524530132527786e+00
3.745250904609032983e+00,3.745267911608832989e+00,5.102099940001991740e-05,-5.174007786212797555e-04,9.809533620220779682e+00
3.745252582640317129e+00,3.745267911608832989e+00,4.598690554757922655e-05,-5.034093852440690853e-04,9.809542577520304008e+00
3.745254214929353065e+00,3.745267911608832989e+00,4.109003843977276915e-05,-4.896867107806457398e-04,9.809551403327660068e+00
3.745255802358721908e+00,3.745267911608832989e+00,3.632775033324264768e-05,-4.762288106530121468e-04,9.809560098939680728e+00
3.745257345797984527e+00,3.745267911608832989e+00,3.169743254538559540e-05,-4.630317787857052281e-04,9.809568665653760178e+00
3.745258846103812544e+00,3.745267911608832989e+00,2.719651506133402563e-05,-4.500917484051569772e-04,9.809577104766656674e+00
3.745260304120117567e+00,3.745267911608832989e+00,2.282246614626615155e-05,-4.374048915067874077e-04,9.809585417574639976e+00
3.745261720678179973e+00,3.745267911608832989e+00,1.857279195904837366e-05,-4.249674187217777899e-04,9.809593605373237324e+00
3.745263096596779473e+00,3.745267911608832989e+00,1.444503616054859663e-05,-4.127755798499777029e-04,9.809601669456311512e+00
3.745264432682324784e+00,3.745267911608832989e+00,1.043677952461408154e-05,-4.008256635934515089e-04,9.809609611115931216e+00
3.745265729728981530e+00,3.745267911608832989e+00,6.545639554378368530e-06,-3.891139970235713008e-04,9.809617431642530860e+00
3.745266988518802798e+00,3.745267911608832989e+00,2.769270090574593723e-06,-3.776369463803774806e-04,9.809625132323709806e+00
3.745268209821856153e+00,3.745267911608832989e+00,-8.946390694930528298e-07,-3.663909160067646553e-04,9.809632714444923351e+00
3.745269394396354201e+00,3.745267911608832989e+00,-4.448362563636010236e-06,-3.553723494142957406e-04,9.809640179288022566e+00
3.745270542988781148e+00,3.745267911608832989e+00,-7.894139844477621182e-06,-3.445777280841610946e-04,9.809647528132071415e+00
3.745271656334021149e+00,3.745267911608832989e+00,-1.123417556447847687e-05,-3.340035720000855690e-04,9.809654762252435489e+00
3.745272735155486199e+00,3.745267911608832989e+00,-1.447063995962949434e-05,-3.236464395151017470e-04,9.809661882920526210e+00
3.745273780165243593e+00,3.745267911608832989e+00,-1.760566923181272614e-05,-3.135029272183231797e-04,9.809668891403550361e+00
3.745274792064141156e+00,3.745267911608832989e+00,-2.064136592450083185e-05,-3.035696692688105713e-04,9.809675788964806742e+00
3.745275771541935139e+00,3.745267911608832989e+00,-2.357979930645015543e-05,-2.938433381949323575e-04,9.809682576862499559e+00
3.745276719277415456e+00,3.745267911608832989e+00,-2.642300574740019670e-05,-2.843206440950041269e-04,9.809689256350157649e+00
3.745277635938530914e+00,3.745267911608832989e+00,-2.917298909377308291e-05,-2.749983346372886217e-04,9.809695828676268547e+00
3.745278522182514003e+00,3.745267911608832989e+00,-3.183172104304077266e-05,-2.658731949267689743e-04,9.809702295084029799e+00
3.745279378656005242e+00,3.745267911608832989e+00,-3.440114151675999210e-05,-2.569420473719219444e-04,9.809708656811110927e+00
3.745280205995177969e+00,3.745267911608832989e+00,-3.688315903493943892e-05,-2.482017518179446824e-04,9.809714915089147169e+00
3.745281004825859572e+00,3.745267911608832989e+00,-3.927965107974884518e-05,-2.396492044809406252e-04,9.809721071144439364e+00
3.745281775763655396e+00,3.745267911608832989e+00,-4.159246446722164592e-05,-2.312813387472800741e-04,9.809727126196786884e+00
3.745282519414070865e+00,3.745267911608832989e+00,-4.382341571362857735e-05,-2.230951246406931432e-04,9.809733081459645732e+00
3.745283236372632274e+00,3.745267911608832989e+00,-4.597429139785447205e-05,-2.150875684225894702e-04,9.809738938140180053e+00
3.745283927225008025e+00,3.745267911608832989e+00,-4.804684852510732185e-05,-2.072557127252849796e-04,9.809744697438750549e+00
3.745284592547127644e+00,3.745267911608832989e+00,-5.004281488396600253e-05,-1.995966358858680678e-04,9.809750360549230663e+00
3.745285232905302131e+00,3.745267911608832989e+00,-5.196388940742480145e-05,-1.921074523458798922e-04,9.809755928658248081e+00
3.745285848856342525e+00,3.745267911608832989e+00,-5.381174252860887464e-05,-1.847853121184073188e-04,9.809761402945353481e+00
3.745286440947677153e+00,3.745267911608832989e+00,-5.558801653249290098e-05,-1.776274003884026342e-04,9.809766784583079158e+00
3.745287009717470195e+00,3.745267911608832989e+00,-5.729432591161653932e-05,-1.706309379123638337e-04,9.809772074736176961e+00
3.745287555694736703e+00,3.745267911608832989e+00,-5.893225771114174449e-05,-1.637931799525205179e-04,9.809777274562335947e+00
3.745288079399459402e+00,3.745267911608832989e+00,-6.050337187923915394e-05,-1.571114168097409447e-04,9.809782385211311961e+00
3.745288581342703260e+00,3.745267911608832989e+00,-6.200920161081313609e-05,-1.505829731573982144e-04,9.809787407825233174e+00
3.745289062026729621e+00,3.745267911608832989e+00,-6.345125368989457115e-05,-1.442052079081435068e-04,9.809792343538402903e+00
3.745289521945109890e+00,3.745267911608832989e+00,-6.483100883070136433e-05,-1.379755140806793179e-04,9.809797193477088229e+00
3.745289961582837890e+00,3.745267911608832989e+00,-6.614992201470215605e-05,-1.318913184000791716e-04,9.809801958759585716e+00
3.745290381416441772e+00,3.745267911608832989e+00,-6.740942282634776461e-05,-1.259500811645608565e-04,9.809806640496010033e+00
3.745290781914095479e+00,3.745267911608832989e+00,-6.861091578747036124e-05,-1.201492961122596626e-04,9.809811239788100323e+00
3.745291163535727996e+00,3.745267911608832989e+00,-6.975578068502130691e-05,-1.144864897550945670e-04,9.809815757729559493e+00
3.745291526733133480e+00,3.745267911608832989e+00,-7.084537290147352451e-05,-1.089592216452217599e-04,9.809820195405453802e+00
3.745291871950079621e+00,3.745267911608832989e+00,-7.188102373989480043e-05,-1.035650838421275921e-04,9.809824553892418919e+00
3.745292199622414664e+00,3.745267911608832989e+00,-7.286404074502428330e-05,-9.830170051294828681e-05,9.809828834258741637e+00
3.745292510178175771e+00,3.745267911608832989e+00,-7.379570802834578558e-05,-9.316672833215022820e-05,9.809833037563640445e+00
3.745292804037693379e+00,3.745267911608832989e+00,-7.467728658117067653e-05,-8.815785528248909486e-05,9.809837164858137726e+00
3.745293081613696451e+00,3.745267911608832989e+00,-7.551001459038531038e-05,-8.327280092146338575e-05,9.809841217184487761e+00
3.745293343311418166e+00,3.745267911608832989e+00,-7.629510775553072222e-05,-7.850931651454118310e-05,9.809845195575730870e+00
3.745293589528697620e+00,3.745267911608832989e+00,-7.703375959389191507e-05,-7.386518383611928584e-05,9.809849101056570930e+00
3.745293820656082406e+00,3.745267911608832989e+00,-7.772714174825168243e-05,-6.933821543597673553e-05,9.809852934642815825e+00
3.745294037076931648e+00,3.745267911608832989e+00,-7.837640429597669822e-05,-6.492625477250157928e-05,9.809856697340931575e+00
3.745294239167515027e+00,3.745267911608832989e+00,-7.898267604611319825e-05,-6.062717501365000317e-05,9.809860390148941178e+00
3.745294427297113149e+00,3.745267911608832989e+00,-7.954706484047946446e-05,-5.643887943662662110e-05,9.809864014055722947e+00
3.745294601828117020e+00,3.745267911608832989e+00,-8.007065785209377395e-05,-5.235930116143094892e-05,9.809867570040987417e+00
3.745294763116124859e+00,3.745267911608832989e+00,-8.055452187560874222e-05,-4.838640235149682667e-05,9.809871059075772948e+00
3.745294911510040237e+00,3.745267911608832989e+00,-8.099970362174246929e-05,-4.451817461337270743e-05,9.809874482121765382e+00
3.745295047352168005e+00,3.745267911608832989e+00,-8.140723000504834772e-05,-4.075263833058784257e-05,9.809877840131665749e+00
3.745295170978308885e+00,3.745267911608832989e+00,-8.177810842768806765e-05,-3.708784226397199291e-05,9.809881134049309281e+00
3.745295282717854501e+00,3.745267911608832989e+00,-8.211332706453688957e-05,-3.352186368488219159e-05,9.809884364809251522e+00
3.745295382893881087e+00,3.745267911608832989e+00,-8.241385514429211412e-05,-3.005280797552245531e-05,9.809887533336880239e+00
3.745295471823241407e+00,3.745267911608832989e+00,-8.268064322525248144e-05,-2.667880809603673242e-05,9.809890640548680096e+00
3.745295549816656688e+00,3.745267911608832989e+00,-8.291462347109757047e-05,-2.339802458450890299e-05,9.809893687351944891e+00
3.745295617178807213e+00,3.745267911608832989e+00,-8.311670992267039537e-05,-2.020864515728248989e-05,9.809896674644921433e+00
3.745295674208422021e+00,3.745267911608832989e+00,-8.328779876709546670e-05,-1.710888444250713292e-05,9.809899603316790007e+00
3.745295721198368621e+00,3.745267911608832989e+00,-8.342876860689685259e-05,-1.409698398013858878e-05,9.809902474247413906e+00
3.745295758435740030e+00,3.745267911608832989e+00,-8.354048072112263412e-05,-1.117121142257815336e-05,9.809905288307856353e+00
3.745295786201942256e+00,3.745267911608832989e+00,-8.362377932780162837e-05,-8.329860667899424698e-06,9.809908046360003908e+00
3.745295804772780457e+00,3.745267911608832989e+00,-8.367949184240330851e-05,-5.571251460168014091e-06,9.809910749256697926e+00
3.745295814418544200e+00,3.745267911608832989e+00,-8.370842913363318871e-05,-2.893729122988020208e-06,9.809913397841743432e+00
3.745295815404092288e+00,3.745267911608832989e+00,-8.371138577789594137e-05,-2.956644262752661234e-07,9.809915992949797214e+00
3.745295807988935355e+00,3.745267911608832989e+00,-8.368914030709717622e-05,2.224547079876515454e-06,9.809918535406772833e+00
3.745295792427318915e+00,3.745267911608832989e+00,-8.364245545777748703e-05,4.668484931968919227e-06,9.809921026029474689e+00
3.745295768968305516e+00,3.745267911608832989e+00,-8.357207841758196309e-05,7.037704019552393220e-06,9.809923465625601580e+00
3.745295737855854679e+00,3.745267911608832989e+00,-8.347874106506836256e-05,9.333735251360053553e-06,9.809925854994187233e+00
3.745295699328903272e+00,3.745267911608832989e+00,-8.336316021084755334e-05,1.155808542208092149e-05,9.809928194925211287e+00
3.745295653621444121e+00,3.745267911608832989e+00,-8.322603783339488359e-05,1.371223774526697525e-05,9.809930486199911925e+00
3.745295600962605054e+00,3.745267911608832989e+00,-8.306806131619381972e-05,1.579765172010638707e-05,9.809932729590403966e+00
3.745295541576725284e+00,3.745267911608832989e+00,-8.288990367688597871e-05,1.781576393078410092e-05,9.809934925860254396e+00
3.745295475683431352e+00,3.745267911608832989e+00,-8.269222379508889276e-05,1.976798817970859545e-05,9.809937075764384673e+00
3.745295403497713949e+00,3.745267911608832989e+00,-8.247566664287830918e-05,2.165571522105835811e-05,9.809939180048578677e+00
3.745295325230001193e+00,3.745267911608832989e+00,-8.224086350461234929e-05,2.348031382659598876e-05,9.809941239450322925e+00
3.745295241086233684e+00,3.745267911608832989e+00,-8.198843220208473781e-05,2.524313025276114786e-05,9.809943254698051618e+00
3.745295151267935996e+00,3.745267911608832989e+00,-8.171897730901989121e-05,2.694548930648466012e-05,9.809945226511997518e+00
3.745295055972289511e+00,3.745267911608832989e+00,-8.143309036956480895e-05,2.858869394550822562e-05,9.809947155603577329e+00
3.745294955392203473e+00,3.745267911608832989e+00,-8.113135011145189424e-05,3.017402581129147165e-05,9.809949042675700781e+00
3.745294849716384711e+00,3.745267911608832989e+00,-8.081432265516497182e-05,3.170274562869224155e-05,9.809950888422974913e+00
3.745294739129408246e+00,3.745267911608832989e+00,-8.048256172576984113e-05,3.317609293951306881e-05,9.809952693531213797e+00
3.745294623811785240e+00,3.745267911608832989e+00,-8.013660885675122358e-05,3.459528690186175481e-05,9.809954458678046052e+00
3.745294503940030051e+00,3.745267911608832989e+00,-7.977699359118517464e-05,3.596152655660489472e-05,9.809956184532966361e+00
3.745294379686727737e+00,3.745267911608832989e+00,-7.940423368424376349e-05,3.727599069414111455e-05,9.809957871757010395e+00
3.745294251220601112e+00,3.745267911608832989e+00,-7.901883530436748515e-05,3.853983798762783408e-05,9.809959521002683758e+00
3.745294118706575137e+00,3.745267911608832989e+00,-7.862129322644406670e-05,3.975420779234184465e-05,9.809961132914565951e+00
3.745293982305840430e+00,3.745267911608832989e+00,-7.821209102232273835e-05,4.092022041213283501e-05,9.809962708129390307e+00
3.745293842175918542e+00,3.745267911608832989e+00,-7.779170125665757496e-05,4.203897656651633952e-05,9.809964247275310356e+00
3.745293698470724131e+00,3.745267911608832989e+00,-7.736058567342496417e-05,4.311155832326107884e-05,9.809965750972651222e+00
3.745293551340627136e+00,3.745267911608832989e+00,-7.691919538244107457e-05,4.413902909838895994e-05,9.809967219833716001e+00
3.745293400932513617e+00,3.745267911608832989e+00,-7.646797104188252092e-05,4.512243405585536493e-05,9.809968654463014914e+00
3.745293247389846147e+00,3.745267911608832989e+00,-7.600734303947476178e-05,4.606280024077591406e-05,9.809970055457201354e+00
3.745293090852724660e+00,3.745267911608832989e+00,-7.553773167501276475e-05,4.696113644619970273e-05,9.809971423404771684e+00
3.745292931457943730e+00,3.745267911608832989e+00,-7.505954733222353070e-05,4.781843427892340515e-05,9.809972758886946309e+00
3.745292769339051198e+00,3.745267911608832989e+00,-7.457319065462542085e-05,4.863566775981098544e-05,9.809974062477106571e+00
3.745292604626406341e+00,3.745267911608832989e+00,-7.407905272005521624e-05,4.941379345702046066e-05,9.809975334740737907e+00
3.745292437447235834e+00,3.745267911608832989e+00,-7.357751520853383909e-05,5.015375115213771551e-05,9.809976576235943213e+00
3.745292267925688812e+00,3.745267911608832989e+00,-7.306895056746753880e-05,5.085646410663002825e-05,9.809977787513538772e+00
3.745292096182893271e+00,3.745267911608832989e+00,-7.255372218084588098e-05,5.152283866216578190e-05,9.809978969116482261e+00
3.745291922337009360e+00,3.745267911608832989e+00,-7.203218452911386294e-05,5.215376517320180483e-05,9.809980121580643697e+00
3.745291746503283559e+00,3.745267911608832989e+00,-7.150468335170856449e-05,5.275011774052984492e-05,9.809981245434389763e+00
3.745291568794101078e+00,3.745267911608832989e+00,-7.097155580426672827e-05,5.331275474418362137e-05,9.809982341198940858e+00
3.745291389319038267e+00,3.745267911608832989e+00,-7.043313061583234003e-05,5.384251884343882466e-05,9.809983409388227216e+00
3.745291208184914566e+00,3.745267911608832989e+00,-6.988972824473194123e-05,5.434023711003987955e-05,9.809984450508865805e+00
3.745291025495841808e+00,3.745267911608832989e+00,-6.934166102645633600e-05,5.480672182756052280e-05,9.809985465060801602e+00
3.745290841353274836e+00,3.745267911608832989e+00,-6.878923332553910086e-05,5.524277009172351427e-05,9.809986453536765794e+00
3.745290655856061690e+00,3.745267911608832989e+00,-6.823274168610282686e-05,5.564916394362739993e-05,9.809987416422258022e+00
3.745290469100490682e+00,3.745267911608832989e+00,-6.767247497307948834e-05,5.602667130233385251e-05,9.809988354196329752e+00
3.745290281180339242e+00,3.745267911608832989e+00,-6.710871451875988214e-05,5.637604543196061968e-05,9.809989267330912810e+00
3.745290092186920994e+00,3.745267911608832989e+00,-6.654173426401399638e-05,5.669802547458857589e-05,9.809990156291210184e+00
3.745289902209131938e+00,3.745267911608832989e+00,-6.597180089684684390e-05,5.699333671671524826e-05,9.809991021535820366e+00
3.745289711333496641e+00,3.745267911608832989e+00,-6.539917399095429573e-05,5.726269058925481659e-05,9.809991863516598798e+00
3.745289519644212639e+00,3.745267911608832989e+00,-6.482410613894984408e-05,5.750678520044516517e-05,9.809992682679062881e+00
3.745289327223196629e+00,3.745267911608832989e+00,-6.424684309092043577e-05,5.772630480294083100e-05,9.809993479461713406e+00
3.745289134150127097e+00,3.745267911608832989e+00,-6.366762388232416470e-05,5.792192085962710735e-05,9.809994254296977800e+00
3.745288940502486952e+00,3.745267911608832989e+00,-6.308668096188796426e-05,5.809429204362004384e-05,9.809995007611082229e+00
3.745288746355607934e+00,3.745267911608832989e+00,-6.250424032483437031e-05,5.824406370535939459e-05,9.809995739823381911e+00
3.745288551782711473e+00,3.745267911608832989e+00,-6.192052163545014309e-05,5.837186893842272184e-05,9.809996451347302582e+00
3.745288356854949541e+00,3.745267911608832989e+00,-6.133573834965488913e-05,5.847832857952539598e-05,9.809997142590230368e+00
3.745288161641446845e+00,3.745267911608832989e+00,-6.075009784156648607e-05,5.856405080884030667e-05,9.809997813952968215e+00
3.745287966209339459e+00,3.745267911608832989e+00,-6.016380151940836640e-05,5.862963221581196649e-05,9.809998465830696901e+00
3.745287770623814794e+00,3.745267911608832989e+00,-5.957704494541360418e-05,5.867565739947622205e-05,9.809999098612454560e+00
3.745287574948151565e+00,3.745267911608832989e+00,-5.899001795572900164e-05,5.870269896846025404e-05,9.809999712681012340e+00
3.745287379243756209e+00,3.745267911608832989e+00,-5.840290476966103483e-05,5.871131860679668080e-05,9.810000308413837189e+00
3.745287183570202405e+00,3.745267911608832989e+00,-5.781588410824767266e-05,5.870206614133621770e-05,9.810000886182033142e+00
3.745286987985267046e+00,3.745267911608832989e+00,-5.722912930217205485e-05,5.867548060756178074e-05,9.810001446351305887e+00
3.745286792544966659e+00,9.059560287236514853e+00,1.594282048407464458e+01,0.000000000000000000e+00,2.575282048407464686e+01
3.746880879153073884e+00,9.059560287236514853e+00,1.593803822425032379e+01,-4.782259824321677399e-01,2.526981224181815833e+01
3.750020946985362702e+00,9.059560287236514853e+00,1.592861802075345778e+01,-9.420203496865120485e-01,2.479659767106694801e+01
3.754659674584758466e+00,9.059560287236514853e+00,1.591470183795527049e+01,-1.391618279818729320e+00,2.433308355813654345e+01
3.760750710539967567e+00,9.059560287236514853e+00,1.589642873008964052e+01,-1.827310786562996725e+00,2.387911794352664430e+01
3.768248658289529374e+00,9.059560287236514853e+00,1.587393488684095644e+01,-2.249384324868408669e+00,2.343455056197255004e+01
3.777109061095288656e+00,9.059560287236514853e+00,1.584735367842367992e+01,-2.658120841727651396e+00,2.299923283669603080e+01
3.787288387184717386e+00,9.059560287236514853e+00,1.581681570015539151e+01,-3.053797826828752449e+00,2.257301787332664134e+01
3.798744015061478851e+00,9.059560287236514853e+00,1.578244881652510934e+01,-3.436688363028306270e+00,2.215576045349680356e+01
3.811434218983590139e+00,9.059560287236514853e+00,1.574437820475877281e+01,-3.807061176633652622e+00,2.174731702812512069e+01
3.825318154608513765e+00,9.059560287236514853e+00,1.570272639788400326e+01,-4.165180687476954802e+00,2.134754571040704718e+01
3.840355844804478114e+00,9.059560287236514853e+00,1.565761332729611155e+01,-4.511307058789171265e+00,2.095630626850694256e+01
3.856508165627293039e+00,9.059560287236514853e+00,1.560915636482766544e+01,-4.845696246844610755e+00,2.057346011798305341e+01
3.873736832461906143e+00,9.059560287236514853e+00,1.555747036432382480e+01,-5.168600050384064559e+00,2.019887031393976073e+01
3.892004386327913235e+00,9.059560287236514853e+00,1.550266770272580352e+01,-5.480266159802127390e+00,1.983240154292367663e+01
3.911274180348212948e+00,9.059560287236514853e+00,1.544485832066490438e+01,-5.780938206089913933e+00,1.947392011457499095e+01
3.931510366379970201e+00,9.059560287236514853e+00,1.538414976256963485e+01,-6.070855809527042624e+00,1.912329395304259094e+01
3.952677881807031390e+00,9.059560287236514853e+00,1.532064721628844950e+01,-6.350254628118356948e+00,1.878039258817009483e+01
3.974742436492909814e+00,9.059560287236514853e+00,1.525445355223081378e+01,-6.619366405763660310e+00,1.844508714646715219e+01
3.997670499893434926e+00,9.059560287236514853e+00,1.518566936202924111e+01,-6.878419020157267028e+00,1.811725034187197281e+01
4.021429288328147500e+00,9.059560287236514853e+00,1.511439299672510117e+01,-7.127636530413905547e+00,1.779675646631119434e+01
4.045986752409491238e+00,9.059560287236514853e+00,1.504072060448106996e+01,-7.367239224403121511e+00,1.748348138007794716e+01
4.071311564628842028e+00,9.059560287236514853e+00,1.496474616782301936e+01,-7.597443665805236890e+00,1.717730250201778119e+01
4.097373107098395195e+00,9.059560287236514853e+00,1.488656154041435897e+01,-7.818462740865950167e+00,1.687809879954841108e+01
4.124141459447902669e+00,9.059560287236514853e+00,1.480625648336583566e+01,-8.030505704852242133e+00,1.658575077851359225e+01
4.151587386875261743e+00,9.059560287236514853e+00,1.472391870108375933e+01,-8.233778228207722094e+00,1.630014047287603773e+01
4.179682328349908715e+00,9.059560287236514853e+00,1.463963387665981841e+01,-8.428482442394091834e+00,1.602115143426572530e+01
4.208398384967981798e+00,9.059560287236514853e+00,1.455348570680559916e+01,-8.614816985421924755e+00,1.574866872138367491e+01
4.237708308458193684e+00,9.059560287236514853e+00,1.446555593633496350e+01,-8.792977047063565976e+00,1.548257888927139803e+01
4.267585489837332879e+00,9.059560287236514853e+00,1.437592439219754681e+01,-8.963154413741758475e+00,1.522276997845578883e+01
4.298003948214317305e+00,9.059560287236514853e+00,1.428466901706659264e+01,-9.125537513095327569e+00,1.496913150397126557e+01
4.328938319741698848e+00,9.059560287236514853e+00,1.419186590248444801e+01,-9.280311458214463016e+00,1.472155444426998550e+01
4.360363846713507741e+00,9.059560287236514853e+00,1.409758932156902134e+01,-9.427658091542667762e+00,1.447993123002635407e+01
4.392256366808318546e+00,9.059560287236514853e+00,1.400191176128458892e+01,-9.567756028443241689e+00,1.424415573284134773e+01
4.424592302476414218e+00,9.059560287236514853e+00,1.390490395428030190e+01,-9.700780700428701664e+00,1.401412325385160074e+01
4.457348650469894480e+00,9.059560287236514853e+00,1.380663491029986112e+01,-9.826904398044078448e+00,1.378973051225578317e+01
4.490502971514600539e+00,9.059560287236514853e+00,1.370717194716574383e+01,-9.946296313411817636e+00,1.357087563375392669e+01
4.524033380122681969e+00,9.059560287236514853e+00,1.360658072134149776e+01,-1.005912258242442903e+01,1.335745813891706923e+01
4.557918534544655564e+00,9.059560287236514853e+00,1.350492525807557698e+01,-1.016554632659207869e+01,1.314937893148349879e+01
4.592137626859777555e+00,9.059560287236514853e+00,1.340226798113021189e+01,-1.026572769453659717e+01,1.294654028659361522e+01
4.626670373203558562e+00,9.059560287236514853e+00,1.329866974209886976e+01,-1.035982390313430201e+01,1.274884583896456824e+01
4.661497004131235578e+00,9.059560287236514853e+00,1.319418984931583694e+01,-1.044798927830310475e+01,1.255620057101273268e+01
4.696598255116014364e+00,9.059560287236514853e+00,1.308888609636150235e+01,-1.053037529543363604e+01,1.236851080092786681e+01
4.731955357180885891e+00,9.059560287236514853e+00,1.298281479016688778e+01,-1.060713061946145785e+01,1.218568417070543042e+01
4.767550027662827539e+00,9.059560287236514853e+00,1.287603077872106283e+01,-1.067840114458249445e+01,1.200762963413856887e+01
4.803364461108182937e+00,9.059560287236514853e+00,1.276858747838499575e+01,-1.074433003360661942e+01,1.183425744477837682e+01
4.839381320298016931e+00,9.059560287236514853e+00,1.266053690081549377e+01,-1.080505775695019821e+01,1.166547914386529605e+01
4.875583727402236889e+00,9.059560287236514853e+00,1.255192967950283389e+01,-1.086072213126598740e+01,1.150120754823684699e+01
4.911955255261280406e+00,9.059560287236514853e+00,1.244281509592570245e+01,-1.091145835771305528e+01,1.134135673821264767e+01
4.948479918794145505e+00,9.059560287236514853e+00,1.233324110532710804e+01,-1.095739905985952944e+01,1.118584204546757910e+01
4.985142166531557173e+00,9.059560287236514853e+00,1.222325436211487215e+01,-1.099867432122350053e+01,1.103458004089137212e+01
5.021926872273057896e+00,9.059560287236514853e+00,1.211290024489037087e+01,-1.103541172245021684e+01,1.088748852244015453e+01
5.058819326866802690e+00,9.059560287236514853e+00,1.200222288110913738e+01,-1.106773637812343836e+01,1.074448650298569952e+01
5.095805230110846296e+00,9.059560287236514853e+00,1.189126517137700567e+01,-1.109577097321308159e+01,1.060549419816392458e+01
5.132870682774706594e+00,9.059560287236514853e+00,1.178006881338542478e+01,-1.111963579915808964e+01,1.047043301422733563e+01
5.170002178739989240e+00,9.059560287236514853e+00,1.166867432548957595e+01,-1.113944878958479379e+01,1.033922553590478266e+01
5.207186597258862903e+00,9.059560287236514853e+00,1.155712106993295585e+01,-1.115532555566209894e+01,1.021179551427085741e+01
5.244411195329163000e+00,9.059560287236514853e+00,1.144544727572205645e+01,-1.116737942109002901e+01,1.008806785463202793e+01
5.281663600184926644e+00,9.059560287236514853e+00,1.133369006115476552e+01,-1.117572145672909301e+01,9.967968604425673007e+00
5.318931801901133127e+00,9.059560287236514853e+00,1.122188545600614518e+01,-1.118046051486194514e+01,9.851424941144200531e+00
5.356204146111453568e+00,9.059560287236514853e+00,1.111006842337518385e+01,-1.118170326309613216e+01,9.738365160279052191e+00
5.393469326837801781e+00,9.059560287236514853e+00,1.099827288119614010e+01,-1.117955421790446380e+01,9.628718663291676805e+00
5.430716379430479357e+00,9.059560287236514853e+00,1.088653172341810560e+01,-1.117411577780327292e+01,9.522415945614833177e+00
5.467934673617718566e+00,9.059560287236514853e+00,1.077487684085638975e+01,-1.116548825617176277e+01,9.419388584684627475e+00
5.505113906663425816e+00,9.059560287236514853e+00,1.066333914171926622e+01,-1.115376991371217485e+01,9.319569228007091866e+00
5.542244096631933736e+00,9.059560287236514853e+00,1.055194857181374246e+01,-1.113905699055237619e+01,9.222891581261366767e+00
5.579315575758568180e+00,9.059560287236514853e+00,1.044073413443383913e+01,-1.112144373799033303e+01,9.129290396443506594e+00
5.616318983924847075e+00,9.059560287236514853e+00,1.032972390993500333e+01,-1.110102244988366849e+01,9.038701460051335346e+00
5.653245262237130753e+00,9.059560287236514853e+00,1.021894507499815319e+01,-1.107788349368510339e+01,8.951061581313050297e+00
5.690085646707546019e+00,9.059560287236514853e+00,1.010842392158690650e+01,-1.105211534112457983e+01,8.866308580462327171e+00
5.726831662036007131e+00,9.059560287236514853e+00,9.998185875601523165e+00,-1.102380459853833372e+01,8.784381277063189941e+00
5.763475115492174616e+00,9.059560287236514853e+00,9.888255515233019821e+00,-1.099303603685024555e+01,8.705219478382774767e+00
5.800008090896180413e+00,9.059560287236514853e+00,9.778656589021004208e+00,-1.095989262120173890e+01,8.628763967819265801e+00
5.836422942696968263e+00,9.059560287236514853e+00,9.669412033618639768e+00,-1.092445554023635523e+01,8.554956493382285032e+00
5.872712290147094727e+00,9.059560287236514853e+00,9.560543991268261266e+00,-1.088680423503793904e+01,8.483739756230322726e+00
5.908869011572844165e+00,9.059560287236514853e+00,9.452073826991011174e+00,-1.084701642772483154e+01,8.415057399266180127e+00
5.944886238738519957e+00,9.059560287236514853e+00,9.344022145493983800e+00,-1.080516814970273742e+01,8.348853995791246874e+00
5.980757351303775060e+00,9.059560287236514853e+00,9.236408807798220266e+00,-1.076133376957653098e+01,8.285075038221689780e+00
6.016475971372852172e+00,9.059560287236514853e+00,9.129252947590988043e+00,-1.071558602072313349e+01,8.223666926867855054e+00
6.052035958134616145e+00,9.059560287236514853e+00,9.022572987305697012e+00,-1.066799602852919193e+01,8.164576958776505577e+00
6.087431402592257790e+00,9.059560287236514853e+00,8.916386653932772077e+00,-1.061863333729249348e+01,8.107753316640279095e+00
6.122656622381563274e+00,9.059560287236514853e+00,8.810710994564853848e+00,-1.056756593679164524e+01,8.053145057773209103e+00
6.157706156676646003e+00,9.059560287236514853e+00,8.705562391679606549e+00,-1.051486028852481880e+01,8.000702103154788247e+00
6.192574761182044085e+00,9.059560287236514853e+00,8.600956578163412303e+00,-1.046058135161942459e+01,7.950375226543988205e+00
6.227257403210097131e+00,9.059560287236514853e+00,8.496908652079252278e+00,-1.040479260841591369e+01,7.902116043663339084e+00
6.261749256842516154e+00,9.059560287236514853e+00,8.393433091181996986e+00,-1.034755608972570684e+01,7.855877001456290643e+00
6.296045698175080751e+00,9.059560287236514853e+00,8.290543767184303192e+00,-1.028893239976937934e+01,7.811611367414924345e+00
6.330142300644387099e+00,9.059560287236514853e+00,8.188253959776382374e+00,-1.022898074079190422e+01,7.769273218984478646e+00
6.364034830435591594e+00,9.059560287236514853e+00,8.086576370402770664e+00,-1.016775893736134861e+01,7.728817433041422547e+00
6.397719241970100335e+00,9.059560287236514853e+00,7.985523135799243555e+00,-1.010532346035262208e+01,7.690199675446621974e+00
6.431191673472153703e+00,9.059560287236514853e+00,7.885105841293083451e+00,-1.004172945061601041e+01,7.653376390677073537e+00
6.464448442613274892e+00,9.059560287236514853e+00,7.785335533869719882e+00,-9.977030742336356894e+00,7.618304791533363485e+00
6.497486042233549419e+00,9.059560287236514853e+00,7.686222735008896301e+00,-9.911279886082358104e+00,7.584942848926538694e+00
6.530301136138716878e+00,9.059560287236514853e+00,7.587777453293393926e+00,-9.844528171550237516e+00,7.553249281743156907e+00
6.562890554972057977e+00,9.059560287236514853e+00,7.490009196793370627e+00,-9.776825650002329837e+00,7.523183546791041287e+00
6.595251292160078549e+00,9.059560287236514853e+00,7.392926985229308912e+00,-9.708221156406171559e+00,7.494705828823137850e+00
6.627380499930981550e+00,9.059560287236514853e+00,7.296539361916599908e+00,-9.638762331270900319e+00,7.467777030645700087e+00
6.659275485404949180e+00,9.059560287236514853e+00,7.200854405494697019e+00,-9.568495642190288919e+00,7.442358763304408598e+00
6.690933706755247456e+00,9.059560287236514853e+00,7.105879741443802189e+00,-9.497466405089483032e+00,7.418413336354319654e+00
6.722352769439180697e+00,9.059560287236514853e+00,7.011622553392002466e+00,-9.425718805179972293e+00,7.395903748212030671e+00
6.753530422497934893e+00,9.059560287236514853e+00,6.918089594215739879e+00,-9.353295917626258671e+00,7.374793676589481706e+00
6.784464554924348079e+00,9.059560287236514853e+00,6.825287196936500322e+00,-9.280239727923955684e+00,7.355047469012545136e+00
6.815153192097662682e+00,9.059560287236514853e+00,6.733221285416556512e+00,-9.206591151994381050e+00,7.336630133422175959e+00
6.845594492284319266e+00,9.059560287236514853e+00,6.641897384856586761e+00,-9.132390055996975065e+00,7.319507328859612194e+00
6.875786743203861739e+00,9.059560287236514853e+00,6.551320632097959340e+00,-9.057675275862742126e+00,7.303645356235217712e+00
6.905728358659028565e+00,9.059560287236514853e+00,6.461495785732458863e+00,-8.982484636550047696e+00,7.289011149182411664e+00
6.935417875229113349e+00,9.059560287236514853e+00,6.372427236022204511e+00,-8.906854971025435219e+00,7.275572264996769789e+00
6.964853949025697766e+00,9.059560287236514853e+00,6.284119014632451261e+00,-8.830822138975324975e+00,7.263296875657126783e+00
6.994035352509848202e+00,9.059560287236514853e+00,6.196574804179999951e+00,-8.754421045245130983e+00,7.252153758934869465e+00
7.022960971369891503e+00,9.059560287236514853e+00,6.109797947599870049e+00,-8.677685658012990189e+00,7.242112289586880358e+00
7.051629801458894065e+00,9.059560287236514853e+00,6.023791457332862365e+00,-8.600649026700768474e+00,7.233142430632094388e+00
7.080040945790959661e+00,9.059560287236514853e+00,5.938558024336665575e+00,-8.523343299619678959e+00,7.225214724716987114e+00
7.108193611595496897e+00,9.059560287236514853e+00,5.854100026923053868e+00,-8.445799741361170732e+00,7.218300285561883634e+00
7.136087107428590315e+00,9.059560287236514853e+00,5.770419539423773614e+00,-8.368048749928025387e+00,7.212370789495748724e+00
7.163720840340633167e+00,9.059560287236514853e+00,5.687518340687645058e+00,-8.290119873612855628e+00,7.207398467074789927e+00
7.191094313099383406e+00,9.059560287236514853e+00,5.605397922411394340e+00,-8.212041827625071733e+00,7.203356094786323105e+00
7.218207121467612453e+00,9.059560287236514853e+00,5.524059497306707200e+00,-8.133842510468713982e+00,7.200216986837993716e+00
7.245058951534525171e+00,9.059560287236514853e+00,5.443504007105969045e+00,-8.055549020073815569e+00,7.197954987032153973e+00
7.271649577100141038e+00,9.059560287236514853e+00,5.363732130409121446e+00,-7.977187669684759896e+00,7.196544460724362047e+00
7.297978857111829143e+00,9.059560287236514853e+00,5.284744290374057130e+00,-7.898784003506431617e+00,7.195960286867626010e+00
7.324046733152204780e+00,9.059560287236514853e+00,5.206540662252930218e+00,-7.820362812112691131e+00,7.196177850140239585e+00
7.349853226977594467e+00,9.059560287236514853e+00,5.129121180776761157e+00,-7.741948147616906084e+00,7.197173033159855571e+00
7.375398438106299359e+00,9.059560287236514853e+00,5.052485547390646481e+00,-7.663563338611467657e+00,7.198922208779179321e+00
7.400682541455882557e+00,9.059560287236514853e+00,4.976633237341896887e+00,-7.585231004874959382e+00,7.201402232466938003e+00
7.425705785028712036e+00,9.059560287236514853e+00,4.901563506623408450e+00,-7.506973071848843659e+00,7.204590434774565288e+00
7.450468487645019344e+00,9.059560287236514853e+00,4.827275398774486526e+00,-7.428810784892192487e+00,7.208464613882294536e+00
7.474971036722714679e+00,9.059560287236514853e+00,4.753767751541400521e+00,-7.350764723308600423e+00,7.213003028232800595e+00
7.499213886103233584e+00,9.059560287236514853e+00,4.681039203399843807e+00,-7.272854814155671477e+00,7.218184389244172827e+00
7.523197553922677194e+00,9.059560287236514853e+00,4.609088199941512975e+00,-7.195100345833083111e+00,7.223987854108430362e+00
7.546922620527531045e+00,9.059560287236514853e+00,4.537913000126951424e+00,-7.117519981456155165e+00,7.230393018670796756e+00
7.570389726434251898e+00,9.059560287236514853e+00,4.467511682406788864e+00,-7.040131772016255951e+00,7.237379910390533411e+00
7.593599570332012050e+00,9.059560287236514853e+00,4.397882150713508409e+00,-6.962953169328045533e+00,7.244928981385463373e+00
7.616552907127910998e+00,9.059560287236514853e+00,4.329022140325811563e+00,-6.886001038769684612e+00,7.253021101556127448e+00
7.639250546033965250e+00,9.059560287236514853e+00,4.260929223607648808e+00,-6.809291671816275482e+00,7.261637551791373824e+00
7.661693348695198580e+00,9.059560287236514853e+00,4.193600815623948819e+00,-6.732840798369998936e+00,7.270760017253950380e+00
7.683882227358157735e+00,9.059560287236514853e+00,4.127034179635071354e+00,-6.656663598887746502e+00,7.280370580747325349e+00
7.705818143079190996e+00,9.059560287236514853e+00,4.061226432471971570e+00,-6.580774716309978345e+00,7.290451716161993723e+00
7.727502103971841230e+00,9.059560287236514853e+00,3.996174549794020869e+00,-6.505188267795070090e+00,7.300986281998951277e+00
7.748935163492690847e+00,9.059560287236514853e+00,3.931875371231472016e+00,-6.429917856254885322e+00,7.311957514976587191e+00
7.770118418765037838e+00,9.059560287236514853e+00,3.868325605414431045e+00,-6.354976581704097072e+00,7.323349023710334471e+00
7.791053008939756275e+00,9.059560287236514853e+00,3.805521834890275734e+00,-6.280377052415531125e+00,7.335144782474745107e+00
7.811740113592722246e+00,9.059560287236514853e+00,3.743460520931377822e+00,-6.206131395889791236e+00,7.347329125041587083e+00
7.832180951158192350e+00,9.059560287236514853e+00,3.682138008234967508e+00,-6.132251269641031399e+00,7.359886738593936606e+00
7.852376777397521934e+00,9.059560287236514853e+00,3.621550529516978756e+00,-6.058747871798875195e+00,7.372802657718104058e+00
7.872328883902623531e+00,9.059560287236514853e+00,3.561694210001673966e+00,-5.985631951530479000e+00,7.386062258471195463e+00
7.892038596633572212e+00,9.059560287236514853e+00,3.502565071808827923e+00,-5.912913819284604244e+00,7.399651252524224176e+00
7.911507274489773422e+00,9.059560287236514853e+00,3.444159038240224291e+00,-5.840603356860363249e+00,7.413555681379861539e+00
7.930736307914112437e+00,9.059560287236514853e+00,3.386471937967207246e+00,-5.768710027301704457e+00,7.427761910665503287e+00
7.949727117529517884e+00,9.059560287236514853e+00,3.329499509120990908e+00,-5.697242884621633863e+00,7.442256624499357542e+00
7.968481152807373569e+00,9.059560287236514853e+00,3.273237403287423852e+00,-5.626210583356705541e+00,7.457026819930718808e+00
7.986999890767221721e+00,9.059560287236514853e+00,3.217681189407879394e+00,-5.555621387954445822e+00,7.472059801453434069e+00
8.005284834707214969e+00,9.059560287236514853e+00,3.162826357587899651e+00,-5.485483181997974356e+00,7.487343175589925792e+00
8.023337512964767271e+00,9.059560287236514853e+00,3.108668322815242746e+00,-5.415803477265690447e+00,7.502864845549552797e+00
8.041159477706875336e+00,9.059560287236514853e+00,3.055202428588918551e+00,-5.346589422632419542e+00,7.518613005956499507e+00
8.058752303749578516e+00,9.059560287236514853e+00,3.002423950460809010e+00,-5.277847812810954053e+00,7.534576137649855454e+00
8.076117587406047349e+00,9.059560287236514853e+00,2.950328099491402511e+00,-5.209585096940649862e+00,7.550743002550753147e+00
8.093256945362771404e+00,9.059560287236514853e+00,2.898910025621230346e+00,-5.141807387017216513e+00,7.567102638604014331e+00
8.110172013583355266e+00,9.059560287236514853e+00,2.848164820959478760e+00,-5.074520466175158617e+00,7.583644354784320640e+00
8.126864446239418172e+00,9.059560287236514853e+00,2.798087522991290044e+00,-5.007729796818871648e+00,7.600357726172418893e+00
8.143335914668098141e+00,9.059560287236514853e+00,2.748673117705250135e+00,-4.941440528603990856e+00,7.617232589101259776e+00
8.159588106355688097e+00,9.059560287236514853e+00,2.699916542642480266e+00,-4.875657506276986908e+00,7.634259036365493856e+00
8.175622723946913695e+00,9.059560287236514853e+00,2.651812689868803474e+00,-4.810385277367679180e+00,7.651427412501124792e+00
8.191441484279389229e+00,9.059560287236514853e+00,2.604356408871376871e+00,-4.745628099742660311e+00,7.668728309128717058e+00
8.207046117442779121e+00,9.059560287236514853e+00,2.557542509381207196e+00,-4.681389949016967478e+00,7.686152560364240216e+00
8.222438365862204890e+00,9.059560287236514853e+00,2.511365764122929889e+00,-4.617674525827730747e+00,7.703691238295199639e+00
8.237619983405460644e+00,9.059560287236514853e+00,2.465820911493162626e+00,-4.554485262976726290e+00,7.721335648516436834e+00
8.252592734513568118e+00,9.059560287236514853e+00,2.420902658168840205e+00,-4.491825332432242135e+00,7.739077325736598567e+00
8.267358393354248491e+00,9.059560287236514853e+00,2.376605681646799084e+00,-4.429697652204112046e+00,7.756908029442687535e+00
8.281918742997872229e+00,9.059560287236514853e+00,2.332924632715927871e+00,-4.368104893087121354e+00,7.774819739628807014e+00
8.296275574615458837e+00,9.059560287236514853e+00,2.289854137863168049e+00,-4.307049485275982192e+00,7.792804652587186354e+00
8.310430686698305536e+00,9.059560287236514853e+00,2.247388801614627951e+00,-4.246533624854009759e+00,7.810855176760618690e+00
8.324385884298827420e+00,9.059560287236514853e+00,2.205523208813062297e+00,-4.186559280156565421e+00,7.828963928656497373e+00
8.338142978292214735e+00,9.059560287236514853e+00,2.164251926832900352e+00,-4.127128198016194460e+00,7.847123728816706389e+00
8.351703784658484508e+00,9.059560287236514853e+00,2.123569507734091033e+00,-4.068241909880931928e+00,7.865327597853159602e+00
8.365070123784539291e+00,9.059560287236514853e+00,2.083470490355926685e+00,-4.009901737816434775e+00,7.883568752539492408e+00
8.378243819785847535e+00,9.059560287236514853e+00,2.043949402352001954e+00,-3.952108800392473142e+00,7.901840601959529309e+00
8.391226699847353032e+00,9.059560287236514853e+00,2.005000762167485462e+00,-3.894864018451649201e+00,7.920136743715836758e+00
8.404020593583229726e+00,9.059560287236514853e+00,1.966619080959855381e+00,-3.838168120763008062e+00,7.938450960196847817e+00
8.416627332415126617e+00,9.059560287236514853e+00,1.928798864464164708e+00,-3.782021649569067279e+00,7.956777214895097927e+00
8.429048748968511973e+00,9.059560287236514853e+00,1.891534614804008640e+00,-3.726424966015606799e+00,7.975109648788402339e+00
8.441286676486775775e+00,9.059560287236514853e+00,1.854820832249217233e+00,-3.671378255479140762e+00,7.993442576770076968e+00
8.453342948262717371e+00,9.059560287236514853e+00,1.818652016921392445e+00,-3.616881532782478814e+00,8.011770484138914128e+00
8.465219397087071940e+00,9.059560287236514853e+00,1.783022670448328739e+00,-3.562934647306370550e+00,8.030088023141958686e+00
8.476917854713741818e+00,9.059560287236514853e+00,1.747927297568319105e+00,-3.509537288000963429e+00,8.048390009567356174e+00
8.488440151341368534e+00,9.059560287236514853e+00,1.713360407685438958e+00,-3.456688988288014741e+00,8.066671419397424714e+00
8.499788115110934683e+00,9.059560287236514853e+00,1.679316516376740509e+00,-3.404389130869844848e+00,8.084927385506896158e+00
8.510963571619051038e+00,9.059560287236514853e+00,1.645790146852391445e+00,-3.352636952434906448e+00,8.103153194417485494e+00
8.521968343446609140e+00,9.059560287236514853e+00,1.612775831369717139e+00,-3.301431548267430571e+00,8.121344283102287065e+00
8.532804249702477861e+00,9.059560287236514853e+00,1.580268112602110975e+00,-3.250771876760616408e+00,8.139496235841495064e+00
8.543473105581931293e+00,9.059560287236514853e+00,1.548261544963750680e+00,-3.200656763836029484e+00,8.157604781127721694e+00
8.553976721939497097e+00,9.059560287236514853e+00,1.516750695891053269e+00,-3.151084907269741109e+00,8.175665788621312657e+00
8.564316904875925118e+00,9.059560287236514853e+00,1.485730147081769204e+00,-3.102054880928406533e+00,8.193675266153363168e+00
8.574495455338968952e+00,9.059560287236514853e+00,1.455194495692637702e+00,-3.053565138913150179e+00,8.211629356779488020e+00
8.584514168737689133e+00,9.059560287236514853e+00,1.425138355496477161e+00,-3.005614019616054122e+00,8.229524335880423536e+00
8.594374834569999067e+00,9.059560287236514853e+00,1.395556357999547359e+00,-2.958199749692980163e+00,8.247356608306567693e+00
8.604079236063139291e+00,9.059560287236514853e+00,1.366443153520126685e+00,-2.911320447942067347e+00,8.265122705578059836e+00
8.613629149826836695e+00,9.059560287236514853e+00,1.337793412229034473e+00,-2.864974129109221224e+00,8.282819283119813747e+00
8.623026345518846725e+00,9.059560287236514853e+00,1.309601825153004384e+00,-2.819158707603008907e+00,8.300443117549995975e+00
8.632272585522610342e+00,9.059560287236514853e+00,1.281863105141713532e+00,-2.773872001129085163e+00,8.317991104012628867e+00
8.641369624636775271e+00,9.059560287236514853e+00,1.254571987799218746e+00,-2.729111734249478616e+00,8.335460253549740628e+00
8.650319209776295537e+00,9.059560287236514853e+00,1.227723232380657947e+00,-2.684875541856079906e+00,8.352847690524578539e+00
8.659123079684869495e+00,9.059560287236514853e+00,1.201311622654936073e+00,-2.641160972572187404e+00,8.370150650082749166e+00
8.667782964658451661e+00,9.059560287236514853e+00,1.175331967734189575e+00,-2.597965492074649774e+00,8.387366475659540299e+00
8.676300586279598548e+00,9.059560287236514853e+00,1.149779102870748915e+00,-2.555286486344066077e+00,8.404492616526683335e+00
8.684677657162398035e+00,9.059560287236514853e+00,1.124647890222350455e+00,-2.513121264839845992e+00,8.421526625382504960e+00
8.692915880707737131e+00,9.059560287236514853e+00,1.099933219586333166e+00,-2.471467063601728853e+00,8.438466155984604811e+00
8.701016950868673661e+00,9.059560287236514853e+00,1.075630009103523577e+00,-2.430321048280958962e+00,8.455308960822565112e+00
8.708982551925693372e+00,9.059560287236514853e+00,1.051733205932464443e+00,-2.389680317105913332e+00,8.472052888826551609e+00
8.716814358271594898e+00,9.059560287236514853e+00,1.028237786894759864e+00,-2.349541903770457907e+00,8.488695883124302455e+00
8.724514034205808954e+00,9.059560287236514853e+00,1.005138759092117695e+00,-2.309902780264216915e+00,8.505235978827901278e+00
8.732083233737906625e+00,9.059560287236514853e+00,9.824311604958246846e-01,-2.270759859629301047e+00,8.521671300866524135e+00
8.739523600400090686e+00,9.059560287236514853e+00,9.601100605092725004e-01,-2.232109998655218419e+00,8.538000061854054579e+00
8.746836767068460361e+00,9.059560287236514853e+00,9.381705605041634755e-01,-2.193950000510902498e+00,8.554220559993261475e+00
8.754024355792829226e+00,9.059560287236514853e+00,9.166077943310568799e-01,-2.156276617310659560e+00,8.570331177020397817e+00
8.761087977634899104e+00,9.059560287236514853e+00,8.954169288048472453e-01,-2.119086552620963460e+00,8.586330376183884283e+00
8.768029232514587434e+00,9.059560287236514853e+00,8.745931641657822553e-01,-2.082376463906498998e+00,8.602216700259283755e+00
8.774849709064302061e+00,9.059560287236514853e+00,8.541317345166383745e-01,-2.046142964914388074e+00,8.617988769602250798e+00
8.781550984490976930e+00,9.059560287236514853e+00,8.340279082366137686e-01,-2.010382628002460592e+00,8.633645280234153674e+00
8.788134624445675058e+00,9.059560287236514853e+00,8.142769883725193836e-01,-1.975091986409438505e+00,8.649185001963081376e+00
8.794602182900570497e+00,9.059560287236514853e+00,7.948743130078330665e-01,-1.940267536468631704e+00,8.664606776539201860e+00
8.800955202033119207e+00,9.059560287236514853e+00,7.758152556101869379e-01,-1.905905739764612861e+00,8.679909515845574575e+00
8.807195212117251870e+00,9.059560287236514853e+00,7.570952253577889479e-01,-1.872003025239799001e+00,8.695092200117990444e+00
8.813323731421396801e+00,9.059560287236514853e+00,7.387096674453541567e-01,-1.838555791243479121e+00,8.710153876201875534e+00
8.819342266113162410e+00,9.059560287236514853e+00,7.206540633700573295e-01,-1.805560407529682720e+00,8.725093655840375106e+00
8.825252310170512260e+00,9.059560287236514853e+00,7.029239311980077787e-01,-1.773013217204955083e+00,8.739910713993053193e+00
8.831055345299260395e+00,9.059560287236514853e+00,6.855148258117633731e-01,-1.740910538624440562e+00,8.754604287187323308e+00
8.836752840856727076e+00,9.059560287236514853e+00,6.684223391393633307e-01,-1.709248667240004238e+00,8.769173671899359590e+00
8.842346253781384391e+00,9.059560287236514853e+00,6.516421003653913857e-01,-1.678023877397194497e+00,8.783618222968197387e+00
8.847837028528338976e+00,9.059560287236514853e+00,6.351697761245276297e-01,-1.647232424086375602e+00,8.797937352038152525e+00
8.853226597010497301e+00,9.059560287236514853e+00,6.190010706780526561e-01,-1.616870544647497354e+00,8.812130526030555799e+00
8.858516378545257197e+00,9.059560287236514853e+00,6.031317260737729669e-01,-1.586934460427968929e+00,8.826197265645804535e+00
8.863707779806581755e+00,9.059560287236514853e+00,5.875575222897992944e-01,-1.557420378397367244e+00,8.840137143892432547e+00
8.868802194782295700e+00,9.059560287236514853e+00,5.722742773626574575e-01,-1.528324492714183691e+00,8.853949784648474264e+00
8.873801004736474596e+00,9.059560287236514853e+00,5.572778475001207710e-01,-1.499642986253668653e+00,8.867634861246452616e+00
8.878705578176779412e+00,9.059560287236514853e+00,5.425641271792063236e-01,-1.471372032091444737e+00,8.881192095087762084e+00
8.883517270826592593e+00,9.059560287236514853e+00,5.281290492297667782e-01,-1.443507794943954536e+00,8.894621254285812739e+00
8.888237425601834829e+00,9.059560287236514853e+00,5.139685849040400711e-01,-1.416046432572670710e+00,8.907922152331369858e+00
8.892867372592309749e+00,9.059560287236514853e+00,5.000787439326153105e-01,-1.388984097142476060e+00,8.921094646790139748e+00
8.897408429047462874e+00,9.059560287236514853e+00,4.864555745671559350e-01,-1.362316936545937551e+00,8.934138638021218881e+00
8.901861899366418029e+00,9.059560287236514853e+00,4.730951636102904700e-01,-1.336041095686546498e+00,8.947054067923744469e+00
8.906229075092166880e+00,9.059560287236514853e+00,4.599936364330439176e-01,-1.310152717724655247e+00,8.959840918708389168e+00
8.910511234909785472e+00,9.059560287236514853e+00,4.471471569801881429e-01,-1.284647945285577464e+00,8.972499211694611176e+00
8.914709644648574738e+00,9.059560287236514853e+00,4.345519277638203448e-01,-1.259522921636779813e+00,8.985029006127041029e+00
8.918825557287975769e+00,9.059560287236514853e+00,4.222041898456172504e-01,-1.234773791820309441e+00,8.997430398025308307e+00
8.922860212967179905e+00,9.059560287236514853e+00,4.101002228080048440e-01,-1.210396703761240644e+00,9.009703519046764697e+00
8.926814838998287982e+00,9.059560287236514853e+00,3.982363447146806124e-01,-1.186387809332423160e+00,9.021848535382257950e+00
8.930690649882935261e+00,9.059560287236514853e+00,3.866089120607387741e-01,-1.162743265394183823e+00,9.033865646666555449e+00
8.934488847332248795e+00,9.059560287236514853e+00,3.752143197127981722e-01,-1.139459234794060194e+00,9.045755084918738476e+00
8.938210620290053754e+00,9.059560287236514853e+00,3.640490008393832966e-01,-1.116531887341487561e+00,9.057517113497896233e+00
8.941857144959207915e+00,9.059560287236514853e+00,3.531094268319208140e-01,-1.093957400746248254e+00,9.069152026085673057e+00
8.945429584830971947e+00,9.059560287236514853e+00,3.423921072166287161e-01,-1.071731961529209798e+00,9.080660145687419416e+00
8.948929090717303581e+00,9.059560287236514853e+00,3.318935895576338169e-01,-1.049851765899489919e+00,9.092041823658144395e+00
8.952356800786001045e+00,9.059560287236514853e+00,3.216104593515414223e-01,-1.028313020609239459e+00,9.103297438742302461e+00
8.955713840598573228e+00,9.059560287236514853e+00,3.115393399138248753e-01,-1.007111943771654694e+00,9.114427396142170679e+00
8.959001323150760143e+00,9.059560287236514853e+00,3.016768922572641287e-01,-9.862447656560746623e-01,9.125432126601189964e+00
8.962220348915606039e+00,9.059560287236514853e+00,2.920198149627264428e-01,-9.657077294537685930e-01,9.136312085508958347e+00
8.965372005889003404e+00,9.059560287236514853e+00,2.825648440425343466e-01,-9.454970920192096173e-01,9.147067752023325227e+00
8.968457369637603094e+00,9.059560287236514853e+00,2.733087527967352770e-01,-9.256091245799069611e-01,9.157699628216828813e+00
8.971477503349024829e+00,9.059560287236514853e+00,2.642483516624700712e-01,-9.060401134265205769e-01,9.168208238235949992e+00
8.974433457884270382e+00,9.059560287236514853e+00,2.553804880567334123e-01,-8.867863605736658883e-01,9.178594127483068021e+00
8.977326271832263060e+00,9.059560287236514853e+00,2.467020462127553770e-01,-8.678441843978035308e-01,9.188857861814952344e+00
8.980156971566437107e+00,9.059560287236514853e+00,2.382099470102332361e-01,-8.492099202522140899e-01,9.199000026758019644e+00
8.982926571303288199e+00,9.059560287236514853e+00,2.299011477996799613e-01,-8.308799210553274861e-01,9.209021226744352973e+00
8.985636073162813986e+00,9.059560287236514853e+00,2.217726422211026005e-01,-8.128505578577360779e-01,9.218922084363367020e+00
8.988286467230775401e+00,9.059560287236514853e+00,2.138214600172183566e-01,-7.951182203884243904e-01,9.228703239628794464e+00
8.990878731622700570e+00,9.059560287236514853e+00,2.060446668414428473e-01,-7.776793175775509326e-01,9.238365349263892412e+00
8.993413832549551401e+00,9.059560287236514853e+00,1.984393640608903553e-01,-7.605302780552491981e-01,9.247909086005641655e+00
8.995892724385003092e+00,9.059560287236514853e+00,1.910026885545352826e-01,-7.436675506355072685e-01,9.257335137919028512e+00
8.998316349734245989e+00,9.059560287236514853e+00,1.837318125068065910e-01,-7.270876047728691560e-01,9.266644207733937932e+00
9.000685639504261815e+00,9.059560287236514853e+00,1.766239431967591145e-01,-7.107869310047476574e-01,9.275837012192011954e+00
9.003001512975497889e+00,9.059560287236514853e+00,1.696763227830508924e-01,-6.947620413708222031e-01,9.284914281412229187e+00
9.005264877874875395e+00,9.059560287236514853e+00,1.628862280849183719e-01,-6.790094698132520534e-01,9.293876758271666816e+00
9.007476630450080179e+00,9.059560287236514853e+00,1.562509703593040200e-01,-6.635257725614351898e-01,9.302725197797869328e+00
9.009637655545063240e+00,9.059560287236514853e+00,1.497678950743548398e-01,-6.483075284949180173e-01,9.311460366579437320e+00
9.011748826676704738e+00,9.059560287236514853e+00,1.434343816794303450e-01,-6.333513394924494833e-01,9.320083042186981359e+00
9.013811006112565138e+00,9.059560287236514853e+00,1.372478433718491431e-01,-6.186538307581201934e-01,9.328594012613729447e+00
9.015825044949687950e+00,9.059560287236514853e+00,1.312057268604807092e-01,-6.042116511368433862e-01,9.336994075723637820e+00
9.017791783194383015e+00,9.059560287236514853e+00,1.253055121263955130e-01,-5.900214734085196255e-01,9.345284038717876385e+00
9.019712049842949497e+00,9.059560287236514853e+00,1.195447121806960666e-01,-5.760799945699446312e-01,9.353464717610751933e+00
9.021586662963276382e+00,9.059560287236514853e+00,1.139208728197154130e-01,-5.623839360980653623e-01,9.361536936721650548e+00
9.023416429777276093e+00,9.059560287236514853e+00,1.084315723777162788e-01,-5.489300441999134250e-01,9.369501528177803351e+00
9.025202146744092602e+00,9.059560287236514853e+00,1.030744214772667533e-01,-5.357150900449525466e-01,9.377359331432314704e+00
9.026944599644053824e+00,9.059560287236514853e+00,9.784706277738308700e-02,-5.227358699883666304e-01,9.385111192789016954e+00
9.028644563663293710e+00,9.059560287236514853e+00,9.274717071966342985e-02,-5.099892057719657146e-01,9.392757964947698213e+00
9.030302803479028029e+00,9.059560287236514853e+00,8.777245127246047218e-02,-4.974719447202957667e-01,9.400300506552165203e+00
9.031920073345418132e+00,9.059560287236514853e+00,8.292064167329016300e-02,-4.851809599170309184e-01,9.407739681756259742e+00
9.033497117179983604e+00,9.059560287236514853e+00,7.818951016959374556e-02,-4.731131503696417440e-01,9.415076359799952499e+00
9.035034668650528289e+00,9.059560287236514853e+00,7.357685575795969157e-02,-4.612654411634053986e-01,9.422311414594554790e+00
9.036533451262531713e+00,9.059560287236514853e+00,6.908050792194941891e-02,-4.496347836010272658e-01,9.429445724320922650e+00
9.037994178446968618e+00,9.059560287236514853e+00,6.469832636863870334e-02,-4.382181553310715572e-01,9.436480171037567644e+00
9.039417553648508630e+00,9.059560287236514853e+00,6.042820076401866913e-02,-4.270125604620034210e-01,9.443415640302015746e+00
9.040804270414078303e+00,9.059560287236514853e+00,5.626805046730964932e-02,-4.160150296709019813e-01,9.450253020796408165e+00
9.042155012481728704e+00,9.059560287236514853e+00,5.221582426435844582e-02,-4.052226202951203504e-01,9.456993203969238593e+00
9.043470453869774772e+00,9.059560287236514853e+00,4.826950010022024173e-02,-3.946324164138204083e-01,9.463637083686400331e+00
9.044751258966190477e+00,9.059560287236514853e+00,4.442708481097312756e-02,-3.842415289247114174e-01,9.470185555886262208e+00
9.045998082618194047e+00,9.059560287236514853e+00,4.068661385496241678e-02,-3.740470956010710779e-01,9.476639518253891836e+00
9.047211570222023269e+00,9.059560287236514853e+00,3.704615104347475096e-02,-3.640462811487665817e-01,9.482999869894708667e+00
9.048392357812842235e+00,9.059560287236514853e+00,3.350378827101785362e-02,-3.542362772456897346e-01,9.489267511025328616e+00
9.049541072154763555e+00,9.059560287236514853e+00,3.005764524525389447e-02,-3.446143025763959145e-01,9.495443342668858477e+00
9.050658330830952281e+00,9.059560287236514853e+00,2.670586921668771652e-02,-3.351776028566177956e-01,9.501528266360070418e+00
9.051744742333776017e+00,9.059560287236514853e+00,2.344663470821650719e-02,-3.259234508471209324e-01,9.507523183861096072e+00
9.052800906154987004e+00,9.059560287236514853e+00,2.027814324458354633e-02,-3.168491463632960858e-01,9.513428996881287958e+00
9.053827412875886438e+00,9.059560287236514853e+00,1.719862308188524480e-02,-3.079520162698301533e-01,9.519246606812055589e+00
9.054824844257465699e+00,9.059560287236514853e+00,1.420632893714746103e-02,-2.992294144737783768e-01,9.524976914463369582e+00
9.055793773330492513e+00,9.059560287236514853e+00,1.129954171806701879e-02,-2.906787219080442242e-01,9.530620819810023292e+00
9.056734764485499412e+00,9.059560287236514853e+00,8.476568253046323775e-03,-2.822973465020695016e-01,9.536179221750977320e+00
9.057648373562681599e+00,9.059560287236514853e+00,5.735741021499762837e-03,-2.740827231546560938e-01,9.541653017866844166e+00
9.058535147941650933e+00,9.059560287236514853e+00,3.075417884591757911e-03,-2.660323136908004926e-01,9.547043104193791763e+00
9.059395626631038922e+00,9.059560287236514853e+00,4.939818164277909318e-04,-2.581436068163966979e-01,9.552350375000031590e+00
9.060230340357927403e+00,9.059560287236514853e+00,-2.010159364237651403e-03,-2.504141180665442334e-01,9.557575722569218613e+00
9.061039811657073173e+00,9.059560287236514853e+00,-4.438573261674960690e-03,-2.428413897437309288e-01,9.562720036994594608e+00
9.061824554959917677e+00,9.059560287236514853e+00,-6.792803170208472352e-03,-2.354229908533511662e-01,9.567784205976440859e+00
9.062585076683360441e+00,9.059560287236514853e+00,-9.074368340536764777e-03,-2.281565170328292425e-01,9.572769114626634490e+00
9.063321875318266052e+00,9.059560287236514853e+00,-1.128476424525359789e-02,-2.210395904716833115e-01,9.577675645283063588e+00
9.064035441517699354e+00,9.059560287236514853e+00,-1.342546284355350394e-02,-2.140698598299906052e-01,9.582504677326456388e+00
9.064726258184865770e+00,9.059560287236514853e+00,-1.549791284505275257e-02,-2.072450001499248629e-01,9.587257087005022882e+00
9.065394800560731881e+00,9.059560287236514853e+00,-1.750353997265108319e-02,-2.005627127598330617e-01,9.591933747267516353e+00
9.066041536311324478e+00,9.059560287236514853e+00,-1.944374722442887560e-02,-1.940207251777792408e-01,9.596535527597792381e+00
9.066666925614677908e+00,9.059560287236514853e+00,-2.131991513448916464e-02,-1.876167910060289046e-01,9.601063293859482428e+00
9.067271421247417251e+00,9.059560287236514853e+00,-2.313340203270719542e-02,-1.813486898218030774e-01,9.605517908145490225e+00
9.067855468670970254e+00,9.059560287236514853e+00,-2.488554430336620271e-02,-1.752142270659007295e-01,9.609900228630733565e+00
9.068419506117386675e+00,9.059560287236514853e+00,-2.657765664261546590e-02,-1.692112339249263187e-01,9.614211109432458713e+00
9.068963964674747302e+00,9.059560287236514853e+00,-2.821103231469734851e-02,-1.633375672081882612e-01,9.618451400477114888e+00
9.069489268372155522e+00,9.059560287236514853e+00,-2.978694340692200626e-02,-1.575911092224657750e-01,9.622621947370612716e+00
9.069995834264300782e+00,9.059560287236514853e+00,-3.130664108335778906e-02,-1.519697676435782796e-01,9.626723591273064429e+00
9.070484072515572649e+00,9.059560287236514853e+00,-3.277135583717338818e-02,-1.464714753815599124e-01,9.630757168781267197e+00
9.070954386483723653e+00,9.059560287236514853e+00,-3.418229774162639956e-02,-1.410941904453011375e-01,9.634723511813072960e+00
9.071407172803054308e+00,9.059560287236514853e+00,-3.554065669961836704e-02,-1.358358957991967486e-01,9.638623447501185382e+00
9.071842821467136275e+00,9.059560287236514853e+00,-3.684760269186426740e-02,-1.306945992245900356e-01,9.642457798083546194e+00
9.072261715911025703e+00,9.059560287236514853e+00,-3.810428602353255201e-02,-1.256683331668284609e-01,9.646227380809639484e+00
9.072664233092996966e+00,9.059560287236514853e+00,-3.931183756944633956e-02,-1.207551545913787550e-01,9.649933007839175403e+00
9.073050743575752364e+00,9.059560287236514853e+00,-4.047136901771253292e-02,-1.159531448266193365e-01,9.653575486155668628e+00
9.073421611607122017e+00,9.059560287236514853e+00,-4.158397311182149281e-02,-1.112604094108959885e-01,9.657155617477283016e+00
9.073777195200239731e+00,9.059560287236514853e+00,-4.265072389117463558e-02,-1.066750779353142775e-01,9.660674198173511584e+00
9.074117846213175298e+00,9.059560287236514853e+00,-4.367267692998133555e-02,-1.021953038806699965e-01,9.664132019189349165e+00
9.074443910428030335e+00,9.059560287236514853e+00,-4.465086957454644789e-02,-9.781926445651123458e-02,9.667529865968942815e+00
9.074755727629481683e+00,9.059560287236514853e+00,-4.558632117890049074e-02,-9.354516043540428427e-02,9.670868518385695722e+00
9.075053631682772348e+00,9.059560287236514853e+00,-4.648003333877248622e-02,-8.937121598719954818e-02,9.674148750674028463e+00
9.075337950611130466e+00,9.059560287236514853e+00,-4.733299012384684090e-02,-8.529567850743546842e-02,9.677371331368718188e+00
9.075609006672625156e+00,9.059560287236514853e+00,-4.814615830833091081e-02,-8.131681844840699114e-02,9.680537023243262595e+00
9.075867116436443283e+00,9.059560287236514853e+00,-4.892048759978528949e-02,-7.743292914543786765e-02,9.683646583254777340e+00
9.076112590858587126e+00,9.059560287236514853e+00,-4.965691086621681904e-02,-7.364232664315295551e-02,9.686700762490630723e+00
9.076345735356980526e+00,9.059560287236514853e+00,-5.035634436139702075e-02,-6.994334951802017031e-02,9.689700306120583306e+00
9.076566849885985278e+00,9.059560287236514853e+00,-5.101968794841127419e-02,-6.633435870142534441e-02,9.692645953350163879e+00
9.076776229010325991e+00,9.059560287236514853e+00,-5.164782532143341598e-02,-6.281373730221417873e-02,9.695538437376352903e+00
9.076974161978403899e+00,9.059560287236514853e+00,-5.224162422566713815e-02,-5.937989042337221690e-02,9.698378485350961142e+00
9.077160932795017345e+00,9.059560287236514853e+00,-5.280193667550747705e-02,-5.603124498403388998e-02,9.701166818340459130e+00
9.077336820293464115e+00,9.059560287236514853e+00,-5.332959917084778567e-02,-5.276624953403086238e-02,9.703904151295121849e+00
9.077502098207039793e+00,9.059560287236514853e+00,-5.382543291157482201e-02,-4.958337407270363428e-02,9.706591193015722041e+00
9.077657035239917960e+00,9.059560287236514853e+00,-5.429024401020932089e-02,-4.648110986344988760e-02,9.709228646126341289e+00
9.077801895137408650e+00,9.059560287236514853e+00,-5.472482370268139107e-02,-4.345796924720701782e-02,9.711817207050112088e+00
9.077936936755603980e+00,9.059560287236514853e+00,-5.512994855726738308e-02,-4.051248545859920114e-02,9.714357565984133913e+00
9.078062414130398494e+00,9.059560287236514853e+00,-5.550638068165092420e-02,-3.764321243835411224e-02,9.716850406879995461e+00
9.078178576545880674e+00,9.059560287236514853e+00,-5.585486792809746248e-02,-3.484872464465382791e-02,9.719296407427249207e+00
9.078285668602104508e+00,9.059560287236514853e+00,-5.617614409676896514e-02,-3.212761686715026599e-02,9.721696239036081266e+00
9.078383930282232228e+00,9.059560287236514853e+00,-5.647092913715212603e-02,-2.947850403831608901e-02,9.724050566824532282e+00
9.078473597019042884e+00,9.059560287236514853e+00,-5.673992934758409490e-02,-2.690002104319688669e-02,9.726360049609219516e+00
9.078554899760813868e+00,9.059560287236514853e+00,-5.698383757289704477e-02,-2.439082253129498667e-02,9.728625339895808466e+00
9.078628065036575379e+00,9.059560287236514853e+00,-5.720333340018157742e-02,-2.194958272845326519e-02,9.730847083871365655e+00
9.078693315020723631e+00,9.059560287236514853e+00,-5.739908335262633443e-02,-1.957499524447570138e-02,9.733025921402898462e+00
9.078750867597012331e+00,9.059560287236514853e+00,-5.757174108149243352e-02,-1.726577288660990916e-02,9.735162486031898155e+00
9.078800936421904666e+00,9.059560287236514853e+00,-5.772194755616943951e-02,-1.502064746770059855e-02,9.737257404976130459e+00
9.078843730987294691e+00,9.059560287236514853e+00,-5.785033125233951523e-02,-1.283836961700757229e-02,9.739311299130653410e+00
9.078879456682598104e+00,9.059560287236514853e+00,-5.795750833824975246e-02,-1.071770859102372242e-02,9.741324783070727023e+00
9.078908314856207085e+00,9.059560287236514853e+00,-5.804408285907669551e-02,-8.657452082694305773e-03,9.743298465058229496e+00
9.078930502876321640e+00,9.059560287236514853e+00,-5.811064691942036120e-02,-6.656406034366568747e-03,9.745232947046213567e+00
9.078946214191141451e+00,9.059560287236514853e+00,-5.815778086387979329e-02,-4.713394445943208666e-03,9.747128824690177495e+00
9.078955638388430671e+00,9.059560287236514853e+00,-5.818605345574745513e-02,-2.827259186766184484e-03,9.748986687357486858e+00
9.078958961254455673e+00,9.059560287236514853e+00,-5.819602205382246041e-02,-9.968598075005274950e-04,9.750807118138677509e+00
9.078956364832293957e+00,9.059560287236514853e+00,-5.818823278733731286e-02,7.789266485147550156e-04,9.752590693861177940e+00
9.078948027479519567e+00,9.059560287236514853e+00,-5.816322072901414231e-02,2.501205832317054956e-03,9.754337985103303410e+00
9.078934123925254340e+00,9.059560287236514853e+00,-5.812151006621846250e-02,4.171066279567980928e-03,9.756049556213350016e+00
9.078914825326611648e+00,9.059560287236514853e+00,-5.806361427029038680e-02,5.789579592807569952e-03,9.757725965322517681e+00
9.078890299324500646e+00,9.059560287236514853e+00,-5.799003626395737854e-02,7.357800633300826121e-03,9.759367764369343945e+00
9.078860710098826559e+00,9.059560287236514853e+00,-5.790126858693511736e-02,8.876767702226118217e-03,9.760975499115291498e+00
9.078826218423063921e+00,9.059560287236514853e+00,-5.779779355964720367e-02,1.034750272879136901e-02,9.762549709169144663e+00
9.078786981718218740e+00,9.059560287236514853e+00,-5.768008344511166285e-02,1.177101145355408107e-02,9.764090928008442916e+00
9.078743154106174273e+00,9.059560287236514853e+00,-5.754860060897826202e-02,1.314828361334008378e-02,9.765599683004362319e+00
9.078694886462429281e+00,9.059560287236514853e+00,-5.740379767774328457e-02,1.448029312349774500e-02,9.767076495445754958e+00
9.078642326468228774e+00,9.059560287236514853e+00,-5.724611769514176274e-02,1.576799826015218287e-02,9.768521880565010918e+00
9.078585618662085466e+00,9.059560287236514853e+00,-5.707599427671183889e-02,1.701234184299238450e-02,9.769936347566281043e+00
9.078524904490699043e+00,9.059560287236514853e+00,-5.689385176255257193e-02,1.821425141592669661e-02,9.771320399653374622e+00
9.078460322359276802e+00,9.059560287236514853e+00,-5.670010536828584691e-02,1.937463942667250194e-02,9.772674534058387152e+00
9.078392007681260978e+00,9.059560287236514853e+00,-5.649516133423837516e-02,2.049440340474717459e-02,9.773999242070509297e+00
9.078320092927452123e+00,9.059560287236514853e+00,-5.627941707281181039e-02,2.157442614265647762e-02,9.775295009069845165e+00
9.078244707674549829e+00,9.059560287236514853e+00,-5.605326131410492962e-02,2.261557587068807607e-02,9.776562314556583644e+00
9.078165978653103707e+00,9.059560287236514853e+00,-5.581707424976656284e-02,2.361870643383667812e-02,9.777801632184070613e+00
9.078084029794876386e+00,9.059560287236514853e+00,-5.557122767508460015e-02,2.458465746819626929e-02,9.779013429793112167e+00
9.077998982279627427e+00,9.059560287236514853e+00,-5.531608512933772204e-02,2.551425457468781133e-02,9.780198169445350587e+00
9.077910954581323466e+00,9.059560287236514853e+00,-5.505200203442583984e-02,2.640830949118821991e-02,9.781356307456762877e+00
9.077820062513765720e+00,9.059560287236514853e+00,-5.477932583175260106e-02,2.726762026732387767e-02,9.782488294435571774e+00
9.077726419275650827e+00,9.059560287236514853e+00,-5.449839611740792122e-02,2.809297143446798373e-02,9.783594575317060560e+00
9.077630135495068586e+00,9.059560287236514853e+00,-5.420954477566120033e-02,2.888513417467208910e-02,9.784675589399011386e+00
9.077531319273425936e+00,9.059560287236514853e+00,-5.391309611073324959e-02,2.964486649279507446e-02,9.785731770382062322e+00
9.077430076228822031e+00,9.059560287236514853e+00,-5.360936697692153530e-02,3.037291338117142914e-02,9.786763546404250391e+00
9.077326509538858446e+00,9.059560287236514853e+00,-5.329866690703077836e-02,3.107000698907569358e-02,9.787771340082045413e+00
9.077220719982902253e+00,9.059560287236514853e+00,-5.298129823916220005e-02,3.173686678685783136e-02,9.788755568547696129e+00
9.077112805983800214e+00,9.059560287236514853e+00,-5.265755624185608497e-02,3.237419973061150813e-02,9.789716643488755921e+00
9.077002863649047626e+00,9.059560287236514853e+00,-5.232772923759831940e-02,3.298270042577655659e-02,9.790654971188178735e+00
9.076890986811413597e+00,9.059560287236514853e+00,-5.199209872469623406e-02,3.356305129020853428e-02,9.791570952565512798e+00
9.076777267069036981e+00,9.059560287236514853e+00,-5.165093949756638381e-02,3.411592271298502510e-02,9.792464983215419139e+00
9.076661793824982283e+00,9.059560287236514853e+00,-5.130451976540228998e-02,3.464197321640938299e-02,9.793337453451007590e+00
9.076544654326271555e+00,9.059560287236514853e+00,-5.095310126927010685e-02,3.514184961321831224e-02,9.794188748343948703e+00
9.076425933702395810e+00,9.059560287236514853e+00,-5.059693939764287052e-02,3.561618716272363372e-02,9.795019247765081261e+00
9.076305715003297081e+00,9.059560287236514853e+00,-5.023628330034668465e-02,3.606560972961858624e-02,9.795829326429272399e+00
9.076184079236840674e+00,9.059560287236514853e+00,-4.987137600097746315e-02,3.649072993692215050e-02,9.796619353935945185e+00
9.076061105405777596e+00,9.059560287236514853e+00,-4.950245450778822942e-02,3.689214931892337290e-02,9.797389694811135641e+00
9.075936870544195401e+00,9.059560287236514853e+00,-4.912974992304164346e-02,3.727045847465859651e-02,9.798140708551617450e+00
9.075811449753468096e+00,9.059560287236514853e+00,-4.875348755085973096e-02,3.762623721819124967e-02,9.798872749667332016e+00
9.075684916237708677e+00,9.059560287236514853e+00,-4.837388700358147275e-02,3.796005472782582046e-02,9.799586167724244845e+00
9.075557341338720718e+00,9.059560287236514853e+00,-4.799116230661759630e-02,3.827246969638764540e-02,9.800281307389770546e+00
9.075428794570472135e+00,9.059560287236514853e+00,-4.760552200187184724e-02,3.856403047457490629e-02,9.800958508472703556e+00
9.075299343653071560e+00,9.059560287236514853e+00,-4.721716924967012119e-02,3.883527522017260480e-02,9.801618105970502981e+00
9.075169054546266878e+00,9.059560287236514853e+00,-4.682630192925607560e-02,3.908673204140455937e-02,9.802260430112148981e+00
9.075037991482473032e+00,9.059560287236514853e+00,-4.643311273787453786e-02,3.931891913815377393e-02,9.802885806400279733e+00
9.074906216999320208e+00,9.059560287236514853e+00,-4.603778928841606444e-02,3.953234494584734193e-02,9.803494555657431775e+00
9.074773791971733061e+00,9.059560287236514853e+00,-4.564051420565462536e-02,3.972750827614390801e-02,9.804086994070489780e+00
9.074640775643553425e+00,9.059560287236514853e+00,-4.524146522111571755e-02,3.990489845389078027e-02,9.804663433232775560e+00
9.074507225658695830e+00,9.059560287236514853e+00,-4.484081526654293270e-02,4.006499545727848499e-02,9.805224180190736050e+00
9.074373198091857162e+00,9.059560287236514853e+00,-4.443873256602692834e-02,4.020827005160043655e-02,9.805769537485574006e+00
9.074238747478768019e+00,9.059560287236514853e+00,-4.403538072675949877e-02,4.033518392674295683e-02,9.806299803199983955e+00
9.074103926845998203e+00,9.059560287236514853e+00,-4.363091882845004932e-02,4.044618983094494524e-02,9.806815271002495393e+00
9.073968787740328779e+00,9.059560287236514853e+00,-4.322550151144177732e-02,4.054173170082719935e-02,9.807316230189385919e+00
9.073833380257678272e+00,9.059560287236514853e+00,-4.281927906349025648e-02,4.062224479515208486e-02,9.807802965731662326e+00
9.073697753071600758e+00,9.059560287236514853e+00,-4.241239750525771512e-02,4.068815582325413516e-02,9.808275758317996917e+00
9.073561953461355856e+00,9.059560287236514853e+00,-4.200499867452300862e-02,4.073988307347065074e-02,9.808734884398948140e+00
9.073426027339550615e+00,9.059560287236514853e+00,-4.159722030910728563e-02,4.077783654157229876e-02,9.809180616232465511e+00
9.073290019279369290e+00,9.059560287236514853e+00,-4.118919612856331014e-02,4.080241805439754899e-02,9.809613221925834736e+00
9.073153972541380341e+00,9.059560287236514853e+00,-4.078105591459646462e-02,4.081402139668455220e-02,9.810032965482088585e+00
9.073017929099938428e+00,9.059560287236514853e+00,-4.037292559027072514e-02,4.081303243257394797e-02,9.810440106842303720e+00
9.072881929669181389e+00,9.059560287236514853e+00,-3.996492729799960841e-02,4.079982922711167248e-02,9.810834901929112561e+00
9.072746013728616887e+00,9.059560287236514853e+00,-3.955717947630610354e-02,4.077478216935048749e-02,9.811217602693044881e+00
9.072610219548321808e+00,9.059560287236514853e+00,-3.914979693542086636e-02,4.073825408852371766e-02,9.811588457153103349e+00
9.072474584213741977e+00,9.059560287236514853e+00,-3.874289093168137299e-02,4.069060037394933715e-02,9.811947709442268462e+00
9.072339143650106408e+00,9.059560287236514853e+00,-3.833656924077466499e-02,4.063216909067079996e-02,9.812295599849896632e+00
9.072203932646456082e+00,9.059560287236514853e+00,-3.793093622982368629e-02,4.056330109509787007e-02,9.812632364865274681e+00
9.072068984879292586e+00,9.059560287236514853e+00,-3.752609292833319898e-02,4.048433014904873062e-02,9.812958237220716029e+00
9.071934332935850165e+00,9.059560287236514853e+00,-3.712213709800593620e-02,4.039558303272627882e-02,9.813273445934720840e+00
9.071800008337001842e+00,9.059560287236514853e+00,-3.671916330146096641e-02,4.029737965449697867e-02,9.813578216353036510e+00
9.071666041559788951e+00,9.059560287236514853e+00,-3.631726296982229485e-02,4.019003316386715596e-02,9.813872770194045358e+00
9.071532462059595403e+00,9.059560287236514853e+00,-3.591652446924165076e-02,4.007385005806440859e-02,9.814157325588823255e+00
9.071399298291961344e+00,9.059560287236514853e+00,-3.551703316633947338e-02,3.994913029021773809e-02,9.814432097123878762e+00
9.071266577734039771e+00,9.059560287236514853e+00,-3.511887149257475471e-02,3.981616737647186710e-02,9.814697295883897610e+00
9.071134326905706757e+00,9.059560287236514853e+00,-3.472211900757571357e-02,3.967524849990411440e-02,9.814953129492328898e+00
9.071002571390321734e+00,9.059560287236514853e+00,-3.432685246142064273e-02,3.952665461550708415e-02,9.815199802154086939e+00
9.070871335855152040e+00,9.059560287236514853e+00,-3.393314585591156174e-02,3.937066055090809868e-02,9.815437514694997034e+00
9.070740644071452863e+00,9.059560287236514853e+00,-3.354107050481403007e-02,3.920753510975316658e-02,9.815666464604939634e+00
9.070610518934213218e+00,9.059560287236514853e+00,-3.315069509309509499e-02,3.903754117189350836e-02,9.815886846078798911e+00
9.070480982481582188e+00,9.059560287236514853e+00,-3.276208573520200673e-02,3.886093578930882586e-02,9.816098850054107317e+00
9.070352055913955880e+00,9.059560287236514853e+00,-3.237530603232308124e-02,3.867797028789254909e-02,9.816302664255569965e+00
9.070223759612755288e+00,9.059560287236514853e+00,-3.199041712872130461e-02,3.848889036017766330e-02,9.816498473231456856e+00
9.070096113158877316e+00,9.059560287236514853e+00,-3.160747776708738854e-02,3.829393616339160644e-02,9.816686458396304715e+00
9.069969135350840261e+00,9.059560287236514853e+00,-3.122654434297622572e-02,3.809334241111628216e-02,9.816866798068140554e+00
9.069842844222609557e+00,9.059560287236514853e+00,-3.084767095828411243e-02,3.788733846921132908e-02,9.817039667510927714e+00
9.069717257061130411e+00,9.059560287236514853e+00,-3.047090947384667459e-02,3.767614844374378436e-02,9.817205238969897607e+00
9.069592390423547812e+00,9.059560287236514853e+00,-3.009630956109887734e-02,3.745999127477972479e-02,9.817363681713681345e+00
9.069468260154136985e+00,9.059560287236514853e+00,-2.972391875286639618e-02,3.723908082324811630e-02,9.817515162070382218e+00
9.069344881400931868e+00,9.059560287236514853e+00,-2.935378249325104605e-02,3.701362596153501272e-02,9.817659843468284464e+00
9.069222268632074702e+00,9.059560287236514853e+00,-2.898594418667954642e-02,3.678383065714996292e-02,9.817797886470470914e+00
9.069100435651863634e+00,9.059560287236514853e+00,-2.862044524604634432e-02,3.654989406332020963e-02,9.817929448817274363e+00
9.068979395616535655e+00,9.059560287236514853e+00,-2.825732514006240592e-02,3.631201059839384016e-02,9.818054685458331932e+00
9.068859161049752871e+00,9.059560287236514853e+00,-2.789662143971405328e-02,3.607037003483526405e-02,9.818173748595121708e+00
9.068739743857829438e+00,9.059560287236514853e+00,-2.753836986394375685e-02,3.582515757702964265e-02,9.818286787713086383e+00
9.068621155344677831e+00,9.059560287236514853e+00,-2.718260432448893482e-02,3.557655394548220329e-02,9.818393949620993766e+00
9.068503406226488650e+00,9.059560287236514853e+00,-2.682935696992139185e-02,3.532473545675429705e-02,9.818495378486833403e+00
9.068386506646147538e+00,9.059560287236514853e+00,-2.647865822889805543e-02,3.506987410233364244e-02,9.818591215873436084e+00
9.068270466187392742e+00,9.059560287236514853e+00,-2.613053685263366788e-02,3.481213762643875498e-02,9.818681600773805584e+00
9.068155293888716884e+00,9.059560287236514853e+00,-2.578501995660609225e-02,3.455168960275756262e-02,9.818766669646151968e+00
9.068040998257005825e+00,9.059560287236514853e+00,-2.544213306147291576e-02,3.428868951331764947e-02,9.818846556451845231e+00
9.067927587280939505e+00,9.059560287236514853e+00,-2.510190013327395775e-02,3.402329281989580068e-02,9.818921392686622340e+00
9.067815068444142312e+00,9.059560287236514853e+00,-2.476434362288237878e-02,3.375565103915789678e-02,9.818991307416276015e+00
9.067703448738086536e+00,9.059560287236514853e+00,-2.442948450471504884e-02,3.348591181673299388e-02,9.819056427312018442e+00
9.067592734674761346e+00,9.059560287236514853e+00,-2.409734231473947830e-02,3.321421899755705454e-02,9.819116876682818074e+00
9.067482932299103737e+00,9.059560287236514853e+00,-2.376793518776665337e-02,3.294071269728249263e-02,9.819172777509516337e+00
9.067374047201198550e+00,9.059560287236514853e+00,-2.344127989405109247e-02,3.266552937155609015e-02,9.819224249477505495e+00
9.067266084528240455e+00,9.059560287236514853e+00,-2.311739187517680705e-02,3.238880188742854216e-02,9.819271410012252232e+00
9.067159048996282777e+00,9.059560287236514853e+00,-2.279628527930377402e-02,3.211065958730330294e-02,9.819314374308000026e+00
9.067052944901757172e+00,9.059560287236514853e+00,-2.247797299572695806e-02,3.183122835768159575e-02,9.819353255361955135e+00
9.066947776132767700e+00,9.059560287236514853e+00,-2.216246668875854198e-02,3.155063069684160837e-02,9.819388164008083564e+00
9.066843546180178848e+00,9.059560287236514853e+00,-2.184977683099198487e-02,3.126898577665571111e-02,9.819419208945664224e+00
9.066740258148485054e+00,9.059560287236514853e+00,-2.153991273591060462e-02,3.098640950813802419e-02,9.819446496772227917e+00
9.066637914766467077e+00,9.059560287236514853e+00,-2.123288258985667198e-02,3.070301460539326399e-02,9.819470132015537089e+00
9.066536518397651179e+00,9.059560287236514853e+00,-2.092869348340897773e-02,3.041891064476942574e-02,9.819490217161360945e+00
9.066436071050551604e+00,9.059560287236514853e+00,-2.062735144211025329e-02,3.013420412987244390e-02,9.819506852687762688e+00
9.066336574388721203e+00,9.059560287236514853e+00,-2.032886145661905175e-02,2.984899854912015371e-02,9.819520137092501599e+00
9.066238029740599558e+00,9.059560287236514853e+00,-2.003322751225411480e-02,2.956339443649369514e-02,9.819530166924240078e+00
9.066140438109171029e+00,9.059560287236514853e+00,-1.974045261796852913e-02,2.927748942855856740e-02,9.819537036810590536e+00
9.066043800181422085e+00,9.059560287236514853e+00,-1.945053883472169787e-02,2.899137832468312581e-02,9.819540839489961925e+00
9.065948116337622764e+00,9.059560287236514853e+00,-1.916348730332373407e-02,2.870515313979637995e-02,9.819541665836473143e+00
9.065853386660407409e+00,9.059560287236514853e+00,-1.887929827167766916e-02,2.841890316460649046e-02,9.819539604892929319e+00
9.065759610943681324e+00,9.059560287236514853e+00,-1.859797112149941256e-02,2.813271501782566020e-02,9.819534743896326745e+00
9.065666788701344458e+00,9.059560287236514853e+00,-1.831950439448881696e-02,2.784667270105956050e-02,9.819527168306571241e+00
9.065574919175839241e+00,9.059560287236514853e+00,-1.804389581797316566e-02,2.756085765156512934e-02,9.819516961833592461e+00
9.065484001346517218e+00,9.059560287236514853e+00,-1.777114233000709476e-02,2.727534879660709066e-02,9.819504206466600493e+00
9.065394033937840490e+00,9.059560287236514853e+00,-1.750124010397691166e-02,2.699022260301831011e-02,9.819488982499041896e+00
9.065305015427414403e+00,9.059560287236514853e+00,-1.723418457269865200e-02,2.670555312782596502e-02,9.819471368555127810e+00
9.065216944053844372e+00,9.059560287236514853e+00,-1.696997045198855858e-02,2.642141207100934253e-02,9.819451441619021281e+00
9.065129817824436387e+00,9.059560287236514853e+00,-1.670859176376460198e-02,2.613786882239566012e-02,9.819429277058631556e+00
9.065043634522734095e+00,9.059560287236514853e+00,-1.645004185865772683e-02,2.585499051068751442e-02,9.819404948652030285e+00
9.064958391715896013e+00,9.059560287236514853e+00,-1.619431343814348168e-02,2.557284205142451583e-02,9.819378528613281532e+00
9.064874086761919969e+00,9.059560287236514853e+00,-1.594139857621534873e-02,2.529148619281329502e-02,9.819350087616598444e+00
9.064790716816705896e+00,9.059560287236514853e+00,-1.569128874057312828e-02,2.501098356422204461e-02,9.819319694823649414e+00
9.064708278840972966e+00,9.059560287236514853e+00,-1.544397481337433931e-02,2.473139271987889742e-02,9.819287417906505055e+00
9.064626769607031065e+00,9.059560287236514853e+00,-1.519944711154863626e-02,2.445277018257030477e-02,9.819253323071022166e+00
9.064546185705395942e+00,9.059560287236514853e+00,-1.495769540664326769e-02,2.417517049053685696e-02,9.819217475083894087e+00
9.064466523551269361e+00,9.059560287236514853e+00,-1.471870894426352550e-02,2.389864623797421928e-02,9.819179937293711191e+00
9.064387779390871813e+00,9.059560287236514853e+00,-1.448247646307088132e-02,2.362324811926441726e-02,9.819140771656194033e+00
9.064309949307640224e+00,9.059560287236514853e+00,-1.424898621337611360e-02,2.334902496947677264e-02,9.819100038756101156e+00
9.064233029228285332e+00,9.059560287236514853e+00,-1.401822597531143799e-02,2.307602380646756046e-02,9.819057797831156620e+00
9.064157014928712286e+00,9.059560287236514853e+00,-1.379018307659229947e-02,2.280428987191385204e-02,9.819014106795322050e+00
9.064081902039818672e+00,9.059560287236514853e+00,-1.356484440991145846e-02,2.253386666808410155e-02,9.818969022258173140e+00
9.064007686053152213e+00,9.059560287236514853e+00,-1.334219644991208042e-02,2.226479599993780312e-02,9.818922599550026220e+00
9.063934362326440564e+00,9.059560287236514853e+00,-1.312222526977713244e-02,2.199711801349479856e-02,9.818874892743718164e+00
9.063861926089002097e+00,9.059560287236514853e+00,-1.290491655746173194e-02,2.173087123154004985e-02,9.818825954674078815e+00
9.063790372447032340e+00,9.059560287236514853e+00,-1.269025563155246061e-02,2.146609259092713273e-02,9.818775836959375169e+00
9.063719696388757185e+00,9.059560287236514853e+00,-1.247822745672699796e-02,2.120281748254626564e-02,9.818724590025819765e+00
9.063649892789484852e+00,9.059560287236514853e+00,-1.226881665890999784e-02,2.094107978170001161e-02,9.818672263122790511e+00
9.063580956416524614e+00,9.059560287236514853e+00,-1.206200754002928477e-02,2.068091188807130720e-02,9.818618904348042520e+00
9.063512881934000731e+00,9.059560287236514853e+00,-1.185778409245763498e-02,2.042234475716497855e-02,9.818564560664707841e+00
9.063445663907542027e+00,9.059560287236514853e+00,-1.165613001308152263e-02,2.016540793761123496e-02,9.818509277924530210e+00
9.063379296808875552e+00,9.059560287236514853e+00,-1.145702871708209614e-02,1.991012959994264975e-02,9.818453100882861051e+00
9.063313775020297669e+00,9.059560287236514853e+00,-1.126046335134844867e-02,1.965653657336474680e-02,9.818396073222016796e+00
9.063249092839042120e+00,9.059560287236514853e+00,-1.106641680758180257e-02,1.940465437666460957e-02,9.818338237569083304e+00
9.063185244481543279e+00,9.059560287236514853e+00,-1.087487173508527860e-02,1.915450724965239715e-02,9.818279635514567616e+00
9.063122224087596379e+00,9.059560287236514853e+00,-1.068581055324457907e-02,1.890611818406995326e-02,9.818220307630825872e+00
9.063060025724412938e+00,9.059560287236514853e+00,-1.049921546369425585e-02,1.865950895503232232e-02,9.818160293491338564e+00
9.062998643390578479e+00,9.059560287236514853e+00,-1.031506846219087947e-02,1.841470015033763730e-02,9.818099631688147255e+00
9.062938071019912556e+00,9.059560287236514853e+00,-1.013335135019310940e-02,1.817171119977700755e-02,9.818038359849584396e+00
9.062878302485231075e+00,9.059560287236514853e+00,-9.954045746148665330e-03,1.793056040444440669e-02,9.817976514658296239e+00
9.062819331602016248e+00,9.059560287236514853e+00,-9.777133096504186938e-03,1.769126496444783925e-02,9.817914131867944150e+00
9.062761152131988851e+00,9.059560287236514853e+00,-9.602594686421994652e-03,1.745384100821922857e-02,9.817851246321797731e+00
9.062703757786593428e+00,9.059560287236514853e+00,-9.430411650235726029e-03,1.721830361862686232e-02,9.817787891968391634e+00
9.062647142230394692e+00,9.059560287236514853e+00,-9.260564981639518578e-03,1.698466685962074507e-02,9.817724101877981724e+00
9.062591299084383323e+00,9.059560287236514853e+00,-9.093035543605409998e-03,1.675294380341085798e-02,9.817659908259805945e+00
9.062536221929198277e+00,9.059560287236514853e+00,-8.927804078050272096e-03,1.652314655551379019e-02,9.817595342477464015e+00
9.062481904308260283e+00,9.059560287236514853e+00,-8.764851215236291182e-03,1.629528628139809143e-02,9.817530435066162298e+00
9.062428339730828952e+00,9.059560287236514853e+00,-8.604157482942298429e-03,1.606937322939927526e-02,9.817465215746457474e+00
9.062375521674972845e+00,9.059560287236514853e+00,-8.445703315373975784e-03,1.584541675683226458e-02,9.817399713441458786e+00
9.062323443590461380e+00,9.059560287236514853e+00,-8.289469061839582764e-03,1.562342535343930194e-02,9.817333956291600217e+00
9.062272098901578588e+00,9.059560287236514853e+00,-8.135434995191204166e-03,1.540340666483785981e-02,9.817267971669647153e+00
9.062221481009862245e+00,9.059560287236514853e+00,-7.983581320042176799e-03,1.518536751490273673e-02,9.817201786194861057e+00
9.062171583296764865e+00,9.059560287236514853e+00,-7.833888180750037122e-03,1.496931392921396764e-02,9.817135425748464428e+00
9.062122399126243621e+00,9.059560287236514853e+00,-7.686335669186306063e-03,1.475525115637310591e-02,9.817068915487187297e+00
9.062073921847270341e+00,9.059560287236514853e+00,-7.540903832266465656e-03,1.454318369198404071e-02,9.817002279859718072e+00
9.062026144796282878e+00,9.059560287236514853e+00,-7.397572679304076360e-03,1.433311529623892966e-02,9.816935542616935351e+00
9.061979061299556548e+00,9.059560287236514853e+00,-7.256322189125086197e-03,1.412504901789901623e-02,9.816868726828774427e+00
9.061932664675513394e+00,9.059560287236514853e+00,-7.117132316995622432e-03,1.391898721294637653e-02,9.816801854895951251e+00
9.061886948236960393e+00,9.059560287236514853e+00,-6.979983001336620418e-03,1.371493156590020135e-02,9.816734948564564078e+00
9.061841905293263721e+00,9.059560287236514853e+00,-6.844854170246605918e-03,1.351288310900145007e-02,9.816668028938755342e+00
9.061797529152460839e+00,9.059560287236514853e+00,-6.711725747837959943e-03,1.331284224086459744e-02,9.816601116493027135e+00
9.061753813123306855e+00,9.059560287236514853e+00,-6.580577660376007998e-03,1.311480874619519454e-02,9.816534231085819684e+00
9.061710750517262269e+00,9.059560287236514853e+00,-6.451389842242249983e-03,1.291878181337580145e-02,9.816467391971134049e+00
9.061668334650414991e+00,9.059560287236514853e+00,-6.324142241700414502e-03,1.272476005418354816e-02,9.816400617812483631e+00
9.061626558845349066e+00,9.059560287236514853e+00,-6.198814826502641040e-03,1.253274151977734618e-02,9.816333926693275203e+00
9.061585416432951234e+00,9.059560287236514853e+00,-6.075387589309144687e-03,1.234272371934963530e-02,9.816267336130040988e+00
9.061544900754167742e+00,9.059560287236514853e+00,-5.953840552958666876e-03,1.215470363504778106e-02,9.816200863082089612e+00
9.061505005161691884e+00,9.059560287236514853e+00,-5.834153775531092379e-03,1.196867774275744978e-02,9.816134523967226855e+00
9.061465723021612462e+00,9.059560287236514853e+00,-5.716307355292826742e-03,1.178464202382656367e-02,9.816068334668534234e+00
9.061427047715000072e+00,9.059560287236514853e+00,-5.600281435455656265e-03,1.160259198371704770e-02,9.816002310548261889e+00
9.061388972639441874e+00,9.059560287236514853e+00,-5.486056208781064925e-03,1.142252266745913403e-02,9.815936466458678566e+00
9.061351491210530185e+00,9.059560287236514853e+00,-5.373611922045995470e-03,1.124442867350694542e-02,9.815870816751461447e+00
9.061314596863294213e+00,9.059560287236514853e+00,-5.262928880338080262e-03,1.106830417079152085e-02,9.815805375290453938e+00
9.061278283053587401e+00,9.059560287236514853e+00,-5.153987451217645344e-03,1.089414291204349183e-02,9.815740155460826344e+00
9.061242543259426796e+00,9.059560287236514853e+00,-5.046768068735829615e-03,1.072193824818157282e-02,9.815675170179446241e+00
9.061207370982282683e+00,9.059560287236514853e+00,-4.941251237303490029e-03,1.055168314323395862e-02,9.815610431905930966e+00
9.061172759748329142e+00,9.059560287236514853e+00,-4.837417535442867234e-03,1.038337018606227957e-02,9.815545952650619910e+00
9.061138703109641312e+00,9.059560287236514853e+00,-4.735247619379379103e-03,1.021699160634881309e-02,9.815481743986969931e+00
9.061105194645351801e+00,9.059560287236514853e+00,-4.634722226510845644e-03,1.005253928685334586e-02,9.815417817060342998e+00
9.061072227962768011e+00,9.059560287236514853e+00,-4.535822178759474355e-03,9.890004775137128945e-03,9.815354182596378152e+00
9.061039796698445059e+00,9.059560287236514853e+00,-4.438528385790618813e-03,9.729379296885554140e-03,9.815290850911095433e+00
9.061007894519212513e+00,9.059560287236514853e+00,-4.342821848092981440e-03,9.570653769763737273e-03,9.815227831921671253e+00
9.060976515123172703e+00,9.059560287236514853e+00,-4.248683659973551130e-03,9.413818811943031051e-03,9.815165135151969977e+00
9.060945652240647519e+00,9.059560287236514853e+00,-4.156095012397997834e-03,9.258864757555329561e-03,9.815102769745157829e+00
9.060915299635096787e+00,9.059560287236514853e+00,-4.065037195745802023e-03,9.105781665219581100e-03,9.815040744469474276e+00
9.060885451103994015e+00,9.059560287236514853e+00,-3.975491602437486449e-03,8.954559330831557418e-03,9.814979067728394568e+00
9.060856100479663056e+00,9.059560287236514853e+00,-3.887439729444608361e-03,8.805187299287808855e-03,9.814917747569843698e+00
9.060827241630089901e+00,9.059560287236514853e+00,-3.800863180725144730e-03,8.657654871946363073e-03,9.814856791691221716e+00
9.060798868459684741e+00,9.059560287236514853e+00,-3.715743669509663505e-03,8.511951121548122501e-03,9.814796207452038956e+00
9.060770974910026254e+00,9.059560287236514853e+00,-3.632063020534204156e-03,8.368064897545934855e-03,9.814736001877012228e+00
9.060743554960554391e+00,9.059560287236514853e+00,-3.549803172118615180e-03,8.225984841558897642e-03,9.814676181669440780e+00
9.060716602629248939e+00,9.059560287236514853e+00,-3.468946178202259034e-03,8.085699391635614575e-03,9.814616753213433853e+00
9.060690111973265459e+00,9.059560287236514853e+00,-3.389474210251819386e-03,7.947196795043964812e-03,9.814557722584792643e+00
9.060664077089541024e+00,9.059560287236514853e+00,-3.311369559078514158e-03,7.810465117330522844e-03,9.814499095558252506e+00
9.060638492115371534e+00,9.059560287236514853e+00,-3.234614636570043444e-03,7.675492250847071318e-03,9.814440877614277525e+00
9.060613351228964163e+00,9.059560287236514853e+00,-3.159191977347930447e-03,7.542265922211299767e-03,9.814383073944863867e+00
9.060588648649950727e+00,9.059560287236514853e+00,-3.085084240307622849e-03,7.410773704030759745e-03,9.814325689463723634e+00
9.060564378639883287e+00,9.059560287236514853e+00,-3.012274210105303496e-03,7.281003020231935352e-03,9.814268728810127129e+00
9.060540535502697779e+00,9.059560287236514853e+00,-2.940744798548777794e-03,7.152941155652570160e-03,9.814212196357104290e+00
9.060517113585147442e+00,9.059560287236514853e+00,-2.870479045897766923e-03,7.026575265101087098e-03,9.814156096219203818e+00
9.060494107277218490e+00,9.059560287236514853e+00,-2.801460122110910334e-03,6.901892378685658969e-03,9.814100432256575246e+00
9.060471511012515577e+00,9.059560287236514853e+00,-2.733671328002174050e-03,6.778879410873628331e-03,9.814045208082871952e+00
9.060449319268620627e+00,9.059560287236514853e+00,-2.667096096317322917e-03,6.657523168485113274e-03,9.813990427072168288e+00
9.060427526567433887e+00,9.059560287236514853e+00,-2.601717992757102138e-03,6.537810356022077940e-03,9.813936092363265473e+00
9.060406127475483018e+00,9.059560287236514853e+00,-2.537520716904495544e-03,6.419727585260659453e-03,9.813882206868356661e+00
9.060385116604219746e+00,9.059560287236514853e+00,-2.474488103114680371e-03,6.303261378981517282e-03,9.813828773275867334e+00
9.060364488610282763e+00,9.059560287236514853e+00,-2.412604121303729698e-03,6.188398181095067230e-03,9.813775794059791835e+00
9.060344238195751743e+00,9.059560287236514853e+00,-2.351852877710669532e-03,6.075124359306016686e-03,9.813723271481595845e+00
9.060324360108369390e+00,9.059560287236514853e+00,-2.292218615563612616e-03,5.963426214705691564e-03,9.813671207599142576e+00
9.060304849141747496e+00,9.059560287236514853e+00,-2.233685715697930618e-03,5.853289986568199765e-03,9.813619604270870767e+00
9.060285700135551679e+00,9.059560287236514853e+00,-2.176238697110477460e-03,5.744701858745315803e-03,9.813568463161635336e+00
9.060266907975673689e+00,9.059560287236514853e+00,-2.119862217476509159e-03,5.637647963396830164e-03,9.813517785745920818e+00
9.060248467594369970e+00,9.059560287236514853e+00,-2.064541073565351326e-03,5.532114391115783292e-03,9.813467573317550929e+00
9.060230373970396656e+00,9.059560287236514853e+00,-2.010260201645408529e-03,5.428087191994279692e-03,9.813417826990349369e+00
9.060212622129123261e+00,9.059560287236514853e+00,-1.957004677825224803e-03,5.325552382018372555e-03,9.813368547704193645e+00
9.060195207142619722e+00,9.059560287236514853e+00,-1.904759718314608108e-03,5.224495951061669530e-03,9.813319736232747559e+00
9.060178124129739885e+00,9.059560287236514853e+00,-1.853510679675096640e-03,5.124903863951146832e-03,9.813271393184276548e+00
9.060161368256178349e+00,9.059560287236514853e+00,-1.803243058990489089e-03,5.026762068460755017e-03,9.813223519009470763e+00
9.060144934734518429e+00,9.059560287236514853e+00,-1.753942494010729547e-03,4.930056497975954244e-03,9.813176114003965722e+00
9.060128818824258801e+00,9.059560287236514853e+00,-1.705594763231843558e-03,4.834773077888598891e-03,9.813129178314657253e+00
9.060113015831829486e+00,9.059560287236514853e+00,-1.658185785943899759e-03,4.740897728794379873e-03,9.813082711942850977e+00
9.060097521110595409e+00,9.059560287236514853e+00,-1.611701622241668019e-03,4.648416370223173999e-03,9.813036714747982003e+00
9.060082330060835076e+00,9.059560287236514853e+00,-1.566128472960670592e-03,4.557314928099742701e-03,9.812991186455139569e+00
9.060067438129721040e+00,9.059560287236514853e+00,-1.521452679618562343e-03,4.467579334210824982e-03,9.812946126654592760e+00
9.060052840811271935e+00,9.059560287236514853e+00,-1.477660724271245840e-03,4.379195534731650241e-03,9.812901534810460902e+00
9.060038533646304515e+00,9.059560287236514853e+00,-1.434739229368986457e-03,4.292149490225938280e-03,9.812857410260857449e+00
9.060024512222362603e+00,9.059560287236514853e+00,-1.392674957543249548e-03,4.206427182573690970e-03,9.812813752225030939e+00
9.060010772173644256e+00,9.059560287236514853e+00,-1.351454811388208554e-03,4.122014615504099311e-03,9.812770559804116388e+00
9.059997309180905845e+00,9.059560287236514853e+00,-1.311065833172975204e-03,4.038897821523335097e-03,9.812727831988350857e+00
9.059984118971366129e+00,9.059560287236514853e+00,-1.271495204553829694e-03,3.957062861914550922e-03,9.812685567657361219e+00
9.059971197318592573e+00,9.059560287236514853e+00,-1.232730246233160187e-03,3.876495832066950697e-03,9.812643765585834288e+00
9.059958540042376995e+00,9.059560287236514853e+00,-1.194758417586427868e-03,3.797182864673231961e-03,9.812602424447087301e+00
9.059946143008605901e+00,9.059560287236514853e+00,-1.157567316273144797e-03,3.719110131328307034e-03,9.812561542815055660e+00
9.059934002129116593e+00,9.059560287236514853e+00,-1.121144677805219203e-03,3.642263846792559434e-03,9.812521119168987838e+00
9.059922113361544405e+00,9.059560287236514853e+00,-1.085478375088655412e-03,3.566630271656379136e-03,9.812481151896568221e+00
9.059910472709161056e+00,9.059560287236514853e+00,-1.050556417938608433e-03,3.492195715004697831e-03,9.812441639297066587e+00
9.059899076220707670e+00,9.059560287236514853e+00,-1.016366952578451333e-03,3.418946536015710080e-03,9.812402579583437756e+00
9.059887919990213589e+00,9.059560287236514853e+00,-9.828982610962100352e-04,3.346869148224129731e-03,9.812363970887128417e+00
9.059877000156808080e+00,9.059560287236514853e+00,-9.501387608796818540e-04,3.275950021652818123e-03,9.812325811260773634e+00
9.059866312904528485e+00,9.059560287236514853e+00,-9.180770040408958721e-04,3.206175683878598193e-03,9.812288098679838200e+00
9.059855854462115943e+00,9.059560287236514853e+00,-8.867016768032698337e-04,3.137532723762603837e-03,9.812250831046959831e+00
9.059845621102809332e+00,9.059560287236514853e+00,-8.560015988834379641e-04,3.070007791983186962e-03,9.812214006193100246e+00
9.059835609144121449e+00,9.059560287236514853e+00,-8.259657228197880841e-04,3.003587606364988005e-03,9.812177621883545697e+00
9.059825814947622291e+00,9.059560287236514853e+00,-7.965831333223150068e-04,2.938258949747307724e-03,9.812141675816425490e+00
9.059816234918704581e+00,9.059560287236514853e+00,-7.678430465691832296e-04,2.874008675313177719e-03,9.812106165628744492e+00
9.059806865506349283e+00,9.059560287236514853e+00,-7.397348095032896254e-04,2.810823706589360427e-03,9.812071088897086568e+00
9.059797703202884023e+00,9.059560287236514853e+00,-7.122478991075098520e-04,2.748691039577977335e-03,9.812036443140470965e+00
9.059788744543732619e+00,9.059560287236514853e+00,-6.853719216532994096e-04,2.687597745421044237e-03,9.812002225823768242e+00
9.059779986107164618e+00,9.059560287236514853e+00,-6.590966119492946973e-04,2.627530970400471233e-03,9.811968434358451674e+00
9.059771424514032390e+00,9.059560287236514853e+00,-6.334118325526105764e-04,2.568477939668412091e-03,9.811935066107116299e+00
9.059763056427510008e+00,9.059560287236514853e+00,-6.083075729854670044e-04,2.510425956714357199e-03,9.811902118383729388e+00
9.059754878552826796e+00,9.059560287236514853e+00,-5.837739489358284573e-04,2.453362404963854715e-03,9.811869588456028524e+00
9.059746887636988433e+00,9.059560287236514853e+00,-5.598012014207398579e-04,2.397274751508859936e-03,9.811837473550088617e+00
9.059739080468505179e+00,9.059560287236514853e+00,-5.363796959709787870e-04,2.342150544976107085e-03,9.811805770849005626e+00
9.059731453877107654e+00,9.059560287236514853e+00,-5.134999217784042003e-04,2.287977419257458678e-03,9.811774477497479552e+00
9.059724004733459068e+00,9.059560287236514853e+00,-4.911524908326470040e-04,2.234743094575719624e-03,9.811743590603743570e+00
9.059716729948871006e+00,9.059560287236514853e+00,-4.693281370684587728e-04,2.182435376418823125e-03,9.811713107239350862e+00
9.059709626475006772e+00,9.059560287236514853e+00,-4.480177154757569724e-04,2.131042159270180036e-03,9.811683024443794920e+00
9.059702691303586519e+00,9.059560287236514853e+00,-4.272122012149992543e-04,2.080551426075771815e-03,9.811653339224861270e+00
9.059695921466088819e+00,9.059560287236514853e+00,-4.069026887218996080e-04,2.030951249309964624e-03,9.811624048560588562e+00
9.059689314033446905e+00,9.059560287236514853e+00,-3.870803907961573032e-04,1.982229792574230487e-03,9.811595149401778571e+00
9.059682866115746691e+00,9.059560287236514853e+00,-3.677366376955149008e-04,1.934375310064240239e-03,9.811566638672369223e+00
9.059676574861912357e+00,9.059560287236514853e+00,-3.488628761925127719e-04,1.887376150300212885e-03,9.811538513274108197e+00
9.059670437459406145e+00,9.059560287236514853e+00,-3.304506686738761800e-04,1.841220751863659189e-03,9.811510770083190280e+00
9.059664451133908614e+00,9.059560287236514853e+00,-3.124916921812825876e-04,1.795897649259359241e-03,9.811483405957078574e+00
9.059658613149006001e+00,9.059560287236514853e+00,-2.949777374734452451e-04,1.751395470783734254e-03,9.811456417733310786e+00
9.059652920805877585e+00,9.059560287236514853e+00,-2.779007080881967795e-04,1.707702938524846559e-03,9.811429802230437147e+00
9.059647371442972386e+00,9.059560287236514853e+00,-2.612526193725983603e-04,1.664808871559841918e-03,9.811403556252187741e+00
9.059641962435691198e+00,9.059560287236514853e+00,-2.450255975290360766e-04,1.622702184356228372e-03,9.811377676586827690e+00
9.059636691196068625e+00,9.059560287236514853e+00,-2.292118786613173143e-04,1.581371886771876234e-03,9.811352160008111056e+00
9.059631555172448003e+00,9.059560287236514853e+00,-2.138038077994508512e-04,1.540807086186646302e-03,9.811327003278387693e+00
9.059626551849154552e+00,9.059560287236514853e+00,-1.987938379190978821e-04,1.500996988035296908e-03,9.811302203150116696e+00
9.059621678746175633e+00,9.059560287236514853e+00,-1.841745289823393250e-04,1.461930893675855714e-03,9.811277756364694014e+00
9.059616933418833895e+00,9.059560287236514853e+00,-1.699385469571268459e-04,1.423598202521247913e-03,9.811253659655564618e+00
9.059612313457456878e+00,9.059560287236514853e+00,-1.560786628260757425e-04,1.385988413105110340e-03,9.811229909750279532e+00
9.059607816487055487e+00,9.059560287236514853e+00,-1.425877516219031804e-04,1.349091120417256207e-03,9.811206503368795850e+00
9.059603440166991817e+00,9.059560287236514853e+00,-1.294587914308920062e-04,1.312896019101117417e-03,9.811183437227670723e+00
9.059599182190650524e+00,9.059560287236514853e+00,-1.166848624070127016e-04,1.277392902387930462e-03,9.811160708039981415e+00
9.059595040285111978e+00,9.059560287236514853e+00,-1.042591457913744080e-04,1.242571661563829366e-03,9.811138312515772952e+00
9.059591012210825411e+00,9.059560287236514853e+00,-9.217492293167595108e-05,1.208422285969845689e-03,9.811116247363038667e+00
9.059587095761274966e+00,9.059560287236514853e+00,-8.042557428034058375e-05,1.174934865133536732e-03,9.811094509290853694e+00
9.059583288762654618e+00,9.059560287236514853e+00,-6.900457841929608094e-05,1.142099586104450282e-03,9.811073095007685652e+00
9.059579589073534223e+00,9.059560287236514853e+00,-5.790551105810948229e-05,1.109906736118659865e-03,9.811052001225061048e+00
9.059575994584536218e+00,9.059560287236514853e+00,-4.712204406409625790e-05,1.078346699401322439e-03,9.811031224655337724e+00
9.059572503218003448e+00,9.059560287236514853e+00,-3.664794446578412135e-05,1.047409959831213655e-03,9.811010762015365927e+00
9.059569112927672307e+00,9.059560287236514853e+00,-2.647707347236405440e-05,1.017087099342006695e-03,9.810990610025870140e+00
9.059565821698344124e+00,9.059560287236514853e+00,-1.660338548781226109e-05,9.873687984551793306e-04,9.810970765412967864e+00
9.059562627545558300e+00,9.059560287236514853e+00,-7.020927130341192424e-06,9.582458357471068666e-04,9.810951224908617263e+00
9.059559528515261917e+00,9.059560287236514853e+00,2.276163758807570048e-06,9.297090889148762471e-04,9.810931985252674181e+00
9.059556522683491764e+00,9.059560287236514853e+00,1.129365906926693697e-05,9.017495310459366920e-04,9.810913043190115701e+00
9.059553608156040383e+00,9.059560287236514853e+00,2.003724142340956860e-05,8.743582354142631630e-04,9.810894395476838170e+00
9.059550783068136326e+00,9.059560287236514853e+00,2.851250513558056809e-05,8.475263712170999497e-04,9.810876038876353178e+00
9.059548045584120857e+00,9.059560287236514853e+00,3.672495718198831582e-05,8.212452046407747730e-04,9.810857970161823260e+00
9.059545393897121102e+00,9.059560287236514853e+00,4.468001818125344471e-05,7.955060999265128885e-04,9.810840186118108264e+00
9.059542826228733858e+00,9.059560287236514853e+00,5.238302334298339247e-05,7.703005161729947758e-04,9.810822683539516476e+00
9.059540340828700522e+00,9.059560287236514853e+00,5.983922344299230645e-05,7.456200100008913978e-04,9.810805459233444381e+00
9.059537935974589118e+00,9.059560287236514853e+00,6.705378577720466637e-05,7.214562334212359929e-04,9.810788510019198938e+00
9.059535609971479886e+00,9.059560287236514853e+00,7.403179510490076609e-05,6.978009327696099717e-04,9.810771832727875008e+00
9.059533361151643760e+00,9.059560287236514853e+00,8.077825461327847734e-05,6.746459508377711245e-04,9.810755424205451547e+00
9.059531187874227953e+00,9.059560287236514853e+00,8.729808686069873147e-05,6.519832247420254134e-04,9.810739281311603222e+00
9.059529088524943319e+00,9.059560287236514853e+00,9.359613471460193068e-05,6.298047853903199211e-04,9.810723400920105419e+00
9.059527061515751711e+00,9.059560287236514853e+00,9.967716228942435919e-05,6.081027574822428505e-04,9.810707779919772165e+00
9.059525105284551572e+00,9.059560287236514853e+00,1.055458558898436650e-04,5.868693600419305767e-04,9.810692415215932272e+00
9.059523218294872393e+00,9.059560287236514853e+00,1.112068249273789888e-04,5.660969037535323878e-04,9.810677303728681409e+00
9.059521399035565636e+00,9.059560287236514853e+00,1.166646028476492347e-04,5.457777920270245886e-04,9.810662442394875171e+00
9.059519646020499195e+00,9.059560287236514853e+00,1.219236480469731987e-04,5.259045199323963971e-04,9.810647828167979867e+00
9.059517957788250087e+00,9.059560287236514853e+00,1.269883447942987686e-04,5.064696747325569959e-04,9.810633458019527353e+00
9.059516332901802471e+00,9.059560287236514853e+00,1.318630041371449124e-04,4.874659342846143772e-04,9.810619328938422257e+00
9.059514769948249224e+00,9.059560287236514853e+00,1.365518647968855248e-04,4.688860659740612391e-04,9.810605437930771444e+00
9.059513267538488179e+00,9.059560287236514853e+00,1.410590940800204862e-04,4.507229283134961406e-04,9.810591782022394014e+00
9.059511824306929029e+00,9.059560287236514853e+00,1.453887887574722981e-04,4.329694677451811913e-04,9.810578358256503151e+00
9.059510438911196673e+00,9.059560287236514853e+00,1.495449759545408597e-04,4.156187197068561545e-04,9.810565163695661894e+00
9.059509110031832790e+00,9.059560287236514853e+00,1.535316140461873147e-04,3.986638091646454995e-04,9.810552195423211330e+00
9.059507836372011624e+00,9.059560287236514853e+00,1.573525935096853345e-04,3.820979463498019868e-04,9.810539450539859985e+00
9.059506616657245104e+00,9.059560287236514853e+00,1.610117378092468243e-04,3.659144299561489788e-04,9.810526926167765893e+00
9.059505449635095076e+00,9.059560287236514853e+00,1.645128042593313467e-04,3.501066450084522330e-04,9.810514619449268281e+00
9.059504334074889087e+00,9.059560287236514853e+00,1.678594848772974046e-04,3.346680617966057980e-04,9.810502527546674401e+00
9.059503268767437945e+00,9.059560287236514853e+00,1.710554072307246543e-04,3.195922353427249618e-04,9.810490647642573947e+00
9.059502252524751498e+00,9.059560287236514853e+00,1.741041352900651873e-04,3.048728059340533036e-04,9.810478976941224616e+00
9.059501284179759750e+00,9.059560287236514853e+00,1.770091702653076027e-04,2.905034975242415385e-04,9.810467512667790047e+00
9.059500362586033972e+00,9.059560287236514853e+00,1.797739514426410778e-04,2.764781177333475171e-04,9.810456252069176486e+00
9.059499486617514918e+00,9.059560287236514853e+00,1.824018569998031580e-04,2.627905557162080186e-04,9.810445192412716509e+00
9.059498655168237491e+00,9.059560287236514853e+00,1.848962048320856866e-04,2.494347832282528543e-04,9.810434330988060836e+00
9.059497867152058959e+00,9.059560287236514853e+00,1.872602533676825942e-04,2.364048535596907641e-04,9.810423665106927871e+00
9.059497121502390726e+00,9.059560287236514853e+00,1.894972023723795473e-04,2.236949004696953125e-04,9.810413192102842572e+00
9.059496417171933658e+00,9.059560287236514853e+00,1.916101937435854552e-04,2.112991371205907853e-04,9.810402909330864674e+00
9.059495753132409845e+00,9.059560287236514853e+00,1.936023123150221181e-04,1.992118571436662933e-04,9.810392814169459186e+00
9.059495128374301487e+00,9.059560287236514853e+00,1.954765866400975938e-04,1.874274325075475645e-04,9.810382904019148143e+00
9.059494541906595089e+00,9.059560287236514853e+00,1.972359897592923517e-04,1.759403119194757892e-04,9.810373176301679266e+00
9.059493992756520342e+00,9.059560287236514853e+00,1.988834399835326394e-04,1.647450224240287753e-04,9.810363628462408059e+00
9.059493479969290775e+00,9.059560287236514853e+00,2.004218016722347784e-04,1.538361688702138963e-04,9.810354257970542946e+00
9.059493002607858614e+00,9.059560287236514853e+00,2.018538859687168951e-04,1.432084296482116770e-04,9.810345062315617426e+00
9.059492559752657215e+00,9.059560287236514853e+00,2.031824515729141467e-04,1.328565604197251560e-04,9.810336039011993137e+00
9.059492150501357699e+00,9.059560287236514853e+00,2.044102054714613814e-04,1.227753898547234712e-04,9.810327185595326682e+00
9.059491773968618489e+00,9.059560287236514853e+00,2.055398036890920821e-04,1.129598217630700674e-04,9.810318499625452660e+00
9.059491429285841946e+00,9.059560287236514853e+00,2.065738520187210270e-04,1.034048329628944884e-04,9.810309978684982113e+00
9.059491115600932787e+00,9.059560287236514853e+00,2.075149067461978802e-04,9.410547274768532588e-05,9.810301620379494381e+00
9.059490832078061828e+00,9.059560287236514853e+00,2.083654753590735709e-04,8.505686128756906328e-05,9.810293422336647140e+00
9.059490577897424401e+00,9.059560287236514853e+00,2.091280172713538832e-04,7.625419122803123173e-05,9.810285382208499882e+00
9.059490352255007650e+00,9.059560287236514853e+00,2.098049445216076947e-04,6.769272502538115077e-05,9.810277497669547486e+00
9.059490154362357828e+00,9.059560287236514853e+00,2.103986224710752140e-04,5.936779494675192836e-05,9.810269766417418325e+00
9.059489983446349370e+00,9.059560287236514853e+00,2.109113704964471481e-04,5.127480253719340908e-05,9.810262186173034138e+00
9.059489838748959301e+00,9.059560287236514853e+00,2.113454626666566583e-04,4.340921702095101864e-05,9.810254754679688105e+00
9.059489719527036300e+00,9.059560287236514853e+00,2.117031284356585275e-04,3.576657690018691937e-05,9.810247469705336343e+00
9.059489625052083994e+00,9.059560287236514853e+00,2.119865532925757634e-04,2.834248569172359566e-05,9.810240329038984797e+00
9.059489554610035356e+00,9.059560287236514853e+00,2.121978794384915545e-04,2.113261459157911304e-05,9.810233330494030568e+00
9.059489507501035988e+00,9.059560287236514853e+00,2.123392064365958731e-04,1.413269981043185908e-05,9.810226471906247525e+00
9.059489483039227409e+00,9.059560287236514853e+00,2.124125918623320786e-04,7.338542573620543408e-06,9.810219751134436450e+00
9.059489480552532115e+00,9.059560287236514853e+00,2.124200519482144500e-04,7.460085882371458865e-07,9.810213166060536949e+00
9.059489499382443967e+00,9.059560287236514853e+00,2.123635622126585076e-04,-5.648973555594238860e-06,9.810206714588657562e+00
9.059489538883815030e+00,9.059560287236514853e+00,2.122450580994694747e-04,-1.185041131890329780e-05,9.810200394646781064e+00
9.059489598424649515e+00,9.059560287236514853e+00,2.120664355960144576e-04,-1.786225034550170676e-05,9.810194204185251010e+00
9.059489677385903050e+00,9.059560287236514853e+00,2.118295518354074147e-04,-2.368837606070428592e-05,9.810188141175775201e+00
9.059489775161274849e+00,9.059560287236514853e+00,2.115362257200104068e-04,-2.933261153970079249e-05,9.810182203614180807e+00
9.059489891157006980e+00,9.059560287236514853e+00,2.111882385236185655e-04,-3.479871963918412803e-05,9.810176389518884932e+00
9.059490024791690743e+00,9.059560287236514853e+00,2.107873344723287801e-04,-4.009040512897854569e-05,9.810170696929343848e+00
9.059490175496067721e+00,9.059560287236514853e+00,2.103352213413955951e-04,-4.521131309331849479e-05,9.810165123908248574e+00
9.059490342712836153e+00,9.059560287236514853e+00,2.098335710360998974e-04,-5.016503052956977626e-05,9.810159668540507028e+00
9.059490525896459090e+00,9.059560287236514853e+00,2.092840201672885314e-04,-5.495508688113659446e-05,9.810154328933286649e+00
9.059490724512974325e+00,9.059560287236514853e+00,2.086881706215848453e-04,-5.958495457036860898e-05,9.810149103216051714e+00
9.059490938039811425e+00,9.059560287236514853e+00,2.080475901102829539e-04,-6.405805113018914199e-05,9.810143989538980591e+00
9.059491165965603443e+00,9.059560287236514853e+00,2.073638127342292137e-04,-6.837773760537402268e-05,9.810138986075129353e+00
9.059491407790002171e+00,9.059560287236514853e+00,2.066383395380455568e-04,-7.254731961836569099e-05,9.810134091019920177e+00
9.059491663023502284e+00,9.059560287236514853e+00,2.058726390377074722e-04,-7.657005003380845665e-05,9.810129302589004396e+00
9.059491931187261926e+00,9.059560287236514853e+00,2.050681477587801282e-04,-8.044912789273439557e-05,9.810124619019866543e+00
9.059492211812923301e+00,9.059560287236514853e+00,2.042262707746544947e-04,-8.418769841256334985e-05,9.810120038572362589e+00
9.059492504442442140e+00,9.059560287236514853e+00,2.033483822181381129e-04,-8.778885565163818683e-05,9.810115559526566997e+00
9.059492808627913618e+00,9.059560287236514853e+00,2.024358258037040059e-04,-9.125564144341069550e-05,9.810111180184360791e+00
9.059493123931403602e+00,9.059560287236514853e+00,2.014899153337523785e-04,-9.459104699516274195e-05,9.810106898868339087e+00
9.059493449924779895e+00,9.059560287236514853e+00,2.005119352048723158e-04,-9.779801288800626935e-05,9.810102713922317363e+00
9.059493786189548814e+00,9.059560287236514853e+00,1.995031408981162713e-04,-1.008794306756044534e-04,9.810098623710223009e+00
9.059494132316688209e+00,9.059560287236514853e+00,1.984647594799326953e-04,-1.038381418183575988e-04,9.810094626617662072e+00
9.059494487906489368e+00,9.059560287236514853e+00,1.973979900764533113e-04,-1.066769403479383982e-04,9.810090721049729012e+00
9.059494852568395373e+00,9.059560287236514853e+00,1.963040043584385330e-04,-1.093985718014778286e-04,9.810086905432557458e+00
9.059495225920844774e+00,9.059560287236514853e+00,1.951839470102356699e-04,-1.120057348202863068e-04,9.810083178212190447e+00
9.059495607591115274e+00,9.059560287236514853e+00,1.940389361987371331e-04,-1.145010811498536896e-04,9.810079537855049381e+00
9.059495997215172736e+00,9.059560287236514853e+00,1.928700640263514288e-04,-1.168872172385704289e-04,9.810075982846788278e+00
9.059496394437514866e+00,9.059560287236514853e+00,1.916783969999613646e-04,-1.191667026390064166e-04,9.810072511694361452e+00
9.059496798911025550e+00,9.059560287236514853e+00,1.904649764679078316e-04,-1.213420532053532952e-04,9.810069122923263052e+00
9.059497210296829195e+00,9.059560287236514853e+00,1.892308190569735871e-04,-1.234157410934244581e-04,9.810065815077964047e+00
9.059497628264139735e+00,9.059560287236514853e+00,1.879769171253542481e-04,-1.253901931619338939e-04,9.810062586723963918e+00
9.059498052490123854e+00,9.059560287236514853e+00,1.867042391729967221e-04,-1.272677952357526010e-04,9.810059436443937742e+00
9.059498482659751772e+00,9.059560287236514853e+00,1.854137302892411299e-04,-1.290508883755592251e-04,9.810056362841914179e+00
9.059498918465664019e+00,9.059560287236514853e+00,1.841063125525010946e-04,-1.307417736740035252e-04,9.810053364538878995e+00
9.059499359608029323e+00,9.059560287236514853e+00,1.827828854565893835e-04,-1.323427095911711149e-04,9.810050440175865916e+00
9.059499805794413163e+00,9.059560287236514853e+00,1.814443263050691257e-04,-1.338559151520257728e-04,9.810047588411153541e+00
9.059500256739637436e+00,9.059560287236514853e+00,1.800914906322503839e-04,-1.352835672818741841e-04,9.810044807923350874e+00
9.059500712165654335e+00,9.059560287236514853e+00,1.787252125815541604e-04,-1.366278050696223545e-04,9.810042097407512429e+00
9.059501171801411346e+00,9.059560287236514853e+00,1.773463053105217568e-04,-1.378907271032403514e-04,9.810039455578207779e+00
9.059501635382726903e+00,9.059560287236514853e+00,1.759555613638497107e-04,-1.390743946672046150e-04,9.810036881166697142e+00
9.059502102652158939e+00,9.059560287236514853e+00,1.745537530677410132e-04,-1.401808296108697505e-04,9.810034372923457369e+00
9.059502573358884092e+00,9.059560287236514853e+00,1.731416328922819048e-04,-1.412120175459108395e-04,9.810031929615346868e+00
9.059503047258569808e+00,9.059560287236514853e+00,1.717199338351349525e-04,-1.421699057146952327e-04,9.810029550028120937e+00
9.059503524113258877e+00,9.059560287236514853e+00,1.702893697679286333e-04,-1.430564067206319123e-04,9.810027232963047794e+00
9.059504003691243312e+00,9.059560287236514853e+00,1.688506358146213415e-04,-1.438733953307291813e-04,9.810024977240484390e+00
9.059504485766952442e+00,9.059560287236514853e+00,1.674044086872328307e-04,-1.446227127388510780e-04,9.810022781695948879e+00
9.059504970120830336e+00,9.059560287236514853e+00,1.659513470535500801e-04,-1.453061633682750653e-04,9.810020645183685772e+00
9.059505456539227453e+00,9.059560287236514853e+00,1.644920918622005956e-04,-1.459255191349484448e-04,9.810018566572727750e+00
9.059505944814281619e+00,9.059560287236514853e+00,1.630272666997001352e-04,-1.464825162500460465e-04,9.810016544750450151e+00
9.059506434743811454e+00,9.059560287236514853e+00,1.615574781101969393e-04,-1.469788589503195908e-04,9.810014578619160375e+00
9.059506926131202675e+00,9.059560287236514853e+00,1.600833159365322445e-04,-1.474162173664694819e-04,9.810012667098570560e+00
9.059507418785303301e+00,9.059560287236514853e+00,1.586053536346554438e-04,-1.477962301876800666e-04,9.810010809123447473e+00
9.059507912520317063e+00,9.059560287236514853e+00,1.571241485933683180e-04,-1.481205041287125823e-04,9.810009003644465153e+00
9.059508407155695053e+00,9.059560287236514853e+00,1.556402424593983369e-04,-1.483906133969981056e-04,9.810007249629062898e+00
9.059508902516036244e+00,9.059560287236514853e+00,1.541541614358266088e-04,-1.486081023571728110e-04,9.810005546059079151e+00
9.059509398430982685e+00,9.059560287236514853e+00,1.526664165965030406e-04,-1.487744839323568158e-04,9.810003891932664644e+00
9.059509894735123581e+00,9.059560287236514853e+00,1.511775041738161462e-04,-1.488912422686894388e-04,9.810002286261905624e+00
9.059510391267890483e+00,9.059560287236514853e+00,1.496879058731082068e-04,-1.489598300707939416e-04,9.810000728075802812e+00
9.059510887873464924e+00,9.059560287236514853e+00,1.481980891497869379e-04,-1.489816723321268910e-04,9.809999216416818157e+00
9.059511384400680711e+00,9.059560287236514853e+00,1.467085075024243679e-04,-1.489581647362570038e-04,9.809997750342766665e+00
9.059511880702929787e+00,9.059560287236514853e+00,1.452196007551975754e-04,-1.488906747226792504e-04,9.809996328926033016e+00
9.059512376638071629e+00,6.014041837419444647e+00,-9.136411617655880946e+00,0.000000000000000000e+00,6.735883823441195517e-01
9.058599231411449182e+00,6.014041837419444647e+00,-9.133672181976013604e+00,2.739435679867341378e-01,9.502713860107210309e-01
9.056800113323427937e+00,6.014041837419444647e+00,-9.128274827711949868e+00,5.397354264063736196e-01,1.221460598694424249e+00
9.054142141295274726e+00,6.014041837419444647e+00,-9.120300911627490237e+00,7.973916084459631293e-01,1.487090696818473390e+00
9.050651878336804401e+00,6.014041837419444647e+00,-9.109830122752079262e+00,1.047078887541097458e+00,1.747248764789018693e+00
9.046355340254812916e+00,6.014041837419444647e+00,-9.096940508506104806e+00,1.288961424597445671e+00,2.002020916091341363e+00
9.041278004264430734e+00,6.014041837419444647e+00,-9.081708500534958262e+00,1.523200797114654392e+00,2.251492296579696628e+00
9.035444817503705650e+00,6.014041837419444647e+00,-9.064208940252783009e+00,1.749956028217525272e+00,2.495747087964742761e+00
9.028880205451777385e+00,6.014041837419444647e+00,-9.044515104096998215e+00,1.969383615578479407e+00,2.734868511481481690e+00
9.021608080250997475e+00,6.014041837419444647e+00,-9.022698728494658482e+00,2.181637560233973261e+00,2.968938831739315276e+00
9.013651848933390553e+00,6.014041837419444647e+00,-8.998830034541837719e+00,2.386869395282076312e+00,3.198039360740239090e+00
9.005034421551858514e+00,6.014041837419444647e+00,-8.972977752397241602e+00,2.585228214459611706e+00,3.422250462062370602e+00
8.995778219216532534e+00,6.014041837419444647e+00,-8.945209145391263661e+00,2.776860700597794107e+00,3.641651555206530944e+00
8.985905182036727723e+00,6.014041837419444647e+00,-8.915590033851849228e+00,2.961911153941443331e+00,3.856321120089594601e+00
8.975436776968932051e+00,6.014041837419444647e+00,-8.884184818648462212e+00,3.140521520338701578e+00,4.066336701690239863e+00
8.964394005571303836e+00,6.014041837419444647e+00,-8.851056504455577567e+00,3.312831419288464474e+00,4.271774914832887404e+00
8.952797411665159188e+00,6.014041837419444647e+00,-8.816266722737143624e+00,3.478978171843394307e+00,4.472711449106251180e+00
8.940667088903925475e+00,6.014041837419444647e+00,-8.779875754453442482e+00,3.639096828370114167e+00,4.669221073916672182e+00
8.928022688250083050e+00,6.014041837419444647e+00,-8.741942552491915208e+00,3.793320196152727419e+00,4.861377643660812709e+00
8.914883425360606850e+00,6.014041837419444647e+00,-8.702524763823486609e+00,3.941778866842859941e+00,5.049254103019373829e+00
8.901268087881433644e+00,6.014041837419444647e+00,-8.661678751385966990e+00,4.084601243751961874e+00,5.232922492365995382e+00
8.887195042651496735e+00,6.014041837419444647e+00,-8.619459615696156263e+00,4.221913568981072729e+00,5.412453953284916963e+00
8.872682242816887666e+00,6.014041837419444647e+00,-8.575921216192329055e+00,4.353839950382720758e+00,5.587918734190392200e+00
8.857747234855697371e+00,6.014041837419444647e+00,-8.531116192308758173e+00,4.480502388357088250e+00,5.759386196048330575e+00
8.842407165514112322e+00,6.014041837419444647e+00,-8.485095984284003023e+00,4.602020802475514927e+00,5.926924818191512401e+00
8.826678788654346519e+00,6.014041837419444647e+00,-8.437910853704705616e+00,4.718513057929740739e+00,6.090602204225035621e+00
8.810578472015002660e+00,6.014041837419444647e+00,-8.389609903786674039e+00,4.830094991803157711e+00,6.250485088016484170e+00
8.794122203884461086e+00,6.014041837419444647e+00,-8.340241099395049318e+00,4.936880439162472101e+00,6.406639339767423280e+00
8.777325599687896940e+00,6.014041837419444647e+00,-8.289851286805356878e+00,5.038981258969243981e+00,6.559129972163887601e+00
8.760203908488549018e+00,6.014041837419444647e+00,-8.238486213207313114e+00,5.136507359804376449e+00,6.708021146597063833e+00
8.742772019403860284e+00,6.014041837419444647e+00,-8.186190545953246911e+00,5.229566725406620264e+00,6.853376179453373851e+00
8.725044467937117076e+00,6.014041837419444647e+00,-8.133007891553017288e+00,5.318265440022962309e+00,6.995257548469945519e+00
8.707035442225221189e+00,6.014041837419444647e+00,-8.078980814417329626e+00,5.402707713568766223e+00,7.133726899151437095e+00
8.688758789203239630e+00,6.014041837419444647e+00,-8.024150855351384948e+00,5.482995906594467783e+00,7.268845051243083333e+00
8.670228020686382209e+00,6.014041837419444647e+00,-7.968558549800812685e+00,5.559230555057226297e+00,7.400672005256414110e+00
8.651456319370051773e+00,6.014041837419444647e+00,-7.912243445851821377e+00,5.631510394899130745e+00,7.529266949047309865e+00
8.632456544748626115e+00,6.014041837419444647e+00,-7.855244121987544403e+00,5.699932386427697395e+00,7.654688264440153489e+00
8.613241238953643020e+00,6.014041837419444647e+00,-7.797598204602595118e+00,5.764591738494928563e+00,7.776993533892333943e+00
8.593822632512049253e+00,6.014041837419444647e+00,-7.739342385277813818e+00,5.825581932478129943e+00,7.896239547200316622e+00
8.574212650025176075e+00,6.014041837419444647e+00,-7.680512437817194282e+00,5.882994746061953606e+00,8.012482308244759821e+00
8.554422915769126945e+00,6.014041837419444647e+00,-7.621143235049046893e+00,5.936920276814738884e+00,8.125777041765692488e+00
8.534464759217254226e+00,6.014041837419444647e+00,-7.561268765393428737e+00,5.987446965561815659e+00,8.236178200168387420e+00
8.514349220485398106e+00,6.014041837419444647e+00,-7.500922149197860378e+00,6.034661619556835888e+00,8.343739470358976007e+00
8.494087055700578759e+00,6.014041837419444647e+00,-7.440135654843402335e+00,6.078649435445804272e+00,8.448513780602402434e+00
8.473688742293820297e+00,6.014041837419444647e+00,-7.378940714623126951e+00,6.119494022027538449e+00,8.550553307404411996e+00
8.453164484217801089e+00,6.014041837419444647e+00,-7.317367940395069326e+00,6.157277422805762512e+00,8.649909482410693684e+00
8.432524217090023200e+00,6.014041837419444647e+00,-7.255447139011735658e+00,6.192080138333366790e+00,8.746632999321631630e+00
8.411777613262177766e+00,6.014041837419444647e+00,-7.193207327528199357e+00,6.223981148353630033e+00,8.840773820825431173e+00
8.390934086816415061e+00,6.014041837419444647e+00,-7.130676748190911240e+00,6.253057933728811690e+00,8.932381185537900947e+00
8.370002798489206697e+00,6.014041837419444647e+00,-7.067882883209286149e+00,6.279386498162509156e+00,9.021503614953223504e+00
8.348992660523492759e+00,6.014041837419444647e+00,-7.004852469312144336e+00,6.303041389714181264e+00,9.108188920402037425e+00
8.327912341449819067e+00,6.014041837419444647e+00,-6.941611512091123259e+00,6.324095722102107686e+00,9.192484210010984924e+00
8.306770270797146694e+00,6.014041837419444647e+00,-6.878185300133106139e+00,6.342621195801712020e+00,9.274435895668606378e+00
8.285574643734040734e+00,6.014041837419444647e+00,-6.814598418943788261e+00,6.358688118931787869e+00,9.354089699988000106e+00
8.264333425640934649e+00,6.014041837419444647e+00,-6.750874764664470007e+00,6.372365427931825366e+00,9.431490663267355856e+00
8.243054356614154088e+00,6.014041837419444647e+00,-6.687037557584128322e+00,6.383720708034168467e+00,9.506683150450040642e+00
8.221744955902419605e+00,6.014041837419444647e+00,-6.623109355448924873e+00,6.392820213520344907e+00,9.579710858071420532e+00
8.200412526276490865e+00,6.014041837419444647e+00,-6.559112066571138655e+00,6.399728887778621811e+00,9.650616821207483653e+00
8.179064158332684187e+00,6.014041837419444647e+00,-6.495066962739718619e+00,6.404510383142003604e+00,9.719443420402285483e+00
8.157706734730917120e+00,6.014041837419444647e+00,-6.430994691934417418e+00,6.407227080530120134e+00,9.786232388595703213e+00
8.136346934368010153e+00,6.014041837419444647e+00,-6.366915290845696518e+00,6.407940108872089979e+00,9.851024818026393959e+00
8.114991236486904569e+00,6.014041837419444647e+00,-6.302848197202379765e+00,6.406709364331675260e+00,9.913861167129295993e+00
8.093645924722512319e+00,6.014041837419444647e+00,-6.238812261909203016e+00,6.403593529317674893e+00,9.974781267408472374e+00
8.072317091084860508e+00,6.014041837419444647e+00,-6.174825760996247581e+00,6.398650091295543518e+00,1.003382433029929643e+01
8.051010639880239239e+00,6.014041837419444647e+00,-6.110906407382383776e+00,6.391935361386380521e+00,1.009102895400399724e+01
8.029732291571018976e+00,6.014041837419444647e+00,-6.047071362454722987e+00,6.383504492766078897e+00,1.014643313031135641e+01
8.008487586574830175e+00,6.014041837419444647e+00,-5.983337247466156583e+00,6.373411498856640378e+00,1.020007425139048429e+01
7.987281889003779334e+00,6.014041837419444647e+00,-5.919720154753004060e+00,6.361709271315252323e+00,1.025198911656224965e+01
7.966120390344385349e+00,6.014041837419444647e+00,-5.856235658774822106e+00,6.348449597818195400e+00,1.030221393904337290e+01
7.945008113078895207e+00,6.014041837419444647e+00,-5.792898826978351678e+00,6.333683179647042749e+00,1.035078435266869157e+01
7.923949914248671789e+00,6.014041837419444647e+00,-5.729724230487681425e+00,6.317459649067025396e+00,1.039773541857934447e+01
7.902950488960306608e+00,6.014041837419444647e+00,-5.666725954622585881e+00,6.299827586509554322e+00,1.044310163188696805e+01
7.882014373835129817e+00,6.014041837419444647e+00,-5.603917609247055509e+00,6.280834537553037222e+00,1.048691692830598221e+01
7.861145950402783633e+00,6.014041837419444647e+00,-5.541312338950016958e+00,6.260527029703855106e+00,1.052921469075383953e+01
7.840349448439512869e+00,6.014041837419444647e+00,-5.478922833060204667e+00,6.238950588981229117e+00,1.057002775592102495e+01
7.819628949251834271e+00,6.014041837419444647e+00,-5.416761335497168872e+00,6.216149756303579466e+00,1.060938842080641109e+01
7.798988388906236580e+00,6.014041837419444647e+00,-5.354839654460375797e+00,6.192168103679307478e+00,1.064732844921893218e+01
7.778431561405560579e+00,6.014041837419444647e+00,-5.293169171958347796e+00,6.167048250202800119e+00,1.068387907824445193e+01
7.757962121812709277e+00,6.014041837419444647e+00,-5.231760853179793891e+00,6.140831877855390530e+00,1.071907102467559625e+01
7.737583589322325039e+00,6.014041837419444647e+00,-5.170625255708641177e+00,6.113559747115271392e+00,1.075293449140663071e+01
7.717299350281082049e+00,6.014041837419444647e+00,-5.109772538584912205e+00,6.085271712372897213e+00,1.078549917378798639e+01
7.697112661157217595e+00,6.014041837419444647e+00,-5.049212471213318842e+00,6.056006737159336240e+00,1.081679426594601878e+01
7.677026651459947892e+00,6.014041837419444647e+00,-4.988954442121509736e+00,6.025802909180910660e+00,1.084684846705940231e+01
7.657044326609383944e+00,6.014041837419444647e+00,-4.929007467569817891e+00,5.994697455169184508e+00,1.087568998759936711e+01
7.637168570757579822e+00,6.014041837419444647e+00,-4.869380200014405524e+00,5.962726755541236656e+00,1.090334655552683074e+01
7.617402149561328883e+00,6.014041837419444647e+00,-4.810080936425652709e+00,5.929926358875281522e+00,1.092984542244962931e+01
7.597747712907322537e+00,6.014041837419444647e+00,-4.751117626463633670e+00,5.896330996201903929e+00,1.095521336973827076e+01
7.578207797590289729e+00,6.014041837419444647e+00,-4.692497880512535247e+00,5.861974595109842312e+00,1.097947671459730756e+01
7.558784829944716677e+00,6.014041837419444647e+00,-4.634228977575816089e+00,5.826890293671915799e+00,1.100266131609610021e+01
7.539481128430753465e+00,6.014041837419444647e+00,-4.576317873033926453e+00,5.791110454188963530e+00,1.102479258115503669e+01
7.520298906174906151e+00,6.014041837419444647e+00,-4.518771206266384510e+00,5.754666676754194299e+00,1.104589547048781029e+01
7.501240273466107666e+00,6.014041837419444647e+00,-4.461595308139989058e+00,5.717589812639545244e+00,1.106599450449955668e+01
7.482307240207759058e+00,6.014041837419444647e+00,-4.404796208364943233e+00,5.679909977504582486e+00,1.108511376913963886e+01
7.463501718326324585e+00,6.014041837419444647e+00,-4.348379642720639815e+00,5.641656564430341803e+00,1.110327692170970337e+01
7.444825524137060668e+00,6.014041837419444647e+00,-4.292351060152848063e+00,5.602858256779175150e+00,1.112050719662632758e+01
7.426280380667459546e+00,6.014041837419444647e+00,-4.236715629744044698e+00,5.563543040880336576e+00,1.113682741113629149e+01
7.407867919938971646e+00,6.014041837419444647e+00,-4.181478247558580996e+00,5.523738218546370149e+00,1.115225997098778876e+01
7.389589685207583081e+00,6.014041837419444647e+00,-4.126643543364415301e+00,5.483470419416569541e+00,1.116682687605215563e+01
7.371447133163799847e+00,6.014041837419444647e+00,-4.072215887233065601e+00,5.442765613134969982e+00,1.118054972590190488e+01
7.353441636092606259e+00,6.014041837419444647e+00,-4.018199396019484837e+00,5.401649121358076400e+00,1.119344972533859206e+01
7.335574483993946515e+00,6.014041837419444647e+00,-3.964597939723505604e+00,5.360145629597923289e+00,1.120554768987441818e+01
7.317846886664274741e+00,6.014041837419444647e+00,-3.911415147734490283e+00,5.318279198901532112e+00,1.121686405116704321e+01
7.300259975739718854e+00,6.014041837419444647e+00,-3.858654414960822621e+00,5.276073277366766234e+00,1.122741886240594411e+01
7.282814806701403576e+00,6.014041837419444647e+00,-3.806318907845876787e+00,5.233550711494583396e+00,1.123723180364870800e+01
7.265512360843453976e+00,6.014041837419444647e+00,-3.754411570272027987e+00,5.190733757384879965e+00,1.124632218711285248e+01
7.248353547204215097e+00,6.014041837419444647e+00,-3.702935129354311350e+00,5.147644091771663710e+00,1.125470896241735375e+01
7.231339204461217918e+00,6.014041837419444647e+00,-3.651892101125319812e+00,5.104302822899153824e+00,1.126241072177383451e+01
7.214470102790397910e+00,6.014041837419444647e+00,-3.601284796112859787e+00,5.060730501246002433e+00,1.126944570513314403e+01
7.197746945690091991e+00,6.014041837419444647e+00,-3.551115324811942031e+00,5.016947130091775620e+00,1.127583180527983409e+01
7.181170371770313920e+00,6.014041837419444647e+00,-3.501385603052607820e+00,4.972972175933421113e+00,1.128158657288081379e+01
7.164740956507823277e+00,6.014041837419444647e+00,-3.452097357265135891e+00,4.928824578747192930e+00,1.128672722148205665e+01
7.148459213967480963e+00,6.014041837419444647e+00,-3.403252129644108948e+00,4.884522762102694315e+00,1.129127063245858587e+01
7.132325598490385055e+00,6.014041837419444647e+00,-3.354851283212821222e+00,4.840084643128772512e+00,1.129523335991595090e+01
7.116340506349280837e+00,6.014041837419444647e+00,-3.306896006789508569e+00,4.795527642331265383e+00,1.129863163554175642e+01
7.100504277371730844e+00,6.014041837419444647e+00,-3.259387319856858589e+00,4.750868693264997944e+00,1.130148137340814074e+01
7.084817196531520977e+00,6.014041837419444647e+00,-3.212326077336228991e+00,4.706124252062959812e+00,1.130379817472673132e+01
7.069279495508784095e+00,6.014041837419444647e+00,-3.165712974268018343e+00,4.661310306821064842e+00,1.130559733255304700e+01
7.053891354219302912e+00,6.014041837419444647e+00,-3.119548550399574793e+00,4.616442386844354928e+00,1.130689383644478063e+01
7.038652902313465631e+00,6.014041837419444647e+00,-3.073833194682062953e+00,4.571535571751184079e+00,1.130770237706912162e+01
7.023564220645335254e+00,6.014041837419444647e+00,-3.028567149677671821e+00,4.526604500439113110e+00,1.130803735076144179e+01
7.008625342712281103e+00,6.014041837419444647e+00,-2.983750515878509368e+00,4.481663379916245304e+00,1.130791286403773555e+01
6.993836256065630863e+00,6.014041837419444647e+00,-2.939383255938558648e+00,4.436725993995072059e+00,1.130734273805651391e+01
6.979196903692786336e+00,6.014041837419444647e+00,-2.895465198820025066e+00,4.391805711853358218e+00,1.130634051303333365e+01
6.964707185371245224e+00,6.014041837419444647e+00,-2.851996043855401730e+00,4.346915496462333550e+00,1.130491945260693143e+01
6.950366958994965039e+00,6.014041837419444647e+00,-2.808975364726561175e+00,4.302067912884055545e+00,1.130309254815749398e+01
6.936176041873499898e+00,6.014041837419444647e+00,-2.766402613362165752e+00,4.257275136439542251e+00,1.130087252307737700e+01
6.922134212004342757e+00,6.014041837419444647e+00,-2.724277123754694330e+00,4.212548960747142246e+00,1.129827183699244841e+01
6.908241209318885190e+00,6.014041837419444647e+00,-2.682598115698321628e+00,4.167900805637270167e+00,1.129530268993894992e+01
6.894496736902421041e+00,6.014041837419444647e+00,-2.641364698448929182e+00,4.123341724939244557e+00,1.129197702649031498e+01
6.880900462188606070e+00,6.014041837419444647e+00,-2.600575874307484270e+00,4.078882414144491264e+00,1.128830653983700749e+01
6.867452018128775038e+00,6.014041837419444647e+00,-2.560230542127991171e+00,4.034533217949309858e+00,1.128430267582131918e+01
6.854151004336525688e+00,6.014041837419444647e+00,-2.520327500751243122e+00,3.990304137674804963e+00,1.127997663692356234e+01
6.840996988207969309e+00,6.014041837419444647e+00,-2.480865452365573987e+00,3.946204838566913509e+00,1.127533938620134002e+01
6.827989506018032451e+00,6.014041837419444647e+00,-2.441843005795763411e+00,3.902244656981057602e+00,1.127040165118529558e+01
6.815128063993213914e+00,6.014041837419444647e+00,-2.403258679721307800e+00,3.858432607445561047e+00,1.126517392772425374e+01
6.802412139361168286e+00,6.014041837419444647e+00,-2.365110905825170917e+00,3.814777389613688285e+00,1.125966648378851787e+01
6.789841181377501478e+00,6.014041837419444647e+00,-2.327398031874170492e+00,3.771287395100042517e+00,1.125388936322587341e+01
6.777414612330157517e+00,6.014041837419444647e+00,-2.290118324732138610e+00,3.727970714203188152e+00,1.124785238947104915e+01
6.765131828521760760e+00,6.014041837419444647e+00,-2.253269973306948337e+00,3.684835142519027329e+00,1.124156516921208038e+01
6.752992201230284763e+00,6.014041837419444647e+00,-2.216851091432520349e+00,3.641888187442798852e+00,1.123503709601027900e+01
6.740995077648410216e+00,6.014041837419444647e+00,-2.180859720686896708e+00,3.599137074562364091e+00,1.122827735387546788e+01
6.729139781801922737e+00,6.014041837419444647e+00,-2.145293833147434270e+00,3.556588753946243742e+00,1.122129492079880997e+01
6.717425615447515597e+00,6.014041837419444647e+00,-2.110151334084212849e+00,3.514249906322142181e+00,1.121409857223792983e+01
6.705851858950332200e+00,6.014041837419444647e+00,-2.075430064592662660e+00,3.472126949155018849e+00,1.120669688456235669e+01
6.694417772141604495e+00,6.014041837419444647e+00,-2.041127804166479542e+00,3.430226042618311766e+00,1.119909823845183183e+01
6.683122595156722134e+00,6.014041837419444647e+00,-2.007242273211832462e+00,3.388553095464708065e+00,1.119131082225287699e+01
6.671965549254065486e+00,6.014041837419444647e+00,-1.973771135503862517e+00,3.347113770796994459e+00,1.118334263529313333e+01
6.660945837614938192e+00,6.014041837419444647e+00,-1.940712000586480634e+00,3.305913491738188270e+00,1.117520149115170724e+01
6.650062646124926147e+00,6.014041837419444647e+00,-1.908062426116444499e+00,3.264957447003613566e+00,1.116689502088716957e+01
6.639315144137002633e+00,6.014041837419444647e+00,-1.875819920152673959e+00,3.224250596377054023e+00,1.115843067622438056e+01
6.628702485216701135e+00,6.014041837419444647e+00,-1.843981943391769462e+00,3.183797676090449613e+00,1.114981573269868065e+01
6.618223807869669351e+00,6.014041837419444647e+00,-1.812545911350674110e+00,3.143603204109535199e+00,1.114105729275886247e+01
6.607878236251913506e+00,6.014041837419444647e+00,-1.781509196497406577e+00,3.103671485326753299e+00,1.113216228882934722e+01
6.597664880863041148e+00,6.014041837419444647e+00,-1.750869130330789503e+00,3.064006616661707483e+00,1.112313748633091848e+01
6.587582839222801745e+00,6.014041837419444647e+00,-1.720623005410071293e+00,3.024612492071820924e+00,1.111398948666175102e+01
6.577631196531227964e+00,6.014041837419444647e+00,-1.690768077335349950e+00,2.985492807472134302e+00,1.110472473013678396e+01
6.567809026312668053e+00,6.014041837419444647e+00,-1.661301566679670216e+00,2.946651065567973404e+00,1.109534949888830369e+01
6.558115391043997100e+00,6.014041837419444647e+00,-1.632220660873657359e+00,2.908090580601285779e+00,1.108586991972762803e+01
6.548549342767299386e+00,6.014041837419444647e+00,-1.603522516043564217e+00,2.869814483009314188e+00,1.107629196696575136e+01
6.539109923687298043e+00,6.014041837419444647e+00,-1.575204258803560187e+00,2.831825724000403000e+00,1.106662146519684242e+01
6.529796166753816244e+00,6.014041837419444647e+00,-1.547262988003114792e+00,2.794127080044539468e+00,1.105686409204142606e+01
6.520607096229538158e+00,6.014041837419444647e+00,-1.519695776430280532e+00,2.756721157283426038e+00,1.104702538085314600e+01
6.511541728243345872e+00,6.014041837419444647e+00,-1.492499672471703676e+00,2.719610395857685603e+00,1.103711072338598242e+01
6.502599071329491665e+00,6.014041837419444647e+00,-1.465671701730141052e+00,2.682797074156262340e+00,1.102712537242612179e+01
6.493778126952880925e+00,6.014041837419444647e+00,-1.439208868600308833e+00,2.646283312983221947e+00,1.101707444438291361e+01
6.485077890020708224e+00,6.014041837419444647e+00,-1.413108157803790732e+00,2.610071079651810066e+00,1.100696292184801983e+01
6.476497349380720081e+00,6.014041837419444647e+00,-1.387366535883826302e+00,2.574162191996443028e+00,1.099679565611261722e+01
6.468035488306343339e+00,6.014041837419444647e+00,-1.361980952660696076e+00,2.538558322313022586e+00,1.098657736965232701e+01
6.459691284968931413e+00,6.014041837419444647e+00,-1.336948342648460297e+00,2.503261001223577864e+00,1.097631265857511806e+01
6.451463712897377079e+00,6.014041837419444647e+00,-1.312265626433797294e+00,2.468271621466300303e+00,1.096600599503250351e+01
6.443351741425326296e+00,6.014041837419444647e+00,-1.287929712017644945e+00,2.433591441615234885e+00,1.095566172959759044e+01
6.435354336126235530e+00,6.014041837419444647e+00,-1.263937496120372650e+00,2.399221589727229542e+00,1.094528409360685828e+01
6.427470459236505285e+00,6.014041837419444647e+00,-1.240285865451181913e+00,2.365163066919073742e+00,1.093487720146789144e+01
6.419699070066921642e+00,6.014041837419444647e+00,-1.216971697942430986e+00,2.331416750875092703e+00,1.092444505293266133e+01
6.412039125402631434e+00,6.014041837419444647e+00,-1.193991863949560361e+00,2.297983399287062412e+00,1.091399153533750166e+01
6.404489579891874840e+00,6.014041837419444647e+00,-1.171343227417290578e+00,2.264863653226978357e+00,1.090352042580968828e+01
6.397049386423699247e+00,6.014041837419444647e+00,-1.149022647012763798e+00,2.232058040452677972e+00,1.089303539343991467e+01
6.389717496494867532e+00,6.014041837419444647e+00,-1.127026977226268656e+00,2.199566978649514226e+00,1.088254000142324607e+01
6.382492860566178372e+00,6.014041837419444647e+00,-1.105353069440201175e+00,2.167390778606748114e+00,1.087203770916654832e+01
6.375374428408405514e+00,6.014041837419444647e+00,-1.083997772966882600e+00,2.135529647331857461e+00,1.086153187436497447e+01
6.368361149438069191e+00,6.014041837419444647e+00,-1.062957936055873631e+00,2.103983691100896891e+00,1.085102575504502376e+01
6.361451973043237729e+00,6.014041837419444647e+00,-1.042230406871379245e+00,2.072752918449438653e+00,1.084052251157805991e+01
6.354645848899563632e+00,6.014041837419444647e+00,-1.021812034440356953e+00,2.041837243102229138e+00,1.083002520866187268e+01
6.347941727276755763e+00,6.014041837419444647e+00,-1.001699669571933349e+00,2.011236486842360449e+00,1.081953681727042849e+01
6.341338559335675029e+00,6.014041837419444647e+00,-9.818901657486911461e-01,1.980950382324220271e+00,1.080906021657552962e+01
6.334835297416251620e+00,6.014041837419444647e+00,-9.623803799904209200e-01,1.950978575827022610e+00,1.079859819583660219e+01
6.328430895316412119e+00,6.014041837419444647e+00,-9.431671736909024162e-01,1.921320629951850378e+00,1.078815345626094846e+01
6.322124308562198536e+00,6.014041837419444647e+00,-9.242474134282616660e-01,1.891976026264075017e+00,1.077772861283581385e+01
6.315914494669268464e+00,6.014041837419444647e+00,-9.056179717494714509e-01,1.862944167879021506e+00,1.076732619612955055e+01
6.309800413395951324e+00,6.014041837419444647e+00,-8.872757279295200306e-01,1.834224381995142039e+00,1.075694865406562251e+01
6.303781026988040992e+00,6.014041837419444647e+00,-8.692175687057890343e-01,1.805815922373099625e+00,1.074659835366731109e+01
6.297855300415497126e+00,6.014041837419444647e+00,-8.514403889881574372e-01,1.777717971763159710e+00,1.073627758277500277e+01
6.292022201601231046e+00,6.014041837419444647e+00,-8.339410925453591972e-01,1.749929644279824004e+00,1.072598855173446530e+01
6.286280701642138702e+00,6.014041837419444647e+00,-8.167165926680821642e-01,1.722449987727703302e+00,1.071573339505962252e+01
6.280629775022552153e+00,6.014041837419444647e+00,-7.997638128093225163e-01,1.695277985875964788e+00,1.070551417306664277e+01
6.275068399820272091e+00,6.014041837419444647e+00,-7.830796872024823330e-01,1.668412560684018331e+00,1.069533287348153650e+01
6.269595557905340399e+00,6.014041837419444647e+00,-7.666611614576872569e-01,1.641852574479507609e+00,1.068519141302182085e+01
6.264210235131710824e+00,6.014041837419444647e+00,-7.505051931367985318e-01,1.615596832088872503e+00,1.067509163895207536e+01
6.258911421521976770e+00,6.014041837419444647e+00,-7.346087523075963688e-01,1.589644082920216306e+00,1.066503533061262132e+01
6.253698111445303631e+00,6.014041837419444647e+00,-7.189688220775769523e-01,1.563993023001941651e+00,1.065502420092436608e+01
6.248569303788722884e+00,6.014041837419444647e+00,-7.035823991078347106e-01,1.538642296974224166e+00,1.064505989786638906e+01
6.243524002121929151e+00,6.014041837419444647e+00,-6.884464941074535105e-01,1.513590500038120013e+00,1.063514400593066611e+01
6.238561214855728565e+00,6.014041837419444647e+00,-6.735581323088517536e-01,1.488836179860175690e+00,1.062527804755132443e+01
6.233679955394282324e+00,6.014041837419444647e+00,-6.589143539245130299e-01,1.464377838433872370e+00,1.061546348450935895e+01
6.228879242281287532e+00,6.014041837419444647e+00,-6.445122145855286533e-01,1.440213933898437659e+00,1.060570171931290950e+01
6.224158099340224126e+00,6.014041837419444647e+00,-6.303487857623384372e-01,1.416342882319021612e+00,1.059599409655668367e+01
6.219515555808816210e+00,6.014041837419444647e+00,-6.164211551681146872e-01,1.392763059422374994e+00,1.058634190425426169e+01
6.214950646467833906e+00,6.014041837419444647e+00,-6.027264271451677757e-01,1.369472802294691149e+00,1.057674637514952387e+01
6.210462411764366308e+00,6.014041837419444647e+00,-5.892617230347649837e-01,1.346470411040279203e+00,1.056720868800551472e+01
6.206049897929699632e+00,6.014041837419444647e+00,-5.760241815307649560e-01,1.323754150400002771e+00,1.055772996886923920e+01
6.201712157091919586e+00,6.014041837419444647e+00,-5.630109590174248169e-01,1.301322251334013913e+00,1.054831129231659048e+01
6.197448247383371189e+00,6.014041837419444647e+00,-5.502192298917796265e-01,1.279172912564519038e+00,1.053895368267274080e+01
6.193257233043089727e+00,6.014041837419444647e+00,-5.376461868709352387e-01,1.257304302084438774e+00,1.052965811521350403e+01
6.189138184514329843e+00,6.014041837419444647e+00,-5.252890412846555890e-01,1.235714558627964976e+00,1.052042551734330900e+01
6.185090178537304695e+00,6.014041837419444647e+00,-5.131450233535801431e-01,1.214401793107544592e+00,1.051125676975396495e+01
6.181112298237255054e+00,6.014041837419444647e+00,-5.012113824534312201e-01,1.193364090014892298e+00,1.050215270756146069e+01
6.177203633207961175e+00,6.014041837419444647e+00,-4.894853873655495846e-01,1.172599508788163547e+00,1.049311412142261446e+01
6.173363279590809327e+00,6.014041837419444647e+00,-4.779643265140940400e-01,1.152106085145554459e+00,1.048414175863146092e+01
6.169590340149520458e+00,6.014041837419444647e+00,-4.666455081902274316e-01,1.131881832386660847e+00,1.047523632419643391e+01
6.165883924340652023e+00,6.014041837419444647e+00,-4.555262607636221261e-01,1.111924742660530541e+00,1.046639848189690980e+01
6.162243148379972446e+00,6.014041837419444647e+00,-4.446039328815833969e-01,1.092232788203872929e+00,1.045762885532229092e+01
6.158667135304825457e+00,6.014041837419444647e+00,-4.338758936561424306e-01,1.072803922544096622e+00,1.044892802888795558e+01
6.155155015032566901e+00,6.014041837419444647e+00,-4.233395328393667612e-01,1.053636081677566949e+00,1.044029654883820157e+01
6.151705924415192150e+00,6.014041837419444647e+00,-4.129922609872425099e-01,1.034727185212425127e+00,1.043173492422518223e+01
6.148319007290240279e+00,6.014041837419444647e+00,-4.028315096123868955e-01,1.016075137485561442e+00,1.042324362787317504e+01
6.144993414528076237e+00,6.014041837419444647e+00,-3.928547313258947682e-01,9.976778286492127279e-01,1.041482309732331757e+01
6.141728304075644296e+00,6.014041837419444647e+00,-3.830593999685989459e-01,9.795331357295822272e-01,1.040647373576098289e+01
6.138522840996788688e+00,6.014041837419444647e+00,-3.734430107320321213e-01,9.616389236566824650e-01,1.039819591292465084e+01
6.135376197509224916e+00,6.014041837419444647e+00,-3.640030802693408063e-01,9.439930462691314972e-01,1.038998996599979208e+01
6.132287553018261228e+00,6.014041837419444647e+00,-3.547371467964497427e-01,9.265933472891063616e-01,1.038185620049265623e+01
6.129256094147346623e+00,6.014041837419444647e+00,-3.456427701837059274e-01,9.094376612743815258e-01,1.037379489109067521e+01
6.126281014765541322e+00,6.014041837419444647e+00,-3.367175320382900239e-01,8.925238145415903546e-01,1.036580628250329994e+01
6.123361516011986083e+00,6.014041837419444647e+00,-3.279590357776243081e-01,8.758496260665715738e-01,1.035789059028894776e+01
6.120496806317460070e+00,6.014041837419444647e+00,-3.193649066940462689e-01,8.594129083578039285e-01,1.035004800166375816e+01
6.117686101423100098e+00,6.014041837419444647e+00,-3.109327920109663523e-01,8.432114683079916517e-01,1.034227867629702580e+01
6.114928624396370083e+00,6.014041837419444647e+00,-3.026603609307763065e-01,8.272431080190045805e-01,1.033458274708822877e+01
6.112223605644349078e+00,6.014041837419444647e+00,-2.945453046747132930e-01,8.115056256063013507e-01,1.032696032093158856e+01
6.109570282924421392e+00,6.014041837419444647e+00,-2.865853365149302334e-01,7.959968159783059605e-01,1.031941147946337622e+01
6.106967901352439831e+00,6.014041837419444647e+00,-2.787781917989855529e-01,7.807144715944680513e-01,1.031193627979548211e+01
6.104415713408437583e+00,6.014041837419444647e+00,-2.711216279669788065e-01,7.656563832006746395e-01,1.030453475523369633e+01
6.101912978939958876e+00,6.014041837419444647e+00,-2.636134245615426863e-01,7.508203405436120192e-01,1.029720691598206983e+01
6.099458965163078616e+00,6.014041837419444647e+00,-2.562513832309019080e-01,7.362041330640778369e-01,1.028995274983317643e+01
6.097052946661181139e+00,6.014041837419444647e+00,-2.490333277252094746e-01,7.218055505692433371e-01,1.028277222284403436e+01
6.094694205381568253e+00,6.014041837419444647e+00,-2.419571038863708168e-01,7.076223838838657798e-01,1.027566527999749546e+01
6.092382030629955203e+00,6.014041837419444647e+00,-2.350205796315316675e-01,6.936524254839149251e-01,1.026863184585238287e+01
6.090115719062927369e+00,6.014041837419444647e+00,-2.282216449304481642e-01,6.798934701083503285e-01,1.026167182517790266e+01
6.087894574678417214e+00,6.014041837419444647e+00,-2.215582117769177017e-01,6.663433153530462505e-01,1.025478510357612905e+01
6.085717908804264553e+00,6.014041837419444647e+00,-2.150282141544597181e-01,6.529997622457983653e-01,1.024797154809133914e+01
6.083585040084921403e+00,6.014041837419444647e+00,-2.086296079964302663e-01,6.398606158029451763e-01,1.024123100780651541e+01
6.081495294466359169e+00,6.014041837419444647e+00,-2.023603711407435668e-01,6.269236855686699528e-01,1.023456331442792688e+01
6.079448005179239445e+00,6.014041837419444647e+00,-1.962185032793843931e-01,6.141867861359173730e-01,1.022796828285653348e+01
6.077442512720405254e+00,6.014041837419444647e+00,-1.902020259028818217e-01,6.016477376502571417e-01,1.022144571174737493e+01
6.075478164832746053e+00,6.014041837419444647e+00,-1.843089822399042177e-01,5.893043662977603958e-01,1.021499538405785756e+01
6.073554316483492421e+00,6.014041837419444647e+00,-1.785374371921433223e-01,5.771545047760895386e-01,1.020861706758394760e+01
6.071670329840997304e+00,6.014041837419444647e+00,-1.728854772646579718e-01,5.651959927485350477e-01,1.020231051548387669e+01
6.069825574250050870e+00,6.014041837419444647e+00,-1.673512104918186694e-01,5.534266772839302462e-01,1.019607546679211296e+01
6.068019426205783162e+00,6.014041837419444647e+00,-1.619327663590155453e-01,5.418444132803124091e-01,1.018991164692129736e+01
6.066251269326207840e+00,6.014041837419444647e+00,-1.566282957202895787e-01,5.304470638725966580e-01,1.018381876815230669e+01
6.064520494323447863e+00,6.014041837419444647e+00,-1.514359707120096488e-01,5.192325008279929932e-01,1.017779653011598384e+01
6.062826498973699074e+00,6.014041837419444647e+00,-1.463539846627632812e-01,5.081986049246367543e-01,1.017184462026187397e+01
6.061168688085976974e+00,6.014041837419444647e+00,-1.413805519995969817e-01,4.973432663166299506e-01,1.016596271431703258e+01
6.059546473469685779e+00,6.014041837419444647e+00,-1.365139081507233954e-01,4.866643848873586364e-01,1.016015047673663574e+01
6.057959273901068364e+00,6.014041837419444647e+00,-1.317523094448711518e-01,4.761598705852243540e-01,1.015440756114035281e+01
6.056406515088565534e+00,6.014041837419444647e+00,-1.270940330073626612e-01,4.658276437508490631e-01,1.014873361074348779e+01
6.054887629637137003e+00,6.014041837419444647e+00,-1.225373766530770681e-01,4.556656354285593125e-01,1.014312825877548363e+01
6.053402057011585846e+00,6.014041837419444647e+00,-1.180806587764235971e-01,4.456717876653470967e-01,1.013759112888892489e+01
6.051949243498923714e+00,6.014041837419444647e+00,-1.137222182384372005e-01,4.358440537986396635e-01,1.013212183556020207e+01
6.050528642169817672e+00,6.014041837419444647e+00,-1.094604142511190759e-01,4.261803987318124598e-01,1.012671998448069388e+01
6.049139712839159522e+00,6.014041837419444647e+00,-1.052936262591446237e-01,4.166787991974452154e-01,1.012138517293830020e+01
6.047781922025794898e+00,6.014041837419444647e+00,-1.012202538190507539e-01,4.073372440093869784e-01,1.011611699019033672e+01
6.046454742911449465e+00,6.014041837419444647e+00,-9.723871647601445289e-02,3.981537343036301024e-01,1.011091501782761526e+01
6.045157655298886823e+00,6.014041837419444647e+00,-9.334745363832652743e-02,3.891262837687925469e-01,1.010577883013046652e+01
6.043890145569337236e+00,6.014041837419444647e+00,-8.954492444967776521e-02,3.802529188648762215e-01,1.010070799441519895e+01
6.042651706639229126e+00,6.014041837419444647e+00,-8.582960765935343517e-02,3.715316790324330043e-01,1.009570207137307918e+01
6.041441837916257995e+00,6.014041837419444647e+00,-8.220000149044004445e-02,3.629606168913390718e-01,1.009076061540089952e+01
6.040260045254827403e+00,6.014041837419444647e+00,-7.865462350614826903e-02,3.545377984291775419e-01,1.008588317492302977e+01
6.039105840910888645e+00,6.014041837419444647e+00,-7.519201047433199392e-02,3.462613031816275111e-01,1.008106929270729601e+01
6.037978743496220879e+00,6.014041837419444647e+00,-7.181071823032869617e-02,3.381292244003297753e-01,1.007631850617000069e+01
6.036878277932170356e+00,6.014041837419444647e+00,-6.850932153817712589e-02,3.301396692151570278e-01,1.007163034767697951e+01
6.035803975402887822e+00,6.014041837419444647e+00,-6.528641395032952488e-02,3.222907587847601008e-01,1.006700434483443019e+01
6.034755373308088089e+00,6.014041837419444647e+00,-6.214060766593032525e-02,3.145806284399199626e-01,1.006244002077399102e+01
6.033732015215366395e+00,6.014041837419444647e+00,-5.907053338776524498e-02,3.070074278165080273e-01,1.005793689442874239e+01
6.032733450812087561e+00,6.014041837419444647e+00,-5.607484017792874198e-02,2.995693209836503001e-01,1.005349448080572117e+01
6.031759235856888779e+00,6.014041837419444647e+00,-5.315219531233239536e-02,2.922644865596346619e-01,1.004911229124730276e+01
6.030808932130814703e+00,6.014041837419444647e+00,-5.030128413411016908e-02,2.850911178222226283e-01,1.004478983368811384e+01
6.029882107388109702e+00,6.014041837419444647e+00,-4.752080990599516497e-02,2.780474228115004109e-01,1.004052661290550574e+01
6.028978335306694802e+00,6.014041837419444647e+00,-4.480949366175046578e-02,2.711316244244699192e-01,1.003632213076271995e+01
6.028097195438356870e+00,6.014041837419444647e+00,-4.216607405673666875e-02,2.643419605013797025e-01,1.003217588644464442e+01
6.027238273158663340e+00,6.014041837419444647e+00,-3.958930721765607785e-02,2.576766839080590898e-01,1.002808737669040440e+01
6.026401159616638914e+00,6.014041837419444647e+00,-3.707796659158280050e-02,2.511340626073277349e-01,1.002405609601574454e+01
6.025585451684215776e+00,6.014041837419444647e+00,-3.463084279431338786e-02,2.447123797269412648e-01,1.002008153693262926e+01
6.024790751905485742e+00,6.014041837419444647e+00,-3.224674345812328369e-02,2.384099336190104168e-01,1.001616319016088852e+01
6.024016668445772105e+00,6.014041837419444647e+00,-2.992449307898237265e-02,2.322250379140911036e-01,1.001230054483511012e+01
6.023262815040541618e+00,6.014041837419444647e+00,-2.766293286329091217e-02,2.261560215691460485e-01,1.000849308870585475e+01
6.022528810944181465e+00,6.014041837419444647e+00,-2.546092057421045496e-02,2.202012289080457208e-01,1.000474030833383665e+01
6.021814280878655445e+00,6.014041837419444647e+00,-2.331733037763239480e-02,2.143590196578060159e-01,1.000104168928017501e+01
6.021118854982057123e+00,6.014041837419444647e+00,-2.123105268783742616e-02,2.086277689794968637e-01,9.997396716291660823e+00
6.020442168757088375e+00,6.014041837419444647e+00,-1.920099401293118291e-02,2.030058674906243255e-01,9.993804873477692752e+00
6.019783863019466885e+00,6.014041837419444647e+00,-1.722607680006671416e-02,1.974917212864468752e-01,9.990265644486381547e+00
6.019143583846294554e+00,6.014041837419444647e+00,-1.530523928054972060e-02,1.920837519516993552e-01,9.986778512671151020e+00
6.018520982524388607e+00,6.014041837419444647e+00,-1.343743531483188036e-02,1.867803965717840242e-01,9.983342961256951753e+00
6.017915715498608265e+00,6.014041837419444647e+00,-1.162163423749085212e-02,1.815801077341028247e-01,9.979958473496612470e+00
6.017327444320177854e+00,6.014041837419444647e+00,-9.856820702199620143e-03,1.764813535291231972e-01,9.976624532826924963e+00
6.016755835595030355e+00,6.014041837419444647e+00,-8.141994526757123651e-03,1.714826175442496492e-01,9.973340623017492135e+00
6.016200560932184693e+00,6.014041837419444647e+00,-6.476170538220138440e-03,1.665823988536985212e-01,9.970106228315479768e+00
6.015661296892170107e+00,6.014041837419444647e+00,-4.858378418176378943e-03,1.617792120043759496e-01,9.966920833586200956e+00
6.015137724935514463e+00,6.014041837419444647e+00,-3.287662548209446811e-03,1.570715869966932132e-01,9.963783924448485152e+00
6.014629531371303628e+00,6.014041837419444647e+00,-1.763081855576942303e-03,1.524580692632504508e-01,9.960694987407674006e+00
6.014136407305833210e+00,6.014041837419444647e+00,-2.837096591656873557e-04,1.479372196411254947e-01,9.957653509981959417e+00
6.013658048591361549e+00,6.014041837419444647e+00,1.151366484249294331e-03,1.435076143414981686e-01,9.954658980825747960e+00
6.013194155774971961e+00,6.014041837419444647e+00,2.543044933418059372e-03,1.391678449168765042e-01,9.951710889850295061e+00
6.012744434047567310e+00,6.014041837419444647e+00,3.892210115632011025e-03,1.349165182213951653e-01,9.948808728337027674e+00
6.012308593192996931e+00,6.014041837419444647e+00,5.199732679343149755e-03,1.307522563711138730e-01,9.945951989050456632e+00
6.011886347537330977e+00,6.014041837419444647e+00,6.466469646341010957e-03,1.266736966997861202e-01,9.943140166346127629e+00
6.011477415898299981e+00,6.014041837419444647e+00,7.693264563433999115e-03,1.226794917092988157e-01,9.940372756272733312e+00
6.011081521534896055e+00,6.014041837419444647e+00,8.880947653645776541e-03,1.187683090211777426e-01,9.937649256674824016e+00
6.010698392097159726e+00,6.014041837419444647e+00,1.003033596685476425e-02,1.149388313208987711e-01,9.934969167287754033e+00
6.010327759576152395e+00,6.014041837419444647e+00,1.114223352987675497e-02,1.111897563021990720e-01,9.932331989832075436e+00
6.009969360254128645e+00,6.014041837419444647e+00,1.221743149594800570e-02,1.075197966071250733e-01,9.929737228103073576e+00
6.009622934654914594e+00,6.014041837419444647e+00,1.325670829359015812e-02,1.039276797642152417e-01,9.927184388057806785e+00
6.009288227494506529e+00,6.014041837419444647e+00,1.426082977481435421e-02,1.004121481224196089e-01,9.924672977897234460e+00
6.008964987631888022e+00,6.014041837419444647e+00,1.523054936266987625e-02,9.697195878555220361e-02,9.922202508148222577e+00
6.008652968020084195e+00,6.014041837419444647e+00,1.616660819808135585e-02,9.360588354114796061e-02,9.919772491739230702e+00
6.008351925657454906e+00,6.014041837419444647e+00,1.706973528596922307e-02,9.031270878878672193e-02,9.917382444074757331e+00
6.008061621539233066e+00,6.014041837419444647e+00,1.794064764063474371e-02,8.709123546655206383e-02,9.915031883107186417e+00
6.007781820609321422e+00,6.014041837419444647e+00,1.878005043036967692e-02,8.394027897349332079e-02,9.912720329403864383e+00
6.007512291712350461e+00,6.014041837419444647e+00,1.958863712128255941e-02,8.085866909128824886e-02,9.910447306212571306e+00
6.007252807546000994e+00,6.014041837419444647e+00,2.036708962033095816e-02,7.784524990483987494e-02,9.908212339525171330e+00
6.007003144613603851e+00,6.014041837419444647e+00,2.111607841752238812e-02,7.489887971914299669e-02,9.906014958136665882e+00
6.006763083177020235e+00,6.014041837419444647e+00,2.183626272727323681e-02,7.201843097508486835e-02,9.903854693702358603e+00
6.006532407209807189e+00,6.014041837419444647e+00,2.252829062891237299e-02,6.920279016391361893e-02,9.901731080792826489e+00
6.006310904350673496e+00,6.014041837419444647e+00,2.319279920631345249e-02,6.645085774010794921e-02,9.899643656946421899e+00
6.006098365857234000e+00,6.014041837419444647e+00,2.383041468663193996e-02,6.376154803184874709e-02,9.897591962718481184e+00
6.005894586560066806e+00,6.014041837419444647e+00,2.444175257813352431e-02,6.113378915015843518e-02,9.895575541728291569e+00
6.005699364817072450e+00,6.014041837419444647e+00,2.502741780711659203e-02,5.856652289830677205e-02,9.893593940705423861e+00
6.005512502468148384e+00,6.014041837419444647e+00,2.558800485388879054e-02,5.605870467721985051e-02,9.891646709531109138e+00
6.005333804790176977e+00,6.014041837419444647e+00,2.612409788780301056e-02,5.360930339142200296e-02,9.889733401279226399e+00
6.005163080452334157e+00,6.014041837419444647e+00,2.663627090133147135e-02,5.121730135284607854e-02,9.887853572254178047e+00
6.005000141471716013e+00,6.014041837419444647e+00,2.712508784318590216e-02,4.888169418544308087e-02,9.886006782028630369e+00
6.004844803169301137e+00,6.014041837419444647e+00,2.759110275043052951e-02,4.660149072446273522e-02,9.884192593474892874e+00
6.004696884126233591e+00,6.014041837419444647e+00,2.803485987963316717e-02,4.437571292026376568e-02,9.882410572799898318e+00
6.004556206140446051e+00,6.014041837419444647e+00,2.845689383699578912e-02,4.220339573626219476e-02,9.880660289573258481e+00
6.004422594183616013e+00,6.014041837419444647e+00,2.885772970748590183e-02,4.008358704901127112e-02,9.878941316756497670e+00
6.004295876358461292e+00,6.014041837419444647e+00,2.923788318295006405e-02,3.801534754641622271e-02,9.877253230729365896e+00
6.004175883856380125e+00,6.014041837419444647e+00,2.959786068919356694e-02,3.599775062435028872e-02,9.875595611313544353e+00
6.004062450915429672e+00,6.014041837419444647e+00,2.993815951204492620e-02,3.402988228513592617e-02,9.873968041797180462e+00
6.003955414778658906e+00,6.014041837419444647e+00,3.025926792235722473e-02,3.211084103122985312e-02,9.872370108953587575e+00
6.003854615652783444e+00,6.014041837419444647e+00,3.056166529998360915e-02,3.023973776263844115e-02,9.870801403062621660e+00
6.003759896667214768e+00,6.014041837419444647e+00,3.084582225668963673e-02,2.841569567060275858e-02,9.869261517927292005e+00
6.003671103833438494e+00,6.014041837419444647e+00,3.111220075801846008e-02,2.663785013288233472e-02,9.867750050890901292e+00
6.003588086004751467e+00,6.014041837419444647e+00,3.136125424407953943e-02,2.490534860610793544e-02,9.866266602850188860e+00
6.003510694836349693e+00,6.014041837419444647e+00,3.159342774928486364e-02,2.321735052053242043e-02,9.864810778269816893e+00
6.003438784745775081e+00,6.014041837419444647e+00,3.180915802100869882e-02,2.157302717238351875e-02,9.863382185193392715e+00
6.003372212873719249e+00,6.014041837419444647e+00,3.200887363717619394e-02,1.997156161674951136e-02,9.861980435253926203e+00
6.003310839045188807e+00,6.014041837419444647e+00,3.219299512276752040e-02,1.841214855913264614e-02,9.860605143681901552e+00
6.003254525731026803e+00,6.014041837419444647e+00,3.236193506525353314e-02,1.689399424860127397e-02,9.859255929313855304e+00
6.003203138009796547e+00,6.014041837419444647e+00,3.251609822894430124e-02,1.541631636907681013e-02,9.857932414598021609e+00
6.003156543530026035e+00,6.014041837419444647e+00,3.265588166825583727e-02,1.397834393115360285e-02,9.856634225599410826e+00
6.003114612472814748e+00,6.014041837419444647e+00,3.278167483988969622e-02,1.257931716338589467e-02,9.855360992003276976e+00
6.003077217514803721e+00,6.014041837419444647e+00,3.289385971392277952e-02,1.121848740330833039e-02,9.854112347117231607e+00
6.003044233791504425e+00,6.014041837419444647e+00,3.299281088382066685e-02,9.895116989788732553e-03,9.852887927873609897e+00
6.003015538860992706e+00,6.014041837419444647e+00,3.307889567535582387e-02,8.608479153515702365e-03,9.851687374828872024e+00
6.002991012667964199e+00,6.014041837419444647e+00,3.315247425444134421e-02,7.357857908552034587e-03,9.850510332162993876e+00
6.002970537508152127e+00,6.014041837419444647e+00,3.321389973387756100e-02,6.142547943621678996e-03,9.849356447677500626e+00
6.002953997993107471e+00,6.014041837419444647e+00,3.326351827901152802e-02,4.961854513396701805e-03,9.848225372792409615e+00
6.002941281015342412e+00,6.014041837419444647e+00,3.330166921230670596e-02,3.815093329517793563e-03,9.847116762541824997e+00
6.002932275713830812e+00,6.014041837419444647e+00,3.332868511684150548e-02,2.701590453479951748e-03,9.846030275570321066e+00
6.002926873439876410e+00,6.014041837419444647e+00,3.334489193870471269e-02,1.620682186320721030e-03,9.844965574125026819e+00
6.002924967723334504e+00,6.014041837419444647e+00,3.335060908833042959e-02,5.717149625716899664e-04,9.843922324050902617e+00
6.002926454239197795e+00,6.014041837419444647e+00,3.334614954074055504e-02,-4.459547589874546247e-04,9.842900194781753598e+00
6.002931230774539273e+00,6.014041837419444647e+00,3.333181993471612259e-02,-1.432960602443245079e-03,9.841898859332273375e+00
6.002939197195813925e+00,6.014041837419444647e+00,3.330792067089216602e-02,-2.389926382395657356e-03,9.840917994288496118e+00
6.002950255416517500e+00,6.014041837419444647e+00,3.327474600878144173e-02,-3.317466211072428450e-03,9.839957279797708622e+00
6.002964309365201423e+00,6.014041837419444647e+00,3.323258416272967253e-02,-4.216184605176920286e-03,9.839016399557554138e+00
6.002981264953840324e+00,6.014041837419444647e+00,3.318171739681297083e-02,-5.086676591670169501e-03,9.838095040805143299e+00
6.003001030046560160e+00,6.014041837419444647e+00,3.312242211865346064e-02,-5.929527815951018965e-03,9.837192894302702939e+00
6.003023514428710072e+00,6.014041837419444647e+00,3.305496897220372432e-02,-6.745314644973632312e-03,9.836309654327230589e+00
6.003048629776293055e+00,6.014041837419444647e+00,3.297962292945477714e-02,-7.534604274894718401e-03,9.835445018654560556e+00
6.003076289625741246e+00,6.014041837419444647e+00,3.289664338111020214e-02,-8.297954834457499373e-03,9.834598688546652312e+00
6.003106409344043826e+00,6.014041837419444647e+00,3.280628422620246454e-02,-9.035915490773760439e-03,9.833770368735429201e+00
6.003138906099220407e+00,6.014041837419444647e+00,3.270879396067272182e-02,-9.749026552974271453e-03,9.832959767407698948e+00
6.003173698831137273e+00,6.014041837419444647e+00,3.260441576492212334e-02,-1.043781957505984792e-02,9.832166596189862773e+00
6.003210708222673553e+00,6.014041837419444647e+00,3.249338759031328294e-02,-1.110281746088404020e-02,9.831390570129428852e+00
6.003249856671222240e+00,6.014041837419444647e+00,3.237594224466722181e-02,-1.174453456460611278e-02,9.830631407680062495e+00
6.003291068260539376e+00,6.014041837419444647e+00,3.225230747671581355e-02,-1.236347679514082643e-02,9.829888830681575485e+00
6.003334268732924528e+00,6.014041837419444647e+00,3.212270605956035752e-02,-1.296014171554560335e-02,9.829162564344015252e+00
6.003379385461744100e+00,6.014041837419444647e+00,3.198735587310164163e-02,-1.353501864587158821e-02,9.828452337227229663e+00
6.003426347424286824e+00,6.014041837419444647e+00,3.184646998547346897e-02,-1.408858876281726680e-02,9.827757881222655811e+00
6.003475085174951431e+00,6.014041837419444647e+00,3.170025673347964812e-02,-1.462132519938208475e-02,9.827078931534098061e+00
6.003525530818769163e+00,6.014041837419444647e+00,3.154891980202645385e-02,-1.513369314531942678e-02,9.826415226656706636e+00
6.003577617985253134e+00,6.014041837419444647e+00,3.139265830257453871e-02,-1.562614994519151423e-02,9.825766508357382634e+00
6.003631281802572772e+00,6.014041837419444647e+00,3.123166685061562475e-02,-1.609914519589139559e-02,9.825132521654724727e+00
6.003686458872057763e+00,6.014041837419444647e+00,3.106613564216065271e-02,-1.655312084549720453e-02,9.824513014796664834e+00
6.003743087243022636e+00,6.014041837419444647e+00,3.089625052926603388e-02,-1.698851128946188282e-02,9.823907739239803760e+00
6.003801106387911091e+00,6.014041837419444647e+00,3.072219309460066938e-02,-1.740574346653644966e-02,9.823316449628064717e+00
6.003860457177762733e+00,6.014041837419444647e+00,3.054414072504574307e-02,-1.780523695549263152e-02,9.822738903769554497e+00
6.003921081857990671e+00,6.014041837419444647e+00,3.036226668436192710e-02,-1.818740406838159629e-02,9.822174862615980828e+00
6.003982924024480639e+00,6.014041837419444647e+00,3.017674018489202581e-02,-1.855264994699012959e-02,9.821624090237902394e+00
6.004045928599994753e+00,6.014041837419444647e+00,2.998772645834968387e-02,-1.890137265423419421e-02,9.821086353804115987e+00
6.004110041810888809e+00,6.014041837419444647e+00,2.979538682566751362e-02,-1.923396326821702473e-02,9.820561423557450098e+00
6.004175211164138659e+00,6.014041837419444647e+00,2.959987876591796407e-02,-1.955080597495495454e-02,9.820049072790963507e+00
6.004241385424667676e+00,6.014041837419444647e+00,2.940135598433091246e-02,-1.985227815870516110e-02,9.819549077825627137e+00
6.004308514592978874e+00,6.014041837419444647e+00,2.919996847939732021e-02,-2.013875049335922540e-02,9.819061217986039480e+00
6.004376549883088998e+00,6.014041837419444647e+00,2.899586260906694690e-02,-2.041058703303733068e-02,9.818585275576030114e+00
6.004445443700756613e+00,6.014041837419444647e+00,2.878918115606410311e-02,-2.066814530028437957e-02,9.818121035855780221e+00
6.004515149622010384e+00,6.014041837419444647e+00,2.858006339230279025e-02,-2.091177637613128582e-02,9.817668287016172002e+00
6.004585622371965137e+00,6.014041837419444647e+00,2.836864514243853108e-02,-2.114182498642591668e-02,9.817226820156012224e+00
6.004656817803935454e+00,6.014041837419444647e+00,2.815505884652758084e-02,-2.135862959109502413e-02,9.816796429255433054e+00
6.004728692878831708e+00,6.014041837419444647e+00,2.793943362183881618e-02,-2.156252246887646606e-02,9.816376911152962847e+00
6.004801205644842987e+00,6.014041837419444647e+00,2.772189532380497923e-02,-2.175382980338369521e-02,9.815968065520422670e+00
6.004874315217406000e+00,6.014041837419444647e+00,2.750256660611594128e-02,-2.193287176890379442e-02,9.815569694837211756e+00
6.004947981759452880e+00,6.014041837419444647e+00,2.728156697997530244e-02,-2.209996261406388385e-02,9.815181604365911028e+00
6.005022166461936983e+00,6.014041837419444647e+00,2.705901287252299170e-02,-2.225541074523107454e-02,9.814803602127291526e+00
6.005096831524633139e+00,6.014041837419444647e+00,2.683501768443452562e-02,-2.239951880884660795e-02,9.814435498875589303e+00
6.005171940137216779e+00,6.014041837419444647e+00,2.660969184668360299e-02,-2.253258377509226307e-02,9.814077108071591837e+00
6.005247456460607758e+00,6.014041837419444647e+00,2.638314287651066792e-02,-2.265489701729350713e-02,9.813728245859216770e+00
6.005323345608585051e+00,6.014041837419444647e+00,2.615547543257878971e-02,-2.276674439318782106e-02,9.813388731039392354e+00
6.005399573629666143e+00,6.014041837419444647e+00,2.592679136933551121e-02,-2.286840632432785014e-02,9.813058385045007270e+00
6.005476107489251980e+00,6.014041837419444647e+00,2.569718979057800112e-02,-2.296015787575100831e-02,9.812737031914828378e+00
6.005552915052028595e+00,6.014041837419444647e+00,2.546676710224815565e-02,-2.304226883298454709e-02,9.812424498269264106e+00
6.005629965064632536e+00,6.014041837419444647e+00,2.523561706443633312e-02,-2.311500378118225285e-02,9.812120613283255466e+00
6.005707227138564974e+00,6.014041837419444647e+00,2.500383084263901878e-02,-2.317862217973143402e-02,9.811825208662908082e+00
6.005784671733363389e+00,6.014041837419444647e+00,2.477149705824377435e-02,-2.323337843952444359e-02,9.811538118618720716e+00
6.005862270140023718e+00,6.014041837419444647e+00,2.453870183826278861e-02,-2.327952199809857348e-02,9.811259179840163824e+00
6.005939994464668530e+00,6.014041837419444647e+00,2.430552886432835180e-02,-2.331729739344368113e-02,9.810988231470885168e+00
6.006017817612460341e+00,6.014041837419444647e+00,2.407205942095291817e-02,-2.334694433754336274e-02,9.810725115083410941e+00
6.006095713271760062e+00,6.014041837419444647e+00,2.383837244305375691e-02,-2.336869778991612634e-02,9.810469674653138128e+00
6.006173655898525254e+00,6.014041837419444647e+00,2.360454456275817847e-02,-2.338278802955784386e-02,9.810221756533200832e+00
6.006251620700943761e+00,6.014041837419444647e+00,2.337065015550265912e-02,-2.338944072555193543e-02,9.809981209429951221e+00
6.006329583624305357e+00,6.014041837419444647e+00,2.313676138541786997e-02,-2.338887700847891438e-02,9.809747884376939453e+00
6.006407521336104338e+00,6.014041837419444647e+00,2.290294825002092693e-02,-2.338131353969430393e-02,9.809521634710327120e+00
6.006485411211374803e+00,6.014041837419444647e+00,2.266927862420953232e-02,-2.336696258113946101e-02,9.809302316043069681e+00
6.006563231318249763e+00,6.014041837419444647e+00,2.243581830358465368e-02,-2.334603206248786478e-02,9.809089786241097286e+00
6.006640960403748508e+00,6.014041837419444647e+00,2.220263104708841695e-02,-2.331872564962367278e-02,9.808883905397465242e+00
6.006718577879786913e+00,6.014041837419444647e+00,2.196977861897320139e-02,-2.328524281152155595e-02,9.808684535807451255e+00
6.006796063809406228e+00,6.014041837419444647e+00,2.173732083011525873e-02,-2.324577888579426599e-02,9.808491541944320602e+00
6.006873398893219473e+00,6.014041837419444647e+00,2.150531557867552124e-02,-2.320052514397374921e-02,9.808304790434702269e+00
6.006950564456076336e+00,6.014041837419444647e+00,2.127381889010493410e-02,-2.314966885705871391e-02,9.808124150033046718e+00
6.007027542433936773e+00,6.014041837419444647e+00,2.104288495652362201e-02,-2.309339335813120897e-02,9.807949491598392910e+00
6.007104315360956903e+00,6.014041837419444647e+00,2.081256617546323184e-02,-2.303187810603901653e-02,9.807780688069424713e+00
6.007180866356784499e+00,6.014041837419444647e+00,2.058291318798044500e-02,-2.296529874827868412e-02,9.807617614439703146e+00
6.007257179114055212e+00,6.014041837419444647e+00,2.035397491616830479e-02,-2.289382718121402149e-02,9.807460147734953892e+00
6.007333237886100186e+00,6.014041837419444647e+00,2.012579860003338439e-02,-2.281763161349203983e-02,9.807308166986540954e+00
6.007409027474843732e+00,6.014041837419444647e+00,1.989842983380274433e-02,-2.273687662306400625e-02,9.807161553210740124e+00
6.007484533218907963e+00,6.014041837419444647e+00,1.967191260161005317e-02,-2.265172321926911536e-02,9.807020189382342323e+00
6.007559740981910146e+00,6.014041837419444647e+00,1.944628931260350413e-02,-2.256232890065490437e-02,9.806883960411948209e+00
6.007634637140953693e+00,6.014041837419444647e+00,1.922160083547286291e-02,-2.246884771306412176e-02,9.806752753122410127e+00
6.007709208575310100e+00,6.014041837419444647e+00,1.899788653240364056e-02,-2.237143030692223533e-02,9.806626456225481903e+00
6.007783442655288297e+00,6.014041837419444647e+00,1.877518429246904930e-02,-2.227022399345912618e-02,9.806504960299010420e+00
6.007857327231296729e+00,6.014041837419444647e+00,1.855353056444375426e-02,-2.216537280252950382e-02,9.806388157761915636e+00
6.007930850623081298e+00,6.014041837419444647e+00,1.833296038909004722e-02,-2.205701753537070431e-02,9.806275942853719840e+00
6.008004001609151601e+00,6.014041837419444647e+00,1.811350743087913884e-02,-2.194529582109083776e-02,9.806168211609788798e+00
6.008076769416383023e+00,6.014041837419444647e+00,1.789520400918487297e-02,-2.183034216942658645e-02,9.806064861839757896e+00
6.008149143709798246e+00,6.014041837419444647e+00,1.767808112893920480e-02,-2.171228802456681706e-02,9.805965793104373773e+00
6.008221114582523725e+00,6.014041837419444647e+00,1.746216851076276555e-02,-2.159126181764392527e-02,9.805870906693119338e+00
6.008292672545918478e+00,6.014041837419444647e+00,1.724749462057850735e-02,-2.146738901842581981e-02,9.805780105602153185e+00
6.008363808519873395e+00,6.014041837419444647e+00,1.703408669871375736e-02,-2.134079218647499943e-02,9.805693294512238367e+00
6.008434513823279310e+00,6.014041837419444647e+00,1.682197078849601013e-02,-2.121159102177472278e-02,9.805610379766722673e+00
6.008504780164662051e+00,6.014041837419444647e+00,1.661117176434778742e-02,-2.107990241482227134e-02,9.805531269349526013e+00
6.008574599632980018e+00,6.014041837419444647e+00,1.640171335939388797e-02,-2.094584049538994464e-02,9.805455872864005329e+00
6.008643964688584305e+00,6.014041837419444647e+00,1.619361819258102742e-02,-2.080951668128605547e-02,9.805384101511295469e+00
6.008712868154339581e+00,6.014041837419444647e+00,1.598690779531519723e-02,-2.067103972658301814e-02,9.805315868068731788e+00
6.008781303206902180e+00,6.014041837419444647e+00,1.578160263762740101e-02,-2.053051576877962248e-02,9.805251086868848276e+00
6.008849263368150950e+00,6.014041837419444647e+00,1.557772215388109061e-02,-2.038804837463104036e-02,9.805189673779249659e+00
6.008916742496777985e+00,6.014041837419444647e+00,1.537528476799998600e-02,-2.024373858811046034e-02,9.805131546179890023e+00
6.008983734780023234e+00,6.014041837419444647e+00,1.517430791826424041e-02,-2.009768497357455885e-02,9.805076622944689291e+00
6.009050234725562767e+00,6.014041837419444647e+00,1.497480808164564081e-02,-1.994998366185996019e-02,9.805024824419785290e+00
6.009116237153544482e+00,6.014041837419444647e+00,1.477680079770049559e-02,-1.980072839451452182e-02,9.804976072403185583e+00
6.009181737188765915e+00,6.014041837419444647e+00,1.458030069203619661e-02,-1.965001056642989852e-02,9.804930290125607684e+00
6.009246730253000379e+00,6.014041837419444647e+00,1.438532149933280380e-02,-1.949791927033928118e-02,9.804887402228994020e+00
6.009311212057457219e+00,6.014041837419444647e+00,1.419187608596228500e-02,-1.934454133705187928e-02,9.804847334748910015e+00
6.009375178595389499e+00,6.014041837419444647e+00,1.399997647216544294e-02,-1.918996137968420612e-02,9.804810015092481734e+00
6.009438626134830486e+00,6.014041837419444647e+00,1.380963385384248454e-02,-1.903426183229584012e-02,9.804775372021547142e+00
6.009501551211474002e+00,6.014041837419444647e+00,1.362085862391193558e-02,-1.887752299305489601e-02,9.804743335630856649e+00
6.009563950621680917e+00,6.014041837419444647e+00,1.343366039329119133e-02,-1.871982306207442548e-02,9.804713837331217263e+00
6.009625821415620628e+00,6.014041837419444647e+00,1.324804801147205779e-02,-1.856123818191335317e-02,9.804686809829558314e+00
6.009687160890543112e+00,6.014041837419444647e+00,1.306402958670460634e-02,-1.840184247674514495e-02,9.804662187109959959e+00
6.009747966584177092e+00,6.014041837419444647e+00,1.288161250580266426e-02,-1.824170809019420858e-02,9.804639904415608953e+00
6.009808236268252557e+00,6.014041837419444647e+00,1.270080345357627039e-02,-1.808090522263938738e-02,9.804619898230937380e+00
6.009867967942151168e+00,6.014041837419444647e+00,1.252160843188043771e-02,-1.791950216958326791e-02,9.804602106262297667e+00
6.009927159826675691e+00,6.014041837419444647e+00,1.234403277830686818e-02,-1.775756535735695252e-02,9.804586467420950413e+00
6.009985810357941993e+00,6.014041837419444647e+00,1.216808118450796172e-02,-1.759515937989064582e-02,9.804572921804616925e+00
6.010043918181389166e+00,6.014041837419444647e+00,1.199375771416644199e-02,-1.743234703415197373e-02,9.804561410680015854e+00
6.010101482145904228e+00,6.014041837419444647e+00,1.182106582062125710e-02,-1.726918935451848824e-02,9.804551876466103266e+00
6.010158501298065836e+00,6.014041837419444647e+00,1.165000836413643270e-02,-1.710574564848243995e-02,9.804544262715655378e+00
6.010214974876499028e+00,6.014041837419444647e+00,1.148058762883685802e-02,-1.694207352995746874e-02,9.804538514098879887e+00
6.010270902306341867e+00,6.014041837419444647e+00,1.131280533930834054e-02,-1.677822895285174809e-02,9.804534576386457090e+00
6.010326283193824004e+00,6.014041837419444647e+00,1.114666267686192924e-02,-1.661426624464112933e-02,9.804532396432222185e+00
6.010381117320949151e+00,6.014041837419444647e+00,1.098216029548648720e-02,-1.645023813754420416e-02,9.804531922157941892e+00
6.010435404640290358e+00,6.014041837419444647e+00,1.081929833746286818e-02,-1.628619580236190245e-02,9.804533102535101463e+00
6.010489145269884759e+00,6.014041837419444647e+00,1.065807644867966530e-02,-1.612218887832028713e-02,9.804535887570359876e+00
6.010542339488235797e+00,6.014041837419444647e+00,1.049849379362655100e-02,-1.595826550531143084e-02,9.804540228288315618e+00
6.010594987729415806e+00,6.014041837419444647e+00,1.034054907008652435e-02,-1.579447235400266436e-02,9.804546076716084357e+00
6.010647090578268070e+00,6.014041837419444647e+00,1.018424052352973064e-02,-1.563085465567937149e-02,9.804553385867851745e+00
6.010698648765706587e+00,6.014041837419444647e+00,1.002956596121418187e-02,-1.546745623155487692e-02,9.804562109729658914e+00
6.010749663164117962e+00,6.014041837419444647e+00,9.876522765980055851e-03,-1.530431952341260171e-02,9.804572203242567952e+00
6.010800134782853910e+00,6.014041837419444647e+00,9.725107909772212622e-03,-1.514148562078432292e-02,9.804583622288987499e+00
6.010850064763818779e+00,6.014041837419444647e+00,9.575317966877605613e-03,-1.497899428946070088e-02,9.804596323677417402e+00
6.010899454377151230e+00,6.014041837419444647e+00,9.427149126880252084e-03,-1.481688399973535297e-02,9.804610265127145396e+00
6.010948305016996507e+00,6.014041837419444647e+00,9.280597207344420951e-03,-1.465519195358311322e-02,9.804625405253762693e+00
6.010996618197367525e+00,6.014041837419444647e+00,9.135657666231367102e-03,-1.449395411130538491e-02,9.804641703554926480e+00
6.011044395548093888e+00,6.014041837419444647e+00,8.992325614052276705e-03,-1.433320521790903967e-02,9.804659120396143734e+00
6.011091638810859727e+00,6.014041837419444647e+00,8.850595825754759005e-03,-1.417297882975177004e-02,9.804677616996002598e+00
6.011138349835325023e+00,6.014041837419444647e+00,8.710462752358871796e-03,-1.401330733958872088e-02,9.804697155412771536e+00
6.011184530575331308e+00,6.014041837419444647e+00,8.571920532340016052e-03,-1.385422200188557440e-02,9.804717698530454939e+00
6.011230183085190859e+00,6.014041837419444647e+00,8.434963002761364237e-03,-1.369575295786518154e-02,9.804739210044896680e+00
6.011275309516054932e+00,6.014041837419444647e+00,8.299583710169144979e-03,-1.353792925922192580e-02,9.804761654450947717e+00
6.011319912112363717e+00,6.014041837419444647e+00,8.165775921242790503e-03,-1.338077889263544762e-02,9.804784997028608728e+00
6.011363993208375334e+00,6.014041837419444647e+00,8.033532633207940421e-03,-1.322432880348500817e-02,9.804809203829723430e+00
6.011407555224770327e+00,6.014041837419444647e+00,7.902846584022960030e-03,-1.306860491849803907e-02,9.804834241665524530e+00
6.011450600665331656e+00,6.014041837419444647e+00,7.773710262338973109e-03,-1.291363216839869210e-02,9.804860078093941667e+00
6.011493132113702842e+00,6.014041837419444647e+00,7.646115917225415615e-03,-1.275943451135574946e-02,9.804886681405870164e+00
6.011535152230214507e+00,6.014041837419444647e+00,7.520055567690420162e-03,-1.260603495349954528e-02,9.804914020614191372e+00
6.011576663748787297e+00,6.014041837419444647e+00,7.395521011972050474e-03,-1.245345557183696883e-02,9.804942065440135579e+00
6.011617669473904080e+00,6.014041837419444647e+00,7.272503836621702078e-03,-1.230171753503483956e-02,9.804970786301588248e+00
6.011658172277651424e+00,6.014041837419444647e+00,7.150995425379669257e-03,-1.215084112420328211e-02,9.805000154301175996e+00
6.011698175096828578e+00,6.014041837419444647e+00,7.030986967848207314e-03,-1.200084575314619428e-02,9.805030141214702510e+00
6.011737680930127503e+00,6.014041837419444647e+00,6.912469467951432023e-03,-1.185174998967752913e-02,9.805060719478273512e+00
6.011776692835374192e+00,6.014041837419444647e+00,6.795433752211366141e-03,-1.170357157400658821e-02,9.805091862178205275e+00
6.011815213926838375e+00,6.014041837419444647e+00,6.679870477818816710e-03,-1.155632743925494310e-02,9.805123543038565259e+00
6.011853247372606290e+00,6.014041837419444647e+00,6.565770140515070352e-03,-1.141003373037463575e-02,9.805155736410140932e+00
6.011890796392015623e+00,6.014041837419444647e+00,6.453123082287071099e-03,-1.126470582279992527e-02,9.805188417259486755e+00
6.011927864253150844e+00,6.014041837419444647e+00,6.341919498881409822e-03,-1.112035834056612771e-02,9.805221561158315779e+00
6.011964454270401603e+00,6.014041837419444647e+00,6.232149447129131659e-03,-1.097700517522781638e-02,9.805255144271901813e+00
6.012000569802079752e+00,6.014041837419444647e+00,6.123802852094684113e-03,-1.083465950344475459e-02,9.805289143348650427e+00
6.012036214248093202e+00,6.014041837419444647e+00,6.016869514054334900e-03,-1.069333380403492129e-02,9.805323535710019911e+00
6.012071391047677515e+00,6.014041837419444647e+00,5.911339115301394997e-03,-1.055303987529399024e-02,9.805358299240008790e+00
6.012106103677185232e+00,6.014041837419444647e+00,5.807201226778246905e-03,-1.041378885231480922e-02,9.805393412374463935e+00
6.012140355647931145e+00,6.014041837419444647e+00,5.704445314540507184e-03,-1.027559122377397216e-02,9.805428854090767032e+00
6.012174150504085546e+00,6.014041837419444647e+00,5.603060746077304088e-03,-1.013845684632030952e-02,9.805464603899757492e+00
6.012207491820630523e+00,6.014041837419444647e+00,5.503036796442373202e-03,-1.000239496349308865e-02,9.805500641832949782e+00
6.012240383201358007e+00,6.014041837419444647e+00,5.404362654259919907e-03,-9.867414218245329494e-03,9.805536948436014200e+00
6.012272828276929104e+00,6.014041837419444647e+00,5.307027427546628928e-03,-9.733522671329097875e-03,9.805573504756218028e+00
6.012304830702976055e+00,6.014041837419444647e+00,5.211020149405776181e-03,-9.600727814085274758e-03,9.805610292335320111e+00
6.012336394158256603e+00,6.014041837419444647e+00,5.116329783564133038e-03,-9.469036584164314263e-03,9.805647293199399428e+00
6.012367522342857207e+00,6.014041837419444647e+00,5.022945229762321162e-03,-9.338455380181187593e-03,9.805684489849582519e+00
6.012398218976442443e+00,6.014041837419444647e+00,4.930855329006611498e-03,-9.208990075570966383e-03,9.805721865253435254e+00
6.012428487796553256e+00,6.014041837419444647e+00,4.840048868674173832e-03,-9.080646033243766624e-03,9.805759402835430905e+00
6.012458332556947838e+00,6.014041837419444647e+00,4.750514587490428653e-03,-8.953428118374517908e-03,9.805797086469116408e+00
6.012487757025989588e+00,6.014041837419444647e+00,4.662241180365178650e-03,-8.827340712525000299e-03,9.805834900467839788e+00
6.012516764985077700e+00,6.014041837419444647e+00,4.575217303100842514e-03,-8.702387726433613580e-03,9.805872829576667726e+00
6.012545360227123936e+00,6.014041837419444647e+00,4.489431576962132908e-03,-8.578572613870960595e-03,9.805910858963091670e+00
6.012573546555065818e+00,6.014041837419444647e+00,4.404872593136488490e-03,-8.455898382564441818e-03,9.805948974210572544e+00
6.012601327780428662e+00,6.014041837419444647e+00,4.321528917047956497e-03,-8.334367608853199272e-03,9.805987161308195255e+00
6.012628707721922261e+00,6.014041837419444647e+00,4.239389092567158457e-03,-8.213982448079804044e-03,9.806025406644486964e+00
6.012655690204081083e+00,6.014041837419444647e+00,4.158441646090693666e-03,-8.094744647646479052e-03,9.806063696998444712e+00
6.012682279055939105e+00,6.014041837419444647e+00,4.078675090516625801e-03,-7.976655557406786556e-03,9.806102019533110337e+00
6.012708478109750843e+00,6.014041837419444647e+00,4.000077929081413686e-03,-7.859716143521211507e-03,9.806140361785560700e+00
6.012734291199740788e+00,6.014041837419444647e+00,3.922638659111576942e-03,-7.743926996983674371e-03,9.806178711662127512e+00
6.012759722160897269e+00,6.014041837419444647e+00,3.846345775642134868e-03,-7.629288346944207433e-03,9.806217057428698425e+00
6.012784774827796497e+00,6.014041837419444647e+00,3.771187774944451121e-03,-7.515800069768374669e-03,9.806255387705176574e+00
6.012809453033466589e+00,6.014041837419444647e+00,3.697153157934174317e-03,-7.403461701027680419e-03,9.806293691456907879e+00
6.012833760608281786e+00,6.014041837419444647e+00,3.624230433488584424e-03,-7.292272444558989264e-03,9.806331957988930981e+00
6.012857701378895747e+00,6.014041837419444647e+00,3.552408121646699612e-03,-7.182231184188481166e-03,9.806370176937459604e+00
6.012881279167204163e+00,6.014041837419444647e+00,3.481674756721453434e-03,-7.073336492524617825e-03,9.806408338264198221e+00
6.012904497789338443e+00,6.014041837419444647e+00,3.412018890318613273e-03,-6.965586640284016084e-03,9.806446432250034206e+00
6.012927361054697606e+00,6.014041837419444647e+00,3.343429094241123778e-03,-6.858979607748949547e-03,9.806484449486493560e+00
6.012949872765005921e+00,6.014041837419444647e+00,3.275893963316178770e-03,-6.753513092494500825e-03,9.806522380870822175e+00
6.012972036713400747e+00,6.014041837419444647e+00,3.209402118131698955e-03,-6.649184518447981418e-03,9.806560217599685103e+00
6.012993856683555904e+00,6.014041837419444647e+00,3.143942207666228228e-03,-6.545991046547072756e-03,9.806597951161119653e+00
6.013015336448827242e+00,6.014041837419444647e+00,3.079502911852216585e-03,-6.443929581401164342e-03,9.806635573330451550e+00
6.013036479771431964e+00,6.014041837419444647e+00,3.016072944038050707e-03,-6.342996781416587737e-03,9.806673076162621072e+00
6.013057290401652821e+00,6.014041837419444647e+00,2.953641053375477554e-03,-6.243189066257315289e-03,9.806710451987118660e+00
6.013077772077072503e+00,6.014041837419444647e+00,2.892196027116433754e-03,-6.144502625904380011e-03,9.806747693401213439e+00
6.013097928521832003e+00,6.014041837419444647e+00,2.831726692837932546e-03,-6.046933427850120779e-03,9.806784793264988309e+00
6.013117763445918307e+00,6.014041837419444647e+00,2.772221920579021059e-03,-5.950477225891148692e-03,9.806821744694687482e+00
6.013137280544473384e+00,6.014041837419444647e+00,2.713670624913788743e-03,-5.855129566523231688e-03,9.806858541058391054e+00
6.013156483497134275e+00,6.014041837419444647e+00,2.656061766931117063e-03,-5.760885798267167957e-03,9.806895175968664446e+00
6.013175375967392711e+00,6.014041837419444647e+00,2.599384356155809428e-03,-5.667741077530763505e-03,9.806931643278625543e+00
6.013193961601978721e+00,6.014041837419444647e+00,2.543627452397778654e-03,-5.575690375803077359e-03,9.806967937076596087e+00
6.013212244030272657e+00,6.014041837419444647e+00,2.488780167515969310e-03,-5.484728488180934391e-03,9.807004051679335532e+00
6.013230226863734096e+00,6.014041837419444647e+00,2.434831667131653887e-03,-5.394850038431542316e-03,9.807039981628701497e+00
6.013247913695358271e+00,6.014041837419444647e+00,2.381771172259128377e-03,-5.306049487252550989e-03,9.807075721685006187e+00
6.013265308099151163e+00,6.014041837419444647e+00,2.329587960880452613e-03,-5.218321137867576454e-03,9.807111266823014262e+00
6.013282413629626788e+00,6.014041837419444647e+00,2.278271369453577222e-03,-5.131659142687539088e-03,9.807146612226766536e+00
6.013299233821324918e+00,6.014041837419444647e+00,2.227810794359186275e-03,-5.046057509439094702e-03,9.807181753284920589e+00
6.013315772188351005e+00,6.014041837419444647e+00,2.178195693280926548e-03,-4.961510107825972682e-03,9.807216685585455451e+00
6.013332032223935641e+00,6.014041837419444647e+00,2.129415586527017012e-03,-4.878010675390953566e-03,9.807251404911136561e+00
6.013348017400011791e+00,6.014041837419444647e+00,2.081460058298567617e-03,-4.795552822844939556e-03,9.807285907235453237e+00
6.013363731166811554e+00,6.014041837419444647e+00,2.034318757899278296e-03,-4.714130039928932092e-03,9.807320188717969955e+00
6.013379176952483363e+00,6.014041837419444647e+00,1.987981400883853667e-03,-4.633735701542462948e-03,9.807354245699341888e+00
6.013394358162724274e+00,6.014041837419444647e+00,1.942437770161120625e-03,-4.554363072273304169e-03,9.807388074697888314e+00
6.013409278180435358e+00,6.014041837419444647e+00,1.897677717027868027e-03,-4.476005313325259749e-03,9.807421672403702217e+00
6.013423940365386855e+00,6.014041837419444647e+00,1.853691162173376483e-03,-4.398655485449154412e-03,9.807455035676724719e+00
6.013438348053906424e+00,6.014041837419444647e+00,1.810468096614670230e-03,-4.322306555870625289e-03,9.807488161540744542e+00
6.013452504558579825e+00,6.014041837419444647e+00,1.767998582594465518e-03,-4.246951402020471278e-03,9.807521047180575380e+00
6.013466413167971147e+00,6.014041837419444647e+00,1.726272754420499211e-03,-4.172582817396630617e-03,9.807553689937023478e+00
6.013480077146356351e+00,6.014041837419444647e+00,1.685280819264889374e-03,-4.099193515560983769e-03,9.807586087303704403e+00
6.013493499733471914e+00,6.014041837419444647e+00,1.645013057918198740e-03,-4.026776134669063367e-03,9.807618236923250521e+00
6.013506684144279468e+00,6.014041837419444647e+00,1.605459825495536563e-03,-3.955323242266217676e-03,9.807650136583230704e+00
6.013519633568745526e+00,6.014041837419444647e+00,1.566611552097363358e-03,-3.884827339817320535e-03,9.807681784212281428e+00
6.013532351171632762e+00,6.014041837419444647e+00,1.528458743435656686e-03,-3.815280866170667196e-03,9.807713177877264599e+00
6.013544840092308164e+00,6.014041837419444647e+00,1.490991981409450773e-03,-3.746676202620591312e-03,9.807744315778789357e+00
6.013557103444560958e+00,6.014041837419444647e+00,1.454201924651066236e-03,-3.679005675838453726e-03,9.807775196248812222e+00
6.013569144316438297e+00,6.014041837419444647e+00,1.418079309019049106e-03,-3.612261563201712988e-03,9.807805817745817833e+00
6.013580965770090714e+00,6.014041837419444647e+00,1.382614948061799964e-03,-3.546436095724914139e-03,9.807836178852337383e+00
6.013592570841628238e+00,6.014041837419444647e+00,1.347799733449228654e-03,-3.481521461257131023e-03,9.807866278272193483e+00
6.013603962540993386e+00,6.014041837419444647e+00,1.313624635353782821e-03,-3.417509809544583277e-03,9.807896114825808809e+00
6.013615143851840372e+00,6.014041837419444647e+00,1.280080702812824711e-03,-3.354393254095811017e-03,9.807925687448717511e+00
6.013626117731432963e+00,6.014041837419444647e+00,1.247159064035052722e-03,-3.292163877777198877e-03,9.807954995186257463e+00
6.013636887110544116e+00,6.014041837419444647e+00,1.214850926701593892e-03,-3.230813733345883065e-03,9.807984037193357096e+00
6.013647454893374267e+00,6.014041837419444647e+00,1.183147578211141138e-03,-3.170334849045275405e-03,9.808012812729167251e+00
6.013657823957477611e+00,6.014041837419444647e+00,1.152040385901109687e-03,-3.110719231003145069e-03,9.808041321154899350e+00
6.013667997153696376e+00,6.014041837419444647e+00,1.121520797244812684e-03,-3.051958865629700313e-03,9.808069561931615610e+00
6.013677977306108424e+00,6.014041837419444647e+00,1.091580340008668770e-03,-2.994045723614391363e-03,9.808097534616393887e+00
6.013687767211981949e+00,6.014041837419444647e+00,1.062210622388093384e-03,-2.936971762057538626e-03,9.808125238860331052e+00
6.013697369641741730e+00,6.014041837419444647e+00,1.033403333108751099e-03,-2.880728927934228523e-03,9.808152674405175020e+00
6.013706787338941595e+00,6.014041837419444647e+00,1.005150241509156217e-03,-2.825309159959488170e-03,9.808179841081550165e+00
6.013716023020249324e+00,6.014041837419444647e+00,9.774431975859698696e-04,-2.770704392318634746e-03,9.808206738805267833e+00
6.013725079375437765e+00,6.014041837419444647e+00,9.502741320206453679e-04,-2.716906556532450168e-03,9.808233367575489581e+00
6.013733959067383950e+00,6.014041837419444647e+00,9.236350561820927396e-04,-2.663907583855262828e-03,9.808259727472327327e+00
6.013742664732077081e+00,6.014041837419444647e+00,8.975180621026979111e-04,-2.611699407939482853e-03,9.808285818654162824e+00
6.013751198978636303e+00,6.014041837419444647e+00,8.719153224250320022e-04,-2.560273967766590886e-03,9.808311641354659827e+00
6.013759564389330237e+00,6.014041837419444647e+00,8.468190903432315508e-04,-2.509623208180045140e-03,9.808337195882163684e+00
6.013767763519612508e+00,6.014041837419444647e+00,8.222216994964171022e-04,-2.459739084681444865e-03,9.808362482614814581e+00
6.013775798898156388e+00,6.014041837419444647e+00,7.981155638647763340e-04,-2.410613563164076822e-03,9.808387502000702085e+00
6.013783673026900090e+00,6.014041837419444647e+00,7.744931776336727580e-04,-2.362238623110357594e-03,9.808412254554523813e+00
6.013791388381099168e+00,6.014041837419444647e+00,7.513471150364381401e-04,-2.314606259723461790e-03,9.808436740855313474e+00
6.013798947409384255e+00,6.014041837419444647e+00,7.286700301811777081e-04,-2.267708485526043205e-03,9.808460961544655632e+00
6.013806352533824118e+00,6.014041837419444647e+00,7.064546568615881483e-04,-2.221537331958955974e-03,9.808484917324904018e+00
6.013813606149995827e+00,6.014041837419444647e+00,6.846938083464593205e-04,-2.176084851512882778e-03,9.808508608956834962e+00
6.013820710627063804e+00,6.014041837419444647e+00,6.633803771425306195e-04,-2.131343120392870105e-03,9.808532037256750158e+00
6.013827668307857088e+00,6.014041837419444647e+00,6.425073347626764075e-04,-2.087304237985421196e-03,9.808555203096776864e+00
6.013834481508959939e+00,6.014041837419444647e+00,6.220677314541234182e-04,-2.043960330855298935e-03,9.808578107400599322e+00
6.013841152520803313e+00,6.014041837419444647e+00,6.020546959240036244e-04,-2.001303553011979375e-03,9.808600751142911633e+00
6.013847683607760786e+00,6.014041837419444647e+00,5.824614350515844308e-04,-1.959326087241919367e-03,9.808623135347810162e+00
6.013854077008253363e+00,6.014041837419444647e+00,5.632812335738535126e-04,-1.918020147773091821e-03,9.808645261085800371e+00
6.013860334934854279e+00,6.014041837419444647e+00,5.445074537711036555e-04,-1.877377980274985703e-03,9.808667129473496615e+00
6.013866459574402690e+00,6.014041837419444647e+00,5.261335351258722426e-04,-1.837391864523141294e-03,9.808688741670604117e+00
6.013872453088118242e+00,6.014041837419444647e+00,5.081529939792162054e-04,-1.798054114665603720e-03,9.808710098879313222e+00
6.013878317611720981e+00,6.014041837419444647e+00,4.905594231709997644e-04,-1.759357080821644104e-03,9.808731202342350741e+00
6.013884055255558359e+00,6.014041837419444647e+00,4.733464916588658866e-04,-1.721293151213387773e-03,9.808752053340445087e+00
6.013889668104729580e+00,6.014041837419444647e+00,4.565079441452013498e-04,-1.683854751366453684e-03,9.808772653192779245e+00
6.013895158219220605e+00,6.014041837419444647e+00,4.400376006721273825e-04,-1.647034347307396729e-03,9.808793003253365228e+00
6.013900527634036486e+00,6.014041837419444647e+00,4.239293562244839109e-04,-1.610824444764347163e-03,9.808813104911461522e+00
6.013905778359343479e+00,6.014041837419444647e+00,4.081771803035039170e-04,-1.575217592097999386e-03,9.808832959588205114e+00
6.013910912380609375e+00,6.014041837419444647e+00,3.927751165058168681e-04,-1.540206379768704892e-03,9.808852568736737609e+00
6.013915931658749159e+00,6.014041837419444647e+00,3.777172820864649339e-04,-1.505783441935193423e-03,9.808871933840151769e+00
6.013920838130272450e+00,6.014041837419444647e+00,3.629978675165901336e-04,-1.471941456987480024e-03,9.808891056410530496e+00
6.013925633707437157e+00,6.014041837419444647e+00,3.486111360224697364e-04,-1.438673149412039720e-03,9.808909937986610927e+00
6.013930320278400465e+00,6.014041837419444647e+00,3.345514231325452670e-04,-1.405971288992446944e-03,9.808928580134139708e+00
6.013934899707376935e+00,6.014041837419444647e+00,3.208131362031352296e-04,-1.373828692941003737e-03,9.808946984443263517e+00
6.013939373834798374e+00,6.014041837419444647e+00,3.073907539388187615e-04,-1.342238226431646808e-03,9.808965152527507669e+00
6.013943744477471931e+00,6.014041837419444647e+00,2.942788259181483568e-04,-1.311192802067040475e-03,9.808983086023850717e+00
6.013948013428747963e+00,6.014041837419444647e+00,2.814719720900527022e-04,-1.280685382809565453e-03,9.809000786589280096e+00
6.013952182458683460e+00,6.014041837419444647e+00,2.689648822835621900e-04,-1.250708980649051227e-03,9.809018255901634120e+00
6.013956253314209022e+00,6.014041837419444647e+00,2.567523157068762885e-04,-1.221256657668590151e-03,9.809035495658038784e+00
6.013960227719300278e+00,6.014041837419444647e+00,2.448291004331082377e-04,-1.192321527376805079e-03,9.809052507573056801e+00
6.013964107375148416e+00,6.014041837419444647e+00,2.331901328886942792e-04,-1.163896754441395842e-03,9.809069293378447796e+00
6.013967893960334266e+00,6.014041837419444647e+00,2.218303773311447458e-04,-1.135975555754953348e-03,9.809085854821576689e+00
6.013971589131002382e+00,6.014041837419444647e+00,2.107448653267951499e-04,-1.108551200434959583e-03,9.809102193664891445e+00
6.013975194521036904e+00,6.014041837419444647e+00,1.999286952232282033e-04,-1.081617010356694664e-03,9.809118311684866143e+00
6.013978711742240080e+00,6.014041837419444647e+00,1.893770316137022292e-04,-1.055166360952597415e-03,9.809134210670661602e+00
6.013982142384510787e+00,6.014041837419444647e+00,1.790851048015795755e-04,-1.029192681212265370e-03,9.809149892423590700e+00
6.013985488016023950e+00,6.014041837419444647e+00,1.690482102620904925e-04,-1.003689453948908294e-03,9.809165358756313680e+00
6.013988750183412613e+00,6.014041837419444647e+00,1.592617080961034048e-04,-9.786502165987087665e-04,9.809180611491498780e+00
6.013991930411950015e+00,6.014041837419444647e+00,1.497210224838951831e-04,-9.540685612208221755e-04,9.809195652461262682e+00
6.013995030205733450e+00,6.014041837419444647e+00,1.404216411335923453e-04,-9.299381350302837745e-04,9.809210483506102918e+00
6.013998051047868110e+00,6.014041837419444647e+00,1.313591147296122585e-04,-9.062526403980086798e-04,9.809225106474332989e+00
6.014000994400650058e+00,6.014041837419444647e+00,1.225290563837688751e-04,-8.830058345843383449e-04,9.809239523221799928e+00
6.014003861705753629e+00,6.014041837419444647e+00,1.139271410730557932e-04,-8.601915310713081908e-04,9.809253735610003133e+00
6.014006654384418837e+00,6.014041837419444647e+00,1.055491050774293171e-04,-8.378035995626476051e-04,9.809267745505515279e+00
6.014009373837634342e+00,6.014041837419444647e+00,9.739074543091419400e-05,-8.158359646515123131e-04,9.809281554780779899e+00
6.014012021446327516e+00,6.014041837419444647e+00,8.944791935139306815e-05,-7.942826079521125848e-04,9.809295165311400666e+00
6.014014598571551851e+00,6.014041837419444647e+00,8.171654367838954158e-05,-7.731375673003526572e-04,9.809308578976377646e+00
6.014017106554674363e+00,6.014041837419444647e+00,7.419259431085123424e-05,-7.523949367538307342e-04,9.809321797657556630e+00
6.014019546717562115e+00,6.014041837419444647e+00,6.687210564759737963e-05,-7.320488663253854611e-04,9.809334823239321821e+00
6.014021920362774054e+00,6.014041837419444647e+00,5.975117001177920883e-05,-7.120935635818170795e-04,9.809347657606430460e+00
6.014024228773746650e+00,6.014041837419444647e+00,5.282593709399208137e-05,-6.925232917787127462e-04,9.809360302645316665e+00
6.014026473214983959e+00,6.014041837419444647e+00,4.609261338206493974e-05,-6.733323711927141630e-04,9.809372760242190736e+00
6.014028654932245033e+00,6.014041837419444647e+00,3.954746159884336976e-05,-6.545151783221569985e-04,9.809385032283277184e+00
6.014030775152734876e+00,6.014041837419444647e+00,3.318680012931451984e-05,-6.360661469528849921e-04,9.809397120653176927e+00
6.014032835085290074e+00,6.014041837419444647e+00,2.700700246371923186e-05,-6.179797665595287981e-04,9.809409027235904688e+00
6.014034835920568867e+00,6.014041837419444647e+00,2.100449662734149570e-05,-6.002505836377736159e-04,9.809420753912990065e+00
6.014036778831238550e+00,6.014041837419444647e+00,1.517576461829150958e-05,-5.828732009049986118e-04,9.809432302563713790e+00
6.014038664972164661e+00,6.014041837419444647e+00,9.517341839959669869e-06,-5.658422778331839709e-04,9.809443675064006385e+00
6.014040495480597492e+00,6.014041837419444647e+00,4.025816541464166676e-06,-5.491525298495503193e-04,9.809454873286693299e+00
6.014042271476358614e+00,6.014041837419444647e+00,-1.302170741901420570e-06,-5.327987283365587245e-04,9.809465899100921149e+00
6.014043994062030052e+00,6.014041837419444647e+00,-6.469927756214133296e-06,-5.167757014312712727e-04,9.809476754370813012e+00
6.014045664323139029e+00,6.014041837419444647e+00,-1.148071108314496769e-05,-5.010783326930834392e-04,9.809487440956225157e+00
6.014047283328343596e+00,6.014041837419444647e+00,-1.633772669684674383e-05,-4.857015613701776147e-04,9.809497960711933473e+00
6.014048852129619149e+00,6.014041837419444647e+00,-2.104413052350651014e-05,-4.706403826659766310e-04,9.809508315486811014e+00
6.014050371762443170e+00,6.014041837419444647e+00,-2.560302899556887724e-05,-4.558898472062367091e-04,9.809518507123797804e+00
6.014051843245979967e+00,6.014041837419444647e+00,-3.001747960595935183e-05,-4.414450610390474594e-04,9.809528537459355491e+00
6.014053267583262752e+00,6.014041837419444647e+00,-3.429049145431406487e-05,-4.273011848354713038e-04,9.809538408323710712e+00
6.014054645761377493e+00,6.014041837419444647e+00,-3.842502579853857014e-05,-4.134534344224505276e-04,9.809548121539780396e+00
6.014055978751645881e+00,6.014041837419444647e+00,-4.242399660370210768e-05,-3.998970805163537534e-04,9.809557678922880442e+00
6.014057267509806515e+00,6.014041837419444647e+00,-4.629027108560279657e-05,-3.866274481900688897e-04,9.809567082280725714e+00
6.014058512976195203e+00,6.014041837419444647e+00,-5.002667025166829262e-05,-3.736399166065496047e-04,9.809576333413142279e+00
6.014059716075925266e+00,6.014041837419444647e+00,-5.363596944185644588e-05,-3.609299190188153261e-04,9.809585434111539826e+00
6.014060877719066944e+00,6.014041837419444647e+00,-5.712089886689142304e-05,-3.484929425034977157e-04,9.809594386158629220e+00
6.014061998800824149e+00,6.014041837419444647e+00,-6.048414413850622395e-05,-3.363245271614800913e-04,9.809603191328701399e+00
6.014063080201714762e+00,6.014041837419444647e+00,-6.372834681034333926e-05,-3.244202671837115304e-04,9.809611851386005554e+00
6.014064122787743827e+00,6.014041837419444647e+00,-6.685610489753912589e-05,-3.127758087195786629e-04,9.809620368086383380e+00
6.014065127410581191e+00,6.014041837419444647e+00,-6.986997340963085890e-05,-3.013868512091733010e-04,9.809628743175380805e+00
6.014066094907736471e+00,6.014041837419444647e+00,-7.277246487547017750e-05,-2.902491465839318607e-04,9.809636978388541095e+00
6.014067026102730473e+00,6.014041837419444647e+00,-7.556604985747839009e-05,-2.793584982008212592e-04,9.809645075451943086e+00
6.014067921805269279e+00,6.014041837419444647e+00,-7.825315747389538501e-05,-2.687107616416994915e-04,9.809653036080884903e+00
6.014068782811416547e+00,6.014041837419444647e+00,-8.083617591569947081e-05,-2.583018441804085796e-04,9.809660861979903501e+00
6.014069609903761382e+00,6.014041837419444647e+00,-8.331745295020454023e-05,-2.481277034505069423e-04,9.809668554843600674e+00
6.014070403851590640e+00,6.014041837419444647e+00,-8.569929643797991048e-05,-2.381843487775370249e-04,9.809676116354784980e+00
6.014071165411055908e+00,6.014041837419444647e+00,-8.798397483378295192e-05,-2.284678395803041440e-04,9.809683548185585522e+00
6.014071895325339590e+00,6.014041837419444647e+00,-9.017371768482718153e-05,-2.189742851044229610e-04,9.809690851997210359e+00
6.014072594324822774e+00,6.014041837419444647e+00,-9.227071613437942688e-05,-2.096998449552245347e-04,9.809698029438910893e+00
6.014073263127250435e+00,6.014041837419444647e+00,-9.427712341736338431e-05,-2.006407282983957430e-04,9.809705082148283850e+00
6.014073902437892194e+00,6.014041837419444647e+00,-9.619505534264050084e-05,-1.917931925277116534e-04,9.809712011752129257e+00
6.014074512949709295e+00,6.014041837419444647e+00,-9.802659079394260289e-05,-1.831535451302102047e-04,9.809718819864077233e+00
6.014075095343512700e+00,6.014041837419444647e+00,-9.977377220415917236e-05,-1.747181410216569475e-04,9.809725508086774681e+00
6.014075650288124741e+00,6.014041837419444647e+00,-1.014386060402827638e-04,-1.664833836123591482e-04,9.809732078010348744e+00
6.014076178440538101e+00,6.014041837419444647e+00,-1.030230632803608160e-04,-1.584457240078052109e-04,9.809738531212712331e+00
6.014076680446073020e+00,6.014041837419444647e+00,-1.045290798851183922e-04,-1.506016604757576260e-04,9.809744869259638733e+00
6.014077156938533619e+00,6.014041837419444647e+00,-1.059585572669163867e-04,-1.429477381797994440e-04,9.809751093704553782e+00
6.014077608540365105e+00,6.014041837419444647e+00,-1.073133627613742647e-04,-1.354805494457878012e-04,9.809757206087793335e+00
6.014078035862804761e+00,6.014041837419444647e+00,-1.085953300803410571e-04,-1.281967318966792391e-04,9.809763207938022589e+00
6.014078439506038265e+00,6.014041837419444647e+00,-1.098062597808535656e-04,-1.210929700512508589e-04,9.809769100770168393e+00
6.014078820059348907e+00,6.014041837419444647e+00,-1.109479197127782868e-04,-1.141659931924721150e-04,9.809774886087094359e+00
6.014079178101268575e+00,6.014041837419444647e+00,-1.120220454717824055e-04,-1.074125759004118663e-04,9.809780565378627415e+00
6.014079514199726084e+00,6.014041837419444647e+00,-1.130303408443111834e-04,-1.008295372528777989e-04,9.809786140121904197e+00
6.014079828912195502e+00,6.014041837419444647e+00,-1.139744782525653477e-04,-9.441374082541642565e-05,9.809791611780923404e+00
6.014080122785842697e+00,6.014041837419444647e+00,-1.148560991941494080e-04,-8.816209415840603469e-05,9.809796981806648830e+00
6.014080396357670999e+00,6.014041837419444647e+00,-1.156768146790554397e-04,-8.207154849060316337e-05,9.809802251636831727e+00
6.014080650154663310e+00,6.014041837419444647e+00,-1.164382056559887246e-04,-7.613909769332849464e-05,9.809807422696650292e+00
6.014080884693925100e+00,6.014041837419444647e+00,-1.171418234413579285e-04,-7.036177853692038298e-05,9.809812496398022219e+00
6.014081100482826514e+00,6.014041837419444647e+00,-1.177891901456007417e-04,-6.473667042428132845e-05,9.809817474139430615e+00
6.014081298019141819e+00,6.014041837419444647e+00,-1.183817990915159157e-04,-5.926089459151739902e-05,9.809822357306316576e+00
6.014081477791187957e+00,6.014041837419444647e+00,-1.189211152299307628e-04,-5.393161384148470461e-05,9.809827147270929970e+00
6.014081640277961327e+00,6.014041837419444647e+00,-1.194085755500395862e-04,-4.874603201088234528e-05,9.809831845392439575e+00
6.014081785949273673e+00,6.014041837419444647e+00,-1.198455894870775751e-04,-4.370139370379888533e-05,9.809836453016810509e+00
6.014081915265887979e+00,6.014041837419444647e+00,-1.202335393299946986e-04,-3.879498429171235330e-05,9.809840971476379679e+00
6.014082028679649916e+00,6.014041837419444647e+00,-1.205737806158069247e-04,-3.402412858122261241e-05,9.809845402090804356e+00
6.014082126633620184e+00,6.014041837419444647e+00,-1.208676425266119736e-04,-2.938619108050488649e-05,9.809849746166392492e+00
6.014082209562207737e+00,6.014041837419444647e+00,-1.211164282892696065e-04,-2.487857626576328585e-05,9.809854004995445464e+00
6.014082277891295014e+00,6.014041837419444647e+00,-1.213214155511010972e-04,-2.049872618314907413e-05,9.809858179858267135e+00
6.014082332038367618e+00,6.014041837419444647e+00,-1.214838567689113802e-04,-1.624412178102829785e-05,9.809862272021451446e+00
6.014082372412642208e+00,6.014041837419444647e+00,-1.216049795926821275e-04,-1.211228237707473454e-05,9.809866282738031629e+00
6.014082399415190849e+00,6.014041837419444647e+00,-1.216859872386066854e-04,-8.100764592455789170e-06,9.809870213248169435e+00
6.014082413439064467e+00,6.014041837419444647e+00,-1.217280588594604751e-04,-4.207162085378968186e-06,9.809874064779055658e+00
6.014082414869415416e+00,6.014041837419444647e+00,-1.217323499123068586e-04,-4.291052846383536234e-07,9.809877838544803552e+00
6.014082404083620936e+00,6.014041837419444647e+00,-1.216999925288675399e-04,3.235738343931870986e-06,9.809881535745816450e+00
6.014082381451401282e+00,6.014041837419444647e+00,-1.216320958699057542e-04,6.789665896178576077e-06,9.809885157570025882e+00
6.014082347334938738e+00,6.014041837419444647e+00,-1.215297464822739926e-04,1.023493876317616014e-05,9.809888705192282288e+00
6.014082302088995746e+00,6.014041837419444647e+00,-1.213940086532971918e-04,1.357378289768007562e-05,9.809892179774244880e+00
6.014082246061029480e+00,6.014041837419444647e+00,-1.212259247544977825e-04,1.680838987994093259e-05,9.809895582465125941e+00
6.014082179591309973e+00,6.014041837419444647e+00,-1.210265155959788785e-04,1.994091585189039506e-05,9.809898914400257297e+00
6.014082103013030256e+00,6.014041837419444647e+00,-1.207967807568266494e-04,2.297348391522291422e-05,9.809902176703158005e+00
6.014082016652420926e+00,6.014041837419444647e+00,-1.205376989288353684e-04,2.590818279912809885e-05,9.809905370483871678e+00
6.014081920828860284e+00,6.014041837419444647e+00,-1.202502282469097850e-04,2.874706819255834489e-05,9.809908496839945258e+00
6.014081815854983581e+00,6.014041837419444647e+00,-1.199353066168029613e-04,3.149216301068236135e-05,9.809911556856395265e+00
6.014081702036792265e+00,6.014041837419444647e+00,-1.195938520428541096e-04,3.414545739488517029e-05,9.809914551605352528e+00
6.014081579673761446e+00,6.014041837419444647e+00,-1.192267629503973581e-04,3.670890924567515867e-05,9.809917482146296663e+00
6.014081449058945594e+00,6.014041837419444647e+00,-1.188349185028414468e-04,3.918444475559113016e-05,9.809920349526253247e+00
6.014081310479082454e+00,6.014041837419444647e+00,-1.184191789134203532e-04,4.157395894210935694e-05,9.809923154780030075e+00
6.014081164214696962e+00,6.014041837419444647e+00,-1.179803857569439174e-04,4.387931564764357972e-05,9.809925898929890309e+00
6.014081010540204275e+00,6.014041837419444647e+00,-1.175193622788839320e-04,4.610234780599853366e-05,9.809928582985527612e+00
6.014080849724010136e+00,6.014041837419444647e+00,-1.170369136964666268e-04,4.824485824173052606e-05,9.809931207944545761e+00
6.014080682028611236e+00,6.014041837419444647e+00,-1.165338274997651524e-04,5.030861967014743641e-05,9.809933774792170880e+00
6.014080507710691137e+00,6.014041837419444647e+00,-1.160108737394693890e-04,5.229537602957634590e-05,9.809936284502290604e+00
6.014080327021221528e+00,6.014041837419444647e+00,-1.154688053306429651e-04,5.420684088264238198e-05,9.809938738035551609e+00
6.014080140205555480e+00,6.014041837419444647e+00,-1.149083583324994606e-04,5.604469981435045156e-05,9.809941136341482348e+00
6.014079947503523371e+00,6.014041837419444647e+00,-1.143302522361722140e-04,5.781060963272466324e-05,9.809943480357397050e+00
6.014079749149527032e+00,6.014041837419444647e+00,-1.137351902471550602e-04,5.950619890171537918e-05,9.809945771008655058e+00
6.014079545372631230e+00,6.014041837419444647e+00,-1.131238595597494623e-04,6.113306874055979279e-05,9.809948009209181308e+00
6.014079336396656927e+00,6.014041837419444647e+00,-1.124969316368407135e-04,6.269279229087487693e-05,9.809950195860654532e+00
6.014079122440268321e+00,6.014041837419444647e+00,-1.118550624710223929e-04,6.418691658183206528e-05,9.809952331854111307e+00
6.014078903717065216e+00,6.014041837419444647e+00,-1.111988928617080319e-04,6.561696093143609687e-05,9.809954418068070225e+00
6.014078680435669177e+00,6.014041837419444647e+00,-1.105290486735910349e-04,6.698441881169969747e-05,9.809956455370137718e+00
6.014078452799809682e+00,6.014041837419444647e+00,-1.098461410951045991e-04,6.829075784864357956e-05,9.809958444616754036e+00
6.014078221008412051e+00,6.014041837419444647e+00,-1.091507669022107052e-04,6.953741928938939054e-05,9.809960386652388564e+00
6.014077985255680048e+00,6.014041837419444647e+00,-1.084435087062018965e-04,7.072581960088086817e-05,9.809962282310895176e+00
6.014077745731178481e+00,6.014041837419444647e+00,-1.077249352015030581e-04,7.185735046988384056e-05,9.809964132415268878e+00
6.014077502619918469e+00,6.014041837419444647e+00,-1.069956014214668016e-04,7.293337800362564849e-05,9.809965937776581768e+00
6.014077256102436486e+00,6.014041837419444647e+00,-1.062560489755171034e-04,7.395524459496982672e-05,9.809967699195620838e+00
6.014077006354874300e+00,6.014041837419444647e+00,-1.055068062889574776e-04,7.492426865596257812e-05,9.809969417462367502e+00
6.014076753549058019e+00,6.014041837419444647e+00,-1.047483888401146146e-04,7.584174488428629957e-05,9.809971093356043781e+00
6.014076497852577141e+00,6.014041837419444647e+00,-1.039812993974820188e-04,7.670894426325958193e-05,9.809972727644865387e+00
6.014076239428860937e+00,6.014041837419444647e+00,-1.032060282488700409e-04,7.752711486119778783e-05,9.809974321086613713e+00
6.014075978437253056e+00,6.014041837419444647e+00,-1.024230534252268399e-04,7.829748236432010344e-05,9.809975874428939591e+00
6.014075715033088798e+00,6.014041837419444647e+00,-1.016328409324529503e-04,7.902124927738896076e-05,9.809977388408345433e+00
6.014075449367765280e+00,6.014041837419444647e+00,-1.008358449618995678e-04,7.969959705533824490e-05,9.809978863752093048e+00
6.014075181588816932e+00,6.014041837419444647e+00,-1.000325081168540464e-04,8.033368450455213861e-05,9.809980301176388195e+00
6.014074911839985660e+00,6.014041837419444647e+00,-9.922326162303818364e-05,8.092464938158627774e-05,9.809981701387759045e+00
6.014074640261293681e+00,6.014041837419444647e+00,-9.840852554710011191e-05,8.147360759380717354e-05,9.809983065082047204e+00
6.014074366989109244e+00,6.014041837419444647e+00,-9.758870899378990771e-05,8.198165533102041991e-05,9.809984392946336840e+00
6.014074092156219464e+00,6.014041837419444647e+00,-9.676421032445148285e-05,8.244986693384248611e-05,9.809985685656609888e+00
6.014073815891896047e+00,6.014041837419444647e+00,-9.593541735419819361e-05,8.287929702532892406e-05,9.809986943879671628e+00
6.014073538321960122e+00,6.014041837419444647e+00,-9.510270754642391466e-05,8.327098077742789428e-05,9.809988168273232390e+00
6.014073259568851526e+00,6.014041837419444647e+00,-9.426644822063678930e-05,8.362593257871253627e-05,9.809989359484358573e+00
6.014072979751691861e+00,6.014041837419444647e+00,-9.342699674164123280e-05,8.394514789955564993e-05,9.809990518151158412e+00
6.014072698986346666e+00,6.014041837419444647e+00,-9.258470070605540059e-05,8.422960355858322146e-05,9.809991644902853025e+00
6.014072417385492031e+00,6.014041837419444647e+00,-9.173989814215133265e-05,8.448025639040679380e-05,9.809992740358248753e+00
6.014072135058673219e+00,6.014041837419444647e+00,-9.089291768571428065e-05,8.469804564370519984e-05,9.809993805127959376e+00
6.014071852112366834e+00,6.014041837419444647e+00,-9.004407876656017606e-05,8.488389191541045875e-05,9.809994839813150236e+00
6.014071568650042110e+00,6.014041837419444647e+00,-8.919369179238856304e-05,8.503869741716130193e-05,9.809995845005625270e+00
6.014071284772217751e+00,6.014041837419444647e+00,-8.834205831931285502e-05,8.516334730757080251e-05,9.809996821288988755e+00
6.014071000576522330e+00,6.014041837419444647e+00,-8.748947123304873230e-05,8.525870862641227177e-05,9.809997769237394749e+00
6.014070716157751129e+00,6.014041837419444647e+00,-8.663621491944439867e-05,8.532563136043336272e-05,9.809998689416442375e+00
6.014070431607921208e+00,6.014041837419444647e+00,-8.578256542968176745e-05,8.536494897626312195e-05,9.809999582383547079e+00
6.014070147016330026e+00,6.014041837419444647e+00,-8.492879065613578859e-05,8.537747735459788601e-05,9.810000448686698959e+00
6.014069862469606953e+00,6.014041837419444647e+00,-8.407515048691749371e-05,8.536401692182948864e-05,9.810001288866434521e+00
6.014069578051771003e+00,6.014041837419444647e+00,-8.322189697906878791e-05,8.532535078487057945e-05,9.810002103453806299e+00
6.014069293844280573e+00,9.127501957826611445e-01,-1.530395729418485828e+01,0.000000000000000000e+00,0.000000000000000000e+00
6.013088009636789799e+00,9.127501957826611445e-01,-1.530101344156238596e+01,2.943852622472320490e-01,0.000000000000000000e+00
6.011125725429298683e+00,9.127501957826611445e-01,-1.529512658893991173e+01,5.886852622473348617e-01,0.000000000000000000e+00
6.008182441221808112e+00,9.127501957826611445e-01,-1.528629673631744090e+01,8.829852622471712209e-01,0.000000000000000000e+00
6.004258157014317199e+00,9.127501957826611445e-01,-1.527452388369496816e+01,1.177285262247274034e+00,0.000000000000000000e+00
5.999352872806826831e+00,9.127501957826611445e-01,-1.525980803107249706e+01,1.471585262247110393e+00,0.000000000000000000e+00
5.993466588599336120e+00,9.127501957826611445e-01,-1.524214917845002404e+01,1.765885262247213205e+00,0.000000000000000000e+00
5.986599304391845067e+00,9.127501957826611445e-01,-1.522154732582755088e+01,2.060185262247316018e+00,0.000000000000000000e+00
5.978751020184354559e+00,9.127501957826611445e-01,-1.519800247320507935e+01,2.354485262247152377e+00,0.000000000000000000e+00
5.969921735976863708e+00,9.127501957826611445e-01,-1.517151462058260769e+01,2.648785262247255190e+00,0.000000000000000000e+00
5.960111451769373403e+00,9.127501957826611445e-01,-1.514208376796013766e+01,2.943085262247091549e+00,0.000000000000000000e+00
5.949320167561882755e+00,9.127501957826611445e-01,-1.510970991533766394e+01,3.237385262247194362e+00,0.000000000000000000e+00
5.937547883354391764e+00,9.127501957826611445e-01,-1.507439306271519186e+01,3.531685262247297175e+00,0.000000000000000000e+00
5.924794599146901319e+00,9.127501957826611445e-01,-1.503613321009272141e+01,3.825985262247133534e+00,0.000000000000000000e+00
5.911060314939410532e+00,9.127501957826611445e-01,-1.499493035747024905e+01,4.120285262247236346e+00,0.000000000000000000e+00
5.896345030731919401e+00,9.127501957826611445e-01,-1.495078450484777477e+01,4.414585262247339159e+00,0.000000000000000000e+00
5.880648746524428816e+00,9.127501957826611445e-01,-1.490369565222530213e+01,4.708885262247175518e+00,0.000000000000000000e+00
5.863971462316937888e+00,9.127501957826611445e-01,-1.485366379960283112e+01,5.003185262247278331e+00,0.000000000000000000e+00
5.846313178109447506e+00,9.127501957826611445e-01,-1.480068894698035820e+01,5.297485262247114690e+00,3.067963152667569915e-01
5.827704573533483590e+00,9.127501957826611445e-01,-1.474486313325246734e+01,5.582581372789174878e+00,6.477182395367080403e-01
5.808179740781473477e+00,9.127501957826611445e-01,-1.468628863499643700e+01,5.857449825603033844e+00,9.811611906065973443e-01
5.787772024148523542e+00,9.127501957826611445e-01,-1.462506548509758630e+01,6.122314989884980463e+00,1.307249504787394656e+00
5.766514032466052875e+00,9.127501957826611445e-01,-1.456129151005017519e+01,6.377397504741200152e+00,1.626105994691025458e+00
5.744437651383051069e+00,9.127501957826611445e-01,-1.449506236680116977e+01,6.622914324900541772e+00,1.937851958099372496e+00
5.721574055495858957e+00,9.127501957826611445e-01,-1.442647157913959433e+01,6.859078766157633567e+00,2.242607187018039738e+00
5.697953720327368465e+00,9.127501957826611445e-01,-1.435561057363412196e+01,7.086100550547147492e+00,2.540489976913026027e+00
5.673606434156569733e+00,9.127501957826611445e-01,-1.428256871512172665e+01,7.304185851239619609e+00,2.831617136117893452e+00
5.648561309699382527e+00,9.127501957826611445e-01,-1.420743334175016415e+01,7.513537337156162010e+00,3.116103995405998361e+00
5.622846795641735618e+00,9.127501957826611445e-01,-1.413028979957722342e+01,7.714354217294072669e+00,3.394064417716849746e+00
5.596490688025860472e+00,9.127501957826611445e-01,-1.405122147672959798e+01,7.906832284762543850e+00,3.665610808032946366e+00
5.569520141490788667e+00,9.127501957826611445e-01,-1.397030983712438257e+01,8.091163960521541298e+00,3.930854123397159228e+00
5.541961680368056697e+00,9.127501957826611445e-01,-1.388763445375618666e+01,8.267538336819590938e+00,4.189903883063404777e+00
5.513841209633631557e+00,9.127501957826611445e-01,-1.380327304155291124e+01,8.436141220327542101e+00,4.442868178774631360e+00
5.485184025717083856e+00,9.127501957826611445e-01,-1.371730148980326902e+01,8.597155174964310476e+00,4.689853685161041952e+00
5.456014827169052062e+00,9.127501957826611445e-01,-1.362979389415917275e+01,8.750759564409538172e+00,4.930965670250365918e+00
5.426357725188045045e+00,9.127501957826611445e-01,-1.354082258821615170e+01,8.897130594302105067e+00,5.166308006085953863e+00
5.396236254007646949e+00,9.127501957826611445e-01,-1.345045817467495652e+01,9.036441354119428837e+00,5.395983179444472810e+00
5.365673381145192877e+00,9.127501957826611445e-01,-1.335876955608759431e+01,9.168861858736221393e+00,5.620092302648627580e+00
5.334691517513004300e+00,9.127501957826611445e-01,-1.326582396519102858e+01,9.294559089656573292e+00,5.838735124465545212e+00
5.303312527393261533e+00,9.127501957826611445e-01,-1.317168699483180205e+01,9.413697035922830025e+00,6.052010041091028469e+00
5.271557738277627969e+00,9.127501957826611445e-01,-1.307642262748490047e+01,9.526436734690069130e+00,6.260014107205169154e+00
5.239447950572714952e+00,9.127501957826611445e-01,-1.298009326437016142e+01,9.632936311473905278e+00,6.462843047103744354e+00
5.207003447172512622e+00,9.127501957826611445e-01,-1.288275975416955532e+01,9.733351020060698744e+00,6.660591265891143919e+00
5.174244002898899630e+00,9.127501957826611445e-01,-1.278448142134871546e+01,9.827833282083897615e+00,6.853351860735182655e+00
5.141188893811359684e+00,9.127501957826611445e-01,-1.268531609408609562e+01,9.916532726261984010e+00,7.041216632175888890e+00
5.107856906387037377e+00,9.127501957826611445e-01,-1.258532013181312870e+01,9.999596227296692064e+00,7.224276095483563864e+00
5.074266346572263942e+00,9.127501957826611445e-01,-1.248454845236880928e+01,1.007716794443203057e+01,7.402619492063221784e+00
5.040435048706696008e+00,9.127501957826611445e-01,-1.238305455877210548e+01,1.014938935967037992e+01,7.576334800898274935e+00
5.006380384321218457e+00,9.127501957826611445e-01,-1.228089056561567105e+01,1.021639931564326531e+01,7.745508750027594758e+00
4.972119270810743785e+00,9.127501957826611445e-01,-1.217810722508424703e+01,1.027833405314240167e+01,7.910226828058155135e+00
4.937668179983075056e+00,9.127501957826611445e-01,-1.207475395260124174e+01,1.033532724830061866e+01,8.070573295699377425e+00
4.903043146484975523e+00,9.127501957826611445e-01,-1.197087885210694225e+01,1.038751004942986000e+01,8.226631197322918254e+00
4.868259776106608427e+00,9.127501957826611445e-01,-1.186652874097184096e+01,1.043501111351012867e+01,8.378482372538288203e+00
4.833333253965495402e+00,9.127501957826611445e-01,-1.176174917454850188e+01,1.047795664233390767e+01,8.526207467785406280e+00
4.798278352571160532e+00,9.127501957826611445e-01,-1.165658447036549816e+01,1.051647041830046092e+01,8.669885947934963255e+00
4.763109439771619158e+00,9.127501957826611445e-01,-1.155107773196687404e+01,1.055067383986241225e+01,8.809596107895538708e+00
4.727840486582867818e+00,9.127501957826611445e-01,-1.144527087240062002e+01,1.058068595662540190e+01,8.945415084224782376e+00
4.692485074902538855e+00,9.127501957826611445e-01,-1.133920463735963224e+01,1.060662350409868893e+01,9.077418866739057179e+00
4.657056405108884078e+00,9.127501957826611445e-01,-1.123291862797866969e+01,1.062860093809643303e+01,9.205682310117763834e+00
4.621567303546241234e+00,9.127501957826611445e-01,-1.112645132329074116e+01,1.064673046879285323e+01,9.330279145502112570e+00
4.586030229898148569e+00,9.127501957826611445e-01,-1.101984010234646227e+01,1.066112209442779957e+01,9.451281992081337791e+00
4.550457284449263895e+00,9.127501957826611445e-01,-1.091312126599980914e+01,1.067188363466540224e+01,9.568762368665593598e+00
4.514860215237245455e+00,9.127501957826611445e-01,-1.080633005836375204e+01,1.067912076360553186e+01,9.682790705241780316e+00
4.479250425095750998e+00,9.127501957826611445e-01,-1.069950068793927045e+01,1.068293704244833719e+01,9.793436354509067243e+00
4.443638978589707911e+00,9.127501957826611445e-01,-1.059266634842114030e+01,1.068343395181292621e+01,9.900767603391786409e+00
4.408036608844003723e+00,9.127501957826611445e-01,-1.048585923918402685e+01,1.068071092371125630e+01,1.000485168452722995e+01
4.372453724266752495e+00,9.127501957826611445e-01,-1.037911058545227405e+01,1.067486537317536843e+01,1.010575478772309488e+01
4.336900415168273071e+00,9.127501957826611445e-01,-1.027245065815683489e+01,1.066599272954382727e+01,1.020354207138699287e+01
4.301386460276932944e+00,9.127501957826611445e-01,-1.016590879348281540e+01,1.065418646740203812e+01,1.029827767391922322e+01
4.265921333152984829e+00,9.127501957826611445e-01,-1.005951341211097017e+01,1.063953813718443442e+01,1.039002472507346475e+01
4.230514208501543472e+00,9.127501957826611445e-01,-9.953292038156646981e+00,1.062213739543240720e+01,1.047884535727576072e+01
4.195173968385829788e+00,9.127501957826611445e-01,-9.847271317809505931e+00,1.060207203471410509e+01,1.056480071690459965e+01
4.159909208341806774e+00,9.127501957826611445e-01,-9.741477037677437778e+00,1.057942801320690407e+01,1.064795097552946679e+01
4.124728243395336946e+00,9.127501957826611445e-01,-9.635934142838028293e+00,1.055428948394094846e+01,1.072835534110292066e+01
4.089639113982976859e+00,9.127501957826611445e-01,-9.530666754600947144e+00,1.052673882370802616e+01,1.080607206910707951e+01
4.054649591777527817e+00,9.127501957826611445e-01,-9.425698187984600906e+00,1.049685666163471254e+01,1.088115847365011213e+01
4.019767185419444111e+00,9.127501957826611445e-01,-9.321050968910348899e+00,1.046472190742511188e+01,1.095367093851476348e+01
3.984999146155211669e+00,9.127501957826611445e-01,-9.216746851117651573e+00,1.043041177926973262e+01,1.102366492815208154e+01
3.950352473383794027e+00,9.127501957826611445e-01,-9.112806832803398649e+00,1.039400183142529244e+01,1.109119499862189429e+01
3.915833920112238964e+00,9.127501957826611445e-01,-9.009251172988733458e+00,1.035556598146651908e+01,1.115631480847778612e+01
3.881449998321531591e+00,9.127501957826611445e-01,-8.906099407616611785e+00,1.031517653721221173e+01,1.121907712959560044e+01
3.847206984243783712e+00,9.127501957826611445e-01,-8.803370365383367258e+00,1.027290422332436393e+01,1.127953385794099717e+01
3.813110923551830123e+00,9.127501957826611445e-01,-8.701082183307507378e+00,1.022881820758607674e+01,1.133773602427856986e+01
3.779167636462304358e+00,9.127501957826611445e-01,-8.599252322038928753e+00,1.018298612685772930e+01,1.139373380481880105e+01
3.745382722753260119e+00,9.127501957826611445e-01,-8.497897580911796922e+00,1.013547411271327192e+01,1.144757653180147550e+01
3.711761566697396209e+00,9.127501957826611445e-01,-8.397034112744204748e+00,1.008634681675917300e+01,1.149931270401496874e+01
3.678309341911933927e+00,9.127501957826611445e-01,-8.296677438387817460e+00,1.003566743563868435e+01,1.154898999725086739e+01
3.645031016126196732e+00,9.127501957826611445e-01,-8.196842461030605875e+00,9.983497735721158506e+00,1.159665527469055313e+01
3.611931355867928239e+00,9.127501957826611445e-01,-8.097543480255801285e+00,9.929898077480547869e+00,1.164235459722474708e+01
3.579014931069382399e+00,9.127501957826611445e-01,-7.998794205860163764e+00,9.874927439563752074e+00,1.168613323370358970e+01
3.546286119594206809e+00,9.127501957826611445e-01,-7.900607771434636994e+00,9.818643442552676959e+00,1.172803567111803957e+01
3.513749111686143234e+00,9.127501957826611445e-01,-7.802996747710446712e+00,9.761102372419072637e+00,1.176810562470862642e+01
3.481407914340550303e+00,9.127501957826611445e-01,-7.705973155673667918e+00,9.702359203677879407e+00,1.180638604800421199e+01
3.449266355599757805e+00,9.127501957826611445e-01,-7.609548479451289538e+00,9.642467622237749225e+00,1.184291914278646018e+01
3.417328088773244232e+00,9.127501957826611445e-01,-7.513733678971749264e+00,9.581480047954071821e+00,1.187774636898232217e+01
3.385596596583628770e+00,9.127501957826611445e-01,-7.418539202402902433e+00,9.519447656884638675e+00,1.191090845448173674e+01
3.354075195239461404e+00,9.127501957826611445e-01,-7.323974998370401224e+00,9.456420403250209716e+00,1.194244540487980899e+01
3.322767038435781917e+00,9.127501957826611445e-01,-7.230050527959361872e+00,9.392447041103846317e+00,1.197239651314448494e+01
3.291675121283417216e+00,9.127501957826611445e-01,-7.136774776502267770e+00,9.327575145709410265e+00,1.200080036920714299e+01
3.260802284167973131e+00,9.127501957826611445e-01,-7.044156265155935515e+00,9.261851134633225513e+00,1.202769486947729050e+01
3.230151216539476788e+00,9.127501957826611445e-01,-6.952203062270447376e+00,9.195320288548902710e+00,1.205311722627845583e+01
3.199724460633608381e+00,9.127501957826611445e-01,-6.860922794552841708e+00,9.128026771760522351e+00,1.207710397720768114e+01
3.169524415125460681e+00,9.127501957826611445e-01,-6.770322658028398166e+00,9.060013652444309784e+00,1.209969099441591212e+01
3.139553338716754460e+00,9.127501957826611445e-01,-6.680409428802279947e+00,8.991322922611866275e+00,1.212091349380958683e+01
3.109813353657429058e+00,9.127501957826611445e-01,-6.591189473624304185e+00,8.921995517797620678e+00,1.214080604417331699e+01
3.080306449202521168e+00,9.127501957826611445e-01,-6.502668760259579628e+00,8.852071336472366880e+00,1.215940257621278775e+01
3.051034485005234664e+00,9.127501957826611445e-01,-6.414852867667720560e+00,8.781589259185951235e+00,1.217673639151823117e+01
3.021999194447099857e+00,9.127501957826611445e-01,-6.327746995993315693e+00,8.710587167440442258e+00,1.219284017144712706e+01
2.993202187906109923e+00,9.127501957826611445e-01,-6.241355976370346781e+00,8.639101962296980020e+00,1.220774598592663374e+01
2.964644955963712469e+00,9.127501957826611445e-01,-6.155684280543153974e+00,8.567169582719236232e+00,1.222148530217608275e+01
2.936328872551532410e+00,9.127501957826611445e-01,-6.070736030306614239e+00,8.494825023654017926e+00,1.223408899334740418e+01
2.908255198038687261e+00,9.127501957826611445e-01,-5.986515006768078351e+00,8.422102353853544443e+00,1.224558734708546659e+01
2.880425082260550607e+00,9.127501957826611445e-01,-5.903024659433668830e+00,8.349034733440996447e+00,1.225601007400732811e+01
2.852839567489814598e+00,9.127501957826611445e-01,-5.820268115121460362e+00,8.275654431220802465e+00,1.226538631609934171e+01
2.825499591350688622e+00,9.127501957826611445e-01,-5.738248186704081988e+00,8.201992841737792972e+00,1.227374465503371148e+01
2.798405989677065886e+00,9.127501957826611445e-01,-5.656967381683214668e+00,8.128080502086820758e+00,1.228111312040360659e+01
2.771559499315483510e+00,9.127501957826611445e-01,-5.576427910598466653e+00,8.053947108474712735e+00,1.228751919787624658e+01
2.744960760873688788e+00,9.127501957826611445e-01,-5.496631695273082485e+00,7.979621532538416773e+00,1.229298983726533478e+01
2.718610321415620756e+00,9.127501957826611445e-01,-5.417580376898879280e+00,7.905131837420409369e+00,1.229755146052153059e+01
2.692508637103604663e+00,9.127501957826611445e-01,-5.339275323962830555e+00,7.830505293604828054e+00,1.230122996964199800e+01
2.666656075788552904e+00,9.127501957826611445e-01,-5.261717640017675279e+00,7.755768394515527575e+00,1.230405075449785279e+01
2.641052919548950939e+00,9.127501957826611445e-01,-5.184908171298869384e+00,7.680946871880589555e+00,1.230603870058171978e+01
2.615699367179407098e+00,9.127501957826611445e-01,-5.108847514190237860e+00,7.606065710863152418e+00,1.230721819667291506e+01
2.590595536629530571e+00,9.127501957826611445e-01,-5.033536022540608279e+00,7.531149164962958054e+00,1.230761314242235116e+01
2.565741467393896524e+00,9.127501957826611445e-01,-4.958973814833706584e+00,7.456220770690213939e+00,1.230724695585650785e+01
2.541137122853847963e+00,9.127501957826611445e-01,-4.885160781213560455e+00,7.381303362014568492e+00,1.230614258080100853e+01
2.516782392571879523e+00,9.127501957826611445e-01,-4.812096590367655580e+00,7.306419084590531909e+00,1.230432249422287683e+01
2.492677094539333282e+00,9.127501957826611445e-01,-4.739780696270016414e+00,7.231589409763872212e+00,1.230180871349385541e+01
2.468820977378136661e+00,9.127501957826611445e-01,-4.668212344786426549e+00,7.156835148358986487e+00,1.229862280357255955e+01
2.445213722497296960e+00,9.127501957826611445e-01,-4.597390580143907002e+00,7.082176464251910275e+00,1.229478588410800377e+01
2.421854946204868408e+00,9.127501957826611445e-01,-4.527314251266622236e+00,7.007632887728565407e+00,1.229031863646194367e+01
2.398744201776085827e+00,9.127501957826611445e-01,-4.457982017980274492e+00,6.933223328634774418e+00,1.228524131065450042e+01
2.375880981478368792e+00,9.127501957826611445e-01,-4.389392357087123386e+00,6.858966089315110537e+00,1.227957373222798765e+01
2.353264718553874424e+00,9.127501957826611445e-01,-4.321543568313639838e+00,6.784878877348310411e+00,1.227333530903467107e+01
2.330894789160283587e+00,9.127501957826611445e-01,-4.254433780132867327e+00,6.710978818077251162e+00,1.226654503794438433e+01
2.308770514270487073e+00,9.127501957826611445e-01,-4.188060955463477342e+00,6.637282466938954073e+00,1.225922151147547723e+01
2.286891161531838357e+00,9.127501957826611445e-01,-4.122422897247531637e+00,6.563805821594614898e+00,1.225138292434708376e+01
2.265255947085624388e+00,9.127501957826611445e-01,-4.057517253908889288e+00,6.490564333864190516e+00,1.224304707995530173e+01
2.243864037347405915e+00,9.127501957826611445e-01,-3.993341524694234312e+00,6.417572921465541924e+00,1.223423139677130855e+01
2.222714550748864593e+00,9.127501957826611445e-01,-3.929893064898610344e+00,6.344845979562396820e+00,1.222495291466378653e+01
2.201806559441789712e+00,9.127501957826611445e-01,-3.867169090977385704e+00,6.272397392122464055e+00,1.221522830114507840e+01
2.181139090964829386e+00,9.127501957826611445e-01,-3.805166685546504723e+00,6.200240543088098022e+00,1.220507385754159380e+01
2.160711129873623015e+00,9.127501957826611445e-01,-3.743882802272885613e+00,6.128388327361911081e+00,1.219450552508902597e+01
2.140521619334925685e+00,9.127501957826611445e-01,-3.683314270656793621e+00,6.056853161609199176e+00,1.218353889095240561e+01
2.120569462685323536e+00,9.127501957826611445e-01,-3.623457800707987175e+00,5.985646994880644556e+00,1.217218919417265788e+01
2.100853524955138774e+00,9.127501957826611445e-01,-3.564309987517432887e+00,5.914781319055428810e+00,1.216047133153799642e+01
2.081372634358107376e+00,9.127501957826611445e-01,-3.505867315726338695e+00,5.844267179109419175e+00,1.214839986338308009e+01
2.062125583747414392e+00,9.127501957826611445e-01,-3.448126163894259744e+00,5.774115183207895186e+00,1.213598901931363550e+01
2.043111132038653022e+00,9.127501957826611445e-01,-3.391082808767975632e+00,5.704335512628411209e+00,1.212325270386043563e+01
2.024328005600277702e+00,9.127501957826611445e-01,-3.334733429452849673e+00,5.634937931512595810e+00,1.211020450205974619e+01
2.005774899612108086e+00,9.127501957826611445e-01,-3.279074111488340826e+00,5.565931796450884761e+00,1.209685768496254354e+01
1.987450479392434799e+00,9.127501957826611445e-01,-3.224100850829320741e+00,5.497326065901986247e+00,1.208322521507266600e+01
1.969353381694268768e+00,9.127501957826611445e-01,-3.169809557734822647e+00,5.429129309449809426e+00,1.206931975171498728e+01
1.951482215971274359e+00,9.127501957826611445e-01,-3.116196060565839865e+00,5.361349716898322626e+00,1.205515365633248237e+01
1.933835565613913232e+00,9.127501957826611445e-01,-3.063256109493756263e+00,5.293995107208337991e+00,1.204073899771458223e+01
1.916411989156323381e+00,9.127501957826611445e-01,-3.010985380120986932e+00,5.227072937276955322e+00,1.202608755715596800e+01
1.899210021454449171e+00,9.127501957826611445e-01,-2.959379477015364301e+00,5.160590310562263028e+00,1.201121083354689922e+01
1.882228174835929746e+00,9.127501957826611445e-01,-2.908433937159805804e+00,5.094553985555827502e+00,1.199612004839602264e+01
1.865464940222249846e+00,9.127501957826611445e-01,-2.858144233318766325e+00,5.028970384103970126e+00,1.198082615078520519e+01
1.848918788223648413e+00,9.127501957826611445e-01,-2.808505777322961805e+00,4.963845599580429813e+00,1.196533982225746939e+01
1.832588170207272826e+00,9.127501957826611445e-01,-2.759513923273835267e+00,4.899185404912675956e+00,1.194967148163884119e+01
1.816471519339061036e+00,9.127501957826611445e-01,-2.711163970669199674e+00,4.834995260463537115e+00,1.193383128979433749e+01
1.800567251599828777e+00,9.127501957826611445e-01,-2.663451167451502677e+00,4.771280321769677535e+00,1.191782915431817536e+01
1.784873766776028381e+00,9.127501957826611445e-01,-2.616370712980101487e+00,4.708045447140118966e+00,1.190167473416001798e+01
1.769389449425643912e+00,9.127501957826611445e-01,-2.569917760928948525e+00,4.645295205115340664e+00,1.188537744418639264e+01
1.754112669819678061e+00,9.127501957826611445e-01,-2.524087422111050749e+00,4.583033881789755348e+00,1.186894645967870510e+01
1.739041784859680195e+00,9.127501957826611445e-01,-2.478874767231057152e+00,4.521265487999359678e+00,1.185239072076830347e+01
1.724175138971759003e+00,9.127501957826611445e-01,-2.434274829567293352e+00,4.459993766376357804e+00,1.183571893680906584e+01
1.709511064977518702e+00,9.127501957826611445e-01,-2.390282607584572894e+00,4.399222198272090267e+00,1.181893959068751698e+01
1.695047884942347149e+00,9.127501957826611445e-01,-2.346893067479058015e+00,4.338954010551465679e+00,1.180206094307240861e+01
1.680783911001482833e+00,9.127501957826611445e-01,-2.304101145656464844e+00,4.279192182259294874e+00,1.178509103660283053e+01
1.666717446164278860e+00,9.127501957826611445e-01,-2.261901751144852923e+00,4.219939451161192068e+00,1.176803770001633964e+01
1.652846785097076499e+00,9.127501957826611445e-01,-2.220289767943246062e+00,4.161198320160708342e+00,1.175090855221746367e+01
1.639170214885095955e+00,9.127501957826611445e-01,-2.179260057307304432e+00,4.102971063594162970e+00,1.173371100628685859e+01
1.625686015773744053e+00,9.127501957826611445e-01,-2.138807459973248726e+00,4.045259733405570657e+00,1.171645227343232243e+01
1.612392461889735396e+00,9.127501957826611445e-01,-2.098926798321222975e+00,3.988066165202597269e+00,1.169913936688137568e+01
1.599287821942414922e+00,9.127501957826611445e-01,-2.059612878479261333e+00,3.931391984196141998e+00,1.168177910571688116e+01
1.586370359905665994e+00,9.127501957826611445e-01,-2.020860492369014771e+00,3.875238611024678370e+00,1.166437811865566410e+01
1.573638335680782818e+00,9.127501957826611445e-01,-1.982664419694365021e+00,3.819607267464952827e+00,1.164694284777058897e+01
1.561090005740676689e+00,9.127501957826611445e-01,-1.945019429874046635e+00,3.764498982031838636e+00,1.162947955215779317e+01
1.548723623755786205e+00,9.127501957826611445e-01,-1.907920283919375182e+00,3.709914595467145304e+00,1.161199431154776995e+01
1.536537441202050491e+00,9.127501957826611445e-01,-1.871361736258168040e+00,3.655854766120714139e+00,1.159449302986254615e+01
1.524529707951301161e+00,9.127501957826611445e-01,-1.835338536505920048e+00,3.602319975224799187e+00,1.157698143871887986e+01
1.512698672844423609e+00,9.127501957826611445e-01,-1.799845431185287392e+00,3.549310532063265633e+00,1.155946510087797918e+01
1.501042584247633815e+00,9.127501957826611445e-01,-1.764877165394918013e+00,3.496826579036937943e+00,1.154194941364202087e+01
1.489559690592208385e+00,9.127501957826611445e-01,-1.730428484428641722e+00,3.444868096627629050e+00,1.152443961219898760e+01
1.478248240898002885e+00,9.127501957826611445e-01,-1.696494135346025223e+00,3.393434908261649952e+00,1.150694077291562500e+01
1.467106485281088890e+00,9.127501957826611445e-01,-1.663068868495283237e+00,3.342526685074198589e+00,1.148945781657891629e+01
1.456132675445832803e+00,9.127501957826611445e-01,-1.630147438989514974e+00,3.292142950576826266e+00,1.147199551158731268e+01
1.445325065161735312e+00,9.127501957826611445e-01,-1.597724608137222502e+00,3.242283085229247241e+00,1.145455847709202502e+01
1.434681910725347009e+00,9.127501957826611445e-01,-1.565795144828057595e+00,3.192946330916490716e+00,1.143715118608843362e+01
1.424201471407567698e+00,9.127501957826611445e-01,-1.534353826874719662e+00,3.144131795333793278e+00,1.141977796845907456e+01
1.413882009886634261e+00,9.127501957826611445e-01,-1.503395442311919350e+00,3.095838456280031181e+00,1.140244301396811188e+01
1.403721792667097512e+00,9.127501957826611445e-01,-1.472914790653309103e+00,3.048065165861024717e+00,1.138515037520771678e+01
1.393719090485081580e+00,9.127501957826611445e-01,-1.442906684107261306e+00,3.000810654604779693e+00,1.136790397049751888e+01
1.383872178700115363e+00,9.127501957826611445e-01,-1.413365948752362655e+00,2.954073535489865066e+00,1.135070758673750291e+01
1.374179337673822943e+00,9.127501957826611445e-01,-1.384287425673485394e+00,2.907852307887726084e+00,1.133356488221424030e+01
1.364638853135752061e+00,9.127501957826611445e-01,-1.355665972059272750e+00,2.862145361421264411e+00,1.131647938936199260e+01
1.355249016536617335e+00,9.127501957826611445e-01,-1.327496462261868571e+00,2.816950979740417971e+00,1.129945451747854968e+01
1.346008125389230425e+00,9.127501957826611445e-01,-1.299773788819707843e+00,2.772267344216072793e+00,1.128249355539636589e+01
1.336914483597383185e+00,9.127501957826611445e-01,-1.272492863444166122e+00,2.728092537554172026e+00,1.126559967411000684e+01
1.327966401772946892e+00,9.127501957826611445e-01,-1.245648617970857241e+00,2.684424547330888089e+00,1.124877592936003090e+01
1.319162197541446702e+00,9.127501957826611445e-01,-1.219236005276356671e+00,2.641261269450057014e+00,1.123202526417369995e+01
1.310500195836363790e+00,9.127501957826611445e-01,-1.193250000161107938e+00,2.598600511524873369e+00,1.121535051136376637e+01
1.301978729182417194e+00,9.127501957826611445e-01,-1.167685600199268148e+00,2.556439996183978991e+00,1.119875439598471090e+01
1.293596137968069160e+00,9.127501957826611445e-01,-1.142537826556224045e+00,2.514777364304410234e+00,1.118223953774818646e+01
1.285350770707496038e+00,9.127501957826611445e-01,-1.117801724774504679e+00,2.473610178171936624e+00,1.116580845339743178e+01
1.277240984292262516e+00,9.127501957826611445e-01,-1.093472365528804113e+00,2.432935924570056585e+00,1.114946355904125319e+01
1.269265144232933240e+00,9.127501957826611445e-01,-1.069544845350816287e+00,2.392752017798782660e+00,1.113320717244796754e+01
1.261421624890848747e+00,9.127501957826611445e-01,-1.046014287324562808e+00,2.353055802625347859e+00,1.111704151530078555e+01
1.253708809700294191e+00,9.127501957826611445e-01,-1.022875841752899140e+00,2.313844557166366833e+00,1.110096871541346886e+01
1.246125091381281136e+00,9.127501957826611445e-01,-1.000124686795859974e+00,2.275115495703916579e+00,1.108499080890805644e+01
1.238668872143158906e+00,9.127501957826611445e-01,-9.777560290814932831e-01,2.236865771436669093e+00,1.106910974235517564e+01
1.231338563879272208e+00,9.127501957826611445e-01,-9.557651042898331895e-01,2.199092479166009362e+00,1.105332737487617578e+01
1.224132588352873086e+00,9.127501957826611445e-01,-9.341471777106358232e-01,2.161792657919736627e+00,1.103764548020910041e+01
1.217049377374494812e+00,9.127501957826611445e-01,-9.128975447755010020e-01,2.124963293513482121e+00,1.102206574873798139e+01
1.210087372970990227e+00,9.127501957826611445e-01,-8.920115315649872478e-01,2.088601321051375415e+00,1.100658978948638911e+01
1.203245027546434365e+00,9.127501957826611445e-01,-8.714844952913196607e-01,2.052703627366758710e+00,1.099121913207543955e+01
1.196520804035086094e+00,9.127501957826611445e-01,-8.513118247572748487e-01,2.017267053404481203e+00,1.097595522864720685e+01
1.189913176046602628e+00,9.127501957826611445e-01,-8.314889407918244491e-01,1.982288396545039966e+00,1.096079945575321624e+01
1.183420628003694297e+00,9.127501957826611445e-01,-8.120112966630994578e-01,1.947764412872499129e+00,1.094575311620939928e+01
1.177041655272407006e+00,9.127501957826611445e-01,-7.928743784692375840e-01,1.913691819386187376e+00,1.093081744091695029e+01
1.170774764285211322e+00,9.127501957826611445e-01,-7.740737055076505335e-01,1.880067296158705048e+00,1.091599359065105546e+01
1.164618472657080739e+00,9.127501957826611445e-01,-7.556048306232587830e-01,1.846887488439175051e+00,1.090128265781591743e+01
1.158571309294731844e+00,9.127501957826611445e-01,-7.374633405362120975e-01,1.814149008704668553e+00,1.088668566816845740e+01
1.152631814499199825e+00,9.127501957826611445e-01,-7.196448561496160412e-01,1.781848438659605627e+00,1.087220358250998942e+01
1.146798540061918725e+00,9.127501957826611445e-01,-7.021450328377727423e-01,1.749982331184329887e+00,1.085783729834655809e+01
1.141070049354472316e+00,9.127501957826611445e-01,-6.849595607154335131e-01,1.718547212233922927e+00,1.084358765151849013e+01
1.135444917412177679e+00,9.127501957826611445e-01,-6.680841648885496031e-01,1.687539582688390993e+00,1.082945541779984211e+01
1.129921731011663155e+00,9.127501957826611445e-01,-6.515146056870060320e-01,1.656955920154357109e+00,1.081544131446735157e+01
1.124499088742595410e+00,9.127501957826611445e-01,-6.352466788798027952e-01,1.626792680720323681e+00,1.080154600184052072e+01
1.119175601073711501e+00,9.127501957826611445e-01,-6.192762158731510702e-01,1.597046300665172502e+00,1.078777008479202237e+01
1.113949890413306942e+00,9.127501957826611445e-01,-6.035990838919373935e-01,1.567713198121367668e+00,1.077411411422943033e+01
1.108820591164325187e+00,9.127501957826611445e-01,-5.882111861449921264e-01,1.538789774694526713e+00,1.076057858854953508e+01
1.103786349774198428e+00,9.127501957826611445e-01,-5.731084619746118491e-01,1.510272417038027726e+00,1.074716395506341726e+01
1.098845824779578040e+00,9.127501957826611445e-01,-5.582868869907506859e-01,1.482157498386116323e+00,1.073387061139536591e+01
1.093997686846097217e+00,9.127501957826611445e-01,-5.437424731903082176e-01,1.454441380044246834e+00,1.072069890685394000e+01
1.089240618803301697e+00,9.127501957826611445e-01,-5.294712690619216566e-01,1.427120412838656094e+00,1.070764914377673449e+01
1.084573315674884020e+00,9.127501957826611445e-01,-5.154693596766686259e-01,1.400190938525303075e+00,1.069472157884863428e+01
1.079994484704351221e+00,9.127501957826611445e-01,-5.017328667650702290e-01,1.373649291159839692e+00,1.068191642439476929e+01
1.075502845376257843e+00,9.127501957826611445e-01,-4.882579487807900964e-01,1.347491798428013254e+00,1.066923384964722388e+01
1.071097129433129069e+00,9.127501957826611445e-01,-4.750408009514037744e-01,1.321714782938632204e+00,1.065667398198722893e+01
1.066776080888199196e+00,9.127501957826611445e-01,-4.620776553166141554e-01,1.296314563478961901e+00,1.064423690816234824e+01
1.062538456034085366e+00,9.127501957826611445e-01,-4.493647807542726635e-01,1.271287456234149182e+00,1.063192267547987768e+01
1.058383023447519555e+00,9.127501957826611445e-01,-4.368984829945752324e-01,1.246629775969743115e+00,1.061973129297516749e+01
1.054308563990251413e+00,9.127501957826611445e-01,-4.246751046227708049e-01,1.222337837180442754e+00,1.060766273255767267e+01
1.050313870806238947e+00,9.127501957826611445e-01,-4.126910250707334082e-01,1.198407955203739661e+00,1.059571693013300653e+01
1.046397749315239878e+00,9.127501957826611445e-01,-4.009426605977362001e-01,1.174836447299720810e+00,1.058389378670198511e+01
1.042559017202910887e+00,9.127501957826611445e-01,-3.894264642607492277e-01,1.151619633698697243e+00,1.057219316943794851e+01
1.038796504407525800e+00,9.127501957826611445e-01,-3.781389258745939674e-01,1.128753838615526028e+00,1.056061491274093278e+01
1.035109053103414611e+00,9.127501957826611445e-01,-3.670765719622604006e-01,1.106235391233356680e+00,1.054915881927109744e+01
1.031495517681230600e+00,9.127501957826611445e-01,-3.562359656957083676e-01,1.084060626655203308e+00,1.053782466095949566e+01
1.027954764725142578e+00,9.127501957826611445e-01,-3.456137068274443003e-01,1.062225886826406729e+00,1.052661217999896337e+01
1.024485672987054397e+00,9.127501957826611445e-01,-3.352064316131797561e-01,1.040727521426454416e+00,1.051552108981327471e+01
1.021087133357947652e+00,9.127501957826611445e-01,-3.250108127258595214e-01,1.019561888732023469e+00,1.050455107600616422e+01
1.017758048836441498e+00,9.127501957826611445e-01,-3.150235591613410602e-01,9.987253564518461246e-01,1.049370179729050534e+01
1.014497334494664393e+00,9.127501957826611445e-01,-3.052414161360097467e-01,9.782143025331313524e-01,1.048297288639712121e+01
1.011303917441527034e+00,9.127501957826611445e-01,-2.956611649765976679e-01,9.580251159412078721e-01,1.047236395096460981e+01
1.008176736783486183e+00,9.127501957826611445e-01,-2.862796230024751143e-01,9.381541974122553640e-01,1.046187457440978008e+01
1.005114743582886216e+00,9.127501957826611445e-01,-2.770936434006752158e-01,9.185979601799898475e-01,1.045150431677931557e+01
1.002116900813964095e+00,9.127501957826611445e-01,-2.681001150939088529e-01,8.993528306766362945e-01,1.044125271558272772e+01
9.991821833166003586e-01,9.127501957826611445e-01,-2.592959626018176422e-01,8.804152492091210647e-01,1.043111928660730392e+01
9.963095777478973014e-01,9.127501957826611445e-01,-2.506781458957084707e-01,8.617816706109171498e-01,1.042110352471520862e+01
9.934980825316658271e-01,9.127501957826611445e-01,-2.422436602470140476e-01,8.434485648694423077e-01,1.041120490462242820e+01
9.907467078058965759e-01,9.127501957826611445e-01,-2.339895360697062943e-01,8.254124177307753385e-01,1.040142288166106965e+01
9.880544753682933834e-01,9.127501957826611445e-01,-2.259128387568967167e-01,8.076697312809577589e-01,1.039175689252406087e+01
9.854204186199425619e-01,9.127501957826611445e-01,-2.180106685118442522e-01,7.902170245052464459e-01,1.038220635599340191e+01
9.828435825071911713e-01,9.127501957826611445e-01,-2.102801601735900805e-01,7.730508338254171719e-01,1.037277067365182681e+01
9.803230234618048877e-01,9.127501957826611445e-01,-2.027184830374312297e-01,7.561677136158850843e-01,1.036344923057845513e+01
9.778578093394765247e-01,9.127501957826611445e-01,-1.953228406704461406e-01,7.395642366985089033e-01,1.035424139602806370e+01
9.754470193567509329e-01,9.127501957826611445e-01,-1.880904707222693650e-01,7.232369948176775587e-01,1.034514652409540858e+01
9.730897440264348885e-01,9.127501957826611445e-01,-1.810186447313212321e-01,7.071825990948132912e-01,1.033616395436349222e+01
9.707850850915551444e-01,9.127501957826611445e-01,-1.741046679266819996e-01,6.913976804639232476e-01,1.032729301253724152e+01
9.685321554579291448e-01,9.127501957826611445e-01,-1.673458790258040008e-01,6.758788900877998884e-01,1.031853301106199616e+01
9.663300791254093580e-01,9.127501957826611445e-01,-1.607396500282446405e-01,6.606228997559360216e-01,1.030988324972769199e+01
9.641779911178623985e-01,9.127501957826611445e-01,-1.542833860056037620e-01,6.456264022640878508e-01,1.030134301625848536e+01
9.620750374119412252e-01,9.127501957826611445e-01,-1.479745248878402419e-01,6.308861117763520099e-01,1.029291158688851304e+01
9.600203748647089252e-01,9.127501957826611445e-01,-1.418105372461433422e-01,6.163987641696899722e-01,1.028458822692354779e+01
9.580131711401689287e-01,9.127501957826611445e-01,-1.357889260725233527e-01,6.021611173619989543e-01,1.027637219128947521e+01
9.560526046347579410e-01,9.127501957826611445e-01,-1.299072265562903894e-01,5.881699516232963276e-01,1.026826272506700732e+01
9.541378644018536637e-01,9.127501957826611445e-01,-1.241630058575775575e-01,5.744220698712831918e-01,1.026025906401370591e+01
9.522681500753507056e-01,9.127501957826611445e-01,-1.185538628780686832e-01,5.609142979508874305e-01,1.025236043507281991e+01
9.504426717923550871e-01,9.127501957826611445e-01,-1.130774280290818279e-01,5.476434848986855286e-01,1.024456605686960486e+01
9.486606501150464110e-01,9.127501957826611445e-01,-1.077313629971557996e-01,5.346065031926028333e-01,1.023687514019544764e+01
9.469213159517572143e-01,9.127501957826611445e-01,-1.025133605072882093e-01,5.218002489867590299e-01,1.022928688847947143e+01
9.452239104773160205e-01,9.127501957826611445e-01,-9.742114408396462810e-02,5.092216423323581154e-01,1.022180049824839365e+01
9.435676850526996118e-01,9.127501957826611445e-01,-9.245246781011540183e-02,4.968676273849226277e-01,1.021441515957480739e+01
9.419519011440407041e-01,9.127501957826611445e-01,-8.760511608413867890e-02,4.847351725976722925e-01,1.020713005651353456e+01
9.403758302410332170e-01,9.127501957826611445e-01,-8.287690337511621763e-02,4.728212709022461269e-01,1.019994436752713085e+01
9.388387537747784339e-01,9.127501957826611445e-01,-7.826567397635186829e-02,4.611229398764349341e-01,1.019285726590008423e+01
9.373399630351135770e-01,9.127501957826611445e-01,-7.376930175735729733e-02,4.496372218994570957e-01,1.018586792014210118e+01
9.358787590874629858e-01,9.127501957826611445e-01,-6.938568991440552391e-02,4.383611842951773419e-01,1.017897549438077220e+01
9.344544526892504255e-01,9.127501957826611445e-01,-6.511277071976784292e-02,4.272919194637680995e-01,1.017217914874400009e+01
9.330663642059122687e-01,9.127501957826611445e-01,-6.094850526975337246e-02,4.164265450014470460e-01,1.016547803973169373e+01
9.317138235265473023e-01,9.127501957826611445e-01,-5.689088323165847338e-02,4.057622038094899075e-01,1.015887132057783226e+01
9.303961699792401285e-01,9.127501957826611445e-01,-5.293792258973695208e-02,3.952960641921521301e-01,1.015235814160241645e+01
9.291127522460932431e-01,9.127501957826611445e-01,-4.908766939029629572e-02,3.850253199440656360e-01,1.014593765055376906e+01
9.278629282780016529e-01,9.127501957826611445e-01,-4.533819748602152533e-02,3.749471904274770395e-01,1.013960899294145612e+01
9.266460652092042283e-01,9.127501957826611445e-01,-4.168760827962925131e-02,3.650589206392274022e-01,1.013337131235959809e+01
9.254615392716427635e-01,9.127501957826611445e-01,-3.813403046694485710e-02,3.553577812684394210e-01,1.012722375080149462e+01
9.243087357091614997e-01,9.127501957826611445e-01,-3.467561977950106566e-02,3.458410687443791431e-01,1.012116544896487902e+01
9.231870486915766394e-01,9.127501957826611445e-01,-3.131055872674648466e-02,3.365061052754581006e-01,1.011519554654871200e+01
9.220958812286467188e-01,9.127501957826611445e-01,-2.803705633795672281e-02,3.273502388789761852e-01,1.010931318254102074e+01
9.210346450839709265e-01,9.127501957826611445e-01,-2.485334790392934590e-02,3.183708434027376910e-01,1.010351749549880829e+01
9.200027606888450116e-01,9.127501957826611445e-01,-2.175769471855160120e-02,3.095653185377744698e-01,1.009780762381922337e+01
9.189996570561009825e-01,9.127501957826611445e-01,-1.874838382031951411e-02,3.009310898232087084e-01,1.009218270600288925e+01
9.180247716939572422e-01,9.127501957826611445e-01,-1.582372773388829312e-02,2.924656086431220992e-01,1.008664188090923375e+01
9.170775505199044719e-01,9.127501957826611445e-01,-1.298206421172998226e-02,2.841663522158310862e-01,1.008118428800410094e+01
9.161574477746520229e-01,9.127501957826611445e-01,-1.022175597597263508e-02,2.760308235757347184e-01,1.007580906759976180e+01
9.152639259361595725e-01,9.127501957826611445e-01,-7.541190460495283965e-03,2.680565515477351113e-01,1.007051536108724044e+01
9.143964556337759175e-01,9.127501957826611445e-01,-4.938779553344319062e-03,2.602410907150964903e-01,1.006530231116175322e+01
9.135545155625083291e-01,9.127501957826611445e-01,-2.412959339541553838e-03,2.525820213802765224e-01,1.006016906204073535e+01
9.127375923974448968e-01,9.127501957826611445e-01,3.781015564874312673e-05,2.450769495190296965e-01,1.005511475967467838e+01
9.119451807083489570e-01,9.127501957826611445e-01,2.415045222936562652e-03,2.377235067287819525e-01,1.005013855195171857e+01
9.111767828744481434e-01,9.127501957826611445e-01,4.720238724639003181e-03,2.305193501702440528e-01,1.004523958889488355e+01
9.104319089994368230e-01,9.127501957826611445e-01,6.954860349672964404e-03,2.234621625033961223e-01,1.004041702285307025e+01
9.097100768267107895e-01,9.127501957826611445e-01,9.120356867851064919e-03,2.165496518178100516e-01,1.003567000868566161e+01
9.090108116548533124e-01,9.127501957826611445e-01,1.121815238342349641e-02,2.097795515572431491e-01,1.003099770394066681e+01
9.083336462533899702e-01,9.127501957826611445e-01,1.324964858781352284e-02,2.031496204390026428e-01,1.002639926902681644e+01
9.076781207788292560e-01,9.127501957826611445e-01,1.521622501149566542e-02,1.966576423682142583e-01,1.002187386737971053e+01
9.070437826910064949e-01,9.127501957826611445e-01,1.711923927496394882e-02,1.903014263468283396e-01,1.001742066562179190e+01
9.064301866697459520e-01,9.127501957826611445e-01,1.896002733874557755e-02,1.840788063781628736e-01,1.001303883371690873e+01
9.058368945318571175e-01,9.127501957826611445e-01,2.073990375241208106e-02,1.779876413666503510e-01,1.000872754511906315e+01
9.052634751484801567e-01,9.127501957826611445e-01,2.246016190254296330e-02,1.720258150130882235e-01,1.000448597691563180e+01
9.047095043627947364e-01,9.127501957826611445e-01,2.412207425959922436e-02,1.661912357056261058e-01,1.000031330996522527e+01
9.041745649081058822e-01,9.127501957826611445e-01,2.572689262366578689e-02,1.604818364066562530e-01,9.996208729030321649e+00
9.036582463263200804e-01,9.127501957826611445e-01,2.727584836902319232e-02,1.548955745357405434e-01,9.992171422904764455e+00
9.031601448868247228e-01,9.127501957826611445e-01,2.877015268750926502e-02,1.494304318486072702e-01,9.988200584536116367e+00
9.026798635057829978e-01,9.127501957826611445e-01,3.021099683063444008e-02,1.440844143125175059e-01,9.984295411143152776e+00
9.022170116658555505e-01,9.127501957826611445e-01,3.159955235041678190e-02,1.388555519782341818e-01,9.980455104328651572e+00
9.017712053363610147e-01,9.127501957826611445e-01,3.293697133890038931e-02,1.337418988483607407e-01,9.976678870187262405e+00
9.013420668938851854e-01,9.127501957826611445e-01,3.422438666632787729e-02,1.287415327427487988e-01,9.972965919409077173e+00
9.009292250433502680e-01,9.127501957826611445e-01,3.546291221793262949e-02,1.238525551604752195e-01,9.969315467378407902e+00
9.005323147395531969e-01,9.127501957826611445e-01,3.665364312932384294e-02,1.190730911391213453e-01,9.965726734268445242e+00
9.001509771091829037e-01,9.127501957826611445e-01,3.779765602043472228e-02,1.144012891110879337e-01,9.962198945131522265e+00
8.997848593733257516e-01,9.127501957826611445e-01,3.889600922800617866e-02,1.098353207571456380e-01,9.958731329985152314e+00
8.994336147704671269e-01,9.127501957826611445e-01,3.994974303658205272e-02,1.053733808575874065e-01,9.955323123894169512e+00
8.990969024799979614e-01,9.127501957826611445e-01,4.095987990798954925e-02,1.010136871407496528e-01,9.951973567048739255e+00
8.987743875462336218e-01,9.127501957826611445e-01,4.192742470928256804e-02,9.675448012930187858e-02,9.948681904838585055e+00
8.984657408029531611e-01,9.127501957826611445e-01,4.285336493912395017e-02,9.259402298413821342e-02,9.945447387923262994e+00
8.981706387984650375e-01,9.127501957826611445e-01,4.373867095258832105e-02,8.853060134643708778e-02,9.942269272299025573e+00
8.978887637212068507e-01,9.127501957826611445e-01,4.458429618436288155e-02,8.456252317745605040e-02,9.939146819361820206e+00
8.976198033258848685e-01,9.127501957826611445e-01,4.539117737032882793e-02,8.068811859659463792e-02,9.936079295966923297e+00
8.973634508601595616e-01,9.127501957826611445e-01,4.616023476750474863e-02,7.690573971759206984e-02,9.933065974485097982e+00
8.971194049918826963e-01,9.127501957826611445e-01,4.689237237233534472e-02,7.321376048305960893e-02,9.930106132855396339e+00
8.968873697368914266e-01,9.127501957826611445e-01,4.758847813730915366e-02,6.961057649738089381e-02,9.927199054634691322e+00
8.966670543873636046e-01,9.127501957826611445e-01,4.824942418589261983e-02,6.609460485834661725e-02,9.924344029044240401e+00
8.964581734407401914e-01,9.127501957826611445e-01,4.887606702576285933e-02,6.266428398702394986e-02,9.921540351012787085e+00
8.962604465292181022e-01,9.127501957826611445e-01,4.946924776032912696e-02,5.931807345662676312e-02,9.918787321216957054e+00
8.960735983498177015e-01,9.127501957826611445e-01,5.002979229853032894e-02,5.605445382012019806e-02,9.916084246118650469e+00
8.958973585950291696e-01,9.127501957826611445e-01,5.055851156289592474e-02,5.287192643655957980e-02,9.913430437999455336e+00
8.957314618840405140e-01,9.127501957826611445e-01,5.105620169586189139e-02,4.976901329659666473e-02,9.910825214992458498e+00
8.955756476945511135e-01,9.127501957826611445e-01,5.152364426433009292e-02,4.674425684682015358e-02,9.908267901111150522e+00
8.954296602951729023e-01,9.127501957826611445e-01,5.196160646246472670e-02,4.379621981346337733e-02,9.905757826275928934e+00
8.952932486784221933e-01,9.127501957826611445e-01,5.237084131271685372e-02,4.092348502521270248e-02,9.903294326337929832e+00
8.951661664943053598e-01,9.127501957826611445e-01,5.275208786506735414e-02,3.812465523505004228e-02,9.900876743100118560e+00
8.950481719844984863e-01,9.127501957826611445e-01,5.310607139448797476e-02,3.539835294206206129e-02,9.898504424336550755e+00
8.949390279171253182e-01,9.127501957826611445e-01,5.343350359660747895e-02,3.274322021195041899e-02,9.896176723808558506e+00
8.948385015221329564e-01,9.127501957826611445e-01,5.373508278158456442e-02,3.015791849770854682e-02,9.893893001279293387e+00
8.947463644272685146e-01,9.127501957826611445e-01,5.401149406617788973e-02,2.764112845933253126e-02,9.891652622525510807e+00
8.946623925946566303e-01,9.127501957826611445e-01,5.426340956401354276e-02,2.519154978356530350e-02,9.889454959347579788e+00
8.945863662579794928e-01,9.127501957826611445e-01,5.449148857404495505e-02,2.280790100314122881e-02,9.887299389577187014e+00
8.945180698602600566e-01,9.127501957826611445e-01,5.469637776720326361e-02,2.048891931583085579e-02,9.885185297083035394e+00
8.944572919922489929e-01,9.127501957826611445e-01,5.487871137123645493e-02,1.823336040331913210e-02,9.883112071774556640e+00
8.944038253314153808e-01,9.127501957826611445e-01,5.503911135373729113e-02,1.603999825008362023e-02,9.881079109603820854e+00
8.943574665815421376e-01,9.127501957826611445e-01,5.517818760335702066e-02,1.390762496197295306e-02,9.879085812565330471e+00
8.943180164129254095e-01,9.127501957826611445e-01,5.529653810920720503e-02,1.183505058501843621e-02,9.877131588694226139e+00
8.942852794031781460e-01,9.127501957826611445e-01,5.539474913844899540e-02,9.821102924179037075e-03,9.875215852062629196e+00
8.942590639786370810e-01,9.127501957826611445e-01,5.547339541207219060e-02,7.864627362319520643e-03,9.873338022774392542e+00
8.942391823563734521e-01,9.127501957826611445e-01,5.553304027886307725e-02,5.964486679088665255e-03,9.871497526957952573e+00
8.942254504868056841e-01,9.127501957826611445e-01,5.557423588756638111e-02,4.119560870330385427e-03,9.869693796757896820e+00
8.942176879969137016e-01,9.127501957826611445e-01,5.559752335724232886e-02,2.328746967594774731e-03,9.867926270324836935e+00
8.942157181340542049e-01,9.127501957826611445e-01,5.560343294582081874e-02,5.909588578489888278e-04,9.866194391803670527e+00
8.942193677103750238e-01,9.127501957826611445e-01,5.559248421685836217e-02,-1.094872896245657756e-03,9.864497611320613757e+00
8.942284670478278796e-01,9.127501957826611445e-01,5.556518620449979462e-02,-2.729801235856754715e-03,9.862835384968644092e+00
8.942428499237776718e-01,9.127501957826611445e-01,5.552203757665041817e-02,-4.314862784937645301e-03,9.861207174791713825e+00
8.942623535172066207e-01,9.127501957826611445e-01,5.546352679636357141e-02,-5.851078028684675303e-03,9.859612448767679282e+00
8.942868183555123807e-01,9.127501957826611445e-01,5.539013228144629153e-02,-7.339451491727988497e-03,9.858050680789718356e+00
8.943160882618970131e-01,9.127501957826611445e-01,5.530232256229239418e-02,-8.780971915389734761e-03,9.856521350646902491e+00
8.943500103033463766e-01,9.127501957826611445e-01,5.520055643794430367e-02,-1.017661243480905142e-02,9.855023944003136194e+00
8.943884347391960477e-01,9.127501957826611445e-01,5.508528313039529056e-02,-1.152733075490131043e-02,9.853557952375494366e+00
8.944312149702833281e-01,9.127501957826611445e-01,5.495694243713344918e-02,-1.283406932618413876e-02,9.852122873110950252e+00
8.944782074886816758e-01,9.127501957826611445e-01,5.481596488193840599e-02,-1.409775551950431804e-02,9.850718209362433697e+00
8.945292718280162259e-01,9.127501957826611445e-01,5.466277186393475596e-02,-1.531930180036500388e-02,9.849343470063569583e+00
8.945842705143571827e-01,9.127501957826611445e-01,5.449777580491188544e-02,-1.649960590228705115e-02,9.847998169902625776e+00
8.946430690176884193e-01,9.127501957826611445e-01,5.432138029491817566e-02,-1.763955099937097870e-02,9.846681829295548027e+00
8.947055357039491730e-01,9.127501957826611445e-01,5.413398023613591459e-02,-1.874000587822610697e-02,9.845393974357909528e+00
8.947715417876457300e-01,9.127501957826611445e-01,5.393596198504624351e-02,-1.980182510896710824e-02,9.844134136876078855e+00
8.948409612850298789e-01,9.127501957826611445e-01,5.372770349289379688e-02,-2.082584921524466282e-02,9.842901854277648965e+00
8.949136709678418011e-01,9.127501957826611445e-01,5.350957444445803013e-02,-2.181290484357667481e-02,9.841696669600882075e+00
8.949895503176138467e-01,9.127501957826611445e-01,5.328193639514189339e-02,-2.276380493161367369e-02,9.840518131463529272e+00
8.950684814805321965e-01,9.127501957826611445e-01,5.304514290638684404e-02,-2.367934887550493528e-02,9.839365794030882739e+00
8.951503492228536363e-01,9.127501957826611445e-01,5.279953967942252469e-02,-2.456032269643193544e-02,9.838239216982991309e+00
8.952350408868733345e-01,9.127501957826611445e-01,5.254546468736343012e-02,-2.540749920590945621e-02,9.837137965481455026e+00
8.953224463474411809e-01,9.127501957826611445e-01,5.228324830565989068e-02,-2.622163817035394473e-02,9.836061610135306665e+00
8.954124579690225794e-01,9.127501957826611445e-01,5.201321344091569543e-02,-2.700348647441952465e-02,9.835009726966497112e+00
8.955049705633006951e-01,9.127501957826611445e-01,5.173567565808134816e-02,-2.775377828343472686e-02,9.833981897374647119e+00
8.955998813473162734e-01,9.127501957826611445e-01,5.145094330603461330e-02,-2.847323520467348601e-02,9.832977708101362069e+00
8.956970899021419186e-01,9.127501957826611445e-01,5.115931764155767780e-02,-2.916256644769354978e-02,9.831996751193864625e+00
8.957964981320869491e-01,9.127501957826611445e-01,5.086109295172258626e-02,-2.982246898350915387e-02,9.831038623968213486e+00
8.958980102244288313e-01,9.127501957826611445e-01,5.055655667469693970e-02,-3.045362770256465623e-02,9.830102928972133114e+00
8.960015326096679722e-01,9.127501957826611445e-01,5.024598951897951693e-02,-3.105671557174227715e-02,9.829189273947237737e+00
