0.000000000000000000e+00,0.000000000000000000e+00,0.000000000000000000e+00,0.000000000000000000e+00,9.810000000000000497e+00
0.000000000000000000e+00,6.190082411620769776e+00,1.857024723486230755e+01,0.000000000000000000e+00,2.838024723486230982e+01
1.857024723486230865e-03,6.190082411620769776e+00,1.856467616069184956e+01,-5.571074170459766606e-01,2.781756874364587162e+01
5.514806321337048685e-03,6.190082411620769776e+00,1.855370281589829773e+01,-1.097334479355005499e+00,2.726636833654329450e+01
1.091822475284219551e-02,6.190082411620769776e+00,1.853749256060378059e+01,-1.621025529451713965e+00,2.672646703115206890e+01
1.801328988746254967e-02,6.190082411620769776e+00,1.851620736519992150e+01,-2.128519540385997999e+00,2.619768782481392577e+01
2.674712380456429478e-02,6.190082411620769776e+00,1.849000586344861574e+01,-2.620150175130575576e+00,2.567985568831804244e+01
3.706794329049784703e-02,6.190082411620769776e+00,1.845904340499081542e+01,-3.096245845780032369e+00,2.517279755921078532e+01
4.892504253235247652e-02,6.190082411620769776e+00,1.842347210726525120e+01,-3.557129772556422154e+00,2.467634233470882776e+01
6.226877600767798809e-02,6.190082411620769776e+00,1.838344090683927590e+01,-4.003120042597707595e+00,2.419032086424157058e+01
7.705054156942765797e-02,6.190082411620769776e+00,1.833909561015402545e+01,-4.434529668524778145e+00,2.371456594162924603e+01
9.322276372534024635e-02,6.190082411620769776e+00,1.829057894368628823e+01,-4.851666646773988845e+00,2.324891229691230166e+01
1.107388771109440728e-01,6.190082411620769776e+00,1.823803060352947725e+01,-5.254834015681097981e+00,2.279319658784837799e+01
1.295533101553327238e-01,6.190082411620769776e+00,1.818158730439630943e+01,-5.644329913316603609e+00,2.234725739107970810e+01
1.496214689388293551e-01,6.190082411620769776e+00,1.812138282804582090e+01,-6.020447635049031021e+00,2.191093519299678860e+01
1.708997212416256684e-01,6.190082411620769776e+00,1.805754807113743254e+01,-6.383475690838835703e+00,2.148407238029859911e+01
1.933453807824518367e-01,6.190082411620769776e+00,1.799021109251495432e+01,-6.733697862247733923e+00,2.106651323026721911e+01
2.169166916463047268e-01,6.190082411620769776e+00,1.791949715992339520e+01,-7.071393259156000255e+00,2.065810390076739367e+01
2.415728129002343572e-01,6.190082411620769776e+00,1.784552879616160936e+01,-7.396836376178672623e+00,2.025869241998293546e+01
2.672738033961623016e-01,6.190082411620769776e+00,1.776842582467382314e+01,-7.710297148778533227e+00,1.986812867589529219e+01
2.939806067596797412e-01,6.190082411620769776e+00,1.768830541458326877e+01,-8.012041009055348439e+00,1.948626440552791905e+01
3.216550365637499964e-01,6.190082411620769776e+00,1.760528212517105828e+01,-8.302328941220959990e+00,1.911295318395009701e+01
3.502597616862152541e-01,6.190082411620769776e+00,1.751946794980366562e+01,-8.581417536739444074e+00,1.874805041306422027e+01
3.797582918499869398e-01,6.190082411620769776e+00,1.743097235931234934e+01,-8.849559049131539012e+00,1.839141331018080905e+01
4.101149633447767062e-01,6.190082411620769776e+00,1.733990234482797987e+01,-9.107001448436946589e+00,1.804290089639103201e+01
4.412949249292055787e-01,6.190082411620769776e+00,1.724636246007469254e+01,-9.353988475328645080e+00,1.770237398474604618e+01
4.732641239121090360e-01,6.190082411620769776e+00,1.715045486312597944e+01,-9.590759694871220375e+00,1.736969516825475779e+01
5.059892924118379876e-01,6.190082411620769776e+00,1.705227935762679436e+01,-9.817550549918685476e+00,1.704472880770811116e+01
5.394379337923377316e-01,6.190082411620769776e+00,1.695193343348529424e+01,-1.003459241414992320e+01,1.672734101933536977e+01
5.735783092747710477e-01,6.190082411620769776e+00,1.684951230703799752e+01,-1.024211264472976168e+01,1.641739966230823455e+01
6.083794247234352026e-01,6.190082411620769776e+00,1.674510896069200427e+01,-1.044033463459941302e+01,1.611477432609259353e+01
6.438110176047086020e-01,6.190082411620769776e+00,1.663881418204818630e+01,-1.062947786438188658e+01,1.581933631766630022e+01
6.798435441177486105e-01,6.190082411620769776e+00,1.653071660250906660e+01,-1.080975795391196925e+01,1.553095864859709785e+01
7.164481664956483531e-01,6.190082411620769776e+00,1.642090273537536405e+01,-1.098138671336998939e+01,1.524951602200537515e+01
7.535967404757486499e-01,6.190082411620769776e+00,1.630945701343506471e+01,-1.114457219403002242e+01,1.497488481940504279e+01
7.912618029377893603e-01,6.190082411620769776e+00,1.619646182604893880e+01,-1.129951873861241296e+01,1.470694308743652634e+01
8.294165597085737529e-01,6.190082411620769776e+00,1.608199755573658862e+01,-1.144642703123528449e+01,1.444557052450130463e+01
8.680348735318083042e-01,6.190082411620769776e+00,1.596614261426688408e+01,-1.158549414697036539e+01,1.419064846729651919e+01
9.070912522017724466e-01,6.190082411620769776e+00,1.584897347825699043e+01,-1.171691360098927603e+01,1.394205987726771490e+01
9.465608368594633504e-01,6.190082411620769776e+00,1.573056472428391928e+01,-1.184087539730720451e+01,1.369968932697671526e+01
9.864193904498519405e-01,6.190082411620769776e+00,1.561098906351275417e+01,-1.195756607711651043e+01,1.346342298639624424e+01
1.026643286338880134e+00,6.190082411620769776e+00,1.549031737584567026e+01,-1.206716876670839156e+01,1.323314860913727919e+01
1.067209497088822179e+00,6.190082411620769776e+00,1.536861874359584412e+01,-1.216986322498261330e+01,1.300875551861323132e+01
1.108095583390625416e+00,6.190082411620769776e+00,1.524596048469043374e+01,-1.226582589054103778e+01,1.279013459414939646e+01
1.149279683151843701e+00,6.190082411620769776e+00,1.512240818540677978e+01,-1.235522992836548539e+01,1.257717825704129488e+01
1.190740500738766139e+00,6.190082411620769776e+00,1.499802573264601158e+01,-1.243824527607673147e+01,1.236978045656928060e+01
1.232457296371345379e+00,6.190082411620769776e+00,1.487287534574827319e+01,-1.251503868977383860e+01,1.216783665597443509e+01
1.274409875669522130e+00,6.190082411620769776e+00,1.474701760785374205e+01,-1.258577378945302527e+01,1.197124381840071727e+01
1.316578579349539035e+00,6.190082411620769776e+00,1.462051149681369289e+01,-1.265061110400500510e+01,1.177990039280868828e+01
1.358944273068836806e+00,6.190082411620769776e+00,1.449341441565579913e+01,-1.270970811578946424e+01,1.159370629986633539e+01
1.401488337418121066e+00,6.190082411620769776e+00,1.436578222260794746e+01,-1.276321930478507838e+01,1.141256291782286958e+01
1.444192658059187728e+00,6.190082411620769776e+00,1.423766926068474703e+01,-1.281129619232013184e+01,1.123637306836461569e+01
1.487039616007090892e+00,6.190082411620769776e+00,1.410912838684103576e+01,-1.285408738437094911e+01,1.106504100247008715e+01
1.530012078055240865e+00,6.190082411620769776e+00,1.398021100069658829e+01,-1.289173861444492530e+01,1.089847238625166348e+01
1.573093387342016092e+00,6.190082411620769776e+00,1.385096707283626039e+01,-1.292439278603270125e+01,1.073657428680355963e+01
1.616267354057471684e+00,6.190082411620769776e+00,1.372144517268989361e+01,-1.295219001463667752e+01,1.057925515805321659e+01
1.659518246288732568e+00,6.190082411620769776e+00,1.359169249599611007e+01,-1.297526766937826537e+01,1.042642482661784520e+01
1.702830781002655280e+00,6.190082411620769776e+00,1.346175489185434415e+01,-1.299376041417668048e+01,1.027799447767766416e+01
1.746190115164345746e+00,6.190082411620769776e+00,1.333167688936927142e+01,-1.300780024850727301e+01,1.013387664086199891e+01
1.789581836990122410e+00,6.190082411620769776e+00,1.320150172389194054e+01,-1.301751654773299904e+01,9.993985176158941997e+00
1.832991957333514943e+00,6.190082411620769776e+00,1.307127136286176317e+01,-1.302303610301782655e+01,9.858235259843937115e+00
1.876406901202891886e+00,6.190082411620769776e+00,1.294102653125363389e+01,-1.302448316081301627e+01,9.726543370440618119e+00
1.919813499409312785e+00,6.190082411620769776e+00,1.281080673663437253e+01,-1.302197946192613642e+01,9.598827274708236601e+00
1.963198980343204614e+00,6.190082411620769776e+00,1.268065029383269682e+01,-1.301564428016748209e+01,9.475006013665215221e+00
2.006550961878462935e+00,6.190082411620769776e+00,1.255059434922691963e+01,-1.300559446057762969e+01,9.354999888649290440e+00
2.049857443402586021e+00,6.190082411620769776e+00,1.242067490465455037e+01,-1.299194445723692581e+01,9.238730447417625058e+00
2.093106797971451272e+00,6.190082411620769776e+00,1.229092684094795551e+01,-1.297480637065957509e+01,9.126120470288380915e+00
2.136287764587345261e+00,6.190082411620769776e+00,1.216138394110027221e+01,-1.295428998476833016e+01,9.017093956331942550e+00
2.179389440598872518e+00,6.190082411620769776e+00,1.203207891306569266e+01,-1.293050280345804381e+01,8.911576109607649343e+00
2.222401274221360357e+00,6.190082411620769776e+00,1.190304341219822781e+01,-1.290355008674635151e+01,8.809493325451876800e+00
2.265313057176393308e+00,6.190082411620769776e+00,1.177430806333313029e+01,-1.287353488650988531e+01,8.710773176823245478e+00
2.308114917449108461e+00,6.190082411620769776e+00,1.164590248251498394e+01,-1.284055808181454594e+01,8.615344400700438499e+00
2.350797312161893693e+00,6.190082411620769776e+00,1.151785529837662736e+01,-1.280471841383556963e+01,8.523136884541058222e+00
2.393351020563132980e+00,6.190082411620769776e+00,1.139019417317290994e+01,-1.276611252037178623e+01,8.434081652801124207e+00
2.435767137129652760e+00,6.190082411620769776e+00,1.126294582347335194e+01,-1.272483496995593377e+01,8.348110853517418661e+00
2.478037064781524190e+00,6.190082411620769776e+00,1.113613604051773720e+01,-1.268097829556142919e+01,8.265157744956308505e+00
2.520152508207891273e+00,6.190082411620769776e+00,1.100978971023863551e+01,-1.263463302791012488e+01,8.185156682328511124e+00
2.562105467302491224e+00,6.190082411620769776e+00,1.088393083295483521e+01,-1.258588772837998526e+01,8.108043104574850446e+00
2.603888230707548601e+00,6.190082411620769776e+00,1.075858254273966352e+01,-1.253482902151721312e+01,8.033753521222450900e+00
2.645493369464728239e+00,6.190082411620769776e+00,1.063376712646812550e+01,-1.248154162715389148e+01,7.962225499314234511e+00
2.686913730771839148e+00,6.190082411620769776e+00,1.050950604254679277e+01,-1.242610839213327267e+01,7.893397650413520594e+00
2.728142431843991300e+00,6.190082411620769776e+00,1.038581993933033587e+01,-1.236861032164564556e+01,7.827209617684690812e+00
2.769172853877912122e+00,6.190082411620769776e+00,1.026272867322857252e+01,-1.230912661017624643e+01,7.763602063052326585e+00
2.809998636118137938e+00,6.190082411620769776e+00,1.014025132650789551e+01,-1.224773467206774491e+01,7.702516654440151100e+00
2.850613670023808055e+00,6.190082411620769776e+00,1.001840622479088516e+01,-1.218451017170103512e+01,7.643896053089850540e+00
2.891012093534786942e+00,6.190082411620769776e+00,9.897210954257948501e+00,-1.211952705329366609e+01,7.587683900964282913e+00
2.931188285435862184e+00,6.190082411620769776e+00,9.776682378554722774e+00,-1.205285757032257266e+01,7.533824808232150616e+00
2.971136859817760989e+00,6.190082411620769776e+00,9.656836655409026804e+00,-1.198457231456964145e+01,7.482264340839385852e+00
3.010852660633743572e+00,6.190082411620769776e+00,9.537689252961078168e+00,-1.191474024479477478e+01,7.432949008166303884e+00
3.050330756350542849e+00,6.190082411620769776e+00,9.419254965810679892e+00,-1.184342871503978323e+01,7.385826250770897161e+00
3.089566434692418984e+00,6.190082411620769776e+00,9.301547930785051932e+00,-1.177070350256284037e+01,7.340844428222212059e+00
3.128555197477117744e+00,6.190082411620769776e+00,9.184581642430956094e+00,-1.169662883540962817e+01,7.297952807021328425e+00
3.167292755542518545e+00,6.190082411620769776e+00,9.068368968234754135e+00,-1.162126741962024035e+01,7.257101548614514286e+00
3.205775023762780673e+00,6.190082411620769776e+00,8.952922163573967751e+00,-1.154468046607863840e+01,7.218241697495329845e+00
3.243998116152792210e+00,6.190082411620769776e+00,8.838252886403932251e+00,-1.146692771700346114e+01,7.181325169400471609e+00
3.281958341059743933e+00,6.190082411620769776e+00,8.724372211683077083e+00,-1.138806747208551684e+01,7.146304739597560740e+00
3.319652196440655345e+00,6.190082411620769776e+00,8.611290645540343291e+00,-1.130815661427342356e+01,7.113134031266920232e+00
3.357076365224693326e+00,6.190082411620769776e+00,8.499018139188230236e+00,-1.122725063521139433e+01,7.081767503976836409e+00
3.394227710759129213e+00,6.190082411620769776e+00,8.387564102584921244e+00,-1.114540366033076602e+01,7.052160442254155726e+00
3.431103272337790333e+00,6.190082411620769776e+00,8.276937417848937883e+00,-1.106266847359833605e+01,7.024268944250602331e+00
3.467700260810876678e+00,6.190082411620769776e+00,8.167146452429680181e+00,-1.097909654192590345e+01,6.998049910503777227e+00
3.504016054275013392e+00,6.190082411620769776e+00,8.058199072037268706e+00,-1.089473803924101425e+01,6.973461032796254955e+00
3.540048193842429747e+00,6.190082411620769776e+00,7.950102653335020086e+00,-1.080964187022490641e+01,6.950460783110114171e+00
3.575794379488157038e+00,6.190082411620769776e+00,7.842864096397837770e+00,-1.072385569371818725e+01,6.929008402679651013e+00
3.611252465974152503e+00,6.190082411620769776e+00,7.736489836939851372e+00,-1.063742594579863976e+01,6.909063891141212110e+00
3.646420458849262136e+00,6.190082411620769776e+00,7.630985858314522474e+00,-1.055039786253288980e+01,6.890587995781633168e+00
3.681296510523949905e+00,6.190082411620769776e+00,7.526357703290459611e+00,-1.046281550240633074e+01,6.873542200884129372e+00
3.715878916418725808e+00,6.190082411620769776e+00,7.422610485606131903e+00,-1.037472176843277083e+01,6.857888717173361570e+00
3.750166111185219364e+00,6.190082411620769776e+00,7.319748901306651234e+00,-1.028615842994806684e+01,6.843590471358584892e+00
3.784156664998848729e+00,6.190082411620769776e+00,7.217777239865762695e+00,-1.019716614408880950e+01,6.830611095776953690e+00
3.817849279922055583e+00,6.190082411620769776e+00,7.116699395096143022e+00,-1.010778447696205617e+01,6.818914918134087344e+00
3.851242786337075952e+00,6.190082411620769776e+00,7.016518875851081916e+00,-1.001805192450611059e+01,6.808466951344971818e+00
3.884336139447230885e+00,6.190082411620769776e+00,6.917238816520616673e+00,-9.928005933046479825e+00,6.799232883474137346e+00
3.917128415845732903e+00,6.190082411620769776e+00,6.818861987325110618e+00,-9.837682919550605476e+00,6.791179067774505640e+00
3.949618810151012571e+00,6.190082411620769776e+00,6.721390804409271169e+00,-9.747118291583900529e+00,6.784272512825371138e+00
3.981806631707574873e+00,6.190082411620769776e+00,6.624827339739584708e+00,-9.656346466968690478e+00,6.778480872770894727e+00
4.013691301351414609e+00,6.190082411620769776e+00,6.529173330808065501e+00,-9.565400893151920769e+00,6.773772437656145229e+00
4.045272348239019600e+00,6.190082411620769776e+00,6.434430190145250528e+00,-9.474314066281497304e+00,6.770116123863753721e+00
4.076549406739010450e+00,6.190082411620769776e+00,6.340599014645277975e+00,-9.383117549997255225e+00,6.767481464648023248e+00
4.107522213385466969e+00,6.190082411620769776e+00,6.247680594705908419e+00,-9.291841993936955646e+00,6.765838600768953270e+00
4.138190603892000219e+00,6.190082411620769776e+00,6.155675423186308670e+00,-9.200517151959974882e+00,6.765158271226334286e+00
4.168554510225655818e+00,6.190082411620769776e+00,6.064583704185341873e+00,-9.109171900096679764e+00,6.765411804088662606e+00
4.198613957739720348e+00,6.190082411620769776e+00,5.974405361643148282e+00,-9.017834254219359025e+00,6.766571107423789755e+00
4.228369062364527586e+00,6.190082411620769776e+00,5.885140047768726568e+00,-8.926531387442171450e+00,6.768608660326555615e+00
4.257820027855367506e+00,6.190082411620769776e+00,5.796787151296206808e+00,-8.835289647251975964e+00,6.771497504044231341e+00
4.286967143096611643e+00,6.190082411620769776e+00,5.709345805572474397e+00,-8.744134572373241099e+00,6.775211233199233796e+00
4.315810779461175528e+00,6.190082411620769776e+00,5.622814896478782742e+00,-8.653090909369165473e+00,6.779723987109617767e+00
4.344351388224450439e+00,6.190082411620769776e+00,5.537193070188958011e+00,-8.562182628982473176e+00,6.785010441206485332e+00
4.372589498031845601e+00,6.190082411620769776e+00,5.452478740766772525e+00,-8.471432942218548590e+00,6.791045798548224433e+00
4.400525712419096180e+00,6.190082411620769776e+00,5.368670097605020786e+00,-8.380864316175173911e+00,6.797805781429847372e+00
4.428160707384489747e+00,6.190082411620769776e+00,5.285765112708840086e+00,-8.290498489618070010e+00,6.805266623090770572e+00
4.455495229012192304e+00,6.190082411620769776e+00,5.203761547825732414e+00,-8.200356488310767133e+00,6.813405059514965778e+00
4.482530091145846107e+00,6.190082411620769776e+00,5.122656961424771005e+00,-8.110458640096140925e+00,6.822198321328630577e+00
4.509266173111632803e+00,6.190082411620769776e+00,5.042448715527410918e+00,-8.020824589736008647e+00,6.831624125791402768e+00
4.535704417489998974e+00,6.190082411620769776e+00,4.963133982392312404e+00,-7.931473313509851408e+00,6.841660668882461493e+00
4.561845827935252728e+00,6.190082411620769776e+00,4.884709751056551141e+00,-7.842423133576126304e+00,6.852286617480425335e+00
4.587691467042255056e+00,6.190082411620769776e+00,4.807172833735544160e+00,-7.753691732100698175e+00,6.863481101634846482e+00
4.613242454259420811e+00,6.190082411620769776e+00,4.730519872084046895e+00,-7.665296165149726448e+00,6.875223706934320944e+00
4.638499963847279695e+00,6.190082411620769776e+00,4.654747343320470243e+00,-7.577252876357665201e+00,6.887494466962805539e+00
4.663465222881835182e+00,6.190082411620769776e+00,4.579851566216803782e+00,-7.489577710366646102e+00,6.900273855850158178e+00
4.688139509301975316e+00,6.190082411620769776e+00,4.505828706956383378e+00,-7.402285926042040387e+00,6.913542780914343489e+00
4.712524150000207079e+00,6.190082411620769776e+00,4.432674784861688089e+00,-7.315392209469528950e+00,6.927282575392159636e+00
4.736620518955978021e+00,6.190082411620769776e+00,4.360385677994375264e+00,-7.228910686731282453e+00,6.941474991263093308e+00
4.760430035410875504e+00,6.190082411620769776e+00,4.288957128629682813e+00,-7.142854936469245075e+00,6.956102192160438236e+00
4.783954162084988582e+00,6.190082411620769776e+00,4.218384748607343582e+00,-7.057238002233923169e+00,6.971146746373420910e+00
4.807194403433738827e+00,6.190082411620769776e+00,4.148664024561092845e+00,-6.972072404625073716e+00,6.986591619936019626e+00
4.830152303944482917e+00,6.190082411620769776e+00,4.079790323028860577e+00,-6.887370153223226765e+00,7.002420169805634309e+00
4.852829446472207486e+00,6.190082411620769776e+00,4.011758895445686868e+00,-6.803142758317370919e+00,7.018616137128316446e+00
4.875227450613644820e+00,6.190082411620769776e+00,3.944564883021374868e+00,-6.719401242431199961e+00,7.035163640590175405e+00
4.897347971119141441e+00,6.190082411620769776e+00,3.878203321504885004e+00,-6.636156151648986423e+00,7.052047169855899078e+00
4.919192696341624149e+00,6.190082411620769776e+00,3.812669145837436879e+00,-6.553417566744812461e+00,7.069251579092624915e+00
4.940763346722016003e+00,6.190082411620769776e+00,3.747957194696261318e+00,-6.471195114117556102e+00,7.086762080578705714e+00
4.962061673310465437e+00,6.190082411620769776e+00,3.684062214930913015e+00,-6.389497976534830315e+00,7.104564238396083198e+00
4.983089456322754351e+00,6.190082411620769776e+00,3.620978865894046272e+00,-6.308334903686674267e+00,7.122643962207372503e+00
5.003848503731264330e+00,6.190082411620769776e+00,3.558701723668516337e+00,-6.227714222552993562e+00,7.140987501115523273e+00
5.024340649889885491e+00,6.190082411620769776e+00,3.497225285192652855e+00,-6.147643847586348187e+00,7.159581437606305165e+00
5.044567754192267550e+00,6.190082411620769776e+00,3.436543972285506676e+00,-6.068131290714617876e+00,7.178412681570889298e+00
5.064531699762806483e+00,6.190082411620769776e+00,3.376652135573889879e+00,-5.989183671161679712e+00,7.197468464412210665e+00
5.084234392179786788e+00,6.190082411620769776e+00,3.317544058322948963e+00,-5.910807725094091580e+00,7.216736333228857880e+00
5.103677758230089623e+00,6.190082411620769776e+00,3.259213960172040458e+00,-5.833009815090850481e+00,7.236204145081190475e+00
5.122863744694901023e+00,6.190082411620769776e+00,3.201656000777606259e+00,-5.755795939443419940e+00,7.255860061334186817e+00
5.141794317165845563e+00,6.190082411620769776e+00,3.144864283364772639e+00,-5.679171741283361996e+00,7.275692542081411140e+00
5.160471458890998342e+00,6.190082411620769776e+00,3.088832858189314301e+00,-5.603142517545833812e+00,7.295690340643480987e+00
5.178897169650215737e+00,6.190082411620769776e+00,3.033555725911662115e+00,-5.527713227765218562e+00,7.315842498146444051e+00
5.197073464659247577e+00,6.190082411620769776e+00,2.979026840884566596e+00,-5.452888502709551943e+00,7.336138338175015150e+00
5.215002373502096944e+00,6.190082411620769776e+00,2.925240114356018495e+00,-5.378672652854810110e+00,7.356567461501208882e+00
5.232685939091096472e+00,6.190082411620769776e+00,2.872189417589019911e+00,-5.305069676699858405e+00,7.377119740889162003e+00
5.250126216654185107e+00,6.190082411620769776e+00,2.819868584899754005e+00,-5.232083268926590591e+00,7.397785315973163911e+00
5.267325272748871079e+00,6.190082411620769776e+00,2.768271416615696090e+00,-5.159716828405791489e+00,7.418554588209905098e+00
5.284285184302377480e+00,6.190082411620769776e+00,2.717391681955176885e+00,-5.087973466051920468e+00,7.439418215903256915e+00
5.301008037677474860e+00,6.190082411620769776e+00,2.667223121829884747e+00,-5.016856012529213871e+00,7.460367109300671373e+00
5.317495927763501662e+00,6.190082411620769776e+00,2.617759451571804341e+00,-4.946367025808040552e+00,7.481392425763764287e+00
5.333750957092105338e+00,6.190082411620769776e+00,2.568994363585993312e+00,-4.876508798581102866e+00,7.502485565004890944e+00
5.349775234977209415e+00,6.190082411620769776e+00,2.520921529930681082e+00,-4.807283365531223041e+00,7.523638164399458539e+00
5.365570876678753542e+00,6.190082411620769776e+00,2.473534604826048700e+00,-4.738692510463238250e+00,7.544842094362810947e+00
5.381140002589734017e+00,6.190082411620769776e+00,2.426827227093107275e+00,-4.670737773294142414e+00,7.566089453798965359e+00
5.396484737446094471e+00,6.190082411620769776e+00,2.380793022524025915e+00,-4.603420456908136060e+00,7.587372565615890352e+00
5.411607209559016418e+00,6.190082411620769776e+00,2.335425606185260072e+00,-4.536741633876584245e+00,7.608683972308676324e+00
5.426509550069169130e+00,6.190082411620769776e+00,2.290718584654801937e+00,-4.470702153045813532e+00,7.630016431608988903e+00
5.441193892222482731e+00,6.190082411620769776e+00,2.246665558194861134e+00,-4.405302645994080279e+00,7.651362912200781352e+00
5.455662370667016425e+00,6.190082411620769776e+00,2.203260122861260051e+00,-4.340543533360108341e+00,7.672716589501152207e+00
5.469917120770499963e+00,6.190082411620769776e+00,2.160495872550809437e+00,-4.276425031045061331e+00,7.694070841505748604e+00
5.483960277958134455e+00,6.190082411620769776e+00,2.118366400987905962e+00,-4.212947156290347550e+00,7.715419244697558909e+00
5.497793977070238647e+00,6.190082411620769776e+00,2.076865303651593386e+00,-4.150109733631257569e+00,7.736755570020336314e+00
5.511420351739344525e+00,6.190082411620769776e+00,2.035986179644275751e+00,-4.087912400731763540e+00,7.758073778912512708e+00
5.524841533786341685e+00,6.190082411620769776e+00,1.995722633503284271e+00,-4.026354614099147966e+00,7.779368019404136803e+00
5.538059652635279662e+00,6.190082411620769776e+00,1.956068276956470342e+00,-3.965435654681392919e+00,7.800632622275077921e+00
5.551076834746444533e+00,6.190082411620769776e+00,1.917016730622975729e+00,-3.905154633349461335e+00,7.821862097273514891e+00
5.563895203067336759e+00,6.190082411620769776e+00,1.878561625660299050e+00,-3.845510496267667833e+00,7.843051129392631715e+00
5.576516876501168340e+00,6.190082411620769776e+00,1.840696605358804305e+00,-3.786502030149474507e+00,7.864194575209330296e+00
5.588943969392521360e+00,6.190082411620769776e+00,1.803415326684745246e+00,-3.728127867405905960e+00,7.885287459278839783e+00
5.601178591029801979e+00,6.190082411620769776e+00,1.766711461772903391e+00,-3.670386491184185473e+00,7.906324970588718415e+00
5.613222845164141717e+00,6.190082411620769776e+00,1.730578699369884177e+00,-3.613276240301921405e+00,7.927302459067963269e+00
5.625078829544388093e+00,6.190082411620769776e+00,1.695010746229145049e+00,-3.556795314073912806e+00,7.948215432155232740e+00
5.636748635467849766e+00,6.190082411620769776e+00,1.660001328458760028e+00,-3.500941777038502067e+00,7.969059551420258458e+00
5.648234347346453355e+00,6.190082411620769776e+00,1.625544192822949263e+00,-3.445713563581076500e+00,7.989830629241873261e+00
5.659538042287981519e+00,6.190082411620769776e+00,1.591633107998364771e+00,-3.391108482458449203e+00,8.010524625539915178e+00
5.670661789692063692e+00,6.190082411620769776e+00,1.558261865786118250e+00,-3.337124221224652132e+00,8.031137644561466615e+00
5.681607650860601488e+00,6.190082411620769776e+00,1.525424282280504862e+00,-3.283758350561338801e+00,8.051665931719167446e+00
5.692377678622311699e+00,6.190082411620769776e+00,1.493114198995374231e+00,-3.231008328513063077e+00,8.072105870482310763e+00
5.702973916971069812e+00,6.190082411620769776e+00,1.461325483949099890e+00,-3.178871504627434064e+00,8.092453979321666324e+00
5.713398400717760062e+00,6.190082411620769776e+00,1.430052032709029142e+00,-3.127345124007074872e+00,8.112706908701955655e+00
5.723653155155320249e+00,6.190082411620769776e+00,1.399287769396348580e+00,-3.076426331268056202e+00,8.132861438128292875e+00
5.733740195736693579e+00,6.190082411620769776e+00,1.369026647652228590e+00,-3.026112174411998978e+00,8.152914473240230109e+00
5.743661527765390851e+00,6.190082411620769776e+00,1.339262651566136775e+00,-2.976399608609181513e+00,8.172863042956954871e+00
5.753419146098384118e+00,6.190082411620769776e+00,1.309989796567156972e+00,-2.927285499897980259e+00,8.192704296669177211e+00
5.763015034861044050e+00,6.190082411620769776e+00,1.281202130279177176e+00,-2.878766628797979621e+00,8.212435501481198941e+00
5.772451167173851871e+00,6.190082411620769776e+00,1.252893733340753712e+00,-2.830839693842346350e+00,8.232054039498407860e+00
5.781729504890609661e+00,6.190082411620769776e+00,1.225058720190480344e+00,-2.783501315027336886e+00,8.251557405163143954e+00
5.790851998347884333e+00,6.190082411620769776e+00,1.197691239818656328e+00,-2.736748037182401561e+00,8.270943202636255265e+00
5.799820586125422395e+00,6.190082411620769776e+00,1.170785476486042143e+00,-2.690576333261418540e+00,8.290209143224624100e+00
5.808637194817283245e+00,6.190082411620769776e+00,1.144335650410459593e+00,-2.644982607558254983e+00,8.309353042852205107e+00
5.817303738813428993e+00,6.190082411620769776e+00,1.118336018422022349e+00,-2.599963198843724399e+00,8.328372819578298447e+00
5.825822120091532774e+00,6.190082411620769776e+00,1.092780874587711004e+00,-2.555514383431134462e+00,8.347266491156577928e+00
5.834194228018751538e+00,6.190082411620769776e+00,1.067664550806054713e+00,-2.511632378165629120e+00,8.366032172640426978e+00
5.842421939163235045e+00,6.190082411620769776e+00,1.042981417372604191e+00,-2.468313343345052147e+00,8.384668074027551654e+00
5.850507117115120614e+00,6.190082411620769776e+00,1.018725883516947484e+00,-2.425553385565670794e+00,8.403172497951278075e+00
5.858451612316801338e+00,6.190082411620769776e+00,9.948923979119053129e-01,-2.383348560504217062e+00,8.421543837407689637e+00
5.866257261902223519e+00,6.190082411620769776e+00,9.714754491556387705e-01,-2.341694875626654238e+00,8.439780573528985030e+00
5.873925889544998391e+00,6.190082411620769776e+00,9.484695662273141537e-01,-2.300588292832461690e+00,8.457881273394853849e+00
5.881459305315112296e+00,6.190082411620769776e+00,9.258693189169724391e-01,-2.260024731034171452e+00,8.475844587882800596e+00
5.888859305544015044e+00,6.190082411620769776e+00,9.036693182302641958e-01,-2.220000068670824334e+00,8.493669249559440360e+00
5.896127672697873301e+00,6.190082411620769776e+00,8.818642167686894240e-01,-2.180510146157477180e+00,8.511354070611211853e+00
5.903266175258792714e+00,6.190082411620769776e+00,8.604487090859311849e-01,-2.141550768275823913e+00,8.528897940810107769e+00
5.910276567613792942e+00,6.190082411620769776e+00,8.394175320209305013e-01,-2.103117706500068351e+00,8.546299825520861759e+00
5.917160589951345528e+00,6.190082411620769776e+00,8.187654650082727414e-01,-2.065206701265775990e+00,8.563558763742497248e+00
5.923919968165272110e+00,6.190082411620769776e+00,7.984873303664929978e-01,-2.027813464177974367e+00,8.580673866188519128e+00
5.930556413765818213e+00,6.190082411620769776e+00,7.785779935648546868e-01,-1.990933680163831099e+00,8.597644313401023197e+00
5.937071623797703701e+00,6.190082411620769776e+00,7.590323634691982235e-01,-1.954563009565646325e+00,8.614469353903551507e+00
5.943467280764980210e+00,6.190082411620769776e+00,7.398453925673686982e-01,-1.918697090182952536e+00,8.631148302384417548e+00
5.949745052562494863e+00,6.190082411620769776e+00,7.210120771748247392e-01,-1.883331539254395892e+00,8.647680537920429344e+00
5.955906592413801270e+00,6.190082411620769776e+00,7.025274576209055155e-01,-1.848461955391922373e+00,8.664065502228982751e+00
5.961953538815331299e+00,6.190082411620769776e+00,6.843866184163154287e-01,-1.814083920459008681e+00,8.680302697957307245e+00
5.967887515486656191e+00,6.190082411620769776e+00,6.665846884023407526e-01,-1.780193001397467611e+00,8.696391687004872750e+00
5.973710131326681605e+00,6.190082411620769776e+00,6.491168408822645119e-01,-1.746784752007624064e+00,8.712332088874640945e+00
5.979422980375594499e+00,6.190082411620769776e+00,6.319782937355258312e-01,-1.713854714673868074e+00,8.728123579061659143e+00
5.985027641782413532e+00,6.190082411620769776e+00,6.151643095150687301e-01,-1.681398422045710106e+00,8.743765887469358233e+00
5.990525679777979562e+00,6.190082411620769776e+00,5.986701955283706411e-01,-1.649411398669808904e+00,8.759258796858562235e+00
5.995918643653231683e+00,6.190082411620769776e+00,5.824913039026142769e-01,-1.617889162575636419e+00,8.774602141326978355e+00
6.001208067742616947e+00,6.190082411620769776e+00,5.666230316344584850e-01,-1.586827226815579195e+00,8.789795804818879787e+00
6.006395471412483644e+00,6.190082411620769776e+00,5.510608206248583940e-01,-1.556221100960009096e+00,8.804839719664849795e+00
6.011482359054316937e+00,6.190082411620769776e+00,5.358001576993585147e-01,-1.526066292549987935e+00,8.819733865149370189e+00
6.016470220082664966e+00,6.190082411620769776e+00,5.208365746143144293e-01,-1.496358308504408541e+00,8.834478266109906386e+00
6.021360528937623968e+00,6.190082411620769776e+00,5.061656480494374222e-01,-1.467092656487700708e+00,8.849072991561737211e+00
6.026154745091739429e+00,6.190082411620769776e+00,4.917829995870910409e-01,-1.438264846234638128e+00,8.863518153352453410e+00
6.030854313061190020e+00,6.190082411620769776e+00,4.776842956787392680e-01,-1.409870390835177290e+00,8.877813904843563364e+00
6.035460662421124667e+00,6.190082411620769776e+00,4.638652475989353263e-01,-1.381904807980394168e+00,8.891960439618541656e+00
6.039975207825021286e+00,6.190082411620769776e+00,4.503216113872454684e-01,-1.354363621168985787e+00,8.905957990218260178e+00
6.044399349027940183e+00,6.190082411620769776e+00,4.370491877784887791e-01,-1.327242360875668936e+00,8.919806826902821228e+00
6.048734470913549544e+00,6.190082411620769776e+00,4.240438221216606962e-01,-1.300536565682808288e+00,8.933507256438852906e+00
6.052981943524802233e+00,6.190082411620769776e+00,4.113014042879026277e-01,-1.274241783375806847e+00,8.947059620912096278e+00
6.057143122098146648e+00,6.190082411620769776e+00,3.988178685678693824e-01,-1.248353572003324530e+00,8.960464296564545350e+00
6.061219347101147292e+00,6.190082411620769776e+00,3.865891935588674500e-01,-1.222867500900193249e+00,8.973721692658674698e+00
6.065211944273413813e+00,6.190082411620769776e+00,3.746114020420678870e-01,-1.197779151679956300e+00,8.986832250362112973e+00
6.069122224670716825e+00,6.190082411620769776e+00,3.628805608501588509e-01,-1.173084119190903607e+00,8.999796441659256629e+00
6.072951484712185710e+00,6.190082411620769776e+00,3.513927807257521962e-01,-1.148778012440665464e+00,9.012614768285086342e+00
6.076701006230482704e+00,6.190082411620769776e+00,3.401442161708612133e-01,-1.124856455489098295e+00,9.025287760681763416e+00
6.080372056524847579e+00,6.190082411620769776e+00,3.291310652877665888e-01,-1.101315088309462453e+00,9.037815976978304633e+00
6.083965888416910772e+00,6.190082411620769776e+00,3.183495696115770102e-01,-1.078149567618957860e+00,9.050200001992619647e+00
6.087483740309172831e+00,6.190082411620769776e+00,3.077960139347908353e-01,-1.055355567678617490e+00,9.062440446256173843e+00
6.090926836246060461e+00,6.190082411620769776e+00,2.974667261241279448e-01,-1.032928781066289048e+00,9.074537945057839394e+00
6.094296385977454378e+00,6.190082411620769776e+00,2.873580769299461934e-01,-1.010864919418175134e+00,9.086493157511771557e+00
6.097593585024599250e+00,6.190082411620769776e+00,2.774664797885115775e-01,-9.891597141434615992e-01,9.098306765645050476e+00
6.100819614748308695e+00,6.190082411620769776e+00,2.677883906173832429e-01,-9.678089171128334556e-01,9.109979473504550285e+00
6.103975642419368519e+00,6.190082411620769776e+00,2.583203076042037694e-01,-9.468083013179473539e-01,9.121512006286256025e+00
6.107062821291057375e+00,6.190082411620769776e+00,2.490587709891372015e-01,-9.261536615066567890e-01,9.132905109482480910e+00
6.110082290673694239e+00,6.190082411620769776e+00,2.400003628412266110e-01,-9.058408147910590458e-01,9.144159548050168951e+00
6.113035176011136329e+00,6.190082411620769776e+00,2.311417068289003396e-01,-8.858656012326271423e-01,9.155276105596273695e+00
6.115922588959137762e+00,6.190082411620769776e+00,2.224794679848960399e-01,-8.662238844004299665e-01,9.166255583584465683e+00
6.118745627465497883e+00,6.190082411620769776e+00,2.140103524658156786e-01,-8.469115519080361310e-01,9.177098800557779157e+00
6.121505375851913122e+00,6.190082411620769776e+00,2.057311073065699603e-01,-8.279245159245718355e-01,9.187806591381999510e+00
6.124202904897466659e+00,6.190082411620769776e+00,1.976385201699093486e-01,-8.092587136660611691e-01,9.198379806503847789e+00
6.126839271923670616e+00,6.190082411620769776e+00,1.897294190912974798e-01,-7.909101078611868729e-01,9.208819311230111992e+00
6.129415520880997725e+00,6.190082411620769776e+00,1.820006722193161508e-01,-7.728746871981329036e-01,9.219125985021182856e+00
6.131932682436826987e+00,6.190082411620769776e+00,1.744491875518283663e-01,-7.551484667487784463e-01,9.229300720803049529e+00
6.134391774064736680e+00,6.190082411620769776e+00,1.670719126680992872e-01,-7.377274883729079136e-01,9.239344424295191871e+00
6.136793800135075472e+00,6.190082411620769776e+00,1.598658344570829115e-01,-7.206078211016375690e-01,9.249258013355445840e+00
6.139139752006750328e+00,6.190082411620769776e+00,1.528279788420583429e-01,-7.037855615024568579e-01,9.259042417339601982e+00
6.141430608120159285e+00,6.190082411620769776e+00,1.459554105018314729e-01,-6.872568340226870021e-01,9.268698576479145856e+00
6.143667334091215793e+00,6.190082411620769776e+00,1.392452325886619491e-01,-6.710177913169523833e-01,9.278227441271710063e+00
6.145850882806399795e+00,6.190082411620769776e+00,1.326945864431099409e-01,-6.550646145552008193e-01,9.287629971887909619e+00
6.147982194518772481e+00,6.190082411620769776e+00,1.263006513059918845e-01,-6.393935137118056389e-01,9.296907137594185855e+00
6.150062196944904080e+00,6.190082411620769776e+00,1.200606440275970854e-01,-6.240007278394799073e-01,9.306059916188118564e+00
6.152091805362655208e+00,6.190082411620769776e+00,1.139718187743437028e-01,-6.088825253253382641e-01,9.315089293449005936e+00
6.154071922709750453e+00,6.190082411620769776e+00,1.080314667330579681e-01,-5.940352041285734686e-01,9.323996262604484997e+00
6.156003439683106926e+00,6.190082411620769776e+00,1.022369158129885491e-01,-5.794550920069418964e-01,9.332781823806048038e+00
6.157887234838844037e+00,6.190082411620769776e+00,9.658553034577721519e-02,-5.651385467211333946e-01,9.341446983624644318e+00
6.159724174692943421e+00,6.190082411620769776e+00,9.107471078347906257e-02,-5.510819562298152618e-01,9.349992754553664298e+00
6.161515113822497725e+00,6.190082411620769776e+00,8.570189339481615320e-02,-5.372817388662909366e-01,9.358420154528525714e+00
6.163260894967504733e+00,6.190082411620769776e+00,8.046454995979512859e-02,-5.237343435021024618e-01,9.366730206457692276e+00
6.164962349133157993e+00,6.190082411620769776e+00,7.536018746283534853e-02,-5.104362496959780060e-01,9.374923937766858728e+00
6.166620295692587739e+00,6.190082411620769776e+00,7.038634778454611052e-02,-4.973839678289238009e-01,9.383002379955623695e+00
6.168235542490013046e+00,6.190082411620769776e+00,6.554060739227018928e-02,-4.845740392275921238e-01,9.390966568164678563e+00
6.169808885944254584e+00,6.190082411620769776e+00,6.082057702954557499e-02,-4.720030362724614292e-01,9.398817540757084643e+00
6.171341111152572445e+00,6.190082411620769776e+00,5.622390140459199159e-02,-4.596675624953583394e-01,9.406556338909233261e+00
6.172832991994781082e+00,6.190082411620769776e+00,5.174825887796608015e-02,-4.475642526625911444e-01,9.414184006215375433e+00
6.174285291237611162e+00,6.190082411620769776e+00,4.739136114947584133e-02,-4.356897728490238819e-01,9.421701588300452457e+00
6.175698760639271256e+00,6.190082411620769776e+00,4.315095294449555752e-02,-4.240408204980283813e-01,9.429110132446467674e+00
6.177074141054175627e+00,6.190082411620769776e+00,3.902481169978244679e-02,-4.126141244713110723e-01,9.436410687228471872e+00
6.178412162537803454e+00,6.190082411620769776e+00,3.501074724889896572e-02,-4.014064450883481072e-01,9.443604302160551356e+00
6.179713544451646889e+00,6.190082411620769776e+00,3.110660150736865859e-02,-3.904145741530307134e-01,9.450692027354339331e+00
6.180978995568225720e+00,6.190082411620769776e+00,2.731024815763216651e-02,-3.796353349736492078e-01,9.457674913183982568e+00
6.182209214176123346e+00,6.190082411620769776e+00,2.361959233393928770e-02,-3.690655823692878812e-01,9.464554009964651016e+00
6.183404888185017434e+00,6.190082411620769776e+00,2.003257030725702492e-02,-3.587022026682262776e-01,9.471330367639030356e+00
6.184566695230675037e+00,6.190082411620769776e+00,1.654714917028421439e-02,-3.485421136972810530e-01,9.478005035473003659e+00
6.185695302779880222e+00,6.190082411620769776e+00,1.316132652266865932e-02,-3.385822647615555070e-01,9.484579061761113650e+00
6.186791368235261324e+00,6.190082411620769776e+00,9.873130156525355972e-03,-3.288196366143303351e-01,9.491053493542196406e+00
6.187855539039996522e+00,6.190082411620769776e+00,6.680617742319761021e-03,-3.192512414205594951e-01,9.497429376321761652e+00
6.188888452782363991e+00,6.190082411620769776e+00,3.581876515217352619e-03,-3.098741227102408402e-01,9.503707753804977898e+00
6.189890737300111745e+00,6.190082411620769776e+00,5.750229619740920839e-04,-3.006853553243260535e-01,9.509889667637647648e+00
6.190863010784623199e+00,6.190082411620769776e+00,-2.341797491560271283e-03,-2.916820453534363367e-01,9.515976157155003889e+00
6.191805881884850926e+00,6.190082411620769776e+00,-5.170410792243451681e-03,-2.828613300683180398e-01,9.521968259139438118e+00
6.192719949810991942e+00,6.190082411620769776e+00,-7.912614570666498537e-03,-2.742203778423046856e-01,9.527867007587030201e+00
6.193605804437892104e+00,6.190082411620769776e+00,-1.057017845136698497e-02,-2.657563880700486436e-01,9.533673433478584869e+00
6.194464026408139645e+00,6.190082411620769776e+00,-1.314484436210960894e-02,-2.574665910742623964e-01,9.539388564563628492e+00
6.195295187234844292e+00,6.190082411620769776e+00,-1.563832684222354885e-02,-2.493482480113939914e-01,9.545013425146382957e+00
6.196099849404062887e+00,6.190082411620769776e+00,-1.805231334987933423e-02,-2.413986507655785374e-01,9.550549035884543514e+00
6.196878566476870631e+00,6.190082411620769776e+00,-2.038846456830256670e-02,-2.336151218423232478e-01,9.555996413589374683e+00
6.197631883191037083e+00,6.190082411620769776e+00,-2.264841471080192292e-02,-2.259950142499356218e-01,9.561356571039262064e+00
6.198360335562306922e+00,6.190082411620769776e+00,-2.483377182461143917e-02,-2.185357113809516250e-01,9.566630516794436545e+00
6.199064450985256158e+00,6.190082411620769776e+00,-2.694611809345914821e-02,-2.112346268847709041e-01,9.571819255021770445e+00
6.199744748333707811e+00,6.190082411620769776e+00,-2.898701013881410660e-02,-2.040892045354958384e-01,9.576923785325689664e+00
6.200401738060691947e+00,6.190082411620769776e+00,-3.095797931976651540e-02,-1.970969180952408806e-01,9.581945102584992213e+00
6.201035922297934988e+00,6.190082411620769776e+00,-3.286053203149563728e-02,-1.902552711729121881e-01,9.586884196795592672e+00
6.201647794954857851e+00,6.190082411620769776e+00,-3.469615000226422552e-02,-1.835617970768588236e-01,9.591742052920878336e+00
6.202237841817072272e+00,6.190082411620769776e+00,-3.646629058890749064e-02,-1.770140586643265124e-01,9.596519650746767383e+00
6.202806540644361100e+00,6.190082411620769776e+00,-3.817238707077397208e-02,-1.706096481866481440e-01,9.601217964742577493e+00
6.203354361268124784e+00,6.190082411620769776e+00,-3.981584894206502412e-02,-1.643461871291052034e-01,9.605837963928831158e+00
6.203881765688280758e+00,6.190082411620769776e+00,-4.139806220253294811e-02,-1.582213260467923988e-01,9.610380611750674262e+00
6.204389208169612147e+00,6.190082411620769776e+00,-4.292038964652711286e-02,-1.522327443994164753e-01,9.614846865954056909e+00
6.204877135337539151e+00,6.190082411620769776e+00,-4.438417115030812710e-02,-1.463781503781014237e-01,9.619237678471591835e+00
6.205345986273313130e+00,6.190082411620769776e+00,-4.579072395763006398e-02,-1.406552807321936882e-01,9.623553995310176745e+00
6.205796192608618256e+00,6.190082411620769776e+00,-4.714134296354544063e-02,-1.350619005915376647e-01,9.627796756444917392e+00
6.206228178619567437e+00,6.190082411620769776e+00,-4.843730099639298459e-02,-1.295958032847543961e-01,9.631966895718854005e+00
6.206642361320088952e+00,6.190082411620769776e+00,-4.967984909795752912e-02,-1.242548101564544538e-01,9.636065340745588514e+00
6.207039150554685136e+00,6.190082411620769776e+00,-5.087021680174608207e-02,-1.190367703788552944e-01,9.640093012819399121e+00
6.207418949090563132e+00,6.190082411620769776e+00,-5.200961240938006824e-02,-1.139395607633986174e-01,9.644050826827221812e+00
6.207782152709123480e+00,6.190082411620769776e+00,-5.309922326506111290e-02,-1.089610855681044654e-01,9.647939691166834919e+00
6.208129150296800347e+00,6.190082411620769776e+00,-5.414021602809171441e-02,-1.040992763030601509e-01,9.651760507668848632e+00
6.208460323935244496e+00,6.190082411620769776e+00,-5.513373694342416087e-02,-9.935209153324464637e-02,9.655514171523332578e+00
6.208776048990841012e+00,6.190082411620769776e+00,-5.608091211021370981e-02,-9.471751667895489391e-02,9.659201571210832782e+00
6.209076694203558233e+00,6.190082411620769776e+00,-5.698284774836537281e-02,-9.019356381516629995e-02,9.662823588436468825e+00
6.209362621775119884e+00,6.190082411620769776e+00,-5.784063046305032429e-02,-8.577827146849514861e-02,9.666381098068455913e+00
6.209634187456487986e+00,6.190082411620769776e+00,-5.865532750715463095e-02,-8.146970441043066558e-02,9.669874968082414313e+00
6.209891740634664536e+00,6.190082411620769776e+00,-5.942798704168428259e-02,-7.726595345296516371e-02,9.673306059505350163e+00
6.210135624418791522e+00,6.190082411620769776e+00,-6.015963839406524016e-02,-7.316513523809575759e-02,9.676675226367839500e+00
6.210366175725555493e+00,6.190082411620769776e+00,-6.085129231435715269e-02,-6.916539202919125273e-02,9.679983315656452092e+00
6.210583725363885144e+00,6.190082411620769776e+00,-6.150394122934610408e-02,-6.526489149889513897e-02,9.683231167271760143e+00
6.210788598118941906e+00,6.190082411620769776e+00,-6.211855949451638992e-02,-6.146182651702858379e-02,9.686419613988455524e+00
6.210981112835397333e+00,6.190082411620769776e+00,-6.269610364388267243e-02,-5.775441493662825110e-02,9.689549481419490462e+00
6.211161582499994616e+00,6.190082411620769776e+00,-6.323751263767452002e-02,-5.414089937918475925e-02,9.692621587983140330e+00
6.211330314323389779e+00,6.190082411620769776e+00,-6.374370810786000874e-02,-5.061954701854887162e-02,9.695636744873592505e+00
6.211487609821272571e+00,6.190082411620769776e+00,-6.421559460150838561e-02,-4.718864936483768702e-02,9.698595756033654425e+00
6.211633764894759047e+00,6.190082411620769776e+00,-6.465405982196781309e-02,-4.384652204594274849e-02,9.701499418132090824e+00
6.211769069910058505e+00,6.190082411620769776e+00,-6.505997486786618822e-02,-4.059150458983751264e-02,9.704348520542296797e+00
6.211893809777412123e+00,6.190082411620769776e+00,-6.543419446992704280e-02,-3.742196020608545837e-02,9.707143845323987108e+00
6.212008264029297955e+00,6.190082411620769776e+00,-6.577755722558453755e-02,-3.433627556574947448e-02,9.709886167208665597e+00
6.212112706897904957e+00,6.190082411620769776e+00,-6.609088583140554363e-02,-3.133286058210060787e-02,9.712576253586494346e+00
6.212207407391870717e+00,6.190082411620769776e+00,-6.637498731330282453e-02,-2.841014818972809053e-02,9.715214864496969582e+00
6.212292629372286434e+00,6.190082411620769776e+00,-6.663065325454997634e-02,-2.556659412471518067e-02,9.717802752620734452e+00
6.212368631627963822e+00,6.190082411620769776e+00,-6.685866002158213917e-02,-2.280067670321628270e-02,9.720340663275202076e+00
6.212435667949968376e+00,6.190082411620769776e+00,-6.705976898759580251e-02,-2.011089660136633483e-02,9.722829334411038360e+00
6.212493987205414570e+00,6.190082411620769776e+00,-6.723472675393438180e-02,-1.749577663385792903e-02,9.725269496612208187e+00
6.212543833410522076e+00,6.190082411620769776e+00,-6.738426536925690158e-02,-1.495386153225197745e-02,9.727661873098490730e+00
6.212585445802939255e+00,6.190082411620769776e+00,-6.750910254650843711e-02,-1.248371772515355360e-02,9.730007179728339395e+00
6.212619058913329440e+00,6.190082411620769776e+00,-6.760994187767899177e-02,-1.008393311705546580e-02,9.732306125005266040e+00
6.212644902636220046e+00,6.190082411620769776e+00,-6.768747304635081008e-02,-7.753116867181830685e-03,9.734559410086468745e+00
6.212663202300118925e+00,6.190082411620769776e+00,-6.774237203804744922e-02,-5.489899169663914336e-03,9.736767728792289134e+00
6.212674178736897090e+00,6.190082411620769776e+00,-6.777530134838194442e-02,-3.292931033449519873e-03,9.738931767618169033e+00
6.212678048350436910e+00,6.190082411620769776e+00,-6.778691018900140364e-02,-1.160884061945921530e-03,9.741052205749053172e+00
6.212675023184552003e+00,6.190082411620769776e+00,-6.777783469134668337e-02,9.075497654720265928e-04,9.743129715074125841e+00
6.212665310990174383e+00,6.190082411620769776e+00,-6.774869810821382288e-02,2.913658313286049406e-03,9.745164960205073612e+00
6.212649115291817736e+00,6.190082411620769776e+00,-6.770011101314388213e-02,4.858709506994074445e-03,9.747158598493850690e+00
6.212626635453309731e+00,6.190082411620769776e+00,-6.763267149761986730e-02,6.743951552401483696e-03,9.749111280054782114e+00
6.212598066742807568e+00,6.190082411620769776e+00,-6.754696536611337621e-02,8.570613150649109002e-03,9.751023647784535342e+00
6.212563600397084329e+00,6.190082411620769776e+00,-6.744356632894366044e-02,1.033990371697157684e-02,9.752896337388028414e+00
6.212523423685099466e+00,6.190082411620769776e+00,-6.732303619298907194e-02,1.205301359545885020e-02,9.754729977402469387e+00
6.212477719970855183e+00,6.190082411620769776e+00,-6.718592505025622330e-02,1.371111427328486343e-02,9.756525189223030026e+00
6.212426668775532512e+00,6.190082411620769776e+00,-6.703277146428820998e-02,1.531535859680133171e-02,9.758282587132512731e+00
6.212370445838923061e+00,6.190082411620769776e+00,-6.686410265445985601e-02,1.686688098283539716e-02,9.760002778328376039e+00
6.212309223180146667e+00,6.190082411620769776e+00,-6.668043467813067338e-02,1.836679763291826362e-02,9.761686362954787199e+00
6.212243169157665612e+00,6.190082411620769776e+00,-6.648227261068750948e-02,1.981620674431638918e-02,9.763333934133630265e+00
6.212172448528598068e+00,6.190082411620769776e+00,-6.627011072348487630e-02,2.121618872026331815e-02,9.764946077996778939e+00
6.212097222507330763e+00,6.190082411620769776e+00,-6.604443265968296117e-02,2.256780638019151297e-02,9.766523373720509937e+00
6.212017648823435323e+00,6.190082411620769776e+00,-6.580571160799664199e-02,2.387210516863191856e-02,9.768066393560635774e+00
6.211933881778895383e+00,6.190082411620769776e+00,-6.555441047437682300e-02,2.513011336198189838e-02,9.769575702887605573e+00
6.211846072304644473e+00,6.190082411620769776e+00,-6.529098205162409130e-02,2.634284227527317057e-02,9.771051860223650465e+00
6.211754368016415562e+00,6.190082411620769776e+00,-6.501586918693735839e-02,2.751128646867329053e-02,9.772495417281735541e+00
6.211658913269915594e+00,6.190082411620769776e+00,-6.472950494743745509e-02,2.863642394999033058e-02,9.773906919002552485e+00
6.211559849215315232e+00,6.190082411620769776e+00,-6.443231278363636960e-02,2.971921638010854849e-02,9.775286903596473564e+00
6.211457313851075135e+00,6.190082411620769776e+00,-6.412470669091607789e-02,3.076060927202917128e-02,9.776635902581112703e+00
6.211351442077092777e+00,6.190082411620769776e+00,-6.380709136896900446e-02,3.176153219470734257e-02,9.777954440825737947e+00
6.211242365747192906e+00,6.190082411620769776e+00,-6.347986237926939168e-02,3.272289896996127823e-02,9.779243036590692384e+00
6.211130213720951865e+00,6.190082411620769776e+00,-6.314340630054626757e-02,3.364560787231241079e-02,9.780502201571767529e+00
6.211015111914868214e+00,6.190082411620769776e+00,-6.279810088229531573e-02,3.453054182509518455e-02,9.781732440942800366e+00
6.210897183352878770e+00,6.190082411620769776e+00,-6.244431519632698269e-02,3.537856859683330413e-02,9.782934253400506819e+00
6.210776548216229820e+00,6.190082411620769776e+00,-6.208240978638013274e-02,3.619054099468499430e-02,9.784108131208306247e+00
6.210653323892701749e+00,6.190082411620769776e+00,-6.171273681579592107e-02,3.696729705842116687e-02,9.785254560242625743e+00
6.210527625025197729e+00,6.190082411620769776e+00,-6.133564021328385962e-02,3.770966025120614518e-02,9.786374020037921895e+00
6.210399563559697356e+00,6.190082411620769776e+00,-6.095145581678274027e-02,3.841843965011193518e-02,9.787466983833329692e+00
6.210269248792580576e+00,6.190082411620769776e+00,-6.056051151543240252e-02,3.909443013503377529e-02,9.788533918619602758e+00
6.210136787417325444e+00,6.190082411620769776e+00,-6.016312738966700380e-02,3.973841257653987213e-02,9.789575285186874254e+00
6.210002283570589476e+00,6.190082411620769776e+00,-5.975961584945910232e-02,4.035115402079014757e-02,9.790591538171330654e+00
6.209865838877670186e+00,6.190082411620769776e+00,-5.935028177070122979e-02,4.093340787578725326e-02,9.791583126105086521e+00
6.209727552497361636e+00,6.190082411620769776e+00,-5.893542262977558011e-02,4.148591409256496831e-02,9.792550491462790774e+00
6.209587521166199053e+00,6.190082411620769776e+00,-5.851532863628783332e-02,4.200939934877467863e-02,9.793494070712487343e+00
6.209445839242108356e+00,6.190082411620769776e+00,-5.809028286401574093e-02,4.250457722720923925e-02,9.794414294363193108e+00
6.209302598747453494e+00,6.190082411620769776e+00,-5.766056138005115628e-02,4.297214839645846496e-02,9.795311587016406918e+00
6.209157889411500264e+00,6.190082411620769776e+00,-5.722643337219146531e-02,4.341280078596909675e-02,9.796186367413778129e+00
6.209011798712288588e+00,6.190082411620769776e+00,-5.678816127455643681e-02,4.382720976350285014e-02,9.797039048488947799e+00
6.208864411917925707e+00,6.190082411620769776e+00,-5.634600089146779567e-02,4.421603830886411401e-02,9.797870037417396816e+00
6.208715812127304723e+00,6.190082411620769776e+00,-5.590020151960484185e-02,4.457993718629538193e-02,9.798679735666691926e+00
6.208566080310250257e+00,6.190082411620769776e+00,-5.545100606844144409e-02,4.491954511633977631e-02,9.799468539047898830e+00
6.208415295347101015e+00,6.190082411620769776e+00,-5.499865117899371825e-02,4.523548894477258386e-02,9.800236837765780251e+00
6.208263534067728351e+00,6.190082411620769776e+00,-5.454336734087572580e-02,4.552838381179924454e-02,9.800985016470924904e+00
6.208110871290002386e+00,6.190082411620769776e+00,-5.408537900769783136e-02,4.579883331778944466e-02,9.801713454310092999e+00
6.207957379857707458e+00,6.190082411620769776e+00,-5.362490471081304833e-02,4.604742968847830298e-02,9.802422524977664864e+00
6.207803130677910453e+00,6.190082411620769776e+00,-5.316215717142203090e-02,4.627475393910174262e-02,9.803112596767679321e+00
6.207648192757790007e+00,6.190082411620769776e+00,-5.269734341106069309e-02,4.648137603613378133e-02,9.803784032625074474e+00
6.207492633240931923e+00,6.190082411620769776e+00,-5.223066486048644208e-02,4.666785505742510054e-02,9.804437190196939156e+00
6.207336517443093449e+00,6.190082411620769776e+00,-5.176231746697101954e-02,4.683473935154225387e-02,9.805072421884570844e+00
6.207179908887443531e+00,6.190082411620769776e+00,-5.129249180002126707e-02,4.698256669497524740e-02,9.805690074894954478e+00
6.207022869339283488e+00,6.190082411620769776e+00,-5.082137315554113854e-02,4.711186444801285234e-02,9.806290491292472211e+00
6.206865458840252536e+00,6.190082411620769776e+00,-5.034914165844828204e-02,4.722314970928565003e-02,9.806874008050836977e+00
6.206707735742026166e+00,6.190082411620769776e+00,-4.987597236376917209e-02,4.731692946791099530e-02,9.807440957104141432e+00
6.206549756739510926e+00,6.190082411620769776e+00,-4.940203535622345044e-02,4.739370075457216558e-02,9.807991665398349213e+00
6.206391576903535601e+00,6.190082411620769776e+00,-4.892749584829747533e-02,4.745395079259751014e-02,9.808526454944299644e+00
6.206233249713053901e+00,6.190082411620769776e+00,-4.845251427685237644e-02,4.749815714450988935e-02,9.809045642867658898e+00
6.206074827086859536e+00,6.190082411620769776e+00,-4.797724639826927984e-02,4.752678785830966035e-02,9.809549541460039990e+00
6.205916359414811012e+00,6.190082411620769776e+00,-4.750184338212370960e-02,4.754030161455702341e-02,9.810038458232433811e+00
6.205757895588585704e+00,6.190082411620769776e+00,-4.702645190344778570e-02,4.753914786759239064e-02,9.810512695964145991e+00
6.205599483031956964e+00,6.190082411620769776e+00,-4.655121423356156640e-02,4.752376698862192939e-02,9.810972552755060860e+00
6.205441167730603169e+00,6.190082411620769776e+00,-4.607626832950018070e-02,4.749459040613857042e-02,9.811418322076638887e+00
6.205282994261457574e+00,6.190082411620769776e+00,-4.560174792206339589e-02,4.745204074367848079e-02,9.811850292821615582e+00
6.205125005821593653e+00,6.190082411620769776e+00,-4.512778260247163331e-02,4.739653195917625794e-02,9.812268749356704234e+00
6.204967244256665460e+00,6.190082411620769776e+00,-4.465449790768705185e-02,4.732846947845814611e-02,9.812673971570770703e+00
6.204809750088895015e+00,6.190082411620769776e+00,-4.418201540437571850e-02,4.724825033113333461e-02,9.813066234926758113e+00
6.204652562544616501e+00,6.190082411620769776e+00,-4.371045277154017583e-02,4.715626328355426722e-02,9.813445810512014589e+00
6.204495719581389679e+00,6.190082411620769776e+00,-4.323992388185970981e-02,4.705288896804660226e-02,9.813812965086187390e+00
6.204339257914671002e+00,6.190082411620769776e+00,-4.277053888170367912e-02,4.693850001560306850e-02,9.814167961133900775e+00
6.204183213044066392e+00,6.190082411620769776e+00,-4.230240426988984836e-02,4.681346118138307588e-02,9.814511056911493725e+00
6.204027619279152361e+00,6.190082411620769776e+00,-4.183562297514775707e-02,4.667812947420912906e-02,9.814842506499061869e+00
6.203872509764888576e+00,6.190082411620769776e+00,-4.137029443235640258e-02,4.653285427913544936e-02,9.815162559846779544e+00
6.203717916506609420e+00,6.190082411620769776e+00,-4.090651465751893312e-02,4.637797748374694606e-02,9.815471462826227622e+00
6.203563870394613211e+00,6.190082411620769776e+00,-4.044437632153030648e-02,4.621383359886266362e-02,9.815769457277333743e+00
6.203410401228344639e+00,6.190082411620769776e+00,-3.998396882272459152e-02,4.604074988057149653e-02,9.816056781057847402e+00
6.203257537740181959e+00,6.190082411620769776e+00,-3.952537835823655143e-02,4.585904644880400838e-02,9.816333668090567954e+00
6.203105307618828057e+00,6.190082411620769776e+00,-3.906868799417484439e-02,4.566903640617070437e-02,9.816600348411995469e+00
6.202953737532315159e+00,6.190082411620769776e+00,-3.861397773463615124e-02,4.547102595386931512e-02,9.816857048219233661e+00
6.202802853150624074e+00,6.190082411620769776e+00,-3.816132458956289497e-02,4.526531450732562689e-02,9.817103989917763229e+00
6.202652679167925065e+00,6.190082411620769776e+00,-3.771080264146586813e-02,4.505219480970268364e-02,9.817341392168238201e+00
6.202503239324443030e+00,6.190082411620769776e+00,-3.726248311101976185e-02,4.483195304461062847e-02,9.817569469933591364e+00
6.202354556427954080e+00,6.190082411620769776e+00,-3.681643442155291268e-02,4.460486894668491686e-02,9.817788434525132502e+00
6.202206652374917972e+00,6.190082411620769776e+00,-3.637272226244459006e-02,4.437121591083226235e-02,9.817998493648389058e+00
6.202059548171246384e+00,6.190082411620769776e+00,-3.593140965142982424e-02,4.413126110147658210e-02,9.818199851450046367e+00
6.201913263952719468e+00,6.190082411620769776e+00,-3.549255699584907831e-02,4.388526555807459317e-02,9.818392708562225124e+00
6.201767819005048921e+00,6.190082411620769776e+00,-3.505622215283743515e-02,4.363348430116431587e-02,9.818577262148327378e+00
6.201623231783593759e+00,6.190082411620769776e+00,-3.462246048847195112e-02,4.337616643654840232e-02,9.818753705948076060e+00
6.201479519932733275e+00,6.190082411620769776e+00,-3.419132493589049915e-02,4.311355525814519751e-02,9.818922230322254308e+00
6.201336700304905136e+00,6.190082411620769776e+00,-3.376286605240608196e-02,4.284588834844171856e-02,9.819083022296036134e+00
6.201194788979305983e+00,6.190082411620769776e+00,-3.333713207560862202e-02,4.257339767974599454e-02,9.819236265604137870e+00
6.201053801280267841e+00,6.190082411620769776e+00,-3.291416897849419598e-02,4.229630971144260343e-02,9.819382140732948017e+00
6.200913751795302353e+00,6.190082411620769776e+00,-3.249402052359773307e-02,4.201484548964629084e-02,9.819520824966048167e+00
6.200774654392834151e+00,6.190082411620769776e+00,-3.207672831619312603e-02,4.172922074046070406e-02,9.819652492424268075e+00
6.200636522239608261e+00,6.190082411620769776e+00,-3.166233185651545767e-02,4.143964596776683607e-02,9.819777314111252764e+00
6.200499367817792873e+00,6.190082411620769776e+00,-3.125086859106929182e-02,4.114632654461658490e-02,9.819895457953547790e+00
6.200363202941773011e+00,6.190082411620769776e+00,-3.084237396300970602e-02,4.084946280595858070e-02,9.820007088842949372e+00
6.200228038774637795e+00,6.190082411620769776e+00,-3.043688146160405950e-02,4.054925014056465216e-02,9.820112368678961090e+00
6.200093885844370156e+00,6.190082411620769776e+00,-3.003442267080114192e-02,4.024587908029175765e-02,9.820211456409492001e+00
6.199960754059743451e+00,6.190082411620769776e+00,-2.963502731692102543e-02,3.993953538801164882e-02,9.820304508071091121e+00
6.199828652725924094e+00,6.190082411620769776e+00,-2.923872331546295555e-02,3.963040014580698767e-02,9.820391676830343641e+00
6.199697590559788196e+00,6.190082411620769776e+00,-2.884553681705526174e-02,3.931864984076938185e-02,9.820473113023714617e+00
6.199567575704953981e+00,6.190082411620769776e+00,-2.845549225255261661e-02,3.900445645026451302e-02,9.820548964197712394e+00
6.199438615746539760e+00,6.190082411620769776e+00,-2.806861237730995384e-02,3.868798752426627630e-02,9.820619375146957708e+00
6.199310717725640352e+00,6.190082411620769776e+00,-2.768491831461172836e-02,3.836940626982254798e-02,9.820684487955212205e+00
6.199183888153536159e+00,6.190082411620769776e+00,-2.730442959829915139e-02,3.804887163125769689e-02,9.820744442032959043e+00
6.199058133025635797e+00,6.190082411620769776e+00,-2.692716421459806497e-02,3.772653837010864208e-02,9.820799374155511074e+00
6.198933457835150485e+00,6.190082411620769776e+00,-2.655313864314212680e-02,3.740255714559381772e-02,9.820849418502451300e+00
6.198809867586515310e+00,6.190082411620769776e+00,-2.618236789723660252e-02,3.707707459055242794e-02,9.820894706693316323e+00
6.198687366808549370e+00,6.190082411620769776e+00,-2.581486556333878468e-02,3.675023338978178344e-02,9.820935367826443496e+00
6.198565959567366335e+00,6.190082411620769776e+00,-2.545064383978967726e-02,3.642217235491074234e-02,9.820971528515121562e+00
6.198445649479034536e+00,6.190082411620769776e+00,-2.508971357479428121e-02,3.609302649953960440e-02,9.821003312924744932e+00
6.198326439721995484e+00,6.190082411620769776e+00,-2.473208430367712651e-02,3.576292711171547012e-02,9.821030842808038841e+00
6.198208333049237240e+00,6.190082411620769776e+00,-2.437776428540239237e-02,3.543200182747341387e-02,9.821054237542071519e+00
6.198091331800233306e+00,6.190082411620769776e+00,-2.402676053839059023e-02,3.510037470118021474e-02,9.821073614162790122e+00
6.197975437912645269e+00,6.190082411620769776e+00,-2.367907887562648028e-02,3.476816627641099444e-02,9.821089087400785900e+00
6.197860652933798065e+00,6.190082411620769776e+00,-2.333472393908486708e-02,3.443549365416131991e-02,9.821100769715076950e+00
6.197746978031921650e+00,6.190082411620769776e+00,-2.299369923345562228e-02,3.410247056292448065e-02,9.821108771329470244e+00
6.197634414007178627e+00,6.190082411620769776e+00,-2.265600715922655439e-02,3.376920742290678845e-02,9.821113200263681620e+00
6.197522961302461830e+00,6.190082411620769776e+00,-2.232164904507616399e-02,3.343581141503904064e-02,9.821114162369962486e+00
6.197412620013982298e+00,6.190082411620769776e+00,-2.199062517963756846e-02,3.310238654385955215e-02,9.821111761364221593e+00
6.197303389901638759e+00,6.190082411620769776e+00,-2.166293484260695124e-02,3.276903370306172292e-02,9.821106098860454381e+00
6.197195270399181055e+00,6.190082411620769776e+00,-2.133857633523383868e-02,3.243585073731125590e-02,9.821097274402077915e+00
6.197088260624163958e+00,6.190082411620769776e+00,-2.101754701018254679e-02,3.210293250512918917e-02,9.821085385494946252e+00
6.196982359387696704e+00,6.190082411620769776e+00,-2.069984330078078472e-02,3.177037094017620689e-02,9.821070527639395920e+00
6.196877565203992688e+00,6.190082411620769776e+00,-2.038546074966873789e-02,3.143825511120468263e-02,9.821052794361536442e+00
6.196773876299725536e+00,6.190082411620769776e+00,-2.007439403686728241e-02,3.110667128014554805e-02,9.821032277243279651e+00
6.196671290623182671e+00,6.190082411620769776e+00,-1.976663700723868544e-02,3.077570296285969675e-02,9.821009065955621509e+00
6.196569805853235025e+00,6.190082411620769776e+00,-1.946218269739574680e-02,3.044543098429386419e-02,9.820983248286898615e+00
6.196469419408115797e+00,6.190082411620769776e+00,-1.916102336203806544e-02,3.011593353576813570e-02,9.820954910173730568e+00
6.196370128454014470e+00,6.190082411620769776e+00,-1.886315049973408264e-02,2.978728623039827994e-02,9.820924135730663806e+00
6.196271929913486076e+00,6.190082411620769776e+00,-1.856855487814890182e-02,2.945956215851808224e-02,9.820891007280369678e+00
6.196174820473685507e+00,6.190082411620769776e+00,-1.827722655874719493e-02,2.913283194017068922e-02,9.820855605381424880e+00
6.196078796594423288e+00,6.190082411620769776e+00,-1.798915492096053725e-02,2.880716377866576750e-02,9.820818008857706616e+00
6.195983854516046385e+00,6.190082411620769776e+00,-1.770432868582982877e-02,2.848262351307084828e-02,9.820778294827242405e+00
6.195889990267152925e+00,6.190082411620769776e+00,-1.742273593914944740e-02,2.815927466803813672e-02,9.820736538728889187e+00
6.195797199672131939e+00,6.190082411620769776e+00,-1.714436415408648884e-02,2.783717850629585655e-02,9.820692814352209865e+00
6.195705478358545903e+00,6.190082411620769776e+00,-1.686920021332838360e-02,2.751639407581052410e-02,9.820647193862482638e+00
6.195614821764346303e+00,6.190082411620769776e+00,-1.659723043072958149e-02,2.719697825988021123e-02,9.820599747829151127e+00
6.195525225144930204e+00,6.190082411620769776e+00,-1.632844057248128422e-02,2.687898582482972643e-02,9.820550545252348940e+00
6.195436683580038739e+00,6.190082411620769776e+00,-1.606281587780689080e-02,2.656246946743934245e-02,9.820499653589632061e+00
6.195349191980506376e+00,6.190082411620769776e+00,-1.580034107920980091e-02,2.624747985970898867e-02,9.820447138780499685e+00
6.195262745094852086e+00,6.190082411620769776e+00,-1.554100042224693112e-02,2.593406569628697866e-02,9.820393065274039657e+00
6.195177337515724858e+00,6.190082411620769776e+00,-1.528477768486524724e-02,2.562227373816838849e-02,9.820337496053303639e+00
6.195092963686203547e+00,6.190082411620769776e+00,-1.503165619630131289e-02,2.531214885639343493e-02,9.820280492660092619e+00
6.195009617905948396e+00,6.190082411620769776e+00,-1.478161885553586075e-02,2.500373407654521429e-02,9.820222115221010739e+00
6.194927294337214896e+00,6.190082411620769776e+00,-1.453464814933536076e-02,2.469707062004999898e-02,9.820162422470716024e+00
6.194845987010728194e+00,6.190082411620769776e+00,-1.429072616987525635e-02,2.439219794601044100e-02,9.820101471776135682e+00
6.194765689831419841e+00,6.190082411620769776e+00,-1.404983463195019766e-02,2.408915379250586852e-02,9.820039319160557056e+00
6.194686396584026866e+00,6.190082411620769776e+00,-1.381195488977127184e-02,2.378797421789258237e-02,9.819976019328121808e+00
6.194608100938567397e+00,6.190082411620769776e+00,-1.357706795339286288e-02,2.348869363784089614e-02,9.819911625684447642e+00
6.194530796455675947e+00,6.190082411620769776e+00,-1.334515450471851494e-02,2.319134486743479329e-02,9.819846190362717664e+00
6.194454476591820580e+00,6.190082411620769776e+00,-1.311619491315241248e-02,2.289595915661024605e-02,9.819779764243458331e+00
6.194379134704389500e+00,6.190082411620769776e+00,-1.289016925085917364e-02,2.260256622932388382e-02,9.819712396978465208e+00
6.194304764056656865e+00,6.190082411620769776e+00,-1.266705730766126692e-02,2.231119431979067258e-02,9.819644137012129903e+00
6.194231357822625128e+00,6.190082411620769776e+00,-1.244683860556605737e-02,2.202187020952095509e-02,9.819575031603955395e+00
6.194158909091753706e+00,6.190082411620769776e+00,-1.222949241295179235e-02,2.173461926142650213e-02,9.819505126848476095e+00
6.194087410873566846e+00,6.190082411620769776e+00,-1.201499775839121043e-02,2.144946545605819210e-02,9.819434467697668367e+00
6.194016856102150470e+00,6.190082411620769776e+00,-1.180333344414208341e-02,2.116643142491270169e-02,9.819363097980771116e+00
6.193947237640531789e+00,6.190082411620769776e+00,-1.159447805928603970e-02,2.088553848560437132e-02,9.819291060426319717e+00
6.193878548284955876e+00,6.190082411620769776e+00,-1.138840999255830155e-02,2.060680667277381417e-02,9.819218396680216898e+00
6.193810780769047675e+00,6.190082411620769776e+00,-1.118510744483369734e-02,2.033025477246042101e-02,9.819145147327628109e+00
6.193743927767872748e+00,6.190082411620769776e+00,-1.098454844130891672e-02,2.005590035247806213e-02,9.819071351911169643e+00
6.193677981901888785e+00,6.190082411620769776e+00,-1.078671084335702801e-02,1.978375979518887107e-02,9.818997048951832340e+00
6.193612935740799408e+00,6.190082411620769776e+00,-1.059157236008889669e-02,1.951384832681313242e-02,9.818922275966723845e+00
6.193548781807306725e+00,6.190082411620769776e+00,-1.039911055961084685e-02,1.924618004780498381e-02,9.818847069488194634e+00
6.193485512580763519e+00,6.190082411620769776e+00,-1.020930287998123021e-02,1.898076796296166435e-02,9.818771465082981820e+00
6.193423120500728629e+00,6.190082411620769776e+00,-1.002212663987656072e-02,1.871762401046694890e-02,9.818695497370590886e+00
6.193361597970430843e+00,6.190082411620769776e+00,-9.837559048983202103e-03,1.845675908933586129e-02,9.818619200040352268e+00
6.193300937360136871e+00,6.190082411620769776e+00,-9.655577218101285553e-03,1.819818308819165509e-02,9.818542605870090867e+00
6.193241131010429612e+00,6.190082411620769776e+00,-9.476158168979509355e-03,1.794190491217761974e-02,9.818465746743198608e+00
6.193182171235396716e+00,6.190082411620769776e+00,-9.299278843880820489e-03,1.768793250986888665e-02,9.818388653665987675e+00
6.193124050325730323e+00,6.190082411620769776e+00,-9.124916114881642670e-03,1.743627289991778184e-02,9.818311356785036637e+00
6.193066760551742433e+00,6.190082411620769776e+00,-8.953046792917973562e-03,1.718693219636691083e-02,9.818233885403449435e+00
6.193010294166295004e+00,6.190082411620769776e+00,-8.783647636575686590e-03,1.693991563422869717e-02,9.818156267997654396e+00
6.192954643407647453e+00,6.190082411620769776e+00,-8.616695360633030987e-03,1.669522759426556036e-02,9.818078532233633027e+00
6.192899800502223329e+00,6.190082411620769776e+00,-8.452166644360659120e-03,1.645287162723718666e-02,9.818000704982877025e+00
6.192845757667297057e+00,6.190082411620769776e+00,-8.290038139581845655e-03,1.621285047788134648e-02,9.817922812338299110e+00
6.192792507113605183e+00,6.190082411620769776e+00,-8.130286478506221215e-03,1.597516610756244404e-02,9.817844879629056720e+00
6.192740041047875899e+00,6.190082411620769776e+00,-7.972888281318368797e-03,1.573981971878524178e-02,9.817766931437468259e+00
6.192688351675290193e+00,6.190082411620769776e+00,-7.817820163561250979e-03,1.550681177571178182e-02,9.817688991612151028e+00
6.192637431201865716e+00,6.190082411620769776e+00,-7.665058743287822551e-03,1.527614202734284277e-02,9.817611083284056406e+00
6.192587271836769602e+00,6.190082411620769776e+00,-7.514580647999480334e-03,1.504780952883422174e-02,9.817533228880835239e+00
6.192537865794562002e+00,6.190082411620769776e+00,-7.366362521376679240e-03,1.482181266228010941e-02,9.817455450140904816e+00
6.192489205297368571e+00,6.190082411620769776e+00,-7.220381029796385519e-03,1.459814915802937207e-02,9.817377768128233484e+00
6.192441282576988115e+00,6.190082411620769776e+00,-7.076612868655018929e-03,1.437681611413665905e-02,9.817300203245482138e+00
6.192394089876931851e+00,6.190082411620769776e+00,-6.935034768486225687e-03,1.415781001687932417e-02,9.817222775248392708e+00
6.192347619454400487e+00,6.190082411620769776e+00,-6.795623500892133961e-03,1.394112675940917256e-02,9.817145503258517536e+00
6.192301863582194699e+00,6.190082411620769776e+00,-6.658355884274769210e-03,1.372676166173647516e-02,9.817068405777462203e+00
6.192256814550566979e+00,6.190082411620769776e+00,-6.523208789391610196e-03,1.351470948831590135e-02,9.816991500698925677e+00
6.192212464669008654e+00,6.190082411620769776e+00,-6.390159144716633932e-03,1.330496446749762640e-02,9.816914805322781490e+00
6.192168806267982717e+00,6.190082411620769776e+00,-6.259183941638823967e-03,1.309752030778099652e-02,9.816838336366142670e+00
6.192125831700593608e+00,6.190082411620769776e+00,-6.130260239471496675e-03,1.289237021673272920e-02,9.816762109977261730e+00
6.192083533344201918e+00,6.190082411620769776e+00,-6.003365170296426356e-03,1.268950691750703186e-02,9.816686141747211991e+00
6.192041903601985808e+00,6.190082411620769776e+00,-5.878475943648098223e-03,1.248892266483281333e-02,9.816610446721185212e+00
6.192000934904441145e+00,6.190082411620769776e+00,-5.755569851014108451e-03,1.229060926339897719e-02,9.816535039412386254e+00
6.191960619710838110e+00,6.190082411620769776e+00,-5.634624270205002006e-03,1.209455808091064455e-02,9.816459933810705252e+00
6.191920950510615640e+00,6.190082411620769776e+00,-5.515616669537592998e-03,1.190076006674090081e-02,9.816385143397203805e+00
6.191881919824733238e+00,6.190082411620769776e+00,-5.398524611890387348e-03,1.170920576472056496e-02,9.816310681152831563e+00
6.191843520206965934e+00,6.190082411620769776e+00,-5.283325758588475196e-03,1.151988533019121519e-02,9.816236559571603237e+00
6.191805744245155729e+00,6.190082411620769776e+00,-5.169997873157861079e-03,1.133278854306141170e-02,9.816162790669903160e+00
6.191768584562412414e+00,6.190082411620769776e+00,-5.058518824927915603e-03,1.114790482299454766e-02,9.816089385998067129e+00
6.191732033818269088e+00,6.190082411620769776e+00,-4.948866592497935812e-03,1.096522324299797901e-02,9.816016356650500541e+00
6.191696084709790604e+00,6.190082411620769776e+00,-4.841019267062485198e-03,1.078473254354506139e-02,9.815943713276482185e+00
6.191660729972640276e+00,6.190082411620769776e+00,-4.734955055611500541e-03,1.060642114509846579e-02,9.815871466089486574e+00
6.191625962382098614e+00,6.190082411620769776e+00,-4.630652283986513851e-03,1.043027716249866899e-02,9.815799624878511764e+00
6.191591774754044764e+00,6.190082411620769776e+00,-4.528089399824963834e-03,1.025628841615500164e-02,9.815728199016330535e+00
6.191558159945892648e+00,6.190082411620769776e+00,-4.427244975368616053e-03,1.008444244563477810e-02,9.815657197470265771e+00
6.191525110857488023e+00,6.190082411620769776e+00,-4.328097710154743538e-03,9.914726521387251523e-03,9.815586628811232117e+00
6.191492620431963800e+00,6.190082411620769776e+00,-4.230626433582074242e-03,9.747127657266929646e-03,9.815516501223685353e+00
6.191460681656562492e+00,6.190082411620769776e+00,-4.134810107378150690e-03,9.581632620392355193e-03,9.815446822513013814e+00
6.191429287563412487e+00,6.190082411620769776e+00,-4.040627827928133797e-03,9.418227945001689250e-03,9.815377600117074053e+00
6.191398431230274113e+00,6.190082411620769776e+00,-3.948058828513012486e-03,9.256899941512131136e-03,9.815308841112999616e+00
6.191368105781246634e+00,6.190082411620769776e+00,-3.857082481430573750e-03,9.097634708243873547e-03,9.815240552226814685e+00
6.191338304387442371e+00,6.190082411620769776e+00,-3.767678300017784920e-03,8.940418141278883013e-03,9.815172739841262484e+00
6.191309020267621754e+00,6.190082411620769776e+00,-3.679825940555936370e-03,8.785235946184855038e-03,9.815105410005628528e+00
6.191280246688801725e+00,6.190082411620769776e+00,-3.593505204095848171e-03,8.632073646008819878e-03,9.815038568441913469e+00
6.191251976966825943e+00,6.190082411620769776e+00,-3.508696038168501730e-03,8.480916592734644155e-03,9.814972220554565752e+00
6.191224204466905690e+00,6.190082411620769776e+00,-3.425378538407741758e-03,8.331749976075997211e-03,9.814906371437668753e+00
6.191196922604129682e+00,6.190082411620769776e+00,-3.343532950079719512e-03,8.184558832802224515e-03,9.814841025882723002e+00
6.191170124843941913e+00,6.190082411620769776e+00,-3.263139669516412766e-03,8.039328056330674599e-03,9.814776188386815647e+00
6.191143804702592846e+00,6.190082411620769776e+00,-3.184179245469209718e-03,7.896042404720304830e-03,9.814711863159251592e+00
6.191117955747559520e+00,6.190082411620769776e+00,-3.106632380369234170e-03,7.754686509997554822e-03,9.814648054129628818e+00
6.191092571597939020e+00,6.190082411620769776e+00,-3.030479931507734648e-03,7.615244886149952208e-03,9.814584764954641827e+00
6.191067645924813512e+00,6.190082411620769776e+00,-2.955702912131208393e-03,7.477701937652625475e-03,9.814521999025522803e+00
6.191043172451591303e+00,6.190082411620769776e+00,-2.882282492464582901e-03,7.342041966662549157e-03,9.814459759474198464e+00
6.191019144954315934e+00,6.190082411620769776e+00,-2.810200000638474194e-03,7.208249182610870776e-03,9.814398049181972894e+00
6.190995557261959270e+00,6.190082411620769776e+00,-2.739436923568483451e-03,7.076307706999074298e-03,9.814336870783431976e+00
6.190972403256680856e+00,6.190082411620769776e+00,-2.669974907733241309e-03,6.946201583524214129e-03,9.814276226675790582e+00
6.190949676874069496e+00,6.190082411620769776e+00,-2.601795759899161453e-03,6.817914783407985624e-03,9.814216119023509322e+00
6.190927372103360860e+00,6.190082411620769776e+00,-2.534881447773251750e-03,6.691431212590970290e-03,9.814156549764817328e+00
6.190905482987628439e+00,6.190082411620769776e+00,-2.469214100575989335e-03,6.566734719726241565e-03,9.814097520619149861e+00
6.190884003623958520e+00,6.190082411620769776e+00,-2.404776009566234052e-03,6.443809100975528281e-03,9.814039033091409792e+00
6.190862928163597623e+00,6.190082411620769776e+00,-2.341549628483541312e-03,6.322638108269273971e-03,9.813981088479785342e+00
6.190842250812084835e+00,6.190082411620769776e+00,-2.279517573945177844e-03,6.203205453836346805e-03,9.813923687879892555e+00
6.190821965829359286e+00,6.190082411620769776e+00,-2.218662625768530461e-03,6.085494817664738321e-03,9.813866832191896705e+00
6.190802067529853403e+00,6.190082411620769776e+00,-2.158967727250882263e-03,5.969489851764819832e-03,9.813810522124514435e+00
6.190782550282559527e+00,6.190082411620769776e+00,-2.100415985369252780e-03,5.855174188162948212e-03,9.813754758202794193e+00
6.190763408511085863e+00,6.190082411620769776e+00,-2.042990670948263698e-03,5.742531442098908201e-03,9.813699540771150254e+00
6.190744636693689351e+00,6.190082411620769776e+00,-1.986675218758726658e-03,5.631545218953704079e-03,9.813644870000196363e+00
6.190726229363293420e+00,6.190082411620769776e+00,-1.931453227570933961e-03,5.522199118779269611e-03,9.813590745891207945e+00
6.190708181107486219e+00,6.190082411620769776e+00,-1.877308460149329505e-03,5.414476742160445610e-03,9.813537168282010725e+00
6.190690486568507289e+00,6.190082411620769776e+00,-1.824224843212540748e-03,5.308361693678875781e-03,9.813484136850465944e+00
6.190673140443213818e+00,6.190082411620769776e+00,-1.772186467332126369e-03,5.203837588041437812e-03,9.813431651120708921e+00
6.190656137483031785e+00,6.190082411620769776e+00,-1.721177586786026836e-03,5.100888054609953315e-03,9.813379710467824424e+00
6.190639472493897344e+00,6.190082411620769776e+00,-1.671182619382705070e-03,4.999496740332176614e-03,9.813328314120949969e+00
6.190623140336174224e+00,6.190082411620769776e+00,-1.622186146213344671e-03,4.899647316936039942e-03,9.813277461170724081e+00
6.190607135924568460e+00,6.190082411620769776e+00,-1.574172911396054531e-03,4.801323481729014020e-03,9.813227150570334345e+00
6.190591454228020041e+00,6.190082411620769776e+00,-1.527127821750795533e-03,4.704508964525899728e-03,9.813177381142775602e+00
6.190576090269585663e+00,6.190082411620769776e+00,-1.481035946447661900e-03,4.609187530313363368e-03,9.813128151583866199e+00
6.190561039126309950e+00,6.190082411620769776e+00,-1.435882516620523575e-03,4.515342982713832498e-03,9.813079460466093806e+00
6.190546295929080678e+00,6.190082411620769776e+00,-1.391652924932706981e-03,4.422959168781659400e-03,9.813031306243850338e+00
6.190531855862476007e+00,6.190082411620769776e+00,-1.348332725118694952e-03,4.332019981401202813e-03,9.812983687256283005e+00
6.190517714164596619e+00,6.190082411620769776e+00,-1.305907631480529574e-03,4.242509363816537871e-03,9.812936601732335617e+00
6.190503866126890742e+00,6.190082411620769776e+00,-1.264363518362898731e-03,4.154411311763084313e-03,9.812890047793400683e+00
6.190490307093964084e+00,6.190082411620769776e+00,-1.223686419582925566e-03,4.067709877997316426e-03,9.812844023458414000e+00
6.190477032463383544e+00,6.190082411620769776e+00,-1.183862527841306189e-03,3.982389174161937717e-03,9.812798526646322017e+00
6.190464037685467602e+00,6.190082411620769776e+00,-1.144878194093479351e-03,3.898433374782683813e-03,9.812753555180689702e+00
6.190451318263069602e+00,6.190082411620769776e+00,-1.106719926899479844e-03,3.815826719399950662e-03,9.812709106792500080e+00
6.190438869751350381e+00,6.190082411620769776e+00,-1.069374391741817476e-03,3.734553515766236842e-03,9.812665179124024917e+00
6.190426687757543789e+00,6.190082411620769776e+00,-1.032828410322039758e-03,3.654598141977771775e-03,9.812621769731656229e+00
6.190414767940710661e+00,6.190082411620769776e+00,-9.970689598226556427e-04,3.575945049938411557e-03,9.812578876090116253e+00
6.190403106011486578e+00,6.190082411620769776e+00,-9.620831721504075063e-04,3.498578767224813646e-03,9.812536495595075792e+00
6.190391697731821630e+00,6.190082411620769776e+00,-9.278583331555623204e-04,3.422483899484518588e-03,9.812494625566330342e+00
6.190380538914713071e+00,6.190082411620769776e+00,-8.943818818298865381e-04,3.347645132567578230e-03,9.812453263250738189e+00
6.190369625423929989e+00,6.190082411620769776e+00,-8.616414094806401636e-04,3.274047234924637451e-03,9.812412405825444495e+00
6.190358953173729084e+00,6.190082411620769776e+00,-8.296246588779254694e-04,3.201675060271469420e-03,9.812372050401393153e+00
6.190348518128568678e+00,6.190082411620769776e+00,-7.983195233967066429e-04,3.130513548121882650e-03,9.812332194024726562e+00
6.190338316302810284e+00,6.190082411620769776e+00,-7.677140461215259393e-04,3.060547727518070360e-03,9.812292833681397042e+00
6.190328343760420182e+00,6.190082411620769776e+00,-7.377964189512198345e-04,2.991762717030610474e-03,9.812253966298079888e+00
6.190318596614660329e+00,6.190082411620769776e+00,-7.085549816716607552e-04,2.924143727955907934e-03,9.812215588746283856e+00
6.190309071027774834e+00,6.190082411620769776e+00,-6.799782210151761319e-04,2.857676065648462327e-03,9.812177697844633784e+00
6.190299763210673767e+00,6.190082411620769776e+00,-6.520547697119738473e-04,2.792345130320228463e-03,9.812140290360609640e+00
6.190290669422608971e+00,6.190082411620769776e+00,-6.247734055175868662e-04,2.728136419438698113e-03,9.812103363013921609e+00
6.190281785970845441e+00,6.190082411620769776e+00,-5.981230502269951899e-04,2.665035529059167629e-03,9.812066912478833558e+00
6.190273109210330027e+00,6.190082411620769776e+00,-5.720927686807542045e-04,2.603028154624098534e-03,9.812030935385944730e+00
6.190264635543353045e+00,6.190082411620769776e+00,-5.466717677498067474e-04,2.542100093094745716e-03,9.811995428325346325e+00
6.190256361419208098e+00,6.190082411620769776e+00,-5.218493953149661024e-04,2.482237243484064493e-03,9.811960387848170484e+00
6.190248283333848356e+00,6.190082411620769776e+00,-4.976151392357408554e-04,2.423425607922524705e-03,9.811925810468686393e+00
6.190240397829535723e+00,6.190082411620769776e+00,-4.739586262978434661e-04,2.365651293789738929e-03,9.811891692667492393e+00
6.190232701494490009e+00,6.190082411620769776e+00,-4.508696211606988413e-04,2.308900513714462477e-03,9.811858030892555149e+00
6.190225190962532764e+00,6.190082411620769776e+00,-4.283380252889656958e-04,2.253159587173314549e-03,9.811824821561884846e+00
6.190217862912732016e+00,6.190082411620769776e+00,-4.063538758867224487e-04,2.198414940224324710e-03,9.811792061064338100e+00
6.190210714069038112e+00,6.190082411620769776e+00,-3.849073448050077673e-04,2.144653108171468148e-03,9.811759745763367846e+00
6.190203741199920451e+00,6.190082411620769776e+00,-3.639887374520256458e-04,2.091860735298212148e-03,9.811727871997845796e+00
6.190196941118002449e+00,6.190082411620769776e+00,-3.435884916980214143e-04,2.040024575400423146e-03,9.811696436083703787e+00
6.190190310679692942e+00,6.190082411620769776e+00,-3.236971767694996061e-04,1.989131492852180827e-03,9.811665434316083179e+00
6.190183846784814925e+00,6.190082411620769776e+00,-3.043054921354482190e-04,1.939168463405138709e-03,9.811634862971271076e+00
6.190177546376234297e+00,6.190082411620769776e+00,-2.854042663935629776e-04,1.890122574188524140e-03,9.811604718307794570e+00
6.190171406439484159e+00,6.190082411620769776e+00,-2.669844561431489183e-04,1.841981025041405928e-03,9.811574996568898754e+00
6.190165424002390893e+00,6.190082411620769776e+00,-2.490371448633510454e-04,1.794731127979787288e-03,9.811545693983116934e+00
6.190159596134695796e+00,6.190082411620769776e+00,-2.315535417780623106e-04,1.748360308528873475e-03,9.811516806766750420e+00
6.190153919947677608e+00,6.190082411620769776e+00,-2.145249807234961281e-04,1.702856105456618252e-03,9.811488331124733620e+00
6.190148392593771476e+00,6.190082411620769776e+00,-1.979429190051007481e-04,1.658206171839538001e-03,9.811460263252834935e+00
6.190143011266190598e+00,6.190082411620769776e+00,-1.817989362624672367e-04,1.614398274263351141e-03,9.811432599338001381e+00
6.190137773198543414e+00,6.190082411620769776e+00,-1.660847333209147791e-04,1.571420294155245756e-03,9.811405335560834828e+00
6.190132675664452577e+00,6.190082411620769776e+00,-1.507921310484050537e-04,1.529260227250972548e-03,9.811378468096203065e+00
6.190127715977171263e+00,6.190082411620769776e+00,-1.359130692044629996e-04,1.487906184394205411e-03,9.811351993115190240e+00
6.190122891489201251e+00,6.190082411620769776e+00,-1.214396052944266557e-04,1.447346391003634380e-03,9.811325906785709705e+00
6.190118199591910120e+00,6.190082411620769776e+00,-1.073639134210324642e-04,1.407569187339419159e-03,9.811300205273919772e+00
6.190113637715146666e+00,6.190082411620769776e+00,-9.367828313067150248e-05,1.368563029036096168e-03,9.811274884745905922e+00
6.190109203326857212e+00,6.190082411620769776e+00,-8.037511826231025225e-05,1.330316486836125023e-03,9.811249941368574312e+00
6.190104893932705465e+00,6.190082411620769776e+00,-6.744693580706950797e-05,1.292818245524074428e-03,9.811225371309717502e+00
6.190100707075684383e+00,6.190082411620769776e+00,-5.488636474382246888e-05,1.256057106324703909e-03,9.811201170741581379e+00
6.190096640335736922e+00,6.190082411620769776e+00,-4.268614490143818330e-05,1.220021984238428558e-03,9.811177335839337488e+00
6.190092691329374119e+00,6.190082411620769776e+00,-3.083912581303138722e-05,1.184701908840679607e-03,9.811153862783028146e+00
6.190088857709289627e+00,6.190082411620769776e+00,-1.933826555955420190e-05,1.150086025347718532e-03,9.811130747759788662e+00
6.190085137163980455e+00,6.190082411620769776e+00,-8.176629632039578155e-06,1.116163592751462375e-03,9.811107986963119032e+00
6.190081527417367724e+00,6.190082411620769776e+00,2.652610206155259220e-06,1.082923983819483738e-03,9.811085576594026136e+00
6.190078026228414743e+00,6.190082411620769776e+00,1.315617706509897289e-05,1.050356685894371367e-03,9.811063512862959968e+00
6.190074631390747761e+00,6.190082411620769776e+00,2.334069006604266860e-05,1.018451300094369572e-03,9.811041791990160021e+00
6.190071340732280269e+00,6.190082411620769776e+00,3.321266546851830981e-05,9.871975402475641204e-04,9.811020410205717468e+00
6.190068152114832856e+00,6.190082411620769776e+00,4.277851781075980853e-05,9.565852342241498718e-04,9.810999363752035407e+00
6.190065063433761061e+00,6.190082411620769776e+00,5.204456102614329893e-05,9.266043215383490406e-04,9.810978648882564102e+00
6.190062072617577016e+00,6.190082411620769776e+00,6.101700957827915772e-05,8.972448552135858790e-04,9.810958261864792362e+00
6.190059177627579956e+00,6.190082411620769776e+00,6.970197956945867190e-05,8.684969991179514182e-04,9.810938198978687907e+00
6.190056376457480525e+00,6.190082411620769776e+00,7.810548986775245339e-05,8.403510298293781489e-04,9.810918456519697628e+00
6.190053667133033066e+00,6.190082411620769776e+00,8.623346321012803628e-05,8.127973342375582888e-04,9.810899030797447296e+00
6.190051047711665255e+00,6.190082411620769776e+00,9.409172731356107988e-05,7.858264103433043601e-04,9.810879918137658251e+00
6.190048516282111279e+00,6.190082411620769776e+00,1.016860159754884307e-04,7.594288661927350859e-04,9.810861114882168721e+00
6.190046070964045910e+00,6.190082411620769776e+00,1.090219701715966494e-04,7.335954196108218639e-04,9.810842617389782916e+00
6.190043709907719460e+00,6.190082411620769776e+00,1.161051391509460018e-04,7.083168979349352412e-04,9.810824422037086379e+00
6.190041431293596297e+00,6.190082411620769776e+00,1.229409815204363099e-04,6.835842369490308101e-04,9.810806525218470853e+00
6.190039233331995128e+00,6.190082411620769776e+00,1.295348663239437315e-04,6.593884803507421566e-04,9.810788923346674295e+00
6.190037114262728402e+00,6.190082411620769776e+00,1.358920741241220753e-04,6.357207800178343859e-04,9.810771612854143342e+00
6.190035072354747037e+00,6.190082411620769776e+00,1.420177980682169050e-04,6.125723944094829676e-04,9.810754590192477309e+00
6.190033105905785149e+00,6.190082411620769776e+00,1.479171449538796423e-04,5.899346885662737350e-04,9.810737851833520651e+00
6.190031213242006558e+00,6.190082411620769776e+00,1.535951362896526007e-04,5.677991335772958337e-04,9.810721394269867446e+00
6.190029392717654844e+00,6.190082411620769776e+00,1.590567093447958769e-04,5.461573055143276179e-04,9.810705214014859621e+00
6.190027642714705181e+00,6.190082411620769776e+00,1.643067181937851728e-04,5.250008848989295984e-04,9.810689307603093212e+00
6.190025961642515284e+00,6.190082411620769776e+00,1.693499347634741525e-04,5.043216569688979689e-04,9.810673671591732870e+00
6.190024347937484350e+00,6.190082411620769776e+00,1.741910498562759813e-04,4.841115092801828723e-04,9.810658302559136956e+00
6.190022800062709329e+00,6.190082411620769776e+00,1.788346741813384710e-04,4.643624325062489788e-04,9.810643197106688973e+00
6.190021316507645643e+00,6.190082411620769776e+00,1.832853393723965496e-04,4.450665191058078562e-04,9.810628351858479590e+00
6.190019895787767901e+00,6.190082411620769776e+00,1.875474990056247293e-04,4.262159633228179700e-04,9.810613763462328052e+00
6.190018536444235941e+00,6.190082411620769776e+00,1.916255296015023646e-04,4.078030595877635278e-04,9.810599428589188875e+00
6.190017237043562659e+00,6.190082411620769776e+00,1.955237316213498389e-04,3.898202019847474276e-04,9.810585343933606595e+00
6.190015996177282709e+00,6.190082411620769776e+00,1.992463304612002162e-04,3.722598839850377317e-04,9.810571506214447624e+00
6.190014812461624771e+00,6.190082411620769776e+00,2.027974774350127518e-04,3.551146973812535634e-04,9.810557912174816764e+00
6.190013684537183813e+00,6.190082411620769776e+00,2.061812507578864029e-04,3.383773322873651068e-04,9.810544558583046637e+00
6.190012611068601345e+00,6.190082411620769776e+00,2.094016565052925216e-04,3.220405747406118735e-04,9.810531442231246402e+00
6.190011590744242120e+00,6.190082411620769776e+00,2.124626295829656897e-04,3.060973077673168063e-04,9.810518559937349892e+00
6.190010622275876173e+00,6.190082411620769776e+00,2.153680346808073409e-04,2.905405097841651241e-04,9.810505908544465470e+00
6.190009704398365287e+00,6.190082411620769776e+00,2.181216672134667078e-04,2.753632532659366916e-04,9.810493484920479901e+00
6.190008835869345916e+00,6.190082411620769776e+00,2.207272542715799091e-04,2.605587058113201238e-04,9.810481285960083397e+00
6.190008015468922764e+00,6.190082411620769776e+00,2.231884555410346138e-04,2.461201269454704743e-04,9.810469308582487002e+00
6.190007241999357923e+00,6.190082411620769776e+00,2.255088642355573825e-04,2.320408694522768656e-04,9.810457549733687443e+00
6.190006514284766226e+00,6.190082411620769776e+00,2.276920080106492605e-04,2.183143775091878069e-04,9.810446006385520334e+00
6.190005831170813266e+00,6.190082411620769776e+00,2.297413498695277667e-04,2.049341858878506173e-04,9.810434675535757876e+00
6.190005191524414307e+00,6.190082411620769776e+00,2.316602890664043457e-04,1.918939196876578990e-04,9.810423554208753671e+00
6.190004594233435853e+00,6.190082411620769776e+00,2.334521620017682153e-04,1.791872935363869601e-04,9.810412639455538653e+00
6.190004038206403436e+00,6.190082411620769776e+00,2.351202430990184666e-04,1.668081097250251332e-04,9.810401928352824541e+00
6.190003522372205857e+00,6.190082411620769776e+00,2.366677456917543054e-04,1.547502592735838789e-04,9.810391418004964947e+00
6.190003045679809190e+00,6.190082411620769776e+00,2.380978228817554054e-04,1.430077190001100007e-04,9.810381105541882363e+00
6.190002607097966347e+00,6.190082411620769776e+00,2.394135684102849382e-04,1.315745528529532749e-04,9.810370988121263736e+00
6.190002205614935527e+00,6.190082411620769776e+00,2.406180175027472501e-04,1.204449092462311910e-04,9.810361062926748588e+00
6.190001840238197772e+00,6.190082411620769776e+00,2.417141477160100749e-04,1.096130213262824782e-04,9.810351327169042790e+00
6.190001509994176310e+00,6.190082411620769776e+00,2.427048797803976754e-04,9.907320643876005306e-05,9.810341778086218767e+00
6.190001213927963875e+00,6.190082411620769776e+00,2.435930784177031683e-04,8.881986373054928663e-05,9.810332412942148750e+00
6.190000951103045601e+00,6.190082411620769776e+00,2.443815531725235246e-04,7.884747548203563383e-05,9.810323229028654168e+00
6.190000720601029904e+00,6.190082411620769776e+00,2.450730592196137536e-04,6.915060470902290035e-05,9.810314223663930022e+00
6.190000521521381138e+00,6.190082411620769776e+00,2.456702981659120155e-04,5.972389462982619079e-05,9.810305394192795347e+00
6.190000352981151366e+00,6.190082411620769776e+00,2.461759188552292699e-04,5.056206893172543460e-05,9.810296737987787452e+00
6.190000214114720123e+00,6.190082411620769776e+00,2.465925181489581064e-04,4.165992937288365283e-05,9.810288252447522339e+00
6.190000104073534182e+00,6.190082411620769776e+00,2.469226417067815760e-04,3.301235578234695822e-05,9.810279934997488738e+00
6.190000022025847315e+00,6.190082411620769776e+00,2.471687847673820215e-04,2.461430606004455512e-05,9.810271783090827924e+00
6.189999967156469829e+00,6.190082411620769776e+00,2.473333928998400211e-04,1.646081324579995453e-05,9.810263794206147026e+00
6.189999938666512769e+00,6.190082411620769776e+00,2.474188627710205424e-04,8.546987118052129517e-06,9.810255965849890458e+00
6.189999935773141004e+00,6.190082411620769776e+00,2.474275428863137449e-04,8.680115293202561588e-07,9.810248295554416131e+00
6.189999957709324541e+00,6.190082411620769776e+00,2.473617343357048526e-04,-6.580855060889234665e-06,9.810240780879276201e+00
6.190000003723596045e+00,6.190082411620769776e+00,2.472236915211922792e-04,-1.380428145125733863e-05,9.810233419410071320e+00
6.190000073079808374e+00,6.190082411620769776e+00,2.470156228842057544e-04,-2.080686369865247798e-05,9.810226208759186051e+00
6.190000165056896542e+00,6.190082411620769776e+00,2.467396916197017731e-04,-2.759312645039813106e-05,9.810219146565170689e+00
6.190000278948641466e+00,6.190082411620769776e+00,2.463980163849299743e-04,-3.416752347717988414e-05,9.810212230492908247e+00
6.190000414063435485e+00,6.190082411620769776e+00,2.459926720028704494e-04,-4.053443820595248326e-05,9.810205458233797415e+00
6.190000569724053214e+00,6.190082411620769776e+00,2.455256901496838395e-04,-4.669818531866098965e-05,9.810198827504830632e+00
6.190000745267421500e+00,6.190082411620769776e+00,2.449990600448259670e-04,-5.266301048578725386e-05,9.810192336049560424e+00
6.190000940044394717e+00,6.190082411620769776e+00,2.444147291251752563e-04,-5.843309196507107117e-05,9.810185981637161490e+00
6.190001153419531832e+00,6.190082411620769776e+00,2.437746037138310840e-04,-6.401254113441723348e-05,9.810179762062579911e+00
6.190001384770875248e+00,6.190082411620769776e+00,2.430805496835830581e-04,-6.940540302480258106e-05,9.810173675146659278e+00
6.190001633489733202e+00,6.190082411620769776e+00,2.423343931097221571e-04,-7.461565738609010623e-05,9.810167718735723241e+00
6.190001898980464823e+00,6.190082411620769776e+00,2.415379209148582618e-04,-7.964721948638953108e-05,9.810161890701429854e+00
6.190002180660266085e+00,6.190082411620769776e+00,2.406928815110731534e-04,-8.450394037851083340e-05,9.810156188941132172e+00
6.190002477958961968e+00,6.190082411620769776e+00,2.398009854234217642e-04,-8.918960876513892799e-05,9.810150611376659668e+00
6.190002790318795078e+00,6.190082411620769776e+00,2.388639059240915685e-04,-9.370794993301956310e-05,9.810145155955991569e+00
6.190003117194224025e+00,6.190082411620769776e+00,2.378832796372520875e-04,-9.806262868394810539e-05,9.810139820650952913e+00
6.190003458051718255e+00,6.190082411620769776e+00,2.368607071545625331e-04,-1.022572482689554363e-04,9.810134603458886104e+00
6.190003812369558212e+00,6.190082411620769776e+00,2.357977536346922420e-04,-1.062953519870291075e-04,9.810129502401647272e+00
6.190004179637638160e+00,6.190082411620769776e+00,2.346959493948475028e-04,-1.101804239844739186e-04,9.810124515525410871e+00
6.190004559357270786e+00,6.190082411620769776e+00,2.335567904969693132e-04,-1.139158897878189691e-04,9.810119640900708760e+00
6.190004951040993575e+00,6.190082411620769776e+00,2.323817393286020661e-04,-1.175051168367247101e-04,9.810114876622492375e+00
6.190005354212378741e+00,6.190082411620769776e+00,2.311722251731040956e-04,-1.209514155497970478e-04,9.810110220809622916e+00
6.190005768405844933e+00,6.190082411620769776e+00,2.299296447745291516e-04,-1.242580398574943956e-04,9.810105671604917532e+00
6.190006193166471604e+00,6.190082411620769776e+00,2.286553628945142691e-04,-1.274281880014882518e-04,9.810101227174893523e+00
6.190006628049815163e+00,6.190082411620769776e+00,2.273507128638385666e-04,-1.304650030675702510e-04,9.810096885709796766e+00
6.190007072621729556e+00,6.190082411620769776e+00,2.260169971206593686e-04,-1.333715743179197943e-04,9.810092645422802349e+00
6.190007526458186859e+00,6.190082411620769776e+00,2.246554877487483282e-04,-1.361509371911040489e-04,9.810088504550558142e+00
6.190007989145098755e+00,6.190082411620769776e+00,2.232674270130630134e-04,-1.388060735685314739e-04,9.810084461353444141e+00
6.190008460278145996e+00,6.190082411620769776e+00,2.218540278713376779e-04,-1.413399141725335539e-04,9.810080514113700190e+00
6.190008939462605220e+00,6.190082411620769776e+00,2.204164744936676357e-04,-1.437553377670042210e-04,9.810076661136726273e+00
6.190009426313177521e+00,6.190082411620769776e+00,2.189559227767645666e-04,-1.460551716903069064e-04,9.810072900751087843e+00
6.190009920453825032e+00,6.190082411620769776e+00,2.174735008342310039e-04,-1.482421942533562742e-04,9.810069231306581372e+00
6.190010421517603056e+00,6.190082411620769776e+00,2.159703095001574980e-04,-1.503191334073505914e-04,9.810065651176092416e+00
6.190010929146499308e+00,6.190082411620769776e+00,2.144474228114034986e-04,-1.522886688753999351e-04,9.810062158753936501e+00
6.190011442991270485e+00,6.190082411620769776e+00,2.129058884978718424e-04,-1.541534313531656153e-04,9.810058752457145204e+00
6.190011962711287730e+00,6.190082411620769776e+00,2.113467284461378881e-04,-1.559160051733954333e-04,9.810055430723274128e+00
6.190012487974376754e+00,6.190082411620769776e+00,2.097709391790658628e-04,-1.575789267072025268e-04,9.810052192012472361e+00
6.190013018456666849e+00,6.190082411620769776e+00,2.081794923087798566e-04,-1.591446870286006288e-04,9.810049034805281565e+00
6.190013553842438121e+00,6.190082411620769776e+00,2.065733349949638864e-04,-1.606157313815970156e-04,9.810045957603612976e+00
6.190014093823969610e+00,6.190082411620769776e+00,2.049533904004974261e-04,-1.619944594466460330e-04,9.810042958930953461e+00
6.190014638101394517e+00,6.190082411620769776e+00,2.033205581257746530e-04,-1.632832274722773036e-04,9.810040037330654883e+00
6.190015186382551882e+00,6.190082411620769776e+00,2.016757146536818368e-04,-1.644843472092816228e-04,9.810037191367445786e+00
6.190015738382846244e+00,6.190082411620769776e+00,2.000197137705939099e-04,-1.656000883087926923e-04,9.810034419625463187e+00
6.190016293825102878e+00,6.190082411620769776e+00,1.983533870006937150e-04,-1.666326769900194904e-04,9.810031720710011172e+00
6.190016852439431005e+00,6.190082411620769776e+00,1.966775440163104349e-04,-1.675842984383280054e-04,9.810029093245578480e+00
6.190017413963083470e+00,6.190082411620769776e+00,1.949929730589161636e-04,-1.684570957394271318e-04,9.810026535877319986e+00
6.190017978140323507e+00,6.190082411620769776e+00,1.933004413388061948e-04,-1.692531720109968774e-04,9.810024047269328307e+00
6.190018544722290628e+00,6.190082411620769776e+00,1.916006954374438465e-04,-1.699745901362348377e-04,9.810021626105301706e+00
6.190019113466868284e+00,6.190082411620769776e+00,1.898944617044762140e-04,-1.706233732967632477e-04,9.810019271088407322e+00
6.190019684138555078e+00,6.190082411620769776e+00,1.881824466440917831e-04,-1.712015060384430853e-04,9.810016980940606146e+00
6.190020256508335983e+00,6.190082411620769776e+00,1.864653373013780424e-04,-1.717109342713740716e-04,9.810014754403031390e+00
6.190020830353557102e+00,6.190082411620769776e+00,1.847438016380209547e-04,-1.721535663357087742e-04,9.810012590235302810e+00
6.190021405457801329e+00,6.190082411620769776e+00,1.830184889053398933e-04,-1.725312732681061334e-04,9.810010487215638619e+00
6.190021981610767554e+00,6.190082411620769776e+00,1.812900300066644377e-04,-1.728458898675455657e-04,9.810008444140139616e+00
6.190022558608147207e+00,6.190082411620769776e+00,1.795590378677047738e-04,-1.730992138959663862e-04,9.810006459823972236e+00
6.190023136251509683e+00,6.190082411620769776e+00,1.778261077802767431e-04,-1.732930087428030674e-04,9.810004533099037971e+00
6.190023714348181549e+00,6.190082411620769776e+00,1.760918177646786376e-04,-1.734290015598105583e-04,9.810002662816206254e+00
6.190024292711135523e+00,6.190082411620769776e+00,1.743567289027581069e-04,-1.735088861920530690e-04,9.810000847842712091e+00
6.190024871158873232e+00,6.190082411620769776e+00,1.726213856896308130e-04,-1.735343213127293893e-04,9.809999087064376511e+00
6.190025449515317746e+00,6.190082411620769776e+00,1.708863163560891962e-04,-1.735069333541616743e-04,9.809997379383002425e+00
6.190026027609700776e+00,6.190082411620769776e+00,1.691520332069984534e-04,-1.734283149090742882e-04,9.809995723718298422e+00
6.190026605276455207e+00,6.190082411620769776e+00,1.674190329437053038e-04,-1.733000263293149601e-04,9.809994119006614000e+00
6.190027182355110291e+00,6.190082411620769776e+00,1.656877969784531501e-04,-1.731235965252153619e-04,9.809992564200452847e+00
6.190027758690185955e+00,6.190082411620769776e+00,1.639587917514617743e-04,-1.729005226991375821e-04,9.809991058269051933e+00
6.190028334131087995e+00,6.190082411620769776e+00,1.622324690453424978e-04,-1.726322706119276518e-04,9.809989600198434800e+00
6.190028908532010377e+00,6.190082411620769776e+00,1.605092662781970603e-04,-1.723202767145437520e-04,9.809988188989564151e+00
6.190029481751831320e+00,6.190082411620769776e+00,1.587896068153682450e-04,-1.719659462828815322e-04,9.809986823660533872e+00
6.190030053654018261e+00,6.190082411620769776e+00,1.570739002545451513e-04,-1.715706560823093696e-04,9.809985503244172733e+00
6.190030624106530155e+00,6.190082411620769776e+00,1.553625427188620733e-04,-1.711357535683077913e-04,9.809984226789151052e+00
6.190031192981720665e+00,6.190082411620769776e+00,1.536559171473328433e-04,-1.706625571529230001e-04,9.809982993359994907e+00
6.190031760156247564e+00,6.190082411620769776e+00,1.519543935666334278e-04,-1.701523580699415561e-04,9.809981802035498077e+00
6.190032325510977707e+00,6.190082411620769776e+00,1.502583293762072003e-04,-1.696064190426227469e-04,9.809980651910333194e+00
6.190032888930899091e+00,6.190082411620769776e+00,1.485680696120539324e-04,-1.690259764153267952e-04,9.809979542093197225e+00
6.190033450305029383e+00,6.190082411620769776e+00,1.468839472211769248e-04,-1.684122390877007547e-04,9.809978471708134862e+00
6.190034009526330649e+00,6.190082411620769776e+00,1.452062833173783929e-04,-1.677663903798531919e-04,9.809977439892938023e+00
6.190034566491621426e+00,6.190082411620769776e+00,1.435353874450484568e-04,-1.670895872329936083e-04,9.809976445800213440e+00
6.190035121101492344e+00,6.190082411620769776e+00,1.418715578322959914e-04,-1.663829612752465437e-04,9.809975488596556659e+00
6.190035673260222637e+00,6.190082411620769776e+00,1.402150816414149403e-04,-1.656476190881051025e-04,9.809974567462553807e+00
6.190036222875699323e+00,6.190082411620769776e+00,1.385662352113570250e-04,-1.648846430057915313e-04,9.809973681592206063e+00
6.190036769859334598e+00,6.190082411620769776e+00,1.369252843055335234e-04,-1.640950905823501671e-04,9.809972830193723681e+00
6.190037314125989454e+00,6.190082411620769776e+00,1.352924843409653022e-04,-1.632799964568221185e-04,9.809972012487884641e+00
6.190037855593892857e+00,6.190082411620769776e+00,1.336680806307555258e-04,-1.624403710209776364e-04,9.809971227709610275e+00
6.190038394184568027e+00,6.190082411620769776e+00,1.320523086052460826e-04,-1.615772025509443210e-04,9.809970475106055687e+00
6.190038929822753389e+00,6.190082411620769776e+00,1.304453940491612229e-04,-1.606914556084859669e-04,9.809969753938441173e+00
6.190039462436332407e+00,6.190082411620769776e+00,1.288475533121058447e-04,-1.597840737055378213e-04,9.809969063479606177e+00
6.190039991956259868e+00,6.190082411620769776e+00,1.272589935297219199e-04,-1.588559782383924812e-04,9.809968403015291827e+00
6.190040518316488161e+00,6.190082411620769776e+00,1.256799128448449210e-04,-1.579080684876998930e-04,9.809967771844357642e+00
6.190041041453901549e+00,6.190082411620769776e+00,1.241105006046794301e-04,-1.569412240165490857e-04,9.809967169276589516e+00
6.190041561308242457e+00,6.190082411620769776e+00,1.225509375819555657e-04,-1.559563022723864378e-04,9.809966594635309178e+00
6.190042077822046629e+00,6.190082411620769776e+00,1.210013961694400564e-04,-1.549541412515509364e-04,9.809966047254917498e+00
6.190042590940576517e+00,6.190082411620769776e+00,1.194620405797763851e-04,-1.539355589663671253e-04,9.809965526481613907e+00
6.190043100611754667e+00,6.190082411620769776e+00,1.179330270453249341e-04,-1.529013534451451051e-04,9.809965031673600677e+00
6.190043606786099772e+00,6.190082411620769776e+00,1.164145040100095230e-04,-1.518523035315411107e-04,9.809964562200478966e+00
6.190044109416665385e+00,6.190082411620769776e+00,1.149066123131703421e-04,-1.507891696839180895e-04,9.809964117442628861e+00
6.190044608458975084e+00,6.190082411620769776e+00,1.134094853840750261e-04,-1.497126929095315973e-04,9.809963696792475929e+00
6.190045103870963850e+00,6.190082411620769776e+00,1.119232494177779813e-04,-1.486235966297044797e-04,9.809963299652789459e+00
6.190045595612917673e+00,6.190082411620769776e+00,1.104480235563087831e-04,-1.475225861469198207e-04,9.809962925437410775e+00
6.190046083647415820e+00,6.190082411620769776e+00,1.089839200618669679e-04,-1.464103494441815201e-04,9.809962573570619071e+00
6.190046567939270439e+00,6.190082411620769776e+00,1.075310444980104307e-04,-1.452875563856537156e-04,9.809962243488111966e+00
6.190047048455474155e+00,6.190082411620769776e+00,1.060894958868630056e-04,-1.441548611147425163e-04,9.809961934634772618e+00
6.190047525165141451e+00,6.190082411620769776e+00,1.046593668849737924e-04,-1.430129001889213214e-04,9.809961646466696550e+00
6.190047998039455379e+00,6.190082411620769776e+00,1.032407439431892726e-04,-1.418622941784519753e-04,9.809961378449765235e+00
6.190048467051614267e+00,6.190082411620769776e+00,1.018337074665254249e-04,-1.407036476663847679e-04,9.809961130059800638e+00
6.190048932176779317e+00,6.190082411620769776e+00,1.004383319713753053e-04,-1.395375495150119605e-04,9.809960900782456861e+00
6.190049393392022203e+00,6.190082411620769776e+00,9.905468624271662748e-05,-1.383645728658677854e-04,9.809960690113378234e+00
6.190049850676277110e+00,6.190082411620769776e+00,9.768283347799666672e-05,-1.371852764719960760e-04,9.809960497557007386e+00
6.190050304010287441e+00,6.190082411620769776e+00,9.632283144700437560e-05,-1.360002030992291111e-04,9.809960322628349161e+00
6.190050753376560522e+00,6.190082411620769776e+00,9.497473262776168212e-05,-1.348098819242693480e-04,9.809960164850703990e+00
6.190051198759318751e+00,6.190082411620769776e+00,9.363858435307292893e-05,-1.336148274688753190e-04,9.809960023756884695e+00
6.190051640144452527e+00,6.190082411620769776e+00,9.231442895174524210e-05,-1.324155401327686832e-04,9.809959898888820362e+00
6.190052077519474949e+00,6.190082411620769776e+00,9.100230388447982932e-05,-1.312125067265412781e-04,9.809959789797158436e+00
6.190052510873477409e+00,6.190082411620769776e+00,8.970224187709874286e-05,-1.300062007381086460e-04,9.809959696041140376e+00
6.190052940197084297e+00,6.190082411620769776e+00,8.841427105643617779e-05,-1.287970820662565075e-04,9.809959617188990677e+00
6.190053365482409475e+00,6.190082411620769776e+00,8.713841508090069965e-05,-1.275855975535478137e-04,9.809959552817527850e+00
6.190053786723016316e+00,6.190082411620769776e+00,8.587469326037933115e-05,-1.263721820521368500e-04,9.809959502511208740e+00
6.190054203913874176e+00,6.190082411620769776e+00,8.462312068679977983e-05,-1.251572573579551317e-04,9.809959465863329342e+00
6.190054617051318431e+00,6.190082411620769776e+00,8.338370835403452475e-05,-1.239412332765255087e-04,9.809959442475078006e+00
6.190055026133010507e+00,6.190082411620769776e+00,8.215646327780490310e-05,-1.227245076229621645e-04,9.809959431955654452e+00
6.190055431157897914e+00,6.190082411620769776e+00,8.094138861558519693e-05,-1.215074662219706170e-04,9.809959433922394112e+00
6.190055832126177826e+00,6.190082411620769776e+00,7.973848377584857872e-05,-1.202904839736618214e-04,9.809959447999801796e+00
6.190056229039258007e+00,6.190082411620769776e+00,7.854774453530666278e-05,-1.190739240541915933e-04,9.809959473820480724e+00
6.190056621899719502e+00,6.190082411620769776e+00,7.736916315081998619e-05,-1.178581384486676598e-04,9.809959511024702650e+00
6.190057010711283780e+00,6.190082411620769776e+00,7.620272845798581329e-05,-1.166434692834172893e-04,9.809959559259175066e+00
6.190057395478774538e+00,6.190082411620769776e+00,7.504842598571315193e-05,-1.154302472272661362e-04,9.809959618178758944e+00
6.190057776208083062e+00,6.190082411620769776e+00,7.390623806013962849e-05,-1.142187925573523444e-04,9.809959687445502396e+00
6.190058152906136257e+00,6.190082411620769776e+00,7.277614390055475724e-05,-1.130094159584871250e-04,9.809959766727942565e+00
6.190058525580862003e+00,6.190082411620769776e+00,7.165811972331681545e-05,-1.118024177237941785e-04,9.809959855702000908e+00
6.190058894241158072e+00,6.190082411620769776e+00,7.055213883511157746e-05,-1.105980888205237989e-04,9.809959954050015085e+00
6.190059258896859262e+00,6.190082411620769776e+00,6.945817173154011925e-05,-1.093967103571458210e-04,9.809960061461374892e+00
6.190059619558706316e+00,6.190082411620769776e+00,6.837618619037755252e-05,-1.081985541162566733e-04,9.809960177632074618e+00
6.190059976238316608e+00,6.190082411620769776e+00,6.730614735950268823e-05,-1.070038830874864288e-04,9.809960302264272514e+00
6.190060328948153057e+00,6.190082411620769776e+00,6.624801785015677069e-05,-1.058129509345917540e-04,9.809960435066916062e+00
6.190060677701496594e+00,6.190082411620769776e+00,6.520175781954407057e-05,-1.046260030612700120e-04,9.809960575754757883e+00
6.190061022512415079e+00,6.190082411620769776e+00,6.416732506409061898e-05,-1.034432755453451591e-04,9.809960724049519243e+00
6.190061363395738425e+00,6.190082411620769776e+00,6.314467509405119472e-05,-1.022649970039424261e-04,9.809960879678090606e+00
6.190061700367030184e+00,6.190082411620769776e+00,6.213376121877445257e-05,-1.010913875276742147e-04,9.809961042373691598e+00
6.190062033442559120e+00,6.190082411620769776e+00,6.113453463196805160e-05,-9.992265868064009737e-05,9.809961211875950937e+00
6.190062362639275229e+00,6.190082411620769776e+00,6.014694448364110713e-05,-9.875901483269444725e-05,9.809961387929650556e+00
6.190062687974784872e+00,6.190082411620769776e+00,5.917093795471117801e-05,-9.760065289299291180e-05,9.809961570285061327e+00
6.190063009467322352e+00,6.190082411620769776e+00,5.820646034226939491e-05,-9.644776124417830943e-05,9.809961758699099477e+00
6.190063327135730376e+00,6.190082411620769776e+00,5.725345511820023603e-05,-9.530052240691588850e-05,9.809961952932711782e+00
6.190063640999431627e+00,6.190082411620769776e+00,5.631186401444665535e-05,-9.415911037535806827e-05,9.809962152753639586e+00
6.190063951078408344e+00,6.190082411620769776e+00,5.538162708429439363e-05,-9.302369301522617207e-05,9.809962357934068677e+00
6.190064257393178337e+00,6.190082411620769776e+00,5.446268277431443039e-05,-9.189443099799632364e-05,9.809962568251776815e+00
6.190064559964773672e+00,6.190082411620769776e+00,5.355496798831183014e-05,-9.077147860026002490e-05,9.809962783489389437e+00
6.190064858814717574e+00,6.190082411620769776e+00,5.265841815660365910e-05,-8.965498317081710411e-05,9.809963003434987172e+00
6.190065153965004896e+00,6.190082411620769776e+00,5.177296729463876090e-05,-8.854508619648981949e-05,9.809963227881098646e+00
6.190065445438080793e+00,6.190082411620769776e+00,5.089854806694660283e-05,-8.744192276921580742e-05,9.809963456625297340e+00
6.190065733256818525e+00,6.190082411620769776e+00,5.003509185375065726e-05,-8.634562131959455655e-05,9.809963689470535542e+00
6.190066017444503466e+00,6.190082411620769776e+00,4.918252879893003637e-05,-8.525630548206208914e-05,9.809963926223318254e+00
6.190066298024810898e+00,6.190082411620769776e+00,4.834078787663287358e-05,-8.417409222971627969e-05,9.809964166695646526e+00
6.190066575021788253e+00,6.190082411620769776e+00,4.750979694456702873e-05,-8.309909320658448451e-05,9.809964410703738480e+00
6.190066848459835569e+00,6.190082411620769776e+00,4.668948280261986383e-05,-8.203141419471648987e-05,9.809964658068608401e+00
6.190067118363689502e+00,6.190082411620769776e+00,4.587977124081987768e-05,-8.097115617999861570e-05,9.809964908615061319e+00
6.190067384758405566e+00,6.190082411620769776e+00,4.508058709262741104e-05,-7.991841481924666368e-05,9.809965162172273878e+00
6.190067647669338591e+00,6.190082411620769776e+00,4.429185429355442238e-05,-7.887327990729886551e-05,9.809965418574385865e+00
6.190067907122129398e+00,6.190082411620769776e+00,4.351349592113251674e-05,-7.783583724219056421e-05,9.809965677658679439e+00
6.190068163142686153e+00,6.190082411620769776e+00,4.274543425086818615e-05,-7.680616702643305871e-05,9.809965939267225821e+00
6.190068415757169262e+00,6.190082411620769776e+00,4.198759080153990908e-05,-7.578434493282770745e-05,9.809966203245869210e+00
6.190068664991977165e+00,6.190082411620769776e+00,4.123988637783071454e-05,-7.477044237091945433e-05,9.809966469444006520e+00
6.190068910873729457e+00,6.190082411620769776e+00,4.050224112095435203e-05,-7.376452568763625095e-05,9.809966737715434704e+00
6.190069153429252680e+00,6.190082411620769776e+00,3.977457455128785568e-05,-7.276665696664963434e-05,9.809967007917585136e+00
6.190069392685567884e+00,6.190082411620769776e+00,3.905680560567503790e-05,-7.177689456128177881e-05,9.809967279911045779e+00
6.190069628669874646e+00,6.190082411620769776e+00,3.834885268538812397e-05,-7.079529202869139226e-05,9.809967553560657194e+00
6.190069861409536855e+00,6.190082411620769776e+00,3.765063369876031629e-05,-6.982189866278076806e-05,9.809967828735036477e+00
6.190070090932072944e+00,6.190082411620769776e+00,3.696206609049568215e-05,-6.885676082646341456e-05,9.809968105305264530e+00
6.190070317265139899e+00,6.190082411620769776e+00,3.628306688963078841e-05,-6.789992008648937372e-05,9.809968383146802751e+00
6.190070540436520830e+00,6.190082411620769776e+00,3.561355274683819516e-05,-6.695141427925932476e-05,9.809968662138468076e+00
6.190070760474116085e+00,6.190082411620769776e+00,3.495343996107180828e-05,-6.601127857663868781e-05,9.809968942161384931e+00
6.190070977405927266e+00,6.190082411620769776e+00,3.430264452752851412e-05,-6.507954335432941662e-05,9.809969223101173696e+00
6.190071191260048344e+00,6.190082411620769776e+00,3.366108216429353206e-05,-6.415623632349820582e-05,9.809969504845842181e+00
6.190071402064654116e+00,6.190082411620769776e+00,3.302866834697937293e-05,-6.324138173141591324e-05,9.809969787286615173e+00
6.190071609847988654e+00,6.190082411620769776e+00,3.240531834336479733e-05,-6.233500036145755985e-05,9.809970070317982405e+00
6.190071814638354653e+00,6.190082411620769776e+00,3.179094724536923877e-05,-6.143710979955585572e-05,9.809970353837446311e+00
6.190072016464104543e+00,6.190082411620769776e+00,3.118546999569815625e-05,-6.054772496710825180e-05,9.809970637745028199e+00
6.190072215353628948e+00,6.190082411620769776e+00,3.058880142248199263e-05,-5.966685732161636224e-05,9.809970921944101363e+00
6.190072411335347802e+00,6.190082411620769776e+00,3.000085626592152721e-05,-5.879451565604654206e-05,9.809971206340609484e+00
6.190072604437700576e+00,6.190082411620769776e+00,2.942154920759776360e-05,-5.793070583237636129e-05,9.809971490843375719e+00
6.190072794689138291e+00,6.190082411620769776e+00,2.885079489445274703e-05,-5.707543131450165674e-05,9.809971775363580448e+00
6.190072982118111966e+00,6.190082411620769776e+00,2.828850797342852275e-05,-5.622869210242242843e-05,9.809972059815871503e+00
6.190073166753067291e+00,6.190082411620769776e+00,2.773460310745434754e-05,-5.539048659741752090e-05,9.809972344116509646e+00
6.190073348622433969e+00,6.190082411620769776e+00,2.718899500742111286e-05,-5.456081000332346775e-05,9.809972628185004595e+00
6.190073527754619498e+00,6.190082411620769776e+00,2.665159845083309165e-05,-5.373965565880212125e-05,9.809972911942793417e+00
6.190073704177999403e+00,6.190082411620769776e+00,2.612232831111782616e-05,-5.292701397152654863e-05,9.809973195314340089e+00
6.190073877920911016e+00,6.190082411620769776e+00,2.560109957627787480e-05,-5.212287348399513576e-05,9.809973478226092780e+00
6.190074049011644597e+00,6.190082411620769776e+00,2.508782737553616471e-05,-5.132722007417100940e-05,9.809973760607302751e+00
6.190074217478438889e+00,6.190082411620769776e+00,2.458242699265866804e-05,-5.054003828774966678e-05,9.809974042388706295e+00
6.190074383349472242e+00,6.190082411620769776e+00,2.408481389259975458e-05,-4.976131000589134601e-05,9.809974323503887206e+00
6.190074546652856391e+00,6.190082411620769776e+00,2.359490374015393854e-05,-4.899101524458160384e-05,9.809974603888495182e+00
6.190074707416629352e+00,6.190082411620769776e+00,2.311261242127216065e-05,-4.822913188817778973e-05,9.809974883480533592e+00
6.190074865668750093e+00,6.190082411620769776e+00,2.263785605904899967e-05,-4.747563622231609770e-05,9.809975162219837230e+00
6.190075021437093206e+00,6.190082411620769776e+00,2.217055102970988401e-05,-4.673050293391156629e-05,9.809975440048095408e+00
6.190075174749440912e+00,6.190082411620769776e+00,2.171061398659190900e-05,-4.599370431179750085e-05,9.809975716909676180e+00
6.190075325633479508e+00,6.190082411620769776e+00,2.125796187080197797e-05,-4.526521157899310310e-05,9.809975992750292306e+00
6.190075474116793153e+00,6.190082411620769776e+00,2.081251192986854903e-05,-4.454499409334289339e-05,9.809976267517836135e+00
6.190075620226858533e+00,6.190082411620769776e+00,2.037418173372884667e-05,-4.383301961397023661e-05,9.809976541162120256e+00
6.190075763991040425e+00,6.190082411620769776e+00,1.994288918805153799e-05,-4.312925456773086808e-05,9.809976813634619930e+00
6.190075905436585479e+00,6.190082411620769776e+00,1.951855255288847957e-05,-4.243366351630584177e-05,9.809977084889037968e+00
6.190076044590619553e+00,6.190082411620769776e+00,1.910109045066832323e-05,-4.174621022201563392e-05,9.809977354880228262e+00
6.190076181480141493e+00,6.190082411620769776e+00,1.869042188484826283e-05,-4.106685658200603939e-05,9.809977623565302451e+00
6.190076316132019585e+00,6.190082411620769776e+00,1.828646625057217534e-05,-4.039556342760874941e-05,9.809977890902823461e+00
6.190076448572987999e+00,6.190082411620769776e+00,1.788914334532876182e-05,-3.973229052434135156e-05,9.809978156852821485e+00
6.190076578829642351e+00,6.190082411620769776e+00,1.749837338227422379e-05,-3.907699630545380387e-05,9.809978421377078206e+00
6.190076706928434369e+00,6.190082411620769776e+00,1.711407700621947470e-05,-3.842963760547490892e-05,9.809978684439400354e+00
6.190076832895670123e+00,6.190082411620769776e+00,1.673617529895921052e-05,-3.779017072602641747e-05,9.809978946004573430e+00
6.190076956757506466e+00,6.190082411620769776e+00,1.636458978993005076e-05,-3.715855090291597662e-05,9.809979206038887511e+00
6.190077078539946598e+00,6.190082411620769776e+00,1.599924246953321472e-05,-3.653473203968360394e-05,9.809979464510430347e+00
6.190077198268837400e+00,6.190082411620769776e+00,1.564005579712812732e-05,-3.591866724050873927e-05,9.809979721388558005e+00
6.190077315969867655e+00,6.190082411620769776e+00,1.528695270636148962e-05,-3.531030907666377061e-05,9.809979976643630195e+00
6.190077431668561836e+00,6.190082411620769776e+00,1.493985662381902557e-05,-3.470960825424640461e-05,9.809980230248370958e+00
6.190077545390280989e+00,6.190082411620769776e+00,1.459869146636094683e-05,-3.411651574580787383e-05,9.809980482175721050e+00
6.190077657160217406e+00,6.190082411620769776e+00,1.426338165710916428e-05,-3.353098092517825535e-05,9.809980732400731540e+00
6.190077767003393738e+00,6.190082411620769776e+00,1.393385212811182328e-05,-3.295295289973410036e-05,9.809980980899229763e+00
6.190077874944660330e+00,6.190082411620769776e+00,1.361002832833690945e-05,-3.238237997749138231e-05,9.809981227648350455e+00
6.190077981008691665e+00,6.190082411620769776e+00,1.329183623433038974e-05,-3.181920940065197101e-05,9.809981472626834176e+00
6.190078085219985482e+00,6.190082411620769776e+00,1.297920235288074764e-05,-3.126338814496421037e-05,9.809981715814208414e+00
6.190078187602860993e+00,6.190082411620769776e+00,1.267205372634805371e-05,-3.071486265326939247e-05,9.809981957191073576e+00
6.190078288181455335e+00,6.190082411620769776e+00,1.237031794332210666e-05,-3.017357830259470575e-05,9.809982196739641225e+00
6.190078386979723568e+00,6.190082411620769776e+00,1.207392313862243327e-05,-2.963948046996733865e-05,9.809982434442670041e+00
6.190078484021436900e+00,6.190082411620769776e+00,1.178279799862735899e-05,-2.911251399950742780e-05,9.809982670284000505e+00
6.190078579330178243e+00,6.190082411620769776e+00,1.149687177459668419e-05,-2.859262240306748026e-05,9.809982904249372027e+00
6.190078672929344883e+00,6.190082411620769776e+00,1.121607427467807838e-05,-2.807974999186058085e-05,9.809983136324284203e+00
6.190078764842143144e+00,6.190082411620769776e+00,1.094033587989429179e-05,-2.757383947837865890e-05,9.809983366496402013e+00
6.190078855091591059e+00,6.190082411620769776e+00,1.066958753614954958e-05,-2.707483437447422148e-05,9.809983594753163061e+00
6.190078943700514813e+00,6.190082411620769776e+00,1.040376076488769286e-05,-2.658267712618567202e-05,9.809983821083639199e+00
6.190079030691546969e+00,6.190082411620769776e+00,1.014278766842124924e-05,-2.609730964664436215e-05,9.809984045478021386e+00
6.190079116087126465e+00,6.190082411620769776e+00,9.886600929931432802e-06,-2.561867384898164346e-05,9.809984267927081447e+00
6.190079199909498620e+00,6.190082411620769776e+00,9.635133813468144126e-06,-2.514671164632886757e-05,9.809984488422166748e+00
6.190079282180713349e+00,6.190082411620769776e+00,9.388320169279040783e-06,-2.468136441891033428e-05,9.809984706955750866e+00
6.190079362922623396e+00,6.190082411620769776e+00,9.146094439138607868e-06,-2.422257301404329155e-05,9.809984923521426481e+00
6.190079442156886103e+00,6.190082411620769776e+00,8.908391651019087476e-06,-2.377027881195203918e-05,9.809985138112839564e+00
6.190079519904959859e+00,6.190082411620769776e+00,8.675147429748619743e-06,-2.332442212704677331e-05,9.809985350725302311e+00
6.190079596188105882e+00,6.190082411620769776e+00,8.446297991682172324e-06,-2.288494380664474193e-05,9.809985561354185535e+00
6.190079671027387320e+00,6.190082411620769776e+00,8.221780147366075653e-06,-2.245178443160966708e-05,9.809985769995716254e+00
6.190079744443668375e+00,6.190082411620769776e+00,8.001531304202558204e-06,-2.202488431635174493e-05,9.809985976646988348e+00
6.190079816457614292e+00,6.190082411620769776e+00,7.785489466449746487e-06,-2.160418377528117162e-05,9.809986181305692554e+00
6.190079887089690480e+00,6.190082411620769776e+00,7.573593237886200313e-06,-2.118962285635461740e-05,9.809986383970382917e+00
6.190079956360164282e+00,6.190082411620769776e+00,7.365781816481842270e-06,-2.078114214043580432e-05,9.809986584639677432e+00
6.190080024289101424e+00,6.190082411620769776e+00,7.161995005056098762e-06,-2.037868114257435082e-05,9.809986783313863867e+00
6.190080090896370457e+00,6.190082411620769776e+00,6.962173197955223714e-06,-1.998218071008750485e-05,9.809986979992487477e+00
6.190080156201638317e+00,6.190082411620769776e+00,6.766257394374974865e-06,-1.959158035802488484e-05,9.809987174677036847e+00
6.190080220224373875e+00,6.190082411620769776e+00,6.574189187702472736e-06,-1.920682066725021286e-05,9.809987367368520950e+00
6.190080282983846161e+00,6.190082411620769776e+00,6.385910770845271145e-06,-1.882784168572015915e-05,9.809987558069085622e+00
6.190080344499126141e+00,6.190082411620769776e+00,6.201364930902286687e-06,-1.845458399429844576e-05,9.809987746780937101e+00
6.190080404789084056e+00,6.190082411620769776e+00,6.020495057157404517e-06,-1.808698737448821703e-05,9.809987933507683167e+00
6.190080463872392968e+00,6.190082411620769776e+00,5.843245130421337308e-06,-1.772499267360672093e-05,9.809988118252457312e+00
6.190080521767526989e+00,6.190082411620769776e+00,5.669559728360695772e-06,-1.736854020606415361e-05,9.809988301019522794e+00
6.190080578492763053e+00,6.190082411620769776e+00,5.499384020168918141e-06,-1.701757081917776304e-05,9.809988481813201489e+00
6.190080634066180032e+00,6.190082411620769776e+00,5.332663769230805428e-06,-1.667202509381127129e-05,9.809988660638676805e+00
6.190080688505660511e+00,6.190082411620769776e+00,5.169345327793450906e-06,-1.633184414373545223e-05,9.809988837501183667e+00
6.190080741828891675e+00,6.190082411620769776e+00,5.009375634301704849e-06,-1.599696934917460567e-05,9.809989012406285624e+00
6.190080794053363533e+00,6.190082411620769776e+00,4.852702218727245054e-06,-1.566734155744597956e-05,9.809989185360661779e+00
6.190080845196371584e+00,6.190082411620769776e+00,4.699273194574971058e-06,-1.534290241522739962e-05,9.809989356370779845e+00
6.190080895275015926e+00,6.190082411620769776e+00,4.549037261547539401e-06,-1.502359330274316562e-05,9.809989525443960190e+00
6.190080944306204813e+00,6.190082411620769776e+00,4.401943694887222591e-06,-1.470935666603168102e-05,9.809989692587029353e+00
6.190080992306652874e+00,6.190082411620769776e+00,4.257942350704979617e-06,-1.440013441822429741e-05,9.809989857807932978e+00
6.190081039292881115e+00,6.190082411620769776e+00,4.116983665980455953e-06,-1.409586847245236640e-05,9.809990021115194025e+00
6.190081085281221362e+00,6.190082411620769776e+00,3.979018645239307261e-06,-1.379650207411486917e-05,9.809990182516571622e+00
6.190081130287813593e+00,6.190082411620769776e+00,3.843998868546805170e-06,-1.350197766925020915e-05,9.809990342021199794e+00
6.190081174328607716e+00,6.190082411620769776e+00,3.711876486178766754e-06,-1.321223823680384157e-05,9.809990499638249872e+00
6.190081217419365345e+00,2.590250956142451599e+00,-1.079949078383074124e+01,0.000000000000000000e+00,0.000000000000000000e+00
6.189100260510123519e+00,2.590250956142451599e+00,-1.079654791310301576e+01,2.942870727725477309e-01,0.000000000000000000e+00
6.187138303600881351e+00,2.590250956142451599e+00,-1.079066204237528837e+01,5.885870727726505436e-01,0.000000000000000000e+00
6.184195346691638839e+00,2.590250956142451599e+00,-1.078183317164756261e+01,8.828870727727533563e-01,0.000000000000000000e+00
6.180271389782396874e+00,2.590250956142451599e+00,-1.077006130091983493e+01,1.177187072772589715e+00,2.171257718527552782e-01
6.175388145450339650e+00,2.590250956142451599e+00,-1.075541156792366415e+01,1.464973299617167157e+00,5.195617316935035035e-01
6.169575857291452081e+00,2.590250956142451599e+00,-1.073797470344700145e+01,1.743686447666270567e+00,8.157117442192696188e-01
6.162864140306986371e+00,2.590250956142451599e+00,-1.071783955249360432e+01,2.013515095339712957e+00,1.105675542846109138e+00
6.155281990876805054e+00,2.590250956142451599e+00,-1.069509310420306036e+01,2.274644829054395245e+00,1.389551724851335379e+00
6.146857796619109138e+00,2.590250956142451599e+00,-1.066982052142997262e+01,2.527258277308774836e+00,1.667437755878802719e+00
6.137619346137000775e+00,2.590250956142451599e+00,-1.064210516998364753e+01,2.771535144632508718e+00,1.939429974648861688e+00
6.127593838652357405e+00,2.590250956142451599e+00,-1.061202864752971742e+01,3.007652245393011015e+00,2.205623597863294094e+00
6.116807893527500539e+00,2.590250956142451599e+00,-1.057967081215514682e+01,3.235783537457059822e+00,2.466112725301913500e+00
6.105287559675174336e+00,2.590250956142451599e+00,-1.054510981059816821e+01,3.456100155697860998e+00,2.720990345099693286e+00
6.093058324857357988e+00,2.590250956142451599e+00,-1.050842210614471917e+01,3.668770445344904374e+00,2.970348339200185706e+00
6.080145124873461704e+00,2.590250956142451599e+00,-1.046968250619303120e+01,3.873959995168885229e+00,3.214277488975854524e+00
6.066572352638462284e+00,2.590250956142451599e+00,-1.042896418948803117e+01,4.071831670499825861e+00,3.452867481011795192e+00
6.052363867151564492e+00,2.590250956142451599e+00,-1.038633873302733868e+01,4.262545646069337835e+00,3.686206913041999655e+00
6.037543002355970856e+00,2.590250956142451599e+00,-1.034187613864055777e+01,4.446259438678090703e+00,3.914383300037533431e+00
6.022132575890380757e+00,2.590250956142451599e+00,-1.029564485924378658e+01,4.623127939677029730e+00,4.137483080433243643e+00
6.006154897732834286e+00,2.590250956142451599e+00,-1.024771182477114806e+01,4.793303447263941308e+00,4.355591622492793746e+00
5.989631778737536827e+00,2.590250956142451599e+00,-1.019814246778525657e+01,4.956935698589237660e+00,4.568793230803981587e+00
5.972584539065319831e+00,2.590250956142451599e+00,-1.014700074876860469e+01,5.114171901665098829e+00,4.777171152896494633e+00
5.955034016508392369e+00,2.590250956142451599e+00,-1.009434918109782231e+01,5.265156767078238431e+00,4.980807585980416619e+00
5.937000574710062928e+00,2.590250956142451599e+00,-1.004024885570283487e+01,5.410032539498832449e+00,5.179783683795998073e+00
5.918504111280113555e+00,2.590250956142451599e+00,-9.984759465412984980e+00,5.548939028984811728e+00,5.374179563571827245e+00
5.899564065806520929e+00,2.590250956142451599e+00,-9.927939328992207990e+00,5.682013642077787807e+00,5.564074313085580314e+00
5.880199427764236653e+00,2.590250956142451599e+00,-9.869845414865356048e+00,5.809391412685283029e+00,5.749545997819927479e+00
5.860428744321734662e+00,2.590250956142451599e+00,-9.810533364537850076e+00,5.931205032750597184e+00,5.930671668212747605e+00
5.840270128046054054e+00,2.590250956142451599e+00,-9.750057515710807365e+00,6.047584882704182263e+00,6.107527366993375395e+00
5.819741264507072742e+00,2.590250956142451599e+00,-9.688470925093863428e+00,6.158659061694393699e+00,6.280188136600530768e+00
5.798859419781751789e+00,2.590250956142451599e+00,-9.625825390917899682e+00,6.264553417596285811e+00,6.448728026678386627e+00
5.777641447859098278e+00,2.590250956142451599e+00,-9.562171475149940036e+00,6.365391576796053386e+00,6.613220101646113847e+00
5.756103797946609646e+00,2.590250956142451599e+00,-9.497558525412474140e+00,6.461294973746589676e+00,6.773736448334116034e+00
5.734262521678954450e+00,2.590250956142451599e+00,-9.432034696609509439e+00,6.552382880296558909e+00,6.930348183687049968e+00
5.712133280229667598e+00,2.590250956142451599e+00,-9.365646972261647107e+00,6.638772434786055499e+00,7.083125462524408888e+00
5.689731351326633657e+00,2.590250956142451599e+00,-9.298441185552546173e+00,6.720578670910182240e+00,7.232137485357636564e+00
5.667071636172135385e+00,2.590250956142451599e+00,-9.230462040089051357e+00,6.797914546349481668e+00,7.377452506260430809e+00
5.644168666268263301e+00,2.590250956142451599e+00,-9.161753130377434218e+00,6.870890971161625060e+00,7.519137840784191340e+00
5.621036610148469670e+00,2.590250956142451599e+00,-9.092356962018055100e+00,6.939616835938089423e+00,7.657259873920034821e+00
5.597689280016068025e+00,2.590250956142451599e+00,-9.022314971620849278e+00,7.004199039720493403e+00,7.791884068099644622e+00
5.574140138290475832e+00,2.590250956142451599e+00,-8.951667546444072698e+00,7.064742517677657929e+00,7.923074971233585728e+00
5.550402304062006742e+00,2.590250956142451599e+00,-8.880454043758664540e+00,7.121350268540727058e+00,8.050896224782063015e+00
5.526488559456016247e+00,2.590250956142451599e+00,-8.808712809940693944e+00,7.174123381797148369e+00,8.175410571856454922e+00
5.502411355907211643e+00,2.590250956142451599e+00,-8.736481199294280131e+00,7.223161064641381301e+00,8.296679865347101668e+00
5.478182820344941639e+00,2.590250956142451599e+00,-8.663795592607471008e+00,7.268560668681001147e+00,8.414765076073530636e+00
5.453814761290279201e+00,2.590250956142451599e+00,-8.590691415443483692e+00,7.310417716398731613e+00,8.529726300955248419e+00
5.429318674865712069e+00,2.590250956142451599e+00,-8.517203156169781408e+00,7.348825927370139510e+00,8.641622771200358599e+00
5.404705750718265200e+00,2.590250956142451599e+00,-8.443364383727441691e+00,7.383877244234060555e+00,8.750512860506619361e+00
5.379986877856868688e+00,2.590250956142451599e+00,-8.369207765143251265e+00,7.415661858418953756e+00,8.856454093275702988e+00
5.355172650404799839e+00,2.590250956142451599e+00,-8.294765082787044719e+00,7.444268235620654650e+00,8.959503152833610429e+00
5.330273373268013870e+00,2.590250956142451599e+00,-8.220067251376686812e+00,7.469783141035790663e+00,9.059715889659104349e+00
5.305299067720194550e+00,2.590250956142451599e+00,-8.145144334733227964e+00,7.492291664345795965e+00,9.157147329612568498e+00
5.280259476905335703e+00,2.590250956142451599e+00,-8.070025562288652310e+00,7.511877244457654257e+00,9.251851682169002444e+00
5.255164071258693781e+00,2.590250956142451599e+00,-7.994739345348726545e+00,7.528621693992576525e+00,9.343882348643850477e+00
5.230022053846916208e+00,2.590250956142451599e+00,-7.919313293113393826e+00,7.542605223533271896e+00,9.433291930419878568e+00
5.204842365628181255e+00,2.590250956142451599e+00,-7.843774228457188968e+00,7.553906465620485733e+00,9.520132237163297262e+00
5.179633690633162146e+00,2.590250956142451599e+00,-7.768148203472131641e+00,7.562602498505732740e+00,9.604454295033601596e+00
5.154404461067646714e+00,2.590250956142451599e+00,-7.692460514775585345e+00,7.568768869654629583e+00,9.686308354879045623e+00
5.129162862337619089e+00,2.590250956142451599e+00,-7.616735718585502468e+00,7.572479619008287699e+00,9.765743900422785728e+00
5.103916837997633849e+00,2.590250956142451599e+00,-7.540997645565546748e+00,7.573807301995572061e+00,9.842809656430025811e+00
5.078674094623291779e+00,2.590250956142451599e+00,-7.465269415442520540e+00,7.572823012302620782e+00,9.917553596860100740e+00
5.053442106608635243e+00,2.590250956142451599e+00,-7.389573451398550930e+00,7.569596404396961020e+00,9.990022952998410588e+00
5.028228120889278507e+00,2.590250956142451599e+00,-7.313931494240480724e+00,7.564195715807020548e+00,1.006026422156654121e+01
5.003039161592078621e+00,2.590250956142451599e+00,-7.238364616348881064e+00,7.556687789159965973e+00,1.012832317281108629e+01
4.977882034612160389e+00,2.590250956142451599e+00,-7.162893235409126369e+00,7.547138093975469531e+00,1.019424485856634277e+01
4.952763332118098383e+00,2.590250956142451599e+00,-7.087537127926940350e+00,7.535610748218601884e+00,1.025807362029166114e+01
4.927689436986065097e+00,2.590250956142451599e+00,-7.012315442530840492e+00,7.522168539609985771e+00,1.031985309707914666e+01
4.902666527163740184e+00,2.590250956142451599e+00,-6.937246713063865755e+00,7.506872946697473736e+00,1.037962623363360848e+01
4.877700579964778349e+00,2.590250956142451599e+00,-6.862348871466980249e+00,7.489784159688550602e+00,1.043743528822157174e+01
4.852797376294638809e+00,2.590250956142451599e+00,-6.787639260456561630e+00,7.470961101041861951e+00,1.049332184058530082e+01
4.827962504808557931e+00,2.590250956142451599e+00,-6.713134645998318994e+00,7.450461445824263507e+00,1.054732679982594590e+01
4.803201366002459949e+00,2.590250956142451599e+00,-6.638851229580025048e+00,7.428341641829394604e+00,1.059949041224937005e+01
4.778519176237586485e+00,2.590250956142451599e+00,-6.564804660285404658e+00,7.404656929462039017e+00,1.064985226917663397e+01
4.753920971699630904e+00,2.590250956142451599e+00,-6.491010046671537914e+00,7.379461361386674412e+00,1.069845131471513611e+01
4.729411612293146661e+00,2.590250956142451599e+00,-6.417481968452085184e+00,7.352807821945273048e+00,1.074532585349318836e+01
4.704995785472012138e+00,2.590250956142451599e+00,-6.344234487988681614e+00,7.324748046340356922e+00,1.079051355835167669e+01
4.680678010006712242e+00,2.590250956142451599e+00,-6.271281161592781928e+00,7.295332639589968693e+00,1.083405147799718726e+01
4.656462639689212146e+00,2.590250956142451599e+00,-6.198635050640281641e+00,7.264611095250028683e+00,1.087597604460974665e+01
4.632353866976172796e+00,2.590250956142451599e+00,-6.126308732501163590e+00,7.232631813911805096e+00,1.091632308141064200e+01
4.608355726571274680e+00,2.590250956142451599e+00,-6.054314311286469241e+00,7.199442121469434852e+00,1.095512781018296522e+01
4.584472098947395047e+00,2.590250956142451599e+00,-5.982663428414830342e+00,7.165088287163889902e+00,1.099242485874906095e+01
4.560706713809389967e+00,2.590250956142451599e+00,-5.911367273000815104e+00,7.129615541401523870e+00,1.102824826840070926e+01
4.537063153498225532e+00,2.590250956142451599e+00,-5.840436592067321797e+00,7.093068093349330638e+00,1.106263150128200934e+01
4.513544856337189159e+00,2.590250956142451599e+00,-5.769881700584212680e+00,7.055489148310911673e+00,1.109560744772669949e+01
4.490155119920925308e+00,2.590250956142451599e+00,-5.699712491335421127e+00,7.016920924879155308e+00,1.112720843354373557e+01
4.466897104348015901e+00,2.590250956142451599e+00,-5.629938444616692905e+00,6.977404671872822206e+00,1.115746622725612980e+01
4.443773835397831995e+00,2.590250956142451599e+00,-5.560568637766141187e+00,6.936980685055171847e+00,1.118641204728903205e+01
4.420788207652377011e+00,2.590250956142451599e+00,-5.491611754529776235e+00,6.895688323636495198e+00,1.121407656910671946e+01
4.397942987563832951e+00,2.590250956142451599e+00,-5.423076094264144054e+00,6.853566026563218117e+00,1.124048993229907367e+01
4.375240816468518368e+00,2.590250956142451599e+00,-5.354969580978200305e+00,6.810651328594374831e+00,1.126568174761617414e+01
4.352684213547965975e+00,2.590250956142451599e+00,-5.287299772216543126e+00,6.766980876165717973e+00,1.128968110394917446e+01
4.330275578737808218e+00,2.590250956142451599e+00,-5.220073867786069854e+00,6.722590443047327113e+00,1.131251657526125776e+01
4.308017195585176928e+00,2.590250956142451599e+00,-5.153298718328175987e+00,6.677514945789386758e+00,1.133421622746121216e+01
4.285911234055291175e+00,2.590250956142451599e+00,-5.086980833738518726e+00,6.631788458965726107e+00,1.135480762522720788e+01
4.263959753287928756e+00,2.590250956142451599e+00,-5.021126391436431469e+00,6.585444230208725713e+00,1.137431783877229563e+01
4.242164704304443035e+00,2.590250956142451599e+00,-4.955741244485974306e+00,6.538514695045716252e+00,1.139277345055974244e+01
4.220527932666013449e+00,2.590250956142451599e+00,-4.890830929570685548e+00,6.491031491528875819e+00,1.141020056195819166e+01
4.199051181083779838e+00,2.590250956142451599e+00,-4.826400674823984716e+00,6.443025474670083241e+00,1.142662479984609902e+01
4.177736091981530286e+00,2.590250956142451599e+00,-4.762455407517236061e+00,6.394526730674865433e+00,1.144207132315763076e+01
4.156584210011597058e+00,2.590250956142451599e+00,-4.698999761607436376e+00,6.345564590979968500e+00,1.145656482937253173e+01
4.135596984524601005e+00,2.590250956142451599e+00,-4.636038085146448218e+00,6.296167646098815851e+00,1.147012956095236902e+01
4.114775771993699927e+00,2.590250956142451599e+00,-4.573574447553744982e+00,6.246363759270323612e+00,1.148278931171658002e+01
4.094121838393970592e+00,2.590250956142451599e+00,-4.511612646754556977e+00,6.196180079918800487e+00,1.149456743316424401e+01
4.073636361537557704e+00,2.590250956142451599e+00,-4.450156216185318314e+00,6.145643056923866254e+00,1.150548684073854844e+01
4.053320433365218634e+00,2.590250956142451599e+00,-4.389208431668301102e+00,6.094778451701721167e+00,1.151557002003342056e+01
4.033175062194882976e+00,2.590250956142451599e+00,-4.328772318157294130e+00,6.043611351100697249e+00,1.152483903294340450e+01
4.013201174927841564e+00,2.590250956142451599e+00,-4.268850656356169893e+00,5.992166180112423746e+00,1.153331552375625435e+01
3.993399619213175988e+00,2.590250956142451599e+00,-4.209445989212173167e+00,5.940466714399672554e+00,1.154102072518750077e+01
3.973771165571029051e+00,2.590250956142451599e+00,-4.150560628285732356e+00,5.888536092644081066e+00,1.154797546435834832e+01
3.954316509475317876e+00,2.590250956142451599e+00,-4.092196659998599273e+00,5.836396828713352747e+00,1.155420016871475397e+01
3.935036273396478101e+00,2.590250956142451599e+00,-4.034355951762079506e+00,5.784070823651932258e+00,1.155971487188985236e+01
3.915931008804827584e+00,2.590250956142451599e+00,-3.977040157987127955e+00,5.731579377495155114e+00,1.156453921950802766e+01
3.897001198135127797e+00,2.590250956142451599e+00,-3.920250725978028594e+00,5.678943200909936095e+00,1.156869247493190755e+01
3.878247256712921143e+00,2.590250956142451599e+00,-3.863988901711408630e+00,5.626182426661996416e+00,1.157219352495058828e+01
3.859669534643209499e+00,2.590250956142451599e+00,-3.808255735502273698e+00,5.573316620913493225e+00,1.157506088541122047e+01
3.841268318662038883e+00,2.590250956142451599e+00,-3.753052087558761851e+00,5.520364794351184656e+00,1.157731270679242286e+01
3.823043833951547565e+00,2.590250956142451599e+00,-3.698378633427287898e+00,5.467345413147395305e+00,1.157896677972010835e+01
3.804996245919028297e+00,2.590250956142451599e+00,-3.644235869329730093e+00,5.414276409755780506e+00,1.158004054042605091e+01
3.787125661940551780e+00,2.590250956142451599e+00,-3.590624117394300541e+00,5.361175193542955242e+00,1.158055107614865520e+01
3.769432133069690050e+00,2.590250956142451599e+00,-3.537543530781715351e+00,5.308058661258518995e+00,1.158051513047680459e+01
3.751915655711875797e+00,2.590250956142451599e+00,-3.484994098708272592e+00,5.254943207344275891e+00,1.157994910863600424e+01
3.734576173264925192e+00,2.590250956142451599e+00,-3.432975651367420777e+00,5.201844734085181443e+00,1.157886908271776072e+01
3.717413577726246476e+00,2.590250956142451599e+00,-3.381487864751384631e+00,5.148778661603614637e+00,1.157729079685223006e+01
3.700427711267253006e+00,2.590250956142451599e+00,-3.330530265374404220e+00,5.095759937698041142e+00,1.157522967232363698e+01
3.683618367775491897e+00,2.590250956142451599e+00,-3.280102234899120894e+00,5.042803047528332527e+00,1.157270081262921124e+01
3.666985294364993653e+00,2.590250956142451599e+00,-3.230203014667626160e+00,4.989922023149473418e+00,1.156971900848184731e+01
3.650528192855343690e+00,2.590250956142451599e+00,-3.180831710138676272e+00,4.937130452894988863e+00,1.156629874275631309e+01
3.634246721219969167e+00,2.590250956142451599e+00,-3.131987295232552704e+00,4.884441490612356773e+00,1.156245419537980368e+01
3.618140495004132706e+00,2.590250956142451599e+00,-3.083668616585043321e+00,4.831867864750938324e+00,1.155819924816589506e+01
3.602209088713113072e+00,2.590250956142451599e+00,-3.035874397711984418e+00,4.779421887305890237e+00,1.155354748959390676e+01
3.586452037171052876e+00,2.590250956142451599e+00,-2.988603243085803829e+00,4.727115462618058928e+00,1.154851221953225604e+01
3.570868836850945804e+00,2.590250956142451599e+00,-2.941853642125482615e+00,4.674960096032121371e+00,1.154310645390663836e+01
3.555458947176229234e+00,2.590250956142451599e+00,-2.895623973101332904e+00,4.622966902414971102e+00,1.153734292931363825e+01
3.540221791794444073e+00,2.590250956142451599e+00,-2.849912506955977420e+00,4.571146614535548380e+00,1.153123410757957146e+01
3.525156759823417030e+00,2.590250956142451599e+00,-2.804717411042896291e+00,4.519509591308112917e+00,1.152479218026521757e+01
3.510263207070416502e+00,2.590250956142451599e+00,-2.760036752783894709e+00,4.468065825900158217e+00,1.151802907311626356e+01
3.495540457224727504e+00,2.590250956142451599e+00,-2.715868503246827714e+00,4.416824953706699475e+00,1.151095645045987226e+01
3.480987803024084393e+00,2.590250956142451599e+00,-2.672210540644898380e+00,4.365796260192933431e+00,1.150358571954803466e+01
3.466604507395396162e+00,2.590250956142451599e+00,-2.629060653758833688e+00,4.314988688606469225e+00,1.149592803484763692e+01
3.452389804570192844e+00,2.590250956142451599e+00,-2.586416545283223734e+00,4.264410847560995421e+00,1.148799430227777307e+01
3.438342901175217126e+00,2.590250956142451599e+00,-2.544275835098296579e+00,4.214071018492715481e+00,1.147979518339441896e+01
3.424462977298580846e+00,2.590250956142451599e+00,-2.502636063468387739e+00,4.163977162990883940e+00,1.147134109952249759e+01
3.410749187531896709e+00,2.590250956142451599e+00,-2.461494694168335329e+00,4.114136930005241055e+00,1.146264223583690622e+01
3.397200661988796444e+00,2.590250956142451599e+00,-2.420849117539034534e+00,4.064557662930079474e+00,1.145370854539104499e+01
3.383816507300235088e+00,2.590250956142451599e+00,-2.380696653473350466e+00,4.015246406568406812e+00,1.144454975309505684e+01
3.370595807586983295e+00,2.590250956142451599e+00,-2.341034554333595086e+00,3.966209913975538015e+00,1.143517535964194387e+01
3.357537625409695803e+00,2.590250956142451599e+00,-2.301860007801732610e+00,3.917454653186247526e+00,1.142559464538451586e+01
3.344641002696946863e+00,2.590250956142451599e+00,-2.263170139663485791e+00,3.868986813824681903e+00,1.141581667416119572e+01
3.331904961651614094e+00,2.590250956142451599e+00,-2.224962016527487485e+00,3.820812313599830645e+00,1.140585029707234455e+01
3.319328505635988247e+00,2.590250956142451599e+00,-2.187232648480609942e+00,3.772936804687754275e+00,1.139570415620714527e+01
3.306910620035983239e+00,2.590250956142451599e+00,-2.149978991680594920e+00,3.725365680001502255e+00,1.138538668832090828e+01
3.294650273104810179e+00,2.590250956142451599e+00,-2.113197950887075738e+00,3.678104079351918188e+00,1.137490612846484339e+01
3.282546416786483956e+00,2.590250956142451599e+00,-2.076886381932097070e+00,3.631156895497866799e+00,1.136427051356577067e+01
3.270597987519514138e+00,2.590250956142451599e+00,-2.041041094131187617e+00,3.584528780090945332e+00,1.135348768595975777e+01
3.258803907021140311e+00,2.590250956142451599e+00,-2.005658852636066136e+00,3.538224149512148031e+00,1.134256529687608150e+01
3.247163083052453825e+00,2.590250956142451599e+00,-1.970736380730006676e+00,3.492247190605946017e+00,1.133151080987594028e+01
3.235674410164754988e+00,2.590250956142451599e+00,-1.936270362066910167e+00,3.446601866309650930e+00,1.132033150424274126e+01
3.224336770427480570e+00,2.590250956142451599e+00,-1.902257442855086911e+00,3.401291921182325595e+00,1.130903447832723963e+01
3.213149034138039095e+00,2.590250956142451599e+00,-1.868694233986762487e+00,3.356320886832442341e+00,1.129762665284568079e+01
3.202110060513882139e+00,2.590250956142451599e+00,-1.835577313114291620e+00,3.311692087247086747e+00,1.128611477413279474e+01
3.191218698367138451e+00,2.590250956142451599e+00,-1.802903226674060555e+00,3.267408644023106490e+00,1.127450541734904732e+01
3.180473786762129329e+00,2.590250956142451599e+00,-1.770668491859033189e+00,3.223473481502736604e+00,1.126280498964370480e+01
3.169874155656084547e+00,2.590250956142451599e+00,-1.738869598540898842e+00,3.179889331813434694e+00,1.125101973327253546e+01
3.159418626523367024e+00,2.590250956142451599e+00,-1.707503011142746274e+00,3.136658739815256780e+00,1.123915572867251100e+01
3.149106012963517109e+00,2.590250956142451599e+00,-1.676565170463196530e+00,3.093784067954974404e+00,1.122721889749177748e+01
3.138935121293416231e+00,2.590250956142451599e+00,-1.646052495452893893e+00,3.051267501030263674e+00,1.121521500557737028e+01
3.128904751123873229e+00,2.590250956142451599e+00,-1.615961384944264889e+00,3.009111050862900427e+00,1.120314966591863559e+01
3.119013695920922036e+00,2.590250956142451599e+00,-1.586288219335411309e+00,2.967316560885358001e+00,1.119102834154994675e+01
3.109260743552125561e+00,2.590250956142451599e+00,-1.557029362229021885e+00,2.925885710638942427e+00,1.117885634840992104e+01
3.099644676818170463e+00,2.590250956142451599e+00,-1.528181162027156592e+00,2.884820020186529277e+00,1.116663885815937363e+01
3.090164273970031239e+00,2.590250956142451599e+00,-1.499739953482738919e+00,2.844120854441767321e+00,1.115438090095902979e+01
3.080818309211987849e+00,2.590250956142451599e+00,-1.471702059208608748e+00,2.803789427413017066e+00,1.114208736820440926e+01
3.071605553190764670e+00,2.590250956142451599e+00,-1.444063791144939213e+00,2.763826806366953548e+00,1.112976301522201439e+01
3.062524773471063888e+00,2.590250956142451599e+00,-1.416821451985836866e+00,2.724233915910234671e+00,1.111741246392439919e+01
3.053574734997755336e+00,2.590250956142451599e+00,-1.389971336565911209e+00,2.685011541992565753e+00,1.110504020542665415e+01
3.044754200544989686e+00,2.590250956142451599e+00,-1.363509733207614261e+00,2.646160335829694787e+00,1.109265060262208102e+01
3.036061931152486348e+00,2.590250956142451599e+00,-1.337432925030104247e+00,2.607680817751001356e+00,1.108024789272089805e+01
3.027496686549254967e+00,2.590250956142451599e+00,-1.311737191220410104e+00,2.569573380969414345e+00,1.106783618974900563e+01
3.019057225564998337e+00,2.590250956142451599e+00,-1.286418808267640213e+00,2.531838295276989115e+00,1.105541948700934896e+01
3.010742306529442747e+00,2.590250956142451599e+00,-1.261474051160973442e+00,2.494475710666677060e+00,1.104300165950570367e+01
3.002550687659837791e+00,2.590250956142451599e+00,-1.236899194552158576e+00,2.457485660881486567e+00,1.103058646632932849e+01
2.994481127436865897e+00,2.590250956142451599e+00,-1.212690513883242893e+00,2.420868066891568304e+00,1.101817755300832502e+01
2.986532384969194709e+00,2.590250956142451599e+00,-1.188844286480229329e+00,2.384622740301356458e+00,1.100577845382112763e+01
2.978703220346905489e+00,2.590250956142451599e+00,-1.165356792613361669e+00,2.348749386686765916e+00,1.099339259407340563e+01
2.970992394984023566e+00,2.590250956142451599e+00,-1.142224316524715899e+00,2.313247608864577032e+00,1.098102329233986119e+01
2.963398671950375984e+00,2.590250956142451599e+00,-1.119443147423773155e+00,2.278116910094274417e+00,1.096867376267050176e+01
2.955920816292995301e+00,2.590250956142451599e+00,-1.097009580451631106e+00,2.243356697214204942e+00,1.095634711676257389e+01
2.948557595347290672e+00,2.590250956142451599e+00,-1.074919917614517217e+00,2.208966283711388812e+00,1.094404636609687209e+01
2.941307779038195847e+00,2.590250956142451599e+00,-1.053170468687232741e+00,2.174944892728447599e+00,1.093177442404121535e+01
2.934170140171505015e+00,2.590250956142451599e+00,-1.031757552087160246e+00,2.141291660007249575e+00,1.091953410792008938e+01
2.927143454715606552e+00,2.590250956142451599e+00,-1.010677495719464858e+00,2.108005636769538782e+00,1.090732814105007442e+01
2.920226502073812735e+00,2.590250956142451599e+00,-9.899266377940834083e-01,2.075085792538144958e+00,1.089515915474406249e+01
2.913418065347493258e+00,2.590250956142451599e+00,-9.695013276151249748e-01,2.042531017895843348e+00,1.088302969028071843e+01
2.906716931590202169e+00,2.590250956142451599e+00,-9.493979263432517079e-01,2.010340127187326686e+00,1.087094220084407503e+01
2.900121892052995420e+00,2.590250956142451599e+00,-9.296128077316314631e-01,1.978511861162024488e+00,1.085889905343039352e+01
2.893631742421131747e+00,2.590250956142451599e+00,-9.101423588360404437e-01,1.947044889559101932e+00,1.084690253072306199e+01
2.887245283042340294e+00,2.590250956142451599e+00,-8.909829806996660828e-01,1.915937813637436093e+00,1.083495483293777006e+01
2.880961319146842836e+00,2.590250956142451599e+00,-8.721310890131737104e-01,1.885189168649237246e+00,1.082305807963606448e+01
2.874778661059308682e+00,2.590250956142451599e+00,-8.535831147505712480e-01,1.854797426260246240e+00,1.081121431150967638e+01
2.868696124402925651e+00,2.590250956142451599e+00,-8.353355047814221557e-01,1.824760996914909228e+00,1.079942549213348713e+01
2.862712530295755897e+00,2.590250956142451599e+00,-8.173847224599128936e-01,1.795078232150926212e+00,1.078769350969101382e+01
2.856826705539555089e+00,2.590250956142451599e+00,-7.997272481913104691e-01,1.765747426860242442e+00,1.077602017866893291e+01
2.851037482801221490e+00,2.590250956142451599e+00,-7.823595799763096714e-01,1.736766821500079772e+00,1.076440724152377015e+01
2.845343700787040131e+00,2.590250956142451599e+00,-7.652782339337655948e-01,1.708134604254407662e+00,1.075285637032064301e+01
2.839744204409890838e+00,2.590250956142451599e+00,-7.484797448023177147e-01,1.679848913144788014e+00,1.074136916834247124e+01
2.834237844949575980e+00,2.590250956142451599e+00,-7.319606664213731406e-01,1.651907838094457404e+00,1.072994717167308565e+01
2.828823480206428265e+00,2.590250956142451599e+00,-7.157175721919299960e-01,1.624309422944314463e+00,1.071859185075238585e+01
2.823499974648355781e+00,2.590250956142451599e+00,-6.997470555177125462e-01,1.597051667421744980e+00,1.070730461190403204e+01
2.818266199551473505e+00,2.590250956142451599e+00,-6.840457302270657181e-01,1.570132529064682814e+00,1.069608679883761759e+01
2.813121033134475368e+00,2.590250956142451599e+00,-6.686102309760713069e-01,1.543549925099441111e+00,1.068493969412337030e+01
2.808063360686889443e+00,2.590250956142451599e+00,-6.534372136333135295e-01,1.517301734275777747e+00,1.067386452064246427e+01
2.803092074691367674e+00,2.590250956142451599e+00,-6.385233556467482252e-01,1.491385798656530426e+00,1.066286244300978225e+01
2.798206074940146948e+00,2.590250956142451599e+00,-6.238653563930860457e-01,1.465799925366217948e+00,1.065193456897313240e+01
2.793404268645823585e+00,2.590250956142451599e+00,-6.094599375101159566e-01,1.440541888297008910e+00,1.064108195078689434e+01
2.788685570546578951e+00,2.590250956142451599e+00,-5.953038432123820556e-01,1.415609429773390104e+00,1.063030558656100766e+01
2.784048903005990283e+00,2.590250956142451599e+00,-5.813938405906160511e-01,1.391000262176600444e+00,1.061960642158598489e+01
2.779493196107560404e+00,2.590250956142451599e+00,-5.677267198953264149e-01,1.366712069528963625e+00,1.060898534963363815e+01
2.775017387744093789e+00,2.590250956142451599e+00,-5.542992948049265678e-01,1.342742509039984711e+00,1.059844321423505775e+01
2.770620423702050417e+00,2.590250956142451599e+00,-5.411084026787964518e-01,1.319089212613011597e+00,1.058798080993421564e+01
2.766301257741000441e+00,2.590250956142451599e+00,-5.281509047956465253e-01,1.295749788314992657e+00,1.057759888351934663e+01
2.762058851668302673e+00,2.590250956142451599e+00,-5.154236865775532195e-01,1.272721821809330578e+00,1.056729813523177697e+01
2.757892175409128122e+00,2.590250956142451599e+00,-5.029236578000295665e-01,1.250002877752365293e+00,1.055707921995233534e+01
2.753800207071948503e+00,2.590250956142451599e+00,-4.906477527884907097e-01,1.227590501153885683e+00,1.054694274836539591e+01
2.749781933009605606e+00,2.590250956142451599e+00,-4.785929306014620188e-01,1.205482218702869091e+00,1.053688928810140801e+01
2.745836347876073003e+00,2.590250956142451599e+00,-4.667561752008642095e-01,1.183675540059780928e+00,1.052691936485891766e+01
2.741962454679025996e+00,2.590250956142451599e+00,-4.551344956097231886e-01,1.162167959114102089e+00,1.051703346350437940e+01
2.738159264828329498e+00,2.590250956142451599e+00,-4.437249260576336951e-01,1.140956955208949353e+00,1.050723202915131615e+01
2.734425798180548206e+00,2.590250956142451599e+00,-4.325245261142898201e-01,1.120039994334387501e+00,1.049751546822009729e+01
2.730761083079588758e+00,2.590250956142451599e+00,-4.215303808114114759e-01,1.099414530287834424e+00,1.048788414947642345e+01
2.727164156393576899e+00,2.590250956142451599e+00,-4.107396007533758997e-01,1.079078005803557616e+00,1.047833840505018266e+01
2.723634063548070472e+00,2.590250956142451599e+00,-4.001493222168566177e-01,1.059027853651928197e+00,1.046887853143507208e+01
2.720169858555707254e+00,2.590250956142451599e+00,-3.897567072397669641e-01,1.039261497708965365e+00,1.045950479046919845e+01
2.716770604042391124e+00,2.590250956142451599e+00,-3.795589436998185739e-01,1.019776353994839013e+00,1.045021741029502138e+01
2.713435371270104479e+00,2.590250956142451599e+00,-3.695532453829586395e-01,1.000569831685993449e+00,1.044101658630303575e+01
2.710163240156448161e+00,2.590250956142451599e+00,-3.597368520419896853e-01,9.816393340968954107e-01,1.043190248205490533e+01
2.706953299290997261e+00,2.590250956142451599e+00,-3.501070294456369858e-01,9.629822596352699549e-01,1.042287523018963391e+01
2.703804645948565177e+00,2.590250956142451599e+00,-3.406610694183407340e-01,9.445960027296251837e-01,1.041393493331128539e+01
2.700716386099464295e+00,2.590250956142451599e+00,-3.313962898710380856e-01,9.264779547302648410e-01,1.040508166485922814e+01
2.697687634416849445e+00,2.590250956142451599e+00,-3.223100348231935364e-01,9.086255047844549182e-01,1.039631546996126232e+01
2.694717514281230741e+00,2.590250956142451599e+00,-3.133996744163374260e-01,8.910360406856110416e-01,1.038763636626927322e+01
2.691805157782238833e+00,2.590250956142451599e+00,-3.046626049193617014e-01,8.737069496975724547e-01,1.037904434477821169e+01
2.688949705717724736e+00,2.590250956142451599e+00,-2.960962487258194109e-01,8.566356193542290498e-01,1.037053937062841058e+01
2.686150307590273734e+00,2.590250956142451599e+00,-2.876980543434664028e-01,8.398194382353008081e-01,1.036212138389183579e+01
2.683406121601211947e+00,2.590250956142451599e+00,-2.794654963762810418e-01,8.232557967185361036e-01,1.035379030034225600e+01
2.680716314642184184e+00,2.590250956142451599e+00,-2.713960754991977531e-01,8.069420877083288701e-01,1.034554601220913206e+01
2.678080062284377227e+00,2.590250956142451599e+00,-2.634873184257768841e-01,7.908757073420868977e-01,1.033738838891630962e+01
2.675496548765461835e+00,2.590250956142451599e+00,-2.557367778690307070e-01,7.750540556746177145e-01,1.032931727780558795e+01
2.672964966974327172e+00,2.590250956142451599e+00,-2.481420324956267187e-01,7.594745373403988253e-01,1.032133250484477216e+01
2.670484518433676957e+00,2.590250956142451599e+00,-2.407006868736760730e-01,7.441345621950645750e-01,1.031343387532138856e+01
2.668054413280558812e+00,2.590250956142451599e+00,-2.334103714143216379e-01,7.290315459354435035e-01,1.030562117452112147e+01
2.665673870244892996e+00,2.590250956142451599e+00,-2.262687423073241888e-01,7.141629106997449128e-01,1.029789416839242122e+01
2.663342116626066236e+00,2.590250956142451599e+00,-2.192734814508439101e-01,6.995260856480278733e-01,1.029025260419718535e+01
2.661058388267659058e+00,2.590250956142451599e+00,-2.124222963756223770e-01,6.851185075221533083e-01,1.028269621114653098e+01
2.658821929530366557e+00,2.590250956142451599e+00,-2.057129201637448723e-01,6.709376211877504659e-01,1.027522470102400654e+01
2.656631993263176561e+00,2.590250956142451599e+00,-1.991431113621748850e-01,6.569808801569987367e-01,1.026783776879482346e+01
2.654487840772866036e+00,2.590250956142451599e+00,-1.927106538912433109e-01,6.432457470931574051e-01,1.026053509320191459e+01
2.652388741791875670e+00,2.590250956142451599e+00,-1.864133569482722130e-01,6.297296942971097877e-01,1.025331633734883852e+01
2.650333974444620377e+00,2.590250956142451599e+00,-1.802490549065063341e-01,6.164302041765878926e-01,1.024618114927008250e+01
2.648322825212292120e+00,2.590250956142451599e+00,-1.742156072095215613e-01,6.033447696984772790e-01,1.023912916248895577e+01
2.646354588896212778e+00,2.590250956142451599e+00,-1.683108982612835369e-01,5.904708948238024391e-01,1.023215999656251896e+01
2.644428568579789474e+00,2.590250956142451599e+00,-1.625328373120136227e-01,5.778060949269914204e-01,1.022527325761497785e+01
2.642544075589127850e+00,2.590250956142451599e+00,-1.568793583400287517e-01,5.653478971984871038e-01,1.021846853885845974e+01
2.640700429452352171e+00,2.590250956142451599e+00,-1.513484199297017163e-01,5.530938410327035371e-01,1.021174542110300187e+01
2.638896957857686409e+00,2.590250956142451599e+00,-1.459380051457044303e-01,5.410414783997286037e-01,1.020510347325402378e+01
2.637132996610346058e+00,2.590250956142451599e+00,-1.406461214036833773e-01,5.291883742021052939e-01,1.019854225279842197e+01
2.635407889588285535e+00,2.590250956142451599e+00,-1.354708003375018066e-01,5.175321066181570728e-01,1.019206130628065665e+01
2.633720988696853116e+00,2.590250956142451599e+00,-1.304100976632045494e-01,5.060702674297257175e-01,1.018566016976652122e+01
2.632071653822397383e+00,2.590250956142451599e+00,-1.254620930398373524e-01,4.948004623367197041e-01,1.017933836929688241e+01
2.630459252784871360e+00,2.590250956142451599e+00,-1.206248899272592823e-01,4.837203112578070119e-01,1.017309542133054734e+01
2.628883161289478299e+00,2.590250956142451599e+00,-1.158966154410800975e-01,4.728274486179184777e-01,1.016693083317683843e+01
2.627342762877403093e+00,2.590250956142451599e+00,-1.112754202048544805e-01,4.621195236225617009e-01,1.016084410341770727e+01
2.625837448875669722e+00,2.590250956142451599e+00,-1.067594781996543674e-01,4.515942005200113130e-01,1.015483472232035744e+01
2.624366618346168245e+00,2.590250956142451599e+00,-1.023469866111499371e-01,4.412491588504430240e-01,1.014890217223929270e+01
2.622929678033890877e+00,2.590250956142451599e+00,-9.803616567431783224e-02,4.310820936832104877e-01,1.014304592800889360e+01
2.621526042314414440e+00,2.590250956142451599e+00,-9.382525851588852106e-02,4.210907158429311181e-01,1.013726545732704309e+01
2.620155133140670500e+00,2.590250956142451599e+00,-8.971253099465670289e-02,4.112727521231818173e-01,1.013156022112852561e+01
2.618816379989039600e+00,2.590250956142451599e+00,-8.569627153976400180e-02,4.016259454892701086e-01,1.012592967394950705e+01
2.617509219804803777e+00,2.590250956142451599e+00,-8.177479098705653371e-02,3.921480552707468092e-01,1.012037326428369077e+01
2.616233096946996017e+00,2.590250956142451599e+00,-7.794642241363325397e-02,3.828368573423279742e-01,1.011489043492869477e+01
2.614987463132681267e+00,2.590250956142451599e+00,-7.420952097068900244e-02,3.736901442944251528e-01,1.010948062332373709e+01
2.613771777380698769e+00,2.590250956142451599e+00,-7.056246371474150791e-02,3.647057255947494525e-01,1.010414326188000800e+01
2.612585505954904352e+00,2.590250956142451599e+00,-6.700364943735825918e-02,3.558814277383248736e-01,1.009887777830096667e+01
2.611428122306940214e+00,2.590250956142451599e+00,-6.353149849346584332e-02,3.472150943892415853e-01,1.009368359589577580e+01
2.610299107018565490e+00,2.590250956142451599e+00,-6.014445262834167139e-02,3.387045865124171939e-01,1.008856013388407646e+01
2.609197947743579160e+00,2.590250956142451599e+00,-5.684097480338268227e-02,3.303477824958989117e-01,1.008350680769251717e+01
2.608124139149361920e+00,2.590250956142451599e+00,-5.361954902073096108e-02,3.221425782651721192e-01,1.007852302924444210e+01
2.607077182858069442e+00,2.590250956142451599e+00,-5.047868014685352733e-02,3.140868873877433742e-01,1.007360820724089123e+01
2.606056587387501011e+00,2.590250956142451599e+00,-4.741689373514823558e-02,3.061786411705291755e-01,1.006876174743538144e+01
2.605061868091675947e+00,2.590250956142451599e+00,-4.443273584767304385e-02,2.984157887475191728e-01,1.006398305289984663e+01
2.604092547101140909e+00,2.590250956142451599e+00,-4.152477287606792800e-02,2.907962971605115854e-01,1.005927152428444415e+01
2.603148153263034281e+00,2.590250956142451599e+00,-3.869159136174804559e-02,2.833181514319882410e-01,1.005462656007023980e+01
2.602228222080934739e+00,2.590250956142451599e+00,-3.593179781544941775e-02,2.759793546298627831e-01,1.005004755681441431e+01
2.601332295654516624e+00,2.590250956142451599e+00,-3.324401853619507463e-02,2.687779279254343123e-01,1.004553390938924018e+01
2.600459922619037467e+00,2.590250956142451599e+00,-3.062689942975760360e-02,2.617119106437471032e-01,1.004108501121399044e+01
2.599610658084679837e+00,2.590250956142451599e+00,-2.807910582668471378e-02,2.547793603072889823e-01,1.003670025448060521e+01
2.598784063575770187e+00,2.590250956142451599e+00,-2.559932229995576236e-02,2.479783526728951415e-01,1.003237903037294032e+01
2.597979706969897773e+00,2.590250956142451599e+00,-2.318625248233852076e-02,2.413069817617241597e-01,1.002812072927938658e+01
2.597197162436953199e+00,2.590250956142451599e+00,-2.083861888350480029e-02,2.347633598833720470e-01,1.002392474099986686e+01
2.596436010378108783e+00,2.590250956142451599e+00,-1.855516270697155079e-02,2.283456176533249504e-01,1.001979045494635301e+01
2.595695837364758951e+00,2.590250956142451599e+00,-1.633464366692205516e-02,2.220519040049495629e-01,1.001571726033802889e+01
2.594976236077442877e+00,2.590250956142451599e+00,-1.417583980497383322e-02,2.158803861948221936e-01,1.001170454638984886e+01
2.594276805244765782e+00,2.590250956142451599e+00,-1.207754730694254874e-02,2.098292498031284481e-01,1.000775170249618640e+01
2.593597149582338446e+00,2.590250956142451599e+00,-1.003858031966053943e-02,2.038966987282009313e-01,1.000385811840854089e+01
2.592936879731751798e+00,2.590250956142451599e+00,-8.057770767900596098e-03,1.980809551759943332e-01,1.000002318440809468e+01
2.592295612199606136e+00,2.590250956142451599e+00,-6.133968171463610730e-03,1.923802596436985368e-01,9.996246291472235868e+00
2.591672969296607398e+00,2.590250956142451599e+00,-4.266039462467396959e-03,1.867928708996213771e-01,9.992526831437153589e+00
2.591068579076752698e+00,2.590250956142451599e+00,-2.452868802903296341e-03,1.813170659564100617e-01,9.988864197153507263e+00
2.590482075276613116e+00,2.590250956142451599e+00,-6.933574024845512440e-04,1.759511400418745097e-01,9.985257782639390456e+00
2.589913097254737728e+00,2.590250956142451599e+00,1.013576663141613210e-03,1.706934065626164454e-01,9.981706983225759444e+00
2.589361289931184640e+00,2.590250956142451599e+00,2.668998633800878650e-03,1.655421970659265440e-01,9.978211195699728364e+00
2.588826303727201683e+00,2.590250956142451599e+00,4.273957245749748779e-03,1.604958611948870129e-01,9.974769818440638147e+00
2.588307794505062542e+00,2.590250956142451599e+00,5.829484912167171018e-03,1.555527666417422239e-01,9.971382251553910336e+00
2.587805423508078739e+00,2.590250956142451599e+00,7.336597903118580177e-03,1.507112990951409159e-01,9.968047896998260882e+00
2.587318857300795027e+00,2.590250956142451599e+00,8.796296524969715591e-03,1.459698621851135414e-01,9.964766158710084198e+00
2.586847767709382406e+00,2.590250956142451599e+00,1.020956529920757916e-02,1.413268774237863568e-01,9.961536442722994877e+00
2.586391831762242077e+00,2.590250956142451599e+00,1.157737314062856626e-02,1.367807841420987103e-01,9.958358157282727774e+00
2.585950731630830113e+00,2.590250956142451599e+00,1.290067353486445967e-02,1.323300394235893407e-01,9.955230712958453410e+00
2.585524154570713939e+00,2.590250956142451599e+00,1.418040471521297974e-02,1.279731180348520070e-01,9.952153522750066372e+00
2.585111792862872626e+00,2.590250956142451599e+00,1.541748983873691969e-02,1.237085123523939956e-01,9.949126002191132301e+00
2.584713343755250303e+00,2.590250956142451599e+00,1.661283716160388835e-02,1.195347322866968653e-01,9.946147569448301695e+00
2.584328509404572927e+00,2.590250956142451599e+00,1.776734021363601812e-02,1.154503052032129773e-01,9.943217645416849493e+00
2.583956996818437268e+00,2.590250956142451599e+00,1.888187797204299301e-02,1.114537758406974888e-01,9.940335653812741867e+00
2.583598517797682792e+00,2.590250956142451599e+00,1.995731503430642206e-02,1.075437062263429056e-01,9.937501021260649381e+00
2.583252788879054407e+00,2.590250956142451599e+00,2.099450179019157758e-02,1.037186755885155520e-01,9.934713177378707627e+00
2.582919531278164094e+00,2.590250956142451599e+00,2.199427459286251718e-02,9.997728026709395976e-02,9.931971554859956086e+00
2.582598470832759396e+00,2.590250956142451599e+00,2.295745592907660892e-02,9.631813362140917434e-02,9.929275589550485392e+00
2.582289337946309882e+00,2.590250956142451599e+00,2.388485458842515285e-02,9.273986593485439300e-02,9.926624720523280487e+00
2.581991867531912899e+00,2.590250956142451599e+00,2.477726583161610208e-02,8.924112431909492216e-02,9.924018390150711966e+00
2.581705798956530629e+00,2.590250956142451599e+00,2.563547155776291220e-02,8.582057261468101217e-02,9.921456044172444422e+00
2.581430875985565976e+00,2.590250956142451599e+00,2.646024047065687057e-02,8.247689128939583725e-02,9.918937131760053205e+00
2.581166846727777298e+00,2.590250956142451599e+00,2.725232824402290532e-02,7.920877733660347531e-02,9.916461105580626878e+00
2.580913463580546630e+00,2.590250956142451599e+00,2.801247768571490937e-02,7.601494416920040464e-02,9.914027421854916255e+00
2.580670483175501406e+00,2.590250956142451599e+00,2.874141890085057938e-02,7.289412151356700065e-02,9.911635540414417633e+00
2.580437666324497670e+00,2.590250956142451599e+00,2.943986945386178888e-02,6.984505530112095073e-02,9.909284924754983237e+00
2.580214777965969208e+00,2.590250956142451599e+00,3.010853452944717290e-02,6.686650755853840167e-02,9.906975042087985628e+00
2.580001587111649730e+00,2.590250956142451599e+00,3.074810709240560769e-02,6.395725629584347871e-02,9.904705363388249140e+00
2.579797866793668959e+00,2.590250956142451599e+00,3.135926804634792120e-02,6.111609539423135118e-02,9.902475363440579770e+00
2.579603394012032425e+00,2.590250956142451599e+00,3.194268639125752429e-02,5.834183449096030927e-02,9.900284520882218331e+00
2.579417949682484057e+00,2.590250956142451599e+00,3.249901937990262724e-02,5.563329886451029438e-02,9.898132318244414307e+00
2.579241318584760023e+00,2.590250956142451599e+00,3.302891267307472845e-02,5.298932931721012096e-02,9.896018241990285347e+00
2.579073289311235140e+00,2.590250956142451599e+00,3.353300049364937863e-02,5.040878205746501806e-02,9.893941782551115338e+00
2.578913654215965412e+00,2.590250956142451599e+00,3.401190577945856219e-02,4.789052858091835674e-02,9.891902434360376972e+00
2.578762209364131586e+00,2.590250956142451599e+00,3.446624033496004103e-02,4.543345555014788317e-02,9.889899695885109310e+00
2.578618754481886377e+00,2.590250956142451599e+00,3.489660498169566694e-02,4.303646467356259109e-02,9.887933069655257867e+00
2.578483092906606711e+00,2.590250956142451599e+00,3.530358970753466608e-02,4.069847258389991396e-02,9.886002062291435522e+00
2.578355031537556297e+00,2.590250956142451599e+00,3.568777381468590804e-02,3.841841071512419603e-02,9.884106184529811046e+00
2.578234380786958546e+00,2.590250956142451599e+00,3.604972606647915967e-02,3.619522517932516337e-02,9.882244951245805709e+00
2.578120954531485598e+00,2.590250956142451599e+00,3.639000483289800414e-02,3.402787664188444694e-02,9.880417881474782504e+00
2.578014570064159905e+00,2.590250956142451599e+00,3.670915823487508334e-02,3.191534019770791986e-02,9.878624498432582612e+00
2.577915048046677704e+00,2.590250956142451599e+00,3.700772428732168606e-02,2.985660524466027255e-02,9.876864329531983344e+00
2.577822212462148599e+00,2.590250956142451599e+00,3.728623104090900142e-02,2.785067535873153588e-02,9.875136906399641035e+00
2.577735890568259247e+00,2.590250956142451599e+00,3.754519672257705665e-02,2.589656816680552254e-02,9.873441764889383521e+00
2.577655912850858932e+00,2.590250956142451599e+00,3.778512987477800067e-02,2.399331522009440221e-02,9.871778445094872012e+00
2.577582112977968354e+00,2.590250956142451599e+00,3.800652949344973663e-02,2.213996186717359649e-02,9.870146491360623386e+00
2.577514327754213852e+00,2.590250956142451599e+00,3.820988516471324203e-02,2.033556712635053998e-02,9.868545452291064279e+00
2.577452397075688406e+00,2.590250956142451599e+00,3.839567720028957964e-02,1.857920355763376108e-02,9.866974880757924282e+00
2.577396163885238511e+00,2.590250956142451599e+00,3.856437677163926381e-02,1.686995713496841631e-02,9.865434333906607733e+00
2.577345474128179603e+00,2.590250956142451599e+00,3.871644604281598845e-02,1.520692711767246408e-02,9.863923373160488950e+00
2.577300176708436474e+00,2.590250956142451599e+00,3.885233830204537497e-02,1.358922592293865250e-02,9.862441564224983637e+00
2.577260123445115791e+00,2.590250956142451599e+00,3.897249809200742376e-02,1.201597899620487908e-02,9.860988477088213244e+00
2.577225169029504048e+00,2.590250956142451599e+00,3.907736133884265328e-02,1.048632468352295177e-02,9.859563686022365658e+00
2.577195170982494510e+00,2.590250956142451599e+00,3.916735547987126864e-02,8.999414102861535980e-03,9.858166769582734190e+00
2.577169989612443146e+00,2.590250956142451599e+00,3.924289959002535966e-02,7.554411015409101537e-03,9.856797310605434959e+00
2.577149487973452668e+00,2.590250956142451599e+00,3.930440450699679289e-02,6.150491697143323222e-03,9.855454896204140169e+00
2.577133531824082446e+00,2.590250956142451599e+00,3.935227295510745904e-02,4.786844811066615080e-03,9.854139117766173683e+00
2.577121989586488748e+00,2.590250956142451599e+00,3.938689966788855301e-02,3.462671278109397122e-03,9.852849570945998892e+00
2.577114732305989531e+00,2.590250956142451599e+00,3.940867150938620611e-02,2.177184149765309940e-03,9.851585855659152458e+00
2.577111633611056440e+00,2.590250956142451599e+00,3.941796759418547680e-02,9.296084799270687427e-04,9.850347576074113931e+00
2.577112569673730924e+00,2.590250956142451599e+00,3.941515940616202585e-02,-2.808188023450952642e-04,9.849134340603818316e+00
2.577117419170465773e+00,2.590250956142451599e+00,3.940061091595747911e-02,-1.454849020454673791e-03,9.847945761895502415e+00
2.577126063243389886e+00,2.590250956142451599e+00,3.937467869718513924e-02,-2.593221877233986561e-03,9.846781456819950762e+00
2.577138385461996251e+00,2.590250956142451599e+00,3.933771204136604638e-02,-3.696665581909286402e-03,9.845641046459457257e+00
2.577154271785248252e+00,2.590250956142451599e+00,3.929005307161004268e-02,-4.765896975600369956e-03,9.844524156096010614e+00
2.577173610524110092e+00,2.590250956142451599e+00,3.923203685502452132e-02,-5.801621658552136296e-03,9.843430415196472438e+00
2.577196292304491543e+00,2.590250956142451599e+00,3.916399151388016975e-02,-6.804534114435156766e-03,9.842359457399446399e+00
2.577222210030612803e+00,2.590250956142451599e+00,3.908623833551638782e-02,-7.775317836378192737e-03,9.841310920499138248e+00
2.577251258848784143e+00,2.590250956142451599e+00,3.899909188100236790e-02,-8.714645451401992204e-03,9.840284446429601317e+00
2.577283336111598544e+00,2.590250956142451599e+00,3.890286009255916611e-02,-9.623178844320179337e-03,9.839279681248239484e+00
2.577318341342537789e+00,2.590250956142451599e+00,3.879784439974143240e-02,-1.050156928177337079e-02,9.838296275117969003e+00
2.577356176200988447e+00,2.590250956142451599e+00,3.868433982438945762e-02,-1.135045753519747791e-02,9.837333882289192033e+00
2.577396744447668198e+00,2.590250956142451599e+00,3.856263508435020526e-02,-1.217047400392523571e-02,9.836392161080425467e+00
2.577439951910455829e+00,2.590250956142451599e+00,3.843301269598731196e-02,-1.296223883628933038e-02,9.835470773859698923e+00
2.577485706450629799e+00,2.590250956142451599e+00,3.829574907546540175e-02,-1.372636205219102123e-02,9.834569387023275766e+00
2.577533917929506035e+00,2.590250956142451599e+00,3.815111463883669174e-02,-1.446344366287100058e-02,9.833687670975965744e+00
2.577584498175479855e+00,2.590250956142451599e+00,3.799937390091523426e-02,-1.517407379214574803e-02,9.832825300108769540e+00
2.577637360951464451e+00,2.590250956142451599e+00,3.784078557296144396e-02,-1.585883279537902979e-02,9.831981952777582023e+00
2.577692421922726851e+00,2.590250956142451599e+00,3.767560265917424545e-02,-1.651829137871985154e-02,9.831157311280454891e+00
2.577749598625117322e+00,2.590250956142451599e+00,3.750407255200283174e-02,-1.715301071714137038e-02,9.830351061834861071e+00
2.577808810433691367e+00,2.590250956142451599e+00,3.732643712628069821e-02,-1.776354257221335331e-02,9.829562894554067398e+00
2.577869978531720729e+00,2.590250956142451599e+00,3.714293283219260999e-02,-1.835042940880882156e-02,9.828792503423384730e+00
2.577933025880092544e+00,2.590250956142451599e+00,3.695379078707716758e-02,-1.891420451154424143e-02,9.828039586275533424e+00
2.577997877187091724e+00,2.590250956142451599e+00,3.675923686607962537e-02,-1.945539209975422068e-02,9.827303844766326790e+00
2.578064458878567500e+00,2.590250956142451599e+00,3.655949179165229879e-02,-1.997450744273265855e-02,9.826584984348919249e+00
2.578132699068478306e+00,2.590250956142451599e+00,3.635477122191987931e-02,-2.047205697324194773e-02,9.825882714248677985e+00
2.578202527529813715e+00,2.590250956142451599e+00,3.614528583791365435e-02,-2.094853840062249617e-02,9.825196747437292544e+00
2.578273875665892945e+00,2.590250956142451599e+00,3.593124142967596413e-02,-2.140444082376902202e-02,9.824526800605907439e+00
2.578346676482032862e+00,2.590250956142451599e+00,3.571283898125621192e-02,-2.184024484197522042e-02,9.823872594139281489e+00
2.578420864557586789e+00,2.590250956142451599e+00,3.549027475459443082e-02,-2.225642266617811060e-02,9.823233852088417706e+00
2.578496376018349245e+00,2.590250956142451599e+00,3.526374037230706193e-02,-2.265343822873688850e-02,9.822610302143569783e+00
2.578573148509326174e+00,2.590250956142451599e+00,3.503342289937627640e-02,-2.303174729307855273e-02,9.822001675606298221e+00
2.578651121167863991e+00,2.590250956142451599e+00,3.479950492376282511e-02,-2.339179756134512900e-02,9.821407707362418193e+00
2.578730234597137905e+00,2.590250956142451599e+00,3.456216463594108390e-02,-2.373402878217412137e-02,9.820828135853767904e+00
2.578810430839997281e+00,2.590250956142451599e+00,3.432157590736295560e-02,-2.405887285781282969e-02,9.820262703049550623e+00
2.578891653353161395e+00,2.590250956142451599e+00,3.407790836787061295e-02,-2.436675394923426552e-02,9.819711154418637733e+00
2.578973846981767348e+00,2.590250956142451599e+00,3.383132748205275320e-02,-2.465808858178597518e-02,9.819173238900267719e+00
2.579056957934263483e+00,2.590250956142451599e+00,3.358199462456434858e-02,-2.493328574884046134e-02,9.818648708875723941e+00
2.579140933757646970e+00,2.590250956142451599e+00,3.333006715441388934e-02,-2.519274701504592429e-02,9.818137320139367574e+00
2.579225723313044671e+00,2.590250956142451599e+00,3.307569848822078384e-02,-2.543686661931054971e-02,9.817638831868910287e+00
2.579311276751629300e+00,2.590250956142451599e+00,3.281903817246689670e-02,-2.566603157538871471e-02,9.817153006597077791e+00
2.579397545490873522e+00,2.590250956142451599e+00,3.256023195473423115e-02,-2.588062177326655444e-02,9.816679610181468618e+00
2.579484482191135797e+00,2.590250956142451599e+00,3.229942185394740761e-02,-2.608101007868235399e-02,9.816218411775265551e+00
2.579572040732575733e+00,2.590250956142451599e+00,3.203674622962759955e-02,-2.626756243198080654e-02,9.815769183797646846e+00
2.579660176192395404e+00,2.590250956142451599e+00,3.177233985016858497e-02,-2.644063794590145733e-02,9.815331701904266737e+00
2.579748844822405296e+00,2.590250956142451599e+00,3.150633396013891030e-02,-2.660058900296746742e-02,9.814905744957172828e+00
2.579838004026910880e+00,2.590250956142451599e+00,3.123885634662215693e-02,-2.674776135167533653e-02,9.814491094994947318e+00
2.579927612340916276e+00,2.590250956142451599e+00,3.097003140460596882e-02,-2.688249420161881176e-02,9.814087537202986766e+00
2.580017629408641877e+00,2.590250956142451599e+00,3.069998020142916673e-02,-2.700512031768020904e-02,9.813694859883749899e+00
2.580108015962355950e+00,2.590250956142451599e+00,3.042882054028694938e-02,-2.711596611422173453e-02,9.813312854426065712e+00
2.580198733801512656e+00,2.590250956142451599e+00,3.015666702281682987e-02,-2.721535174701195103e-02,9.812941315275805820e+00
2.580289745772196941e+00,2.590250956142451599e+00,2.988363111076397516e-02,-2.730359120528547123e-02,9.812580039905478557e+00
2.580381015746871842e+00,2.590250956142451599e+00,2.960982118673927133e-02,-2.738099240247038324e-02,9.812228828784268941e+00
2.580472508604425119e+00,2.590250956142451599e+00,2.933534261407944044e-02,-2.744785726598308884e-02,9.811887485348096405e+00
2.580564190210512976e+00,2.590250956142451599e+00,2.906029779581587036e-02,-2.750448182635700789e-02,9.811555815969459360e+00
2.580656027398197772e+00,2.590250956142451599e+00,2.878478623276148340e-02,-2.755115630543869543e-02,9.811233629927322397e+00
2.580747987948875277e+00,2.590250956142451599e+00,2.850890458072896649e-02,-2.758816520325169108e-02,9.810920739377477773e+00
2.580840040573490590e+00,2.590250956142451599e+00,2.823274670688302734e-02,-2.761578738459391502e-02,9.810616959322288722e+00
2.580932154894038266e+00,2.590250956142451599e+00,2.795640374523999938e-02,-2.763429616430279623e-02,9.810322107580937256e+00
2.581024301425344003e+00,2.590250956142451599e+00,2.767996415132278898e-02,-2.764395939172104022e-02,9.810036004759602690e+00
2.581116451557125657e+00,2.590250956142451599e+00,2.740351375597782635e-02,-2.764503953449626295e-02,9.809758474221482061e+00
2.581208577536329596e+00,2.590250956142451599e+00,2.712713581836601051e-02,-2.763779376118158382e-02,9.809489342057185368e+00
2.581300652449739275e+00,2.590250956142451599e+00,2.685091107813697420e-02,-2.762247402290363141e-02,9.809228437055233840e+00
2.581392650206854267e+00,2.590250956142451599e+00,2.657491780679199778e-02,-2.759932713449764208e-02,9.808975590672295297e+00
2.581484545523036633e+00,2.590250956142451599e+00,2.629923185824489806e-02,-2.756859485470997129e-02,9.808730637003534980e+00
2.581576313902919306e+00,2.590250956142451599e+00,2.602392671859687923e-02,-2.753051396480188373e-02,9.808493412753795937e+00
2.581667931624077372e+00,2.590250956142451599e+00,2.574907355512268126e-02,-2.748531634741979701e-02,9.808263757207702938e+00
2.581759375720956040e+00,2.590250956142451599e+00,2.547474126448667775e-02,-2.743322906360035063e-02,9.808041512200887269e+00
2.581850623969054848e+00,2.590250956142451599e+00,2.520099652019025527e-02,-2.737447442964224820e-02,9.807826522090548949e+00
2.581941654869362779e+00,2.590250956142451599e+00,2.492790381926646148e-02,-2.730927009237937853e-02,9.807618633726887580e+00
2.582032447633043404e+00,2.590250956142451599e+00,2.465552552822458665e-02,-2.723782910418748315e-02,9.807417696424037601e+00
2.582122982166366487e+00,2.590250956142451599e+00,2.438392192825533655e-02,-2.716035999692500980e-02,9.807223561931330380e+00
2.582213239055882514e+00,2.590250956142451599e+00,2.411315125970725504e-02,-2.707706685480815167e-02,9.807036084404899157e+00
2.582303199553839246e+00,2.590250956142451599e+00,2.384326976583706070e-02,-2.698814938701943333e-02,9.806855120378818569e+00
2.582392845563833639e+00,2.590250956142451599e+00,2.357433173585388175e-02,-2.689380299831789500e-02,9.806680528737537372e+00
2.582482159626701801e+00,2.590250956142451599e+00,2.330638954724939538e-02,-2.679421886044863754e-02,9.806512170686801255e+00
2.582571124906638538e+00,2.590250956142451599e+00,2.303949370743918479e-02,-2.668958398102105889e-02,9.806349909726417735e+00
2.582659725177548271e+00,2.590250956142451599e+00,2.277369289470998481e-02,-2.658008127291999756e-02,9.806193611621790041e+00
2.582747944809620222e+00,2.590250956142451599e+00,2.250903399849413233e-02,-2.646588962158524794e-02,9.806043144376909382e+00
2.582835768756129635e+00,2.590250956142451599e+00,2.224556215896589251e-02,-2.634718395282398262e-02,9.805898378206142851e+00
2.582923182540459717e+00,2.590250956142451599e+00,2.198332080597564797e-02,-2.622413529902445362e-02,9.805759185506952136e+00
2.583010172243340286e+00,2.590250956142451599e+00,2.172235169733394144e-02,-2.609691086417065264e-02,9.805625440833164674e+00
2.583096724490304474e+00,2.590250956142451599e+00,2.146269495644137493e-02,-2.596567408925665177e-02,9.805497020867186109e+00
2.583182826439355040e+00,2.590250956142451599e+00,2.120438910928967857e-02,-2.583058471516963550e-02,9.805373804394120540e+00
2.583268465768845168e+00,2.590250956142451599e+00,2.094747112081929430e-02,-2.569179884703842731e-02,9.805255672273780476e+00
2.583353630665562672e+00,2.590250956142451599e+00,2.069197643066678083e-02,-2.554946901525134706e-02,9.805142507415416375e+00
2.583438309813021583e+00,2.590250956142451599e+00,2.043793898829004974e-02,-2.540374423767310930e-02,9.805034194750618326e+00
2.583522492379955793e+00,2.590250956142451599e+00,2.018539128748741973e-02,-2.525477008026300041e-02,9.804930621207224917e+00
2.583606168009010773e+00,2.590250956142451599e+00,1.993436440032247958e-02,-2.510268871649401490e-02,9.804831675683828962e+00
2.583689326805634234e+00,2.590250956142451599e+00,1.968488801045209513e-02,-2.494763898703844518e-02,9.804737249023414591e+00
2.583771959327159973e+00,2.590250956142451599e+00,1.943699044587487990e-02,-2.478975645772152347e-02,9.804647233988154298e+00
2.583854056572084446e+00,2.590250956142451599e+00,1.919069871110146153e-02,-2.462917347734183693e-02,9.804561525233760122e+00
2.583935609969532088e+00,2.590250956142451599e+00,1.894603851875853451e-02,-2.446601923429270187e-02,9.804480019284465442e+00
2.584016611368908478e+00,2.590250956142451599e+00,1.870303432062936366e-02,-2.430041981291708453e-02,9.804402614507711888e+00
2.584097053029735580e+00,2.590250956142451599e+00,1.846170933814805792e-02,-2.413249824813057387e-02,9.804329211090017537e+00
2.584176927611671726e+00,2.590250956142451599e+00,1.822208559233962077e-02,-2.396237458084371497e-02,9.804259711011496847e+00
2.584256228164708791e+00,2.590250956142451599e+00,1.798418393322842590e-02,-2.379016591111948742e-02,9.804194018022108992e+00
2.584334948119548336e+00,2.590250956142451599e+00,1.774802406870978899e-02,-2.361598645186369083e-02,9.804132037616845707e+00
2.584413081278149615e+00,2.590250956142451599e+00,1.751362459290595197e-02,-2.343994758038370207e-02,9.804073677012523191e+00
2.584490621804452104e+00,2.590250956142451599e+00,1.728100301399848604e-02,-2.326215789074659313e-02,9.804018845123252390e+00
2.584567564215266788e+00,2.590250956142451599e+00,1.705017578155443303e-02,-2.308272324440530099e-02,9.803967452537149185e+00
2.584643903371335316e+00,2.590250956142451599e+00,1.682115831334884959e-02,-2.290174682055834410e-02,9.803919411492790559e+00
2.584719634468553018e+00,2.590250956142451599e+00,1.659396502169574461e-02,-2.271932916531049784e-02,9.803874635856384856e+00
2.584794753029356240e+00,2.590250956142451599e+00,1.636860933928607764e-02,-2.253556824096669686e-02,9.803833041098320322e+00
2.584869254894269552e+00,2.590250956142451599e+00,1.614510374454614094e-02,-2.235055947399366971e-02,9.803794544270552080e+00
2.584943136213609716e+00,2.590250956142451599e+00,1.592345978652565108e-02,-2.216439580204898618e-02,9.803759063984477606e+00
2.585016393439348192e+00,2.590250956142451599e+00,1.570368810931022097e-02,-2.197716772154301168e-02,9.803726520387767707e+00
2.585089023317125534e+00,2.590250956142451599e+00,1.548579847597819636e-02,-2.178896333320246015e-02,9.803696835142776678e+00
2.585161022878417203e+00,2.590250956142451599e+00,1.526979979210318916e-02,-2.159986838750072025e-02,9.803669931404602522e+00
2.585232389432849498e+00,2.590250956142451599e+00,1.505570012880630415e-02,-2.140996632968850122e-02,9.803645733799118744e+00
2.585303120560661583e+00,2.590250956142451599e+00,1.484350674537004977e-02,-2.121933834362543791e-02,9.803624168401745109e+00
2.585373214105313622e+00,2.590250956142451599e+00,1.463322611141393281e-02,-2.102806339561169580e-02,9.803605162715802734e+00
2.585442668166237468e+00,2.590250956142451599e+00,1.442486392864239519e-02,-2.083621827715376185e-02,9.803588645651489131e+00
2.585511481091726349e+00,2.590250956142451599e+00,1.421842515217575098e-02,-2.064387764666442138e-02,9.803574547505512271e+00
2.585579651471965779e+00,2.590250956142451599e+00,1.401391401145746229e-02,-2.045111407182886865e-02,9.803562799939628647e+00
2.585647178132199464e+00,2.590250956142451599e+00,1.381133403075640587e-02,-2.025799807010564280e-02,9.803553335960650372e+00
2.585714060126028890e+00,2.590250956142451599e+00,1.361068804926812703e-02,-2.006459814882788351e-02,9.803546089900439853e+00
2.585780296728848349e+00,2.590250956142451599e+00,1.341197824080975209e-02,-1.987098084583749369e-02,9.803540997394971868e+00
2.585845887431407419e+00,2.590250956142451599e+00,1.321520613313253989e-02,-1.967721076772122046e-02,9.803537995365411817e+00
2.585910831933503129e+00,2.590250956142451599e+00,1.302037262684541119e-02,-1.948335062871286993e-02,9.803537021998133483e+00
2.585975130137798672e+00,2.590250956142451599e+00,1.282747801395878184e-02,-1.928946128866293463e-02,9.803538016725296345e+00
2.586038782143766479e+00,2.590250956142451599e+00,1.263652199605536097e-02,-1.909560179034208716e-02,9.803540920205714215e+00
2.586101788241755184e+00,2.590250956142451599e+00,1.244750370208924650e-02,-1.890182939661144701e-02,9.803545674305478741e+00
2.586164148907174276e+00,2.590250956142451599e+00,1.226042170583196977e-02,-1.870819962572767281e-02,9.803552222080105238e+00
2.586225864794801321e+00,2.590250956142451599e+00,1.207527404295083429e-02,-1.851476628811354885e-02,9.803560507754838227e+00
2.586286936733203756e+00,2.590250956142451599e+00,1.189205822774352939e-02,-1.832158152073048996e-02,9.803570476707013981e+00
2.586347365719277036e+00,2.590250956142451599e+00,1.171077126952368985e-02,-1.812869582198395335e-02,9.803582075447540234e+00
2.586407152912895135e+00,2.590250956142451599e+00,1.153140968866939176e-02,-1.793615808542980972e-02,9.803595251603240968e+00
2.586466299631673404e+00,2.590250956142451599e+00,1.135396953233458461e-02,-1.774401563348071420e-02,9.803609953898854812e+00
2.586524807345841559e+00,2.590250956142451599e+00,1.117844638983012118e-02,-1.755231425044634364e-02,9.803626132139385163e+00
2.586582677673223696e+00,2.590250956142451599e+00,1.100483540768371071e-02,-1.736109821464104641e-02,9.803643737193043606e+00
2.586639912374325334e+00,2.590250956142451599e+00,1.083313130437879579e-02,-1.717041033049149235e-02,9.803662720973887801e+00
2.586696513347524373e+00,2.590250956142451599e+00,1.066332838478167844e-02,-1.698029195971173522e-02,9.803683036425070441e+00
2.586752482624365967e+00,2.590250956142451599e+00,1.049542055425689568e-02,-1.679078305247827529e-02,9.803704637501779118e+00
2.586807822364957321e+00,2.590250956142451599e+00,1.032940133248283487e-02,-1.660192217740608100e-02,9.803727479155076807e+00
2.586862534853464179e+00,2.590250956142451599e+00,1.016526386696225970e-02,-1.641374655205751765e-02,9.803751517314905684e+00
2.586916622493702800e+00,2.590250956142451599e+00,1.000300094624639868e-02,-1.622629207158610143e-02,9.803776708874661239e+00
2.586970087804828733e+00,2.590250956142451599e+00,9.842605012868599346e-03,-1.603959333777993379e-02,9.803803011675089607e+00
2.587022933417122417e+00,2.590250956142451599e+00,9.684068175987547988e-03,-1.585368368810513573e-02,9.803830384487882910e+00
2.587075162067864920e+00,2.590250956142451599e+00,9.527382223760039182e-03,-1.566859522275088068e-02,9.803858787001010100e+00
2.587126776597307387e+00,2.590250956142451599e+00,9.372538635432636767e-03,-1.548435883274024150e-02,9.803888179802692449e+00
2.587177779944730194e+00,2.590250956142451599e+00,9.219528593164216801e-03,-1.530100422684199657e-02,9.803918524366322274e+00
2.587228175144589581e+00,2.590250956142451599e+00,9.068342993586053780e-03,-1.511855995781630213e-02,9.803949783035770693e+00
2.587277965322752671e+00,2.590250956142451599e+00,8.918972459096785599e-03,-1.493705344892681808e-02,9.803981919010169577e+00
2.587327153692816406e+00,2.590250956142451599e+00,8.771407348905579937e-03,-1.475651101912056617e-02,9.804014896329785955e+00
2.587375743552513097e+00,2.590250956142451599e+00,8.625637769815508449e-03,-1.457695790900714883e-02,9.804048679860809301e+00
2.587423738280195895e+00,2.590250956142451599e+00,8.481653586767112785e-03,-1.439841830483956642e-02,9.804083235281927600e+00
2.587471141331406876e+00,2.590250956142451599e+00,8.339444433134168833e-03,-1.422091536329439521e-02,9.804118529069839383e+00
2.587517956235525052e+00,2.590250956142451599e+00,8.198999720779642786e-03,-1.404447123545260467e-02,9.804154528485327091e+00
2.587564186592491655e+00,2.590250956142451599e+00,8.060308649879832643e-03,-1.386910708998101427e-02,9.804191201559898872e+00
2.587609836069614477e+00,2.590250956142451599e+00,7.923360218511366071e-03,-1.369484313684665722e-02,9.804228517081664762e+00
2.587654908398445475e+00,2.590250956142451599e+00,7.788143232018374107e-03,-1.352169864929919640e-02,9.804266444582719231e+00
2.587699407371734761e+00,2.590250956142451599e+00,7.654646312150514831e-03,-1.334969198678592761e-02,9.804304954325365529e+00
2.587743336840456543e+00,2.590250956142451599e+00,7.522857905985169680e-03,-1.317884061653451511e-02,9.804344017289452040e+00
2.587786700710906995e+00,2.590250956142451599e+00,7.392766294633812407e-03,-1.300916113513572725e-02,9.804383605159499027e+00
2.587829502941873638e+00,2.590250956142451599e+00,7.264359601733882954e-03,-1.284066928999294532e-02,9.804423690311741879e+00
2.587871747541871326e+00,2.590250956142451599e+00,7.137625801740821174e-03,-1.267337999930617798e-02,9.804464245802435585e+00
2.587913438566449287e+00,2.590250956142451599e+00,7.012552728006937741e-03,-1.250730737338834331e-02,9.804505245354619092e+00
2.587954580115562564e+00,2.590250956142451599e+00,6.889128080667106246e-03,-1.234246473398314947e-02,9.804546663346684454e+00
2.587995176331010505e+00,2.590250956142451599e+00,6.767339434323282887e-03,-1.217886463438233591e-02,9.804588474799942333e+00
2.588035231393938762e+00,2.590250956142451599e+00,6.647174245538511883e-03,-1.201651887847710043e-02,9.804630655367061465e+00
2.588074749522403462e+00,2.590250956142451599e+00,6.528619860144413423e-03,-1.185543853940984604e-02,9.804673181320735509e+00
2.588113734969000213e+00,2.590250956142451599e+00,6.411663520354160539e-03,-1.169563397902528834e-02,9.804716029541328481e+00
2.588152192018551290e+00,2.590250956142451599e+00,6.296292371700928925e-03,-1.153711486532316144e-02,9.804759177506378265e+00
2.588190124985852769e+00,2.590250956142451599e+00,6.182493469796490615e-03,-1.137989019044383099e-02,9.804802603279352269e+00
2.588227538213482504e+00,2.590250956142451599e+00,6.070253786907287008e-03,-1.122396828892036069e-02,9.804846285497987424e+00
2.588264436069661834e+00,2.590250956142451599e+00,5.959560218369297502e-03,-1.106935685379895062e-02,9.804890203364571732e+00
2.588300822946177693e+00,2.590250956142451599e+00,5.850399588821719732e-03,-1.091606295475777699e-02,9.804934336634063996e+00
2.588336703256357119e+00,2.590250956142451599e+00,5.742758658283442230e-03,-1.076409305382775017e-02,9.804978665604455301e+00
2.588372081433096827e+00,2.590250956142451599e+00,5.636624128064315897e-03,-1.061345302191263329e-02,9.805023171106151736e+00
2.588406961926946970e+00,2.590250956142451599e+00,5.531982646513888824e-03,-1.046414815504270734e-02,9.805067834491470791e+00
2.588441349204246400e+00,2.590250956142451599e+00,5.428820814615598067e-03,-1.031618318982907567e-02,9.805112637624787908e+00
2.588475247745308128e+00,2.590250956142451599e+00,5.327125191430415185e-03,-1.016956231851828818e-02,9.805157562872912180e+00
2.588508662042657171e+00,2.590250956142451599e+00,5.226882299383284192e-03,-1.002428920471309937e-02,9.805202593094669794e+00
2.588541596599315930e+00,2.590250956142451599e+00,5.128078629407006872e-03,-9.880366997627731962e-03,9.805247711631778884e+00
2.588574055927137962e+00,2.590250956142451599e+00,5.030700645940910931e-03,-9.737798346609594091e-03,9.805292902299331814e+00
2.588606044545189722e+00,2.590250956142451599e+00,4.934734791785633234e-03,-9.596585415527769669e-03,9.805338149376257917e+00
2.588637566978178928e+00,2.590250956142451599e+00,4.840167492818014949e-03,-9.456729896761828513e-03,9.805383437596056240e+00
2.588668627754927787e+00,2.590250956142451599e+00,4.746985162571437655e-03,-9.318233024657729402e-03,9.805428752137913762e+00
2.588699231406890622e+00,2.590250956142451599e+00,4.655174206682932692e-03,-9.181095588850496370e-03,9.805474078617832490e+00
2.588729382466715023e+00,2.590250956142451599e+00,4.564721027209728277e-03,-9.045317947320441476e-03,9.805519403079889784e+00
2.588759085466847409e+00,2.590250956142451599e+00,4.475612026812569866e-03,-8.910900039715841103e-03,9.805564711987097226e+00
2.588788344938178554e+00,2.590250956142451599e+00,4.387833612819136420e-03,-8.777841399343344619e-03,9.805609992213476289e+00
2.588817165408731302e+00,2.590250956142451599e+00,4.301372201160891251e-03,-8.646141165824516861e-03,9.805655231035336428e+00
2.588845551402387368e+00,2.590250956142451599e+00,4.216214220192693318e-03,-8.515798096819793273e-03,9.805700416123373842e+00
2.588873507437655874e+00,2.590250956142451599e+00,4.132346114387175362e-03,-8.386810580551795624e-03,9.805745535533835877e+00
2.588901038026477863e+00,2.590250956142451599e+00,4.049754347921208364e-03,-8.259176646596699811e-03,9.805790577701325006e+00
2.588928147673069891e+00,2.590250956142451599e+00,3.968425408145126454e-03,-8.132893977608190994e-03,9.805835531430536989e+00
2.588954840872804919e+00,2.590250956142451599e+00,3.888345808940041337e-03,-8.007959920508511686e-03,9.805880385888432471e+00
2.588981122111128741e+00,2.590250956142451599e+00,3.809502093968575309e-03,-7.884371497146602792e-03,9.805925130596822470e+00
2.589006995862512372e+00,2.590250956142451599e+00,3.731880839817680595e-03,-7.762125415089471403e-03,9.805969755424728262e+00
2.589032466589438641e+00,2.590250956142451599e+00,3.655468659038874080e-03,-7.641218077880651549e-03,9.806014250581158720e+00
2.589057538741422970e+00,2.590250956142451599e+00,3.580252203085887430e-03,-7.521645595298664944e-03,9.806058606607788164e+00
2.589082216754067911e+00,2.590250956142451599e+00,3.506218165151064881e-03,-7.403403793482254969e-03,9.806102814371669751e+00
2.589106505048150098e+00,2.590250956142451599e+00,3.433353282904505477e-03,-7.286488224655940371e-03,9.806146865058249062e+00
2.589130408028737840e+00,2.590250956142451599e+00,3.361644341141278858e-03,-7.170894176322661906e-03,9.806190750164820003e+00
2.589153930084342470e+00,2.590250956142451599e+00,3.291078174327388695e-03,-7.056616681389016321e-03,9.806234461492937982e+00
2.589177075586096333e+00,2.590250956142451599e+00,3.221641669065800073e-03,-6.943650526158862135e-03,9.806277991142907879e+00
2.589199848886964528e+00,2.590250956142451599e+00,3.153321766461214537e-03,-6.831990260458553621e-03,9.806321331506003602e+00
2.589222254320983296e+00,2.590250956142451599e+00,3.086105464404909071e-03,-6.721630205630546584e-03,9.806364475258774860e+00
2.589244296202527718e+00,2.590250956142451599e+00,3.019979819771645424e-03,-6.612564463326364717e-03,9.806407415356446222e+00
2.589265978825607828e+00,2.590250956142451599e+00,2.954931950531314300e-03,-6.504786924033112427e-03,9.806450145026499143e+00
2.589287306463190497e+00,2.590250956142451599e+00,2.890949037783308029e-03,-6.398291274800627093e-03,9.806492657762984066e+00
2.589308283366549723e+00,2.590250956142451599e+00,2.828018327705628110e-03,-6.293071007767991887e-03,9.806534947319939022e+00
2.589328913764640916e+00,2.590250956142451599e+00,2.766127133432050300e-03,-6.189119427357780978e-03,9.806577007706074767e+00
2.589349201863502703e+00,2.590250956142451599e+00,2.705262836846689112e-03,-6.086429658536118836e-03,9.806618833178310624e+00
2.589369151845682282e+00,2.590250956142451599e+00,2.645412890307952125e-03,-5.984994653873698667e-03,9.806660418236434751e+00
2.589388767869685637e+00,2.590250956142451599e+00,2.586564818297887314e-03,-5.884807201006481137e-03,9.806701757617291904e+00
2.589408054069450404e+00,2.590250956142451599e+00,2.528706219003584721e-03,-5.785859929430259285e-03,9.806742846289573379e+00
2.589427014553844053e+00,2.590250956142451599e+00,2.471824765822638881e-03,-5.688145318094584013e-03,9.806783679447729440e+00
2.589445653406182490e+00,2.590250956142451599e+00,2.415908208807326929e-03,-5.591655701531195177e-03,9.806824252507276185e+00
2.589463974683771763e+00,2.590250956142451599e+00,2.360944376039508796e-03,-5.496383276781813265e-03,9.806864561099258637e+00
2.589481982417471073e+00,2.590250956142451599e+00,2.306921174941578556e-03,-5.402320109793024017e-03,9.806904601065149052e+00
2.589499680611276666e+00,2.590250956142451599e+00,2.253826593524799193e-03,-5.309458141677936283e-03,9.806944368451848248e+00
2.589517073241927481e+00,2.590250956142451599e+00,2.201648701572356259e-03,-5.217789195244293410e-03,9.806983859506328116e+00
2.589534164258529003e+00,2.590250956142451599e+00,2.150375651767788554e-03,-5.127304980456770522e-03,9.807023070671311515e+00
2.589550957582197555e+00,2.590250956142451599e+00,2.099995680762134498e-03,-5.037997100565405617e-03,9.807061998580197226e+00
2.589567457105724113e+00,2.590250956142451599e+00,2.050497110182458727e-03,-4.949857057967577134e-03,9.807100640052215823e+00
2.589583666693255903e+00,2.590250956142451599e+00,2.001868347587087982e-03,-4.862876259537074475e-03,9.807138992088050955e+00
2.589599590179996635e+00,2.590250956142451599e+00,1.954097887364891761e-03,-4.777046022219622046e-03,9.807177051865146211e+00
2.589615231371924065e+00,2.590250956142451599e+00,1.907174311582604531e-03,-4.692357578228723014e-03,9.807214816733354823e+00
2.589630594045524870e+00,2.590250956142451599e+00,1.861086290780189501e-03,-4.608802080241503063e-03,9.807252284210539628e+00
2.589645681947546407e+00,2.590250956142451599e+00,1.815822584715576227e-03,-4.526370606461327384e-03,9.807289451978254746e+00
2.589660498794765786e+00,2.590250956142451599e+00,1.771372043057439782e-03,-4.445054165813644431e-03,9.807326317877244293e+00
2.589675048273773150e+00,2.590250956142451599e+00,1.727723606035347359e-03,-4.364843702209242338e-03,9.807362879903827491e+00
2.589689334040770952e+00,2.590250956142451599e+00,1.684866305041943235e-03,-4.285730099340412380e-03,9.807399136205702916e+00
2.589703359721389209e+00,2.590250956142451599e+00,1.642789263187172111e-03,-4.207704185477112446e-03,9.807435085077710113e+00
2.589717128910514976e+00,2.590250956142451599e+00,1.601481695809869876e-03,-4.130756737730223449e-03,9.807470724958079700e+00
2.589730645172136914e+00,2.590250956142451599e+00,1.560932910944057284e-03,-4.054878486581259267e-03,9.807506054424363739e+00
2.589743912039200957e+00,2.590250956142451599e+00,1.521132309751926925e-03,-3.980060119213035819e-03,9.807541072190538500e+00
2.589756933013484197e+00,2.590250956142451599e+00,1.482069386902207242e-03,-3.906292284971968343e-03,9.807575777101931180e+00
2.589769711565477639e+00,2.590250956142451599e+00,1.443733730921881175e-03,-3.833565598032606658e-03,9.807610168132889328e+00
2.589782251134284508e+00,2.590250956142451599e+00,1.406115024501275457e-03,-3.761870642060571868e-03,9.807644244382441201e+00
2.589794555127529652e+00,2.590250956142451599e+00,1.369203044765843202e-03,-3.691197973543225430e-03,9.807678005071222671e+00
2.589806626921281829e+00,2.590250956142451599e+00,1.332987663509310750e-03,-3.621538125653245288e-03,9.807711449537857007e+00
2.589818469859987538e+00,2.590250956142451599e+00,1.297458847392185532e-03,-3.552881611712521703e-03,9.807744577235681049e+00
2.589830087256416835e+00,2.590250956142451599e+00,1.262606658104292734e-03,-3.485218928789279857e-03,9.807777387729315066e+00
2.589841482391619376e+00,2.590250956142451599e+00,1.228421252496669780e-03,-3.418540560762295399e-03,9.807809880691735316e+00
2.589852658514891104e+00,2.590250956142451599e+00,1.194892882681486412e-03,-3.352836981518336756e-03,9.807842055901163647e+00
2.589863618843752935e+00,2.590250956142451599e+00,1.162011896095993535e-03,-3.288098658549287734e-03,9.807873913237546759e+00
2.589874366563938324e+00,2.590250956142451599e+00,1.129768735539826707e-03,-3.224316055616682775e-03,9.807905452679923641e+00
2.589884904829391932e+00,2.590250956142451599e+00,1.098153939179002947e-03,-3.161479636082376032e-03,9.807936674303096680e+00
2.589895236762275843e+00,2.590250956142451599e+00,1.067158140527268984e-03,-3.099579865173396342e-03,9.807967578275354370e+00
2.589905365452987329e+00,2.590250956142451599e+00,1.036772068392810553e-03,-3.038607213445843058e-03,9.807998164854947021e+00
2.589915293960184162e+00,2.590250956142451599e+00,1.006986546802313143e-03,-2.978552159049741022e-03,9.808028434387752625e+00
2.589925025310819695e+00,2.590250956142451599e+00,9.777924948957128493e-04,-2.919405190660029348e-03,9.808058387304235737e+00
2.589934562500185500e+00,2.590250956142451599e+00,9.491809267982986853e-04,-2.861156809741416396e-03,9.808088024117058268e+00
2.589943908491963320e+00,2.590250956142451599e+00,9.211429514648372674e-04,-2.803797533346141790e-03,9.808117345418118305e+00
2.589953066218282807e+00,2.590250956142451599e+00,8.936697725063780240e-04,-2.747317895845924340e-03,9.808146351876661839e+00
2.589962038579789905e+00,2.590250956142451599e+00,8.667526879850839805e-04,-2.691708452129404350e-03,9.808175044235856177e+00
2.589970828445720574e+00,2.590250956142451599e+00,8.403830901930753328e-04,-2.636959779200864773e-03,9.808203423310992264e+00
2.589979438653982502e+00,2.590250956142451599e+00,8.145524654072922033e-04,-2.583062478578312948e-03,9.808231489986829033e+00
2.589987872011243031e+00,2.590250956142451599e+00,7.892523936257056505e-04,-2.530007178158655279e-03,9.808259245215467104e+00
2.589996131293025083e+00,2.590250956142451599e+00,7.644745482795478608e-04,-2.477784534615778966e-03,9.808286690013664710e+00
2.590004219243808414e+00,2.590250956142451599e+00,7.402106959295551292e-04,-2.426385234999273166e-03,9.808313825460931668e+00
2.590012138577137968e+00,2.590250956142451599e+00,7.164526959408945572e-04,-2.375799998866057194e-03,9.808340652697076223e+00
2.590019891975737121e+00,2.590250956142451599e+00,6.931925001434358080e-04,-2.326019579745874921e-03,9.808367172920398502e+00
2.590027482091628475e+00,2.590250956142451599e+00,6.704221524693743106e-04,-2.277034767406149740e-03,9.808393387385063278e+00
2.590034911546258201e+00,2.590250956142451599e+00,6.481337885801963239e-04,-2.228836388917798672e-03,9.808419297399662895e+00
2.590042182930627934e+00,2.590250956142451599e+00,6.263196354709954505e-04,-2.181415310920087336e-03,9.808444904324550961e+00
2.590049298805430222e+00,2.590250956142451599e+00,6.049720110641310100e-04,-2.134762440686444052e-03,9.808470209570378628e+00
2.590056261701189300e+00,2.590250956142451599e+00,5.840833237868992001e-04,-2.088868727723180996e-03,9.808495214596064216e+00
2.590063074118408082e+00,2.590250956142451599e+00,5.636460721305525112e-04,-2.043725165634668883e-03,9.808519920906496381e+00
2.590069738527717380e+00,2.590250956142451599e+00,5.436528442026578034e-04,-1.999322792789470782e-03,9.808544330051413240e+00
2.590076257370032220e+00,2.590250956142451599e+00,5.240963172581381002e-04,-1.955652694451970319e-03,9.808568443622807109e+00
2.590082633056709049e+00,2.590250956142451599e+00,5.049692572276498481e-04,-1.912706003048825210e-03,9.808592263254180210e+00
2.590088867969711384e+00,2.590250956142451599e+00,4.862645182206470906e-04,-1.870473900700275749e-03,9.808615790617521313e+00
2.590094964461775451e+00,2.590250956142451599e+00,4.679750420284456425e-04,-1.828947619220144816e-03,9.808639027422808354e+00
2.590100924856582054e+00,2.590250956142451599e+00,4.500938576086355170e-04,-1.788118441981012552e-03,9.808661975415628120e+00
2.590106751448930211e+00,2.590250956142451599e+00,4.326140805641642828e-04,-1.747977704447123415e-03,9.808684636376117538e+00
2.590112446504915678e+00,2.590250956142451599e+00,4.155289126077654771e-04,-1.708516795639880570e-03,9.808707012116968826e+00
2.590118012262113023e+00,2.590250956142451599e+00,3.988316410157288772e-04,-1.669727159203659994e-03,9.808729104481813010e+00
2.590123450929758597e+00,2.590250956142451599e+00,3.825156380790062371e-04,-1.631600293672264002e-03,9.808750915344408128e+00
2.590128764688938379e+00,2.590250956142451599e+00,3.665743605396620808e-04,-1.594127753934415637e-03,9.808772446606605300e+00
2.590133955692778933e+00,2.590250956142451599e+00,3.510013490179986206e-04,-1.557301152166346014e-03,9.808793700196851262e+00
2.590139026066639261e+00,2.590250956142451599e+00,3.357902274370161422e-04,-1.521112158098247846e-03,9.808814678069339266e+00
2.590143977908306194e+00,2.590250956142451599e+00,3.209347024362152467e-04,-1.485552500080089544e-03,9.808835382202357067e+00
2.590148813288193796e+00,2.590250956142451599e+00,3.064285627734086859e-04,-1.450613966280656086e-03,9.808855814596492806e+00
2.590153534249540979e+00,2.590250956142451599e+00,2.922656787318622662e-04,-1.416288404154641967e-03,9.808875977274578162e+00
2.590158142808615338e+00,2.590250956142451599e+00,2.784400015087840075e-04,-1.382567722307825875e-03,9.808895872279201456e+00
2.590162640954917883e+00,2.590250956142451599e+00,2.649455626011487652e-04,-1.349443890763524223e-03,9.808915501671837234e+00
2.590167030651387314e+00,2.590250956142451599e+00,2.517764731928551214e-04,-1.316908940829364383e-03,9.808934867532364876e+00
2.590171313834610078e+00,2.590250956142451599e+00,2.389269235245627954e-04,-1.284954966829232603e-03,9.808953971956695383e+00
2.590175492415028646e+00,2.590250956142451599e+00,2.263911822688591258e-04,-1.253574125570366959e-03,9.808972817056698545e+00
2.590179568277152899e+00,2.590250956142451599e+00,2.141635958960996788e-04,-1.222758637275944693e-03,9.808991404958620208e+00
2.590183543279772849e+00,2.590250956142451599e+00,2.022385880362520538e-04,-1.192500785984762501e-03,9.809009737802051987e+00
2.590187419256173129e+00,2.590250956142451599e+00,1.906106588354106179e-04,-1.162792920084143589e-03,9.809027817738751764e+00
2.590191198014347052e+00,2.590250956142451599e+00,1.792743843136435089e-04,-1.133627452176710904e-03,9.809045646932137430e+00
2.590194881337214206e+00,2.590250956142451599e+00,1.682244157121814965e-04,-1.104996860146201243e-03,9.809063227555565589e+00
2.590198470982837176e+00,2.590250956142451599e+00,1.574554788432713792e-04,-1.076893686891011725e-03,9.809080561791953201e+00
2.590201968684639144e+00,2.590250956142451599e+00,1.469623734373648460e-04,-1.049310540590653318e-03,9.809097651832846765e+00
2.590205376151624606e+00,2.590250956142451599e+00,1.367399724809814643e-04,-1.022240095638338175e-03,9.809114499876843141e+00
2.590208695068597855e+00,2.590250956142451599e+00,1.267832215612330060e-04,-9.956750919748458273e-04,9.809131108129587773e+00
2.590211927096383704e+00,2.590250956142451599e+00,1.170871382036864361e-04,-9.696083357546569914e-04,9.809147478802449527e+00
2.590215073872049967e+00,2.590250956142451599e+00,1.076468112048978298e-04,-9.440326998788606261e-04,9.809163614111326979e+00
2.590218137009127286e+00,2.590250956142451599e+00,9.845739997293989632e-05,-9.189411231957933524e-04,9.809179516276778088e+00
2.590221118097832509e+00,2.590250956142451599e+00,8.951413385727136074e-05,-8.943266115668535576e-04,9.809195187522291803e+00
2.590224018705289843e+00,2.590250956142451599e+00,8.081231148526768493e-05,-8.701822372003675810e-04,9.809210630074286286e+00
2.590226840375754680e+00,2.590250956142451599e+00,7.234730009075818202e-05,-8.465011394509502907e-04,9.809225846160639861e+00
2.590229584630835635e+00,2.590250956142451599e+00,6.411453484789220170e-05,-8.232765242865980326e-04,9.809240838010561347e+00
2.590232252969717486e+00,2.590250956142451599e+00,5.610951820234078014e-05,-8.005016645551421561e-04,9.809255607853646808e+00
2.590234846869384544e+00,2.590250956142451599e+00,4.832781920116602237e-05,-7.781699001174757768e-04,9.809270157919083744e+00
2.590237367784843592e+00,2.590250956142451599e+00,4.076507282402275223e-05,-7.562746377143270138e-04,9.809284490435111081e+00
2.590239817149346369e+00,2.590250956142451599e+00,3.341697931569242996e-05,-7.348093508330322265e-04,9.809298607628482713e+00
2.590242196374612060e+00,2.590250956142451599e+00,2.627930351861706981e-05,-7.137675797075360151e-04,9.809312511723812023e+00
2.590244506851049788e+00,2.590250956142451599e+00,1.934787420543315761e-05,-6.931429313183912200e-04,9.809326204942887983e+00
2.590246749947981986e+00,2.590250956142451599e+00,1.261858340884103313e-05,-6.729290796592124480e-04,9.809339689503749682e+00
2.590248927013864666e+00,2.590250956142451599e+00,6.087385760800145817e-06,-6.531197648040887316e-04,9.809352967620956321e+00
2.590251039376509468e+00,2.590250956142451599e+00,-2.497021736047599916e-07,-6.337087934404905809e-04,9.809366041504386402e+00
2.590253088343304366e+00,2.590250956142451599e+00,-6.396602558300656938e-06,-6.146900384695896946e-04,9.809378913358973051e+00
2.590255075201435275e+00,2.590250956142451599e+00,-1.235717695102778180e-05,-5.960574392727124859e-04,9.809391585383776757e+00
2.590257001218104538e+00,2.590250956142451599e+00,-1.813522695881530922e-05,-5.778050007787527420e-04,9.809404059772262485e+00
2.590258867640751195e+00,2.590250956142451599e+00,-2.373449489878609597e-05,-5.599267939970786756e-04,9.809416338711104189e+00
2.590260675697269033e+00,2.590250956142451599e+00,-2.915866445230008708e-05,-5.424169553513991104e-04,9.809428424380197242e+00
2.590262426596224632e+00,2.590250956142451599e+00,-3.441136131909772189e-05,-5.252696866797634812e-04,9.809440318952001192e+00
2.590264121527075414e+00,2.590250956142451599e+00,-3.949615387144334022e-05,-5.084792552345618333e-04,9.809452024590894936e+00
2.590265761660385468e+00,2.590250956142451599e+00,-4.441655380160725031e-05,-4.920399930163910085e-04,9.809463543453182055e+00
2.590267348148040938e+00,2.590250956142451599e+00,-4.917601676801552912e-05,-4.759462966408278817e-04,9.809474877686591654e+00
2.590268882123464955e+00,2.590250956142451599e+00,-5.377794304006755510e-05,-4.601926272052025979e-04,9.809486029429756115e+00
2.590270364701831696e+00,2.590250956142451599e+00,-5.822567814028900557e-05,-4.447735100221450466e-04,9.809497000811838063e+00
2.590271796980279984e+00,2.590250956142451599e+00,-6.252251348515258655e-05,-4.296835344863580985e-04,9.809507793952029431e+00
2.590273180038123346e+00,2.590250956142451599e+00,-6.667168701524062158e-05,-4.149173530088035022e-04,9.809518410959976009e+00
2.590274514937062733e+00,2.590250956142451599e+00,-7.067638383340124619e-05,-4.004696818160624616e-04,9.809528853934351034e+00
2.590275802721395682e+00,2.590250956142451599e+00,-7.453973683224646152e-05,-3.863352998845215325e-04,9.809539124963283285e+00
2.590277044418224595e+00,2.590250956142451599e+00,-7.826482731898565248e-05,-3.725090486739190965e-04,9.809549226124007149e+00
2.590278241037665907e+00,2.590250956142451599e+00,-8.185468564292364135e-05,-3.589858323937988871e-04,9.809559159481963775e+00
2.590279393573055700e+00,2.590250956142451599e+00,-8.531229181230060021e-05,-3.457606169376958860e-04,9.809568927091250501e+00
2.590280503001154422e+00,2.590250956142451599e+00,-8.864057610846742818e-05,-3.328284296166827971e-04,9.809578530994276235e+00
2.590281570282352508e+00,2.590250956142451599e+00,-9.184241970272566391e-05,-3.201843594258235726e-04,9.809587973220871504e+00
2.590282596360872880e+00,2.590250956142451599e+00,-9.492065526384152463e-05,-3.078235561115860719e-04,9.809597255788624182e+00
2.590283582164972120e+00,2.590250956142451599e+00,-9.787806756156314236e-05,-2.957412297721617733e-04,9.809606380702666328e+00
2.590284528607141645e+00,2.590250956142451599e+00,-1.007173940701378001e-04,-2.839326508574657737e-04,9.809615349955073782e+00
2.590285436584306655e+00,2.590250956142451599e+00,-1.034413255651678298e-04,-2.723931495030029737e-04,9.809624165524931882e+00
2.590286306978024200e+00,2.590250956142451599e+00,-1.060525067178019754e-04,-2.611181152634145519e-04,9.809632829378019281e+00
2.590287140654679465e+00,2.590250956142451599e+00,-1.085535366835976845e-04,-2.501029965795709131e-04,9.809641343466736885e+00
2.590287938465681172e+00,2.590250956142451599e+00,-1.109469696887188661e-04,-2.393433005121181623e-04,9.809649709729800549e+00
2.590288701247656089e+00,2.590250956142451599e+00,-1.132353156134691119e-04,-2.288345924750245786e-04,9.809657930091912448e+00
2.590289429822639988e+00,2.590250956142451599e+00,-1.154210405651667770e-04,-2.185724951697665119e-04,9.809666006464265564e+00
2.590290124998270382e+00,2.590250956142451599e+00,-1.175065674563491314e-04,-2.085526891182354348e-04,9.809673940743426357e+00
2.590290787567975261e+00,2.590250956142451599e+00,-1.194942765709861021e-04,-1.987709114636970753e-04,9.809681734811965370e+00
2.590291418311161387e+00,2.590250956142451599e+00,-1.213865061293617487e-04,-1.892229558375646548e-04,9.809689390538032683e+00
2.590292017993401252e+00,2.590250956142451599e+00,-1.231855528489589346e-04,-1.799046719597185984e-04,9.809696909775190932e+00
2.590292587366618715e+00,2.590250956142451599e+00,-1.248936725013471971e-04,-1.708119652388262466e-04,9.809704294362260768e+00
2.590293127169272402e+00,2.590250956142451599e+00,-1.265130804624092775e-04,-1.619407961062080403e-04,9.809711546123430992e+00
2.590293638126538234e+00,2.590250956142451599e+00,-1.280459522599031175e-04,-1.532871797493839949e-04,9.809718666867990322e+00
2.590294120950491052e+00,2.590250956142451599e+00,-1.294944241183593192e-04,-1.448471858456201744e-04,9.809725658390036074e+00
2.590294576340282706e+00,2.590250956142451599e+00,-1.308605934933204651e-04,-1.366169374961145877e-04,9.809732522469010618e+00
2.590295004982321458e+00,2.590250956142451599e+00,-1.321465196095772399e-04,-1.285926116256774776e-04,9.809739260868765243e+00
2.590295407550446960e+00,2.590250956142451599e+00,-1.333542239860818768e-04,-1.207704376504636912e-04,9.809745875338364840e+00
2.590295784706106108e+00,2.590250956142451599e+00,-1.344856909635261388e-04,-1.131466977444262056e-04,9.809752367611292101e+00
2.590296137098526685e+00,2.590250956142451599e+00,-1.355428682252579620e-04,-1.057177261731823137e-04,9.809758739405602057e+00
2.590296465364887890e+00,2.590250956142451599e+00,-1.365276673088722248e-04,-9.847990836142628268e-05,9.809764992424330643e+00
2.590296770130491311e+00,2.590250956142451599e+00,-1.374419641191337860e-04,-9.142968102615611770e-05,9.809771128354855207e+00
2.590297052008930123e+00,2.590250956142451599e+00,-1.382875994355714511e-04,-8.456353164376650966e-05,9.809777148868921159e+00
2.590297311602256070e+00,2.590250956142451599e+00,-1.390663794134106013e-04,-7.787799778391502059e-05,9.809783055622803616e+00
2.590297549501144214e+00,2.590250956142451599e+00,-1.397800760778444840e-04,-7.136966644338826882e-05,9.809788850257479709e+00
2.590297766285058145e+00,2.590250956142451599e+00,-1.404304278196377709e-04,-6.503517417932869193e-05,9.809794534398001531e+00
2.590297962522411623e+00,2.590250956142451599e+00,-1.410191398800719753e-04,-5.887120604342044317e-05,9.809800109654077005e+00
2.590298138770730674e+00,2.590250956142451599e+00,-1.415478848372231369e-04,-5.287449571511615432e-05,9.809805577619448158e+00
2.590298295576811682e+00,2.590250956142451599e+00,-1.420183030802490975e-04,-4.704182430259606917e-05,9.809810939872617652e+00
2.590298433476879936e+00,2.590250956142451599e+00,-1.424320032850090456e-04,-4.137002047599480647e-05,9.809816197976239494e+00
2.590298552996745940e+00,2.590250956142451599e+00,-1.427905628830217211e-04,-3.585595980126754512e-05,9.809821353477316208e+00
2.590298654651959520e+00,2.590250956142451599e+00,-1.430955285237622832e-04,-3.049656407405620939e-05,9.809826407907403123e+00
2.590298738947963919e+00,2.590250956142451599e+00,-1.433484165369591778e-04,-2.528880131968946898e-05,9.809831362782144737e+00
2.590298806380246344e+00,2.590250956142451599e+00,-1.435507133842328642e-04,-2.022968472736863532e-05,9.809836219601889340e+00
2.590298857434488955e+00,2.590250956142451599e+00,-1.437038761120668084e-04,-1.531627278339442455e-05,9.809840979851104592e+00
2.590298892586716750e+00,2.590250956142451599e+00,-1.438093327954526046e-04,-1.054566833857961683e-05,9.809845644998866021e+00
2.590298912303444556e+00,2.590250956142451599e+00,-1.438684829788705599e-04,-5.915018341795530432e-06,9.809850216498679387e+00
2.590298917041822246e+00,2.590250956142451599e+00,-1.438826981119412096e-04,-1.421513307064969922e-06,9.809854695788581935e+00
2.590298907249778626e+00,2.590250956142451599e+00,-1.438533219810800290e-04,2.937613086118062711e-06,9.809859084291105091e+00
2.590298883366164429e+00,2.590250956142451599e+00,-1.437816711384876101e-04,7.165084259241893960e-06,9.809863383413121696e+00
2.590298845820891316e+00,2.590250956142451599e+00,-1.436690353191494296e-04,1.126358193381804540e-05,9.809867594546615166e+00
2.590298795035073098e+00,2.590250956142451599e+00,-1.435166778644969554e-04,1.523574546524741891e-05,9.809871719067601248e+00
2.590298731421161627e+00,2.590250956142451599e+00,-1.433258361300815409e-04,1.908417344154145212e-05,9.809875758337312845e+00
2.590298655383083570e+00,2.590250956142451599e+00,-1.430977218959128550e-04,2.281142341686859254e-05,9.809879713701521453e+00
2.590298567316375866e+00,2.590250956142451599e+00,-1.428335217728005091e-04,2.642001231123458638e-05,9.809883586490538931e+00
2.590298467608317168e+00,2.590250956142451599e+00,-1.425343975967052756e-04,2.991241760952334516e-05,9.809887378020013315e+00
2.590298356638060628e+00,2.590250956142451599e+00,-1.422014868270871091e-04,3.329107696181665688e-05,9.809891089590134783e+00
2.590298234776763131e+00,2.590250956142451599e+00,-1.418359029345950262e-04,3.655838924920828958e-05,9.809894722486315999e+00
2.590298102387714074e+00,2.590250956142451599e+00,-1.414387357874247186e-04,3.971671471703075440e-05,9.809898277978930992e+00
2.590297959826462826e+00,2.590250956142451599e+00,-1.410110520336793627e-04,4.276837537453559435e-05,9.809901757323341798e+00
2.590297807440943956e+00,2.590250956142451599e+00,-1.405538954770690907e-04,4.571565566102719913e-05,9.809905161760184455e+00
2.590297645571601137e+00,2.590250956142451599e+00,-1.400682874486136598e-04,4.856080284554309401e-05,9.809908492515397427e+00
2.590297474551509715e+00,2.590250956142451599e+00,-1.395552271743483175e-04,5.130602742653422865e-05,9.809911750800253571e+00
2.590297294706498388e+00,2.590250956142451599e+00,-1.390156921403651324e-04,5.395350339831850306e-05,9.809914937811258895e+00
2.590297106355268220e+00,2.590250956142451599e+00,-1.384506384498607190e-04,5.650536905044134528e-05,9.809918054730601966e+00
2.590296909809511217e+00,2.590250956142451599e+00,-1.378610011788516942e-04,5.896372710090247438e-05,9.809921102725922992e+00
2.590296705374026676e+00,2.590250956142451599e+00,-1.372476947252287971e-04,6.133064536228971519e-05,9.809924082950637114e+00
2.590296493346837092e+00,2.590250956142451599e+00,-1.366116131564787395e-04,6.360815687500576132e-05,9.809926996543719468e+00
2.590296274019302292e+00,2.590250956142451599e+00,-1.359536305520769872e-04,6.579826044017522690e-05,9.809929844629888152e+00
2.590296047676230451e+00,2.590250956142451599e+00,-1.352746013365546673e-04,6.790292155223198733e-05,9.809932628320215287e+00
2.590295814595990453e+00,2.590250956142451599e+00,-1.345753606165622784e-04,6.992407199923889038e-05,9.809935348711382730e+00
2.590295575050621579e+00,2.590250956142451599e+00,-1.338567245099397951e-04,7.186361066224833394e-05,9.809938006886152806e+00
2.590295329305941419e+00,2.590250956142451599e+00,-1.331194904694577019e-04,7.372340404820931781e-05,9.809940603913579693e+00
2.590295077621652453e+00,2.590250956142451599e+00,-1.323644376025612246e-04,7.550528668964773260e-05,9.809943140849087584e+00
2.590294820251448638e+00,2.590250956142451599e+00,-1.315923269911145610e-04,7.721106114466635972e-05,9.809945618734154493e+00
2.590294557443117984e+00,2.590250956142451599e+00,-1.308039019991547036e-04,7.884249919598573797e-05,9.809948038597196884e+00
2.590294289438646924e+00,2.590250956142451599e+00,-1.299998885859743325e-04,8.040134131803711171e-05,9.809950401452733004e+00
2.590294016474321559e+00,2.590250956142451599e+00,-1.291809956098788348e-04,8.188929760954977155e-05,9.809952708301999280e+00
2.590293738780826249e+00,2.590250956142451599e+00,-1.283479151239497185e-04,8.330804859291163211e-05,9.809954960133469015e+00
2.590293456583344422e+00,2.590250956142451599e+00,-1.275013226784693643e-04,8.465924454803541721e-05,9.809957157921870063e+00
2.590293170101654496e+00,2.590250956142451599e+00,-1.266418776086908338e-04,8.594450697785305238e-05,9.809959302629369660e+00
2.590292879550227578e+00,2.590250956142451599e+00,-1.257702233279367476e-04,8.716542807540861304e-05,9.809961395204748413e+00
2.590292585138321169e+00,2.590250956142451599e+00,-1.248869876087077557e-04,8.832357192289919112e-05,9.809963436584315133e+00
2.590292287070073307e+00,2.590250956142451599e+00,-1.239927828651232744e-04,8.942047435844813208e-05,9.809965427691494710e+00
2.590291985544594500e+00,2.590250956142451599e+00,-1.230882064287008859e-04,9.045764364223884968e-05,9.809967369437213591e+00
2.590291680756059201e+00,2.590250956142451599e+00,-1.221738408228034700e-04,9.143656058974158896e-05,9.809969262719768324e+00
2.590291372893795963e+00,2.590250956142451599e+00,-1.212502540330895329e-04,9.235867897139371507e-05,9.809971108424939246e+00
2.590291062142375367e+00,2.590250956142451599e+00,-1.203179997713021976e-04,9.322542617873352810e-05,9.809972907426407929e+00
2.590290748681697508e+00,2.590250956142451599e+00,-1.193776177377259273e-04,9.403820335762702598e-05,9.809974660585620398e+00
2.590290432687078148e+00,2.590250956142451599e+00,-1.184296338796464454e-04,9.479838580794819336e-05,9.809976368751929243e+00
2.590290114329333981e+00,2.590250956142451599e+00,-1.174745606471461201e-04,9.550732325003252754e-05,9.809978032762604272e+00
2.590289793774866123e+00,2.590250956142451599e+00,-1.165128972435702792e-04,9.616634035758409027e-05,9.809979653443114955e+00
2.590289471185742265e+00,2.590250956142451599e+00,-1.155451298719967212e-04,9.677673715735579663e-05,9.809981231607284968e+00
2.590289146719779279e+00,2.590250956142451599e+00,-1.145717319830374947e-04,9.733978889592265205e-05,9.809982768056913827e+00
2.590288820530621816e+00,2.590250956142451599e+00,-1.135931645106502685e-04,9.785674723872261893e-05,9.809984263582729014e+00
2.590288492767822692e+00,2.590250956142451599e+00,-1.126098761132787729e-04,9.832883973714956483e-05,9.809985718963623924e+00
2.590288163576920155e+00,2.590250956142451599e+00,-1.116223034056673669e-04,9.875727076114060310e-05,9.809987134967355971e+00
2.590287833099514270e+00,2.590250956142451599e+00,-1.106308711880110707e-04,9.914322176562961886e-05,9.809988512350578560e+00
2.590287501473343301e+00,2.590250956142451599e+00,-1.096359926751055980e-04,9.948785129054726895e-05,9.809989851858615495e+00
2.590287168832358322e+00,2.590250956142451599e+00,-1.086380697201683176e-04,9.979229549372803376e-05,9.809991154225773613e+00
2.590286835306796043e+00,2.590250956142451599e+00,-1.076374930333301450e-04,1.000576686838172691e-04,9.809992420175650096e+00
2.590286501023251198e+00,2.590250956142451599e+00,-1.066346423987951653e-04,1.002850634534979690e-04,9.809993650421056088e+00
2.590286166104748489e+00,2.590250956142451599e+00,-1.056298868906679900e-04,1.004755508127175290e-04,9.809994845663922547e+00
2.590285830670812306e+00,2.590250956142451599e+00,-1.046235850821197744e-04,1.006301808548215604e-04,9.809996006595772755e+00
2.590285494837535563e+00,2.590250956142451599e+00,-1.036160852518897002e-04,1.007499830230074167e-04,9.809997133897772059e+00
2.590285158717648528e+00,2.590250956142451599e+00,-1.026077255907864583e-04,1.008359661103241933e-04,9.809998228240520035e+00
2.590284822420585442e+00,2.590250956142451599e+00,-1.015988344015283928e-04,1.008891189258065424e-04,9.809999290284524776e+00
2.590284486052551127e+00,2.590250956142451599e+00,-1.005897302985836461e-04,1.009104102944746728e-04,9.810000320679996832e+00
2.590284149716584494e+00,2.590250956142451599e+00,-9.958072239868442921e-05,1.009007899899216909e-04,9.810001320067591735e+00
2.590283813512624711e+00,2.590250956142451599e+00,-9.857211051933489898e-05,1.008611879349530227e-04,9.810002289077417004e+00
2.590283477537572931e+00,2.590250956142451599e+00,-9.756418536399635855e-05,1.007925155338540435e-04,9.810003228330170799e+00
2.590283141885354024e+00,2.590250956142451599e+00,-9.655722870727245777e-05,1.006956656723900778e-04,9.810004138436966059e+00
2.590282806646978742e+00,2.590250956142451599e+00,-9.555151358142666140e-05,1.005715125845796365e-04,9.810005019999003650e+00
2.590282471910603235e+00,2.590250956142451599e+00,-9.454730445490611146e-05,1.004209126520549944e-04,9.810005873608197646e+00
2.590282137761588555e+00,2.590250956142451599e+00,-9.354485741086548956e-05,1.002447044040621904e-04,9.810006699846994138e+00
2.590281804282558831e+00,2.590250956142451599e+00,-9.254442032169407639e-05,1.000437089171413163e-04,9.810007499288595056e+00
2.590281471553457671e+00,2.590250956142451599e+00,-9.154623301821374071e-05,9.981873034803356859e-05,9.810008272497331205e+00
2.590281139651606335e+00,2.590250956142451599e+00,-9.055052746420599874e-05,9.957055540077419664e-05,9.810009020027937510e+00
2.590280808651757916e+00,2.590250956142451599e+00,-8.955752791894866505e-05,9.929995452573336934e-05,9.810009742426608170e+00
2.590280478626151961e+00,2.590250956142451599e+00,-8.856745110108477093e-05,9.900768178638941208e-05,9.810010440230685802e+00
2.590280149644569097e+00,2.590250956142451599e+00,-8.758050635249148286e-05,9.869447485932880682e-05,9.810011113968506891e+00
2.590279821774383429e+00,2.590250956142451599e+00,-8.659689579548768279e-05,9.836105570038000678e-05,9.810011764159906278e+00
2.590279495080613614e+00,2.590250956142451599e+00,-8.561681448604474554e-05,9.800813094429372541e-05,9.810012391316458746e+00
2.590279169625975264e+00,2.590250956142451599e+00,-8.464045057099411906e-05,9.763639150506264741e-05,9.810012995940933678e+00
2.590278845470931124e+00,2.590250956142451599e+00,-8.366798543857356663e-05,9.724651324205524361e-05,9.810013578527804867e+00
2.590278522673739925e+00,2.590250956142451599e+00,-8.269959386497660603e-05,9.683915735969605976e-05,9.810014139563495661e+00
2.590278201290504789e+00,2.590250956142451599e+00,-8.173544415956968123e-05,9.641497054069247952e-05,9.810014679526382508e+00
2.590277881375222524e+00,2.590250956142451599e+00,-8.077569831277386925e-05,9.597458467958119854e-05,9.810015198886366861e+00
2.590277562979828918e+00,2.590250956142451599e+00,-7.982051213195617834e-05,9.551861808176909108e-05,9.810015698105949866e+00
2.590277246154245816e+00,2.590250956142451599e+00,-7.887003538264991676e-05,9.504767493062615813e-05,9.810016177639548474e+00
2.590276930946426415e+00,2.590250956142451599e+00,-7.792441192444599096e-05,9.456234582039257930e-05,9.810016637933896888e+00
2.590276617402400561e+00,2.590250956142451599e+00,-7.698377984688420383e-05,9.406320775617871277e-05,9.810017079427909792e+00
2.590276305566317383e+00,2.590250956142451599e+00,-7.604827159735094710e-05,9.355082495332567305e-05,9.810017502553357360e+00
2.590275995480489701e+00,2.590250956142451599e+00,-7.511801411430596431e-05,9.302574830449827914e-05,9.810017907734190246e+00
2.590275687185435327e+00,2.590250956142451599e+00,-7.419312895118324036e-05,9.248851631227239523e-05,9.810018295387362031e+00
2.590275380719919696e+00,2.590250956142451599e+00,-7.327373240428869394e-05,9.193965468945464181e-05,9.810018665922285663e+00
2.590275076120996278e+00,2.590250956142451599e+00,-7.235993563403653184e-05,9.137967702521621050e-05,9.810019019741391233e+00
2.590274773424046995e+00,2.590250956142451599e+00,-7.145184478618560320e-05,9.080908478509286397e-05,9.810019357239999849e+00
2.590274472662821736e+00,2.590250956142451599e+00,-7.054956111041121858e-05,9.022836757743846192e-05,9.810019678806467525e+00
2.590274173869477004e+00,2.590250956142451599e+00,-6.965318107621243371e-05,8.963800341987848697e-05,9.810019984822343275e+00
2.590273877074614539e+00,2.590250956142451599e+00,-6.876279648881933326e-05,8.903845873931004462e-05,9.810020275662250100e+00
2.590273582307318634e+00,2.590250956142451599e+00,-6.787849460110351174e-05,8.843018877158215219e-05,9.810020551694170976e+00
2.590273289595192097e+00,2.590250956142451599e+00,-6.700035822149175146e-05,8.781363796117602760e-05,9.810020813279740182e+00
2.590272998964393558e+00,2.590250956142451599e+00,-6.612846582587650346e-05,8.718923956152480059e-05,9.810021060773735257e+00
2.590272710439672110e+00,2.590250956142451599e+00,-6.526289166153276255e-05,8.655741643437409039e-05,9.810021294524773339e+00
2.590272424044403277e+00,2.590250956142451599e+00,-6.440370585503174539e-05,8.591858065010171686e-05,9.810021514874796011e+00
2.590272139800621876e+00,2.590250956142451599e+00,-6.355097451082869497e-05,8.527313442030504120e-05,9.810021722159909530e+00
2.590271857729056659e+00,2.590250956142451599e+00,-6.270475981517975583e-05,8.462146956489391414e-05,9.810021916709750656e+00
2.590271577849162288e+00,2.590250956142451599e+00,-6.186512013206524330e-05,8.396396831145125361e-05,9.810022098848179439e+00
2.590271300179152636e+00,2.590250956142451599e+00,-6.103211010310971574e-05,8.330100289555275594e-05,9.810022268892792496e+00
2.590271024736032324e+00,2.590250956142451599e+00,-6.020578074217297626e-05,8.263293609367394765e-05,9.810022427155352887e+00
2.590270751535627802e+00,2.590250956142451599e+00,-5.938617952860880678e-05,8.196012135641694840e-05,9.810022573941829194e+00
2.590270480592617108e+00,2.590250956142451599e+00,-5.857335049652689918e-05,8.128290320819075987e-05,9.810022709552711717e+00
2.590270211920561838e+00,2.590250956142451599e+00,-5.776733433071612467e-05,8.060161658107745097e-05,9.810022834282250415e+00
2.590269945531934681e+00,2.590250956142451599e+00,-5.696816844924512679e-05,7.991658814709978742e-05,9.810022948419698352e+00
2.590269681438149618e+00,2.590250956142451599e+00,-5.617588709405652025e-05,7.922813551886065397e-05,9.810023052248425302e+00
2.590269419649589455e+00,2.590250956142451599e+00,-5.539052141356748393e-05,7.853656804890363219e-05,9.810023146046635389e+00
2.590269160175633800e+00,2.590250956142451599e+00,-5.461209954660262156e-05,7.784218669648623745e-05,9.810023230087150381e+00
2.590268903024687042e+00,2.590250956142451599e+00,-5.384064670632682237e-05,7.714528402757991898e-05,9.810023304637322639e+00
2.590268648204204105e+00,2.590250956142451599e+00,-5.307618525751678362e-05,7.644614488100387462e-05,9.810023369959623096e+00
2.590268395720717098e+00,2.590250956142451599e+00,-5.231873479649706837e-05,7.574504610197152488e-05,9.810023426311305528e+00
2.590268145579861070e+00,2.590250956142451599e+00,-5.156831222841162798e-05,7.504225680854403890e-05,9.810023473944580630e+00
2.590267897786399320e+00,2.590250956142451599e+00,-5.082493184316305701e-05,7.433803852485709740e-05,9.810023513106681747e+00
2.590267652344248273e+00,2.590250956142451599e+00,-5.008860539001958045e-05,7.363264531434765559e-05,9.810023544039925270e+00
2.590267409256501452e+00,2.590250956142451599e+00,-4.935934214955750576e-05,7.292632404620746911e-05,9.810023566981897147e+00
2.590267168525452579e+00,2.590250956142451599e+00,-4.863714900293913956e-05,7.221931466183661996e-05,9.810023582165658951e+00
2.590266930152620439e+00,2.590250956142451599e+00,-4.792203050651977492e-05,7.151184964193646465e-05,9.810023589819135026e+00
2.590266694138770198e+00,2.590250956142451599e+00,-4.721398895579653754e-05,7.080415507232373784e-05,9.810023590166117913e+00
2.590266460483936495e+00,2.590250956142451599e+00,-4.651302445468630253e-05,7.009645011102350054e-05,9.810023583425657279e+00
2.590266229187445202e+00,2.590250956142451599e+00,-4.581913498080680824e-05,6.938894738794942896e-05,9.810023569812408084e+00
2.590266000247935185e+00,2.590250956142451599e+00,-4.513231645075777010e-05,6.868185300490381451e-05,9.810023549536554199e+00
2.590265773663379179e+00,2.590250956142451599e+00,-4.445256278273745920e-05,6.797536680203108972e-05,9.810023522804019791e+00
2.590265549431103320e+00,2.590250956142451599e+00,-4.377986595516247803e-05,6.726968275749811710e-05,9.810023489816803277e+00
2.590265327547809360e+00,2.590250956142451599e+00,-4.311421607328114192e-05,6.656498818813361140e-05,9.810023450772115794e+00
2.590265108009592421e+00,2.590250956142451599e+00,-4.245560142246418422e-05,6.586146508169576919e-05,9.810023405863660173e+00
2.590264890811961873e+00,2.590250956142451599e+00,-4.180400853082133494e-05,6.515928916428492812e-05,9.810023355280634405e+00
2.590264675949859541e+00,2.590250956142451599e+00,-4.115942222382429350e-05,6.445863069970414472e-05,9.810023299208475933e+00
2.590264463417677909e+00,2.590250956142451599e+00,-4.052182567892970155e-05,6.375965448945919434e-05,9.810023237828811915e+00
2.590264253209279222e+00,2.590250956142451599e+00,-3.989120048286665110e-05,6.306251960630504527e-05,9.810023171319123492e+00
2.590264045318012354e+00,2.590250956142451599e+00,-3.926752668226285437e-05,6.236738006037967352e-05,9.810023099853378170e+00
2.590263839736731022e+00,2.590250956142451599e+00,-3.865078283826761663e-05,6.167438439952377394e-05,9.810023023601562642e+00
2.590263636457809771e+00,2.590250956142451599e+00,-3.804094607451347088e-05,6.098367637541457498e-05,9.810022942730300954e+00
2.590263435473161291e+00,2.590250956142451599e+00,-3.743799212907461538e-05,6.029539454388554987e-05,9.810022857402415752e+00
2.590263236774253297e+00,2.590250956142451599e+00,-3.684189540509308358e-05,5.960967239815317953e-05,9.810022767776994002e+00
2.590263040352122736e+00,2.590250956142451599e+00,-3.625262901341130828e-05,5.892663916817753034e-05,9.810022674010156152e+00
2.590262846197393554e+00,2.590250956142451599e+00,-3.567016482586282677e-05,5.824641875484815046e-05,9.810022576253929927e+00
2.590262654300289569e+00,2.590250956142451599e+00,-3.509447351390804215e-05,5.756913119547846236e-05,9.810022474657682068e+00
2.590262464650651353e+00,2.590250956142451599e+00,-3.452552459926039319e-05,5.689489146476489623e-05,9.810022369366866002e+00
2.590262277237949995e+00,2.590250956142451599e+00,-3.396328649518665088e-05,5.622381040737423064e-05,9.810022260523911797e+00
2.590262092051300868e+00,2.590250956142451599e+00,-3.340772654780721496e-05,5.555599473794359255e-05,9.810022148268190634e+00
2.590261909079478730e+00,2.590250956142451599e+00,-3.285881108139321327e-05,5.489154664140016848e-05,9.810022032735560060e+00
2.590261728310930156e+00,2.590250956142451599e+00,-3.231650543566999545e-05,5.423056457232178218e-05,9.810021914059136705e+00
2.590261549733787305e+00,2.590250956142451599e+00,-3.178077400711742939e-05,5.357314285525660580e-05,9.810021792368848637e+00
2.590261373335881245e+00,2.590250956142451599e+00,-3.125158028893793016e-05,5.291937181794992284e-05,9.810021667791529509e+00
2.590261199104754386e+00,2.590250956142451599e+00,-3.072888690835995362e-05,5.226933805779765407e-05,9.810021540451149491e+00
2.590261027027672913e+00,2.590250956142451599e+00,-3.021265566394149005e-05,5.162312444184635751e-05,9.810021410468777958e+00
2.590260857091638336e+00,2.590250956142451599e+00,-2.970284756020902250e-05,5.098081037324675435e-05,9.810021277962814423e+00
2.590260689283399920e+00,2.590250956142451599e+00,-2.919942284496102047e-05,5.034247152480020304e-05,9.810021143048679448e+00
2.590260523589466235e+00,2.590250956142451599e+00,-2.870234104390689822e-05,4.970818010541222520e-05,9.810021005839061559e+00
2.590260359996116701e+00,2.590250956142451599e+00,-2.821156099530597317e-05,4.907800486009250562e-05,9.810020866443865728e+00
2.590260198489411358e+00,2.590250956142451599e+00,-2.772704087927735372e-05,4.845201160286194408e-05,9.810020724970723194e+00
2.590260039055203301e+00,2.590250956142451599e+00,-2.724873825510343295e-05,4.783026241739207762e-05,9.810020581524163674e+00
2.590259881679147558e+00,2.590250956142451599e+00,-2.677661008787524111e-05,4.721281672281918418e-05,9.810020436206634997e+00
2.590259726346712199e+00,2.590250956142451599e+00,-2.631061278179913643e-05,4.659973060761046781e-05,9.810020289117826309e+00
2.590259573043188990e+00,2.590250956142451599e+00,-2.585070221217122821e-05,4.599105696279082167e-05,9.810020140354751561e+00
2.590259421753700941e+00,2.590250956142451599e+00,-2.539683374802592652e-05,4.538684641453016866e-05,9.810019990012666113e+00
2.590259272463214302e+00,2.590250956142451599e+00,-2.494896228810716821e-05,4.478714599187583190e-05,9.810019838183704266e+00
2.590259125156546105e+00,2.590250956142451599e+00,-2.450704228351696656e-05,4.419200045902016427e-05,9.810019684958176001e+00
2.590258979818373497e+00,2.590250956142451599e+00,-2.407102776569303160e-05,4.360145178239349661e-05,9.810019530424018086e+00
2.590258836433243506e+00,2.590250956142451599e+00,-2.364087237571865785e-05,4.301553899743737475e-05,9.810019374666621772e+00
2.590258694985580146e+00,2.590250956142451599e+00,-2.321652938563900648e-05,4.243429900796513721e-05,9.810019217769623268e+00
2.590258555459693746e+00,2.590250956142451599e+00,-2.279795172643872547e-05,4.185776592002810048e-05,9.810019059814194975e+00
2.590258417839788496e+00,2.590250956142451599e+00,-2.238509201069049936e-05,4.128597157482261082e-05,9.810018900879564185e+00
2.590258282109971333e+00,2.590250956142451599e+00,-2.197790255920040181e-05,4.071894514900975537e-05,9.810018741042590307e+00
2.590258148254258597e+00,2.590250956142451599e+00,-2.157633542099191004e-05,4.015671382084917695e-05,9.810018580378400799e+00
2.590258016256583584e+00,2.590250956142451599e+00,-2.118034239595445456e-05,3.959930250374554817e-05,9.810018418960108733e+00
2.590257886100804541e+00,2.590250956142451599e+00,-2.078987505882423648e-05,3.904673371302180840e-05,9.810018256858654695e+00
2.590257757770711322e+00,2.590250956142451599e+00,-2.040488477916824195e-05,3.849902796559945273e-05,9.810018094143186929e+00
2.590257631250032500e+00,2.590250956142451599e+00,-2.002532274270052426e-05,3.795620364677176894e-05,9.810017930880905013e+00
2.590257506522442021e+00,2.590250956142451599e+00,-1.965113997126621825e-05,3.741827714343060052e-05,9.810017767137171774e+00
2.590257383571564986e+00,2.590250956142451599e+00,-1.928228734016101953e-05,3.688526311051987250e-05,9.810017602975770856e+00
2.590257262380985637e+00,2.590250956142451599e+00,-1.891871560211200176e-05,3.635717380490177675e-05,9.810017438458203287e+00
2.590257142934252244e+00,2.590250956142451599e+00,-1.856037540193256064e-05,3.583402001794411262e-05,9.810017273644616509e+00
2.590257025214883324e+00,2.590250956142451599e+00,-1.820721729517416065e-05,3.531581067583999811e-05,9.810017108593381607e+00
2.590256909206373415e+00,2.590250956142451599e+00,-1.785919176544581433e-05,3.480255297283463278e-05,9.810016943361208774e+00
2.590256794892199732e+00,2.590250956142451599e+00,-1.751624924439809661e-05,3.429425210477177188e-05,9.810016778002861315e+00
2.590256682255826171e+00,2.590250956142451599e+00,-1.717834012371355357e-05,3.379091206845430406e-05,9.810016612571946126e+00
2.590256571280709963e+00,2.590250956142451599e+00,-1.684541477509071683e-05,3.329253486228367365e-05,9.810016447120087690e+00
2.590256461950305678e+00,2.590250956142451599e+00,-1.651742356223451225e-05,3.279912128562045837e-05,9.810016281697723883e+00
2.590256354248071435e+00,2.590250956142451599e+00,-1.619431685950800670e-05,3.231067027265055458e-05,9.810016116353413196e+00
2.590256248157472463e+00,2.590250956142451599e+00,-1.587604506259054915e-05,3.182717969174575501e-05,9.810015951134630541e+00
2.590256143661986865e+00,2.590250956142451599e+00,-1.556255860579724981e-05,3.134864567932993396e-05,9.810015786087074474e+00
2.590256040745110067e+00,2.590250956142451599e+00,-1.525380797540165645e-05,3.087506303955933618e-05,9.810015621255065099e+00
2.590255939390358808e+00,2.590250956142451599e+00,-1.494974372162616305e-05,3.040642537754933983e-05,9.810015456681655976e+00
2.590255839581275588e+00,2.590250956142451599e+00,-1.465031647196468612e-05,2.994272496614769352e-05,9.810015292408493792e+00
2.590255741301433101e+00,2.590250956142451599e+00,-1.435547694450534095e-05,2.948395274593451632e-05,9.810015128475802371e+00
2.590255644534438240e+00,2.590250956142451599e+00,-1.406517595992085035e-05,2.903009845844906067e-05,9.810014964922498137e+00
2.590255549263935642e+00,2.590250956142451599e+00,-1.377936445212668559e-05,2.858115077941647542e-05,9.810014801786326899e+00
2.590255455473611690e+00,2.590250956142451599e+00,-1.349799348027147516e-05,2.813709718552104277e-05,9.810014639103705747e+00
2.590255363147198064e+00,2.590250956142451599e+00,-1.322101423939514575e-05,2.769792408763294134e-05,9.810014476909849179e+00
2.590255272268475739e+00,2.590250956142451599e+00,-1.294837807241933092e-05,2.726361669758148309e-05,9.810014315238625215e+00
2.590255182821277202e+00,2.590250956142451599e+00,-1.268003647680870927e-05,2.683415956106216527e-05,9.810014154123084751e+00
2.590255094789490897e+00,2.590250956142451599e+00,-1.241594111789368071e-05,2.640953589150285552e-05,9.810013993594774107e+00
2.590255008157063887e+00,2.590250956142451599e+00,-1.215604383686397227e-05,2.598972810297084379e-05,9.810013833684266160e+00
2.590254922908005408e+00,2.590250956142451599e+00,-1.190029666142677911e-05,2.557471754371931638e-05,9.810013674420883234e+00
2.590254839026389089e+00,2.590250956142451599e+00,-1.164865181246810266e-05,2.516448489586764481e-05,9.810013515833084341e+00
2.590254756496356059e+00,2.590250956142451599e+00,-1.140106171337862406e-05,2.475900990894785991e-05,9.810013357948196955e+00
2.590254675302117615e+00,2.590250956142451599e+00,-1.115747899804730991e-05,2.435827153313141480e-05,9.810013200792536026e+00
2.590254595427958773e+00,2.590250956142451599e+00,-1.091785652151955333e-05,2.396224765277565893e-05,9.810013044391132198e+00
2.590254516858238709e+00,2.590250956142451599e+00,-1.068214736132944154e-05,2.357091601901117883e-05,9.810012888768657291e+00
2.590254439577395651e+00,2.590250956142451599e+00,-1.045030483215469985e-05,2.318425291747416850e-05,9.810012733948084929e+00
2.590254363569947316e+00,2.590250956142451599e+00,-1.022228248714895926e-05,2.280223450057405898e-05,9.810012579952013922e+00
2.590254288820494466e+00,2.590250956142451599e+00,-9.998034128599897485e-06,2.242483585490617770e-05,9.810012426801726804e+00
2.590254215313721797e+00,2.590250956142451599e+00,-9.777513810593774224e-06,2.205203180061232615e-05,9.810012274517990960e+00
2.590254143034400602e+00,2.590250956142451599e+00,-9.560675847009036943e-06,2.168379635847372811e-05,9.810012123120511518e+00
2.590254071967391436e+00,2.590250956142451599e+00,-9.347474819509926647e-06,2.132010274991102960e-05,9.810011972627931343e+00
2.590254002097645447e+00,2.590250956142451599e+00,-9.137865581543280769e-06,2.096092379666458783e-05,9.810011823058214731e+00
2.590253933410205267e+00,2.590250956142451599e+00,-8.931803261003068428e-06,2.060623205402123403e-05,9.810011674428793071e+00
2.590253865890207674e+00,2.590250956142451599e+00,-8.729243268223996211e-06,2.025599927790722177e-05,9.810011526756010625e+00
2.590253799522885814e+00,2.590250956142451599e+00,-8.530141302642846313e-06,1.991019655811498978e-05,9.810011380055255970e+00
2.590253734293569643e+00,2.590250956142451599e+00,-8.334453354130744174e-06,1.956879485121021389e-05,9.810011234341498465e+00
2.590253670187687263e+00,2.590250956142451599e+00,-8.142135706989961363e-06,1.923176471407828103e-05,9.810011089629007586e+00
2.590253607190768026e+00,2.590250956142451599e+00,-7.953144949279788989e-06,1.889907577101723746e-05,9.810010945930821791e+00
2.590253545288441650e+00,2.590250956142451599e+00,-7.767437970152002435e-06,1.857069791277865534e-05,9.810010803259942236e+00
2.590253484466441325e+00,2.590250956142451599e+00,-7.584971969176734774e-06,1.824660009752676615e-05,9.810010661628128403e+00
2.590253424710603714e+00,2.590250956142451599e+00,-7.405704456342476760e-06,1.792675128342580138e-05,9.810010521046827137e+00
2.590253366006871172e+00,2.590250956142451599e+00,-7.229593258717414983e-06,1.761111976250617772e-05,9.810010381526504730e+00
2.590253308341290861e+00,2.590250956142451599e+00,-7.056596517784896605e-06,1.729967409325183780e-05,9.810010243077575964e+00
2.590253251700018744e+00,2.590250956142451599e+00,-6.886672701433838029e-06,1.699238163510585764e-05,9.810010105708933281e+00
2.590253196069317365e+00,2.590250956142451599e+00,-6.719780597297386748e-06,1.668921041364512803e-05,9.810009969429817289e+00
2.590253141435558959e+00,2.590250956142451599e+00,-6.555879322078794758e-06,1.639012752185919908e-05,9.810009834248200278e+00
2.590253087785225450e+00,2.590250956142451599e+00,-6.394928321551418549e-06,1.609510005273762090e-05,9.810009700171731239e+00
2.590253035104908896e+00,2.590250956142451599e+00,-6.236887371890986742e-06,1.580409496604318065e-05,9.810009567207593761e+00
2.590252983381313268e+00,2.590250956142451599e+00,-6.081716585004670605e-06,1.551707868863161366e-05,9.810009435362104568e+00
2.590252932601253555e+00,2.590250956142451599e+00,-5.929376405866548794e-06,1.523401791381218118e-05,9.810009304641507555e+00
2.590252882751657992e+00,2.590250956142451599e+00,-5.779827619178945497e-06,1.495487866876032967e-05,9.810009175051050079e+00
2.590252833819567613e+00,2.590250956142451599e+00,-5.633031348040162811e-06,1.467962711387826857e-05,9.810009046595766335e+00
2.590252785792137136e+00,2.590250956142451599e+00,-5.488949056609015997e-06,1.440822914311468139e-05,9.810008919280086559e+00
2.590252738656634524e+00,2.590250956142451599e+00,-5.347542548772565851e-06,1.414065078364501460e-05,9.810008793108234926e+00
2.590252692400442758e+00,2.590250956142451599e+00,-5.208773973475189223e-06,1.387685752973766284e-05,9.810008668083556316e+00
2.590252647011059395e+00,2.590250956142451599e+00,-5.072605823386311386e-06,1.361681500888778373e-05,9.810008544209185999e+00
2.590252602476097010e+00,2.590250956142451599e+00,-4.939000936232673666e-06,1.336048871536377192e-05,9.810008421487779628e+00
2.590252558783283199e+00,2.590250956142451599e+00,-4.807922494798333446e-06,1.310784414343402204e-05,9.810008299921648245e+00
2.590252515920461462e+00,2.590250956142451599e+00,-4.679334029589199417e-06,1.285884652091340286e-05,9.810008179512491822e+00
2.590252473875591210e+00,2.590250956142451599e+00,-4.553199418833031586e-06,1.261346107561678309e-05,9.810008060261656837e+00
2.590252432636746871e+00,2.590250956142451599e+00,-4.429482885814906012e-06,1.237165330181255740e-05,9.810007942170416939e+00
2.590252392192119668e+00,2.590250956142451599e+00,-4.308149004206285326e-06,1.213338816086206862e-05,9.810007825239157597e+00
2.590252352530016289e+00,2.590250956142451599e+00,-4.189162694068215842e-06,1.189863101380694843e-05,9.810007709468319348e+00
2.590252313638859771e+00,2.590250956142451599e+00,-4.072489224515862816e-06,1.166734695523530263e-05,9.810007594857731661e+00
2.590252275507189061e+00,2.590250956142451599e+00,-3.958094212386242816e-06,1.143950121296199995e-05,9.810007481407001961e+00
2.590252238123659012e+00,2.590250956142451599e+00,-3.845943622238223725e-06,1.121505901480190914e-05,9.810007369115393061e+00
2.590252201477040828e+00,2.590250956142451599e+00,-3.736003767684792365e-06,1.099398545534313598e-05,9.810007257981688156e+00
2.590252165556220731e+00,2.590250956142451599e+00,-3.628241307396251614e-06,1.077624602885407512e-05,9.810007148004721955e+00
2.590252130350200854e+00,2.590250956142451599e+00,-3.522623247764755661e-06,1.056180596314959530e-05,9.810007039182716326e+00
2.590252095848099234e+00,2.590250956142451599e+00,-3.419116942904310008e-06,1.035063048604456526e-05,9.810006931513543194e+00
2.590252062039148928e+00,2.590250956142451599e+00,-3.317690091986236212e-06,1.014268509180737965e-05,9.810006824994999874e+00
2.590252028912698457e+00,2.590250956142451599e+00,-3.218310740571439510e-06,9.937935141479670165e-06,9.810006719624400517e+00
2.590251996458210471e+00,2.590250956142451599e+00,-3.120947276613605936e-06,9.736346395783357366e-06,9.810006615399119667e+00
2.590251964665262197e+00,2.590250956142451599e+00,-3.025568431791469948e-06,9.537884482213598858e-06,9.810006512316050475e+00
2.590251933523545436e+00,2.590250956142451599e+00,-2.932143281508814425e-06,9.342515028265552246e-06,9.810006410371746810e+00
2.590251903022866120e+00,2.590250956142451599e+00,-2.840641243562203044e-06,9.150203794661138090e-06,9.810006309562551152e+00
2.590251873153142981e+00,2.590250956142451599e+00,-2.751032074144177386e-06,8.960916941802565816e-06,9.810006209884868156e+00
2.590251843904408435e+00,2.590250956142451599e+00,-2.663285870507792197e-06,8.774620363638518938e-06,9.810006111334493184e+00
2.590251815266807256e+00,2.590250956142451599e+00,-2.577373066969812498e-06,8.591280353797969838e-06,9.810006013907287326e+00
2.590251787230596570e+00,2.590250956142451599e+00,-2.493264434910713589e-06,8.410863205909890894e-06,9.810005917598772385e+00
2.590251759786145858e+00,2.590250956142451599e+00,-2.410931082774681045e-06,8.233335213603254488e-06,9.810005822404130882e+00
2.590251732923935624e+00,2.590250956142451599e+00,-2.330344452072807826e-06,8.058663070187321864e-06,9.810005728318618168e+00
2.590251706634557394e+00,2.590250956142451599e+00,-2.251476317383094283e-06,7.886813468971354268e-06,9.810005635337152086e+00
2.590251680908712828e+00,2.590250956142451599e+00,-2.174298783685912895e-06,7.717753369718138856e-06,9.810005543454586530e+00
2.590251655737213721e+00,2.590250956142451599e+00,-2.098784286364008267e-06,7.551449732190462782e-06,9.810005452665446768e+00
2.590251631110981112e+00,5.174530691023379703e+00,7.752837179737195328e+00,0.000000000000000000e+00,1.756283717973719405e+01
2.591026890202722033e+00,5.174530691023379703e+00,7.750511402461972565e+00,-2.325777275222762341e-01,1.732793367493969683e+01
2.592553942661957045e+00,5.174530691023379703e+00,7.745930245084267973e+00,-4.581157377705036282e-01,1.709781450731376395e+01
2.594809776571923354e+00,5.174530691023379703e+00,7.739162743354368601e+00,-6.767501729898928176e-01,1.687241257036447450e+01
2.597771851738926330e+00,5.174530691023379703e+00,7.730276517853360119e+00,-8.886225501008926386e-01,1.665165396775246620e+01
2.601418092302704377e+00,5.174530691023379703e+00,7.719337796162026422e+00,-1.093872169133414118e+00,1.643546562702861280e+01
2.605726879429185239e+00,5.174530691023379703e+00,7.706411434782583392e+00,-1.292636137944258579e+00,1.622377529683832620e+01
2.610677044085349952e+00,5.174530691023379703e+00,7.691560940814088809e+00,-1.485049396849413839e+00,1.601651154396467547e+01
2.616247859895911354e+00,5.174530691023379703e+00,7.674848493382405046e+00,-1.671244743168420754e+00,1.581360375021398568e+01
2.622419036081494070e+00,5.174530691023379703e+00,7.656334964825656897e+00,-1.851352855674814890e+00,1.561498210915084250e+01
2.629170710477991779e+00,5.174530691023379703e+00,7.636079941636163326e+00,-2.025502318949312652e+00,1.542057762268685117e+01
2.636483442636758046e+00,5.174530691023379703e+00,7.614141745159864527e+00,-2.193819647629879910e+00,1.523032209752998511e+01
2.644338207005277219e+00,5.174530691023379703e+00,7.590577452054307450e+00,-2.356429310555752110e+00,1.504414814149855673e+01
2.652716386187946362e+00,5.174530691023379703e+00,7.565442914506300021e+00,-2.513453754800742956e+00,1.486198915970555845e+01
2.661599764286586289e+00,5.174530691023379703e+00,7.538792780210380684e+00,-2.665013429591978067e+00,1.468377935061840311e+01
2.670970520320287811e+00,5.174530691023379703e+00,7.510680512109275675e+00,-2.811226810110456498e+00,1.450945370199881879e+01
2.680811221724189508e+00,5.174530691023379703e+00,7.481158407897570584e+00,-2.952210421170509136e+00,1.433894798672706195e+01
2.691104817926763815e+00,5.174530691023379703e+00,7.450277619289847664e+00,-3.088078860772291989e+00,1.417219875851755617e+01
2.701834634005189972e+00,5.174530691023379703e+00,7.418088171054568747e+00,-3.218944823527847277e+00,1.400914334752672197e+01
2.712984364418368433e+00,5.174530691023379703e+00,7.384638979815033366e+00,-3.344919123953538076e+00,1.384971985586149579e+01
2.724538066817133064e+00,5.174530691023379703e+00,7.349977872618739916e+00,-3.466110719629389436e+00,1.369386715298935187e+01
2.736480155931196645e+00,5.174530691023379703e+00,7.314151605276549617e+00,-3.582626734219074294e+00,1.354152487105747582e+01
2.748795397532366014e+00,5.174530691023379703e+00,7.277205880473040622e+00,-3.694572480350810650e+00,1.339263340012223047e+01
2.761468902473547704e+00,5.174530691023379703e+00,7.239185365649495552e+00,-3.802051482354507073e+00,1.324713388329498898e+01
2.774486120803059119e+00,5.174530691023379703e+00,7.200133710660962194e+00,-3.905165498853424566e+00,1.310496821180753813e+01
2.787832835953750976e+00,5.174530691023379703e+00,7.160093565208885735e+00,-4.004014545207557063e+00,1.296607902000132917e+01
2.801495159006443192e+00,5.174530691023379703e+00,7.119106596050809088e+00,-4.098696915807664709e+00,1.283040968024314488e+01
2.815459523027159516e+00,5.174530691023379703e+00,7.077213503988661003e+00,-4.189309206214897330e+00,1.269790429777376417e+01
2.829712677477653315e+00,5.174530691023379703e+00,7.034454040637179162e+00,-4.275946335148139710e+00,1.256850770548903995e+01
2.844241682698696039e+00,5.174530691023379703e+00,6.990867024974050992e+00,-4.358701566312817022e+00,1.244216545866123447e+01
2.859033904465604792e+00,5.174530691023379703e+00,6.946490359673324733e+00,-4.437666530072625903e+00,1.231882382960069933e+01
2.874077008615473883e+00,5.174530691023379703e+00,6.901361047223717904e+00,-4.512931244960727284e+00,1.219842980226299112e+01
2.889358955745569002e+00,5.174530691023379703e+00,6.855515205833432546e+00,-4.584584139028535787e+00,1.208093106680489726e+01
2.904867995982344464e+00,5.174530691023379703e+00,6.808988085123106160e+00,-4.652712071032638619e+00,1.196627601409046804e+01
2.920592663820529289e+00,5.174530691023379703e+00,6.761814081608551241e+00,-4.717400351455447449e+00,1.185441373015310518e+01
2.936521773031729232e+00,5.174530691023379703e+00,6.714026753974951411e+00,-4.778732763359982982e+00,1.174529399061496804e+01
2.952644411641990541e+00,5.174530691023379703e+00,6.665658838144167930e+00,-4.836791583078392520e+00,1.163886725506577591e+01
2.968949936977758775e+00,5.174530691023379703e+00,6.616742262136862784e+00,-4.891657600730470179e+00,1.153508466140639399e+01
2.985427970779667373e+00,5.174530691023379703e+00,6.567308160731137434e+00,-4.943410140572579436e+00,1.143389802015855850e+01
3.002068394383591965e+00,5.174530691023379703e+00,6.517386889919363213e+00,-4.992127081177377690e+00,1.133525980874198602e+01
3.018861343968390898e+00,5.174530691023379703e+00,6.467008041164966414e+00,-5.037884875439679888e+00,1.123912316572528702e+01
3.035797205869762205e+00,5.174530691023379703e+00,6.416200455460852936e+00,-5.080758570411392228e+00,1.114544188504946121e+01
3.052866611959638377e+00,5.174530691023379703e+00,6.364992237191223978e+00,-5.120821826962851375e+00,1.105417041022837310e+01
3.070060435090537609e+00,5.174530691023379703e+00,6.313410767798526280e+00,-5.158146939269769859e+00,1.096526382852875692e+01
3.087369784604289791e+00,5.174530691023379703e+00,6.261482719257269736e+00,-5.192804854125654401e+00,1.087867786513161583e+01
3.104786001904555004e+00,5.174530691023379703e+00,6.209234067356474540e+00,-5.224865190079563959e+00,1.079436887727691108e+01
3.122300656092547921e+00,5.174530691023379703e+00,6.156690104792495788e+00,-5.254396256397875220e+00,1.071229384839462107e+01
3.139905539665380108e+00,5.174530691023379703e+00,6.103875454073998341e+00,-5.281465071849655857e+00,1.063241038222434298e+01
3.157592664276434924e+00,5.174530691023379703e+00,6.050814080240834336e+00,-5.306137383316444911e+00,1.055467669692438903e+01
3.175354256557182175e+00,5.174530691023379703e+00,5.997529303398592582e+00,-5.328477684224175448e+00,1.047905161917441674e+01
3.193182753999846746e+00,5.174530691023379703e+00,5.944043811070598871e+00,-5.348549232799371111e+00,1.040549457827122737e+01
3.211070800900338362e+00,5.174530691023379703e+00,5.890379670369124021e+00,-5.366414070147484949e+00,1.033396560022163868e+01
3.229011244360852295e+00,5.174530691023379703e+00,5.836558339987582222e+00,-5.382133038154179872e+00,1.026442530183340196e+01
3.246997130351549465e+00,5.174530691023379703e+00,5.782600682015490712e+00,-5.395765797209151060e+00,1.019683488480633926e+01
3.265021699830727542e+00,5.174530691023379703e+00,5.728526973577956483e+00,-5.407370843753422918e+00,1.013115612982453406e+01
3.283078384922887949e+00,5.174530691023379703e+00,5.674356918301475261e+00,-5.417005527648122154e+00,1.006735139065335360e+01
3.301160805154113476e+00,5.174530691023379703e+00,5.620109657607798681e+00,-5.424726069367657999e+00,1.000538358824014118e+01
3.319262763744163180e+00,5.174530691023379703e+00,5.565803781837649566e+00,-5.430587577014911460e+00,9.945216204822738604e+00
3.337378243954695289e+00,5.174530691023379703e+00,5.511457341206053684e+00,-5.434644063159632665e+00,9.886813278046421516e+00
3.355501405493031886e+00,5.174530691023379703e+00,5.457087856591043007e+00,-5.436948461500978880e+00,9.830139395090064625e+00
3.373626580970877420e+00,5.174530691023379703e+00,5.402712330157506848e+00,-5.437552643353660287e+00,9.775159686803846171e+00
3.391748272417403509e+00,5.174530691023379703e+00,5.348347255817929025e+00,-5.436507433957826763e+00,9.721839821860102759e+00
3.409861147846115603e+00,5.174530691023379703e+00,5.294008629531791854e+00,-5.433862628613628232e+00,9.670146000918164120e+00
3.427960037874919319e+00,5.174530691023379703e+00,5.239711959445381595e+00,-5.429667008641114734e+00,9.620044950804267359e+00
3.446039932398803352e+00,5.174530691023379703e+00,5.185472275873729053e+00,-5.423968357165209753e+00,9.571503918708518910e+00
3.464095977314558539e+00,5.174530691023379703e+00,5.131304141126463492e+00,-5.416813474726556166e+00,9.524490666399907823e+00
3.482123471296953543e+00,5.174530691023379703e+00,5.077221659179278035e+00,-5.408248194718501267e+00,9.478973464460777265e+00
3.500117862625794718e+00,5.174530691023379703e+00,5.023238485192754510e+00,-5.398317398652352495e+00,9.434921086540402513e+00
3.518074746063289737e+00,5.174530691023379703e+00,4.969367834880269896e+00,-5.387065031248505775e+00,9.392302803631764618e+00
3.535989859781147882e+00,5.174530691023379703e+00,4.915622493726695907e+00,-5.374534115357443298e+00,9.351088378369253107e+00
3.553859082336843223e+00,5.174530691023379703e+00,4.862014826059609440e+00,-5.360766766708602304e+00,9.311248059351008521e+00
3.571678429698473600e+00,5.174530691023379703e+00,4.808556783974718307e+00,-5.345804208489113307e+00,9.272752575485604609e+00
3.589444052317652734e+00,5.174530691023379703e+00,4.755259916117180907e+00,-5.329686785753739997e+00,9.235573130363441408e+00
3.607152232249867918e+00,5.174530691023379703e+00,4.702135376320535798e+00,-5.312453979664555348e+00,9.199681396655980947e+00
3.624799380321748643e+00,5.174530691023379703e+00,4.649193932104893179e+00,-5.294144421564217495e+00,9.165049510540676181e+00
3.642382033344683467e+00,5.174530691023379703e+00,4.596445973036088262e+00,-5.274795906880447305e+00,9.131650066155641454e+00
3.659896851374234039e+00,5.174530691023379703e+00,4.543901518947436990e+00,-5.254445408865171530e+00,9.099456110082265070e+00
3.677340615014792924e+00,5.174530691023379703e+00,4.491570228025760336e+00,-5.233129092167665419e+00,9.068441135858094526e+00
3.694710222768937680e+00,5.174530691023379703e+00,4.439461404763326513e+00,-5.210882326243426732e+00,9.038579078519900278e+00
3.712002688430934061e+00,5.174530691023379703e+00,4.387584007777336481e+00,-5.187739698598914373e+00,9.009844309178422606e+00
3.729215138523848339e+00,5.174530691023379703e+00,4.335946657498594092e+00,-5.163735027874283290e+00,8.982211629624311300e+00
3.746344809779725171e+00,5.174530691023379703e+00,4.284557643730963150e+00,-5.138901376763049811e+00,8.955656266967913837e+00
3.763389046662298565e+00,5.174530691023379703e+00,4.233424933083243857e+00,-5.113271064772018093e+00,8.930153868311226262e+00
3.780345298931703457e+00,5.174530691023379703e+00,4.182556176275028292e+00,-5.086875680821467682e+00,8.905680495453561107e+00
3.797211119250653688e+00,5.174530691023379703e+00,4.131958715318178044e+00,-5.059746095685069278e+00,8.882212619633108375e+00
3.813984160831567216e+00,5.174530691023379703e+00,4.081639590575437460e+00,-5.031912474274058411e+00,8.859727116301378658e+00
3.830662175124110558e+00,5.174530691023379703e+00,4.031605547697807879e+00,-5.003404287763002500e+00,8.838201259934805876e+00
3.847243009542647751e+00,5.174530691023379703e+00,3.981863044442195854e+00,-4.974250325561158093e+00,8.817612718881038703e+00
3.863724605233072928e+00,5.174530691023379703e+00,3.932418257370920323e+00,-4.944478707127553108e+00,8.797939550243366824e+00
3.880104994878522451e+00,5.174530691023379703e+00,3.883277088434571755e+00,-4.914116893634856709e+00,8.779160194799715100e+00
3.896382300543451915e+00,5.174530691023379703e+00,3.834445171439783362e+00,-4.883191699478839354e+00,8.761253471960944950e+00
3.912554731555577536e+00,5.174530691023379703e+00,3.785927878403406499e+00,-4.851729303637686286e+00,8.744198574765720267e+00
3.928620582425179641e+00,5.174530691023379703e+00,3.737730325794600184e+00,-4.819755260880631553e+00,8.727975064913970016e+00
3.944578230801273122e+00,5.174530691023379703e+00,3.689857380666319742e+00,-4.787294512828044191e+00,8.712562867838276048e+00
3.960426135464150565e+00,5.174530691023379703e+00,3.642313666677687412e+00,-4.754371398863233011e+00,8.697942267814454453e+00
3.976162834353809128e+00,5.174530691023379703e+00,3.595103570008711724e+00,-4.721009666897568735e+00,8.684093903111143931e+00
3.991786942633778867e+00,5.174530691023379703e+00,3.548231245168802506e+00,-4.687232483990921850e+00,8.670998761177880709e+00
4.007297150789866258e+00,5.174530691023379703e+00,3.501700620700540334e+00,-4.653062446826217169e+00,8.658638173874322774e+00
4.022692222763341263e+00,5.174530691023379703e+00,3.455515404780115318e+00,-4.618521592042501567e+00,8.646993812737614249e+00
4.037970994118089685e+00,5.174530691023379703e+00,3.409679090715870053e+00,-4.583631406424526489e+00,8.636047684291344950e+00
4.053132370241267601e+00,5.174530691023379703e+00,3.364194962346336304e+00,-4.548412836953374949e+00,8.625782125392962740e+00
4.068175324576984941e+00,5.174530691023379703e+00,3.319066099339184284e+00,-4.512886300715202026e+00,8.616179798623981867e+00
4.083098896892564333e+00,5.174530691023379703e+00,3.274295382392446108e+00,-4.477071694673817603e+00,8.607223687718629890e+00
4.097902191576915598e+00,5.174530691023379703e+00,3.229885498339392313e+00,-4.440988405305379416e+00,8.598897093034013395e+00
4.112584375970570250e+00,5.174530691023379703e+00,3.185838945158428359e+00,-4.404655318096395433e+00,8.591183627062033423e+00
4.127144678726931026e+00,5.174530691023379703e+00,3.142158036889346029e+00,-4.368090826908233026e+00,8.584067209981114388e+00
4.141582388204290588e+00,5.174530691023379703e+00,3.098844908457267344e+00,-4.331312843207868468e+00,8.577532065249400262e+00
4.155896850888174399e+00,5.174530691023379703e+00,3.055901520405615912e+00,-4.294338805165143214e+00,8.571562715240473196e+00
4.170087469843582362e+00,5.174530691023379703e+00,3.013329663539392023e+00,-4.257185686622388943e+00,8.566143976917004466e+00
4.184153703196682450e+00,5.174530691023379703e+00,2.971130963480091758e+00,-4.219870005930026480e+00,8.561260957550064887e+00
4.198095062645537112e+00,5.174530691023379703e+00,2.929306885133527771e+00,-4.182407834656398649e+00,8.556899050477129620e+00
4.211911111999439683e+00,5.174530691023379703e+00,2.887858737071820059e+00,-4.144814806170771249e+00,8.553043930901049308e+00
4.225601465746432694e+00,5.174530691023379703e+00,2.846787675830841025e+00,-4.107106124097903432e+00,8.549681551732938090e+00
4.239165787648598638e+00,5.174530691023379703e+00,2.806094710124343194e+00,-4.069296570649783007e+00,8.546798139474560685e+00
4.252603789364711950e+00,5.174530691023379703e+00,2.765780704976003257e+00,-4.031400514833993753e+00,8.544380190142010889e+00
4.265915229099840111e+00,5.174530691023379703e+00,2.725846385770618774e+00,-3.993431920538448310e+00,8.542414465232170073e+00
4.279099910281491503e+00,5.174530691023379703e+00,2.686292342225664598e+00,-3.955404354495417607e+00,8.540887987730247488e+00
4.292157680261915687e+00,5.174530691023379703e+00,2.647119032284392048e+00,-3.917330994127254939e+00,8.539788038157137606e+00
4.305088429046155518e+00,5.174530691023379703e+00,2.608326785931672553e+00,-3.879224635271949495e+00,8.539102150659722668e+00
4.317892088045461207e+00,5.174530691023379703e+00,2.569915808933755486e+00,-3.841097699791706788e+00,8.538818109142049195e+00
4.330568628855680835e+00,5.174530691023379703e+00,2.531886186503096603e+00,-3.802962243065888259e+00,8.538923943437207953e+00
4.343118062060244533e+00,5.174530691023379703e+00,2.494237886889405509e+00,-3.764829961369109412e+00,8.539407925520297482e+00
4.355540436057360409e+00,5.174530691023379703e+00,2.456970764898057880e+00,-3.726712199134762926e+00,8.540258565763295451e+00
4.367835835911052733e+00,5.174530691023379703e+00,2.420084565336980909e+00,-3.688619956107697107e+00,8.541464609229283411e+00
4.380004382225667570e+00,5.174530691023379703e+00,2.383578926393136399e+00,-3.650563894384450947e+00,8.543015032008685949e+00
4.392046230043483490e+00,5.174530691023379703e+00,2.347453382939688638e+00,-3.612554345344776152e+00,8.544899037594912983e+00
4.403961567765058760e+00,5.174530691023379703e+00,2.311707369774962828e+00,-3.574601316472580947e+00,8.547106053302382378e+00
4.415750616091964176e+00,5.174530691023379703e+00,2.276340224794246581e+00,-3.536714498071624746e+00,8.549625726722622332e+00
4.427413626991541840e+00,5.174530691023379703e+00,2.241351192095513589e+00,-3.498903269873299138e+00,8.552447922222214061e+00
4.438950882683341703e+00,5.174530691023379703e+00,2.206739425020113998e+00,-3.461176707539959096e+00,8.555562717480155399e+00
4.450362694646889494e+00,5.174530691023379703e+00,2.172503989129470625e+00,-3.423543589064337311e+00,8.558960400065133811e+00
4.461649402650444074e+00,5.174530691023379703e+00,2.138643865118806886e+00,-3.386012401066373911e+00,8.562631464052433472e+00
4.472811373800404056e+00,5.174530691023379703e+00,2.105157951668926941e+00,-3.348591344987994489e+00,8.566566606680932949e+00
4.483849001611031504e+00,5.174530691023379703e+00,2.072045068237044596e+00,-3.311288343188234506e+00,8.570756725048809699e+00
4.494762705094164090e+00,5.174530691023379703e+00,2.039303957787646837e+00,-3.274111044939775894e+00,8.575192912847871440e+00
4.505552927868581747e+00,5.174530691023379703e+00,2.006933289464393866e+00,-3.237066832325297128e+00,8.579866457139097236e+00
4.516220137288713410e+00,5.174530691023379703e+00,1.974931661203998878e+00,-3.200162826039498754e+00,8.584768835164499734e+00
4.526764823592361431e+00,5.174530691023379703e+00,1.943297602293054815e+00,-3.163405891094406286e+00,8.589891711198649915e+00
4.537187499067129259e+00,5.174530691023379703e+00,1.912029575868751330e+00,-3.126802642430348556e+00,8.595226933438404160e+00
4.547488697235240629e+00,5.174530691023379703e+00,1.881125981364417221e+00,-3.090359450433410871e+00,8.600766530931007736e+00
4.557668972056445611e+00,5.174530691023379703e+00,1.850585156900802275e+00,-3.054082446361494618e+00,8.606502710539308154e+00
4.567728897148704448e+00,5.174530691023379703e+00,1.820405381624025765e+00,-3.017977527677651040e+00,8.612427853946375222e+00
4.577669065026357842e+00,5.174530691023379703e+00,1.790584877991065582e+00,-2.982050363296018247e+00,8.618534514695047832e+00
4.587490086355480834e+00,5.174530691023379703e+00,1.761121814003696606e+00,-2.946306398736897592e+00,8.624815415266798624e+00
4.597192589226129833e+00,5.174530691023379703e+00,1.732014305391749609e+00,-2.910750861194699723e+00,8.631263444197049495e+00
4.606777218441198585e+00,5.174530691023379703e+00,1.703260417746543354e+00,-2.875388764520625529e+00,8.637871653225918323e+00
4.616244634821589976e+00,5.174530691023379703e+00,1.674858168605369180e+00,-2.840224914117417399e+00,8.644633254487953167e+00
4.625595514527430119e+00,5.174530691023379703e+00,1.646805529487848752e+00,-2.805263911752042816e+00,8.651541617735805545e+00
4.634830548395044048e+00,5.174530691023379703e+00,1.619100427885006965e+00,-2.770510160284178625e+00,8.658590267600828838e+00
4.643950441289418585e+00,5.174530691023379703e+00,1.591740749201883354e+00,-2.735967868312361162e+00,8.665772880889523577e+00
4.652955911471881478e+00,5.174530691023379703e+00,1.564724338654494673e+00,-2.701641054738868064e+00,8.673083283915627106e+00
4.661847689982736576e+00,5.174530691023379703e+00,1.538049003121929381e+00,-2.667533553256529189e+00,8.680515449865399802e+00
4.670626520038577922e+00,5.174530691023379703e+00,1.511712512954405341e+00,-2.633649016752404037e+00,8.688063496202001801e+00
4.679293156444039425e+00,5.174530691023379703e+00,1.485712603738020832e+00,-2.599990921638450914e+00,8.695721682099570415e+00
4.687848365017710961e+00,5.174530691023379703e+00,1.460046978017006225e+00,-2.566562572101460660e+00,8.703484405915546063e+00
4.696292922031974015e+00,5.174530691023379703e+00,1.434713306974217062e+00,-2.533367104278916315e+00,8.711346202695301244e+00
4.704627613666506392e+00,5.174530691023379703e+00,1.409709232070619933e+00,-2.500407490359712881e+00,8.719301741710907550e+00
4.712853235475209956e+00,5.174530691023379703e+00,1.385032366644509239e+00,-2.467686542611069456e+00,8.727345824033440280e+00
4.720970591866317179e+00,5.174530691023379703e+00,1.360680297471187572e+00,-2.435206917332166654e+00,8.735473380139021415e+00
4.728980495595438427e+00,5.174530691023379703e+00,1.336650586283823827e+00,-2.402971118736374478e+00,8.743679467547449846e+00
4.736883767271313772e+00,5.174530691023379703e+00,1.312940771256197792e+00,-2.370981502762603554e+00,8.751959268493594735e+00
4.744681234874038367e+00,5.174530691023379703e+00,1.289548368448024007e+00,-2.339240280817378448e+00,8.760308087630646057e+00
4.752373733285526036e+00,5.174530691023379703e+00,1.266470873213560999e+00,-2.307749523446300799e+00,8.768721349767261586e+00
4.759962103831990810e+00,5.174530691023379703e+00,1.243705761574166679e+00,-2.276511163939431981e+00,8.777194597634736084e+00
4.767447193838219022e+00,5.174530691023379703e+00,1.221250491555482043e+00,-2.245527001868463657e+00,8.785723489687018883e+00
4.774829856193416155e+00,5.174530691023379703e+00,1.199102504489890642e+00,-2.214798706559140129e+00,8.794303797930751898e+00
4.782110948928406380e+00,5.174530691023379703e+00,1.177259226284919968e+00,-2.184327820497067307e+00,8.802931405787852270e+00
4.789291334803975175e+00,5.174530691023379703e+00,1.155718068658213582e+00,-2.154115762670638645e+00,8.811602305987575434e+00
4.796371880910142771e+00,5.174530691023379703e+00,1.134476430339710795e+00,-2.124163831850278683e+00,8.820312598489433498e+00
4.803353458276158783e+00,5.174530691023379703e+00,1.113531698241662760e+00,-2.094473209804803560e+00,8.829058488436860586e+00
4.810236941491019103e+00,5.174530691023379703e+00,1.092881248597081800e+00,-2.065044964458095933e+00,8.837836284138987253e+00
4.817023208334292761e+00,5.174530691023379703e+00,1.072522448067260825e+00,-2.035880052982097510e+00,8.846642395085163812e+00
4.823713139417074913e+00,5.174530691023379703e+00,1.052452654818914368e+00,-2.006979324834645695e+00,8.855473329984269171e+00
4.830307617832855449e+00,5.174530691023379703e+00,1.032669219571572761e+00,-1.978343524734160752e+00,8.864325694837411618e+00
4.836807528818120261e+00,5.174530691023379703e+00,1.013169486615778325e+00,-1.949973295579443544e+00,8.873196191036335279e+00
4.843213759422488884e+00,5.174530691023379703e+00,9.939507948026724549e-01,-1.921869181310587038e+00,8.882081613492086802e+00
4.849527198188206434e+00,5.174530691023379703e+00,9.750104785055198064e-01,-1.894031629715264842e+00,8.890978848790254574e+00
4.855748734838803315e+00,5.174530691023379703e+00,9.563458685537291615e-01,-1.866460995179064497e+00,8.899884873374665162e+00
4.861879259976737089e+00,5.174530691023379703e+00,9.379542931399278416e-01,-1.839157541380131988e+00,8.908796751759796351e+00
4.867919664789846834e+00,5.174530691023379703e+00,9.198330787005986053e-01,-1.812121443932923626e+00,8.917711634767675477e+00
4.873870840766433510e+00,5.174530691023379703e+00,9.019795507708385784e-01,-1.785352792976002689e+00,8.926626757794835498e+00
4.879733679418800207e+00,5.174530691023379703e+00,8.843910348137384858e-01,-1.758851595710009263e+00,8.935539439103729720e+00
4.885509072015076448e+00,5.174530691023379703e+00,8.670648570249097631e-01,-1.732617778882872273e+00,8.944447078142037100e+00
4.891197909319167536e+00,5.174530691023379703e+00,8.499983451126364997e-01,-1.706651191227326336e+00,8.953347153885310661e+00
4.896801081338646888e+00,5.174530691023379703e+00,8.331888290541984432e-01,-1.680951605843805652e+00,8.962237223210394177e+00
4.902319477080447463e+00,5.174530691023379703e+00,8.166336418287967192e-01,-1.655518722540172405e+00,8.971114919288623923e+00
4.907753984314176421e+00,5.174530691023379703e+00,8.003301201276098453e-01,-1.630352170118687383e+00,8.979977950008922960e+00
4.913105489342906473e+00,5.174530691023379703e+00,7.842756050414196878e-01,-1.605451508619015755e+00,8.988824096422405319e+00
4.918374876781278715e+00,5.174530691023379703e+00,7.684674427263029628e-01,-1.580816231511672498e+00,8.997651211214630962e+00
4.923563029340772168e+00,5.174530691023379703e+00,7.529029850478226038e-01,-1.556445767848035899e+00,9.006457217199788090e+00
4.928670827621986383e+00,5.174530691023379703e+00,7.375795902041799579e-01,-1.532339484364264592e+00,9.015240105839914975e+00
4.933699149913784332e+00,5.174530691023379703e+00,7.224946233287861119e-01,-1.508496687539384595e+00,9.023997935789402902e+00
4.938648871999161472e+00,5.174530691023379703e+00,7.076454570726546933e-01,-1.484916625613141861e+00,9.032728831459513330e+00
4.943520866967683780e+00,5.174530691023379703e+00,6.930294721670877678e-01,-1.461598490556692553e+00,9.041430981610396600e+00
4.948316005034367748e+00,5.174530691023379703e+00,6.786440579670358630e-01,-1.438541420005190474e+00,9.050102637961845886e+00
4.953035153364847787e+00,5.174530691023379703e+00,6.644866129755957473e-01,-1.415744499144011570e+00,9.058742113831584675e+00
4.957679175906711144e+00,5.174530691023379703e+00,6.505545453500056752e-01,-1.393206762559007217e+00,9.067347782790999844e+00
4.962248933226853786e+00,5.174530691023379703e+00,6.368452733895777484e-01,-1.370927196042792673e+00,9.075918077346784685e+00
4.966745282354731117e+00,5.174530691023379703e+00,6.233562260059457572e-01,-1.348904738363199129e+00,9.084451487642747125e+00
4.971169076631372086e+00,5.174530691023379703e+00,6.100848431760228507e-01,-1.327138282992290641e+00,9.092946560183733595e+00
4.975521165564031456e+00,5.174530691023379703e+00,5.970285763780447397e-01,-1.305626679797811107e+00,9.101401896580235018e+00
4.979802394686348777e+00,5.174530691023379703e+00,5.841848890110927783e-01,-1.284368736695196134e+00,9.109816152315897142e+00
4.984013605423897708e+00,5.174530691023379703e+00,5.715512567984459835e-01,-1.263363221264679481e+00,9.118188035533766111e+00
4.988155634965000473e+00,5.174530691023379703e+00,5.591251681751376879e-01,-1.242608862330829567e+00,9.126516305844308619e+00
4.992229316136687522e+00,5.174530691023379703e+00,5.469041246600765405e-01,-1.222104351506114739e+00,9.134799773153961411e+00
4.996235477285689619e+00,5.174530691023379703e+00,5.348856412130702509e-01,-1.201848344700628957e+00,9.143037296512442680e+00
5.000174942164343328e+00,5.174530691023379703e+00,5.230672465771091240e-01,-1.181839463596112694e+00,9.151227782980996039e+00
5.004048529821295332e+00,5.174530691023379703e+00,5.114464836062531106e-01,-1.162076297085601340e+00,9.159370186520652268e+00
5.007857054496898996e+00,5.174530691023379703e+00,5.000209095794421188e-01,-1.142557402681099177e+00,9.167463506898343439e+00
5.011601325523193040e+00,5.174530691023379703e+00,4.887880965005599876e-01,-1.123281307888213121e+00,9.175506788612347364e+00
5.015282147228347753e+00,5.174530691023379703e+00,4.777456313850958480e-01,-1.104246511546413956e+00,9.183499119838682390e+00
5.018900318845486375e+00,5.174530691023379703e+00,4.668911165336799840e-01,-1.085451485141586403e+00,9.191439631392093190e+00
5.022456634425764399e+00,5.174530691023379703e+00,4.562221697928459108e-01,-1.066894674083407324e+00,9.199327495709439972e+00
5.025951882755613553e+00,5.174530691023379703e+00,4.457364248032984477e-01,-1.048574498954746304e+00,9.207161925848552642e+00
5.029386847278047412e+00,5.174530691023379703e+00,4.354315312359968715e-01,-1.030489356730157624e+00,9.214942174505839745e+00
5.032762306017931841e+00,5.174530691023379703e+00,4.253051550163435834e-01,-1.012637621965328805e+00,9.222667533051016164e+00
5.036079031511121684e+00,5.174530691023379703e+00,4.153549785367740554e-01,-9.950176479569527999e-01,9.230337330579821753e+00
5.039337790737368650e+00,5.174530691023379703e+00,4.055787008580331587e-01,-9.776277678740896704e-01,9.237950932983943986e+00
5.042539345056914257e+00,5.174530691023379703e+00,3.959740378993963361e-01,-9.604662958636822623e-01,9.245507742035714571e+00
5.045684450150663913e+00,5.174530691023379703e+00,3.865387226181473679e-01,-9.435315281248968233e-01,9.253007194493250154e+00
5.048773855963862189e+00,5.174530691023379703e+00,3.772705051785525399e-01,-9.268217439594828022e-01,9.260448761219070235e+00
5.051808306653183145e+00,5.174530691023379703e+00,3.681671531105896733e-01,-9.103352067962866556e-01,9.267831946314302627e+00
5.054788540537135333e+00,5.174530691023379703e+00,3.592264514587331092e-01,-8.940701651856564069e-01,9.275156286273077200e+00
5.057715290049714874e+00,5.174530691023379703e+00,3.504462029209944873e-01,-8.780248537738621906e-01,9.282421349147131906e+00
5.060589281697208897e+00,5.174530691023379703e+00,3.418242279785124182e-01,-8.621974942482069082e-01,9.289626733730305119e+00
5.063411236018075634e+00,5.174530691023379703e+00,3.333583650159122058e-01,-8.465862962600212427e-01,9.296772068755892349e+00
5.066181867545818562e+00,5.174530691023379703e+00,3.250464704326834209e-01,-8.311894583228784938e-01,9.303857012109805424e+00
5.068901884774771993e+00,5.174530691023379703e+00,3.168864187458231285e-01,-8.160051686860292364e-01,9.310881250059793501e+00
5.071571990128731500e+00,5.174530691023379703e+00,3.088761026839446089e-01,-8.010316061878519633e-01,9.317844496496093143e+00
5.074192879932340361e+00,5.174530691023379703e+00,3.010134332731180251e-01,-7.862669410826583771e-01,9.324746492190460145e+00
5.076765244385168963e+00,5.174530691023379703e+00,2.932963399146322203e-01,-7.717093358485804799e-01,9.331587004066051350e+00
5.079289767538403666e+00,5.174530691023379703e+00,2.857227704549281100e-01,-7.573569459704110329e-01,9.338365824484517574e+00
5.081767127274087414e+00,5.174530691023379703e+00,2.782906912478768646e-01,-7.432079207051245362e-01,9.345082770542752826e+00
5.084197995286825034e+00,5.174530691023379703e+00,2.709980872096640070e-01,-7.292604038212857631e-01,9.351737683388378741e+00
5.086583037067901714e+00,5.174530691023379703e+00,2.638429618664339671e-01,-7.155125343230039903e-01,9.358330427543430474e+00
5.088922911891732070e+00,5.174530691023379703e+00,2.568233373949428966e-01,-7.019624471491070494e-01,9.364860890245836345e+00
5.091218272804587386e+00,5.174530691023379703e+00,2.499372546563769504e-01,-6.886082738565946215e-01,9.371328980799782826e+00
5.093469766615522865e+00,5.174530691023379703e+00,2.431827732235705142e-01,-6.754481432806436203e-01,9.377734629942928279e+00
5.095678033889452507e+00,5.174530691023379703e+00,2.365579714017815860e-01,-6.624801821788928180e-01,9.384077789222889265e+00
5.097843708942304097e+00,5.174530691023379703e+00,2.300609462432268160e-01,-6.497025158554770030e-01,9.390358430387749422e+00
5.099967419838194793e+00,5.174530691023379703e+00,2.236898135555547285e-01,-6.371132687672087513e-01,9.396576544788345586e+00
5.102049788388564266e+00,5.174530691023379703e+00,2.174427079044463085e-01,-6.247105651108419977e-01,9.402732142793604808e+00
5.104091430153212983e+00,5.174530691023379703e+00,2.113177826105001600e-01,-6.124925293946148486e-01,9.408825253215885809e+00
5.106092954443183451e+00,5.174530691023379703e+00,2.053132097405887535e-01,-6.004572869911406485e-01,9.414855922749449491e+00
5.108054964325428493e+00,5.174530691023379703e+00,1.994271800938536288e-01,-5.886029646735124743e-01,9.420824215420342540e+00
5.109978056629215892e+00,5.174530691023379703e+00,1.936579031824914310e-01,-5.769276911362197779e-01,9.426730212046273039e+00
5.111862821954208158e+00,5.174530691023379703e+00,1.880036072075146336e-01,-5.654295974976797368e-01,9.432574009709835394e+00
5.113709844680171202e+00,5.174530691023379703e+00,1.824625390296255034e-01,-5.541068177889130197e-01,9.438355721240712981e+00
5.115519702978258643e+00,5.174530691023379703e+00,1.770329641353631800e-01,-5.429574894262323426e-01,9.444075474709130447e+00
5.117292968823816679e+00,5.174530691023379703e+00,1.717131665986890710e-01,-5.319797536674109040e-01,9.449733412931278664e+00
5.119030208010667771e+00,5.174530691023379703e+00,1.665014490381357959e-01,-5.211717560553275064e-01,9.455329692982807899e+00
5.120731980166817188e+00,5.174530691023379703e+00,1.613961325696875448e-01,-5.105316468448251044e-01,9.460864485724862050e+00
5.122398838771538898e+00,5.174530691023379703e+00,1.563955567555224135e-01,-5.000575814165131305e-01,9.466337975339008892e+00
5.124031331173794612e+00,5.174530691023379703e+00,1.514980795487552712e-01,-4.897477206767142377e-01,9.471750358872041531e+00
5.125629998611938021e+00,5.174530691023379703e+00,1.467020772343250457e-01,-4.796002314430225510e-01,9.477101845791302992e+00
5.127195376234659818e+00,5.174530691023379703e+00,1.420059443661596532e-01,-4.696132868165392438e-01,9.482392657549620907e+00
5.128727993123137097e+00,5.174530691023379703e+00,1.374080937007278180e-01,-4.597850665431835182e-01,9.487623027157544797e+00
5.130228372314330265e+00,5.174530691023379703e+00,1.329069561271483124e-01,-4.501137573579505613e-01,9.492793198769199137e+00
5.131697030825399963e+00,5.174530691023379703e+00,1.285009805939392180e-01,-4.405975533209094408e-01,9.497903427273030275e+00
5.133134479679196893e+00,5.174530691023379703e+00,1.241886340325484284e-01,-4.312346561390789645e-01,9.502953977893469073e+00
5.134541223930783715e+00,5.174530691023379703e+00,1.199684012777879616e-01,-4.220232754760466776e-01,9.507945125801741781e+00
5.135917762694949928e+00,5.174530691023379703e+00,1.158387849852893225e-01,-4.129616292498639041e-01,9.512877155735425916e+00
5.137264589174690421e+00,5.174530691023379703e+00,1.117983055460678443e-01,-4.040479439221478231e-01,9.517750361623921407e+00
5.138582190690592633e+00,5.174530691023379703e+00,1.078455009983612101e-01,-3.952804547706634253e-01,9.522565046227697394e+00
5.139871048711118107e+00,5.174530691023379703e+00,1.039789269367847879e-01,-3.866574061576422139e-01,9.527321520779143071e+00
5.141131638883721600e+00,5.174530691023379703e+00,1.001971564189743091e-01,-3.781770517810478793e-01,9.532020104637926039e+00
5.142364431066789088e+00,5.174530691023379703e+00,9.649877986977184463e-02,-3.698376549202464503e-01,9.536661124949525004e+00
5.143569889362351155e+00,5.174530691023379703e+00,9.288240498308564241e-02,-3.616374886686202217e-01,9.541244916314465030e+00
5.144748472149544227e+00,5.174530691023379703e+00,8.934665662150642618e-02,-3.535748361579216237e-01,9.545771820463585300e+00
5.145900632118784124e+00,5.174530691023379703e+00,8.589017671378673668e-02,-3.456479907719689493e-01,9.550242185941819173e+00
5.147026816306618180e+00,5.174530691023379703e+00,8.251162415028456820e-02,-3.378552563502168482e-01,9.554656367800067329e+00
5.148127466131231955e+00,5.174530691023379703e+00,7.920967467644324245e-02,-3.301949473841325755e-01,9.559014727292311164e+00
5.149203017428575002e+00,5.174530691023379703e+00,7.598302078441410146e-02,-3.226653892029140991e-01,9.563317631581501388e+00
5.150253900489076386e+00,5.174530691023379703e+00,7.283037160290994905e-02,-3.152649181504152409e-01,9.567565453452495206e+00
5.151280540094923310e+00,5.174530691023379703e+00,6.975045278536917692e-02,-3.079918817540772125e-01,9.571758571031292462e+00
5.152283355557872646e+00,5.174530691023379703e+00,6.674200639652116962e-02,-3.008446388848007302e-01,9.575897367511721825e+00
5.153262760757573169e+00,5.174530691023379703e+00,6.380379079741960169e-02,-2.938215599101567932e-01,9.579982230887264194e+00
5.154219164180362966e+00,5.174530691023379703e+00,6.093458052905020850e-02,-2.869210268369393191e-01,9.584013553692111387e+00
5.155152968958521598e+00,5.174530691023379703e+00,5.813316619457431500e-02,-2.801414334475893497e-01,9.587991732746985463e+00
5.156064572909954791e+00,5.174530691023379703e+00,5.539835434027473582e-02,-2.734811854299579181e-01,9.591917168910317315e+00
5.156954368578279713e+00,5.174530691023379703e+00,5.272896733529996993e-02,-2.669387004974765887e-01,9.595790266837823879e+00
5.157822743273287713e+00,5.174530691023379703e+00,5.012384325027596788e-02,-2.605124085024002056e-01,9.599611434747876260e+00
5.158670079111771223e+00,5.174530691023379703e+00,4.758183573482543949e-02,-2.542007515450528388e-01,9.603381084189773986e+00
5.159496753058673058e+00,5.174530691023379703e+00,4.510181389411993536e-02,-2.480021840705504133e-01,9.607099629823569131e+00
5.160303136968557247e+00,5.174530691023379703e+00,4.268266216446736649e-02,-2.419151729652568861e-01,9.610767489199211866e+00
5.161089597627361414e+00,5.174530691023379703e+00,4.032328018805486636e-02,-2.359381976412500137e-01,9.614385082546805350e+00
5.161856496794420934e+00,5.174530691023379703e+00,3.802258268687630505e-02,-2.300697501178561311e-01,9.617952832569020671e+00
5.162604191244737351e+00,5.174530691023379703e+00,3.577949933592705634e-02,-2.243083350949248711e-01,9.621471164241002683e+00
5.163333032811477707e+00,5.174530691023379703e+00,3.359297463570598552e-02,-2.186524700221070816e-01,9.624940504613599401e+00
5.164043368428679059e+00,5.174530691023379703e+00,3.146196778410192962e-02,-2.131006851604055896e-01,9.628361282623696837e+00
5.164735540174143047e+00,5.174530691023379703e+00,2.938545254770996706e-02,-2.076515236391962560e-01,9.631733928908513320e+00
5.165409885312497451e+00,5.174530691023379703e+00,2.736241713264675468e-02,-2.023035415063212383e-01,9.635058875626326014e+00
5.166066736338414955e+00,5.174530691023379703e+00,2.539186405489424203e-02,-1.970553077752512650e-01,9.638336556279643474e+00
5.166706421019959805e+00,5.174530691023379703e+00,2.347281001025969260e-02,-1.919054044634549427e-01,9.641567405546805247e+00
5.167329262442059701e+00,5.174530691023379703e+00,2.160428574396000556e-02,-1.868524266299687042e-01,9.644751859113991799e+00
5.167935579050070949e+00,5.174530691023379703e+00,1.978533591992626128e-02,-1.818949824033744278e-01,9.647890353516551443e+00
5.168525684693434208e+00,5.174530691023379703e+00,1.801501898983648431e-02,-1.770316930089776974e-01,9.650983325980860172e+00
5.169099888669395071e+00,5.174530691023379703e+00,1.629240706195389521e-02,-1.722611927882589100e-01,9.654031214273695483e+00
5.169658495766783268e+00,5.174530691023379703e+00,1.461658576978930313e-02,-1.675821292164592080e-01,9.657034456553329704e+00
5.170201806309827397e+00,5.174530691023379703e+00,1.298665414065691692e-02,-1.629931629132386206e-01,9.659993491227417906e+00
5.170730116201993631e+00,5.174530691023379703e+00,1.140172446415821383e-02,-1.584929676498703088e-01,9.662908756814289291e+00
5.171243716969841309e+00,5.174530691023379703e+00,9.860922160615182008e-03,-1.540802303543031826e-01,9.665780691806311609e+00
5.171742895806869633e+00,5.174530691023379703e+00,8.363385649530208354e-03,-1.497536511084973654e-01,9.668609734541032452e+00
5.172227935617351946e+00,5.174530691023379703e+00,6.908266218083269905e-03,-1.455119431446938449e-01,9.671396323073389922e+00
5.172699115060141573e+00,5.174530691023379703e+00,5.494727889714390301e-03,-1.413538328368879604e-01,9.674140895052826039e+00
5.173156708592436814e+00,5.174530691023379703e+00,4.121947292828664899e-03,-1.372780596885725402e-01,9.676843887604256622e+00
5.173600986513492650e+00,5.174530691023379703e+00,2.789113529661157997e-03,-1.332833763167506902e-01,9.679505737212910077e+00
5.174032215008269375e+00,5.174530691023379703e+00,1.495428045330982059e-03,-1.293685484330175939e-01,9.682126879612313886e+00
5.174450656191007525e+00,5.174530691023379703e+00,2.401044971165333664e-04,-1.255323548214448692e-01,9.684707749675672162e+00
5.174856568148713087e+00,5.174530691023379703e+00,-9.776313760001542619e-04,-1.217735873116687628e-01,9.687248781312330692e+00
5.175250204984550351e+00,5.174530691023379703e+00,-2.158541883511944093e-03,-1.180910507511789831e-01,9.689750407365309570e+00
5.175631816861123724e+00,5.174530691023379703e+00,-3.303377513232064189e-03,-1.144835629720120096e-01,9.692213059514756424e+00
5.176001650043648539e+00,5.174530691023379703e+00,-4.412877060806508211e-03,-1.109499547574444023e-01,9.694637168181749587e+00
5.176359946942992174e+00,5.174530691023379703e+00,-5.487767758837414078e-03,-1.074890698030905867e-01,9.697023162438071608e+00
5.176706946158579292e+00,5.174530691023379703e+00,-6.528765405598768723e-03,-1.040997646761354645e-01,9.699371469918265376e+00
5.177042882521158518e+00,5.174530691023379703e+00,-7.536574493336445357e-03,-1.007809087737676634e-01,9.701682516732896389e+00
5.177367987135411020e+00,5.174530691023379703e+00,-8.511888336093953455e-03,-9.753138427575080982e-02,9.703956727388156622e+00
5.177682487422401891e+00,5.174530691023379703e+00,-9.455389197066565998e-03,-9.435008609726125428e-02,9.706194524705672677e+00
5.177986607161863652e+00,5.174530691023379703e+00,-1.036774841545184955e-02,-9.123592183852835547e-02,9.708396329746019404e+00
5.178280566534299467e+00,5.174530691023379703e+00,-1.124962653275929370e-02,-8.818781173074441426e-02,9.710562561736496789e+00
5.178564582162909602e+00,5.174530691023379703e+00,-1.210167341858969792e-02,-8.520468858304042215e-02,9.712693637998370377e+00
5.178838867155318937e+00,5.174530691023379703e+00,-1.292452839581770263e-02,-8.228549772280047137e-02,9.714789973881382323e+00
5.179103631145117070e+00,5.174530691023379703e+00,-1.371882036521210324e-02,-7.942919693944006099e-02,9.716851982695349221e+00
5.179359080333184373e+00,5.174530691023379703e+00,-1.448516792941401121e-02,-7.663475642019079714e-02,9.718880075650396577e+00
5.179605417528816425e+00,5.174530691023379703e+00,-1.522417951631016564e-02,-7.390115868961544265e-02,9.720874661794074001e+00
5.179842842190628183e+00,5.174530691023379703e+00,-1.593645350174544006e-02,-7.122739854352744260e-02,9.722836147954726727e+00
5.180071550467235220e+00,5.174530691023379703e+00,-1.662257833156655096e-02,-6.861248298211108931e-02,9.724764938686323745e+00
5.180291735237711137e+00,5.174530691023379703e+00,-1.728313264299430330e-02,-6.605543114277523387e-02,9.726661436214230960e+00
5.180503586151808726e+00,5.174530691023379703e+00,-1.791868538528706978e-02,-6.355527422927664816e-02,9.728526040385435891e+00
5.180707289669944871e+00,5.174530691023379703e+00,-1.852979593969550365e-02,-6.111105544084338703e-02,9.730359148619461607e+00
5.180903029102942980e+00,5.174530691023379703e+00,-1.911701423868983341e-02,-5.872182989943297571e-02,9.732161155861877688e+00
5.181090984651526732e+00,5.174530691023379703e+00,-1.968088088444108763e-02,-5.638666457512542252e-02,9.733932454540433099e+00
5.181271333445565119e+00,5.174530691023379703e+00,-2.022192726655624995e-02,-5.410463821151623165e-02,9.735673434521928016e+00
5.181444249583055495e+00,5.174530691023379703e+00,-2.074067567902737608e-02,-5.187484124711261302e-02,9.737384483073860508e+00
5.181609904168853475e+00,5.174530691023379703e+00,-2.123763943642131835e-02,-4.969637573939422737e-02,9.739065984824184952e+00
5.181768465353133735e+00,5.174530691023379703e+00,-2.171332298926209603e-02,-4.756835528407776792e-02,9.740718321726660633e+00
5.181920098369586114e+00,5.174530691023379703e+00,-2.216822203861923413e-02,-4.548990493571380966e-02,9.742341873025667454e+00
5.182064965573341730e+00,5.174530691023379703e+00,-2.260282364988608350e-02,-4.346016112668493747e-02,9.743937015223430365e+00
5.182203226478619307e+00,5.174530691023379703e+00,-2.301760636571881236e-02,-4.147827158327288544e-02,9.745504122051009688e+00
5.182335037796102384e+00,5.174530691023379703e+00,-2.341304031816804354e-02,-3.954339524492311853e-02,9.747043564436909335e+00
5.182460553470028763e+00,5.174530691023379703e+00,-2.378958733994718244e-02,-3.765470217791389018e-02,9.748555710482140313e+00
5.182579924715003727e+00,5.174530691023379703e+00,-2.414770107487207440e-02,-3.581137349248919577e-02,9.750040925432639227e+00
5.182693300052521934e+00,5.174530691023379703e+00,-2.448782708742669456e-02,-3.401260125546201607e-02,9.751499571657111787e+00
5.182800825347205098e+00,5.174530691023379703e+00,-2.481040297147618645e-02,-3.225758840494918900e-02,9.752932008623574234e+00
5.182902643842751012e+00,5.174530691023379703e+00,-2.511585845811392659e-02,-3.054554866377401368e-02,9.754338592878113445e+00
5.182998896197585026e+00,5.174530691023379703e+00,-2.540461552261596978e-02,-2.887570645020431925e-02,9.755719678027180208e+00
5.183089720520221100e+00,5.174530691023379703e+00,-2.567708849052419140e-02,-2.724729679082216194e-02,9.757075614718655032e+00
5.183175252404329747e+00,5.174530691023379703e+00,-2.593368414285013301e-02,-2.565956523259416144e-02,9.758406750624555315e+00
5.183255624963500452e+00,5.174530691023379703e+00,-2.617480182036224789e-02,-2.411176775121148808e-02,9.759713430428426761e+00
5.183330968865713650e+00,5.174530691023379703e+00,-2.640083352700184349e-02,-2.260317066395955976e-02,9.760995995809039982e+00
5.183401412367508065e+00,5.174530691023379703e+00,-2.661216403238508832e-02,-2.113305053832448266e-02,9.762254785429291815e+00
5.183467081347845173e+00,5.174530691023379703e+00,-2.680917097339641231e-02,-1.970069410113239883e-02,9.763490134925472574e+00
5.183528099341675244e+00,5.174530691023379703e+00,-2.699222495488662332e-02,-1.830539814902110152e-02,9.764702376896092773e+00
5.183584587573195179e+00,5.174530691023379703e+00,-2.716168964944642994e-02,-1.694646945598066168e-02,9.765891840894573406e+00
5.183636664988804377e+00,5.174530691023379703e+00,-2.731792189627402223e-02,-1.562322468275922915e-02,9.767058853420966358e+00
5.183684448289755942e+00,5.174530691023379703e+00,-2.746127179912871696e-02,-1.433499028546947329e-02,9.768203737915403195e+00
5.183728051964498817e+00,5.174530691023379703e+00,-2.759208282335734452e-02,-1.308110242286275593e-02,9.769326814753780397e+00
5.183767588320717046e+00,5.174530691023379703e+00,-2.771069189201202931e-02,-1.186090686546847905e-02,9.770428401242519101e+00
5.183803167517059052e+00,5.174530691023379703e+00,-2.781742948103804736e-02,-1.067375890260180427e-02,9.771508811616360646e+00
5.183834897594563174e+00,5.174530691023379703e+00,-2.791261971355041283e-02,-9.519023251236546912e-03,9.772568357035213538e+00
5.183862884507770552e+00,5.174530691023379703e+00,-2.799658045317254818e-02,-8.396073962213534969e-03,9.773607345584615302e+00
5.183887232155536928e+00,5.174530691023379703e+00,-2.806962339647167681e-02,-7.304294329912863759e-03,9.774626082273616845e+00
5.183908042411530026e+00,5.174530691023379703e+00,-2.813205416445097029e-02,-6.243076797929347777e-03,9.775624869037621067e+00
5.183925415154426730e+00,5.174530691023379703e+00,-2.818417239314108258e-02,-5.211822869011228931e-03,9.776604004737848186e+00
5.183939448297797625e+00,5.174530691023379703e+00,-2.822627182325376793e-02,-4.209943011268535429e-03,9.777563785165478194e+00
5.183950237819685114e+00,5.174530691023379703e+00,-2.825864038891623409e-02,-3.236856566246615330e-03,9.778504503044837648e+00
5.183957877791876889e+00,5.174530691023379703e+00,-2.828156030549155986e-02,-2.291991657532577165e-03,9.779426448036975472e+00
5.183962460408872097e+00,5.174530691023379703e+00,-2.829530815647718356e-02,-1.374785098562369967e-03,9.780329906744960056e+00
5.183964076016541966e+00,5.174530691023379703e+00,-2.830015497948679126e-02,-4.846823009607703625e-04,9.781215162719552936e+00
5.183962813140484016e+00,5.174530691023379703e+00,-2.829636635131294042e-02,3.788628173850838721e-04,9.782082496466072641e+00
5.183958758514072507e+00,5.174530691023379703e+00,-2.828420247207841243e-02,1.216387923452799669e-03,9.782932185451375773e+00
5.183951997106206022e+00,5.174530691023379703e+00,-2.826391824847895862e-02,2.028422359945381004e-03,9.783764504111466920e+00
5.183942612148751294e+00,5.174530691023379703e+00,-2.823576337611477527e-02,2.815487236418334760e-03,9.784579723860304057e+00
5.183930685163682384e+00,5.174530691023379703e+00,-2.819998242090804297e-02,3.578095520673230112e-03,9.785378113099765685e+00
5.183916295989923206e+00,5.174530691023379703e+00,-2.815681489963051121e-02,4.316752127753176183e-03,9.786159937228124051e+00
5.183899522809887195e+00,5.174530691023379703e+00,-2.810649535952247646e-02,5.031954010803474375e-03,9.786925458651282383e+00
5.183880442175715864e+00,5.174530691023379703e+00,-2.804925345700848283e-02,5.724190251399363660e-03,9.787674936794392266e+00
5.183859129035224278e+00,5.174530691023379703e+00,-2.798531403553372598e-02,6.393942147475684123e-03,9.788408628111941567e+00
5.183835656757543653e+00,5.174530691023379703e+00,-2.791489720249185069e-02,7.041683304187529302e-03,9.789126786101697064e+00
5.183810097158473518e+00,5.174530691023379703e+00,-2.783821840528144520e-02,7.667879721040549157e-03,9.789829661315760490e+00
5.183782520525534565e+00,5.174530691023379703e+00,-2.775548850646458732e-02,8.272989881685788305e-03,9.790517501375221698e+00
5.183752995642733730e+00,5.174530691023379703e+00,-2.766691385806208103e-02,8.857464840250628413e-03,9.791190550982189933e+00
5.183721589815030839e+00,5.174530691023379703e+00,-2.757269637495340930e-02,9.421748310867172904e-03,9.791849051935914261e+00
5.183688368892521048e+00,5.174530691023379703e+00,-2.747303360742403555e-02,9.966276752937375250e-03,9.792493243145514725e+00
5.183653397294325949e+00,5.174530691023379703e+00,-2.736811881283873760e-02,1.049147945852979547e-02,9.793123360645690667e+00
5.183616738032196025e+00,5.174530691023379703e+00,-2.725814102644896764e-02,1.099777863897699604e-02,9.793739637612528526e+00
5.183578452733827113e+00,5.174530691023379703e+00,-2.714328513134223186e-02,1.148558951067357725e-02,9.794342304379330955e+00
5.183538601665896195e+00,5.174530691023379703e+00,-2.702373192754947695e-02,1.195532037927549140e-02,9.794931588451726512e+00
5.183497243756810313e+00,5.174530691023379703e+00,-2.689965820029183163e-02,1.240737272576453165e-02,9.795507714525474086e+00
5.183454436619176597e+00,5.174530691023379703e+00,-2.677123678739068424e-02,1.284214129011473915e-02,9.796070904502723664e+00
5.183410236571993401e+00,5.174530691023379703e+00,-2.663863664584109614e-02,1.326001415495881020e-02,9.796621377509119100e+00
5.183364698662561665e+00,5.174530691023379703e+00,-2.650202291754588657e-02,1.366137282952095688e-02,9.797159349911975568e+00
5.183317876688120940e+00,5.174530691023379703e+00,-2.636155699422371157e-02,1.404659233221750014e-02,9.797685035337995174e+00
5.183269823217213634e+00,5.174530691023379703e+00,-2.621739658150179508e-02,1.441604127219164866e-02,9.798198644690689463e+00
5.183220589610775697e+00,5.174530691023379703e+00,-2.606969576218798323e-02,1.477008193138118486e-02,9.798700386169194587e+00
5.183170226042954631e+00,5.174530691023379703e+00,-2.591860505872478626e-02,1.510907034631969736e-02,9.799190465287594520e+00
5.183118781521661944e+00,5.174530691023379703e+00,-2.576427149484672441e-02,1.543335638780618524e-02,9.799669084892959958e+00
5.183066303908859140e+00,5.174530691023379703e+00,-2.560683865643831325e-02,1.574328384084111576e-02,9.800136445184403300e+00
5.183012839940574601e+00,5.174530691023379703e+00,-2.544644675158469482e-02,1.603919048536184278e-02,9.800592743733776757e+00
5.182958435246662887e+00,5.174530691023379703e+00,-2.528323266984955353e-02,1.632140817351412920e-02,9.801038175503665073e+00
5.182903134370302034e+00,5.174530691023379703e+00,-2.511733004076699416e-02,1.659026290825593719e-02,9.801472932867490329e+00
5.182846980787227942e+00,5.174530691023379703e+00,-2.494886929154471744e-02,1.684607492222767178e-02,9.801897205630684340e+00
5.182790016924716525e+00,5.174530691023379703e+00,-2.477797770401046762e-02,1.708915875342498225e-02,9.802311181049415012e+00
5.182732284180310067e+00,5.174530691023379703e+00,-2.460477947079109384e-02,1.731982332193737761e-02,9.802715043851147669e+00
5.182673822940288666e+00,5.174530691023379703e+00,-2.442939575072688996e-02,1.753837200642038852e-02,9.803108976255693108e+00
5.182614672597892991e+00,5.174530691023379703e+00,-2.425194472353986441e-02,1.774510271870255451e-02,9.803493157995163187e+00
5.182554871571296573e+00,5.174530691023379703e+00,-2.407254164375061123e-02,1.794030797892531837e-02,9.803867766335175205e+00
5.182494457321333847e+00,5.174530691023379703e+00,-2.389129889386243377e-02,1.812427498881774568e-02,9.804232976094954921e+00
5.182433466368981279e+00,5.174530691023379703e+00,-2.370832603680472772e-02,1.829728570577060509e-02,9.804588959668965487e+00
5.182371934312595130e+00,5.174530691023379703e+00,-2.352372986764628138e-02,1.845961691584463438e-02,9.804935887048198850e+00
5.182309895844913861e+00,5.174530691023379703e+00,-2.333761446460247413e-02,1.861154030438072482e-02,9.805273925839777860e+00
5.182247384769816279e+00,5.174530691023379703e+00,-2.315008123930972772e-02,1.875332252927464083e-02,9.805603241289965410e+00
5.182184434018847874e+00,5.174530691023379703e+00,-2.296122898640451382e-02,1.888522529052139021e-02,9.805923996304116486e+00
5.182121075667510013e+00,5.174530691023379703e+00,-2.277115393239093066e-02,1.900750540135831557e-02,9.806236351468967882e+00
5.182057340951319091e+00,5.174530691023379703e+00,-2.257994978381816509e-02,1.912041485727655754e-02,9.806540465073458890e+00
5.181993260281635649e+00,5.174530691023379703e+00,-2.238770777476783991e-02,1.922420090503251799e-02,9.806836493130266064e+00
5.181928863261265228e+00,5.174530691023379703e+00,-2.219451671365657575e-02,1.931910611112641618e-02,9.807124589397471226e+00
5.181864178699834511e+00,5.174530691023379703e+00,-2.200046302936442544e-02,1.940536842921503080e-02,9.807404905399851103e+00
5.181799234628943651e+00,5.174530691023379703e+00,-2.180563081669184555e-02,1.948322126725798853e-02,9.807677590450566640e+00
5.181734058317097436e+00,5.174530691023379703e+00,-2.161010188115319863e-02,1.955289355386469197e-02,9.807942791672711991e+00
5.181668676284418851e+00,5.174530691023379703e+00,-2.141395578311744430e-02,1.961460980357543349e-02,9.808200654020458487e+00
5.181603114317142378e+00,5.174530691023379703e+00,-2.121726988128802560e-02,1.966859018294186967e-02,9.808451320301653453e+00
5.181537397481895901e+00,5.174530691023379703e+00,-2.102011937554859600e-02,1.971505057394296045e-02,9.808694931198395750e+00
5.181471550139769455e+00,5.174530691023379703e+00,-2.082257734916925784e-02,1.975420263793381537e-02,9.808931625288764167e+00
5.181405595960171695e+00,5.174530691023379703e+00,-2.062471481037597698e-02,1.978625387932808621e-02,9.809161539068952607e+00
5.181339557934481199e+00,5.174530691023379703e+00,-2.042660073330448967e-02,1.981140770714873156e-02,9.809384806973845627e+00
5.181273458389488162e+00,5.174530691023379703e+00,-2.022830209832537918e-02,1.982986349791104885e-02,9.809601561399585279e+00
5.181207319000634470e+00,5.174530691023379703e+00,-2.002988393176430293e-02,1.984181665610762479e-02,9.809811932724343819e+00
5.181141160805053936e+00,5.174530691023379703e+00,-1.983140934502269914e-02,1.984745867416037868e-02,9.810016049329139065e+00
5.181075004214405588e+00,5.174530691023379703e+00,-1.963293957307765680e-02,1.984697719450423392e-02,9.810214037621427963e+00
5.181008869027519559e+00,5.174530691023379703e+00,-1.943453401241956868e-02,1.984055606580881204e-02,9.810406022053388853e+00
5.180942774442838683e+00,5.174530691023379703e+00,-1.923625025837694125e-02,1.982837540426274359e-02,9.810592125145886300e+00
5.180876739070672699e+00,5.174530691023379703e+00,-1.903814414187898763e-02,1.981061164979536215e-02,9.810772467507916872e+00
5.180810780945257932e+00,5.174530691023379703e+00,-1.884026976563468736e-02,1.978743762443002652e-02,9.810947167858795837e+00
5.180744917536628691e+00,5.174530691023379703e+00,-1.864267953974696468e-02,1.975902258877226814e-02,9.811116343049025801e+00
5.180679165762303917e+00,5.174530691023379703e+00,-1.844542421677264343e-02,1.972553229743212455e-02,9.811280108080659090e+00
5.180613541998787319e+00,5.174530691023379703e+00,-1.824855292622284963e-02,1.968712905497937982e-02,9.811438576128757916e+00
5.180548062092883654e+00,5.174530691023379703e+00,-1.805211320851185519e-02,1.964397177109944437e-02,9.811591858562588087e+00
5.180482741372836486e+00,5.174530691023379703e+00,-1.785615104837035005e-02,1.959621601415051373e-02,9.811740064965780661e+00
5.180417594659285641e+00,5.174530691023379703e+00,-1.766071090771781371e-02,1.954401406525363427e-02,9.811883303157536318e+00
5.180352636276050582e+00,5.174530691023379703e+00,-1.746583575801263777e-02,1.948751497051759429e-02,9.812021679212506342e+00
5.180287880060737038e+00,5.174530691023379703e+00,-1.727156711207200601e-02,1.942686459406317567e-02,9.812155297481991667e+00
5.180223339375171321e+00,5.174530691023379703e+00,-1.707794505537485463e-02,1.936220566971513790e-02,9.812284260614340781e+00
5.180159027115667669e+00,5.174530691023379703e+00,-1.688500827686389982e-02,1.929367785109548095e-02,9.812408669574232079e+00
5.180094955723121508e+00,5.174530691023379703e+00,-1.669279409922541646e-02,1.922141776384833634e-02,9.812528623664622529e+00
5.180031137192941060e+00,5.174530691023379703e+00,-1.650133850868407137e-02,1.914555905413450887e-02,9.812644220545450935e+00
5.179967583084815530e+00,5.174530691023379703e+00,-1.631067618430748212e-02,1.906623243765892539e-02,9.812755556253351941e+00
5.179904304532315429e+00,5.174530691023379703e+00,-1.612084052680717861e-02,1.898356575003035118e-02,9.812862725223222782e+00
5.179841312252337460e+00,5.174530691023379703e+00,-1.593186368687327104e-02,1.889768399339075700e-02,9.812965820306517983e+00
5.179778616554390425e+00,5.174530691023379703e+00,-1.574377659303216603e-02,1.880870938411050020e-02,9.813064932791078832e+00
5.179716227349722146e+00,5.174530691023379703e+00,-1.555660897902733097e-02,1.871676140048350589e-02,9.813160152421456672e+00
5.179654154160296287e+00,5.174530691023379703e+00,-1.537038941074975185e-02,1.862195682775791283e-02,9.813251567417008658e+00
5.179592406127611959e+00,5.174530691023379703e+00,-1.518514531269676837e-02,1.852440980529834746e-02,9.813339264492601188e+00
5.179530992021376790e+00,5.174530691023379703e+00,-1.500090299399126081e-02,1.842423187055075573e-02,9.813423328876559992e+00
5.179469920248028991e+00,5.174530691023379703e+00,-1.481768767394786579e-02,1.832153200433950246e-02,9.813503844330391246e+00
5.179409198859114660e+00,5.174530691023379703e+00,-1.463552350720487283e-02,1.821641667429929612e-02,9.813580893167095809e+00
5.179348835559516750e+00,5.174530691023379703e+00,-1.445443360841114355e-02,1.810898987937292759e-02,9.813654556270961393e+00
5.179288837715546379e+00,5.174530691023379703e+00,-1.427444007650002789e-02,1.799935319111156673e-02,9.813724913114612036e+00
5.179229212362887580e+00,5.174530691023379703e+00,-1.409556401852363194e-02,1.788760579763959413e-02,9.813792041779116460e+00
5.179169966214406173e+00,5.174530691023379703e+00,-1.391782557307941204e-02,1.777384454442199058e-02,9.813856018971343076e+00
5.179111105667821846e+00,5.174530691023379703e+00,-1.374124393332643024e-02,1.765816397529818005e-02,9.813916920041972247e+00
5.179052636813241683e+00,5.174530691023379703e+00,-1.356583736958594244e-02,1.754065637404877975e-02,9.813974819004464223e+00
5.178994565440562248e+00,5.174530691023379703e+00,-1.339162325154763522e-02,1.742141180383072196e-02,9.814029788552282696e+00
5.178936897046738430e+00,5.174530691023379703e+00,-1.321861807007618239e-02,1.730051814714528291e-02,9.814081900077070486e+00
5.178879636842921741e+00,5.174530691023379703e+00,-1.304683745862611488e-02,1.717806114500675108e-02,9.814131223686381134e+00
5.178822789761474255e+00,5.174530691023379703e+00,-1.287629621428365567e-02,1.705412443424592084e-02,9.814177828219962763e+00
5.178766360462848439e+00,5.174530691023379703e+00,-1.270700831840620992e-02,1.692878958774457487e-02,9.814221781269338862e+00
5.178710353342349748e+00,5.174530691023379703e+00,-1.253898695691013643e-02,1.680213614960734958e-02,9.814263149192697711e+00
5.178654772536770423e+00,5.174530691023379703e+00,-1.237224454017216146e-02,1.667424167379749633e-02,9.814301997133625832e+00
5.178599621930904284e+00,5.174530691023379703e+00,-1.220679272257374492e-02,1.654518175984165396e-02,9.814338389037267518e+00
5.178544905163941614e+00,5.174530691023379703e+00,-1.204264242168573418e-02,1.641503008880107473e-02,9.814372387667116726e+00
5.178490625635745914e+00,5.174530691023379703e+00,-1.187980383709863474e-02,1.628385845870994331e-02,9.814404054621611806e+00
5.178436786513012535e+00,5.174530691023379703e+00,-1.171828646889849779e-02,1.615173682001369571e-02,9.814433450351115695e+00
5.178383390735313618e+00,5.174530691023379703e+00,-1.155809913580174708e-02,1.601873330967507059e-02,9.814460634173872933e+00
5.178330441021032904e+00,5.174530691023379703e+00,-1.139924999295960362e-02,1.588491428421434648e-02,9.814485664291254352e+00
5.178277939873180635e+00,5.174530691023379703e+00,-1.124174654940279794e-02,1.575034435568056779e-02,9.814508597806277379e+00
5.178225889585108987e+00,5.174530691023379703e+00,-1.108559568518785454e-02,1.561508642149433967e-02,9.814529490736306983e+00
5.178174292246111143e+00,5.174530691023379703e+00,-1.093080366819432214e-02,1.547920169935323997e-02,9.814548398031160303e+00
5.178123149746916454e+00,5.174530691023379703e+00,-1.077737617061025333e-02,1.534274975840688171e-02,9.814565373587797126e+00
5.178072463785080792e+00,5.174530691023379703e+00,-1.062531828510326903e-02,1.520578855069842916e-02,9.814580470265596546e+00
5.178022235870271217e+00,5.174530691023379703e+00,-1.047463454067454336e-02,1.506837444287256744e-02,9.814593739902198521e+00
5.177972467329452044e+00,5.174530691023379703e+00,-1.032532891821702492e-02,1.493056224575184388e-02,9.814605233327535316e+00
5.177923159311966117e+00,5.174530691023379703e+00,-1.017740486575924308e-02,1.479240524577818405e-02,9.814615000380019438e+00
5.177874312794517486e+00,5.174530691023379703e+00,-1.003086531341335075e-02,1.465395523458923321e-02,9.814623089921177268e+00
5.177825928586061721e+00,5.174530691023379703e+00,-9.885712688046055518e-03,1.451526253672952294e-02,9.814629549848683965e+00
5.177778007332590526e+00,5.174530691023379703e+00,-9.741948927632471111e-03,1.437637604135844072e-02,9.814634427113727355e+00
5.177730549521830206e+00,5.174530691023379703e+00,-9.599575495351508891e-03,1.423734322809622199e-02,9.814637767732744322e+00
5.177683555487843314e+00,5.174530691023379703e+00,-9.458593393390835047e-03,1.409821019606738446e-02,9.814639616802676159e+00
5.177637025415537053e+00,5.174530691023379703e+00,-9.319003176472051564e-03,1.395902169187834829e-02,9.814640018515406794e+00
5.177590959345081956e+00,5.174530691023379703e+00,-9.180804965106759141e-03,1.381982113652924227e-02,9.814639016171422981e+00
5.177545357176244423e+00,5.174530691023379703e+00,-9.043998458594160184e-03,1.368065065125989577e-02,9.814636652192666233e+00
5.177500218672625998e+00,5.174530691023379703e+00,-8.908582947738885593e-03,1.354155108552745901e-02,9.814632968137789959e+00
5.177455543465820931e+00,5.174530691023379703e+00,-8.774557327323684319e-03,1.340256204152012742e-02,9.814628004714197829e+00
5.177411331059487587e+00,5.174530691023379703e+00,-8.641920108323652983e-03,1.326372190000313367e-02,9.814621801791680866e+00
5.177367580833333705e+00,5.174530691023379703e+00,-8.510669429862005586e-03,1.312506784616473965e-02,9.814614398416303231e+00
5.177324292047020826e+00,5.174530691023379703e+00,-8.380803070923370512e-03,1.298663589386350736e-02,9.814605832822941522e+00
5.177281463843990572e+00,5.174530691023379703e+00,-8.252318461832608421e-03,1.284846090907620919e-02,9.814596142447243210e+00
5.177239095255204759e+00,5.174530691023379703e+00,-8.125212695475170221e-03,1.271057663574381991e-02,9.814585363940269147e+00
5.177197185202813579e+00,5.174530691023379703e+00,-7.999482538301627699e-03,1.257301571735425227e-02,9.814573533179054010e+00
5.177155732503740282e+00,5.174530691023379703e+00,-7.875124441081737814e-03,1.243580972198898849e-02,9.814560685280907748e+00
5.177114735873194817e+00,5.174530691023379703e+00,-7.752134549445344192e-03,1.229898916363936223e-02,9.814546854614194515e+00
5.177074193928111079e+00,5.174530691023379703e+00,-7.630508714194128572e-03,1.216258352512156193e-02,9.814532074810927043e+00
5.177034105190507773e+00,5.174530691023379703e+00,-7.510242501384212233e-03,1.202662128099163397e-02,9.814516378779607919e+00
5.176994468090782675e+00,5.174530691023379703e+00,-7.391331202208917261e-03,1.189112991752949711e-02,9.814499798715321077e+00
5.176955280970929607e+00,5.174530691023379703e+00,-7.273769842649713269e-03,1.175613595592039928e-02,9.814482366113271183e+00
5.176916542087687922e+00,5.174530691023379703e+00,-7.157553192924659413e-03,1.162166497250538555e-02,9.814464111779582112e+00
5.176878249615623595e+00,5.174530691023379703e+00,-7.042675776731677217e-03,1.148774161929821958e-02,9.814445065842566152e+00
5.176840401650143697e+00,5.174530691023379703e+00,-6.929131880291983236e-03,1.135438964396939809e-02,9.814425257763677024e+00
5.176802996210439822e+00,5.174530691023379703e+00,-6.816915561180358907e-03,1.122163191116243297e-02,9.814404716349983460e+00
5.176766031242371113e+00,5.174530691023379703e+00,-6.706020656974231997e-03,1.108949042061269097e-02,9.814383469763638956e+00
5.176729504621278899e+00,5.174530691023379703e+00,-6.596440793697588845e-03,1.095798632766431524e-02,9.814361545533966336e+00
5.176693414154740047e+00,5.174530691023379703e+00,-6.488169394081033658e-03,1.082713996165551862e-02,9.814338970567575871e+00
5.176657757585258146e+00,5.174530691023379703e+00,-6.381199685635330354e-03,1.069697084457033043e-02,9.814315771158934609e+00
5.176622532592891623e+00,5.174530691023379703e+00,-6.275524708535762386e-03,1.056749770995679683e-02,9.814291973001420644e+00
5.176587736797825912e+00,5.174530691023379703e+00,-6.171137323338626857e-03,1.043873851971355293e-02,9.814267601196375423e+00
5.176553367762879887e+00,5.174530691023379703e+00,-6.068030218500553019e-03,1.031071048380738375e-02,9.814242680265307328e+00
5.176519422995959907e+00,5.174530691023379703e+00,-5.966195917740613197e-03,1.018343007599398220e-02,9.814217234158252978e+00
5.176485899952456116e+00,5.174530691023379703e+00,-5.865626787229238914e-03,1.005691305113742828e-02,9.814191286263909575e+00
5.176452796037578352e+00,5.174530691023379703e+00,-5.766315042595948626e-03,9.931174463329028868e-03,9.814164859420733578e+00
5.176420108608643211e+00,5.174530691023379703e+00,-5.668252755790526010e-03,9.806228680542261600e-03,9.814137975924751345e+00
5.176387834977299818e+00,5.174530691023379703e+00,-5.571431861760345328e-03,9.682089403018068197e-03,9.814110657541258220e+00
5.176355972411711193e+00,5.174530691023379703e+00,-5.475844164994470020e-03,9.558769676587530739e-03,9.814082925511593558e+00
5.176324518138673447e+00,5.174530691023379703e+00,-5.381481345881233835e-03,9.436281911323618488e-03,9.814054800565443770e+00
5.176293469345692344e+00,5.174530691023379703e+00,-5.288334966937924264e-03,9.314637894330957124e-03,9.814026302927393530e+00
5.176262823183003903e+00,5.174530691023379703e+00,-5.196396478872600255e-03,9.193848806532400886e-03,9.813997452327660298e+00
5.176232576765547932e+00,5.174530691023379703e+00,-5.105657226504689561e-03,9.073925236791069437e-03,9.813968268010286877e+00
5.176202727174893603e+00,5.174530691023379703e+00,-5.016108454541701178e-03,8.954877196298838271e-03,9.813938768741756746e+00
5.176173271461113501e+00,5.174530691023379703e+00,-4.927741313201394746e-03,8.836714134030643208e-03,9.813908972820829746e+00
5.176144206644615053e+00,5.174530691023379703e+00,-4.840546863706052250e-03,8.719444949534249645e-03,9.813878898085828695e+00
5.176115529717924879e+00,5.174530691023379703e+00,-4.754516083635529355e-03,8.603078007052289422e-03,9.813848561923418146e+00
5.176087237647426953e+00,5.174530691023379703e+00,-4.669639872141750914e-03,8.487621149377844176e-03,9.813817981277235702e+00
5.176059327375057251e+00,5.174530691023379703e+00,-4.585909055032644233e-03,8.373081710910668107e-03,9.813787172655878521e+00
5.176031795819953096e+00,5.174530691023379703e+00,-4.503314389720181055e-03,8.259466531246317800e-03,9.813756152141525746e+00
5.176004639880063429e+00,5.174530691023379703e+00,-4.421846570051179981e-03,8.146781966900107363e-03,9.813724935396848537e+00
5.175977856433712887e+00,5.174530691023379703e+00,-4.341496230999553063e-03,8.035033905162691781e-03,9.813693537674163636e+00
5.175951442341130360e+00,5.174530691023379703e+00,-4.262253953251970984e-03,7.924227774758207943e-03,9.813661973821506734e+00
5.175925394445929584e+00,5.174530691023379703e+00,-4.184110267649643333e-03,7.814368560232765049e-03,9.813630258292583619e+00
5.175899709576557761e+00,5.174530691023379703e+00,-4.107055659534175618e-03,7.705460811546771538e-03,9.813598405152013981e+00
5.175874384547701546e+00,5.174530691023379703e+00,-4.031080572965528575e-03,7.597508656864704335e-03,9.813566428083898785e+00
5.175849416161653949e+00,5.174530691023379703e+00,-3.956175414822737935e-03,7.490515814279063989e-03,9.813534340399456823e+00
5.175824801209645720e+00,5.174530691023379703e+00,-3.882330558798052778e-03,7.384485602468515708e-03,9.813502155043671848e+00
5.175800536473142088e+00,5.174530691023379703e+00,-3.809536349287157009e-03,7.279420951089576874e-03,9.813469884601802917e+00
5.175776618725098643e+00,5.174530691023379703e+00,-3.737783105156822216e-03,7.175324413033479232e-03,9.813437541307877154e+00
5.175753044731186137e+00,5.174530691023379703e+00,-3.667061123419301794e-03,7.072198173752042294e-03,9.813405137050333238e+00
5.175729811250978862e+00,5.174530691023379703e+00,-3.597360682797479114e-03,6.970044062182267908e-03,9.813372683379384398e+00
5.175706915039109290e+00,5.174530691023379703e+00,-3.528672047188763372e-03,6.868863560871574236e-03,9.813340191513683308e+00
5.175684352846390723e+00,5.174530691023379703e+00,-3.460985469033062145e-03,6.768657815570122693e-03,9.813307672346537558e+00
5.175662121420907091e+00,5.174530691023379703e+00,-3.394291192582166161e-03,6.669427645089598400e-03,9.813275136452507041e+00
5.175640217509068997e+00,5.174530691023379703e+00,-3.328579457067881719e-03,6.571173551428444171e-03,9.813242594094361948e+00
5.175618637856640447e+00,5.174530691023379703e+00,-3.263840499782233451e-03,6.473895728564826868e-03,9.813210055228783091e+00
5.175597379209734505e+00,5.174530691023379703e+00,-3.200064559064408343e-03,6.377594071782510809e-03,9.813177529512717712e+00
5.175576438315779626e+00,5.174530691023379703e+00,-3.137241877199770101e-03,6.282268186463824122e-03,9.813145026309264551e+00
5.175555811924455796e+00,5.174530691023379703e+00,-3.075362703228279315e-03,6.187917397149078624e-03,9.813112554693921297e+00
5.175535496788601364e+00,5.174530691023379703e+00,-3.014417295664983953e-03,6.094540756329536180e-03,9.813080123460665050e+00
5.175515489665093227e+00,5.174530691023379703e+00,-2.954395925140573809e-03,6.002137052441014475e-03,9.813047741127300938e+00
5.175495787315697704e+00,5.174530691023379703e+00,-2.895288876954005275e-03,5.910704818656853377e-03,9.813015415941702457e+00
5.175476386507896542e+00,5.174530691023379703e+00,-2.837086453550519138e-03,5.820242340348613652e-03,9.812983155886797704e+00
5.175457284015683612e+00,5.174530691023379703e+00,-2.779778976911728705e-03,5.730747663879043330e-03,9.812950968686967812e+00
5.175438476620339401e+00,5.174530691023379703e+00,-2.723356790879094547e-03,5.642218603263415844e-03,9.812918861812384819e+00
5.175419961111176193e+00,5.174530691023379703e+00,-2.667810263389469583e-03,5.554652748962496389e-03,9.812886842485573524e+00
5.175401734286261934e+00,5.174530691023379703e+00,-2.613129788646695317e-03,5.468047474277426545e-03,9.812854917685630340e+00
5.175383792953116568e+00,5.174530691023379703e+00,-2.559305789210597482e-03,5.382399943609783577e-03,9.812823094154399683e+00
5.175366133929386159e+00,5.174530691023379703e+00,-2.506328718019368296e-03,5.297707119122918584e-03,9.812791378401104936e+00
5.175348754043495703e+00,5.174530691023379703e+00,-2.454189060347999884e-03,5.213965767136841123e-03,9.812759776706789339e+00
5.175331650135276185e+00,5.174530691023379703e+00,-2.402877335689446170e-03,5.131172465855371456e-03,9.812728295130167311e+00
5.175314819056569426e+00,5.174530691023379703e+00,-2.352384099569171383e-03,5.049323612027478703e-03,9.812696939512459693e+00
5.175298257671814284e+00,5.174530691023379703e+00,-2.302699945303743334e-03,4.968415426542804880e-03,9.812665715481239559e+00
5.175281962858607088e+00,5.174530691023379703e+00,-2.253815505682155163e-03,4.888443962158817158e-03,9.812634628456477159e+00
5.175265931508245210e+00,5.174530691023379703e+00,-2.205721454596520914e-03,4.809405108563424847e-03,9.812603683653968289e+00
5.175250160526249310e+00,5.174530691023379703e+00,-2.158408508608822274e-03,4.731294598769864024e-03,9.812572886090162427e+00
5.175234646832862495e+00,5.174530691023379703e+00,-2.111867428448377382e-03,4.654108016044489204e-03,9.812542240587596609e+00
5.175219387363534373e+00,5.174530691023379703e+00,-2.066089020464012549e-03,4.577840798436483283e-03,9.812511751777972080e+00
5.175204379069383798e+00,5.174530691023379703e+00,-2.021064138012285127e-03,4.502488245172742154e-03,9.812481424107161843e+00
5.175189618917643841e+00,5.174530691023379703e+00,-1.976783682792415675e-03,4.428045521986945232e-03,9.812451261839195027e+00
5.175175103892088124e+00,5.174530691023379703e+00,-1.933238606125264880e-03,4.354507666715079495e-03,9.812421269060589424e+00
5.175160830993438488e+00,5.174530691023379703e+00,-1.890419910176355245e-03,4.281869594890963526e-03,9.812391449684714217e+00
5.175146797239756680e+00,5.174530691023379703e+00,-1.848318649130931135e-03,4.210126104542410985e-03,9.812361807455411977e+00
5.175132999666820943e+00,5.174530691023379703e+00,-1.806925930323721730e-03,4.139271880720940544e-03,9.812332345950398604e+00
5.175119435328480400e+00,5.174530691023379703e+00,-1.766232915302090589e-03,4.069301502163114037e-03,9.812303068586860633e+00
5.175106101296997885e+00,5.174530691023379703e+00,-1.726230820854546266e-03,4.000209444754432297e-03,9.812273978623899495e+00
5.175092994663378576e+00,5.174530691023379703e+00,-1.686910919996620351e-03,3.931990085792591572e-03,9.812245079165796469e+00
5.175080112537675525e+00,5.174530691023379703e+00,-1.648264542887467599e-03,3.864637710915275193e-03,9.812216373168027417e+00
5.175067452049288974e+00,5.174530691023379703e+00,-1.610283077727814316e-03,3.798146515965328263e-03,9.812187863438238011e+00
5.175055010347246132e+00,5.174530691023379703e+00,-1.572957971599286964e-03,3.732510612852735221e-03,9.812159552641254834e+00
5.175042784600467627e+00,5.174530691023379703e+00,-1.536280731263772736e-03,3.667724033551422735e-03,9.812131443302288147e+00
5.175030771998019752e+00,5.174530691023379703e+00,-1.500242923920147575e-03,3.603780734362516114e-03,9.812103537810443754e+00
5.175018969749352493e+00,5.174530691023379703e+00,-1.464836177918371618e-03,3.540674600177595721e-03,9.812075838422259721e+00
5.175007375084527794e+00,5.174530691023379703e+00,-1.430052183444274760e-03,3.478399447409685763e-03,9.812048347263965908e+00
5.174995985254429165e+00,5.174530691023379703e+00,-1.395882693148386977e-03,3.416949029588778330e-03,9.812021066336441777e+00
5.174984797530964187e+00,5.174530691023379703e+00,-1.362319522753452361e-03,3.356317039493461607e-03,9.811993997516740507e+00
5.174973809207251030e+00,5.174530691023379703e+00,-1.329354551613981528e-03,3.296497113947083335e-03,9.811967142562334487e+00
5.174963017597794313e+00,5.174530691023379703e+00,-1.296979723243829596e-03,3.237482837015193127e-03,9.811940503113770973e+00
5.174952420038648526e+00,5.174530691023379703e+00,-1.265187045806470678e-03,3.179267743735891827e-03,9.811914080697929919e+00
5.174942013887572578e+00,5.174530691023379703e+00,-1.233968592578627010e-03,3.121845322784366772e-03,9.811887876730207125e+00
5.174931796524170124e+00,5.174530691023379703e+00,-1.203316502371265528e-03,3.065209020736148204e-03,9.811861892518365380e+00
5.174921765350019243e+00,5.174530691023379703e+00,-1.173222979918620013e-03,3.009352245264551584e-03,9.811836129265346429e+00
5.174911917788795002e+00,5.174530691023379703e+00,-1.143680296245896955e-03,2.954268367272305795e-03,9.811810588071026018e+00
5.174902251286377819e+00,5.174530691023379703e+00,-1.114680788994348859e-03,2.899950725154809561e-03,9.811785269936160958e+00
5.174892763310953825e+00,5.174530691023379703e+00,-1.086216862722366727e-03,2.846392627198213177e-03,9.811760175764476344e+00
5.174883451353106345e+00,5.174530691023379703e+00,-1.058280989179927190e-03,2.793587354243953769e-03,9.811735306365065412e+00
5.174874312925895836e+00,5.174530691023379703e+00,-1.030865707548400678e-03,2.741528163152651132e-03,9.811710662455604748e+00
5.174865345564930941e+00,5.174530691023379703e+00,-1.003963624653714248e-03,2.690208289468642988e-03,9.811686244664816314e+00
5.174856546828432435e+00,5.174530691023379703e+00,-9.775674151581981164e-04,2.639620949551613194e-03,9.811662053534394801e+00
5.174847914297287410e+00,5.174530691023379703e+00,-9.516698217231223111e-04,2.589759343507580525e-03,9.811638089521785844e+00
5.174839445575094565e+00,5.174530691023379703e+00,-9.262636551445879718e-04,2.540616657853433935e-03,9.811614353002710232e+00
5.174831138288201515e+00,5.174530691023379703e+00,-9.013417944654378289e-04,2.492186067915014291e-03,9.811590844273450074e+00
5.174822990085735874e+00,5.174530691023379703e+00,-8.768971870685149383e-04,2.444460739692289053e-03,9.811567563552625160e+00
5.174814998639625685e+00,5.174530691023379703e+00,-8.529228487379469925e-04,2.397433833056794583e-03,9.811544510984319345e+00
5.174807161644613629e+00,5.174530691023379703e+00,-8.294118637017788842e-04,2.351098503616810831e-03,9.811521686639915529e+00
5.174799476818265909e+00,5.174530691023379703e+00,-8.063573846586180593e-04,2.305447904316082486e-03,9.811499090519657074e+00
5.174791941900970471e+00,5.174530691023379703e+00,-7.837526327723054465e-04,2.260475188631261290e-03,9.811476722555859453e+00
5.174784554655929902e+00,5.174530691023379703e+00,-7.615908976505991745e-04,2.216173512170627191e-03,9.811454582614519637e+00
5.174777312869150769e+00,5.174530691023379703e+00,-7.398655373132001500e-04,2.172536033739902450e-03,9.811432670496426312e+00
5.174770214349421416e+00,5.174530691023379703e+00,-7.185699781251386753e-04,2.129555918806147474e-03,9.811410985940682394e+00
5.174763256928286204e+00,5.174530691023379703e+00,-6.976977147195029261e-04,2.087226340563574922e-03,9.811389528625845458e+00
5.174756438460013541e+00,5.174530691023379703e+00,-6.772423099015156822e-04,2.045540481798724386e-03,9.811368298171897706e+00
5.174749756821558577e+00,5.174530691023379703e+00,-6.571973945366238468e-04,2.004491536489183545e-03,9.811347294141953057e+00
5.174743209912517905e+00,5.174530691023379703e+00,-6.375566674146071477e-04,1.964072712201669901e-03,9.811326516044786672e+00
5.174736795655081600e+00,5.174530691023379703e+00,-6.183138951056932342e-04,1.924277230891391355e-03,9.811305963335787084e+00
5.174730511993978155e+00,5.174530691023379703e+00,-5.994629117953564901e-04,1.885098331033674413e-03,9.811285635419238815e+00
5.174724356896416744e+00,5.174530691023379703e+00,-5.809976191111232424e-04,1.846529268423324766e-03,9.811265531649311811e+00
5.174718328352020613e+00,5.174530691023379703e+00,-5.629119859227316169e-04,1.808563318839162548e-03,9.811245651332917816e+00
5.174712424372757802e+00,5.174530691023379703e+00,-5.452000481342977878e-04,1.771193778843382916e-03,9.811225993730708694e+00
5.174706642992868311e+00,5.174530691023379703e+00,-5.278559084658240863e-04,1.734413966847370148e-03,9.811206558058382043e+00
5.174700982268784166e+00,5.174530691023379703e+00,-5.108737362133908277e-04,1.698217225243325856e-03,9.811187343489031321e+00
5.174695440279049485e+00,5.174530691023379703e+00,-4.942477670093481379e-04,1.662596920404268985e-03,9.811168349153394530e+00
5.174690015124229880e+00,5.174530691023379703e+00,-4.779723025505333567e-04,1.627546445881478121e-03,9.811149574143332330e+00
5.174684704926824530e+00,5.174530691023379703e+00,-4.620417103344820475e-04,1.593059221605130915e-03,9.811131017511272034e+00
5.174679507831170255e+00,5.174530691023379703e+00,-4.464504233716581894e-04,1.559128696282385818e-03,9.811112678272911225e+00
5.174674422003342933e+00,5.174530691023379703e+00,-4.311929398896907628e-04,1.525748348196742654e-03,9.811094555408306661e+00
5.174669445631057130e+00,5.174530691023379703e+00,-4.162638230322812660e-04,1.492911685740949679e-03,9.811076647862709166e+00
5.174664576923556858e+00,5.174530691023379703e+00,-4.016577005314658777e-04,1.460612250081538832e-03,9.811058954549551459e+00
5.174659814111511658e+00,5.174530691023379703e+00,-3.873692643958648318e-04,1.428843613560104586e-03,9.811041474349163849e+00
5.174655155446902022e+00,5.174530691023379703e+00,-3.733932705669573693e-04,1.397599382890746256e-03,9.811024206112325174e+00
5.174650599202903045e+00,5.174530691023379703e+00,-3.597245385700276188e-04,1.366873199692975049e-03,9.811007148661122557e+00
5.174646143673770737e+00,5.174530691023379703e+00,-3.463579511731040839e-04,1.336658739692353493e-03,9.810990300788519747e+00
5.174641787174716789e+00,5.174530691023379703e+00,-3.332884540112601712e-04,1.306949716184391264e-03,9.810973661262174517e+00
5.174637528041789558e+00,5.174530691023379703e+00,-3.205110552295664661e-04,1.277739878169370513e-03,9.810957228822939413e+00
5.174633364631744392e+00,5.174530691023379703e+00,-3.080208250940685843e-04,1.249023013549788175e-03,9.810941002188457105e+00
5.174629295321917510e+00,5.174530691023379703e+00,-2.958128956134231657e-04,1.220792948064541861e-03,9.810924980052451616e+00
5.174625318510096328e+00,5.174530691023379703e+00,-2.838824601498757261e-04,1.193043546354743967e-03,9.810909161086204477e+00
5.174621432614383565e+00,5.174530691023379703e+00,-2.722247730115867625e-04,1.165768713828896352e-03,9.810893543940817807e+00
5.174617636073064908e+00,5.174530691023379703e+00,-2.608351490556160002e-04,1.138962395597076238e-03,9.810878127246542846e+00
5.174613927344471342e+00,5.174530691023379703e+00,-2.497089632749194266e-04,1.112618578069657360e-03,9.810862909614794347e+00
5.174610304906838820e+00,5.174530691023379703e+00,-2.388416503773527211e-04,1.086731289756670549e-03,9.810847889639379815e+00
5.174606767258170592e+00,5.174530691023379703e+00,-2.282287043726682896e-04,1.061294600468443150e-03,9.810833065896096272e+00
5.174603312916091546e+00,5.174530691023379703e+00,-2.178656781355314820e-04,1.036302623713680759e-03,9.810818436945577758e+00
5.174599940417706989e+00,5.174530691023379703e+00,-2.077481829818594861e-04,1.011749515367199592e-03,9.810804001332385837e+00
5.174596648319456094e+00,5.174530691023379703e+00,-1.978718882291730097e-04,9.876294752686476386e-04,9.810789757587039972e+00
5.174593435196963576e+00,5.174530691023379703e+00,-1.882325207516188925e-04,9.639367477554117158e-04,9.810775704227005178e+00
5.174590299644894031e+00,5.174530691023379703e+00,-1.788258645429863236e-04,9.406656208632568905e-04,9.810761839756320768e+00
5.174587240276800060e+00,5.174530691023379703e+00,-1.696477602610713120e-04,9.178104281915011597e-04,9.810748162667930927e+00
5.174584255724973048e+00,5.174530691023379703e+00,-1.606941047800347633e-04,8.953655481036548736e-04,9.810734671443324117e+00
5.174581344640290403e+00,5.174530691023379703e+00,-1.519608507321024149e-04,8.733254047932348385e-04,9.810721364554062518e+00
5.174578505692062791e+00,5.174530691023379703e+00,-1.434440060492647717e-04,8.516844682837643177e-04,9.810708240462234997e+00
5.174575737567881362e+00,5.174530691023379703e+00,-1.351396335049770414e-04,8.304372544287730307e-04,9.810695297620924293e+00
5.174573038973462324e+00,5.174530691023379703e+00,-1.270438502478654641e-04,8.095783257111577313e-04,9.810682534475464678e+00
5.174570408632490626e+00,5.174530691023379703e+00,-1.191528273327691068e-04,7.891022915096357337e-04,9.810669949464177364e+00
5.174567845286465406e+00,5.174530691023379703e+00,-1.114627892571107282e-04,7.690038075658378602e-04,9.810657541018308336e+00
5.174565347694541906e+00,5.174530691023379703e+00,-1.039700134866095027e-04,7.492775770501225452e-04,9.810645307563564899e+00
5.174562914633375144e+00,5.174530691023379703e+00,-9.667082998632281488e-05,7.299183500286687831e-04,9.810633247520042843e+00
5.174560544896960046e+00,5.174530691023379703e+00,-8.956162074102991255e-05,7.109209245292902324e-04,9.810621359303787870e+00
5.174558237296475127e+00,5.174530691023379703e+00,-8.263881928627370144e-05,6.922801454756211115e-04,9.810609641326189845e+00
5.174555990660123506e+00,5.174530691023379703e+00,-7.589891023140893367e-05,6.739909054864767768e-04,9.810598091995256453e+00
5.174553803832971255e+00,5.174530691023379703e+00,-6.933842877465679067e-05,6.560481456752143004e-04,9.810586709716901055e+00
5.174551675676790197e+00,5.174530691023379703e+00,-6.295396023148214226e-05,6.384468543174648403e-04,9.810575492894086480e+00
5.174549605069898917e+00,5.174530691023379703e+00,-5.674213955764173534e-05,6.211820673840406926e-04,9.810564439927826896e+00
5.174547590907000227e+00,5.174530691023379703e+00,-5.069965086157424139e-05,6.042488696067493947e-04,9.810553549218745673e+00
5.174545632099023962e+00,5.174530691023379703e+00,-4.482322693277751569e-05,5.876423928796725704e-04,9.810542819165947392e+00
5.174543727572963547e+00,5.174530691023379703e+00,-3.910964875153410958e-05,5.713578181243406107e-04,9.810532248169373304e+00
5.174541876271720575e+00,5.174530691023379703e+00,-3.355574502261760017e-05,5.553903728916509408e-04,9.810521834627870419e+00
5.174540077153940487e+00,5.174530691023379703e+00,-2.815839168235356738e-05,5.397353340264032795e-04,9.810511576942344547e+00
5.174538329193854480e+00,5.174530691023379703e+00,-2.291451142433231780e-05,5.243880258021249574e-04,9.810501473514378290e+00
5.174536631381119633e+00,5.174530691023379703e+00,-1.782107321979253811e-05,5.093438204539779690e-04,9.810491522747234683e+00
5.174534982720659926e+00,5.174530691023379703e+00,-1.287509184066948364e-05,4.945981379123054467e-04,9.810481723046072133e+00
5.174533382232504586e+00,5.174530691023379703e+00,-8.073627374649561261e-06,4.801464466019922384e-04,9.810472072819226952e+00
5.174531828951630885e+00,5.174530691023379703e+00,-3.413784753547588480e-06,4.659842621101972782e-04,9.810462570477357147e+00
5.174530321927805154e+00,5.174530691023379703e+00,1.107286723645017901e-06,4.521071477192606380e-04,9.810453214434442515e+00
5.174528860225422910e+00,5.174530691023379703e+00,5.492393870376588438e-06,4.385107146731570538e-04,9.810444003108543143e+00
5.174527442923351650e+00,5.174530691023379703e+00,9.744300084157941910e-06,4.251906213781353472e-04,9.810434934921463679e+00
5.174526069114772753e+00,5.174530691023379703e+00,1.386572582084966143e-05,4.121425736691719521e-04,9.810426008299490519e+00
5.174524737907023386e+00,5.174530691023379703e+00,1.785934906894937058e-05,3.993623248099709144e-04,9.810417221673880306e+00
5.174523448421441074e+00,5.174530691023379703e+00,2.172780581588540372e-05,3.868456746936033142e-04,9.810408573480509986e+00
5.174522199793207378e+00,5.174530691023379703e+00,2.547369051697501163e-05,3.745884701089607915e-04,9.810400062160626433e+00
5.174520991171189799e+00,5.174530691023379703e+00,2.909955656971163762e-05,3.625866052736625988e-04,9.810391686161842983e+00
5.174519821717788126e+00,5.174530691023379703e+00,3.260791677472951733e-05,3.508360205017879707e-04,9.810383443937276127e+00
5.174518690608779892e+00,5.174530691023379703e+00,3.600124379943281383e-05,3.393327024703296502e-04,9.810375333946270260e+00
5.174517597033166716e+00,5.174530691023379703e+00,3.928197063896021746e-05,3.280726839527403627e-04,9.810367354654591310e+00
5.174516540193018876e+00,5.174530691023379703e+00,4.245249108247861614e-05,3.170520443518398679e-04,9.810359504535433928e+00
5.174515519303324318e+00,5.174530691023379703e+00,4.551516016615408944e-05,3.062669083675473303e-04,9.810351782068533311e+00
5.174514533591836773e+00,5.174530691023379703e+00,4.847229462878743789e-05,2.957134462633348448e-04,9.810344185740891731e+00
5.174513582298922998e+00,5.174530691023379703e+00,5.132617337011424752e-05,2.853878741326809632e-04,9.810336714047503293e+00
5.174512664677414442e+00,5.174530691023379703e+00,5.407903789578227816e-05,2.752864525668030637e-04,9.810329365490463971e+00
5.174511779992454485e+00,5.174530691023379703e+00,5.673309277565152797e-05,2.654054879869249817e-04,9.810322138580762186e+00
5.174510927521352777e+00,5.174530691023379703e+00,5.929050608077801598e-05,2.557413305126488012e-04,9.810315031836594812e+00
5.174510106553435129e+00,5.174530691023379703e+00,6.175340983372024084e-05,2.462903752942224855e-04,9.810308043785127552e+00
5.174509316389896085e+00,5.174530691023379703e+00,6.412390045085203383e-05,2.370490617131792987e-04,9.810301172962164529e+00
5.174508556343653254e+00,5.174530691023379703e+00,6.640403917934634137e-05,2.280138728494307543e-04,9.810294417912029274e+00
5.174507825739201650e+00,5.174530691023379703e+00,6.859585253415900752e-05,2.191813354812666148e-04,9.810287777188015923e+00
5.174507123912468920e+00,5.174530691023379703e+00,7.070133273234802118e-05,2.105480198189013663e-04,9.810281249352552635e+00
5.174506450210671460e+00,5.174530691023379703e+00,7.272243812472822810e-05,2.021105392380206922e-04,9.810274832977363246e+00
5.174505803992171415e+00,5.174530691023379703e+00,7.466109362486150758e-05,1.938655500133279475e-04,9.810268526643639575e+00
5.174505184626335463e+00,5.174530691023379703e+00,7.651919113271787865e-05,1.858097507856371067e-04,9.810262328941918852e+00
5.174504591493393590e+00,5.174530691023379703e+00,7.829858995833660629e-05,1.779398825618727642e-04,9.810256238472520707e+00
5.174504023984299650e+00,5.174530691023379703e+00,8.000111724015823711e-05,1.702527281821630822e-04,9.810250253845422819e+00
5.174503481500590141e+00,5.174530691023379703e+00,8.162856836868570554e-05,1.627451128527468427e-04,9.810244373681221930e+00
5.174502963454248317e+00,5.174530691023379703e+00,8.318270739415822845e-05,1.554139025472522917e-04,9.810238596609941908e+00
5.174502469267567406e+00,5.174530691023379703e+00,8.466526743688973511e-05,1.482560042731506655e-04,9.810232921271710538e+00
5.174501998373013834e+00,5.174530691023379703e+00,8.607795109760729702e-05,1.412683660717561906e-04,9.810227346317169861e+00
5.174501550213092216e+00,5.174530691023379703e+00,8.742243086246048733e-05,1.344479764853190318e-04,9.810221870407348277e+00
5.174501124240211247e+00,5.174530691023379703e+00,8.870034950536620499e-05,1.277918642905717661e-04,9.810216492213797324e+00
5.174500719916551361e+00,5.174530691023379703e+00,8.991332048502442831e-05,1.212970979658223314e-04,9.810211210418451344e+00
5.174500336713933279e+00,5.174530691023379703e+00,9.106292833926943331e-05,1.149607854245005001e-04,9.810206023713764267e+00
5.174499974113686562e+00,5.174530691023379703e+00,9.215072907942101210e-05,1.087800740151578793e-04,9.810200930803095076e+00
5.174499631606520822e+00,5.174530691023379703e+00,9.317825057664208543e-05,1.027521497221073332e-04,9.810195930400299247e+00
5.174499308692395161e+00,5.174530691023379703e+00,9.414699295362538578e-05,9.687423769833003462e-05,9.810191021230652453e+00
5.174499004880392050e+00,5.174530691023379703e+00,9.505842896295746414e-05,9.114360093320783562e-05,9.810186202029896663e+00
5.174498719688592097e+00,5.174530691023379703e+00,9.591400436281816155e-05,8.555753998606974164e-05,9.810181471544350273e+00
5.174498452643946145e+00,5.174530691023379703e+00,9.671513830067368644e-05,8.011339378555248913e-05,9.810176828532085835e+00
5.174498203282153597e+00,5.174530691023379703e+00,9.746322367831794509e-05,7.480853776442586422e-05,9.810172271761443241e+00
5.174497971147537179e+00,5.174530691023379703e+00,9.815962752757201315e-05,6.964038492540680636e-05,9.810167800012454364e+00
5.174497755792922149e+00,5.174530691023379703e+00,9.880569137266093094e-05,6.460638450889177875e-05,9.810163412075882050e+00
5.174497556779514618e+00,5.174530691023379703e+00,9.940273159525503388e-05,5.970402225941029428e-05,9.810159106753854275e+00
5.174497373676782530e+00,5.174530691023379703e+00,9.995203979151767726e-05,5.493081962626433778e-05,9.810154882859418279e+00
5.174497206062336652e+00,5.174530691023379703e+00,1.004548831291529609e-04,5.028433376352836603e-05,9.810150739216894067e+00
5.174497053521812440e+00,5.174530691023379703e+00,1.009125047017889187e-04,4.576215726359578184e-05,9.810146674661964994e+00
5.174496915648754580e+00,5.174530691023379703e+00,1.013261238753671023e-04,4.136191735781835632e-05,9.810142688041233683e+00
5.174496792044500637e+00,5.174530691023379703e+00,1.016969366371966998e-04,3.708127618295975481e-05,9.810138778212820654e+00
5.174496682318068252e+00,5.174530691023379703e+00,1.020261159343505142e-04,3.291792971538143320e-05,9.810134944045650229e+00
5.174496586086039684e+00,5.174530691023379703e+00,1.023148120200545463e-04,2.886960857040321571e-05,9.810131184420590955e+00
5.174496502972453449e+00,5.174530691023379703e+00,1.025641527787612972e-04,2.493407587067508757e-05,9.810127498228649046e+00
5.174496432608689744e+00,5.174530691023379703e+00,1.027752440698748160e-04,2.110912911135187642e-05,9.810123884373181724e+00
5.174496374633363871e+00,5.174530691023379703e+00,1.029491700474949312e-04,1.739259776201151908e-05,9.810120341767810004e+00
5.174496328692214320e+00,5.174530691023379703e+00,1.030869934961486933e-04,1.378234486537621706e-05,9.810116869338362022e+00
5.174496294437998856e+00,5.174530691023379703e+00,1.031897561425410004e-04,1.027626463923070332e-05,9.810113466020782269e+00
5.174496271530385272e+00,5.174530691023379703e+00,1.032584789832924344e-04,6.872284075143397786e-06,9.810110130763058933e+00
5.174496259635848361e+00,5.174530691023379703e+00,1.032941625940253516e-04,3.568361073291725916e-06,9.810106862523667814e+00
5.174496258427563333e+00,5.174530691023379703e+00,1.032977874491081138e-04,3.624855082762223901e-07,9.810103660272957882e+00
5.174496267585306342e+00,5.174530691023379703e+00,1.032703142200830371e-04,-2.747322902507676190e-06,9.810100522991318073e+00
5.174496286795347899e+00,5.174530691023379703e+00,1.032126840954106228e-04,-5.763012467241424019e-06,9.810097449671628667e+00
5.174496315750356956e+00,5.174530691023379703e+00,1.031258190682393661e-04,-8.686502717125677009e-06,9.810094439316351611e+00
5.174496354149297872e+00,5.174530691023379703e+00,1.030106222454918452e-04,-1.151968227475208550e-05,9.810091490939971237e+00
5.174496401697332715e+00,5.174530691023379703e+00,1.028679781409636007e-04,-1.426441045282444975e-05,9.810088603567688637e+00
5.174496458105724450e+00,5.174530691023379703e+00,1.026987529657574783e-04,-1.692251752061224579e-05,9.810085776235446531e+00
5.174496523091739242e+00,5.174530691023379703e+00,1.025037949213825073e-04,-1.949580443749709957e-05,9.810083007990485271e+00
5.174496596378553193e+00,5.174530691023379703e+00,1.022839344795301031e-04,-2.198604418524041648e-05,9.810080297890294787e+00
5.174496677695156421e+00,5.174530691023379703e+00,1.020399846698438751e-04,-2.439498096862280363e-05,9.810077645003701718e+00
5.174496766776259804e+00,5.174530691023379703e+00,1.017727413596958286e-04,-2.672433101480464757e-05,9.810075048410345389e+00
5.174496863362204380e+00,5.174530691023379703e+00,1.014829835259689617e-04,-2.897578337268669202e-05,9.810072507200153780e+00
5.174496967198868980e+00,5.174530691023379703e+00,1.011714735321689318e-04,-3.115099938000298607e-05,9.810070020474153552e+00
5.174497078037580522e+00,5.174530691023379703e+00,1.008389573975421172e-04,-3.325161346268146190e-05,9.810067587343935358e+00
5.174497195635026969e+00,5.174530691023379703e+00,1.004861650582000721e-04,-3.527923393420451248e-05,9.810065206931124493e+00
5.174497319753166735e+00,5.174530691023379703e+00,1.001138106389021232e-04,-3.723544192979488798e-05,9.810062878368709605e+00
5.174497450159142531e+00,5.174530691023379703e+00,9.972259271151528992e-05,-3.912179273868332530e-05,9.810060600799973329e+00
5.174497586625198764e+00,5.174530691023379703e+00,9.931319454281606340e-05,-4.093981686992265168e-05,9.810058373377673391e+00
5.174497728928592721e+00,5.174530691023379703e+00,9.888628436094393237e-05,-4.269101818721310337e-05,9.810056195266174228e+00
5.174497876851513745e+00,5.174530691023379703e+00,9.844251559787409178e-05,-4.437687630698405883e-05,9.810054065639292276e+00
5.174498030180997965e+00,5.174530691023379703e+00,9.798252714521282769e-05,-4.599884526612640911e-05,9.810051983681880472e+00
5.174498188708851032e+00,5.174530691023379703e+00,9.750694358601208478e-05,-4.755835592007429113e-05,9.810049948587666435e+00
5.174498352231562848e+00,5.174530691023379703e+00,9.701637545056485123e-05,-4.905681354472335443e-05,9.810047959561906339e+00
5.174498520550230296e+00,5.174530691023379703e+00,9.651141944821972629e-05,-5.049560023451249435e-05,9.810046015819214205e+00
5.174498693470479971e+00,5.174530691023379703e+00,9.599265869919548777e-05,-5.187607490242385211e-05,9.810044116583796381e+00
5.174498870802388240e+00,5.174530691023379703e+00,9.546066297438926540e-05,-5.319957248062223698e-05,9.810042261090494264e+00
5.174499052360404860e+00,5.174530691023379703e+00,9.491598892452657310e-05,-5.446740498626922999e-05,9.810040448583938755e+00
5.174499237963280152e+00,5.174530691023379703e+00,9.435918029865320023e-05,-5.568086258733728755e-05,9.810038678317711813e+00
5.174499427433987719e+00,5.174530691023379703e+00,9.379076817594977911e-05,-5.684121227034211188e-05,9.810036949555906105e+00
5.174499620599650740e+00,5.174530691023379703e+00,9.321127118688821156e-05,-5.794969890615675467e-05,9.810035261572281229e+00
5.174499817291470904e+00,5.174530691023379703e+00,9.262119572639448961e-05,-5.900754604937219483e-05,9.810033613649677520e+00
5.174500017344655589e+00,5.174530691023379703e+00,9.202103617234058675e-05,-6.001595540539028661e-05,9.810032005080767448e+00
5.174500220598348577e+00,5.174530691023379703e+00,9.141127509337820811e-05,-6.097610789623786332e-05,9.810030435167197638e+00
5.174500426895558114e+00,5.174530691023379703e+00,9.079238346476614652e-05,-6.188916286120615950e-05,9.810028903220604946e+00
5.174500636083090299e+00,5.174530691023379703e+00,9.016482086821042685e-05,-6.275625965557196650e-05,9.810027408561213136e+00
5.174500848011478027e+00,5.174530691023379703e+00,8.952903570502712682e-05,-6.357851631833000283e-05,9.810025950519387195e+00
5.174501062534917928e+00,5.174530691023379703e+00,8.888546538532438035e-05,-6.435703197027464739e-05,9.810024528433416435e+00
5.174501279511201091e+00,5.174530691023379703e+00,8.823453653583612777e-05,-6.509288494882525811e-05,9.810023141651587508e+00
5.174501498801649113e+00,5.174530691023379703e+00,8.757666519176865449e-05,-6.578713440674732738e-05,9.810021789530786407e+00
5.174501720271051042e+00,5.174530691023379703e+00,8.691225698598259441e-05,-6.644082057860600798e-05,9.810020471436407874e+00
5.174501943787595870e+00,5.174530691023379703e+00,8.624170735149760958e-05,-6.705496344849848356e-05,9.810019186743904385e+00
5.174502169222815695e+00,5.174530691023379703e+00,8.556540169202264678e-05,-6.763056594749627948e-05,9.810017934835745024e+00
5.174502396451519104e+00,5.174530691023379703e+00,8.488371558179608201e-05,-6.816861102265647787e-05,9.810016715104559637e+00
5.174502625351732554e+00,5.174530691023379703e+00,8.419701494144504750e-05,-6.867006403510345081e-05,9.810015526950905951e+00
5.174502855804640866e+00,5.174530691023379703e+00,8.350565621650929415e-05,-6.913587249357533437e-05,9.810014369783722543e+00
5.174503087694527714e+00,5.174530691023379703e+00,8.280998655596505387e-05,-6.956696605442402870e-05,9.810013243020502927e+00
5.174503320908717008e+00,5.174530691023379703e+00,8.211034398808436663e-05,-6.996425678806872384e-05,9.810012146087199625e+00
5.174503555337515159e+00,5.174530691023379703e+00,8.140705759362987237e-05,-7.032863944544942569e-05,9.810011078418149566e+00
5.174503790874155129e+00,5.174530691023379703e+00,8.070044767372053229e-05,-7.066099199093400784e-05,9.810010039455683284e+00
5.174504027414740470e+00,5.174530691023379703e+00,7.999082591769735018e-05,-7.096217560231821153e-05,9.810009028650316765e+00
5.174504264858190261e+00,5.174530691023379703e+00,7.927849556832455846e-05,-7.123303493727917157e-05,9.810008045460630655e+00
5.174504503106186704e+00,5.174530691023379703e+00,7.856375157899719852e-05,-7.147439893273599409e-05,9.810007089352646759e+00
5.174504742063118279e+00,5.174530691023379703e+00,7.784688078427137725e-05,-7.168707947258212698e-05,9.810006159801311298e+00
5.174504981636030010e+00,5.174530691023379703e+00,7.712816204907824158e-05,-7.187187351931356716e-05,9.810005256288530262e+00
5.174505221734570171e+00,5.174530691023379703e+00,7.640786642859609401e-05,-7.202956204821475694e-05,9.810004378304380879e+00
5.174505462270941436e+00,5.174530691023379703e+00,7.568625731479983187e-05,-7.216091137962621360e-05,9.810003525345935671e+00
5.174505703159846703e+00,5.174530691023379703e+00,7.496359059899759814e-05,-7.226667158022337389e-05,9.810002696919019272e+00
5.174505944318443795e+00,5.174530691023379703e+00,7.424011480772207960e-05,-7.234757912755185316e-05,9.810001892535680668e+00
5.174506185666294833e+00,5.174530691023379703e+00,7.351607125460901671e-05,-7.240435531130628988e-05,9.810001111715944688e+00
5.174506427125317387e+00,5.174530691023379703e+00,7.279169418694664273e-05,-7.243770676623739746e-05,9.810000353987421207e+00
5.174506668619738292e+00,5.174530691023379703e+00,7.206721092423151731e-05,-7.244832627151254201e-05,9.809999618884653216e+00
5.174506910076048349e+00,5.174530691023379703e+00,7.134284199405982463e-05,-7.243689301716926821e-05,9.809998905948976500e+00
5.174507151422953477e+00,5.174530691023379703e+00,7.061880127867681267e-05,-7.240407153830119569e-05,9.809998214729741761e+00
5.174507392591331190e+00,5.174530691023379703e+00,6.989529614553902093e-05,-7.235051331377917450e-05,9.809997544782831369e+00
5.174507633514187077e+00,5.174530691023379703e+00,6.917252757787650808e-05,-7.227685676625128508e-05,9.809996895670812123e+00
5.174507874126610396e+00,5.174530691023379703e+00,6.845069030791961495e-05,-7.218372699568931239e-05,9.809996266963313616e+00
5.174508114365729661e+00,5.174530691023379703e+00,6.772997295012572749e-05,-7.207173577938874587e-05,9.809995658237170346e+00
5.174508354170672675e+00,5.174530691023379703e+00,6.701055812108336340e-05,-7.194148290423640901e-05,9.809995069075217344e+00
5.174508593482523011e+00,5.174530691023379703e+00,6.629262257007439985e-05,-7.179355510089635573e-05,9.809994499067469675e+00
5.174508832244280043e+00,5.174530691023379703e+00,6.557633729897816011e-05,-7.162852710962397396e-05,9.809993947810189852e+00
5.174509070400818089e+00,5.174530691023379703e+00,6.486186768484003551e-05,-7.144696141381245980e-05,9.809993414906271525e+00
5.174509307898847332e+00,5.174530691023379703e+00,6.414937359711103682e-05,-7.124940877289986929e-05,9.809992899964825597e+00
5.174509544686872964e+00,5.174530691023379703e+00,6.343900952021641615e-05,-7.103640768946206663e-05,9.809992402601832140e+00
5.174509780715158769e+00,5.174530691023379703e+00,6.273092466280161261e-05,-7.080848574148035368e-05,9.809991922438921819e+00
5.174510015935688045e+00,5.174530691023379703e+00,6.202526307497180369e-05,-7.056615878298089228e-05,9.809991459104292488e+00
5.174510250302128078e+00,5.174530691023379703e+00,6.132216375487331561e-05,-7.030993200984880787e-05,9.809991012231744634e+00
5.174510483769791058e+00,5.174530691023379703e+00,6.062176076593317475e-05,-7.004029889401408582e-05,9.809990581461871528e+00
5.174510716295600332e+00,5.174530691023379703e+00,5.992418333811144748e-05,-6.975774278217272695e-05,9.809990166440556436e+00
5.174510947838053987e+00,5.174530691023379703e+00,5.922955597714718579e-05,-6.946273609642616975e-05,9.809989766819882107e+00
5.174511178357189323e+00,5.174530691023379703e+00,5.853799857113983762e-05,-6.915574060073481633e-05,9.809989382257970902e+00
5.174511407814550878e+00,5.174530691023379703e+00,5.784962648647251626e-05,-6.883720846673213600e-05,9.809989012418020238e+00
5.174511636173154017e+00,5.174530691023379703e+00,5.716455067705794590e-05,-6.850758094145703581e-05,9.809988656969736098e+00
5.174511863397453837e+00,5.174530691023379703e+00,5.648287777759719575e-05,-6.816728994607501591e-05,9.809988315587832020e+00
5.174512089453312313e+00,5.174530691023379703e+00,5.580471020216748457e-05,-6.781675754297111780e-05,9.809987987952659694e+00
5.174512314307966321e+00,5.174530691023379703e+00,5.513014624014545007e-05,-6.745639620220345023e-05,9.809987673750038439e+00
5.174512537929995659e+00,5.174530691023379703e+00,5.445928015213041817e-05,-6.708660880150318917e-05,9.809987372671351125e+00
5.174512760289291968e+00,5.174530691023379703e+00,5.379220226320313714e-05,-6.670778889272810375e-05,9.809987084413371861e+00
5.174512981357029417e+00,5.174530691023379703e+00,5.312899905085544106e-05,-6.632032123476960805e-05,9.809986808677816583e+00
5.174513201105634508e+00,5.174530691023379703e+00,5.246975323558444870e-05,-6.592458152709923525e-05,9.809986545171708983e+00
5.174513419508756762e+00,5.174530691023379703e+00,5.181454386882222707e-05,-6.552093667622216344e-05,9.809986293607192209e+00
5.174513636541240302e+00,5.174530691023379703e+00,5.116344641820091965e-05,-6.510974506213074164e-05,9.809986053701356568e+00
5.174513852179093654e+00,5.174530691023379703e+00,5.051653285814694527e-05,-6.469135600539743791e-05,9.809985825176852359e+00
5.174514066399464873e+00,5.174530691023379703e+00,4.987387174448798532e-05,-6.426611136589599482e-05,9.809985607760378201e+00
5.174514279180612242e+00,5.174530691023379703e+00,4.923552830238264733e-05,-6.383434421053379992e-05,9.809985401184093234e+00
5.174514490501877617e+00,5.174530691023379703e+00,4.860156450625652269e-05,-6.339637961261246346e-05,9.809985205184894141e+00
5.174514700343661566e+00,5.174530691023379703e+00,4.797203915440917399e-05,-6.295253518473487020e-05,9.809985019503969284e+00
5.174514908687395831e+00,5.174530691023379703e+00,4.734700795161472797e-05,-6.250312027944460169e-05,9.809984843887672668e+00
5.174515115515519348e+00,5.174530691023379703e+00,4.672652358106432757e-05,-6.204843705504003992e-05,9.809984678086525633e+00
5.174515320811450714e+00,5.174530691023379703e+00,4.611063578696672494e-05,-6.158877940976026366e-05,9.809984521856378592e+00
5.174515524559567758e+00,5.174530691023379703e+00,4.549939143583259238e-05,-6.112443511341325575e-05,9.809984374956322029e+00
5.174515726745180899e+00,5.174530691023379703e+00,4.489283459641058016e-05,-6.065568394220122173e-05,9.809984237150654707e+00
5.174515927354509159e+00,5.174530691023379703e+00,4.429100661162976849e-05,-6.018279847808116756e-05,9.809984108208134046e+00
5.174516126374657965e+00,5.174530691023379703e+00,4.369394616521304897e-05,-5.970604464167195147e-05,9.809983987901524927e+00
5.174516323793596939e+00,5.174530691023379703e+00,4.310168934829050613e-05,-5.922568169225428392e-05,9.809983876007656534e+00
5.174516519600136810e+00,5.174530691023379703e+00,4.251426972867733411e-05,-5.874196196131720171e-05,9.809983772307766969e+00
5.174516713783907207e+00,5.174530691023379703e+00,4.193171841748721818e-05,-5.825513111901159391e-05,9.809983676587298973e+00
5.174516906335336230e+00,5.174530691023379703e+00,4.135406413041664564e-05,-5.776542870705725363e-05,9.809983588635423857e+00
5.174517097245629138e+00,5.174530691023379703e+00,4.078133325169375212e-05,-5.727308787228935216e-05,9.809983508245380790e+00
5.174517286506746139e+00,5.174530691023379703e+00,4.021354990069170299e-05,-5.677833510020491303e-05,9.809983435214800096e+00
5.174517474111384630e+00,5.174530691023379703e+00,3.965073598521939857e-05,-5.628139154723044157e-05,9.809983369344438486e+00
5.174517660052957879e+00,5.174530691023379703e+00,3.909291126547032036e-05,-5.578247197490782128e-05,9.809983310439291060e+00
5.174517844325575489e+00,5.174530691023379703e+00,3.854009341264230670e-05,-5.528178528280136561e-05,9.809983258308129450e+00
5.174518026924023850e+00,5.174530691023379703e+00,3.799229806755732852e-05,-5.477953450849781802e-05,9.809983212763558669e+00
5.174518207843748385e+00,5.174530691023379703e+00,3.744953889395219448e-05,-5.427591736051340376e-05,9.809983173621533936e+00
5.174518387080834891e+00,5.174530691023379703e+00,3.691182763443379145e-05,-5.377112595184030397e-05,9.809983140701682203e+00
5.174518564631991779e+00,5.174530691023379703e+00,3.637917416376978963e-05,-5.326534706640018157e-05,9.809983113827097867e+00
5.174518740494531421e+00,5.174530691023379703e+00,3.585158654484388308e-05,-5.275876189259065541e-05,9.809983092824651862e+00
5.174518914666353275e+00,5.174530691023379703e+00,3.532907107928195956e-05,-5.225154655619235200e-05,9.809983077524524475e+00
5.174519087145927898e+00,5.174530691023379703e+00,3.481163235541373524e-05,-5.174387238682243151e-05,9.809983067759969089e+00
5.174519257932278293e+00,5.174530691023379703e+00,3.429927330422799514e-05,-5.123590511857400998e-05,9.809983063368186151e+00
5.174519427024965701e+00,5.174530691023379703e+00,3.379199524200515725e-05,-5.072780622228378888e-05,9.809983064189019331e+00
5.174519594424071833e+00,5.174530691023379703e+00,3.328979792360797774e-05,-5.021973183971795152e-05,9.809983070066085276e+00
5.174519760130184665e+00,5.174530691023379703e+00,3.279267958511411507e-05,-4.971183384938626659e-05,9.809983080845736225e+00
5.174519924144381555e+00,5.174530691023379703e+00,3.230063699444229997e-05,-4.920425906718151055e-05,9.809983096377926870e+00
5.174520086468216817e+00,5.174530691023379703e+00,3.181366548865582899e-05,-4.869715057864709706e-05,9.809983116514910506e+00
5.174520247103703063e+00,5.174530691023379703e+00,3.133175902991780504e-05,-4.819064587380239573e-05,9.809983141113157501e+00
5.174520406053300547e+00,5.174530691023379703e+00,3.085491023746556039e-05,-4.768487924522446519e-05,9.809983170030992738e+00
5.174520563319901179e+00,5.174530691023379703e+00,3.038311043557229141e-05,-4.717998018932689774e-05,9.809983203130247631e+00
5.174520718906815198e+00,5.174530691023379703e+00,2.991634969351508744e-05,-4.667607420572039700e-05,9.809983240275489180e+00
5.174520872817756967e+00,5.174530691023379703e+00,2.945461686820749492e-05,-4.617328253075925204e-05,9.809983281334337946e+00
5.174521025056831647e+00,5.174530691023379703e+00,2.899789964416754628e-05,-4.567172240399486327e-05,9.809983326177240670e+00
5.174521175628524539e+00,5.174530691023379703e+00,2.854618456549218308e-05,-4.517150786753632019e-05,9.809983374676697565e+00
5.174521324537685096e+00,5.174530691023379703e+00,2.809945708381889062e-05,-4.467274816732924592e-05,9.809983426708917875e+00
5.174521471789516269e+00,5.174530691023379703e+00,2.765770159030012110e-05,-4.417554935187695264e-05,9.809983482152238921e+00
5.174521617389562955e+00,5.174530691023379703e+00,2.722090145024225194e-05,-4.368001400578691573e-05,9.809983540887444065e+00
5.174521761343697790e+00,5.174530691023379703e+00,2.678903904573814998e-05,-4.318624045041019599e-05,9.809983602798595825e+00
5.174521903658113153e+00,5.174530691023379703e+00,2.636209579964798877e-05,-4.269432460901612103e-05,9.809983667771192017e+00
5.174522044339305182e+00,5.174530691023379703e+00,2.594005222356088325e-05,-4.220435760871055209e-05,9.809983735694615348e+00
5.174522183394066666e+00,5.174530691023379703e+00,2.552288793911117182e-05,-4.171642844497114311e-05,9.809983806459495526e+00
5.174522320829474609e+00,5.174530691023379703e+00,2.511058171528190996e-05,-4.123062238292618531e-05,9.809983879959332853e+00
5.174522456652877800e+00,5.174530691023379703e+00,2.470311150570836389e-05,-4.074702095735460716e-05,9.809983956090547963e+00
5.174522590871890593e+00,5.174530691023379703e+00,2.430045446732975734e-05,-4.026570383786065577e-05,9.809984034750630855e+00
5.174522723494378695e+00,5.174530691023379703e+00,2.390258700302183570e-05,-3.978674643079216366e-05,9.809984115840572727e+00
5.174522854528450289e+00,5.174530691023379703e+00,2.350948478824221866e-05,-3.931022147796170430e-05,9.809984199263311666e+00
5.174522983982448032e+00,5.174530691023379703e+00,2.312112279501121748e-05,-3.883619932310011791e-05,9.809984284923473297e+00
5.174523111864938407e+00,5.174530691023379703e+00,2.273747532388625814e-05,-3.836474711249593383e-05,9.809984372728212776e+00
5.174523238184701945e+00,5.174530691023379703e+00,2.235851603327176917e-05,-3.789592906144889639e-05,9.809984462586971432e+00
5.174523362950723460e+00,5.174530691023379703e+00,2.198421796872906953e-05,-3.742980645426996489e-05,9.809984554411514068e+00
5.174523486172186715e+00,5.174530691023379703e+00,2.161455357896358009e-05,-3.696643897654894317e-05,9.809984648114603800e+00
5.174523607858461105e+00,5.174530691023379703e+00,2.124949475579285263e-05,-3.650588231707274645e-05,9.809984743612439217e+00
5.174523728019097213e+00,5.174530691023379703e+00,2.088901284746924603e-05,-3.604819083236066035e-05,9.809984840822014718e+00
5.174523846663815263e+00,5.174530691023379703e+00,2.053307869331888469e-05,-3.559341541503613371e-05,9.809984939663278780e+00
5.174523963802499793e+00,5.174530691023379703e+00,2.018166263972887009e-05,-3.514160535900145987e-05,9.809985040057281225e+00
5.174524079445189884e+00,5.174530691023379703e+00,1.983473456945716862e-05,-3.469280702717014719e-05,9.809985141927542784e+00
5.174524193602072941e+00,5.174530691023379703e+00,1.949226392028435839e-05,-3.424706491728102264e-05,9.809985245199003501e+00
5.174524306283475816e+00,5.174530691023379703e+00,1.915421971165898185e-05,-3.380442086253765410e-05,9.809985349798850507e+00
5.174524417499858586e+00,5.174530691023379703e+00,1.882057056334929257e-05,-3.336491483096892807e-05,9.809985455655732878e+00
5.174524527261806561e+00,5.174530691023379703e+00,1.849128471942407259e-05,-3.292858439252199787e-05,9.809985562700326511e+00
5.174524635580024956e+00,5.174530691023379703e+00,1.816633006423984398e-05,-3.249546551842286135e-05,9.809985670864545426e+00
5.174524742465330007e+00,5.174530691023379703e+00,1.784567414908622141e-05,-3.206559151536225727e-05,9.809985780082634221e+00
5.174524847928642757e+00,5.174530691023379703e+00,1.752928421083765897e-05,-3.163899382485624301e-05,9.809985890290386479e+00
5.174524951980984611e+00,5.174530691023379703e+00,1.721712718527612651e-05,-3.121570255615324641e-05,9.809986001424629620e+00
5.174525054633469345e+00,5.174530691023379703e+00,1.690916973107192689e-05,-3.079574542041996210e-05,9.809986113424312038e+00
5.174525155897296003e+00,5.174530691023379703e+00,1.660537825109997812e-05,-3.037914799719487746e-05,9.809986226230254402e+00
5.174525255783746225e+00,5.174530691023379703e+00,1.630571890043341909e-05,-2.996593506665590212e-05,9.809986339783833387e+00
5.174525354304174485e+00,5.174530691023379703e+00,1.601015761565349749e-05,-2.955612847799216070e-05,9.809986454029138159e+00
5.174525451470005422e+00,5.174530691023379703e+00,1.571866012284317549e-05,-2.914974928103220009e-05,9.809986568910842308e+00
5.174525547292727623e+00,5.174530691023379703e+00,1.543119195623887663e-05,-2.874681666042988581e-05,9.809986684375296306e+00
5.174525641783887409e+00,5.174530691023379703e+00,1.514771847688223261e-05,-2.834734793566440203e-05,9.809986800370541715e+00
5.174525734955084388e+00,5.174530691023379703e+00,1.486820488594275957e-05,-2.795135909394730334e-05,9.809986916845792493e+00
5.174525826817966134e+00,5.174530691023379703e+00,1.459261624070506969e-05,-2.755886452376898887e-05,9.809987033751717433e+00
5.174525917384222851e+00,5.174530691023379703e+00,1.432091747055608266e-05,-2.716987701489870233e-05,9.809987151040456155e+00
5.174526006665583822e+00,5.174530691023379703e+00,1.405307338764316683e-05,-2.678440829129158374e-05,9.809987268665096849e+00
5.174526094673811194e+00,5.174530691023379703e+00,1.378904870552588591e-05,-2.640246821172809177e-05,9.809987386580495183e+00
5.174526181420696425e+00,5.174530691023379703e+00,1.352880804983414009e-05,-2.602406556917458147e-05,9.809987504742480269e+00
5.174526266918055839e+00,5.174530691023379703e+00,1.327231597159084231e-05,-2.564920782432977830e-05,9.809987623108147758e+00
5.174526351177726191e+00,5.174530691023379703e+00,1.301953696053459453e-05,-2.527790110562477821e-05,9.809987741635854519e+00
5.174526434211560222e+00,5.174530691023379703e+00,1.277043545844236405e-05,-2.491015020922304757e-05,9.809987860285250605e+00
5.174526516031422219e+00,5.174530691023379703e+00,1.252497587245215982e-05,-2.454595859902042321e-05,9.809987979017273929e+00
5.174526596649186239e+00,5.174530691023379703e+00,1.228312258039210292e-05,-2.418532920600569014e-05,9.809988097793375772e+00
5.174526676076729892e+00,5.174530691023379703e+00,1.204483994943217340e-05,-2.382826309599295200e-05,9.809988216576854825e+00
5.174526754325930789e+00,5.174530691023379703e+00,1.181009234674235131e-05,-2.347476026898220880e-05,9.809988335332079146e+00
5.174526831408664762e+00,5.174530691023379703e+00,1.157884414482168722e-05,-2.312482019206640871e-05,9.809988454023953253e+00
5.174526907336801429e+00,5.174530691023379703e+00,1.135105973482097852e-05,-2.277844100007087036e-05,9.809988572618735247e+00
5.174526982122199747e+00,5.174530691023379703e+00,1.112670353986544569e-05,-2.243561949555328283e-05,9.809988691084043921e+00
5.174527055776707130e+00,5.174530691023379703e+00,1.090574001771926760e-05,-2.209635221461780930e-05,9.809988809387803599e+00
5.174527128312153224e+00,5.174530691023379703e+00,1.068813367943732828e-05,-2.176063382819393155e-05,9.809988927499851741e+00
5.174527199740349026e+00,5.174530691023379703e+00,1.047384909202975223e-05,-2.142845874075760548e-05,9.809989045390352658e+00
5.174527270073084217e+00,5.174530691023379703e+00,1.026285088645551014e-05,-2.109982055742420926e-05,9.809989163030330417e+00
5.174527339322121833e+00,5.174530691023379703e+00,1.005510377360963048e-05,-2.077471128458796557e-05,9.809989280392489519e+00
5.174527407499199150e+00,5.174530691023379703e+00,9.850572541658664250e-06,-2.045312319509662302e-05,9.809989397449346171e+00
5.174527474616021472e+00,5.174530691023379703e+00,9.649222074692431761e-06,-2.013504669662324886e-05,9.809989514175377678e+00
5.174527540684261240e+00,5.174530691023379703e+00,9.451017355388557917e-06,-1.982047193038738442e-05,9.809989630545425499e+00
5.174527605715555367e+00,5.174530691023379703e+00,9.255923473006077984e-06,-1.950938823824799329e-05,9.809989746535235255e+00
5.174527669721502576e+00,5.174530691023379703e+00,9.063905631379043371e-06,-1.920178416270346133e-05,9.809989862121469173e+00
5.174527732713662509e+00,5.174530691023379703e+00,8.874929151581056885e-06,-1.889764797979864852e-05,9.809989977281173168e+00
5.174527794703550398e+00,5.174530691023379703e+00,8.688959487912484292e-06,-1.859696636685725935e-05,9.809990091993121553e+00
5.174527855702637957e+00,5.174530691023379703e+00,8.505962225235919050e-06,-1.829972626765652421e-05,9.809990206235958965e+00
5.174527915722348936e+00,5.174530691023379703e+00,8.325903092298858610e-06,-1.800591329370604399e-05,9.809990319989799090e+00
5.174527974774059125e+00,5.174530691023379703e+00,8.148747961733704415e-06,-1.771551305651541952e-05,9.809990433234904827e+00
5.174528032869092797e+00,5.174530691023379703e+00,7.974462860715902934e-06,-1.742851010178014803e-05,9.809990545952759433e+00
5.174528090018720938e+00,5.174530691023379703e+00,7.803013976293016185e-06,-1.714488844228867492e-05,9.809990658125535390e+00
5.174528146234162129e+00,5.174530691023379703e+00,7.634367652720186470e-06,-1.686463235728297150e-05,9.809990769735296823e+00
5.174528201526576332e+00,5.174530691023379703e+00,7.468490410111883193e-06,-1.658772426083032769e-05,9.809990880766150667e+00
5.174528255907067553e+00,5.174530691023379703e+00,7.305348936448297081e-06,-1.631414736635861118e-05,9.809990991201569699e+00
5.174528309386678515e+00,5.174530691023379703e+00,7.144910103562551740e-06,-1.604388328857453416e-05,9.809991101026815485e+00
5.174528361976392432e+00,5.174530691023379703e+00,6.987140961811633133e-06,-1.577691417509186067e-05,9.809991210226787217e+00
5.174528413687129458e+00,5.174530691023379703e+00,6.832008750734530622e-06,-1.551322110771025109e-05,9.809991318787643522e+00
5.174528464529744909e+00,5.174530691023379703e+00,6.679480904381307482e-06,-1.525278463532231399e-05,9.809991426696269556e+00
5.174528514515030153e+00,5.174530691023379703e+00,6.529525048648565644e-06,-1.499558557327418384e-05,9.809991533939475872e+00
5.174528563653709057e+00,5.174530691023379703e+00,6.382109011937586729e-06,-1.474160367109789149e-05,9.809991640505341337e+00
5.174528611956438873e+00,5.174530691023379703e+00,6.237200822489796792e-06,-1.449081894477899368e-05,9.809991746381879096e+00
5.174528659433806688e+00,5.174530691023379703e+00,6.094768719044907357e-06,-1.424321034448894352e-05,9.809991851558375942e+00
5.174528706096330311e+00,5.174530691023379703e+00,5.954781148176380157e-06,-1.399875708685272002e-05,9.809991956024061821e+00
5.174528751954456496e+00,5.174530691023379703e+00,5.817206769620497653e-06,-1.375743785558825039e-05,9.809992059768914530e+00
5.174528797018559167e+00,5.174530691023379703e+00,5.682014461605433553e-06,-1.351923080150640999e-05,9.809992162783661485e+00
5.174528841298940307e+00,5.174530691023379703e+00,5.549173318186717552e-06,-1.328411434187160012e-05,9.809992265058976812e+00
5.174528884805827289e+00,5.174530691023379703e+00,5.418652657240841108e-06,-1.305206609458764433e-05,9.809992366586563151e+00
5.174528927549372881e+00,5.174530691023379703e+00,5.290422020465257447e-06,-1.282306367755836618e-05,9.809992467358343404e+00
5.174528969539654355e+00,5.174530691023379703e+00,5.164451176042916813e-06,-1.259708444223406332e-05,9.809992567366734306e+00
5.174529010786672600e+00,5.174530691023379703e+00,5.040710121306801739e-06,-1.237410547361150748e-05,9.809992666604648193e+00
5.174529051300351234e+00,5.174530691023379703e+00,4.919169085404462294e-06,-1.215410359023394449e-05,9.809992765065494780e+00
5.174529091090536603e+00,5.174530691023379703e+00,4.799798529298016092e-06,-1.193705561064462017e-05,9.809992862742920039e+00
5.174529130166996005e+00,5.174530691023379703e+00,4.682569151093218807e-06,-1.172293782047972854e-05,9.809992959631330223e+00
5.174529168539418578e+00,5.174530691023379703e+00,4.567451883374928912e-06,-1.151172677182898951e-05,9.809993055725112043e+00
5.174529206217413524e+00,5.174530691023379703e+00,4.454417898536178200e-06,-1.130339848387507118e-05,9.809993151019416047e+00
5.174529243210510998e+00,5.174530691023379703e+00,4.343438606113636524e-06,-1.109792924225416755e-05,9.809993245509364357e+00
5.174529279528159442e+00,5.174530691023379703e+00,4.234485660781217575e-06,-1.089529453324189490e-05,9.809993339191127149e+00
5.174529315179726474e+00,5.174530691023379703e+00,4.127530959685543621e-06,-1.069547010956739541e-05,9.809993432060849727e+00
5.174529350174499776e+00,5.174530691023379703e+00,4.022546639781410249e-06,-1.049843199041333719e-05,9.809993524114648977e+00
5.174529384521684428e+00,5.174530691023379703e+00,3.919505085825392143e-06,-1.030415539560181060e-05,9.809993615349689833e+00
5.174529418230404687e+00,5.174530691023379703e+00,3.818378925046772565e-06,-1.011261607786195782e-05,9.809993705762847682e+00
5.174529451309700434e+00,5.174530691023379703e+00,3.719141037805684391e-06,-9.923788724108817405e-06,9.809993795352314194e+00
5.174529483768531612e+00,5.174530691023379703e+00,3.621764544270433817e-06,-9.737649353525057450e-06,9.809993884115190355e+00
5.174529515615774677e+00,5.174530691023379703e+00,3.526222815075641392e-06,-9.554172919479242410e-06,9.809993972049895206e+00
5.174529546860222595e+00,5.174530691023379703e+00,3.432489471322242025e-06,-9.373334375339936742e-06,9.809994059155096480e+00
5.174529577510585732e+00,5.174530691023379703e+00,3.340538381912949717e-06,-9.195108940929230812e-06,9.809994145429442369e+00
5.174529607575491852e+00,5.174530691023379703e+00,3.250343663552257567e-06,-9.019471836069214987e-06,9.809994230871827980e+00
5.174529637063485232e+00,5.174530691023379703e+00,3.161879683410973030e-06,-8.846398014128453724e-06,9.809994315481670668e+00
5.174529665983026661e+00,5.174530691023379703e+00,3.075121059126217915e-06,-8.675862428475511479e-06,9.809994399258631148e+00
5.174529694342494324e+00,5.174530691023379703e+00,2.990042656136893129e-06,-8.507840298932478618e-06,9.809994482202357702e+00
5.174529722150182032e+00,5.174530691023379703e+00,2.906619593012749192e-06,-8.342306312414393688e-06,9.809994564313281984e+00
5.174529749414300994e+00,5.174530691023379703e+00,2.824827236125315721e-06,-8.179235688743347055e-06,9.809994645591547879e+00
5.174529776142978932e+00,5.174530691023379703e+00,2.744641202312436690e-06,-8.018603381287903176e-06,9.809994726037821522e+00
5.174529802344260965e+00,5.174530691023379703e+00,2.666037356213735166e-06,-7.860384609870152417e-06,9.809994805652745953e+00
5.174529828026107836e+00,5.174530691023379703e+00,2.588991815599683832e-06,-7.704554061405133325e-06,9.809994884437754692e+00
5.174529853196398577e+00,5.174530691023379703e+00,2.513480943377999210e-06,-7.551087222168462176e-06,9.809994962393721707e+00
5.174529877862928728e+00,5.174530691023379703e+00,2.439481352922712176e-06,-7.399959045528703427e-06,9.809995039522307891e+00
5.174529902033411233e+00,5.174530691023379703e+00,2.366969905409632702e-06,-7.251144751307947445e-06,9.809995115825154599e+00
5.174529925715476431e+00,5.174530691023379703e+00,2.295923709816349856e-06,-7.104619559328284595e-06,9.809995191304150097e+00
5.174529948916672062e+00,5.174530691023379703e+00,2.226320122922231803e-06,-6.960358689411805244e-06,9.809995265961433120e+00
5.174529971644464155e+00,5.174530691023379703e+00,2.158136746643890547e-06,-6.818337627834125669e-06,9.809995339799119307e+00
5.174529993906236136e+00,5.174530691023379703e+00,2.091351430699717184e-06,-6.678531594417336237e-06,9.809995412819837668e+00
5.174530015709289721e+00,5.174530691023379703e+00,2.025942269945346652e-06,-6.540916075437053223e-06,9.809995485026195894e+00
5.174530037060845800e+00,5.174530691023379703e+00,1.961887601709122464e-06,-6.405466823622418815e-06,9.809995556420778584e+00
5.174530057968044439e+00,5.174530691023379703e+00,1.899166005792096712e-06,-6.272159591702575199e-06,9.809995627006415475e+00
5.174530078437943104e+00,5.174530691023379703e+00,1.837756309797100585e-06,-6.140969599499612741e-06,9.809995696786710795e+00
5.174530098477521101e+00,5.174530691023379703e+00,1.777637575806068071e-06,-6.011873399103251359e-06,9.809995765764178088e+00
5.174530118093675135e+00,5.174530691023379703e+00,1.718789113702712257e-06,-5.884846210335581418e-06,9.809995833942902976e+00
5.174530137293223753e+00,5.174530691023379703e+00,1.661190467849849028e-06,-5.759864585286322836e-06,9.809995901325883949e+00
5.174530156082904675e+00,5.174530691023379703e+00,1.604821425083002850e-06,-5.636904276684617798e-06,9.809995967917149784e+00
5.174530174469377464e+00,5.174530691023379703e+00,1.549662006716800988e-06,-5.515941836620186223e-06,9.809996033720171482e+00
5.174530192459221745e+00,5.174530691023379703e+00,1.495692473874044026e-06,-5.396953284275696205e-06,9.809996098739190984e+00
5.174530210058940760e+00,7.713839654938105639e+00,7.617928334637494636e+00,0.000000000000000000e+00,1.742792833463749602e+01
5.175292020492123335e+00,7.713839654938105639e+00,7.615642903337946912e+00,-2.285431299547724393e-01,1.719709977338317586e+01
5.176792540902644291e+00,7.713839654938105639e+00,7.611141342106384045e+00,-4.501561231562867249e-01,1.697098521895009782e+01
5.179009159835059606e+00,7.713839654938105639e+00,7.604491485309138099e+00,-6.649856797245945472e-01,1.674950580558454405e+01
5.181919729348034132e+00,7.713839654938105639e+00,7.595759776770214522e+00,-8.731708538923577123e-01,1.653258892287785642e+01
5.185502557753295605e+00,7.713839654938105639e+00,7.585011291554430102e+00,-1.074848521578442018e+00,1.632016276997598681e+01
5.189736402435555007e+00,7.713839654938105639e+00,7.572309757507651895e+00,-1.270153404677820674e+00,1.611215635282983172e+01
5.194600462753097503e+00,7.713839654938105639e+00,7.557717576555024408e+00,-1.459218095262748704e+00,1.590849948129227620e+01
5.200074373018769514e+00,7.713839654938105639e+00,7.541295845758008376e+00,-1.642173079701603200e+00,1.570912276605640656e+01
5.206138195561046622e+00,7.713839654938105639e+00,7.523104378131177050e+00,-1.819146762683132579e+00,1.551395761544804586e+01
5.212772413864868781e+00,7.713839654938105639e+00,7.503201723219710573e+00,-1.990265491146647747e+00,1.532293623207306332e+01
5.219957925791898212e+00,7.713839654938105639e+00,7.481645187438622280e+00,-2.155653578108829294e+00,1.513599160932979260e+01
5.227676036879860710e+00,7.713839654938105639e+00,7.458490854174734785e+00,-2.315433326388749435e+00,1.495305752778598674e+01
5.235908453720601763e+00,7.713839654938105639e+00,7.433793603652511628e+00,-2.469725052222315753e+00,1.477406855143019726e+01
5.244637277416486221e+00,7.713839654938105639e+00,7.407607132564858254e+00,-2.618647108765337350e+00,1.459896002379952051e+01
5.253844997114749837e+00,7.713839654938105639e+00,7.379983973470067404e+00,-2.762315909479085008e+00,1.442766806399098201e+01
5.263514483619412765e+00,7.713839654938105639e+00,7.350975513956078622e+00,-2.900845951398878242e+00,1.426012956255719999e+01
5.273628983080331345e+00,7.713839654938105639e+00,7.320632015573322882e+00,-3.034349838275574029e+00,1.409628217729774846e+01
5.284172110758979635e+00,7.713839654938105639e+00,7.289002632537378013e+00,-3.162938303594486911e+00,1.393606432894289071e+01
5.295127844870522793e+00,7.713839654938105639e+00,7.256135430202748537e+00,-3.286720233462947505e+00,1.377941519673980153e+01
5.306480520501740017e+00,7.713839654938105639e+00,7.222077403309096866e+00,-3.405802689365167168e+00,1.362627471394393019e+01
5.318214823604351160e+00,7.713839654938105639e+00,7.186874494001263436e+00,-3.520290930783342986e+00,1.347658356321792184e+01
5.330315785063284295e+00,7.713839654938105639e+00,7.150571609624464031e+00,-3.630288437679940472e+00,1.333028317194452406e+01
5.342768774839411705e+00,7.713839654938105639e+00,7.113212640296081801e+00,-3.735896932838222995e+00,1.318731570745785930e+01
5.355559496186285351e+00,7.713839654938105639e+00,7.074840476255460864e+00,-3.837216404062093744e+00,1.304762407219336851e+01
5.368673979940377983e+00,7.713839654938105639e+00,7.035497024993182968e+00,-3.934345126227789535e+00,1.291115189876539304e+01
5.382098578884346729e+00,7.713839654938105639e+00,6.995223228161276730e+00,-4.027379683190623894e+00,1.277784354497065422e+01
5.395819962182812901e+00,7.713839654938105639e+00,6.954059078265878213e+00,-4.116414989539851632e+00,1.264764408872602708e+01
5.409825109890151751e+00,7.713839654938105639e+00,6.912043635143861664e+00,-4.201544312201654918e+00,1.252049932294220724e+01
5.424101307529785032e+00,7.713839654938105639e+00,6.869215042224961820e+00,-4.282859291889984377e+00,1.239635575033497794e+01
5.438636140744451453e+00,7.713839654938105639e+00,6.825610542580962559e+00,-4.360449964399926159e+00,1.227516057818103690e+01
5.453417490016936320e+00,7.713839654938105639e+00,6.781266494763507957e+00,-4.434404781745460156e+00,1.215686171301804919e+01
5.468433525460723033e+00,7.713839654938105639e+00,6.736218388432147819e+00,-4.504810633136013820e+00,1.204140775529613450e+01
5.483672701680038841e+00,7.713839654938105639e+00,6.690500859774200393e+00,-4.571752865794742604e+00,1.192874799397945829e+01
5.499123752698753087e+00,7.713839654938105639e+00,6.644147706718057655e+00,-4.635315305614273740e+00,1.181883240110378352e+01
5.514775686957577250e+00,7.713839654938105639e+00,6.597191903941585167e+00,-4.695580277647248835e+00,1.171161162629433683e+01
5.530617782379031233e+00,7.713839654938105639e+00,6.549665617677223217e+00,-4.752628626436194992e+00,1.160703699124102783e+01
5.546639581499609228e+00,7.713839654938105639e+00,6.501600220315489231e+00,-4.806539736173398580e+00,1.150506048414209204e+01
5.562830886668601593e+00,7.713839654938105639e+00,6.453026304808512137e+00,-4.857391550697709448e+00,1.140563475411080319e+01
5.579181755313005198e+00,7.713839654938105639e+00,6.403973698875301324e+00,-4.905260593321081330e+00,1.130871310555422049e+01
5.595682495267963574e+00,7.713839654938105639e+00,6.354471479010426194e+00,-4.950221986487512993e+00,1.121424949252291370e+01
5.612323660172174655e+00,7.713839654938105639e+00,6.304547984297792951e+00,-4.992349471263324290e+00,1.112219851303446916e+01
5.629096044927688780e+00,7.713839654938105639e+00,6.254230830031250576e+00,-5.031715426654237433e+00,1.103251540337701364e+01
5.645990681223540975e+00,7.713839654938105639e+00,6.203546921143693993e+00,-5.068390888755658352e+00,1.094515603238803614e+01
5.662998833122632192e+00,7.713839654938105639e+00,6.152522465446420341e+00,-5.102445569727365182e+00,1.086007689571905566e+01
5.680111992711294633e+00,7.713839654938105639e+00,6.101182986680433018e+00,-5.133947876598732307e+00,1.077723511008170121e+01
5.697321875810965608e+00,7.713839654938105639e+00,6.049553337381420093e+00,-5.162964929901292521e+00,1.069658840748012807e+01
5.714620417751384629e+00,7.713839654938105639e+00,5.997657711560163030e+00,-5.189562582125706314e+00,1.061809512943445810e+01
5.731999769204747075e+00,7.713839654938105639e+00,5.945519657200075692e+00,-5.213805436008733807e+00,1.054171422119134149e+01
5.749452292080228233e+00,7.713839654938105639e+00,5.893162088573632218e+00,-5.235756862644347365e+00,1.046740522592928535e+01
5.766970555478303062e+00,7.713839654938105639e+00,5.840607298379407730e+00,-5.255479019422448772e+00,1.039512827895696034e+01
5.784547331704272821e+00,7.713839654938105639e+00,5.787876969701498453e+00,-5.273032867790927725e+00,1.032484410191057123e+01
5.802175592340433674e+00,7.713839654938105639e+00,5.734992187793015894e+00,-5.288478190848255878e+00,1.025651399694476140e+01
5.819848504376289533e+00,7.713839654938105639e+00,5.681973451685448318e+00,-5.301873610756757671e+00,1.019009984092869203e+01
5.837559426396238038e+00,7.713839654938105639e+00,5.628840685625602802e+00,-5.313276605984551537e+00,1.012556407964105176e+01
5.855301904824150583e+00,7.713839654938105639e+00,5.575613250341865168e+00,-5.322743528373763411e+00,1.006286972196810225e+01
5.873069670224260186e+00,7.713839654938105639e+00,5.522309954141536359e+00,-5.330329620032880911e+00,1.000198033410865506e+01
5.890856633657780783e+00,7.713839654938105639e+00,5.468949063840974567e+00,-5.336089030056179183e+00,9.942860033784796769e+00
5.908656883094679735e+00,7.713839654938105639e+00,5.415548315530277712e+00,-5.340074831069685501e+00,9.885473484460593596e+00
5.926464679880024455e+00,7.713839654938105639e+00,5.362124925174243550e+00,-5.342339035603416164e+00,9.829785889570828772e+00
5.944274455254326739e+00,7.713839654938105639e+00,5.308695599051336700e+00,-5.342932612290685057e+00,9.775762986760652140e+00
5.962080806927304799e+00,7.713839654938105639e+00,5.255276544032402519e+00,-5.341905501893418062e+00,9.723371042138985842e+00
5.979878495704496366e+00,7.713839654938105639e+00,5.201883477700827818e+00,-5.339306633157470117e+00,9.672576844543357311e+00
5.997662442166142860e+00,7.713839654938105639e+00,5.148531638315888337e+00,-5.335183938493948119e+00,9.623347699821941603e+00
6.015427723397771764e+00,7.713839654938105639e+00,5.095235794621001624e+00,-5.329584369488671314e+00,9.575651425132331696e+00
6.033169569771913210e+00,7.713839654938105639e+00,5.042010255498577287e+00,-5.322553912242433682e+00,9.529456343256143214e+00
6.050883361780380554e+00,7.713839654938105639e+00,4.988868879473175255e+00,-5.314137602540203176e+00,9.484731276932972577e+00
6.068564626916541194e+00,7.713839654938105639e+00,4.935825084064693336e+00,-5.304379540848191965e+00,9.441445543216502756e+00
6.086209036607023393e+00,7.713839654938105639e+00,4.882891854993246739e+00,-5.293322907144659695e+00,9.399568947848587541e+00
6.103812403192290681e+00,7.713839654938105639e+00,4.830081755237444874e+00,-5.281009975580186477e+00,9.359071779657259782e+00
6.121370676955523393e+00,7.713839654938105639e+00,4.777406933947746737e+00,-5.267482128969813715e+00,9.319924804977933519e+00
6.138879943199254008e+00,7.713839654938105639e+00,4.724879135216554893e+00,-5.252779873119184373e+00,9.282099262097371906e+00
6.156336419369194068e+00,7.713839654938105639e+00,4.672509706706734711e+00,-5.236942850982018172e+00,9.245566855724717925e+00
6.173736452224707350e+00,7.713839654938105639e+00,4.620309608140194868e+00,-5.220009856653984315e+00,9.210299751486211051e+00
6.191076515055368823e+00,7.713839654938105639e+00,4.568289419648210448e+00,-5.202018849198442041e+00,9.176270570449769792e+00
6.208353204943075632e+00,7.713839654938105639e+00,4.516459349985090022e+00,-5.183006966312042607e+00,9.143452383673047024e+00
6.225563240069149629e+00,7.713839654938105639e+00,4.464829244606868031e+00,-5.163010537822199097e+00,9.111818706784669430e+00
6.242703457065902128e+00,7.713839654938105639e+00,4.413408593616610531e+00,-5.142065099025749930e+00,9.081343494590861098e+00
6.259770808412113752e+00,7.713839654938105639e+00,4.362206539577975661e+00,-5.120205403863486993e+00,9.052001135714489166e+00
6.276762359871896457e+00,7.713839654938105639e+00,4.311231885198627545e+00,-5.097465437934811661e+00,9.023766447263817270e+00
6.293675287976405741e+00,7.713839654938105639e+00,4.260493100885099693e+00,-5.073878431352785157e+00,8.996614669532315034e+00
6.310506877547868321e+00,7.713839654938105639e+00,4.209998332170711954e+00,-5.049476871438773884e+00,8.970521460731937680e+00
6.327254519265403943e+00,7.713839654938105639e+00,4.159755407018105089e+00,-5.024292515260686542e+00,8.945462891757419044e+00
6.343915707272115512e+00,7.713839654938105639e+00,4.109771842997970381e+00,-4.998356402013470756e+00,8.921415440984500123e+00
6.360488036822925295e+00,7.713839654938105639e+00,4.060054854345541031e+00,-4.971698865242935028e+00,8.898355989102606500e+00
6.376969201972645607e+00,7.713839654938105639e+00,4.010611358896380096e+00,-4.944349544916093464e+00,8.876261813980287130e+00
6.393356993303763502e+00,7.713839654938105639e+00,3.961447984903026409e+00,-4.916337399335368730e+00,8.855110585567658177e+00
6.409649295693438553e+00,7.713839654938105639e+00,3.912571077734001257e+00,-4.887690716902515220e+00,8.834880360831487423e+00
6.425844086119196774e+00,7.713839654938105639e+00,3.863986706456726594e+00,-4.858437127727466276e+00,8.815549578729260816e+00
6.441939431502827773e+00,7.713839654938105639e+00,3.815700670305833597e+00,-4.828603615089299694e+00,8.797097055216534400e+00
6.457933486591980632e+00,7.713839654938105639e+00,3.767718505038375021e+00,-4.798216526745857635e+00,8.779501978292518771e+00
6.473824491878962029e+00,7.713839654938105639e+00,3.720045489177430831e+00,-4.767301586094419008e+00,8.762743903083013208e+00
6.489610771556252544e+00,7.713839654938105639e+00,3.672686650145559284e+00,-4.735883903187154687e+00,8.746802746958405095e+00
6.505290731508238444e+00,7.713839654938105639e+00,3.625646770289601584e+00,-4.703987985595770027e+00,8.731658784693831166e+00
6.520862857338693530e+00,7.713839654938105639e+00,3.578930392798236326e+00,-4.671637749136525741e+00,8.717292643661711082e+00
6.536325712433515456e+00,7.713839654938105639e+00,3.532541827513770549e+00,-4.638856528446577698e+00,8.703685299067192460e+00
6.551677936058244001e+00,7.713839654938105639e+00,3.486485156639584915e+00,-4.605667087418563455e+00,8.690818069221021958e+00
6.566918241489894115e+00,7.713839654938105639e+00,3.440764240344634572e+00,-4.572091629495034226e+00,8.678672610849600844e+00
6.582045414182629450e+00,7.713839654938105639e+00,3.395382722266428566e+00,-4.538151807820600681e+00,8.667230914445827494e+00
6.597058309966809198e+00,7.713839654938105639e+00,3.350344034913889324e+00,-4.503868735253924172e+00,8.656475299659966538e+00
6.611955853280955253e+00,7.713839654938105639e+00,3.305651404971451157e+00,-4.469262994243816678e+00,8.646388410727634977e+00
6.626737035436174317e+00,7.713839654938105639e+00,3.261307858505793966e+00,-4.434354646565719094e+00,8.636953211940074482e+00
6.641400912912587273e+00,7.713839654938105639e+00,3.217316226076555097e+00,-4.399163242923886941e+00,8.628152983152668654e+00
6.655946605687315554e+00,7.713839654938105639e+00,3.173679147752370255e+00,-4.363707832418484145e+00,8.619971315333886608e+00
6.670373295593576835e+00,7.713839654938105639e+00,3.130399078033586413e+00,-4.328006971878384235e+00,8.612392106155201787e+00
6.684680224710453977e+00,7.713839654938105639e+00,3.087478290682954984e+00,-4.292078735063142858e+00,8.605399555619811736e+00
6.698866693782893122e+00,7.713839654938105639e+00,3.044918883465637549e+00,-4.255940721731743537e+00,8.598978161733894510e+00
6.712932060671505496e+00,7.713839654938105639e+00,3.002722782799800427e+00,-4.219610066583712182e+00,8.593112716216088742e+00
6.726875738831739504e+00,7.713839654938105639e+00,2.960891748319098404e+00,-4.183103448070202290e+00,8.587788300248895723e+00
6.740697195821998555e+00,7.713839654938105639e+00,2.919427377348321251e+00,-4.146437097077715350e+00,8.582990280270607286e+00
6.754395951840284518e+00,7.713839654938105639e+00,2.878331109293463363e+00,-4.109626805485788736e+00,8.578704303807676013e+00
6.767971578288951129e+00,7.713839654938105639e+00,2.837604229947463530e+00,-4.072687934599983350e+00,8.574916295347481565e+00
6.781423696367152587e+00,7.713839654938105639e+00,2.797247875712859155e+00,-4.035635423460437465e+00,8.571612452252422187e+00
6.794751975690578760e+00,7.713839654938105639e+00,2.757263037742580636e+00,-3.998483797027851949e+00,8.568779240714729184e+00
6.807956132938076443e+00,7.713839654938105639e+00,2.717650566000087586e+00,-3.961247174249304948e+00,8.566403391750782248e+00
6.821035930524749880e+00,7.713839654938105639e+00,2.678411173240067278e+00,-3.923939276002030851e+00,8.564471897238036036e+00
6.833991175301147081e+00,7.713839654938105639e+00,2.639545438910875674e+00,-3.886573432919160354e+00,8.562972005991715818e+00
6.846821717278142927e+00,7.713839654938105639e+00,2.601053812979888136e+00,-3.849162593098753860e+00,8.561891219881134774e+00
6.859527448377127357e+00,7.713839654938105639e+00,2.562936619682934847e+00,-3.811719329695328895e+00,8.561217289987606449e+00
6.872108301205110514e+00,7.713839654938105639e+00,2.525194061198985374e+00,-3.774255848394947321e+00,8.560938212804039438e+00
6.884564247854373598e+00,7.713839654938105639e+00,2.487826221251196124e+00,-3.736783994778924978e+00,8.561042226472270755e+00
6.896895298726284373e+00,7.713839654938105639e+00,2.450833068635463796e+00,-3.699315261573232760e+00,8.561517807062230645e+00
6.909101501378900778e+00,7.713839654938105639e+00,2.414214460677614582e+00,-3.661860795784921407e+00,8.562353664892693672e+00
6.921182939398006440e+00,7.713839654938105639e+00,2.377970146620297598e+00,-3.624431405731698419e+00,8.563538740888599676e+00
6.933139731291201535e+00,7.713839654938105639e+00,2.342099770940712311e+00,-3.587037567958528683e+00,8.565062202982183237e+00
6.944972029404694602e+00,7.713839654938105639e+00,2.306602876600233110e+00,-3.549689434047920145e+00,8.566913442552312574e+00
6.956680018862442694e+00,7.713839654938105639e+00,2.271478908226988835e+00,-3.512396837324427423e+00,8.569082070902561910e+00
6.968263916527281054e+00,7.713839654938105639e+00,2.236727215232473753e+00,-3.475169299451508209e+00,8.571557915780966042e+00
6.979723969983697707e+00,7.713839654938105639e+00,2.202347054863223796e+00,-3.438016036924995689e+00,8.574331017938227717e+00
6.991060456541908330e+00,7.713839654938105639e+00,2.168337595188591926e+00,-3.400945967463187003e+00,8.577391627725404533e+00
7.002273682262891263e+00,7.713839654938105639e+00,2.134697918025643126e+00,-3.363967716294880006e+00,8.580730201730762730e+00
7.013363981004047787e+00,7.713839654938105639e+00,2.101427021802173556e+00,-3.327089622346957043e+00,8.584337399455217010e+00
7.024331713485149287e+00,7.713839654938105639e+00,2.068523824358869057e+00,-3.290319744330449936e+00,8.588204080028418730e+00
7.035177266374253335e+00,7.713839654938105639e+00,2.035987165691556910e+00,-3.253665866731214606e+00,8.592321298960342801e+00
7.045901051393253844e+00,7.713839654938105639e+00,2.003815810634555383e+00,-3.217135505700152720e+00,8.596680304934402272e+00
7.056503504442748209e+00,7.713839654938105639e+00,1.972008451486072289e+00,-3.180735914848309420e+00,8.601272536637763366e+00
7.066985084745906143e+00,7.713839654938105639e+00,1.940563710576598488e+00,-3.144474090947380063e+00,8.606089619629219811e+00
7.077346274011026672e+00,7.713839654938105639e+00,1.909480142781236900e+00,-3.108356779536158854e+00,8.611123363245077655e+00
7.087587575612471547e+00,7.713839654938105639e+00,1.878756237976902277e+00,-3.072390480433462301e+00,8.616365757543441362e+00
7.097709513789671298e+00,7.713839654938105639e+00,1.848390423445303021e+00,-3.036581453159925559e+00,8.621808970285378848e+00
7.107712632863899316e+00,7.713839654938105639e+00,1.818381066222618969e+00,-3.000935722268405215e+00,8.627445343954214252e+00
7.117597496472522600e+00,7.713839654938105639e+00,1.788726475396749116e+00,-2.965459082586985318e+00,8.633267392809763408e+00
7.127364686820427231e+00,7.713839654938105639e+00,1.759424904353035224e+00,-2.930157104371389210e+00,8.639267799981645624e+00
7.137014803948329877e+00,7.713839654938105639e+00,1.730474552969327284e+00,-2.895035138370793959e+00,8.645439414598534711e+00
7.146548465017692031e+00,7.713839654938105639e+00,1.701873569761240823e+00,-2.860098320808646122e+00,8.651775248952596087e+00
7.155966303611950075e+00,7.713839654938105639e+00,1.673620053978466693e+00,-2.825351578277413012e+00,8.658268475701053291e+00
7.165268969053777859e+00,7.713839654938105639e+00,1.645712057652983340e+00,-2.790799632548335296e+00,8.664912425104649429e+00
7.174457125738116225e+00,7.713839654938105639e+00,1.618147587599968240e+00,-2.756447005301509989e+00,8.671700582298459636e+00
7.183531452480684365e+00,7.713839654938105639e+00,1.590924607372263822e+00,-2.722298022770441861e+00,8.678626584601822458e+00
7.192492641881712778e+00,7.713839654938105639e+00,1.564041039169178582e+00,-2.688356820308523965e+00,8.685684218860654227e+00
7.201341399704626944e+00,7.713839654938105639e+00,1.537494765700436083e+00,-2.654627346874249838e+00,8.692867418826185855e+00
7.210078444269424125e+00,7.713839654938105639e+00,1.511283632006044542e+00,-2.621113369439154184e+00,8.700170262566890855e+00
7.218704505860477738e+00,7.713839654938105639e+00,1.485405447232883702e+00,-2.587818477316083943e+00,8.707586969916800257e+00
7.227220326148523277e+00,7.713839654938105639e+00,1.459857986368747085e+00,-2.554746086413661743e+00,8.715111899955086727e+00
7.235626657626563762e+00,7.713839654938105639e+00,1.434638991934625629e+00,-2.521899443412145558e+00,8.722739548522479680e+00
7.243924263059456692e+00,7.713839654938105639e+00,1.409746175635946841e+00,-2.489281629867878820e+00,8.730464545768068518e+00
7.252113914946926698e+00,7.713839654938105639e+00,1.385177219973536822e+00,-2.456895566241001916e+00,8.738281653732535403e+00
7.260196394999770320e+00,7.713839654938105639e+00,1.360929779815005958e+00,-2.424744015853086410e+00,8.746185763961920046e+00
7.268172493629009523e+00,7.713839654938105639e+00,1.337001483927288348e+00,-2.392829588771760996e+00,8.754171895155527849e+00
7.276043009447764831e+00,7.713839654938105639e+00,1.313389936471022423e+00,-2.361154745626592444e+00,8.762235190844430477e+00
7.283808748785603804e+00,7.713839654938105639e+00,1.290092718457505505e+00,-2.329721801351691823e+00,8.770370917105815067e+00
7.291470525215153486e+00,7.713839654938105639e+00,1.267107389168856457e+00,-2.298532928864904790e+00,8.778574460303952165e+00
7.299029159090733465e+00,7.713839654938105639e+00,1.244431487542116521e+00,-2.267590162673993603e+00,8.786841324868124303e+00
7.306485477098800807e+00,7.713839654938105639e+00,1.222062533517914495e+00,-2.236895402420202572e+00,8.795167131097713309e+00
7.313840311819977735e+00,7.713839654938105639e+00,1.199998029354383711e+00,-2.206450416353078481e+00,8.803547613001306615e+00
7.321094501302455093e+00,7.713839654938105639e+00,1.178235460906951637e+00,-2.176256844743207353e+00,8.811978616163745670e+00
7.328248888646548664e+00,7.713839654938105639e+00,1.156772298874670923e+00,-2.146316203228071373e+00,8.820456095646600048e+00
7.335304321600206734e+00,7.713839654938105639e+00,1.135606000013696715e+00,-2.116629886097420865e+00,8.828976113916276347e+00
7.342261652165256614e+00,7.713839654938105639e+00,1.114734008318547076e+00,-2.087199169514963870e+00,8.837534838803584591e+00
7.349121736214186740e+00,7.713839654938105639e+00,1.094153756171756697e+00,-2.058025214679037873e+00,8.846128541492719322e+00
7.355885433117266281e+00,7.713839654938105639e+00,1.073862665462518073e+00,-2.029109070923862390e+00,8.854753594538657069e+00
7.362553605379799748e+00,7.713839654938105639e+00,1.053858148674917672e+00,-2.000451678760040153e+00,8.863406469914878016e+00
7.369127118289324763e+00,7.713839654938105639e+00,1.034137609946342629e+00,-1.972053872857504331e+00,8.872083737088839683e+00
7.375606839572558471e+00,7.713839654938105639e+00,1.014698446096641504e+00,-1.943916384970112432e+00,8.880782061126529570e+00
7.381993639061904311e+00,7.713839654938105639e+00,9.955380476286039837e-01,-1.916039846803752056e+00,8.889498200824853313e+00
7.388288388371332616e+00,7.713839654938105639e+00,9.766537997003190696e-01,-1.888424792828491405e+00,8.898229006871828162e+00
7.394491960581448531e+00,7.713839654938105639e+00,9.580430830699713241e-01,-1.861071663034774559e+00,8.906971420035198150e+00
7.400605229933567841e+00,7.713839654938105639e+00,9.397032750136133927e-01,-1.833980805635793132e+00,8.915722469377820758e+00
7.406629071532624842e+00,7.713839654938105639e+00,9.216317502164423914e-01,-1.807152479717100135e+00,8.924479270499343642e+00
7.412564361058731954e+00,7.713839654938105639e+00,9.038258816381210536e-01,-1.780586857832133774e+00,8.933239023805988666e+00
7.418411974487219673e+00,7.713839654938105639e+00,8.862830413526578965e-01,-1.754284028546315710e+00,8.941999012806341796e+00
7.424172787816988084e+00,7.713839654938105639e+00,8.690006013633526649e-01,-1.728243998930523162e+00,8.950756602432829112e+00
7.429847676806999424e+00,7.713839654938105639e+00,8.519759343933186457e-01,-1.702466697003401919e+00,8.959509237389916336e+00
7.435437516720750040e+00,7.713839654938105639e+00,8.352064146520667975e-01,-1.676951974125184819e+00,8.968254440526882476e+00
7.440943182078552987e+00,7.713839654938105639e+00,8.186894185786579570e-01,-1.651699607340884057e+00,8.976989811237775285e+00
7.446365546417480274e+00,7.713839654938105639e+00,8.024223255618760930e-01,-1.626709301678186392e+00,8.985713023883690198e+00
7.451705482058796015e+00,7.713839654938105639e+00,7.864025186379288712e-01,-1.601980692394722183e+00,8.994421826243208073e+00
7.456963859882735690e+00,7.713839654938105639e+00,7.706273851661098462e-01,-1.577513347181902503e+00,9.003114037984207840e+00
7.462141549110474337e+00,7.713839654938105639e+00,7.550943174828939064e-01,-1.553306768321593978e+00,9.011787549161301314e+00
7.467239417093129106e+00,7.713839654938105639e+00,7.398007135349295993e-01,-1.529360394796430711e+00,9.020440318738499386e+00
7.472258329107657637e+00,7.713839654938105639e+00,7.247439774913440047e-01,-1.505673604358559459e+00,9.029070373132785932e+00
7.477199148159499487e+00,7.713839654938105639e+00,7.099215203358184567e-01,-1.482245715552554799e+00,9.037675804783264155e+00
7.482062734791819381e+00,7.713839654938105639e+00,6.953307604388587748e-01,-1.459075989695968190e+00,9.046254770742891083e+00
7.486849946901213748e+00,7.713839654938105639e+00,6.809691241106756721e-01,-1.436163632818310276e+00,9.054805491292366781e+00
7.491561639559737529e+00,7.713839654938105639e+00,6.668340461351043302e-01,-1.413507797557134182e+00,9.063326248577970645e+00
7.496198664843118920e+00,7.713839654938105639e+00,6.529229702849601580e-01,-1.391107585014417225e+00,9.071815385270543430e+00
7.500761871665027058e+00,7.713839654938105639e+00,6.392333498192357411e-01,-1.368962046572441693e+00,9.080271303246794545e+00
7.505252105617260305e+00,7.713839654938105639e+00,6.257626479625360005e-01,-1.347070185669974052e+00,9.088692462292563334e+00
7.509670208815722781e+00,7.713839654938105639e+00,6.125083383671485748e-01,-1.325430959538742570e+00,9.097077378828405614e+00
7.514017019752067483e+00,7.713839654938105639e+00,5.994679055581144667e-01,-1.304043280903410817e+00,9.105424624654704147e+00
7.518293373150878089e+00,7.713839654938105639e+00,5.866388453616826482e-01,-1.282906019643181850e+00,9.113732825718500408e+00
7.522500099832260645e+00,7.713839654938105639e+00,5.740186653175349818e-01,-1.262018004414766637e+00,9.122000660902768843e+00
7.526638026579733243e+00,7.713839654938105639e+00,5.616048850751171884e-01,-1.241378024241779343e+00,9.130226860833339231e+00
7.530707976013289340e+00,7.713839654938105639e+00,5.493950367744488972e-01,-1.220984830066829119e+00,9.138410206707620276e+00
7.534710766467515697e+00,7.713839654938105639e+00,5.373866654117698261e-01,-1.200837136267907113e+00,9.146549529143863211e+00
7.538647211874656584e+00,7.713839654938105639e+00,5.255773291903471645e-01,-1.180933622142266159e+00,9.154643707048080614e+00
7.542518121652502572e+00,7.713839654938105639e+00,5.139645998568092011e-01,-1.161272933353796333e+00,9.162691666503013366e+00
7.546324300596999102e+00,7.713839654938105639e+00,5.025460630233196113e-01,-1.141853683348958981e+00,9.170692379674360240e+00
7.550066548779462927e+00,7.713839654938105639e+00,4.913193184759281351e-01,-1.122674454739147620e+00,9.178644863736781900e+00
7.553745661448299842e+00,7.713839654938105639e+00,4.802819804694173911e-01,-1.103733800651074404e+00,9.186548179818343485e+00
7.557362428935118892e+00,7.713839654938105639e+00,4.694316780089602403e-01,-1.085030246045715074e+00,9.194401431963246552e+00
7.560917636565134714e+00,7.713839654938105639e+00,4.587660551189127744e-01,-1.066562289004746589e+00,9.202203766114166683e+00
7.564412064571761185e+00,7.713839654938105639e+00,4.482827710990333614e-01,-1.048328401987941305e+00,9.209954369111091665e+00
7.567846488015299578e+00,7.713839654938105639e+00,4.379795007684181840e-01,-1.030327033061517739e+00,9.217652467706901831e+00
7.571221676705608417e+00,7.713839654938105639e+00,4.278539346974916668e-01,-1.012556607092651717e+00,9.225297327604840447e+00
7.574538395128677770e+00,7.713839654938105639e+00,4.179037794282836060e-01,-9.950155269208060815e-01,9.232888252507478910e+00
7.577797402376997837e+00,7.713839654938105639e+00,4.081267576833234045e-01,-9.777021744960201488e-01,9.240424583187303753e+00
7.580999452083636569e+00,7.713839654938105639e+00,3.985206085634072082e-01,-9.606149119916196355e-01,9.247905696571788070e+00
7.584145292359932178e+00,7.713839654938105639e+00,3.890830877345203831e-01,-9.437520828886825086e-01,9.255331004845839260e+00
7.587235665736712598e+00,7.713839654938105639e+00,3.798119676041791237e-01,-9.271120130341259369e-01,9.262699954570052796e+00
7.590271309108950426e+00,7.713839654938105639e+00,3.707050374874656384e-01,-9.106930116713485290e-01,9.270012025816118495e+00
7.593252953683769846e+00,7.713839654938105639e+00,3.617601037630073790e-01,-8.944933724458259405e-01,9.277266731317181936e+00
7.596181324931720269e+00,7.713839654938105639e+00,3.529749900191561096e-01,-8.785113743851269419e-01,9.284463615634029665e+00
7.599057142541234100e+00,7.713839654938105639e+00,3.443475371906146165e-01,-8.627452828541493091e-01,9.291602254336465805e+00
7.601881120376181578e+00,7.713839654938105639e+00,3.358756036857721838e-01,-8.471933504842432683e-01,9.298682253201530301e+00
7.604653966436449863e+00,7.713839654938105639e+00,3.275570655049673263e-01,-8.318538180804857518e-01,9.305703247424482072e+00
7.607376382821460226e+00,7.713839654938105639e+00,3.193898163499362397e-01,-8.167249155031086616e-01,9.312664900846828075e+00
7.610049065696554926e+00,7.713839654938105639e+00,3.113717677246521376e-01,-8.018048625284102116e-01,9.319566905196243312e+00
7.612672705262169437e+00,7.713839654938105639e+00,3.035008490278086057e-01,-7.870918696843531848e-01,9.326408979343455030e+00
7.615247985725718038e+00,7.713839654938105639e+00,2.957750076371628012e-01,-7.725841390645804552e-01,9.333190868572582843e+00
7.617775585276124417e+00,7.713839654938105639e+00,2.881922089859436653e-01,-7.582798651219135877e-01,9.339912343864030575e+00
7.620256176060917319e+00,7.713839654938105639e+00,2.807504366315649591e-01,-7.441772354378706211e-01,9.346573201193695724e+00
7.622690424165829093e+00,7.713839654938105639e+00,2.734476923168296381e-01,-7.302744314735321041e-01,9.353173260843298920e+00
7.625078989596825174e+00,7.713839654938105639e+00,2.662819960238413941e-01,-7.165696292988243954e-01,9.359712366725016608e+00
7.627422526264494351e+00,7.713839654938105639e+00,2.592513860208338627e-01,-7.030610003007531361e-01,9.366190385720081224e+00
7.629721681970734970e+00,7.713839654938105639e+00,2.523539189021120066e-01,-6.897467118721856139e-01,9.372607207029926002e+00
7.631977098397678461e+00,7.713839654938105639e+00,2.455876696212815347e-01,-6.766249280830471946e-01,9.378962741538234837e+00
7.634189411098776468e+00,7.713839654938105639e+00,2.389507315179875135e-01,-6.636938103294021118e-01,9.385256921188585011e+00
7.636359249491992962e+00,7.713839654938105639e+00,2.324412163383380303e-01,-6.509515179649483230e-01,9.391489698373391093e+00
7.638487236855047158e+00,7.713839654938105639e+00,2.260572542491754433e-01,-6.383962089162587006e-01,9.397661045332917240e+00
7.640573990322634401e+00,7.713839654938105639e+00,2.197969938464137130e-01,-6.260260402761730347e-01,9.403770953570241176e+00
7.642620120885578849e+00,7.713839654938105639e+00,2.136586021575803684e-01,-6.138391688833344517e-01,9.409819433274247302e+00
7.644626233391850434e+00,7.713839654938105639e+00,2.076402646387656148e-01,-6.018337518814753651e-01,9.415806512757290747e+00
7.646592926549398150e+00,7.713839654938105639e+00,2.017401851661224654e-01,-5.900079472643149359e-01,9.421732237901807139e+00
7.648520792930735723e+00,7.713839654938105639e+00,1.959565860221097466e-01,-5.783599144012718796e-01,9.427596671620838364e+00
7.650410418979235239e+00,7.713839654938105639e+00,1.902877078766112007e-01,-5.668878145498545962e-01,9.433399893326757990e+00
7.652262385017067459e+00,7.713839654938105639e+00,1.847318097631145406e-01,-5.555898113496660073e-01,9.439141998413449031e+00
7.654077265254740858e+00,7.713839654938105639e+00,1.792871690500943416e-01,-5.444640713020199030e-01,9.444823097748074048e+00
7.655855627802189645e+00,7.713839654938105639e+00,1.739520814077479827e-01,-5.335087642346358905e-01,9.450443317173112590e+00
7.657598034681355692e+00,7.713839654938105639e+00,1.687248607702498404e-01,-5.227220637498142253e-01,9.456002797020435224e+00
7.659305041840223538e+00,7.713839654938105639e+00,1.636038392936463026e-01,-5.121021476603537792e-01,9.461501691633293021e+00
7.660977199168254259e+00,7.713839654938105639e+00,1.585873673095541392e-01,-5.016471984092163439e-01,9.466940168900338293e+00
7.662615050513175596e+00,7.713839654938105639e+00,1.536738132747901275e-01,-4.913554034764011647e-01,9.472318409798390348e+00
7.664219133699076814e+00,7.713839654938105639e+00,1.488615637170864758e-01,-4.812249557703651703e-01,9.477636607946720915e+00
7.665789980545772764e+00,7.713839654938105639e+00,1.441490231769986252e-01,-4.712540540087850616e-01,9.482894969168214061e+00
7.667328116889385647e+00,7.713839654938105639e+00,1.395346141461599743e-01,-4.614409030838650949e-01,9.488093711062294489e+00
7.668834062604104496e+00,7.713839654938105639e+00,1.350167770020034297e-01,-4.517837144156544582e-01,9.493233062586348581e+00
7.670308331625081522e+00,7.713839654938105639e+00,1.305939699390723518e-01,-4.422807062931077837e-01,9.498313263645965066e+00
7.671751431972423596e+00,7.713839654938105639e+00,1.262646688970461284e-01,-4.329301042026223456e-01,9.503334564694423392e+00
7.673163865776235326e+00,7.713839654938105639e+00,1.220273674856109380e-01,-4.237301411435190346e-01,9.508297226342092401e+00
7.674546129302680875e+00,7.713839654938105639e+00,1.178805769062742925e-01,-4.146790579336645521e-01,9.513201518972611126e+00
7.675898712981023664e+00,7.713839654938105639e+00,1.138228258712459251e-01,-4.057751035028367426e-01,9.518047722368409680e+00
7.677222101431603107e+00,7.713839654938105639e+00,1.098526605195075945e-01,-3.970165351738330628e-01,9.522836125345675029e+00
7.678516773494717285e+00,7.713839654938105639e+00,1.059686443301650627e-01,-3.884016189342531788e-01,9.527567025395912381e+00
7.679783202260371588e+00,7.713839654938105639e+00,1.021693580332021511e-01,-3.799286296962911536e-01,9.532240728336912383e+00
7.681021855098859596e+00,7.713839654938105639e+00,9.845339951773812714e-02,-3.715958515464024003e-01,9.536857547971337112e+00
7.682233193692144191e+00,7.713839654938105639e+00,9.481938373788434404e-02,-3.634015779853783101e-01,9.541417805752505643e+00
7.683417674066004288e+00,7.713839654938105639e+00,9.126594261630405214e-02,-3.553441121580291906e-01,9.545921830458276247e+00
7.684575746622909875e+00,7.713839654938105639e+00,8.779172494558729056e-02,-3.474217670716761575e-01,9.550369957873911630e+00
7.685707856175603148e+00,7.713839654938105639e+00,8.439539628750747369e-02,-3.396328658079816876e-01,9.554762530479525395e+00
7.686814441981344004e+00,7.713839654938105639e+00,8.107563887028490512e-02,-3.319757417222568563e-01,9.559099897148028546e+00
7.687895937776800359e+00,7.713839654938105639e+00,7.783115148391583915e-02,-3.244487386369065973e-01,9.563382412847008851e+00
7.688952771813540643e+00,7.713839654938105639e+00,7.466064937369498722e-02,-3.170502110220851932e-01,9.567610438351611180e+00
7.689985366894116048e+00,7.713839654938105639e+00,7.156286413196877305e-02,-3.097785241726214167e-01,9.571784339959346966e+00
7.690994140408688118e+00,7.713839654938105639e+00,6.853654358825256310e-02,-3.026320543716209954e-01,9.575904489216632953e+00
7.691979504372181253e+00,7.713839654938105639e+00,6.558045169777315664e-02,-2.956091890479406459e-01,9.579971262649833008e+00
7.692941865461939699e+00,7.713839654938105639e+00,6.269336842849781988e-02,-2.887083269275336761e-01,9.583985041500964641e+00
7.693881625055848161e+00,7.713839654938105639e+00,5.987408964677243262e-02,-2.819278781725387262e-01,9.587946211474234204e+00
7.694799179270903622e+00,7.713839654938105639e+00,5.712142700160605102e-02,-2.752662645166381594e-01,9.591855162484968389e+00
7.695694919002208145e+00,7.713839654938105639e+00,5.443420780769248069e-02,-2.687219193913570336e-01,9.595712288416336833e+00
7.696569229962354264e+00,7.713839654938105639e+00,5.181127492725412509e-02,-2.622932880438355596e-01,9.599517986883419951e+00
7.697422492721188725e+00,7.713839654938105639e+00,4.925148665075074206e-02,-2.559788276503383031e-01,9.603272659000413825e+00
7.698255082745923517e+00,7.713839654938105639e+00,4.675371657654636692e-02,-2.497770074204375135e-01,9.606976709156109351e+00
7.699067370441573743e+00,7.713839654938105639e+00,4.431685348959568671e-02,-2.436863086950680213e-01,9.610630544794528163e+00
7.699859721191702810e+00,7.713839654938105639e+00,4.193980123920848513e-02,-2.377052250387201582e-01,9.614234576200487936e+00
7.700632495399452715e+00,7.713839654938105639e+00,3.962147861595877174e-02,-2.318322623249713388e-01,9.617789216290987042e+00
7.701386048528831019e+00,7.713839654938105639e+00,3.736081922782386044e-02,-2.260659388134911296e-01,9.621294880414332340e+00
7.702120731146250954e+00,7.713839654938105639e+00,3.515677137556405540e-02,-2.204047852259805040e-01,9.624751986149583161e+00
7.702836888962285578e+00,7.713839654938105639e+00,3.300829792746018398e-02,-2.148473448103871419e-01,9.628160953117074428e+00
7.703534862873632427e+00,7.713839654938105639e+00,3.091437619341963483e-02,-2.093921734040549154e-01,9.631522202789366105e+00
7.704214989005258474e+00,7.713839654938105639e+00,2.887399779854149529e-02,-2.040378394878139545e-01,9.634836158310728038e+00
7.704877598752715606e+00,7.713839654938105639e+00,2.688616855617009804e-02,-1.987829242371397243e-01,9.638103244319029983e+00
7.705523018824604442e+00,7.713839654938105639e+00,2.494990834050359041e-02,-1.936260215666507634e-01,9.641323886773854213e+00
7.706151571285170476e+00,7.713839654938105639e+00,2.306425095880548781e-02,-1.885657381698102597e-01,9.644498512788995725e+00
7.706763573597015693e+00,7.713839654938105639e+00,2.122824402326983773e-02,-1.836006935535650086e-01,9.647627550469705326e+00
7.707359338663907877e+00,7.713839654938105639e+00,1.944094882259328472e-02,-1.787295200676553009e-01,9.650711428754938481e+00
7.707939174873675192e+00,7.713839654938105639e+00,1.770144019329134011e-02,-1.739508629301944609e-01,9.653750577263096488e+00
7.708503386141169145e+00,7.713839654938105639e+00,1.600880639080948242e-02,-1.692633802481857686e-01,9.656745426142624211e+00
7.709052271951277291e+00,7.713839654938105639e+00,1.436214896048504386e-02,-1.646657430324438565e-01,9.659696405928041685e+00
7.709586127401977684e+00,7.713839654938105639e+00,1.276058260838386360e-02,-1.601566352101180257e-01,9.662603947398267223e+00
7.710105243247418194e+00,7.713839654938105639e+00,1.120323507206233415e-02,-1.557347536321529446e-01,9.665468481439908999e+00
7.710609905941002928e+00,7.713839654938105639e+00,9.689246991308131385e-03,-1.513988080754202770e-01,9.668290438915889240e+00
7.711100397678478657e+00,7.713839654938105639e+00,8.217771778880944566e-03,-1.471475212427186818e-01,9.671070250536162760e+00
7.711576996441008802e+00,7.713839654938105639e+00,6.787975491290509922e-03,-1.429796287590434645e-01,9.673808346732247543e+00
7.712039976038211897e+00,7.713839654938105639e+00,5.399036699681225571e-03,-1.388938791609284351e-01,9.676505157538752400e+00
7.712489606151168964e+00,7.713839654938105639e+00,4.050146360810025215e-03,-1.348890338871200356e-01,9.679161112473689599e+00
7.712926152375373157e+00,7.713839654938105639e+00,2.740507688197446612e-03,-1.309638672612578603e-01,9.681776640426939196e+00
7.713349876263619898e+00,7.713839654938105639e+00,1.469336023457223916e-03,-1.271171664740222695e-01,9.684352169549434564e+00
7.713761035368821517e+00,7.713839654938105639e+00,2.358587078523655123e-04,-1.233477315604858404e-01,9.686888127147366134e+00
7.714159883286738406e+00,7.713839654938105639e+00,-9.606850458983018370e-04,-1.196543753750667349e-01,9.689384939579035461e+00
7.714546669698613357e+00,7.713839654938105639e+00,-2.121044281523154496e-03,-1.160359235624852658e-01,9.691843032155992077e+00
7.714921640413703763e+00,7.713839654938105639e+00,-3.245956426794371907e-03,-1.124912145271217412e-01,9.694262829046085272e+00
7.715285037411698355e+00,7.713839654938105639e+00,-4.336147420778146966e-03,-1.090190993983775058e-01,9.696644753180844845e+00
7.715637098885011369e+00,7.713839654938105639e+00,-5.392331840717190516e-03,-1.056184419939043551e-01,9.698989226165378952e+00
7.715978059280940826e+00,7.713839654938105639e+00,-6.415213028505561965e-03,-1.022881187788371449e-01,9.701296668192657791e+00
7.716308149343689138e+00,7.713839654938105639e+00,-7.405483216750496922e-03,-9.902701882449349569e-02,9.703567497958756505e+00
7.716627596156233615e+00,7.713839654938105639e+00,-8.363823654383928385e-03,-9.583404376334314634e-02,9.705802132582274311e+00
7.716936623182036215e+00,7.713839654938105639e+00,-9.290904731791727045e-03,-9.270810774077986594e-02,9.708000987527428904e+00
7.717235450306591638e+00,7.713839654938105639e+00,-1.018738610545799617e-02,-8.964813736662691213e-02,9.710164476527914701e+00
7.717524293878799568e+00,7.713839654938105639e+00,-1.105391682208178850e-02,-8.665307166237923298e-02,9.712293011515539476e+00
7.717803366752159278e+00,7.713839654938105639e+00,-1.189113544216091611e-02,-8.372186200791276178e-02,9.714387002549926819e+00
7.718072878325774155e+00,7.713839654938105639e+00,-1.269967016300554974e-02,-8.085347208446336253e-02,9.716446857752531585e+00
7.718333034585164398e+00,7.713839654938105639e+00,-1.348013894117627842e-02,-7.804687781707286831e-02,9.718472983241751351e+00
7.718584038142878967e+00,7.713839654938105639e+00,-1.423314961431998427e-02,-7.530106731437058443e-02,9.720465783071309929e+00
7.718826088278900599e+00,7.713839654938105639e+00,-1.495930002238488044e-02,-7.261504080648961690e-02,9.722425659171126000e+00
7.719059380980839435e+00,7.713839654938105639e+00,-1.565917812820138977e-02,-6.998781058165093327e-02,9.724353011290148174e+00
7.719284108983907267e+00,7.713839654938105639e+00,-1.633336213740488319e-02,-6.741840092034934173e-02,9.726248236942247161e+00
7.719500461810668845e+00,7.713839654938105639e+00,-1.698242061768961975e-02,-6.490584802847365609e-02,9.728111731353838110e+00
7.719708625810565827e+00,7.713839654938105639e+00,-1.760691261738056568e-02,-6.244919996909459314e-02,9.729943887413526227e+00
7.719908784199204455e+00,7.713839654938105639e+00,-1.820738778329644703e-02,-6.004751659158813482e-02,9.731745095625115027e+00
7.720101117097405208e+00,7.713839654938105639e+00,-1.878438647789870686e-02,-5.769986946022598318e-02,9.733515744061875807e+00
7.720285801570012651e+00,7.713839654938105639e+00,-1.933843989572103794e-02,-5.540534178223310846e-02,9.735256218322046351e+00
7.720463011664452146e+00,7.713839654938105639e+00,-1.987007017903952288e-02,-5.316302833184849419e-02,9.736966901489111592e+00
7.720632918449040538e+00,7.713839654938105639e+00,-2.037979053280469799e-02,-5.097203537651751049e-02,9.738648174090677401e+00
7.720795690051037496e+00,7.713839654938105639e+00,-2.086810533879557283e-02,-4.883148059908748451e-02,9.740300414062117440e+00
7.720951491694441060e+00,7.713839654938105639e+00,-2.133551026900626368e-02,-4.674049302106908499e-02,9.741923996709925149e+00
7.721100485737515839e+00,7.713839654938105639e+00,-2.178249239823060179e-02,-4.469821292243381095e-02,9.743519294679336085e+00
7.721242831710058319e+00,7.713839654938105639e+00,-2.220953031585803927e-02,-4.270379176274374800e-02,9.745086677921399598e+00
7.721378686350393039e+00,7.713839654938105639e+00,-2.261709423686220077e-02,-4.075639210041615002e-02,9.746626513662722147e+00
7.721508203642094337e+00,7.713839654938105639e+00,-2.300564611196609377e-02,-3.885518751038929963e-02,9.748139166377644216e+00
7.721631534850432743e+00,7.713839654938105639e+00,-2.337563973698131292e-02,-3.699936250152191519e-02,9.749624997761497269e+00
7.721748828558547828e+00,7.713839654938105639e+00,-2.372752086132656757e-02,-3.518811243452546478e-02,9.751084366704148465e+00
7.721860230703333272e+00,7.713839654938105639e+00,-2.406172729568289981e-02,-3.342064343563322382e-02,9.752517629268684374e+00
7.721965884611045716e+00,7.713839654938105639e+00,-2.437868901882023209e-02,-3.169617231373322852e-02,9.753925138667447925e+00
7.722065931032624952e+00,7.713839654938105639e+00,-2.467882828355794089e-02,-3.001392647377087997e-02,9.755307245242672565e+00
7.722160508178728122e+00,7.713839654938105639e+00,-2.496255972186744998e-02,-2.837314383095090875e-02,9.756664296447182139e+00
7.722249751754476144e+00,7.713839654938105639e+00,-2.523029044911151431e-02,-2.677307272440643260e-02,9.757996636826483439e+00
7.722333794993907041e+00,7.713839654938105639e+00,-2.548242016740420723e-02,-2.521297182926929281e-02,9.759304608003326109e+00
7.722412768694137952e+00,7.713839654938105639e+00,-2.571934126809694021e-02,-2.369211006927329777e-02,9.760588548662630259e+00
7.722486801249234922e+00,7.713839654938105639e+00,-2.594143893338785034e-02,-2.220976652909101290e-02,9.761848794537520746e+00
7.722556018683786050e+00,7.713839654938105639e+00,-2.614909123704123317e-02,-2.076523036533828304e-02,9.763085678397620981e+00
7.722620544686176203e+00,7.713839654938105639e+00,-2.634266924421169165e-02,-1.935780071704584770e-02,9.764299530038742958e+00
7.722680500641570411e+00,7.713839654938105639e+00,-2.652253711039431749e-02,-1.798678661826258462e-02,9.765490676271344483e+00
7.722736005664591730e+00,7.713839654938105639e+00,-2.668905217945827246e-02,-1.665150690639549680e-02,9.766659440914146728e+00
7.722787176631705108e+00,7.713839654938105639e+00,-2.684256508079840842e-02,-1.535129013401359543e-02,9.767806144785188494e+00
7.722834128213296623e+00,7.713839654938105639e+00,-2.698341982557295182e-02,-1.408547447745434056e-02,9.768931105696973205e+00
7.722876972905457826e+00,7.713839654938105639e+00,-2.711195390205656253e-02,-1.285340764836107041e-02,9.770034638449583753e+00
7.722915821061463681e+00,7.713839654938105639e+00,-2.722849837007412788e-02,-1.165444680175653502e-02,9.771117054828170723e+00
7.722950780922952951e+00,7.713839654938105639e+00,-2.733337795454193753e-02,-1.048795844678096501e-02,9.772178663598676707e+00
7.722981958650802170e+00,7.713839654938105639e+00,-2.742691113808959358e-02,-9.353318354765605136e-03,9.773219770507145299e+00
7.723009458355702073e+00,7.713839654938105639e+00,-2.750941025278930141e-02,-8.249911469970783173e-03,9.774240678277241301e+00
7.723033382128429380e+00,7.713839654938105639e+00,-2.758118157097122491e-02,-7.177131818192350465e-03,9.775241686610836922e+00
7.723053830069817494e+00,7.713839654938105639e+00,-2.764252539513556428e-02,-6.134382416433936669e-03,9.776223092188430996e+00
7.723070900320424315e+00,7.713839654938105639e+00,-2.769373614695602726e-02,-5.121075182046297414e-03,9.777185188670998173e+00
7.723084689089898980e+00,7.713839654938105639e+00,-2.773510245538002295e-02,-4.136630842399569019e-03,9.778128266702221794e+00
7.723095290686043946e+00,7.713839654938105639e+00,-2.776690724381492004e-02,-3.180478843489709107e-03,9.779052613912696756e+00
7.723102797543579534e+00,7.713839654938105639e+00,-2.778942781642168569e-02,-2.252057260676565420e-03,9.779958514922903134e+00
7.723107300252607388e+00,7.713839654938105639e+00,-2.780293594350524700e-02,-1.350812708356130543e-03,9.780846251348139120e+00
7.723108887586770166e+00,7.713839654938105639e+00,-2.780769794599358136e-02,-4.762002488334360351e-04,9.781716101805173480e+00
7.723107646531113701e+00,7.713839654938105639e+00,-2.780397477902418757e-02,3.723166969393787440e-04,9.782568341917915689e+00
7.723103662309648954e+00,7.713839654938105639e+00,-2.779202211462994399e-02,1.195266439424358396e-03,9.783403244324794912e+00
7.723097018412616421e+00,7.713839654938105639e+00,-2.777209042353234736e-02,1.993169109759662661e-03,9.784221078686227813e+00
7.723087796623453016e+00,7.713839654938105639e+00,-2.774442505604213238e-02,2.766536749021497599e-03,9.785022111692979863e+00
7.723076077045458732e+00,7.713839654938105639e+00,-2.770926632205927831e-02,3.515873398285407347e-03,9.785806607076226626e+00
7.723061938128171988e+00,7.713839654938105639e+00,-2.766684957019904800e-02,4.241675186023030619e-03,9.786574825615824480e+00
7.723045456693446553e+00,7.713839654938105639e+00,-2.761740526602274315e-02,4.944430417630485408e-03,9.787327025151608240e+00
7.723026707961236248e+00,7.713839654938105639e+00,-2.756115906939182736e-02,5.624619663091579014e-03,9.788063460593701137e+00
7.723005765575085668e+00,7.713839654938105639e+00,-2.749833191094008811e-02,6.282715845173925118e-03,9.788784383934235223e+00
7.722982701627328694e+00,7.713839654938105639e+00,-2.742914006766916657e-02,6.919184327092153808e-03,9.789490044259423485e+00
7.722957586683997455e+00,7.713839654938105639e+00,-2.735379523767544896e-02,7.534482999371761025e-03,9.790180687761697698e+00
7.722930489809442633e+00,7.713839654938105639e+00,-2.727250461401098391e-02,8.129062366446504484e-03,9.790856557752436018e+00
7.722901478590662450e+00,7.713839654938105639e+00,-2.718547095767043231e-02,8.703365634055160172e-03,9.791517894676385225e+00
7.722870619161350092e+00,7.713839654938105639e+00,-2.709289266973335941e-02,9.257828793707290060e-03,9.792164936123974428e+00
7.722837976225650714e+00,7.713839654938105639e+00,-2.699496386263522396e-02,9.792880709813545081e-03,9.792797916847177930e+00
7.722803613081635987e+00,7.713839654938105639e+00,-2.689187443059104510e-02,1.030894320441788636e-02,9.793417068773827339e+00
7.722767591644497998e+00,7.713839654938105639e+00,-2.678381011917707610e-02,1.080643114139689942e-02,9.794022621022220321e+00
7.722729972469462467e+00,7.713839654938105639e+00,-2.667095259407048502e-02,1.128575251065910834e-02,9.794614799916589121e+00
7.722690814774418655e+00,7.713839654938105639e+00,-2.655347950893904851e-02,1.174730851314365054e-02,9.795193829004205099e+00
7.722650176462274807e+00,7.713839654938105639e+00,-2.643156457250750435e-02,1.219149364315441630e-02,9.795759929070648298e+00
7.722608114143038271e+00,7.713839654938105639e+00,-2.630537761479789793e-02,1.261869577096064177e-02,9.796313318156162353e+00
7.722564683155617615e+00,7.713839654938105639e+00,-2.617508465253592931e-02,1.302929622619686256e-02,9.796854211573661431e+00
7.722519937589353844e+00,7.713839654938105639e+00,-2.604084795374461692e-02,1.342366987913123921e-02,9.797382821925387120e+00
7.722473930305283396e+00,7.713839654938105639e+00,-2.590282610153327170e-02,1.380218522113452195e-02,9.797899359119600859e+00
7.722426712957124906e+00,7.713839654938105639e+00,-2.576117405705780072e-02,1.416520444754709729e-02,9.798404030390489794e+00
7.722378336012004851e+00,7.713839654938105639e+00,-2.561604322169763748e-02,1.451308353601632462e-02,9.798897040314319185e+00
7.722328848770916743e+00,7.713839654938105639e+00,-2.546758149843331154e-02,1.484617232643259399e-02,9.799378590827998892e+00
7.722278299388911194e+00,7.713839654938105639e+00,-2.531593335241666409e-02,1.516481460166474449e-02,9.799848881249248578e+00
7.722226734895030198e+00,7.713839654938105639e+00,-2.516123987077367730e-02,1.546934816429867965e-02,9.800308108293524612e+00
7.722174201211978506e+00,7.713839654938105639e+00,-2.500363882161860118e-02,1.576010491550761117e-02,9.800756466093890396e+00
7.722120743175536539e+00,7.713839654938105639e+00,-2.484326471229270084e-02,1.603741093259003492e-02,9.801194146220296943e+00
7.722066404553716623e+00,7.713839654938105639e+00,-2.468024884683295284e-02,1.630158654597479995e-02,9.801621337699142344e+00
7.722011228065666977e+00,7.713839654938105639e+00,-2.451471938268401374e-02,1.655294641489390983e-02,9.802038227032209505e+00
7.721955255400319906e+00,7.713839654938105639e+00,-2.434680138664280236e-02,1.679179960412113815e-02,9.802444998217477945e+00
7.721898527234794862e+00,7.713839654938105639e+00,-2.417661689006767034e-02,1.701844965751320160e-02,9.802841832767445140e+00
7.721841083252546589e+00,7.713839654938105639e+00,-2.400428494332285112e-02,1.723319467448192199e-02,9.803228909731160456e+00
7.721782962161271691e+00,7.713839654938105639e+00,-2.382992166949815527e-02,1.743632738246958525e-02,9.803606405712972816e+00
7.721724201710567392e+00,7.713839654938105639e+00,-2.365364031738526052e-02,1.762813521128947514e-02,9.803974494893903824e+00
7.721664838709353162e+00,7.713839654938105639e+00,-2.347555131374257087e-02,1.780890036426896472e-02,9.804333349050526891e+00
7.721604909043043641e+00,7.713839654938105639e+00,-2.329576231481400583e-02,1.797889989285650358e-02,9.804683137578042107e+00
7.721544447690492419e+00,7.713839654938105639e+00,-2.311437825716033956e-02,1.813840576536662752e-02,9.805024027508206785e+00
7.721483488740691570e+00,7.713839654938105639e+00,-2.293150140775779278e-02,1.828768494025467817e-02,9.805356183532497383e+00
7.721422065409243807e+00,7.713839654938105639e+00,-2.274723141341450372e-02,1.842699943432890564e-02,9.805679768020915787e+00
7.721360210054598383e+00,7.713839654938105639e+00,-2.256166534947823266e-02,1.855660639362710640e-02,9.805994941044149371e+00
7.721297954194056956e+00,7.713839654938105639e+00,-2.237489776785395179e-02,1.867675816242808651e-02,9.806301860394574632e+00
7.721235328519555630e+00,7.713839654938105639e+00,-2.218702074434997229e-02,1.878770235039795011e-02,9.806600681606049363e+00
7.721172362913214293e+00,7.713839654938105639e+00,-2.199812392532596306e-02,1.888968190240092326e-02,9.806891557977074569e+00
7.721109086462671023e+00,7.713839654938105639e+00,-2.180829457369615199e-02,1.898293516298110717e-02,9.807174640589284564e+00
7.721045527476186443e+00,7.713839654938105639e+00,-2.161761761424241257e-02,1.906769594537394141e-02,9.807450078331132914e+00
7.720981713497534926e+00,7.713839654938105639e+00,-2.142617567828786207e-02,1.914419359545505017e-02,9.807718017917167685e+00
7.720917671320675524e+00,7.713839654938105639e+00,-2.123404914770965490e-02,1.921265305782071664e-02,9.807978603910111559e+00
7.720853427004207070e+00,7.713839654938105639e+00,-2.104131619830429401e-02,1.927329494053608983e-02,9.808231978742231405e+00
7.720789005885612788e+00,7.713839654938105639e+00,-2.084805284252144730e-02,1.932633557828467019e-02,9.808478282735762832e+00
7.720724432595291731e+00,7.713839654938105639e+00,-2.065433297155827574e-02,1.937198709631715587e-02,9.808717654124759378e+00
7.720659731070383280e+00,7.713839654938105639e+00,-2.046022839683292460e-02,1.941045747253511422e-02,9.808950229075701799e+00
7.720594924568382922e+00,7.713839654938105639e+00,-2.026580889083184900e-02,1.944195060010756038e-02,9.809176141709276209e+00
7.720530035680552849e+00,7.713839654938105639e+00,-2.007114222734163178e-02,1.946666634902172177e-02,9.809395524121679699e+00
7.720465086345135397e+00,7.713839654938105639e+00,-1.987629422108927457e-02,1.948480062523572087e-02,9.809608506404146056e+00
7.720400097860358635e+00,7.713839654938105639e+00,-1.968132876675898757e-02,1.949654543302870024e-02,9.809815216666269322e+00
7.720335090897248342e+00,7.713839654938105639e+00,-1.948630787742811066e-02,1.950208893308769120e-02,9.810015781055660966e+00
7.720270085512243696e+00,7.713839654938105639e+00,-1.929129172241417223e-02,1.950161550139384303e-02,9.810210323778980168e+00
7.720205101159616667e+00,7.713839654938105639e+00,-1.909633866453308570e-02,1.949530578810865222e-02,9.810398967123575176e+00
7.720140156703702239e+00,7.713839654938105639e+00,-1.890150529678980007e-02,1.948333677432856348e-02,9.810581831477538373e+00
7.720075270430934999e+00,7.713839654938105639e+00,-1.870684647848808169e-02,1.946588183017183837e-02,9.810759035351683366e+00
7.720010460061703661e+00,7.713839654938105639e+00,-1.851241537079406640e-02,1.944311076940152816e-02,9.810930695398607071e+00
7.719945742762011953e+00,7.713839654938105639e+00,-1.831826347171894298e-02,1.941518990751234242e-02,9.811096926435794785e+00
7.719881135154963658e+00,7.713839654938105639e+00,-1.812444065057405851e-02,1.938228211448844718e-02,9.811257841463914886e+00
7.719816653332062018e+00,7.713839654938105639e+00,-1.793099518186913599e-02,1.934454687049225186e-02,9.811413551688623613e+00
7.719752312864328836e+00,7.713839654938105639e+00,-1.773797377866959124e-02,1.930214031995447499e-02,9.811564166541284493e+00
7.719688128813249506e+00,7.713839654938105639e+00,-1.754542162543160089e-02,1.925521532379903533e-02,9.811709793698367932e+00
7.719624115741540393e+00,7.713839654938105639e+00,-1.735338241030426332e-02,1.920392151273375703e-02,9.811850539102429991e+00
7.719560287723741254e+00,7.713839654938105639e+00,-1.716189835690684617e-02,1.914840533974171422e-02,9.811986506982835365e+00
7.719496658356640673e+00,7.713839654938105639e+00,-1.697101025560510124e-02,1.908881013017449391e-02,9.812117799874570778e+00
7.719433240769527416e+00,7.713839654938105639e+00,-1.678075749426533037e-02,1.902527613397708706e-02,9.812244518639712254e+00
7.719370047634278365e+00,7.713839654938105639e+00,-1.659117808851817699e-02,1.895794057471533733e-02,9.812366762486197658e+00
7.719307091175277691e+00,7.713839654938105639e+00,-1.640230871151615588e-02,1.888693770020211105e-02,9.812484628988686453e+00
7.719244383179176161e+00,7.713839654938105639e+00,-1.621418472321156656e-02,1.881239883045893180e-02,9.812598214107246974e+00
7.719181935004485240e+00,7.713839654938105639e+00,-1.602684019913880320e-02,1.873445240727633632e-02,9.812707612208138030e+00
7.719119757591014874e+00,7.713839654938105639e+00,-1.584030795872770625e-02,1.865322404110969501e-02,9.812812916082382486e+00
7.719057861469153181e+00,7.713839654938105639e+00,-1.565461959314262685e-02,1.856883655850793957e-02,9.812914216965365810e+00
7.718996256768988040e+00,7.713839654938105639e+00,-1.546980549264720395e-02,1.848141004954229061e-02,9.813011604556894696e+00
7.718934953229278584e+00,7.713839654938105639e+00,-1.528589487351883491e-02,1.839106191283690350e-02,9.813105167039317678e+00
7.718873960206273033e+00,7.713839654938105639e+00,-1.510291580450218163e-02,1.829790690166532841e-02,9.813194991097162756e+00
7.718813286682377317e+00,7.713839654938105639e+00,-1.492089523281503460e-02,1.820205716871470258e-02,9.813281161935901054e+00
7.718752941274674484e+00,7.713839654938105639e+00,-1.473985900970653518e-02,1.810362231084994278e-02,9.813363763301143905e+00
7.718692932243301996e+00,7.713839654938105639e+00,-1.455983191558907208e-02,1.800270941174630934e-02,9.813442877496157735e+00
7.718633267499678929e+00,7.713839654938105639e+00,-1.438083768471987156e-02,1.789942308692005213e-02,9.813518585402199790e+00
7.718573954614596389e+00,7.713839654938105639e+00,-1.420289902947224903e-02,1.779386552476225347e-02,9.813590966495290502e+00
7.718515000826163153e+00,7.713839654938105639e+00,-1.402603766417254150e-02,1.768613652997075292e-02,9.813660098865799597e+00
7.718456413047617204e+00,7.713839654938105639e+00,-1.385027432853469520e-02,1.757633356378462963e-02,9.813726059235250432e+00
7.718398197874994260e+00,7.713839654938105639e+00,-1.367562881066586300e-02,1.746455178688322007e-02,9.813788922976218743e+00
7.718340361594669297e+00,7.713839654938105639e+00,-1.350211996969097328e-02,1.735088409748897220e-02,9.813848764127797608e+00
7.718282910190756851e+00,7.713839654938105639e+00,-1.332976575795363772e-02,1.723542117373355609e-02,9.813905655415780416e+00
7.718225849352386092e+00,7.713839654938105639e+00,-1.315858324284135961e-02,1.711825151122781108e-02,9.813959668268386949e+00
7.718169184480841771e+00,7.713839654938105639e+00,-1.298858862820839732e-02,1.699946146329622820e-02,9.814010872835087440e+00
7.718112920696580836e+00,7.713839654938105639e+00,-1.281979727542559289e-02,1.687913527828044380e-02,9.814059338002856236e+00
7.718057062846120253e+00,7.713839654938105639e+00,-1.265222372404384288e-02,1.675735513817500077e-02,9.814105131414130767e+00
7.718001615508801372e+00,7.713839654938105639e+00,-1.248588171208719899e-02,1.663420119566438871e-02,9.814148319483578575e+00
7.717946583003430838e+00,7.713839654938105639e+00,-1.232078419597559815e-02,1.650975161116008394e-02,9.814188967415184095e+00
7.717891969394801599e+00,7.713839654938105639e+00,-1.215694337008788040e-02,1.638408258877177559e-02,9.814227139218683504e+00
7.717837778500094892e+00,7.713839654938105639e+00,-1.199437068596775902e-02,1.625726841201213801e-02,9.814262897726045765e+00
7.717784013895160555e+00,7.713839654938105639e+00,-1.183307687116474938e-02,1.612938148030096386e-02,9.814296304609136712e+00
7.717730678920687204e+00,7.713839654938105639e+00,-1.167307194774469536e-02,1.600049234200540127e-02,9.814327420394260315e+00
7.717677776688253388e+00,7.713839654938105639e+00,-1.151436525044324810e-02,1.587066973014472637e-02,9.814356304479701976e+00
7.717625310086266843e+00,7.713839654938105639e+00,-1.135696544448361323e-02,1.573998059596348753e-02,9.814383015151481260e+00
7.717573281785796269e+00,7.713839654938105639e+00,-1.120088054307188941e-02,1.560849014117238198e-02,9.814407609598100990e+00
7.717521694246284980e+00,7.713839654938105639e+00,-1.104611792453802366e-02,1.547626185338657478e-02,9.814430143928849049e+00
7.717470549721166861e+00,7.713839654938105639e+00,-1.089268434918366779e-02,1.534335753543558667e-02,9.814450673186252416e+00
7.717419850263366854e+00,7.713839654938105639e+00,-1.074058597578364527e-02,1.520983734000225240e-02,9.814469251364219105e+00
7.717369597730703745e+00,7.713839654938105639e+00,-1.058982837779431918e-02,1.507575979893260865e-02,9.814485931421138787e+00
7.717319793791182825e+00,7.713839654938105639e+00,-1.044041655923155787e-02,1.494118185627613116e-02,9.814500765297044182e+00
7.717270439928191728e+00,7.713839654938105639e+00,-1.029235497025826618e-02,1.480615889732916912e-02,9.814513803927070512e+00
7.717221537445593249e+00,7.713839654938105639e+00,-1.014564752246283064e-02,1.467074477954355416e-02,9.814525097257082109e+00
7.717173087472720461e+00,7.713839654938105639e+00,-1.000029760384446575e-02,1.453499186183648817e-02,9.814534694257993408e+00
7.717125090969273238e+00,7.713839654938105639e+00,-9.856308093502796908e-03,1.439895103416688471e-02,9.814542642940665473e+00
7.717077548730119751e+00,7.713839654938105639e+00,-9.713681376042337945e-03,1.426267174604589627e-02,9.814548990370003168e+00
7.717030461390003815e+00,7.713839654938105639e+00,-9.572419355694528065e-03,1.412620203478098801e-02,9.814553782679087846e+00
7.716983829428155417e+00,7.713839654938105639e+00,-9.432523470149334344e-03,1.398958855451937211e-02,9.814557065084370535e+00
7.716937653172815992e+00,7.713839654938105639e+00,-9.293994704131058882e-03,1.385287660182754621e-02,9.814558881897696097e+00
7.716891932805665988e+00,7.713839654938105639e+00,-9.156833602681047068e-03,1.371611014500118131e-02,9.814559276542320632e+00
7.716846668366169837e+00,7.713839654938105639e+00,-9.021040284192594072e-03,1.357933184884529965e-02,9.814558291564653203e+00
7.716801859755830328e+00,7.713839654938105639e+00,-8.886614453174068728e-03,1.344258310185253436e-02,9.814555968648679851e+00
7.716757506742355943e+00,7.713839654938105639e+00,-8.753555412750912978e-03,1.330590404231557500e-02,9.814552348629565159e+00
7.716713608963744697e+00,7.713839654938105639e+00,-8.621862076917174988e-03,1.316933358337379900e-02,9.814547471506458010e+00
7.716670165932283609e+00,7.713839654938105639e+00,-8.491532982533911422e-03,1.303290943832635662e-02,9.814541376455792943e+00
7.716627177038468233e+00,7.713839654938105639e+00,-8.362566301087781540e-03,1.289666814461298827e-02,9.814534101843525704e+00
7.716584641554836921e+00,7.713839654938105639e+00,-8.234959850193845909e-03,1.276064508939356301e-02,9.814525685239200214e+00
7.716542558639729599e+00,7.713839654938105639e+00,-8.108711104871879627e-03,1.262487453219662825e-02,9.814516163427324358e+00
7.716500927340965710e+00,7.713839654938105639e+00,-7.983817208580212821e-03,1.248938962916668061e-02,9.814505572420586077e+00
7.716459746599443115e+00,7.713839654938105639e+00,-7.860274984012427524e-03,1.235422245677852970e-02,9.814493947472765711e+00
7.716419015252667712e+00,7.713839654938105639e+00,-7.738080943686220792e-03,1.221940403262067321e-02,9.814481323088934062e+00
7.716378732038201349e+00,7.713839654938105639e+00,-7.617231300287130580e-03,1.208496433990902119e-02,9.814467733039622388e+00
7.716338895597039560e+00,7.713839654938105639e+00,-7.497721976801763333e-03,1.195093234853672470e-02,9.814453210371734571e+00
7.716299504476914706e+00,7.713839654938105639e+00,-7.379548616427200614e-03,1.181733603745627192e-02,9.814437787421029569e+00
7.716260557135531606e+00,7.713839654938105639e+00,-7.262706592277901052e-03,1.168420241492995615e-02,9.814421495822653441e+00
7.716222051943731230e+00,7.713839654938105639e+00,-7.147191016876774938e-03,1.155155754011261138e-02,9.814404366523236334e+00
7.716183987188583338e+00,7.713839654938105639e+00,-7.032996751433095994e-03,1.141942654436789439e-02,9.814386429792936184e+00
7.716146361076414273e+00,7.713839654938105639e+00,-6.920118414925902073e-03,1.128783365071939215e-02,9.814367715235793099e+00
7.716109171735769046e+00,7.713839654938105639e+00,-6.808550392990220246e-03,1.115680219356818270e-02,9.814348251800577572e+00
7.716072417220304125e+00,7.713839654938105639e+00,-6.698286846595458144e-03,1.102635463947621020e-02,9.814328067792882138e+00
7.716036095511618065e+00,7.713839654938105639e+00,-6.589321720537277827e-03,1.089651260581803172e-02,9.814307190885280363e+00
7.716000204522020844e+00,7.713839654938105639e+00,-6.481648751745616721e-03,1.076729687916611056e-02,9.814285648127420103e+00
7.715964742097235707e+00,7.713839654938105639e+00,-6.375261477390203879e-03,1.063872743554128419e-02,9.814263465958152466e+00
7.715929706019046819e+00,7.713839654938105639e+00,-6.270153242823539586e-03,1.051082345666642937e-02,9.814240670213843387e+00
7.715895094007879429e+00,7.713839654938105639e+00,-6.166317209321370285e-03,1.038360335021693004e-02,9.814217286140895169e+00
7.715860903725325848e+00,7.713839654938105639e+00,-6.063746361660626860e-03,1.025708476607434250e-02,9.814193338404415101e+00
7.715827132776612807e+00,7.713839654938105639e+00,-5.962433515521503580e-03,1.013128461391232804e-02,9.814168851098390434e+00
7.715793778713009310e+00,7.713839654938105639e+00,-5.862371324711013187e-03,1.000621908104903923e-02,9.814143847756337635e+00
7.715760839034182084e+00,7.713839654938105639e+00,-5.763552288229334408e-03,9.881903648167877918e-03,9.814118351359939041e+00
7.715728311190490629e+00,7.713839654938105639e+00,-5.665968757154971058e-03,9.758353107436334994e-03,9.814092384350281861e+00
7.715696192585234314e+00,7.713839654938105639e+00,-5.569612941386026250e-03,9.635581576894480804e-03,9.814065968635508952e+00
7.715664480576841733e+00,7.713839654938105639e+00,-5.474476916208281807e-03,9.513602517774444323e-03,9.814039125601567548e+00
7.715633172481008550e+00,7.713839654938105639e+00,-5.380552628708734630e-03,9.392428749954717659e-03,9.814011876121245592e+00
7.715602265572788276e+00,7.713839654938105639e+00,-5.287831904047912701e-03,9.272072466082192932e-03,9.813984240562035666e+00
7.715571757088623528e+00,7.713839654938105639e+00,-5.196306451553667216e-03,9.152545249424548501e-03,9.813956238797871379e+00
7.715541644228339102e+00,7.713839654938105639e+00,-5.105967870700389710e-03,9.033858085327750587e-03,9.813927890214628746e+00
7.715511924157075541e+00,7.713839654938105639e+00,-5.016807656909705315e-03,8.916021379068439501e-03,9.813899213722159232e+00
7.715482594007184503e+00,7.713839654938105639e+00,-4.928817207236591003e-03,8.799044967311431265e-03,9.813870227760075338e+00
7.715453650880069070e+00,7.713839654938105639e+00,-4.841987825890292640e-03,8.682938134629836213e-03,9.813840950308740929e+00
7.715425091847984973e+00,7.713839654938105639e+00,-4.756310729638002499e-03,8.567709625229014136e-03,9.813811398895591509e+00
7.715396913955790303e+00,7.713839654938105639e+00,-4.671777053053993711e-03,8.453367658400878781e-03,9.813781590605348271e+00
7.715369114222656144e+00,7.713839654938105639e+00,-4.588377853651515181e-03,8.339919940247852992e-03,9.813751542086595947e+00
7.715341689643731016e+00,7.713839654938105639e+00,-4.506104116876130661e-03,8.227373677538452057e-03,9.813721269560662819e+00
7.715314637191761804e+00,7.713839654938105639e+00,-4.424946760968495596e-03,8.115735590763506480e-03,9.813690788829795508e+00
7.715287953818675604e+00,7.713839654938105639e+00,-4.344896641709894425e-03,8.005011925860117117e-03,9.813660115284150720e+00
7.715261636457118044e+00,7.713839654938105639e+00,-4.265944557037215645e-03,7.895208467267877950e-03,9.813629263910231160e+00
7.715235682021950758e+00,7.713839654938105639e+00,-4.188081251535358263e-03,7.786330550185738275e-03,9.813598249298649989e+00
7.715210087411713324e+00,7.713839654938105639e+00,-4.111297420823056825e-03,7.678383071230143742e-03,9.813567085650408472e+00
7.715184849510041687e+00,7.713839654938105639e+00,-4.035583715808144234e-03,7.571370501491259120e-03,9.813535786785683612e+00
7.715159965187048385e+00,7.713839654938105639e+00,-3.960930746828239535e-03,7.465296897990469915e-03,9.813504366151162728e+00
7.715135431300669921e+00,7.713839654938105639e+00,-3.887329087692847907e-03,7.360165913539162830e-03,9.813472836825846812e+00
7.715111244697974158e+00,7.713839654938105639e+00,-3.814769279605556562e-03,7.255980808729134424e-03,9.813441211529124075e+00
7.715087402216431300e+00,7.713839654938105639e+00,-3.743241834976984705e-03,7.152744462857185681e-03,9.813409502627880698e+00
7.715063900685151133e+00,7.713839654938105639e+00,-3.672737241136481146e-03,7.050459384050355993e-03,9.813377722142913484e+00
7.715040736926085607e+00,7.713839654938105639e+00,-3.603245963939905039e-03,6.949127719657610669e-03,9.813345881755719091e+00
7.715017907755195026e+00,7.713839654938105639e+00,-3.534758451268160684e-03,6.848751267174435498e-03,9.813313992815906772e+00
7.714995409983586683e+00,7.713839654938105639e+00,-3.467265136443131723e-03,6.749331482502896051e-03,9.813282066346060262e+00
7.714973240418612654e+00,7.713839654938105639e+00,-3.400756441521046725e-03,6.650869492208499878e-03,9.813250113050688839e+00
7.714951395864943606e+00,7.713839654938105639e+00,-3.335222780513902308e-03,6.553366100714441700e-03,9.813218143320201037e+00
7.714929873125607074e+00,7.713839654938105639e+00,-3.270654562504304863e-03,6.456821800959744451e-03,9.813186167238455937e+00
7.714908669002993769e+00,7.713839654938105639e+00,-3.207042194664389001e-03,6.361236783991586208e-03,9.813154194589326806e+00
7.714887780299839903e+00,7.713839654938105639e+00,-3.144376085202793547e-03,6.266610946159545392e-03,9.813122234860957249e+00
7.714867203820172215e+00,7.713839654938105639e+00,-3.082646646199727059e-03,6.172943900306648857e-03,9.813090297254106531e+00
7.714846936370229891e+00,7.713839654938105639e+00,-3.021844296372755423e-03,6.080234982697163559e-03,9.813058390686325794e+00
7.714826974759356304e+00,7.713839654938105639e+00,-2.961959463751995258e-03,5.988483262076016445e-03,9.813026523798324519e+00
7.714807315800862320e+00,7.713839654938105639e+00,-2.902982588270042186e-03,5.897687548195307272e-03,9.812994704959926651e+00
7.714787956312863848e+00,7.713839654938105639e+00,-2.844904124274627577e-03,5.807846399541460869e-03,9.812962942275266442e+00
7.714768893119093640e+00,7.713839654938105639e+00,-2.787714542964003783e-03,5.718958131062379380e-03,9.812931243588099761e+00
7.714750123049681996e+00,7.713839654938105639e+00,-2.731404334729070627e-03,5.631020823493315675e-03,9.812899616488763854e+00
7.714731642941918821e+00,7.713839654938105639e+00,-2.675964011439546653e-03,5.544032328952397393e-03,9.812868068317513348e+00
7.714713449640987264e+00,7.713839654938105639e+00,-2.621384108644875255e-03,5.457990279467139771e-03,9.812836606170822762e+00
7.714695540000673368e+00,7.713839654938105639e+00,-2.567655187703188346e-03,5.372892094168690846e-03,9.812805236906466888e+00
7.714677910884049972e+00,7.713839654938105639e+00,-2.514767837832998509e-03,5.288734987018983702e-03,9.812773967149187371e+00
7.714660559164141063e+00,7.713839654938105639e+00,-2.462712678106271369e-03,5.205515972672714042e-03,9.812742803294566940e+00
7.714643481724562157e+00,7.713839654938105639e+00,-2.411480359369555515e-03,5.123231873671585390e-03,9.812711751514303415e+00
7.714626675460134919e+00,7.713839654938105639e+00,-2.361061566087840902e-03,5.041879328171461339e-03,9.812680817762084118e+00
7.714610137277483126e+00,7.713839654938105639e+00,-2.311447018132462006e-03,4.961454795537889595e-03,9.812650007777406813e+00
7.714593864095609099e+00,7.713839654938105639e+00,-2.262627472510381210e-03,4.881954562208079551e-03,9.812619327089699084e+00
7.714577852846444372e+00,7.713839654938105639e+00,-2.214593725016200665e-03,4.803374749418054535e-03,9.812588781024402351e+00
7.714562100475381712e+00,7.713839654938105639e+00,-2.167336611828218906e-03,4.725711318798175853e-03,9.812558374706970454e+00
7.714546603941790259e+00,7.713839654938105639e+00,-2.120847011053861308e-03,4.648960077435759786e-03,9.812528113066381508e+00
7.714531360219504919e+00,7.713839654938105639e+00,-2.075115844197839010e-03,4.573116685602229836e-03,9.812498000841404888e+00
7.714516366297304195e+00,7.713839654938105639e+00,-2.030134077595668884e-03,4.498176660217012568e-03,9.812468042582622729e+00
7.714501619179361391e+00,7.713839654938105639e+00,-1.985892723767257451e-03,4.424135382841143382e-03,9.812438242659073495e+00
7.714487115885685142e+00,7.713839654938105639e+00,-1.942382842738510362e-03,4.350988102874708829e-03,9.812408605260136696e+00
7.714472853452534196e+00,7.713839654938105639e+00,-1.899595543285670374e-03,4.278729945283998859e-03,9.812379134401998826e+00
7.714458828932824197e+00,7.713839654938105639e+00,-1.857521984155674488e-03,4.207355912999588554e-03,9.812349833928845300e+00
7.714445039396506942e+00,7.713839654938105639e+00,-1.816153375203910514e-03,4.136860895176397435e-03,9.812320707519972984e+00
7.714431481930941636e+00,7.713839654938105639e+00,-1.775480978507992802e-03,4.067239669591771190e-03,9.812291758691085164e+00
7.714418153641244835e+00,7.713839654938105639e+00,-1.735496109417589139e-03,3.998486909040366299e-03,9.812262990799624163e+00
7.714405051650627954e+00,7.713839654938105639e+00,-1.696190137566944145e-03,3.930597185064499399e-03,9.812234407047498053e+00
7.714392173100716121e+00,7.713839654938105639e+00,-1.657554487831447432e-03,3.863564973549671322e-03,9.812206010485718721e+00
7.714379515151852829e+00,7.713839654938105639e+00,-1.619580641241569197e-03,3.797384658987823514e-03,9.812177804017746752e+00
7.714367074983391248e+00,7.713839654938105639e+00,-1.582260135856827787e-03,3.732050538474140922e-03,9.812149790402617811e+00
7.714354849793970459e+00,7.713839654938105639e+00,-1.545584567594460168e-03,3.667556826236761935e-03,9.812121972258642799e+00
7.714342836801774794e+00,7.713839654938105639e+00,-1.509545591007466214e-03,3.603897658699395379e-03,9.812094352067692427e+00
7.714331033244786084e+00,7.713839654938105639e+00,-1.474134920041336727e-03,3.541067096612948717e-03,9.812066932176572109e+00
7.714319436381015471e+00,7.713839654938105639e+00,-1.439344328729497136e-03,3.479059131183959153e-03,9.812039714802455848e+00
7.714308043488724564e+00,7.713839654938105639e+00,-1.405165651856776776e-03,3.417867687272035937e-03,9.812012702035415757e+00
7.714296851866637716e+00,7.713839654938105639e+00,-1.371590785596232820e-03,3.357486626054395629e-03,9.811985895840457772e+00
7.714285858834134757e+00,7.713839654938105639e+00,-1.338611688087354423e-03,3.297909750887839664e-03,9.811959298062800983e+00
7.714275061731438399e+00,7.713839654938105639e+00,-1.306220379998279668e-03,3.239130808907475512e-03,9.811932910428909693e+00
7.714264457919784768e+00,7.713839654938105639e+00,-1.274408945037386331e-03,3.181143496089333667e-03,9.811906734551051557e+00
7.714254044781585939e+00,7.713839654938105639e+00,-1.243169530440901838e-03,3.123941459648449381e-03,9.811880771929207157e+00
7.714243819720580042e+00,7.713839654938105639e+00,-1.212494347423209717e-03,3.067518301769212030e-03,9.811855023954347388e+00
7.714233780161969811e+00,7.713839654938105639e+00,-1.182375671592517108e-03,3.011867583069260945e-03,9.811829491911478129e+00
7.714223923552550488e+00,7.713839654938105639e+00,-1.152805843334547831e-03,2.956982825796927727e-03,9.811804176982462877e+00
7.714214247360829724e+00,7.713839654938105639e+00,-1.123777268172254651e-03,2.902857516229317980e-03,9.811779080248058449e+00
7.714204749077133272e+00,7.713839654938105639e+00,-1.095282417082898974e-03,2.849485108935567723e-03,9.811754202691853166e+00
7.714195426213706241e+00,7.713839654938105639e+00,-1.067313826801807863e-03,2.796859028109111023e-03,9.811729545201307801e+00
7.714186276304799250e+00,7.713839654938105639e+00,-1.039864100080833964e-03,2.744972672097389932e-03,9.811705108572017053e+00
7.714177296906749248e+00,7.713839654938105639e+00,-1.012925905930828208e-03,2.693819415000575646e-03,9.811680893509070245e+00
7.714168485598050573e+00,7.713839654938105639e+00,-9.864919798348026347e-04,2.643392609602557286e-03,9.811656900629767364e+00
7.714159839979414457e+00,7.713839654938105639e+00,-9.605551239264542573e-04,2.593685590834837740e-03,9.811633130466908881e+00
7.714151357673824982e+00,7.713839654938105639e+00,-9.351082071580307797e-04,2.544691676842347761e-03,9.811609583469685703e+00
7.714143036326582603e+00,7.713839654938105639e+00,-9.101441654308928264e-04,2.496404172713795333e-03,9.811586260007283400e+00
7.714134873605341447e+00,7.713839654938105639e+00,-8.856560017074244229e-04,2.448816372346840353e-03,9.811563160370639025e+00
7.714126867200136850e+00,7.713839654938105639e+00,-8.616367860936335887e-04,2.401921561379083414e-03,9.811540284775286835e+00
7.714119014823410225e+00,7.713839654938105639e+00,-8.380796559137593249e-04,2.355713017987426383e-03,9.811517633362074164e+00
7.714111314210019721e+00,7.713839654938105639e+00,-8.149778157422460367e-04,2.310184017151328817e-03,9.811495206201410468e+00
7.714103763117249102e+00,7.713839654938105639e+00,-7.923245374303888866e-04,2.265327831185715013e-03,9.811473003293755824e+00
7.714096359324807750e+00,7.713839654938105639e+00,-7.701131601063337939e-04,2.221137732405509269e-03,9.811451024572299673e+00
7.714089100634823559e+00,7.713839654938105639e+00,-7.483370901537611530e-04,2.177606995257264089e-03,9.811429269905104888e+00
7.714081984871830500e+00,7.713839654938105639e+00,-7.269898011745823396e-04,2.134728897917881341e-03,9.811407739096743796e+00
7.714075009882746414e+00,7.713839654938105639e+00,-7.060648339223263292e-04,2.092496725225601040e-03,9.811386431891303772e+00
7.714068173536851702e+00,7.713839654938105639e+00,-6.855557962381908510e-04,2.050903768413547823e-03,9.811365347972175854e+00
7.714061473725754681e+00,7.713839654938105639e+00,-6.654563629471255126e-04,2.009943329106533838e-03,9.811344486966159906e+00
7.714054908363354279e+00,7.713839654938105639e+00,-6.457602757459213194e-04,1.969608720120419321e-03,9.811323848444374107e+00
7.714048475385798298e+00,7.713839654938105639e+00,-6.264613430779775172e-04,1.929893266794380224e-03,9.811303431923716900e+00
7.714042172751434556e+00,7.713839654938105639e+00,-6.075534399867521529e-04,1.890790309122536428e-03,9.811283236869137170e+00
7.714035998440757602e+00,7.713839654938105639e+00,-5.890305079558899592e-04,1.852293203086219364e-03,9.811263262695131715e+00
7.714029950456350093e+00,7.713839654938105639e+00,-5.708865547333630275e-04,1.814395322252693177e-03,9.811243508767519828e+00
7.714024026822819735e+00,7.713839654938105639e+00,-5.531156541422888040e-04,1.777090059107422348e-03,9.811223974404965631e+00
7.714018225586729116e+00,7.713839654938105639e+00,-5.357119458704318049e-04,1.740370827185699909e-03,9.811204658881315765e+00
7.714012544816527317e+00,7.713839654938105639e+00,-5.186696352650344011e-04,1.704231060539740383e-03,9.811185561425276092e+00
7.714006982602468199e+00,7.713839654938105639e+00,-5.019829930876795743e-04,1.668664217735482680e-03,9.811166681224648300e+00
7.714001537056531355e+00,7.713839654938105639e+00,-4.856463552771472791e-04,1.633663781053229513e-03,9.811148017425775691e+00
7.713996206312336845e+00,7.713839654938105639e+00,-4.696541226936190583e-04,1.599223258352822086e-03,9.811129569135658812e+00
7.713990988525055492e+00,7.713839654938105639e+00,-4.540007608495599811e-04,1.565336184405907716e-03,9.811111335423557733e+00
7.713985881871316508e+00,7.713839654938105639e+00,-4.386807996326069770e-04,1.531996121695300417e-03,9.811093315322063191e+00
7.713980884549109796e+00,7.713839654938105639e+00,-4.236888330124699564e-04,1.499196662013702053e-03,9.811075507829002618e+00
7.713975994777686473e+00,7.713839654938105639e+00,-4.090195187425038625e-04,1.466931426996609389e-03,9.811057911908253715e+00
7.713971210797454070e+00,7.713839654938105639e+00,-3.946675780452935101e-04,1.435194069721035248e-03,9.811040526491677127e+00
7.713966530869870830e+00,7.713839654938105639e+00,-3.806277952955738897e-04,1.403978274971962037e-03,9.811023350479675997e+00
7.713961953277335581e+00,7.713839654938105639e+00,-3.668950176898277959e-04,1.373277760574609374e-03,9.811006382742885279e+00
7.713957476323074047e+00,7.713839654938105639e+00,-3.534641549052253140e-04,1.343086278460248195e-03,9.810989622123555520e+00
7.713953098331025160e+00,7.713839654938105639e+00,-3.403301787585633065e-04,1.313397614666200752e-03,9.810973067435908135e+00
7.713948817645720268e+00,7.713839654938105639e+00,-3.274881228438886183e-04,1.284205591467468821e-03,9.810956717468624078e+00
7.713944632632161458e+00,7.713839654938105639e+00,-3.149330821674567460e-04,1.255504067643187227e-03,9.810940570985476228e+00
7.713940541675701645e+00,7.713839654938105639e+00,-3.026602127880195781e-04,1.227286937943716794e-03,9.810924626725157083e+00
7.713936543181914018e+00,7.713839654938105639e+00,-2.906647314251387115e-04,1.199548136288086653e-03,9.810908883404863445e+00
7.713932635576466801e+00,7.713839654938105639e+00,-2.789419150834859806e-04,1.172281634165273090e-03,9.810893339719083173e+00
7.713928817304991803e+00,7.713839654938105639e+00,-2.674871006584922384e-04,1.145481442499374225e-03,9.810877994341840491e+00
7.713925086832951195e+00,7.713839654938105639e+00,-2.562956845366670677e-04,1.119141612182517065e-03,9.810862845927646347e+00
7.713921442645503390e+00,7.713839654938105639e+00,-2.453631221932539574e-04,1.093256234341311028e-03,9.810847893112148554e+00
7.713917883247366269e+00,7.713839654938105639e+00,-2.346849277818918722e-04,1.067819441136208525e-03,9.810833134513355702e+00
7.713914407162680398e+00,7.713839654938105639e+00,-2.242566737242768227e-04,1.042825405761504953e-03,9.810818568732038614e+00
7.713911012934867806e+00,7.713839654938105639e+00,-2.140739902865007593e-04,1.018268343777606333e-03,9.810804194353490715e+00
7.713907699126490769e+00,7.713839654938105639e+00,-2.041325651553904663e-04,9.941425131110293023e-04,9.810790009947956136e+00
7.713904464319108811e+00,7.713839654938105639e+00,-1.944281430095173846e-04,9.704422145873081718e-04,9.810776014071578288e+00
7.713901307113133932e+00,7.713839654938105639e+00,-1.849565250848783649e-04,9.471617924639019748e-04,9.810762205267380409e+00
7.713898226127685831e+00,7.713839654938105639e+00,-1.757135687405764202e-04,9.242956344301944682e-04,9.810748582065690115e+00
7.713895220000444475e+00,7.713839654938105639e+00,-1.666951870165078731e-04,9.018381724068547101e-04,9.810735142985389956e+00
7.713892287387501767e+00,7.713839654938105639e+00,-1.578973481883849672e-04,8.797838828122905852e-04,9.810721886534624403e+00
7.713889426963212337e+00,7.713839654938105639e+00,-1.493160753200939439e-04,8.581272868291023315e-04,9.810708811211508618e+00
7.713886637420043435e+00,7.713839654938105639e+00,-1.409474458133885832e-04,8.368629506705360654e-04,9.810695915504858533e+00
7.713883917468425722e+00,7.713839654938105639e+00,-1.327875909602482807e-04,8.159854853140302566e-04,9.810683197894354279e+00
7.713881265836596945e+00,7.713839654938105639e+00,-1.248326954739198413e-04,7.954895486328439347e-04,9.810670656853158533e+00
7.713878681270453619e+00,7.713839654938105639e+00,-1.170789970439400918e-04,7.753698429979749562e-04,9.810658290845953644e+00
7.713876162533394698e+00,7.713839654938105639e+00,-1.095227858671776744e-04,7.556211176762417381e-04,9.810646098331808673e+00
7.713873708406168817e+00,7.713839654938105639e+00,-1.021604041895329829e-04,7.362381677644691536e-04,9.810634077763575434e+00
7.713871317686719742e+00,7.713839654938105639e+00,-9.498824584230902701e-05,7.172158347223955843e-04,9.810622227588879696e+00
7.713868989190029168e+00,7.713839654938105639e+00,-8.800275577058869203e-05,6.985490071720334981e-04,9.810610546251401942e+00
7.713866721747963950e+00,7.713839654938105639e+00,-8.120042957493467384e-05,6.802326195654018193e-04,9.810599032189990965e+00
7.713864514209118006e+00,7.713839654938105639e+00,-7.457781303710220300e-05,6.622616537832470840e-04,9.810587683840747530e+00
7.713862365438655999e+00,7.713839654938105639e+00,-6.813150165108083911e-05,6.446311386021363887e-04,9.810576499636951553e+00
7.713860274318157906e+00,7.713839654938105639e+00,-6.185814015680080047e-05,6.273361494280038642e-04,9.810565478009271700e+00
7.713858239745460921e+00,7.713839654938105639e+00,-5.575442206584568794e-05,6.103718090955112530e-04,9.810554617387030163e+00
7.713856260634502249e+00,7.713839654938105639e+00,-4.981708918982974410e-05,5.937332876015943839e-04,9.810543916198412262e+00
7.713854335915163674e+00,7.713839654938105639e+00,-4.404293117410418290e-05,5.774158015725561199e-04,9.810533372870398949e+00
7.713852464533111686e+00,7.713839654938105639e+00,-3.842878501814084302e-05,5.614146155963339879e-04,9.810522985830578691e+00
7.713850645449642940e+00,7.713839654938105639e+00,-3.297153461190305279e-05,5.457250406237790230e-04,9.810512753506012373e+00
7.713848877641524382e+00,7.713839654938105639e+00,-2.766811025622928355e-05,5.303424355673769242e-04,9.810502674325311645e+00
7.713847160100838707e+00,7.713839654938105639e+00,-2.251548819920401456e-05,5.152622057025268987e-04,9.810492746717503820e+00
7.713845491834824486e+00,7.713839654938105639e+00,-1.751069015654138639e-05,5.004798042662628177e-04,9.810482969114110219e+00
7.713843871865721624e+00,7.713839654938105639e+00,-1.265078284795606578e-05,4.859907308585320607e-04,9.810473339948011073e+00
7.713842299230614152e+00,7.713839654938105639e+00,-7.932877525540504848e-06,4.717905322415560931e-04,9.810463857654717401e+00
7.713840772981272131e+00,7.713839654938105639e+00,-3.354129499477664922e-06,4.578748026062839926e-04,9.810454520673108192e+00
7.713839292183997109e+00,7.713839654938105639e+00,1.088262325588118529e-06,4.442391825065783451e-04,9.810445327444831776e+00
7.713837855919466691e+00,7.713839654938105639e+00,5.397055916844806234e-06,4.308793591256687705e-04,9.810436276415043011e+00
7.713836463282578215e+00,7.713839654938105639e+00,9.574966582270860727e-06,4.177910665426054493e-04,9.810427366033124486e+00
7.713835113382292441e+00,7.713839654938105639e+00,1.362466743959345195e-05,4.049700857322591219e-04,9.810418594753173238e+00
7.713833805341482552e+00,7.713839654938105639e+00,1.754878986925945128e-05,3.924122429665999334e-04,9.810409961032835469e+00
7.713832538296775176e+00,7.713839654938105639e+00,2.134992399138724295e-05,3.801134122127791670e-04,9.810401463336205552e+00
7.713831311398402057e+00,7.713839654938105639e+00,2.503061911074411228e-05,3.680695119356869327e-04,9.810393100131047817e+00
7.713830123810041961e+00,7.713839654938105639e+00,2.859338419103352180e-05,3.562765080289409525e-04,9.810384869892221360e+00
7.713828974708670572e+00,7.713839654938105639e+00,3.204068830520157007e-05,3.447304114168048272e-04,9.810376771099722504e+00
7.713827863284409503e+00,7.713839654938105639e+00,3.537496108840798570e-05,3.334272783206415625e-04,9.810368802239409547e+00
7.713826788740372642e+00,7.713839654938105639e+00,3.859859319899072716e-05,3.223632110582741461e-04,9.810360961804256874e+00
7.713825750292516048e+00,7.713839654938105639e+00,4.171393676877244161e-05,3.115343569781714450e-04,9.810353248293747441e+00
7.713824747169488738e+00,7.713839654938105639e+00,4.472330585070238840e-05,3.009369081929946788e-04,9.810345660214043306e+00
7.713823778612482585e+00,7.713839654938105639e+00,4.762897686916289786e-05,2.905671018460509458e-04,9.810338196078715711e+00
7.713822843875084878e+00,7.713839654938105639e+00,5.043318906228222431e-05,2.804212193119326457e-04,9.810330854408373824e+00
7.713821942223127337e+00,7.713839654938105639e+00,5.313814493490554014e-05,2.704955872623315827e-04,9.810323633732197735e+00
7.713821072934543110e+00,7.713839654938105639e+00,5.574601068758511246e-05,2.607865752679572324e-04,9.810316532585956040e+00
7.713820235299217565e+00,7.713839654938105639e+00,5.825891666422222670e-05,2.512905976637114236e-04,9.810309549514329319e+00
7.713819428618843510e+00,7.713839654938105639e+00,6.067895778638643378e-05,2.420041122164207081e-04,9.810302683070002416e+00
7.713818652206776427e+00,7.713839654938105639e+00,6.300819398763479740e-05,2.329236201248363614e-04,9.810295931814113857e+00
7.713817905387890583e+00,7.713839654938105639e+00,6.524865064516660595e-05,2.240456657531808560e-04,9.810289294316397957e+00
7.713817187498436923e+00,7.713839654938105639e+00,6.740231900614901406e-05,2.153668360982408103e-04,9.810282769155104887e+00
7.713816497885898293e+00,7.713839654938105639e+00,6.947115662203628972e-05,2.068837615887275660e-04,9.810276354918212149e+00
7.713815835908851781e+00,7.713839654938105639e+00,7.145708776157277953e-05,1.985931139536489809e-04,9.810270050201715719e+00
7.713815200936825711e+00,7.713839654938105639e+00,7.336200383978308537e-05,1.904916078210305841e-04,9.810263853611662199e+00
7.713814592350160204e+00,7.713839654938105639e+00,7.518776383630410010e-05,1.825759996521014727e-04,9.810257763763488015e+00
7.713814009539871286e+00,7.713839654938105639e+00,7.693619470305890218e-05,1.748430866754802082e-04,9.810251779281379925e+00
7.713813451907510554e+00,7.713839654938105639e+00,7.860909178525332663e-05,1.672897082194424456e-04,9.810245898800005193e+00
7.713812918865030177e+00,7.713839654938105639e+00,8.020821922638532442e-05,1.599127441131997784e-04,9.810240120963339194e+00
7.713812409834646111e+00,7.713839654938105639e+00,8.173531037858339232e-05,1.527091152198067903e-04,9.810234444425599776e+00
7.713811924248703988e+00,7.713839654938105639e+00,8.319206820495139709e-05,1.456757826368004771e-04,9.810228867850842249e+00
7.713811461549547666e+00,7.713839654938105639e+00,8.458016567391979379e-05,1.388097468968396697e-04,9.810223389912572145e+00
7.713811021189382444e+00,7.713839654938105639e+00,8.590124616958405568e-05,1.321080495664261889e-04,9.810218009295736508e+00
7.713810602630146285e+00,7.713839654938105639e+00,8.715692387806228680e-05,1.255677708478231125e-04,9.810212724694725495e+00
7.713810205343380133e+00,7.713839654938105639e+00,8.834878417651736981e-05,1.191860298455083012e-04,9.810207534814022523e+00
7.713809828810094693e+00,7.713839654938105639e+00,8.947838403283725484e-05,1.129599856319885021e-04,9.810202438369664435e+00
7.713809472520646970e+00,7.713839654938105639e+00,9.054725237600536047e-05,1.068868343168105639e-04,9.810197434086692425e+00
7.713809135974607933e+00,7.713839654938105639e+00,9.155689049311632743e-05,1.009638117110966959e-04,9.810192520702205599e+00
7.713808818680639057e+00,7.713839654938105639e+00,9.250877239974641952e-05,9.518819066300920895e-05,9.810187696963062365e+00
7.713808520156366200e+00,7.713839654938105639e+00,9.340434521831753045e-05,8.955728185711109290e-05,9.810182961627075926e+00
7.713808239928256150e+00,7.713839654938105639e+00,9.424502954846758485e-05,8.406843301500543930e-05,9.810178313462564859e+00
7.713807977531492277e+00,7.713839654938105639e+00,9.503221984008547452e-05,7.871902916178896703e-05,9.810173751249003260e+00
7.713807732509852855e+00,7.713839654938105639e+00,9.576728475835238896e-05,7.350649182669144466e-05,9.810169273776585541e+00
7.713807504415591154e+00,7.713839654938105639e+00,9.645156754345407535e-05,6.842827851016863860e-05,9.810164879846054120e+00
7.713807292809314653e+00,7.713839654938105639e+00,9.708638637295763374e-05,6.348188295035583906e-05,9.810160568269324699e+00
7.713807097259865131e+00,7.713839654938105639e+00,9.767303472152377708e-05,5.866483485661433406e-05,9.810156337869578635e+00
7.713806917344202319e+00,7.713839654938105639e+00,9.821278170996095014e-05,5.397469884371730586e-05,9.810152187480554176e+00
7.713806752647287546e+00,7.713839654938105639e+00,9.870687245427944845e-05,4.940907443184983094e-05,9.810148115946887515e+00
7.713806602761967390e+00,7.713839654938105639e+00,9.915652841474553725e-05,4.496559604660887999e-05,9.810144122124462740e+00
7.713806467288859992e+00,7.713839654938105639e+00,9.956294773694196465e-05,4.064193221964274016e-05,9.810140204879957082e+00
7.713806345836240475e+00,7.713839654938105639e+00,9.992730559549301006e-05,3.643578585510454104e-05,9.810136363091451983e+00
7.713806238019929928e+00,7.713839654938105639e+00,1.002507545271313916e-04,3.234489316383815094e-05,9.810132595647690579e+00
7.713806143463184384e+00,7.713839654938105639e+00,1.005344247637651733e-04,2.836702366337817693e-05,9.810128901448427641e+00
7.713806061796583791e+00,7.713839654938105639e+00,1.007794245655446730e-04,2.449998017794996485e-05,9.810125279404743992e+00
7.713805992657923660e+00,7.713839654938105639e+00,1.009868405459357632e-04,2.074159803910902156e-05,9.810121728438584654e+00
7.713805935692106708e+00,7.713839654938105639e+00,1.011577379967931734e-04,1.708974508574101492e-05,9.810118247483082143e+00
7.713805890551038047e+00,7.713839654938105639e+00,1.012931612027756501e-04,1.354232059824767020e-05,9.810114835481801521e+00
7.713805856893517721e+00,7.713839654938105639e+00,1.013941337637547235e-04,1.009725609790734779e-05,9.810111491389861271e+00
7.713805834385136784e+00,7.713839654938105639e+00,1.014616589065653329e-04,6.752514281060939538e-06,9.810108214173187235e+00
7.713805822698173387e+00,7.713839654938105639e+00,1.014967197967564516e-04,3.506089019111868765e-06,9.810105002808816366e+00
7.713805821511490635e+00,7.713839654938105639e+00,1.015002798450126420e-04,3.560048256190384564e-07,9.810101856284671129e+00
7.713805830510436223e+00,7.713839654938105639e+00,1.014732830082465398e-04,-2.699683676610220573e-06,9.810098773599332134e+00
7.713805849386742075e+00,7.713839654938105639e+00,1.014166540906913383e-04,-5.662891755520149673e-06,9.810095753762336557e+00
7.713805877838423974e+00,7.713839654938105639e+00,1.013312990449932727e-04,-8.535504569806562358e-06,9.810092795794474796e+00
7.713805915569684757e+00,7.713839654938105639e+00,1.012181052626459632e-04,-1.131937823473094795e-05,9.810089898727028412e+00
7.713805962290818385e+00,7.713839654938105639e+00,1.010779418617602232e-04,-1.401634008857399749e-05,9.810087061601773684e+00
7.713806017718112251e+00,7.713839654938105639e+00,1.009116599801629377e-04,-1.662818815972855191e-05,9.810084283471820044e+00
7.713806081573753026e+00,7.713839654938105639e+00,1.007200930578378006e-04,-1.915669223251370568e-05,9.810081563400824933e+00
7.713806153585734293e+00,7.713839654938105639e+00,1.005040571140369821e-04,-2.160359438008185862e-05,9.810078900462734453e+00
7.713806233487761510e+00,7.713839654938105639e+00,1.002643510323864007e-04,-2.397060816505813818e-05,9.810076293742866937e+00
7.713806321019163192e+00,7.713839654938105639e+00,1.000017568273392499e-04,-2.625942050471508082e-05,9.810073742336323122e+00
7.713806415924798543e+00,7.713839654938105639e+00,9.971703992128766458e-05,-2.847169060515852834e-05,9.810071245349316627e+00
7.713806517954968633e+00,7.713839654938105639e+00,9.941094941101624727e-05,-3.060905102714173154e-05,9.810068801898385260e+00
7.713806626865328475e+00,7.713839654938105639e+00,9.908421833149105851e-05,-3.267310795251887612e-05,9.810066411110380358e+00
7.713806742416799977e+00,7.713839654938105639e+00,9.873756391698407242e-05,-3.466544145069860861e-05,9.810064072122466783e+00
7.713806864375483130e+00,7.713839654938105639e+00,9.837168786752670258e-05,-3.658760494573698452e-05,9.810061784082922287e+00
7.713806992512575178e+00,7.713839654938105639e+00,9.798727659138251056e-05,-3.844112761441920156e-05,9.810059546148977461e+00
7.713807126604281805e+00,7.713839654938105639e+00,9.758500147150073190e-05,-4.022751198817786644e-05,9.810057357489483820e+00
7.713807266431737197e+00,7.713839654938105639e+00,9.716551910532444936e-05,-4.194823661762825395e-05,9.810055217282489082e+00
7.713807411780921441e+00,7.713839654938105639e+00,9.672947155259237206e-05,-4.360475527320772926e-05,9.810053124716279882e+00
7.713807562442577037e+00,7.713839654938105639e+00,9.627748658580514984e-05,-4.519849667872222199e-05,9.810051078989907580e+00
7.713807718212131626e+00,7.713839654938105639e+00,9.581017792203994077e-05,-4.673086637652090758e-05,9.810049079311546905e+00
7.713807878889617164e+00,7.713839654938105639e+00,9.532814546542311973e-05,-4.820324566168210367e-05,9.810047124899803350e+00
7.713808044279592657e+00,7.713839654938105639e+00,9.483197553894484599e-05,-4.961699264782737373e-05,9.810045214982892503e+00
7.713808214191066881e+00,7.713839654938105639e+00,9.432224111627363072e-05,-5.097344226712152704e-05,9.810043348798849649e+00
7.713808388437421115e+00,7.713839654938105639e+00,9.379950205357090454e-05,-5.227390627027261871e-05,9.810041525595783796e+00
7.713808566836334535e+00,7.713839654938105639e+00,9.326430531331197926e-05,-5.351967402589252742e-05,9.810039744631287917e+00
7.713808749209711380e+00,7.713839654938105639e+00,9.271718518277793919e-05,-5.471201305340400722e-05,9.810038005172129871e+00
7.713808935383605458e+00,7.713839654938105639e+00,9.215866350054113809e-05,-5.585216822368010980e-05,9.810036306495277358e+00
7.713809125188149096e+00,7.713839654938105639e+00,9.158924986962801995e-05,-5.694136309131181406e-05,9.810034647886778814e+00
7.713809318457481190e+00,7.713839654938105639e+00,9.100944187334647495e-05,-5.798079962815450017e-05,9.810033028642244801e+00
7.713809515029677044e+00,7.713839654938105639e+00,9.041972528578412494e-05,-5.897165875623500142e-05,9.810031448066530047e+00
7.713809714746679980e+00,7.713839654938105639e+00,8.982057427697753837e-05,-5.991510088065865602e-05,9.810029905473395928e+00
7.713809917454230280e+00,7.713839654938105639e+00,8.921245162607505108e-05,-6.081226509024872939e-05,9.810028400186535436e+00
7.713810123001799468e+00,7.713839654938105639e+00,8.859580891851237539e-05,-6.166427075626756960e-05,9.810026931538162742e+00
7.713810331242521912e+00,7.713839654938105639e+00,8.797108675118181509e-05,-6.247221673305602963e-05,9.810025498870018623e+00
7.713810542033131767e+00,7.713839654938105639e+00,8.733871492161426886e-05,-6.323718295675462286e-05,9.810024101531965357e+00
7.713810755233894589e+00,7.713839654938105639e+00,8.669911263314844518e-05,-6.396022884658236762e-05,9.810022738883787952e+00
7.713810970708546044e+00,7.713839654938105639e+00,8.605268867878379524e-05,-6.464239543646499442e-05,9.810021410293241928e+00
7.713811188324226187e+00,7.713839654938105639e+00,8.539984163835612208e-05,-6.528470404276731642e-05,9.810020115137596974e+00
7.713811407951420840e+00,7.713839654938105639e+00,8.474096005439690771e-05,-6.588815839592143675e-05,9.810018852801658085e+00
7.713811629463894981e+00,7.713839654938105639e+00,8.407642263197345756e-05,-6.645374224234501526e-05,9.810017622680391014e+00
7.713811852738637675e+00,7.713839654938105639e+00,8.340659840389008650e-05,-6.698242280833710538e-05,9.810016424175596939e+00
7.713812077655798127e+00,7.713839654938105639e+00,8.273184692253465755e-05,-6.747514813554289503e-05,9.810015256698786601e+00
7.713812304098627948e+00,7.713839654938105639e+00,8.205251843307337367e-05,-6.793284894612838798e-05,9.810014119669487442e+00
7.713812531953425200e+00,7.713839654938105639e+00,8.136895404131649912e-05,-6.835643917568745564e-05,9.810013012514865238e+00
7.713812761109474003e+00,7.713839654938105639e+00,8.068148589490675704e-05,-6.874681464097420758e-05,9.810011934671255318e+00
7.713812991458989465e+00,7.713839654938105639e+00,7.999043734852051557e-05,-6.910485463862414690e-05,9.810010885582709506e+00
7.713813222897063504e+00,7.713839654938105639e+00,7.929612312640443861e-05,-6.943142221160769623e-05,9.810009864700916182e+00
7.713813455321607115e+00,7.713839654938105639e+00,7.859884949557027767e-05,-6.972736308341609401e-05,9.810008871486413540e+00
7.713813688633299748e+00,7.713839654938105639e+00,7.789891441767338165e-05,-6.999350778968960185e-05,9.810007905406628481e+00
7.713813922735533346e+00,7.713839654938105639e+00,7.719660771687841816e-05,-7.023067007949634899e-05,9.810006965937638768e+00
7.713814157534359950e+00,7.713839654938105639e+00,7.649221123706695380e-05,-7.043964798114643600e-05,9.810006052563256418e+00
7.713814392938442843e+00,7.713839654938105639e+00,7.578599898838689342e-05,-7.062122486800603838e-05,9.810005164774121766e+00
7.713814628859003264e+00,7.713839654938105639e+00,7.507823730712459565e-05,-7.077616812622977704e-05,9.810004302069181392e+00
7.713814865209770666e+00,7.713839654938105639e+00,7.436918500491884743e-05,-7.090523022057482194e-05,9.810003463954785730e+00
7.713815101906933869e+00,7.713839654938105639e+00,7.365909351531030325e-05,-7.100914896085441796e-05,9.810002649944554065e+00
7.713815338869091320e+00,7.713839654938105639e+00,7.294820704295545966e-05,-7.108864723548435904e-05,9.810001859559807968e+00
7.713815576017204911e+00,7.713839654938105639e+00,7.223676270218248874e-05,-7.114443407729709179e-05,9.810001092328626271e+00
7.713815813274551125e+00,7.713839654938105639e+00,7.152499066354067736e-05,-7.117720386418113776e-05,9.810000347786800745e+00
7.713816050566676630e+00,7.713839654938105639e+00,7.081311428702719013e-05,-7.118763765134872301e-05,9.809999625476635288e+00
7.713816287821349427e+00,7.713839654938105639e+00,7.010135026863650864e-05,-7.117640183906814855e-05,9.809998924948430954e+00
7.713816524968517108e+00,7.713839654938105639e+00,6.938990876559358867e-05,-7.114415030429199760e-05,9.809998245758460911e+00
7.713816761940260669e+00,7.713839654938105639e+00,6.867899353490969361e-05,-7.109152306838950608e-05,9.809997587470466129e+00
7.713816998670750991e+00,7.713839654938105639e+00,6.796880206394462220e-05,-7.101914709650714030e-05,9.809996949654967935e+00
7.713817235096207092e+00,7.713839654938105639e+00,6.725952569563986572e-05,-7.092763683047564882e-05,9.809996331888864773e+00
7.713817471154851724e+00,7.713839654938105639e+00,6.655134976174537087e-05,-7.081759338944948468e-05,9.809995733756373681e+00
7.713817706786872286e+00,7.713839654938105639e+00,6.584445370005909126e-05,-7.068960616862796087e-05,9.809995154847531040e+00
7.713817941934377309e+00,7.713839654938105639e+00,6.513901118498921505e-05,-7.054425150698762081e-05,9.809994594759679387e+00
7.713818176541358262e+00,7.713839654938105639e+00,6.443519024212918112e-05,-7.038209428600339379e-05,9.809994053095955735e+00
7.713818410553648697e+00,7.713839654938105639e+00,6.373315337082630094e-05,-7.020368713028801722e-05,9.809993529466240147e+00
7.713818643918886053e+00,7.713839654938105639e+00,6.303305765875677480e-05,-7.000957120695261438e-05,9.809993023486452302e+00
7.713818876586472584e+00,7.713839654938105639e+00,6.233505489916524311e-05,-6.980027595915316851e-05,9.809992534778940509e+00
7.713819108507536271e+00,7.713839654938105639e+00,6.163929170810433789e-05,-6.957631910609052284e-05,9.809992062972602511e+00
7.713819339634897077e+00,7.713839654938105639e+00,6.094590962568702253e-05,-6.933820824173153596e-05,9.809991607701384453e+00
7.713819569923028752e+00,7.713839654938105639e+00,6.025504523066160800e-05,-6.908643950254145238e-05,9.809991168605728618e+00
7.713819799328020643e+00,7.713839654938105639e+00,5.956683025498676898e-05,-6.882149756748390246e-05,9.809990745332687112e+00
7.713820027807545721e+00,7.713839654938105639e+00,5.888139167975481314e-05,-6.854385752319558378e-05,9.809990337534156168e+00
7.713820255320824160e+00,7.713839654938105639e+00,5.819885184443762682e-05,-6.825398353171863164e-05,9.809989944868313216e+00
7.713820481828589593e+00,7.713839654938105639e+00,5.751932854813901486e-05,-6.795232962986119674e-05,9.809989566998918775e+00
7.713820707293055357e+00,7.713839654938105639e+00,5.684293515084704040e-05,-6.763933972919744519e-05,9.809989203595421259e+00
7.713820931677879855e+00,7.713839654938105639e+00,5.616978067735090008e-05,-6.731544734961403265e-05,9.809988854333328234e+00
7.713821154948138137e+00,7.713839654938105639e+00,5.549996990250605222e-05,-6.698107748448478560e-05,9.809988518892417630e+00
7.713821377070285479e+00,7.713839654938105639e+00,5.483360346048016254e-05,-6.663664420258896826e-05,9.809988196959258389e+00
7.713821598012128966e+00,7.713839654938105639e+00,5.417077793001823238e-05,-6.628255304619301569e-05,9.809987888224885211e+00
7.713821817742794629e+00,7.713839654938105639e+00,5.351158593303040334e-05,-6.591919969878290431e-05,9.809987592386235633e+00
7.713822036232699020e+00,7.713839654938105639e+00,5.285611621985708553e-05,-6.554697131733178139e-05,9.809987309144903023e+00
7.713822253453518130e+00,7.713839654938105639e+00,5.220445376252769165e-05,-6.516624573293938738e-05,9.809987038208030086e+00
7.713822469378158075e+00,7.713839654938105639e+00,5.155667984269030057e-05,-6.477739198373910767e-05,9.809986779287859449e+00
7.713822683980726680e+00,7.713839654938105639e+00,5.091287213687678559e-05,-6.438077058135149855e-05,9.809986532101556023e+00
7.713822897236505050e+00,7.713839654938105639e+00,5.027310480176794272e-05,-6.397673351088428717e-05,9.809986296371292269e+00
7.713823109121920929e+00,7.713839654938105639e+00,4.963744855412954848e-05,-6.356562476383942339e-05,9.809986071823789899e+00
7.713823319614519392e+00,7.713839654938105639e+00,4.900597075874202346e-05,-6.314777953875250205e-05,9.809985858191220487e+00
7.713823528692937082e+00,7.713839654938105639e+00,4.837873550567195480e-05,-6.272352530700686657e-05,9.809985655210198274e+00
7.713823736336875569e+00,7.713839654938105639e+00,4.775580369020815397e-05,-6.229318154638008309e-05,9.809985462622144325e+00
7.713823942527076483e+00,7.713839654938105639e+00,4.713723308746864404e-05,-6.185706027395099227e-05,9.809985280172814015e+00
7.713824147245293972e+00,7.713839654938105639e+00,4.652307843500125273e-05,-6.141546524673913154e-05,9.809985107613188760e+00
7.713824350474273395e+00,7.713839654938105639e+00,4.591339149673245856e-05,-6.096869382687941652e-05,9.809984944697671239e+00
7.713824552197722006e+00,7.713839654938105639e+00,4.530822115089705449e-05,-6.051703458354040777e-05,9.809984791186568742e+00
7.713824752400289420e+00,7.713839654938105639e+00,4.470761344865792353e-05,-6.006077022391309583e-05,9.809984646843226130e+00
7.713824951067540958e+00,7.713839654938105639e+00,4.411161169404209659e-05,-5.960017546158269397e-05,9.809984511436233845e+00
7.713825148185936342e+00,7.713839654938105639e+00,4.352025650788959865e-05,-5.913551861524979358e-05,9.809984384737893137e+00
7.713825343742805707e+00,7.713839654938105639e+00,4.293358589979590079e-05,-5.866706080936978651e-05,9.809984266525091812e+00
7.713825537726327397e+00,7.713839654938105639e+00,4.235163533472530162e-05,-5.819505650705991684e-05,9.809984156578828163e+00
7.713825730125507540e+00,7.713839654938105639e+00,4.177443779429523829e-05,-5.771975404300633272e-05,9.809984054683752674e+00
7.713825920930156066e+00,7.713839654938105639e+00,4.120202384871873846e-05,-5.724139455764998274e-05,9.809983960629292454e+00
7.713826110130867164e+00,7.713839654938105639e+00,4.063442171542419601e-05,-5.676021332945424547e-05,9.809983874208386467e+00
7.713826297718998859e+00,7.713839654938105639e+00,4.007165732033968197e-05,-5.627643950845140353e-05,9.809983795217812386e+00
7.713826483686652580e+00,7.713839654938105639e+00,3.951375435917725554e-05,-5.579029611624264362e-05,9.809983723458243432e+00
7.713826668026651845e+00,7.713839654938105639e+00,3.896073436138181023e-05,-5.530199977954453061e-05,9.809983658734582335e+00
7.713826850732524498e+00,7.713839654938105639e+00,3.841261674342177912e-05,-5.481176179600311116e-05,9.809983600854948804e+00
7.713827031798483169e+00,7.713839654938105639e+00,3.786941886740891050e-05,-5.431978760128686190e-05,9.809983549631265731e+00
7.713827211219404845e+00,7.713839654938105639e+00,3.733115610238257887e-05,-5.382627650263316355e-05,9.809983504879600247e+00
7.713827388990813994e+00,7.713839654938105639e+00,3.679784187493595482e-05,-5.333142274466240451e-05,9.809983466419129883e+00
7.713827565108865691e+00,7.713839654938105639e+00,3.626948771984217501e-05,-5.283541550937798092e-05,9.809983434072211850e+00
7.713827739570324304e+00,7.713839654938105639e+00,3.574610334400318834e-05,-5.233843758389866707e-05,9.809983407665761490e+00
7.713827912372549278e+00,7.713839654938105639e+00,3.522769666908232011e-05,-5.184066749208682268e-05,9.809983387029177493e+00
7.713828083513477374e+00,7.713839654938105639e+00,3.471427388479497722e-05,-5.134227842873428926e-05,9.809983371995457446e+00
7.713828252991604906e+00,7.713839654938105639e+00,3.420583950219935332e-05,-5.084343825956239016e-05,9.809983362401244023e+00
7.713828420805972641e+00,7.713839654938105639e+00,3.370239639899352824e-05,-5.034431032058250821e-05,9.809983358086078908e+00
7.713828586956148925e+00,7.713839654938105639e+00,3.320394587014163790e-05,-4.984505288518903399e-05,9.809983358892985450e+00
7.713828751442214582e+00,7.713839654938105639e+00,3.271048767317097372e-05,-4.934581969706641758e-05,9.809983364667976602e+00
7.713828914264746928e+00,7.713839654938105639e+00,3.222202007613361729e-05,-4.884675970373564269e-05,9.809983375260372895e+00
7.713829075424805559e+00,7.713839654938105639e+00,3.173853990023900451e-05,-4.834801758946127848e-05,9.809983390522312163e+00
7.713829234923916367e+00,7.713839654938105639e+00,3.126004256781556023e-05,-4.784973324234442771e-05,9.809983410309325080e+00
7.713829392764058213e+00,7.713839654938105639e+00,3.078652214227872719e-05,-4.735204255368330450e-05,9.809983434479589093e+00
7.713829548947647829e+00,7.713839654938105639e+00,3.031797137342806536e-05,-4.685507688506618251e-05,9.809983462894489747e+00
7.713829703477527389e+00,7.713839654938105639e+00,2.985438173475074564e-05,-4.635896386773197264e-05,9.809983495417867516e+00
7.713829856356948511e+00,7.713839654938105639e+00,2.939574347138318444e-05,-4.586382633675611942e-05,9.809983531917135124e+00
7.713830007589561610e+00,7.713839654938105639e+00,2.894204563208546688e-05,-4.536978392977175645e-05,9.809983572261703699e+00
7.713830157179400793e+00,7.713839654938105639e+00,2.849327611453844611e-05,-4.487695175470207687e-05,9.809983616324359446e+00
7.713830305130872311e+00,7.713839654938105639e+00,2.804942169998270174e-05,-4.438544145557443699e-05,9.809983663980244017e+00
7.713830451448741243e+00,7.713839654938105639e+00,2.761046809318656869e-05,-4.389536067961330446e-05,9.809983715107414071e+00
7.713830596138121720e+00,7.713839654938105639e+00,2.717639995175602508e-05,-4.340681414305436192e-05,9.809983769585809199e+00
7.713830739204460052e+00,7.713839654938105639e+00,2.674720093676086208e-05,-4.291990149951629974e-05,9.809983827299436854e+00
7.713830880653528510e+00,7.713839654938105639e+00,2.632285373138643081e-05,-4.243472053744312689e-05,9.809983888133194441e+00
7.713831020491410229e+00,7.713839654938105639e+00,2.590334008623074169e-05,-4.195136451556891188e-05,9.809983951975571159e+00
7.713831158724489434e+00,7.713839654938105639e+00,2.548864084861435231e-05,-4.146992376163893823e-05,9.809984018717088361e+00
7.713831295359440787e+00,7.713839654938105639e+00,2.507873599455479052e-05,-4.099048540595617851e-05,9.809984088250589096e+00
7.713831430403216949e+00,7.713839654938105639e+00,2.467360466607004810e-05,-4.051313284847424256e-05,9.809984160471817205e+00
7.713831563863040586e+00,7.713839654938105639e+00,2.427322519515939803e-05,-4.003794709106500704e-05,9.809984235278104592e+00
7.713831695746391937e+00,7.713839654938105639e+00,2.387757514110688817e-05,-3.956500540525098586e-05,9.809984312569735465e+00
7.713831826060999930e+00,7.713839654938105639e+00,2.348663131712669383e-05,-3.909438239801943382e-05,9.809984392248919605e+00
7.713831954814833303e+00,7.713839654938105639e+00,2.310036981700847036e-05,-3.862615001182234664e-05,9.809984474219806572e+00
7.713832082016088165e+00,7.713839654938105639e+00,2.271876605242084679e-05,-3.816037645876235729e-05,9.809984558389594156e+00
7.713832207673181784e+00,7.713839654938105639e+00,2.234179477156317262e-05,-3.769712808576741736e-05,9.809984644666686293e+00
7.713832331794742814e+00,7.713839654938105639e+00,2.196943008847540568e-05,-3.723646830877669345e-05,9.809984732961780196e+00
7.713832454389599746e+00,7.713839654938105639e+00,2.160164551767707053e-05,-3.677845707983351531e-05,9.809984823188438341e+00
7.713832575466775587e+00,7.713839654938105639e+00,2.123841399015446996e-05,-3.632315275226005724e-05,9.809984915261239280e+00
7.713832695035477194e+00,7.713839654938105639e+00,2.087970788533510813e-05,-3.587061048193618262e-05,9.809985009097403008e+00
7.713832813105089059e+00,7.713839654938105639e+00,2.052549904973943740e-05,-3.542088355956707346e-05,9.809985104615490670e+00
7.713832929685161766e+00,7.713839654938105639e+00,2.017575883161981665e-05,-3.497402181196207493e-05,9.809985201737021043e+00
7.713833044785408433e+00,7.713839654938105639e+00,1.983045809161865236e-05,-3.453007400011642858e-05,9.809985300384092000e+00
7.713833158415694058e+00,7.713839654938105639e+00,1.948956723474282171e-05,-3.408908568758306501e-05,9.809985400481547657e+00
7.713833270586027524e+00,7.713839654938105639e+00,1.915305623434448989e-05,-3.365110003983318165e-05,9.809985501956195009e+00
7.713833381306556269e+00,7.713839654938105639e+00,1.882089464810832169e-05,-3.321615862361682048e-05,9.809985604736024101e+00
7.713833490587559183e+00,7.713839654938105639e+00,1.849305163936776353e-05,-3.278430087405581617e-05,9.809985708750765809e+00
7.713833598439436834e+00,7.713839654938105639e+00,1.816949600641493134e-05,-3.235556329528321839e-05,9.809985813932712517e+00
7.713833704872707919e+00,7.713839654938105639e+00,1.785019619315875161e-05,-3.192998132561797320e-05,9.809985920214867150e+00
7.713833809898000382e+00,7.713839654938105639e+00,1.753512031577031394e-05,-3.150758773884376751e-05,9.809986027532577424e+00
7.713833913526046082e+00,7.713839654938105639e+00,1.722423617867008261e-05,-3.108841371002313281e-05,9.809986135822470033e+00
7.713834015767673691e+00,7.713839654938105639e+00,1.691751129584417868e-05,-3.067248828259039328e-05,9.809986245023013751e+00
7.713834116633804250e+00,7.713839654938105639e+00,1.661491290416705624e-05,-3.025983916771224358e-05,9.809986355073736064e+00
7.713834216135442290e+00,7.713839654938105639e+00,1.631640799004685505e-05,-2.985049141202011924e-05,9.809986465916578524e+00
7.713834314283671389e+00,7.713839654938105639e+00,1.602196330274807679e-05,-2.944446872987782626e-05,9.809986577494573368e+00
7.713834411089649734e+00,7.713839654938105639e+00,1.573154536771426137e-05,-2.904179350338154109e-05,9.809986689751864830e+00
7.713834506564603899e+00,7.713839654938105639e+00,1.544512050521973379e-05,-2.864248624945275878e-05,9.809986802634256264e+00
7.713834600719820855e+00,7.713839654938105639e+00,1.516265485435042137e-05,-2.824656508693124124e-05,9.809986916089767917e+00
7.713834693566647083e+00,7.713839654938105639e+00,1.488411437566838913e-05,-2.785404786820322443e-05,9.809987030066508851e+00
7.713834785116479686e+00,7.713839654938105639e+00,1.460946487785719228e-05,-2.746494978111968521e-05,9.809987144515098123e+00
7.713834875380763734e+00,7.713839654938105639e+00,1.433867202571548205e-05,-2.707928521417102274e-05,9.809987259386812042e+00
7.713834964370986924e+00,7.713839654938105639e+00,1.407170135614421724e-05,-2.669706695712648070e-05,9.809987374634399515e+00
7.713835052098673373e+00,7.713839654938105639e+00,1.380851829679841103e-05,-2.631830593458062140e-05,9.809987490212362715e+00
7.713835138575380945e+00,7.713839654938105639e+00,1.354908817408073674e-05,-2.594301227176742941e-05,9.809987606075903699e+00
7.713835223812695929e+00,7.713839654938105639e+00,1.329337622912873940e-05,-2.557119449519973386e-05,9.809987722181734426e+00
7.713835307822229481e+00,7.713839654938105639e+00,1.304134762847297679e-05,-2.520286006557626024e-05,9.809987838487563394e+00
7.713835390615611409e+00,7.713839654938105639e+00,1.279296748268876627e-05,-2.483801457842105265e-05,9.809987954952905653e+00
7.713835472204489285e+00,7.713839654938105639e+00,1.254820084906071997e-05,-2.447666336280462929e-05,9.809988071537485865e+00
7.713835552600520451e+00,7.713839654938105639e+00,1.230701275556356222e-05,-2.411880934971577517e-05,9.809988188203405457e+00
7.713835631815372018e+00,7.713839654938105639e+00,1.206936820086212947e-05,-2.376445547014327531e-05,9.809988304912732104e+00
7.713835709860714651e+00,7.713839654938105639e+00,1.183523217296311714e-05,-2.341360278990123334e-05,9.809988421629384447e+00
7.713835786748220791e+00,7.713839654938105639e+00,1.160456965454415013e-05,-2.306625184189670108e-05,9.809988538317814033e+00
7.713835862489558437e+00,7.713839654938105639e+00,1.137734564160552964e-05,-2.272240129386204899e-05,9.809988654944348241e+00
7.713835937096390261e+00,7.713839654938105639e+00,1.115352514613476842e-05,-2.238204954707612160e-05,9.809988771475598668e+00
7.713836010580370051e+00,7.713839654938105639e+00,1.093307320676473182e-05,-2.204519393700365981e-05,9.809988887879271147e+00
7.713836082953137385e+00,7.713839654938105639e+00,1.071595490476084933e-05,-2.171183020038824907e-05,9.809989004124705758e+00
7.713836154226317632e+00,7.713839654938105639e+00,1.050213536402111458e-05,-2.138195407397347481e-05,9.809989120181290545e+00
7.713836224411515730e+00,7.713839654938105639e+00,1.029157976972783217e-05,-2.105555942932824109e-05,9.809989236020340897e+00
7.713836293520316190e+00,7.713839654938105639e+00,1.008425336834761765e-05,-2.073264013802145200e-05,9.809989351613230824e+00
7.713836361564277766e+00,7.713839654938105639e+00,9.880121483618609091e-06,-2.041318847290085614e-05,9.809989466933011215e+00
7.713836428554932567e+00,7.713839654938105639e+00,9.679149519215002329e-06,-2.009719644036067621e-05,9.809989581953079352e+00
7.713836494503782504e+00,7.713839654938105639e+00,9.481302969405192016e-06,-1.978465498098103126e-05,9.809989696647988922e+00
7.713836559422297512e+00,7.713839654938105639e+00,9.286547424380842131e-06,-1.947555450243498854e-05,9.809989810992922443e+00
7.713836623321912001e+00,7.713839654938105639e+00,9.094848580915027014e-06,-1.916988434658151164e-05,9.809989924964234831e+00
7.713836686214023075e+00,7.713839654938105639e+00,8.906172247691301891e-06,-1.886763332237251234e-05,9.809990038538925816e+00
7.713836748109987873e+00,7.713839654938105639e+00,8.720484353297308644e-06,-1.856878943939932469e-05,9.809990151694915284e+00
7.713836809021121788e+00,7.713839654938105639e+00,8.537750951553846335e-06,-1.827334017434623092e-05,9.809990264410778593e+00
7.713836868958696691e+00,7.713839654938105639e+00,8.357938226843941720e-06,-1.798127247099046144e-05,9.809990376665755463e+00
7.713836927933938270e+00,7.713839654938105639e+00,8.181012502106455031e-06,-1.769257247374866893e-05,9.809990488440028855e+00
7.713836985958024250e+00,7.713839654938105639e+00,8.006940244165150489e-06,-1.740722579413045423e-05,9.809990599714449644e+00
7.713837043042081731e+00,7.713839654938105639e+00,7.835688071722302084e-06,-1.712521724428484049e-05,9.809990710470827935e+00
7.713837099197186298e+00,7.713839654938105639e+00,7.667222758023228835e-06,-1.684653136990732492e-05,9.809990820691389501e+00
7.713837154434359356e+00,7.713839654938105639e+00,7.501511238849900565e-06,-1.657115191733282700e-05,9.809990930359322903e+00
7.713837208764569020e+00,7.713839654938105639e+00,7.338520609856402643e-06,-1.629906289934979213e-05,9.809991039457710116e+00
7.713837262198723899e+00,7.713839654938105639e+00,7.178218145220682800e-06,-1.603024646357198435e-05,9.809991147971683034e+00
7.713837314747675755e+00,7.713839654938105639e+00,7.020571289650945346e-06,-1.576468555697374541e-05,9.809991255885734063e+00
7.713837366422216846e+00,7.713839654938105639e+00,6.865547666379256952e-06,-1.550236232716883933e-05,9.809991363185339708e+00
7.713837417233076366e+00,7.713839654938105639e+00,6.713115087819687687e-06,-1.524325785595692651e-05,9.809991469857232360e+00
7.713837467190921338e+00,7.713839654938105639e+00,6.563241552903775755e-06,-1.498735349159119323e-05,9.809991575888062698e+00
7.713837516306354836e+00,7.713839654938105639e+00,6.415895252409598015e-06,-1.473463004941777399e-05,9.809991681265202601e+00
7.713837564589915097e+00,7.713839654938105639e+00,6.271044571626305242e-06,-1.448506807832927734e-05,9.809991785976492906e+00
7.713837612052072856e+00,7.713839654938105639e+00,6.128658098347727901e-06,-1.423864732785773413e-05,9.809991890010770987e+00
7.713837658703232236e+00,7.713839654938105639e+00,5.988704620207840890e-06,-1.399534781398870109e-05,9.809991993356806717e+00
7.713837704553727193e+00,7.713839654938105639e+00,5.851153135338904576e-06,-1.375514848689363134e-05,9.809992096004648943e+00
7.713837749613822403e+00,7.713839654938105639e+00,5.715972849706929537e-06,-1.351802856319750390e-05,9.809992197944286119e+00
7.713837793893712380e+00,7.713839654938105639e+00,5.583133179776211819e-06,-1.328396699307177187e-05,9.809992299166186314e+00
7.713837837403518805e+00,7.713839654938105639e+00,5.452603760502938712e-06,-1.305294192732731062e-05,9.809992399661833673e+00
7.713837880153291415e+00,7.713839654938105639e+00,5.324354442670653498e-06,-1.282493178322852145e-05,9.809992499422659051e+00
7.713837922153006232e+00,7.713839654938105639e+00,5.198355298219325960e-06,-1.259991444513275383e-05,9.809992598440853584e+00
7.713837963412565557e+00,7.713839654938105639e+00,5.074576620245352387e-06,-1.237786779739735721e-05,9.809992696708823345e+00
7.713838003941795307e+00,7.713839654938105639e+00,4.952988930995161354e-06,-1.215876892501910334e-05,9.809992794220006473e+00
7.713838043750446793e+00,7.713839654938105639e+00,4.833562976536143196e-06,-1.194259544590181576e-05,9.809992890967532020e+00
7.713838082848194944e+00,7.713839654938105639e+00,4.716269732085720534e-06,-1.172932444504226623e-05,9.809992986945287541e+00
7.713838121244638302e+00,7.713839654938105639e+00,4.601080402011348269e-06,-1.151893300743722648e-05,9.809993082147395072e+00
7.713838158949296364e+00,7.713839654938105639e+00,4.487966427824119364e-06,-1.131139741872289051e-05,9.809993176569008710e+00
7.713838195971611356e+00,7.713839654938105639e+00,4.376899482849694323e-06,-1.110669449744250414e-05,9.809993270204985905e+00
7.713838232320946453e+00,7.713839654938105639e+00,4.267851477557371709e-06,-1.090480052923226140e-05,9.809993363050949711e+00
7.713838268006586674e+00,7.713839654938105639e+00,4.160794556895552887e-06,-1.070569206618188218e-05,9.809993455102491211e+00
7.713838303037737099e+00,7.713839654938105639e+00,4.055701105620812541e-06,-1.050934512747403460e-05,9.809993546355979532e+00
7.713838337423522873e+00,7.713839654938105639e+00,3.952543748297898674e-06,-1.031573573229138674e-05,9.809993636808016504e+00
7.713838371172990094e+00,7.713839654938105639e+00,3.851295346635197347e-06,-1.012484016627013261e-05,9.809993726455180862e+00
7.713838404295102258e+00,7.713839654938105639e+00,3.751929010142873722e-06,-9.936633649232362586e-06,9.809993815295360520e+00
7.713838436798744702e+00,7.713839654938105639e+00,3.654418082810195756e-06,-9.751092733267796575e-06,9.809993903325349152e+00
7.713838468692719275e+00,7.713839654938105639e+00,3.558736159092745766e-06,-9.568192371744999036e-06,9.809993990543787845e+00
7.713838499985747887e+00,7.713839654938105639e+00,3.464857073254279385e-06,-9.387908583846638066e-06,9.809994076948489905e+00
7.713838530686471628e+00,7.713839654938105639e+00,3.372754902031260826e-06,-9.210217122301855852e-06,9.809994162537780227e+00
7.713838560803448985e+00,7.713839654938105639e+00,3.282403969961933399e-06,-9.035093206932742760e-06,9.809994247310763527e+00
7.713838590345157620e+00,7.713839654938105639e+00,3.193778844057248989e-06,-8.862512590468440976e-06,9.809994331266253198e+00
7.713838619319992596e+00,7.713839654938105639e+00,3.106854339129938580e-06,-8.692450492731040868e-06,9.809994414403846008e+00
7.713838647736268150e+00,7.713839654938105639e+00,3.021605512465441734e-06,-8.524882666449684621e-06,9.809994496722847401e+00
7.713838675602215922e+00,7.713839654938105639e+00,2.938007669150977108e-06,-8.359784331446462602e-06,9.809994578223339090e+00
7.713838702925985835e+00,7.713839654938105639e+00,2.856036359411007197e-06,-8.197130973996991088e-06,9.809994658905385023e+00
7.713838729715646991e+00,7.713839654938105639e+00,2.775667375942703075e-06,-8.036898346830412265e-06,9.809994738769029610e+00
7.713838755979185002e+00,7.713839654938105639e+00,2.696876761909550169e-06,-7.879061403315290590e-06,9.809994817815358203e+00
7.713838781724504656e+00,7.713839654938105639e+00,2.619640802947742486e-06,-7.723595896180768250e-06,9.809994896044907264e+00
7.713838806959428140e+00,7.713839654938105639e+00,2.543936032495253130e-06,-7.570477045248935610e-06,9.809994973458987744e+00
7.713838831691697706e+00,7.713839654938105639e+00,2.469739223798228522e-06,-7.419680869702460768e-06,9.809995050058354593e+00
7.713838855928973004e+00,7.713839654938105639e+00,2.397027397904594181e-06,-7.271182589363434090e-06,9.809995125844809039e+00
7.713838879678832861e+00,7.713839654938105639e+00,2.325777818334984204e-06,-7.124957956960997763e-06,9.809995200819862760e+00
7.713838902948774390e+00,7.713839654938105639e+00,2.255967993747276523e-06,-6.980982458770768062e-06,9.809995274985535474e+00
7.713838925746214770e+00,7.713839654938105639e+00,2.187575672607522392e-06,-6.839232113975413085e-06,9.809995348343559129e+00
7.713838948078489466e+00,7.713839654938105639e+00,2.120578848519016901e-06,-6.699682408850549109e-06,9.809995420896440166e+00
7.713838969952854008e+00,7.713839654938105639e+00,2.054955754893228459e-06,-6.562309362578844230e-06,9.809995492646393700e+00
7.713838991376483101e+00,7.713839654938105639e+00,1.990684867614334053e-06,-6.427088727889440634e-06,9.809995563596139334e+00
7.713839012356471514e+00,7.713839654938105639e+00,1.927744902374683988e-06,-6.293996523965006418e-06,9.809995633748378907e+00
7.713839032899834969e+00,7.713839654938105639e+00,1.866114812010266633e-06,-6.163009036441735589e-06,9.809995703105776954e+00
7.713839053013509250e+00,7.713839654938105639e+00,1.805773789165243670e-06,-6.034102284502296243e-06,9.809995771671506049e+00
7.713839072704350208e+00,7.713839654938105639e+00,1.746701266291950105e-06,-5.907252287329356477e-06,9.809995839448980348e+00
7.713839091979136420e+00,7.713839654938105639e+00,1.688876907657288484e-06,-5.782435863466162118e-06,9.809995906441045577e+00
7.713839110844566527e+00,7.713839654938105639e+00,1.632280617336334672e-06,-5.659629032095381262e-06,9.809995972651584850e+00
7.713839129307261899e+00,7.713839654938105639e+00,1.576892531218732074e-06,-5.538808611760259737e-06,9.809996038083919956e+00
7.713839147373765748e+00,7.713839654938105639e+00,1.522693019673226900e-06,-5.419951154550517458e-06,9.809996102741866508e+00
7.713839165050544011e+00,7.713839654938105639e+00,1.469662684883132897e-06,-5.303033479009400253e-06,9.809996166629206371e+00
7.713839182343985357e+00,6.384204305971903359e+00,-3.988904629116245992e+00,0.000000000000000000e+00,5.821095370883754505e+00
7.713440309174514731e+00,6.384204305971903359e+00,-3.987708009607834114e+00,1.196619508411878030e-01,5.941953941233354186e+00
7.712654631399167293e+00,6.384204305971903359e+00,-3.985350976281791802e+00,2.357033326042312638e-01,6.060352356322439960e+00
7.711493988859452031e+00,6.384204305971903359e+00,-3.981869048662646016e+00,3.481927619145785968e-01,6.176323713251933079e+00
7.709969978691062487e+00,6.384204305971903359e+00,-3.977297018157477382e+00,4.572030505168633852e-01,6.289906032359386501e+00
7.708093959125908334e+00,6.384204305971903359e+00,-3.971668959462014925e+00,5.628058695462456740e-01,6.401136910084231246e+00
7.705877053251763087e+00,6.384204305971903359e+00,-3.965018241839579183e+00,6.650717622435742271e-01,6.510053520403995542e+00
7.703330152729657598e+00,6.384204305971903359e+00,-3.957377540273262717e+00,7.640701566316465687e-01,6.616692616358384349e+00
7.700463921469188122e+00,6.384204305971903359e+00,-3.948778846491854289e+00,8.598693781408428549e-01,6.721090531648989064e+00
7.697288799261883696e+00,6.384204305971903359e+00,-3.939253479869941010e+00,9.525366621913278209e-01,6.823283182321387308e+00
7.693815005372811378e+00,6.384204305971903359e+00,-3.928832098202724055e+00,1.042138166721695569e+00,6.923306068518972012e+00
7.690052542090590748e+00,6.384204305971903359e+00,-3.917544708356062166e+00,1.128738984666188827e+00,7.021194276310127158e+00
7.686011198236001540e+00,6.384204305971903359e+00,-3.905420676792294543e+00,1.212403156376762325e+00,7.116982479584468280e+00
7.681700552629370904e+00,6.384204305971903359e+00,-3.892488739972402634e+00,1.293193681989190935e+00,7.210704942016788799e+00
7.677129977516941928e+00,6.384204305971903359e+00,-3.878777014635115705e+00,1.371172533728692855e+00,7.302395519093577647e+00
7.672308641956422370e+00,6.384204305971903359e+00,-3.864313007953557033e+00,1.446400668155867208e+00,7.392087660202310673e+00
7.667245515161922320e+00,6.384204305971903359e+00,-3.849123627570056883e+00,1.518938038350015063e+00,7.479814410779958678e+00
7.661949369808501054e+00,6.384204305971903359e+00,-3.833235191509793083e+00,1.588843606026379973e+00,7.565608414516587388e+00
7.656428785296530926e+00,6.384204305971903359e+00,-3.816673437973882699e+00,1.656175353591038402e+00,7.649501915617156200e+00
7.650692150976122541e+00,6.384204305971903359e+00,-3.799463535012657545e+00,1.720990296122515417e+00,7.731526761109858370e+00
7.644747669331825257e+00,6.384204305971903359e+00,-3.781630090079765694e+00,1.783344493289185095e+00,7.811714403209419899e+00
7.638603359127849046e+00,6.384204305971903359e+00,-3.763197159467837061e+00,1.843293061192863291e+00,7.890095901725026728e+00
7.632267058514044855e+00,6.384204305971903359e+00,-3.744188257626424488e+00,1.900890184141257322e+00,7.966701926514833332e+00
7.625746428092892160e+00,6.384204305971903359e+00,-3.724626366362966401e+00,1.956189126345808660e+00,8.041562759982841868e+00
7.619048953947737957e+00,6.384204305971903359e+00,-3.704533943927503792e+00,2.009242243546260909e+00,8.114708299618758502e+00
7.612181950632545657e+00,6.384204305971903359e+00,-3.683932933981926894e+00,2.060100994557689802e+00,8.186168060575763405e+00
7.605152564123411452e+00,6.384204305971903359e+00,-3.662844774454524277e+00,2.108815952740261679e+00,8.255971178285737011e+00
7.597967774732105717e+00,6.384204305971903359e+00,-3.641290406280607073e+00,2.155436817391720439e+00,8.324146411111113864e+00
7.590634399981910363e+00,6.384204305971903359e+00,-3.619290282030021011e+00,2.200012425058606169e+00,8.390722143028586544e+00
7.583159097446018571e+00,6.384204305971903359e+00,-3.596864374422345634e+00,2.242590760767537716e+00,8.455726386345192580e+00
7.575548367548760709e+00,6.384204305971903359e+00,-3.574032184730572048e+00,2.283218969177358559e+00,8.519186784446787897e+00
7.567808556329947756e+00,6.384204305971903359e+00,-3.550812751074133189e+00,2.321943365643885926e+00,8.581130614569753234e+00
7.559945858172591571e+00,6.384204305971903359e+00,-3.527224656602064634e+00,2.358809447206855481e+00,8.641584790604792232e+00
7.551966318494296004e+00,6.384204305971903359e+00,-3.503286037567177935e+00,2.393861903488669896e+00,8.700575865921493346e+00
7.543875836402592405e+00,6.384204305971903359e+00,-3.479014591292067138e+00,2.427144627511079733e+00,8.758130036219013093e+00
7.535680167314510847e+00,6.384204305971903359e+00,-3.454427584027822462e+00,2.458700726424467575e+00,8.814273142396645611e+00
7.527384925540669514e+00,6.384204305971903359e+00,-3.429541858706298463e+00,2.488572532152399930e+00,8.869030673446101076e+00
7.518995586834172684e+00,6.384204305971903359e+00,-3.404373842586807974e+00,2.516801611949048834e+00,8.922427769362240468e+00
7.510517490904612181e+00,6.384204305971903359e+00,-3.378939554798126466e+00,2.543428778868150886e+00,8.974489224070024918e+00
7.501955843897458287e+00,6.384204305971903359e+00,-3.353254613776664783e+00,2.568494102146168245e+00,9.025239488369503960e+00
7.493315720839141214e+00,6.384204305971903359e+00,-3.327334244601713564e+00,2.592036917495121884e+00,9.074702672893408817e+00
7.484602068048113566e+00,6.384204305971903359e+00,-3.301193286228630619e+00,2.614095837308294534e+00,9.122902551079665301e+00
7.475819705512193991e+00,6.384204305971903359e+00,-3.274846198620871895e+00,2.634708760775872349e+00,9.169862562155000063e+00
7.466973329232489576e+00,6.384204305971903359e+00,-3.248307069781758649e+00,2.653912883911324627e+00,9.215605814129567364e+00
7.458067513534198056e+00,6.384204305971903359e+00,-3.221589622686884091e+00,2.671744709487455793e+00,9.260155086800573088e+00
7.449106713344587405e+00,6.384204305971903359e+00,-3.194707222118052137e+00,2.688240056883195450e+00,9.303532834765142923e+00
7.440095266438452981e+00,6.384204305971903359e+00,-3.167672881399648865e+00,2.703434071840327135e+00,9.345761190440679655e+00
7.431037395651362232e+00,6.384204305971903359e+00,-3.140499269038376617e+00,2.717361236127224799e+00,9.386861967088847791e+00
7.421937211060980921e+00,6.384204305971903359e+00,-3.113198715267232686e+00,2.730055377114393167e+00,9.426856661847160979e+00
7.412798712136783763e+00,6.384204305971903359e+00,-3.085783218494641211e+00,2.741549677259147444e+00,9.465766458764505842e+00
7.403625789858462980e+00,6.384204305971903359e+00,-3.058264451659678862e+00,2.751876683496234932e+00,9.503612231836555679e+00
7.394422228803326114e+00,6.384204305971903359e+00,-3.030653768494268263e+00,2.761068316541059886e+00,9.540414548046792120e+00
7.385191709202993948e+00,6.384204305971903359e+00,-3.002962209693271767e+00,2.769155880099649636e+00,9.576193670406379255e+00
7.375937808969702303e+00,6.384204305971903359e+00,-2.975200508993396831e+00,2.776170069987493605e+00,9.610969560994096383e+00
7.366664005692510564e+00,6.384204305971903359e+00,-2.947379099161821614e+00,2.782140983157521674e+00,9.644761883995700558e+00
7.357373678603718048e+00,6.384204305971903359e+00,-2.919508117895444066e+00,2.787098126637754802e+00,9.677590008742310346e+00
7.348070110515799946e+00,6.384204305971903359e+00,-2.891597413631689761e+00,2.791070426375430458e+00,9.709473012743741194e+00
7.338756489729155952e+00,6.384204305971903359e+00,-2.863656551271757777e+00,2.794086235993198386e+00,9.740429684721441106e+00
7.329435911910984203e+00,6.384204305971903359e+00,-2.835694817817242530e+00,2.796173345451524739e+00,9.770478527634281818e+00
7.320111381945576312e+00,6.384204305971903359e+00,-2.807721227921018858e+00,2.797358989622367176e+00,9.799637761701347927e+00
7.310785815756338124e+00,6.384204305971903359e+00,-2.779744529353304294e+00,2.797669856771456409e+00,9.827925327418153501e+00
7.301462042099841732e+00,6.384204305971903359e+00,-2.751773208383815117e+00,2.797132096948917734e+00,9.855358888565103115e+00
7.292142804332201855e+00,6.384204305971903359e+00,-2.723815495080895488e+00,2.795771330291962897e+00,9.881955835211067907e+00
7.282830762148083004e+00,6.384204305971903359e+00,-2.695879368528538933e+00,2.793612655235655495e+00,9.907733286707117060e+00
7.273528493292634955e+00,6.384204305971903359e+00,-2.667972561962194789e+00,2.790680656634414447e+00,9.932708094672220156e+00
7.264238495246654104e+00,6.384204305971903359e+00,-2.640102567824252233e+00,2.786999413794255531e+00,9.956896845970003795e+00
7.254963186885269977e+00,6.384204305971903359e+00,-2.612276642740099852e+00,2.782592508415238086e+00,9.980315865675137843e+00
7.245704910110453589e+00,6.384204305971903359e+00,-2.584501812415650690e+00,2.777483032444916233e+00,1.000298122002926604e+01
7.236465931457639833e+00,6.384204305971903359e+00,-2.556784876457209421e+00,2.771693595844126889e+00,1.002490871938691797e+01
7.227248443676765000e+00,6.384204305971903359e+00,-2.529132413114584921e+00,2.765246334262450034e+00,1.004611392114786561e+01
7.218054567288005430e+00,6.384204305971903359e+00,-2.501550783948306211e+00,2.758162916627870942e+00,1.006661213267956612e+01
7.208886352112513052e+00,6.384204305971903359e+00,-2.474046138421829077e+00,2.750464552647713390e+00,1.008641841422588570e+01
7.199745778778443572e+00,6.384204305971903359e+00,-2.446624418419620639e+00,2.742172000220843842e+00,1.010554758180122370e+01
7.190634760202554432e+00,6.384204305971903359e+00,-2.419291362691953218e+00,2.733305572766742131e+00,1.012401421007479030e+01
7.181555143047672729e+00,6.384204305971903359e+00,-2.392052511227308109e+00,2.723885146464510854e+00,1.014183263523720413e+01
7.172508709156314666e+00,6.384204305971903359e+00,-2.364913209553233919e+00,2.713930167407418992e+00,1.015901695785418468e+01
7.163497176960741619e+00,6.384204305971903359e+00,-2.337878612966514780e+00,2.703459658671913957e+00,1.017558104570539967e+01
7.154522202869739722e+00,6.384204305971903359e+00,-2.310953690693509088e+00,2.692492227300569141e+00,1.019153853660706055e+01
7.145585382632398286e+00,6.384204305971903359e+00,-2.284143229981484780e+00,2.681046071202430880e+00,1.020690284122094660e+01
7.136688252679179278e+00,6.384204305971903359e+00,-2.257451840121827757e+00,2.669138985965702204e+00,1.022168714584387494e+01
7.127832291440544310e+00,6.384204305971903359e+00,-2.230883956405922852e+00,2.656788371590490527e+00,1.023590441518456728e+01
7.119018920643427784e+00,6.384204305971903359e+00,-2.204443844014573273e+00,2.644011239134957947e+00,1.024956739512038517e+01
7.110249506585823553e+00,6.384204305971903359e+00,-2.178135601841760582e+00,2.630824217281269028e+00,1.026268861543950806e+01
7.101525361389763091e+00,6.384204305971903359e+00,-2.151963166253579196e+00,2.617243558818138638e+00,1.027528039256456083e+01
7.092847744232958718e+00,6.384204305971903359e+00,-2.125930314783166075e+00,2.603285147041312086e+00,1.028735483225814562e+01
7.084217862559380130e+00,6.384204305971903359e+00,-2.100040669762430312e+00,2.588964502073576313e+00,1.029892383231114650e+01
7.075636873269033345e+00,6.384204305971903359e+00,-2.074297701891389956e+00,2.574296787104035644e+00,1.030999908521264530e+01
7.067105883887207618e+00,6.384204305971903359e+00,-2.048704733745912776e+00,2.559296814547717958e+00,1.032059208080180568e+01
7.058625953713462131e+00,6.384204305971903359e+00,-2.023264943224676315e+00,2.543979052123646056e+00,1.033071410889897024e+01
7.050198094950606453e+00,6.384204305971903359e+00,-1.997981366936109282e+00,2.528357628856703343e+00,1.034037626192059456e+01
7.041823273813943018e+00,6.384204305971903359e+00,-1.972856903526118977e+00,2.512446340999030525e+00,1.034958943747291116e+01
7.033502411621026518e+00,6.384204305971903359e+00,-1.947894316947369475e+00,2.496258657874950160e+00,1.035836434092758118e+01
7.025236385862203115e+00,6.384204305971903359e+00,-1.923096239670899266e+00,2.479807727647020954e+00,1.036671148797612219e+01
7.017026031252177276e+00,6.384204305971903359e+00,-1.898465175840821750e+00,2.463106383007751532e+00,1.037464120716693117e+01
7.008872140762868241e+00,6.384204305971903359e+00,-1.874003504372894646e+00,2.446167146792710412e+00,1.038216364241981537e+01
7.000775466637801259e+00,6.384204305971903359e+00,-1.849713481997693698e+00,2.429002237520094809e+00,1.038928875552240072e+01
6.992736721388285837e+00,6.384204305971903359e+00,-1.825597246249147432e+00,2.411623574854626639e+00,1.039602632860547970e+01
6.984756578771631474e+00,6.384204305971903359e+00,-1.801656818399184345e+00,2.394042784996308626e+00,1.040238596659712478e+01
6.976835674751636240e+00,6.384204305971903359e+00,-1.777894106339198643e+00,2.376271205998570224e+00,1.040837709965937208e+01
6.968974608441607543e+00,6.384204305971903359e+00,-1.754310907409112552e+00,2.358319893008609114e+00,1.041400898559949795e+01
6.961173943030138922e+00,6.384204305971903359e+00,-1.730908911174706688e+00,2.340199623440586407e+00,1.041929071226588022e+01
6.953434206689896868e+00,6.384204305971903359e+00,-1.707689702153980527e+00,2.321920902072616144e+00,1.042423119991863700e+01
6.945755893469645947e+00,6.384204305971903359e+00,-1.684654762493227764e+00,2.303493966075276234e+00,1.042883920358204897e+01
6.938139464169753801e+00,6.384204305971903359e+00,-1.661805474593551324e+00,2.284928789967644036e+00,1.043312331537409321e+01
6.930585347201398960e+00,6.384204305971903359e+00,-1.639143123688486803e+00,2.266235090506452110e+00,1.043709196681796669e+01
6.923093939429725729e+00,6.384204305971903359e+00,-1.616668900373467110e+00,2.247422331501969239e+00,1.044075343112850263e+01
6.915665607001165505e+00,6.384204305971903359e+00,-1.594383903087786436e+00,2.228499728568067439e+00,1.044411582548028150e+01
6.908300686155153691e+00,6.384204305971903359e+00,-1.572289140549750996e+00,2.209476253803543955e+00,1.044718711325379346e+01
6.900999484020466923e+00,6.384204305971903359e+00,-1.550385534145690691e+00,2.190360640406030512e+00,1.044997510626033943e+01
6.893762279396406178e+00,6.384204305971903359e+00,-1.528673920273508458e+00,2.171161387218223382e+00,1.045248746694471542e+01
6.886589323519039851e+00,6.384204305971903359e+00,-1.507155052641409476e+00,2.151886763209898135e+00,1.045473171056848827e+01
6.879480840812730591e+00,6.384204305971903359e+00,-1.485829604522481695e+00,2.132544811892778114e+00,1.045671520737029780e+01
6.872437029627158189e+00,6.384204305971903359e+00,-1.464698170965764490e+00,2.113143355671720514e+00,1.045844518470595652e+01
6.865458062960056118e+00,6.384204305971903359e+00,-1.443761270964458276e+00,2.093690000130621343e+00,1.045992872916616356e+01
6.858544089165871327e+00,6.384204305971903359e+00,-1.423019349581903903e+00,2.074192138255437357e+00,1.046117278867353306e+01
6.851695232650553358e+00,6.384204305971903359e+00,-1.402472780035949995e+00,2.054656954595390772e+00,1.046218417455944127e+01
6.844911594552691270e+00,6.384204305971903359e+00,-1.382121865742363731e+00,2.035091429358626414e+00,1.046296956361626229e+01
6.838193253411191108e+00,6.384204305971903359e+00,-1.361966842317863247e+00,2.015502342450048445e+00,1.046353550013218481e+01
6.831540265819704416e+00,6.384204305971903359e+00,-1.342007879543403170e+00,1.995896277446007616e+00,1.046388839790260405e+01
6.824952667068007628e+00,6.384204305971903359e+00,-1.322245083288312806e+00,1.976279625509036464e+00,1.046403454222072327e+01
6.818430471770533075e+00,6.384204305971903359e+00,-1.302678497395889146e+00,1.956658589242366020e+00,1.046398009184647648e+01
6.811973674482242558e+00,6.384204305971903359e+00,-1.283308105531017596e+00,1.937039186487155007e+00,1.046373108095613702e+01
6.805582250302047775e+00,6.384204305971903359e+00,-1.264133832990433248e+00,1.917427254058434727e+00,1.046329342106800198e+01
6.799256155463959672e+00,6.384204305971903359e+00,-1.245155548476168939e+00,1.897828451426430973e+00,1.046267290295026342e+01
6.792995327916167447e+00,6.384204305971903359e+00,-1.226373065832792264e+00,1.878248264337667450e+00,1.046187519850487568e+01
6.786799687888224852e+00,6.384204305971903359e+00,-1.207786145748964479e+00,1.858692008382778482e+00,1.046090586263381539e+01
6.780669138446546285e+00,6.384204305971903359e+00,-1.189394497423928776e+00,1.839164832503570324e+00,1.045977033507964293e+01
6.774603566038375213e+00,6.384204305971903359e+00,-1.171197780199415561e+00,1.819671722451321472e+00,1.045847394225190641e+01
6.768602841024429217e+00,6.384204305971903359e+00,-1.153195605157577575e+00,1.800217504183798667e+00,1.045702189902622159e+01
6.762666818200385954e+00,6.384204305971903359e+00,-1.135387536685447785e+00,1.780806847212978994e+00,1.045541931052753171e+01
6.756795337307395677e+00,6.384204305971903359e+00,-1.117773094006476953e+00,1.761444267897083193e+00,1.045367117389060674e+01
6.750988223531794397e+00,6.384204305971903359e+00,-1.100351752679673112e+00,1.742134132680384084e+00,1.045178238000071147e+01
6.745245287994193539e+00,6.384204305971903359e+00,-1.083122946066870540e+00,1.722880661280257186e+00,1.044975771521338714e+01
6.739566328228113967e+00,6.384204305971903359e+00,-1.066086066768631824e+00,1.703687929823871627e+00,1.044760186305524030e+01
6.733951128648339335e+00,6.384204305971903359e+00,-1.049240468029307927e+00,1.684559873932389706e+00,1.044531940590308139e+01
6.728399461009155758e+00,6.384204305971903359e+00,-1.032585465111757195e+00,1.665500291755073192e+00,1.044291482664331738e+01
6.722911084852635888e+00,6.384204305971903359e+00,-1.016120336642197586e+00,1.646512846955960896e+00,1.044039251031376381e+01
6.717485747947147701e+00,6.384204305971903359e+00,-9.998443259257330240e-01,1.627601071646456177e+00,1.043775674572072276e+01
6.712123186716231871e+00,6.384204305971903359e+00,-9.837566422329855342e-01,1.608768369274748977e+00,1.043501172704176483e+01
6.706823126658020051e+00,6.384204305971903359e+00,-9.678564620583500755e-01,1.590018017463545874e+00,1.043216155540519630e+01
6.701585282755348594e+00,6.384204305971903359e+00,-9.521429303503357033e-01,1.571353170801437216e+00,1.042921024045110201e+01
6.696409359876722256e+00,6.384204305971903359e+00,-9.366151617144566899e-01,1.552776863587901346e+00,1.042616170187344515e+01
6.691295053168283324e+00,6.384204305971903359e+00,-9.212722415891398953e-01,1.534292012531679461e+00,1.042301977094254006e+01
6.686242048436938923e+00,6.384204305971903359e+00,-9.061132273951066907e-01,1.515901419403320460e+00,1.041978819200821427e+01
6.681250022524794829e+00,6.384204305971903359e+00,-8.911371496586744101e-01,1.497607773643228057e+00,1.041647062398455503e+01
6.676318643675049458e+00,6.384204305971903359e+00,-8.763430131094382958e-01,1.479413654923611432e+00,1.041307064181417275e+01
6.671447571889485673e+00,6.384204305971903359e+00,-8.617297977527469399e-01,1.461321535669135585e+00,1.040959173791639003e+01
6.666636459277713200e+00,6.384204305971903359e+00,-8.472964599174295230e-01,1.443333783531741688e+00,1.040603732361431355e+01
6.661884950398301974e+00,6.384204305971903359e+00,-8.330419332791958453e-01,1.425452663823367772e+00,1.040241073054417242e+01
6.657192682591944966e+00,6.384204305971903359e+00,-8.189651298601248186e-01,1.407680341907102672e+00,1.039871521204697835e+01
6.652559286306793496e+00,6.384204305971903359e+00,-8.050649410046704091e-01,1.390018885545440952e+00,1.039495394454077015e+01
6.647984385416095598e+00,6.384204305971903359e+00,-7.913402383325767175e-01,1.372470267209369155e+00,1.039113002887679293e+01
6.643467597528285751e+00,6.384204305971903359e+00,-7.777898746691471743e-01,1.355036366342954324e+00,1.038724649167380676e+01
6.639008534289643215e+00,6.384204305971903359e+00,-7.644126849532195678e-01,1.337718971592760653e+00,1.038330628663954158e+01
6.634606801679664656e+00,6.384204305971903359e+00,-7.512074871232838902e-01,1.320519782993567759e+00,1.037931229587028525e+01
6.630262000299272707e+00,6.384204305971903359e+00,-7.381730829821080420e-01,1.303440414117584822e+00,1.037526733113547728e+01
6.625973725651994606e+00,6.384204305971903359e+00,-7.253082590402737395e-01,1.286482394183430245e+00,1.037117413514315700e+01
6.621741568418230806e+00,6.384204305971903359e+00,-7.126117873389823387e-01,1.269647170129140079e+00,1.036703538279015824e+01
6.617565114722745889e+00,6.384204305971903359e+00,-7.000824262525275898e-01,1.252936108645474889e+00,1.036285368239294868e+01
6.613443946395499928e+00,6.384204305971903359e+00,-6.877189212707897070e-01,1.236350498173788282e+00,1.035863157690299907e+01
6.609377641225944622e+00,6.384204305971903359e+00,-6.755200057621237875e-01,1.219891550866591956e+00,1.035437154510446867e+01
6.605365773210899683e+00,6.384204305971903359e+00,-6.634844017169889696e-01,1.203560404513481785e+00,1.035007600279649331e+01
6.601407912796134703e+00,6.384204305971903359e+00,-6.516108204726940301e-01,1.187358124429493955e+00,1.034574730395680042e+01
6.597503627111764857e+00,6.384204305971903359e+00,-6.398979634195844923e-01,1.171285705310953773e+00,1.034138774189137067e+01
6.593652480201584787e+00,6.384204305971903359e+00,-6.283445226890442825e-01,1.155344073054020981e+00,1.033699955036497720e+01
6.589854033246441034e+00,6.384204305971903359e+00,-6.169491818236130243e-01,1.139534086543125824e+00,1.033258490471951418e+01
6.586107844781769138e+00,6.384204305971903359e+00,-6.057106164295973372e-01,1.123856539401568710e+00,1.032814592297197187e+01
6.582413470909393993e+00,6.384204305971903359e+00,-5.946274948124719018e-01,1.108312161712543542e+00,1.032368466690007125e+01
6.578770465503708920e+00,6.384204305971903359e+00,-5.836984785954166810e-01,1.092901621705522075e+00,1.031920314311010500e+01
6.575178380412335599e+00,6.384204305971903359e+00,-5.729222233212967197e-01,1.077625527411996131e+00,1.031470330409069902e+01
6.571636765651370560e+00,6.384204305971903359e+00,-5.622973790384016013e-01,1.062484428289511840e+00,1.031018704925111074e+01
6.568145169595331012e+00,6.384204305971903359e+00,-5.518225908702829585e-01,1.047478816811864277e+00,1.030565622594158270e+01
6.564703139161885304e+00,6.384204305971903359e+00,-5.414964995699458328e-01,1.032609130033712574e+00,1.030111263046376635e+01
6.561310219991486115e+00,6.384204305971903359e+00,-5.313177420587482658e-01,1.017875751119756700e+00,1.029655800906100893e+01
6.557965956621993442e+00,6.384204305971903359e+00,-5.212849519502702478e-01,1.003279010847801800e+00,1.029199405889753294e+01
6.554669892658390395e+00,6.384204305971903359e+00,-5.113967600594611085e-01,9.888191890809139295e-01,1.028742242902145421e+01
6.551421570937689509e+00,6.384204305971903359e+00,-5.016517948973584495e-01,9.744965162102658951e-01,1.028284472131290883e+01
6.548220533689120160e+00,6.384204305971903359e+00,-4.920486831516504012e-01,9.603111745708048375e-01,1.027826249141915582e+01
6.545066322689692129e+00,6.384204305971903359e+00,-4.825860501533663083e-01,9.462632998284092878e-01,1.027367724967504259e+01
6.541958479415232119e+00,6.384204305971903359e+00,-4.732625203299862804e-01,9.323529823380027892e-01,1.026909046200801612e+01
6.538896545186972276e+00,6.384204305971903359e+00,-4.640767176452067488e-01,9.185802684779531546e-01,1.026450355083274601e+01
6.535880061313796396e+00,6.384204305971903359e+00,-4.550272660256791113e-01,9.049451619527637547e-01,1.025991789592708514e+01
6.532908569230213125e+00,6.384204305971903359e+00,-4.461127897749292970e-01,8.914476250749814312e-01,1.025533483530005263e+01
6.529981610630160027e+00,6.384204305971903359e+00,-4.373319139747700035e-01,8.780875800159293476e-01,1.025075566604115984e+01
6.527098727596710503e+00,6.384204305971903359e+00,-4.286832648744214325e-01,8.648649100348571039e-01,1.024618164516043706e+01
6.524259462727776793e+00,6.384204305971903359e+00,-4.201654702676203001e-01,8.517794606801132318e-01,1.024161399041249254e+01
6.521463359257884562e+00,6.384204305971903359e+00,-4.117771598579436088e-01,8.388310409676691393e-01,1.023705388110972692e+01
6.518709961176103462e+00,6.384204305971903359e+00,-4.035169656126003090e-01,8.260194245343299713e-01,1.023250245892172927e+01
6.515998813340214468e+00,6.384204305971903359e+00,-3.953835221049333271e-01,8.133443507666981986e-01,1.022796082866176448e+01
6.513329461587191282e+00,6.384204305971903359e+00,-3.873754668458637695e-01,8.008055259069557508e-01,1.022343005906109248e+01
6.510701452840074843e+00,6.384204305971903359e+00,-3.794914406045144517e-01,7.884026241349317843e-01,1.021891118353041783e+01
6.508114335211311108e+00,6.384204305971903359e+00,-3.717300877182232455e-01,7.761352886291206232e-01,1.021440520091089788e+01
6.505567658102638262e+00,6.384204305971903359e+00,-3.640900563922047084e-01,7.640031326018537072e-01,1.020991307620964861e+01
6.503060972301586418e+00,6.384204305971903359e+00,-3.565699989890491750e-01,7.520057403155533393e-01,1.020543574132650377e+01
6.500593830074667068e+00,6.384204305971903359e+00,-3.491685723082911252e-01,7.401426680758049770e-01,1.020097409576751346e+01
6.498165785257325133e+00,6.384204305971903359e+00,-3.418844378562653219e-01,7.284134452025803341e-01,1.019652900734631551e+01
6.495776393340717547e+00,6.384204305971903359e+00,-3.347162621064425636e-01,7.168175749822758291e-01,1.019210131287583465e+01
6.493425211555397425e+00,6.384204305971903359e+00,-3.276627167504821969e-01,7.053545355960366692e-01,1.018769181884555408e+01
6.491111798951962442e+00,6.384204305971903359e+00,-3.207224789401772469e-01,6.940237810304950017e-01,1.018330130209031736e+01
6.488835716478735804e+00,6.384204305971903359e+00,-3.138942315204973355e-01,6.828247419679911445e-01,1.017893051044749342e+01
6.486596527056554429e+00,6.384204305971903359e+00,-3.071766632539532083e-01,6.717568266544127198e-01,1.017458016340046001e+01
6.484393795650713166e+00,6.384204305971903359e+00,-3.005684690364294198e-01,6.608194217523788438e-01,1.017025095271594992e+01
6.482227089340143245e+00,6.384204305971903359e+00,-2.940683501047196557e-01,6.500118931709764070e-01,1.016594354306625725e+01
6.480095977383879990e+00,6.384204305971903359e+00,-2.876750142359298934e-01,6.393335868789762344e-01,1.016165857264304684e+01
6.478000031284881111e+00,6.384204305971903359e+00,-2.813871759389332539e-01,6.287838296996639542e-01,1.015739665376073120e+01
6.475938824851257714e+00,6.384204305971903359e+00,-2.752035566380630627e-01,6.183619300870191182e-01,1.015315837344895655e+01
6.473911934254979350e+00,6.384204305971903359e+00,-2.691228848492279724e-01,6.080671788835090297e-01,1.014894429403428155e+01
6.471918938088104589e+00,6.384204305971903359e+00,-2.631438963486036897e-01,5.978988500624282665e-01,1.014475495371382507e+01
6.469959417416601077e+00,6.384204305971903359e+00,-2.572653343340931542e-01,5.878562014510535505e-01,1.014059086711696089e+01
6.468032955831809261e+00,6.384204305971903359e+00,-2.514859495797177047e-01,5.779384754375449518e-01,1.013645252585782686e+01
6.466139139499603061e+00,6.384204305971903359e+00,-2.458045005830991059e-01,5.681448996618598812e-01,1.013234039907876038e+01
6.464277557207305236e+00,6.384204305971903359e+00,-2.402197537062056298e-01,5.584746876893476042e-01,1.012825493398314336e+01
6.462447800408405385e+00,6.384204305971903359e+00,-2.347304833095060772e-01,5.489270396699552634e-01,1.012419655636044880e+01
6.460649463265141890e+00,6.384204305971903359e+00,-2.293354718797155911e-01,5.395011429790486090e-01,1.012016567109933263e+01
6.458882142688988637e+00,6.384204305971903359e+00,-2.240335101512558325e-01,5.301961728459758660e-01,1.011616266269471964e+01
6.457145438379104263e+00,6.384204305971903359e+00,-2.188233972216027112e-01,5.210112929653121228e-01,1.011218789574370902e+01
6.455438952858794543e+00,6.384204305971903359e+00,-2.137039406606735525e-01,5.119456560929158684e-01,1.010824171543224281e+01
6.453762291510027893e+00,6.384204305971903359e+00,-2.086739566143736013e-01,5.029984046299951217e-01,1.010432444801562113e+01
6.452115062606062601e+00,6.384204305971903359e+00,-2.037322699024777251e-01,4.941686711895876272e-01,1.010043640128711040e+01
6.450496877342226654e+00,6.384204305971903359e+00,-1.988777141109698832e-01,4.854555791507841889e-01,1.009657786503981569e+01
6.448907349864894556e+00,6.384204305971903359e+00,-1.941091316789735899e-01,4.768582431996293280e-01,1.009274911152065712e+01
6.447346097298714440e+00,6.384204305971903359e+00,-1.894253739804332426e-01,4.683757698540347292e-01,1.008895039587360287e+01
6.445812739772121880e+00,6.384204305971903359e+00,-1.848253014006555617e-01,4.600072579777680915e-01,1.008518195657711303e+01
6.444306900441186592e+00,6.384204305971903359e+00,-1.803077834078496977e-01,4.517517992805863969e-01,1.008144401587273720e+01
6.442828205511839101e+00,6.384204305971903359e+00,-1.758716986198072263e-01,4.436084788042471416e-01,1.007773678018444130e+01
6.441376284260509344e+00,6.384204305971903359e+00,-1.715159348658179539e-01,4.355763753989272402e-01,1.007406044053310978e+01
6.439950769053233159e+00,6.384204305971903359e+00,-1.672393892439894003e-01,4.276545621828553578e-01,1.007041517293886557e+01
6.438551295363250659e+00,6.384204305971903359e+00,-1.630409681740419003e-01,4.198421069947499973e-01,1.006680113882070771e+01
6.437177501787150646e+00,6.384204305971903359e+00,-1.589195874457418611e-01,4.121380728300039209e-01,1.006321848538426167e+01
6.435829030059588618e+00,6.384204305971903359e+00,-1.548741722630557760e-01,4.045415182686085132e-01,1.005966734600555412e+01
6.434505525066627207e+00,6.384204305971903359e+00,-1.509036572841715440e-01,3.970514978884231994e-01,1.005614784060425215e+01
6.433206634857726591e+00,6.384204305971903359e+00,-1.470069866574696960e-01,3.896670626701848050e-01,1.005266007601271561e+01
6.431932010656427501e+00,6.384204305971903359e+00,-1.431831140535724245e-01,3.823872603897271460e-01,1.004920414633615522e+01
6.430681306869761471e+00,6.384204305971903359e+00,-1.394310026935743352e-01,3.752111359998089313e-01,1.004578013330623421e+01
6.429454181096426524e+00,6.384204305971903359e+00,-1.357496253735694935e-01,3.681377320004841636e-01,1.004238810662691606e+01
6.428250294133754039e+00,6.384204305971903359e+00,-1.321379644855520397e-01,3.611660888017453885e-01,1.003902812431619296e+01
6.427069309983513001e+00,6.384204305971903359e+00,-1.285950120348289261e-01,3.542952450723113600e-01,1.003570023303748293e+01
6.425910895856575600e+00,6.384204305971903359e+00,-1.251197696540167215e-01,3.475242380812204601e-01,1.003240446842720424e+01
6.424774722176481490e+00,6.384204305971903359e+00,-1.217112486137343907e-01,3.408521040282330716e-01,1.002914085541450007e+01
6.423660462581928243e+00,6.384204305971903359e+00,-1.183684698300746518e-01,3.342778783659738906e-01,1.002590940853589885e+01
6.422567793928228852e+00,6.384204305971903359e+00,-1.150904638689764781e-01,3.278005961098173771e-01,1.002271013224084228e+01
6.421496396287753150e+00,6.384204305971903359e+00,-1.118762709475493722e-01,3.214192921427105887e-01,1.001954302119516171e+01
6.420445952949397572e+00,6.384204305971903359e+00,-1.087249409324826388e-01,3.151330015066733381e-01,1.001640806057419120e+01
6.419416150417099232e+00,6.384204305971903359e+00,-1.056355333355876169e-01,3.089407596895021868e-01,1.001330522635391418e+01
6.418406678407436061e+00,6.384204305971903359e+00,-1.026071173065981057e-01,3.028416028989511233e-01,1.001023448559235263e+01
6.417417229846332560e+00,6.384204305971903359e+00,-9.963877162328760306e-02,2.968345683310502636e-01,1.000719579670776227e+01
6.416447500864899567e+00,6.384204305971903359e+00,-9.672958467898862267e-02,2.909186944298980393e-01,1.000418910975091080e+01
6.415497190794441806e+00,6.384204305971903359e+00,-9.387865446761534116e-02,2.850930211373281509e-01,1.000121436666971420e+01
6.414566002160650982e+00,6.384204305971903359e+00,-9.108508856624286665e-02,2.793565901372474514e-01,9.998271501571004194e+00
6.413653640677017265e+00,6.384204305971903359e+00,-8.834800411534171616e-02,2.737084450901150490e-01,9.995360440974774718e+00
6.412759815237480510e+00,6.384204305971903359e+00,-8.566652779673145091e-02,2.681476318610265253e-01,9.992481104064296460e+00
6.411884237908350492e+00,6.384204305971903359e+00,-8.303979580934139904e-02,2.626731987390051870e-01,9.989633402929664285e+00
6.411026623919513945e+00,6.384204305971903359e+00,-8.046695384283175656e-02,2.572841966509642475e-01,9.986817242808132988e+00
6.410186691654957691e+00,6.384204305971903359e+00,-7.794715704916299615e-02,2.519796793668760415e-01,9.984032522317713543e+00
6.409364162642633644e+00,6.384204305971903359e+00,-7.547957001219085527e-02,2.467587036972140879e-01,9.981279133685024618e+00
6.408558761543678095e+00,6.384204305971903359e+00,-7.306336671532420723e-02,2.416203296866648031e-01,9.978556962971341093e+00
6.407770216141019048e+00,6.384204305971903359e+00,-7.069773050734706743e-02,2.365636207977139804e-01,9.975865890290368299e+00
6.406998257327389368e+00,6.384204305971903359e+00,-6.838185406645802544e-02,2.315876440889041987e-01,9.973205790022447559e+00
6.406242619092761714e+00,6.384204305971903359e+00,-6.611493936257506476e-02,2.266914703882960680e-01,9.970576531025720612e+00
6.405503038511236369e+00,6.384204305971903359e+00,-6.389619761799902875e-02,2.218741744576036012e-01,9.967977976839605958e+00
6.404779255727395260e+00,6.384204305971903359e+00,-6.172484926647570092e-02,2.171348351523327835e-01,9.965409985885857580e+00
6.404071013942142621e+00,6.384204305971903359e+00,-5.960012391071778382e-02,2.124725355757917100e-01,9.962872411665074424e+00
6.403378059398057154e+00,6.384204305971903359e+00,-5.752126027846138356e-02,2.078863632256400251e-01,9.960365102947179139e+00
6.402700141364266351e+00,6.384204305971903359e+00,-5.548750617708897437e-02,2.033754101372409195e-01,9.957887903960152443e+00
6.402037012120871395e+00,6.384204305971903359e+00,-5.349811844690410823e-02,1.989387730184866143e-01,9.955440654571582115e+00
6.401388426942933307e+00,6.384204305971903359e+00,-5.155236291308984420e-02,1.945755533814264027e-01,9.953023190468336168e+00
6.400754144084042530e+00,6.384204305971903359e+00,-4.964951433641751066e-02,1.902848576672333536e-01,9.950635343330816340e+00
6.400133924759484394e+00,6.384204305971903359e+00,-4.778885636274310400e-02,1.860657973674406662e-01,9.948276941004698060e+00
6.399527533129027113e+00,6.384204305971903359e+00,-4.596968147137125982e-02,1.819174891371844183e-01,9.945947807665813656e+00
6.398934736279335844e+00,6.384204305971903359e+00,-4.419129092229745481e-02,1.778390549073805005e-01,9.943647763985083543e+00
6.398355304206043037e+00,6.384204305971903359e+00,-4.245299470241903350e-02,1.738296219878421311e-01,9.941376627285423595e+00
6.397789009795479487e+00,6.384204305971903359e+00,-4.075411147072838247e-02,1.698883231690651030e-01,9.939134211698338106e+00
6.397235628806085650e+00,6.384204305971903359e+00,-3.909396850254687195e-02,1.660142968181510525e-01,9.936920328315604678e+00
6.396694939849522754e+00,6.384204305971903359e+00,-3.747190163285818443e-02,1.622066869688687518e-01,9.934734785336011953e+00
6.396166724371493473e+00,6.384204305971903359e+00,-3.588725519877034031e-02,1.584646434087844113e-01,9.932577388210013680e+00
6.395650766632285489e+00,6.384204305971903359e+00,-3.433938198114638851e-02,1.547873217623951803e-01,9.930447939781249289e+00
6.395146853687055710e+00,6.384204305971903359e+00,-3.282764314545705275e-02,1.511738835689335758e-01,9.928346240423476132e+00
6.394654775365868460e+00,6.384204305971903359e+00,-3.135140818189530165e-02,1.476234963561751101e-01,9.926272088174279418e+00
6.394174324253498298e+00,6.384204305971903359e+00,-2.991005484478481691e-02,1.441353337110484745e-01,9.924225278866263267e+00
6.393705295669015243e+00,6.384204305971903359e+00,-2.850296909133565038e-02,1.407085753449166532e-01,9.922205606253580612e+00
6.393247487645156824e+00,6.384204305971903359e+00,-2.712954501976039268e-02,1.373424071575257699e-01,9.920212862137766763e+00
6.392800700907512734e+00,6.384204305971903359e+00,-2.578918480682812486e-02,1.340360212932267814e-01,9.918246836486400042e+00
6.392364738853516748e+00,6.384204305971903359e+00,-2.448129864484016593e-02,1.307886161987958928e-01,9.916307317553956224e+00
6.391939407531276096e+00,6.384204305971903359e+00,-2.320530467811821040e-02,1.275993966721955530e-01,9.914394091994077840e+00
6.391524515618235647e+00,6.384204305971903359e+00,-2.196062893899686230e-02,1.244675739121348101e-01,9.912506944973138445e+00
6.391119874399691980e+00,6.384204305971903359e+00,-2.074670528336586273e-02,1.213923655630999576e-01,9.910645660279733704e+00
6.390725297747176015e+00,6.384204305971903359e+00,-1.956297532581796617e-02,1.183729957547896561e-01,9.908810020428973075e+00
6.390340602096703293e+00,6.384204305971903359e+00,-1.840888837439980108e-02,1.154086951418165086e-01,9.906999806767416317e+00
6.389965606426907030e+00,6.384204305971903359e+00,-1.728390136501101182e-02,1.124987009388789261e-01,9.905214799573869300e+00
6.389600132237068131e+00,6.384204305971903359e+00,-1.618747879549431445e-02,1.096422569516697365e-01,9.903454778156175919e+00
6.389244003525044846e+00,6.384204305971903359e+00,-1.511909265942446012e-02,1.068386136069854331e-01,9.901719520947562359e+00
6.388897046765116272e+00,6.384204305971903359e+00,-1.407822237963873846e-02,1.040870279785721664e-01,9.900008805598933037e+00
6.388559090885747693e+00,6.384204305971903359e+00,-1.306435474153300191e-02,1.013867638105736546e-01,9.898322409069042038e+00
6.388229967247286645e+00,6.384204305971903359e+00,-1.207698382614985633e-02,9.873709153831455865e-02,9.896660107712165200e+00
6.387909509619596804e+00,6.384204305971903359e+00,-1.111561094308033404e-02,9.613728830695222882e-02,9.895021677363871504e+00
6.387597554159643032e+00,6.384204305971903359e+00,-1.017974456321901755e-02,9.358663798613164886e-02,9.893406893422913129e+00
6.387293939389032005e+00,6.384204305971903359e+00,-9.268900251385936429e-03,9.108443118330811217e-02,9.891815530931921785e+00
6.386998506171513768e+00,6.384204305971903359e+00,-8.382600598831224659e-03,8.862996525547117699e-02,9.890247364656641338e+00
6.386711097690461081e+00,6.384204305971903359e+00,-7.520375155673164613e-03,8.622254431580600453e-02,9.888702169160133337e+00
6.386431559426324789e+00,6.384204305971903359e+00,-6.681760363264288571e-03,8.386147924088760419e-02,9.887179718877623813e+00
6.386159739134075863e+00,6.384204305971903359e+00,-5.866299486517512207e-03,8.154608767467763641e-02,9.885679788188159733e+00
6.385895486820645672e+00,6.384204305971903359e+00,-5.073542546226939010e-03,7.927569402905731977e-02,9.884202151482831766e+00
6.385638654722363583e+00,6.384204305971903359e+00,-4.303046251380671094e-03,7.704962948462679151e-02,9.882746583233245730e+00
6.385389097282405224e+00,6.384204305971903359e+00,-3.554373931505594442e-03,7.486723198750766528e-02,9.881312858056002568e+00
6.385146671128252294e+00,6.384204305971903359e+00,-2.827095469046803089e-03,7.272784624587913527e-02,9.879900750776833718e+00
6.384911235049177236e+00,6.384204305971903359e+00,-2.120787231821630314e-03,7.063082372251727747e-02,9.878510036490695256e+00
6.384682649973751012e+00,6.384204305971903359e+00,-1.435032005542957734e-03,6.857552262786725805e-02,9.877140490622323910e+00
6.384460778947387283e+00,6.384204305971903359e+00,-7.694189264517703464e-04,6.656130790911873873e-02,9.875791888982668354e+00
6.384245487109922124e+00,6.384204305971903359e+00,-1.235434140562929883e-04,6.458755123954773580e-02,9.874464007825491052e+00
6.384036641673239032e+00,6.384204305971903359e+00,5.029928959929819143e-04,6.265363100492749027e-02,9.873156623900921858e+00
6.383834111898946340e+00,6.384204305971903359e+00,1.110582218871059013e-03,6.075893228780770983e-02,9.871869514506679266e+00
6.383637769076104362e+00,6.384204305971903359e+00,1.699610687396990727e-03,5.890284685259317143e-02,9.870602457539991548e+00
6.383447486499016499e+00,6.384204305971903359e+00,2.270458418660581401e-03,5.708477312635906742e-02,9.869355231545020146e+00
6.383263139445082501e+00,6.384204305971903359e+00,2.823499580462573988e-03,5.530411618019925868e-02,9.868127615760663218e+00
6.383084605152724578e+00,6.384204305971903359e+00,3.359102457536344843e-03,5.356028770737708555e-02,9.866919390164913040e+00
6.382911762799383659e+00,6.384204305971903359e+00,3.877629517559100236e-03,5.185270600227553928e-02,9.865730335519835137e+00
6.382744493479594716e+00,6.384204305971903359e+00,4.379437476925929218e-03,5.018079593668289817e-02,9.864560233413609325e+00
6.382582680183146451e+00,6.384204305971903359e+00,4.864877366270725645e-03,4.854398893447964269e-02,9.863408866300751754e+00
6.382426207773328919e+00,6.384204305971903359e+00,5.334294595723321208e-03,4.694172294525955635e-02,9.862276017540983375e+00
6.382274962965265530e+00,6.384204305971903359e+00,5.788029019913487616e-03,4.537344241901664077e-02,9.861161471438929738e+00
6.382128834304345411e+00,6.384204305971903359e+00,6.226415002673846288e-03,4.383859827603586723e-02,9.860065013278710211e+00
6.381987712144753466e+00,6.384204305971903359e+00,6.649781481449679177e-03,4.233664787758328885e-02,9.858986429359033465e+00
6.381851488628097258e+00,6.384204305971903359e+00,7.058452031418305239e-03,4.086705499686260623e-02,9.857925507028280521e+00
6.381720057662144008e+00,6.384204305971903359e+00,7.452744929278054542e-03,3.942928978597493028e-02,9.856882034715253482e+00
6.381593314899662417e+00,6.384204305971903359e+00,7.832973216722827203e-03,3.802282874447726613e-02,9.855855801961201479e+00
6.381471157717377274e+00,6.384204305971903359e+00,8.199444763578256357e-03,3.664715468554291533e-02,9.854846599449121669e+00
6.381353485195036868e+00,6.384204305971903359e+00,8.552462330599475138e-03,3.530175670212187811e-02,9.853854219032722739e+00
6.381240198094599414e+00,6.384204305971903359e+00,8.892323631911835946e-03,3.398613013123608084e-02,9.852878453763148414e+00
6.381131198839538499e+00,6.384204305971903359e+00,9.219321397094581982e-03,3.269977651827460363e-02,9.851919097915370571e+00
6.381026391494269312e+00,6.384204305971903359e+00,9.533743432902141990e-03,3.144220358075600075e-02,9.850975947013658640e+00
6.380925681743701006e+00,6.384204305971903359e+00,9.835872684607060989e-03,3.021292517049189996e-02,9.850048797855098570e+00
6.380828976872918723e+00,6.384204305971903359e+00,1.012598729695390887e-02,2.901146123468478777e-02,9.849137448531639194e+00
6.380736185746989086e+00,6.384204305971903359e+00,1.040436067474281856e-02,2.783733777889096928e-02,9.848241698453634285e+00
6.380647218790905129e+00,6.384204305971903359e+00,1.067126154299469221e-02,2.669008682518736464e-02,9.847361348368181666e+00
6.380561987969658233e+00,6.384204305971903359e+00,1.092695400673537875e-02,2.556924637406865486e-02,9.846496200380805419e+00
6.380480406768448631e+00,6.384204305971903359e+00,1.117169761036418407e-02,2.447436036288053174e-02,9.845646057973244325e+00
6.380402390173037119e+00,6.384204305971903359e+00,1.140574739659871994e-02,2.340497862345358726e-02,9.844810726020053693e+00
6.380327854650227337e+00,6.384204305971903359e+00,1.162935396502806640e-02,2.236065684293464528e-02,9.843990010807964097e+00
6.380256718128498150e+00,6.384204305971903359e+00,1.184276353021562755e-02,2.134095651875611566e-02,9.843183720048973129e+00
6.380188899978773698e+00,6.384204305971903359e+00,1.204621797938898453e-02,2.034544491733569771e-02,9.842391662896725180e+00
6.380124320995339104e+00,6.384204305971903359e+00,1.223995492969276455e-02,1.937369503037800200e-02,9.841613649960070376e+00
6.380062903376900962e+00,6.384204305971903359e+00,1.242420778500719081e-02,1.842528553144262560e-02,9.840849493316451202e+00
6.380004570707794365e+00,6.384204305971903359e+00,1.259920579232698401e-02,1.749980073197932029e-02,9.840099006524306802e+00
6.379949247939340040e+00,6.384204305971903359e+00,1.276517409768995748e-02,1.659683053629734673e-02,9.839362004633986913e+00
6.379896861371348926e+00,6.384204305971903359e+00,1.292233380166329937e-02,1.571597039733418910e-02,9.838638304198997986e+00
6.379847338633777731e+00,6.384204305971903359e+00,1.307090201437688393e-02,1.485682127135845576e-02,9.837927723285735837e+00
6.379800608668535489e+00,6.384204305971903359e+00,1.321109191010361172e-02,1.401898957267277979e-02,9.837230081482776001e+00
6.379756601711441100e+00,6.384204305971903359e+00,1.334311278138677892e-02,1.320208712831671960e-02,9.836545199909703996e+00
6.379715249274338085e+00,6.384204305971903359e+00,1.346717009269582377e-02,1.240573113090448487e-02,9.835872901223600806e+00
6.379676484127356773e+00,6.384204305971903359e+00,1.358346553363976028e-02,1.162954409439365122e-02,9.835213009628034797e+00
6.379640240281339025e+00,6.384204305971903359e+00,1.369219707169300193e-02,1.087315380532416498e-02,9.834565350877017664e+00
6.379606452970408625e+00,6.384204305971903359e+00,1.379355900448420158e-02,1.013619327911996493e-02,9.833929752283605552e+00
6.379575058634706863e+00,6.384204305971903359e+00,1.388774201158948784e-02,9.418300710528626496e-03,9.833306042722117724e+00
6.379545994903277339e+00,6.384204305971903359e+00,1.397493320587805954e-02,8.719119428857169396e-03,9.832694052634735726e+00
6.379519200577110638e+00,6.384204305971903359e+00,1.405531618437816377e-02,8.038297850010422962e-03,9.832093614034388196e+00
6.379494615612347985e+00,6.384204305971903359e+00,1.412907107866612222e-02,7.375489428795845015e-03,9.831504560507461576e+00
6.379472181103635897e+00,6.384204305971903359e+00,1.419637460480238644e-02,6.730352613626422453e-03,9.830926727218429306e+00
6.379451839267645141e+00,6.384204305971903359e+00,1.425740011277465413e-02,6.102550797226768964e-03,9.830359950910001032e+00
6.379433533426746017e+00,6.384204305971903359e+00,1.431231763547202718e-02,5.491752269737304459e-03,9.829804069905209829e+00
6.379417207992837291e+00,6.384204305971903359e+00,1.436129393719820513e-02,4.897630172617795097e-03,9.829258924109815609e+00
6.379402808451339446e+00,6.384204305971903359e+00,1.440449256169173964e-02,4.319862449353450984e-03,9.828724355011045688e+00
6.379390281345342473e+00,6.384204305971903359e+00,1.444207387968265976e-02,3.758131799092012670e-03,9.828200205678776058e+00
6.379379574259913532e+00,6.384204305971903359e+00,1.447419513596948093e-02,3.212125628682116485e-03,9.827686320764652095e+00
6.379370635806560941e+00,6.384204305971903359e+00,1.450101049602725567e-02,2.681536005777473974e-03,9.827182546501806115e+00
6.379363415607858911e+00,6.384204305971903359e+00,1.452267109213334351e-02,2.166059610608783714e-03,9.826688730702741736e+00
6.379357864282226842e+00,6.384204305971903359e+00,1.453932506902955168e-02,1.665397689620817800e-03,9.826204722758649979e+00
6.379353933428871137e+00,6.384204305971903359e+00,1.455111762909666595e-02,1.179256006711426608e-03,9.825730373635808590e+00
6.379351575612878911e+00,6.384204305971903359e+00,1.455819107707334581e-02,7.073447976679858584e-04,9.825265535874741829e+00
6.379350744350474223e+00,6.384204305971903359e+00,1.456068486428740982e-02,2.493787214064013824e-04,9.824810063585694309e+00
6.379351394094427974e+00,6.384204305971903359e+00,1.455873563242615631e-02,-1.949231861253508669e-04,9.824363812446300415e+00
6.379353480219625894e+00,6.384204305971903359e+00,1.455247725683239679e-02,-6.258375593759524236e-04,9.823926639697457830e+00
6.379356959008793737e+00,6.384204305971903359e+00,1.454204088932886663e-02,-1.043636750353016396e-03,9.823498404138977236e+00
6.379361787638375247e+00,6.384204305971903359e+00,1.452755500058433569e-02,-1.448588874453093922e-03,9.823078966126132627e+00
6.379367924164569992e+00,6.384204305971903359e+00,1.450914542200010260e-02,-1.840957858423308835e-03,9.822668187563577291e+00
6.379375327509520410e+00,6.384204305971903359e+00,1.448693538714884710e-02,-2.221003485125550014e-03,9.822265931902023794e+00
6.379383957447661402e+00,6.384204305971903359e+00,1.446104557272587243e-02,-2.588981442297466629e-03,9.821872064130428015e+00
6.379393774592215571e+00,6.384204305971903359e+00,1.443159413906336397e-02,-2.945143366250846384e-03,9.821486450772813015e+00
6.379404740381846572e+00,6.384204305971903359e+00,1.439869677017036054e-02,-3.289736889300343137e-03,9.821108959880870515e+00
6.379416817067466106e+00,6.384204305971903359e+00,1.436246671331176117e-02,-3.623005685859936875e-03,9.820739461027452322e+00
6.379429967699188353e+00,6.384204305971903359e+00,1.432301481814501898e-02,-3.945189516674219021e-03,9.820377825301470409e+00
6.379444156113440734e+00,6.384204305971903359e+00,1.428044957538787685e-02,-4.256524275714212990e-03,9.820023925299674161e+00
6.379459346920222984e+00,6.384204305971903359e+00,1.423487715504112572e-02,-4.557242034675113018e-03,9.819677635120367398e+00
6.379475505490517229e+00,6.384204305971903359e+00,1.418640144415839188e-02,-4.847571088273383566e-03,9.819338830355885506e+00
6.379492597943847265e+00,6.384204305971903359e+00,1.413512408416828237e-02,-5.127735999010951673e-03,9.819007388085157828e+00
6.379510591135985287e+00,6.384204305971903359e+00,1.408114450775421744e-02,-5.397957641406492257e-03,9.818683186866348223e+00
6.379529452646810483e+00,6.384204305971903359e+00,1.402455997527862763e-02,-5.658453247558981047e-03,9.818366106727719256e+00
6.379549150768307975e+00,6.384204305971903359e+00,1.396546561078615412e-02,-5.909436449247351675e-03,9.818056029161539300e+00
6.379569654492722286e+00,6.384204305971903359e+00,1.390395443754322002e-02,-6.151117324293409183e-03,9.817752837113250308e+00
6.379590933500847605e+00,6.384204305971903359e+00,1.384011741316726329e-02,-6.383702437595673018e-03,9.817456414975572088e+00
6.379612958150470803e+00,6.384204305971903359e+00,1.377404346429766946e-02,-6.607394886959383484e-03,9.817166648577337895e+00
6.379635699464951237e+00,6.384204305971903359e+00,1.370581952085636601e-02,-6.822394344130344734e-03,9.816883425176726519e+00
6.379659129121949768e+00,6.384204305971903359e+00,1.363553054986077484e-02,-7.028897099559117123e-03,9.816606633450302155e+00
6.379683219442292774e+00,6.384204305971903359e+00,1.356325958883175531e-02,-7.227096102901953145e-03,9.816336163485930300e+00
6.379707943378984503e+00,6.384204305971903359e+00,1.348908777875656995e-02,-7.417181007518536262e-03,9.816071906771238531e+00
6.379733274506353524e+00,6.384204305971903359e+00,1.341309439664950531e-02,-7.599338210706463315e-03,9.815813756185942651e+00
6.379759187009341304e+00,6.384204305971903359e+00,1.333535688768616723e-02,-7.773750896333808669e-03,9.815561605991351968e+00
6.379785655672928435e+00,6.384204305971903359e+00,1.325595089692477302e-02,-7.940599076139420731e-03,9.815315351820785850e+00
6.379812655871697658e+00,6.384204305971903359e+00,1.317495030061710537e-02,-8.100059630766764940e-03,9.815074890669851726e+00
6.379840163559533650e+00,6.384204305971903359e+00,1.309242723710912770e-02,-8.252306350797766754e-03,9.814840120886312747e+00
6.379868155259457829e+00,6.384204305971903359e+00,1.300845213733659023e-02,-8.397509977253747593e-03,9.814610942160083340e+00
6.379896608053598150e+00,6.384204305971903359e+00,1.292309375491562662e-02,-8.535838242096360773e-03,9.814387255512819763e+00
6.379925499573289471e+00,6.384204305971903359e+00,1.283641919584166402e-02,-8.667455907396259818e-03,9.814168963288445013e+00
6.379954807989309806e+00,6.384204305971903359e+00,1.274849394778065914e-02,-8.792524806100487922e-03,9.813955969141680669e+00
6.379984512002244479e+00,6.384204305971903359e+00,1.265938190897664128e-02,-8.911203880401785682e-03,9.813748178028575353e+00
6.380014590832981725e+00,6.384204305971903359e+00,1.256914541676490416e-02,-9.023649221173712931e-03,9.813545496195590800e+00
6.380045024213338856e+00,6.384204305971903359e+00,1.247784527569351098e-02,-9.130014107139317048e-03,9.813347831168554691e+00
6.380075792376812771e+00,6.384204305971903359e+00,1.238554078527176472e-02,-9.230449042174626584e-03,9.813155091743098524e+00
6.380106876049461029e+00,6.384204305971903359e+00,1.229228976732699152e-02,-9.325101794477319572e-03,9.812967187972850169e+00
6.380138256440906375e+00,6.384204305971903359e+00,1.219814859299095389e-02,-9.414117433603763629e-03,9.812784031159388576e+00
6.380169915235468281e+00,6.384204305971903359e+00,1.210317220930523519e-02,-9.497638368571870160e-03,9.812605533840734751e+00
6.380201834583413500e+00,6.384204305971903359e+00,1.200741416546957652e-02,-9.575804383565866829e-03,9.812431609781903319e+00
6.380233997092337184e+00,6.384204305971903359e+00,1.191092663869852686e-02,-9.648752677104965869e-03,9.812262173961594058e+00
6.380266385818656794e+00,6.384204305971903359e+00,1.181376045973969724e-02,-9.716617895882961875e-03,9.812097142563857233e+00
6.380298984259233031e+00,6.384204305971903359e+00,1.171596513801098638e-02,-9.779532172871086004e-03,9.811936432965140398e+00
6.380331776343106220e+00,6.384204305971903359e+00,1.161758888639141674e-02,-9.837625161956964348e-03,9.811779963724434950e+00
6.380364746423351718e+00,6.384204305971903359e+00,1.151867864565492283e-02,-9.891024073649390402e-03,9.811627654572006918e+00
6.380397879269054329e+00,6.384204305971903359e+00,1.141928010854709186e-02,-9.939853710783097540e-03,9.811479426397763604e+00
6.380431160057396411e+00,6.384204305971903359e+00,1.131943774352084375e-02,-9.984236502624810328e-03,9.811335201240897419e+00
6.380464574365862340e+00,6.384204305971903359e+00,1.121919481812305719e-02,-1.002429253977865642e-02,9.811194902278344898e+00
6.380498108164556648e+00,6.384204305971903359e+00,1.111859342204013501e-02,-1.006013960829221787e-02,9.811058453813748415e+00
6.380531747808632304e+00,6.384204305971903359e+00,1.101767448981316733e-02,-1.009189322269676836e-02,9.810925781267116008e+00
6.380565480030834458e+00,6.384204305971903359e+00,1.091647782320670501e-02,-1.011966666064623155e-02,9.810796811162560971e+00
6.380599291934153428e+00,6.384204305971903359e+00,1.081504211324979536e-02,-1.014357099569096476e-02,9.810671471117558440e+00
6.380633170984583380e+00,6.384204305971903359e+00,1.071340496195993808e-02,-1.016371512898572860e-02,9.810549689832974707e+00
6.380667105003997364e+00,6.384204305971903359e+00,1.061160290371798709e-02,-1.018020582419509878e-02,9.810431397079522498e+00
6.380701082163119153e+00,6.384204305971903359e+00,1.050967142635261808e-02,-1.019314773653690054e-02,9.810316523689817103e+00
6.380735090974609669e+00,6.384204305971903359e+00,1.040764499188107095e-02,-1.020264344715471339e-02,9.810205001544726855e+00
6.380769120286254648e+00,6.384204305971903359e+00,1.030555705694613522e-02,-1.020879349349357312e-02,9.810096763563453948e+00
6.380803159274256231e+00,6.384204305971903359e+00,1.020344009294138488e-02,-1.021169640047503435e-02,9.809991743692467736e+00
6.380837197436626695e+00,6.384204305971903359e+00,1.010132560582999162e-02,-1.021144871113932595e-02,9.809889876894690275e+00
6.380871224586686985e+00,6.384204305971903359e+00,9.999244155649122945e-03,-1.020814501808686714e-02,9.809791099137562753e+00
6.380905230846661169e+00,6.384204305971903359e+00,9.897225375726570462e-03,-1.020187799225524827e-02,9.809695347383470931e+00
6.380939206641373040e+00,6.384204305971903359e+00,9.795297991590956599e-03,-1.019273841356138632e-02,9.809602559578030068e+00
6.380973142692043076e+00,6.384204305971903359e+00,9.693489839580848866e-03,-1.018081520101077331e-02,9.809512674638570573e+00
6.381007030010176884e+00,6.384204305971903359e+00,9.591827885179426971e-03,-1.016619544014218945e-02,9.809425632445037735e+00
6.381040859891554895e+00,6.384204305971903359e+00,9.490338241045392920e-03,-1.014896441340340516e-02,9.809341373827642485e+00
6.381074623910316213e+00,6.384204305971903359e+00,9.389046184761440372e-03,-1.012920562839525473e-02,9.809259840556366683e+00
6.381108313913133046e+00,6.384204305971903359e+00,9.287976176310941412e-03,-1.010700084504989604e-02,9.809180975331262431e+00
6.381141922013482848e+00,6.384204305971903359e+00,9.187151875261534428e-03,-1.008243010494069836e-02,9.809104721770321333e+00
6.381175440586010161e+00,6.384204305971903359e+00,9.086596157679593944e-03,-1.005557175819404847e-02,9.809031024399486043e+00
6.381208862260977277e+00,6.384204305971903359e+00,8.986331132778246911e-03,-1.002650249013470329e-02,9.808959828642644041e+00
6.381242179918808155e+00,6.384204305971903359e+00,8.886378159285612810e-03,-9.995297349263410069e-03,9.808891080810022700e+00
6.381275386684720274e+00,6.384204305971903359e+00,8.786757861549254756e-03,-9.962029773635805441e-03,9.808824728087913059e+00
6.381308475923440859e+00,6.384204305971903359e+00,8.687490145387499751e-03,-9.926771616175500412e-03,9.808760718529212497e+00
6.381341441234014589e+00,6.384204305971903359e+00,8.588594213666311816e-03,-9.889593172118793518e-03,9.808699001041548016e+00
6.381374276444692129e+00,6.384204305971903359e+00,8.490088581633692399e-03,-9.850563203261941680e-03,9.808639525378371360e+00
6.381406975607907484e+00,6.384204305971903359e+00,8.391991091987627271e-03,-9.809748964606512800e-03,9.808582242127382500e+00
6.381439532995336172e+00,6.384204305971903359e+00,8.294318929701560705e-03,-9.767216228606656614e-03,9.808527102701095401e+00
6.381471943093035115e+00,6.384204305971903359e+00,8.197088636604732415e-03,-9.723029309682829080e-03,9.808474059326922401e+00
6.381504200596666010e+00,6.384204305971903359e+00,8.100316125712048176e-03,-9.677251089268423812e-03,9.808423065036443234e+00
6.381536300406801310e+00,6.384204305971903359e+00,8.004016695306148677e-03,-9.629943040589949987e-03,9.808374073654716696e+00
6.381568237624302142e+00,6.384204305971903359e+00,7.908205042803650997e-03,-9.581165250249767951e-03,9.808327039792555269e+00
6.381600007545781494e+00,6.384204305971903359e+00,7.812895278365594720e-03,-9.530976443805627696e-03,9.808281918834559576e+00
6.381631605659144668e+00,6.384204305971903359e+00,7.718100938276073464e-03,-9.479434008952125623e-03,9.808238666929323557e+00
6.381663027639200791e+00,6.384204305971903359e+00,7.623834998107703598e-03,-9.426594016836986611e-03,9.808197240981272103e+00
6.381694269343355153e+00,6.384204305971903359e+00,7.530109885644620249e-03,-9.372511246308334876e-03,9.808157598639336783e+00
6.381725326807373477e+00,6.384204305971903359e+00,7.436937493589645953e-03,-9.317239205497429566e-03,9.808119698288091826e+00
6.381756196241220813e+00,6.384204305971903359e+00,7.344329192047638344e-03,-9.260830154200760944e-03,9.808083499037847375e+00
6.381786874024971468e+00,6.384204305971903359e+00,7.252295840795675019e-03,-9.203335125196332456e-03,9.808048960715598952e+00
6.381817356704793553e+00,6.384204305971903359e+00,7.160847801329417450e-03,-9.144803946625756907e-03,9.808016043854703270e+00
6.381847640989001036e+00,6.384204305971903359e+00,7.069994948706970206e-03,-9.085285262244724436e-03,9.807984709686461855e+00
6.381877723744177722e+00,6.384204305971903359e+00,6.979746683176912825e-03,-9.024826553005738106e-03,9.807954920130171672e+00
6.381907601991366974e+00,6.384204305971903359e+00,6.890111941609156077e-03,-8.963474156775674828e-03,9.807926637784834867e+00
6.381937272902335145e+00,6.384204305971903359e+00,6.801099208704641796e-03,-8.901273290451428011e-03,9.807899825918253711e+00
6.381966733795894520e+00,6.384204305971903359e+00,6.712716528026518858e-03,-8.838268067812293793e-03,9.807874448460214722e+00
6.381995982134299972e+00,6.384204305971903359e+00,6.624971512810162722e-03,-8.774501521635613699e-03,9.807850469991175046e+00
6.382025015519705136e+00,6.384204305971903359e+00,6.537871356594671113e-03,-8.710015621549160869e-03,9.807827855735045119e+00
6.382053831690683410e+00,6.384204305971903359e+00,6.451422843659848638e-03,-8.644851293482247456e-03,9.807806571550177210e+00
6.382082428518816464e+00,6.384204305971903359e+00,6.365632359260686712e-03,-8.579048439916192592e-03,9.807786583919344992e+00
6.382110804005342253e+00,6.384204305971903359e+00,6.280505899683319626e-03,-8.512645957736708624e-03,9.807767859941947108e+00
6.382138956277861652e+00,6.384204305971903359e+00,6.196049082125121288e-03,-8.445681755819833825e-03,9.807750367326306673e+00
6.382166883587113482e+00,6.384204305971903359e+00,6.112267154369632749e-03,-8.378192775548853888e-03,9.807734074378821276e+00
6.382194584303803708e+00,6.384204305971903359e+00,6.029165004298953079e-03,-8.310215007067967008e-03,9.807718949997230595e+00
6.382222056915493269e+00,6.384204305971903359e+00,5.946747169230270913e-03,-8.241783506868216591e-03,9.807704963662363440e+00
6.382249300023548955e+00,6.384204305971903359e+00,5.865017845063213997e-03,-8.172932416705691594e-03,9.807692085428357132e+00
6.382276312340147584e+00,6.384204305971903359e+00,5.783980895267326616e-03,-8.103694979588738079e-03,9.807680285915679974e+00
6.382303092685337909e+00,6.384204305971903359e+00,5.703639859696352232e-03,-8.034103557097438397e-03,9.807669536302599411e+00
6.382329639984158476e+00,6.384204305971903359e+00,5.623997963234650399e-03,-7.964189646170183323e-03,9.807659808317065853e+00
6.382355953263810555e+00,6.384204305971903359e+00,5.545058124278412492e-03,-7.893983895623790659e-03,9.807651074228655119e+00
6.382382031650886134e+00,6.384204305971903359e+00,5.466822963051676254e-03,-7.823516122673623840e-03,9.807643306840379438e+00
6.382407874368645651e+00,6.384204305971903359e+00,5.389294809773126360e-03,-7.752815327854989391e-03,9.807636479481917746e+00
6.382433480734353459e+00,6.384204305971903359e+00,5.312475712649700199e-03,-7.681909712342616103e-03,9.807630566000307581e+00
6.382458850156661256e+00,6.384204305971903359e+00,5.236367445726308745e-03,-7.610826692339145438e-03,9.807625540753388549e+00
6.382483982133043909e+00,6.384204305971903359e+00,5.160971516578349849e-03,-7.539592914795889556e-03,9.807621378601783846e+00
6.382508876247286800e+00,6.384204305971903359e+00,5.086289173849678491e-03,-7.468234272867135815e-03,9.807618054900983040e+00
6.382533532167020240e+00,6.384204305971903359e+00,5.012321414649356655e-03,-7.396775920032183649e-03,9.807615545494616782e+00
6.382557949641302741e+00,6.384204305971903359e+00,4.939068991801853770e-03,-7.325242284750288491e-03,9.807613826707051174e+00
6.382582128498255791e+00,6.384204305971903359e+00,4.866532420942704107e-03,-7.253657085914966274e-03,9.807612875335028235e+00
6.382606068642742159e+00,6.384204305971903359e+00,4.794711987483601945e-03,-7.182043345910216203e-03,9.807612668641574771e+00
6.382629770054093044e+00,6.384204305971903359e+00,4.723607753430947298e-03,-7.110423405265464680e-03,9.807613184348166868e+00
6.382653232783878750e+00,6.384204305971903359e+00,4.653219564073829417e-03,-7.038818935711788072e-03,9.807614400628363427e+00
6.382676456953727318e+00,6.384204305971903359e+00,4.583547054528125386e-03,-6.967250954570403110e-03,9.807616296099958220e+00
6.382699442753185792e+00,6.384204305971903359e+00,4.514589656152701025e-03,-6.895739837542436135e-03,9.807618849818609874e+00
6.382722190437625898e+00,6.384204305971903359e+00,4.446346602832385031e-03,-6.824305332031599391e-03,9.807622041270800395e+00
6.382744700326193232e+00,6.384204305971903359e+00,4.378816937130380893e-03,-6.752966570200413798e-03,9.807625850366930464e+00
6.382766972799797323e+00,6.384204305971903359e+00,4.311999516318110182e-03,-6.681742081227071139e-03,9.807630257435091536e+00
6.382789008299145195e+00,6.384204305971903359e+00,4.245893018274493613e-03,-6.610649804361656834e-03,9.807635243213912446e+00
6.382810807322814028e+00,6.384204305971903359e+00,4.180495947267992563e-03,-6.539707100650105076e-03,9.807640788846619273e+00
6.382832370425368218e+00,6.384204305971903359e+00,4.115806639605423811e-03,-6.468930766256875131e-03,9.807646875873349046e+00
6.382853698215509297e+00,6.384204305971903359e+00,4.051823269182186493e-03,-6.398337042323731794e-03,9.807653486226858064e+00
6.382874791354272936e+00,6.384204305971903359e+00,3.988543852891268671e-03,-6.327941629091782261e-03,9.807660602223799984e+00
6.382895650553258804e+00,6.384204305971903359e+00,3.925966255933666105e-03,-6.257759695760256591e-03,9.807668206560173019e+00
6.382916276572901282e+00,6.384204305971903359e+00,3.864088197006232406e-03,-6.187805892743369895e-03,9.807676282304264248e+00
6.382936670220773934e+00,6.384204305971903359e+00,3.802907253388276843e-03,-6.118094361795556324e-03,9.807684812891594106e+00
6.382956832349935716e+00,6.384204305971903359e+00,3.742420865902928995e-03,-6.048638748534784781e-03,9.807693782117368642e+00
6.382976763857309166e+00,6.384204305971903359e+00,3.682626343782580136e-03,-5.979452212034885861e-03,9.807703174131749080e+00
6.382996465682095888e+00,6.384204305971903359e+00,3.623520869422414137e-03,-5.910547436016599931e-03,9.807712973433407200e+00
6.383015938804225797e+00,6.384204305971903359e+00,3.565101503032686026e-03,-5.841936638972811124e-03,9.807723164864061260e+00
6.383035184242841886e+00,6.384204305971903359e+00,3.507365187184419142e-03,-5.773631584826688368e-03,9.807733733602358228e+00
6.383054203054818743e+00,6.384204305971903359e+00,3.450308751253849948e-03,-5.705643593056919372e-03,9.807744665158196540e+00
6.383072996333311266e+00,6.384204305971903359e+00,3.393928915776278643e-03,-5.637983547757130509e-03,9.807755945368018757e+00
6.383091565206340690e+00,6.384204305971903359e+00,3.338222296688009294e-03,-5.570661908826934905e-03,9.807767560387862460e+00
6.383109910835409018e+00,6.384204305971903359e+00,3.283185409483024841e-03,-5.503688720498445264e-03,9.807779496688985077e+00
6.383128034414146335e+00,6.384204305971903359e+00,3.228814673271074298e-03,-5.437073621195054329e-03,9.807791741052076517e+00
6.383145937166988304e+00,6.384204305971903359e+00,3.175106414745165750e-03,-5.370825852590854765e-03,9.807804280562155697e+00
6.383163620347886535e+00,6.384204305971903359e+00,3.122056872050471554e-03,-5.304954269469419614e-03,9.807817102602580661e+00
6.383181085239045593e+00,6.384204305971903359e+00,3.069662198573297474e-03,-5.239467347717408074e-03,9.807830194850856387e+00
6.383198333149689319e+00,6.384204305971903359e+00,3.017918466642122155e-03,-5.174373193117531855e-03,9.807843545273524200e+00
6.383215365414860010e+00,6.384204305971903359e+00,2.966821671130048799e-03,-5.109679551207335635e-03,9.807857142119923211e+00
6.383232183394243364e+00,6.384204305971903359e+00,2.916367732979985306e-03,-5.045393815006349314e-03,9.807870973917975022e+00
6.383248788471018287e+00,6.384204305971903359e+00,2.866552502655217438e-03,-4.981523032476786739e-03,9.807885029470178040e+00
6.383265182050740449e+00,6.384204305971903359e+00,2.817371763488729641e-03,-4.918073916648779687e-03,9.807899297846841336e+00
6.383281365560247167e+00,6.384204305971903359e+00,2.768821234968577016e-03,-4.855052852015262488e-03,9.807913768382952924e+00
6.383297340446592472e+00,6.384204305971903359e+00,2.720896575932663097e-03,-4.792465903591391907e-03,9.807928430672340880e+00
6.383313108176004391e+00,6.384204305971903359e+00,2.673593387696904244e-03,-4.730318823575885290e-03,9.807943274564120628e+00
6.383328670232873314e+00,6.384204305971903359e+00,2.626907217090135305e-03,-4.668617060676893971e-03,9.807958290156413739e+00
6.383344028118757230e+00,6.384204305971903359e+00,2.580833559438389102e-03,-4.607365765174620265e-03,9.807973467794264266e+00
6.383359183351420718e+00,6.384204305971903359e+00,2.535367861447923588e-03,-4.546569799046551452e-03,9.807988798062401870e+00
6.383374137463890818e+00,6.384204305971903359e+00,2.490505524037622820e-03,-4.486233741030076771e-03,9.808004271783008932e+00
6.383388892003538650e+00,6.384204305971903359e+00,2.446241905094126423e-03,-4.426361894349639670e-03,9.808019880010744984e+00
6.383403448531187685e+00,6.384204305971903359e+00,2.402572322147022987e-03,-4.366958294710343580e-03,9.808035614027437177e+00
6.383417808620239775e+00,6.384204305971903359e+00,2.359492054990752763e-03,-4.308026715627022440e-03,9.808051465339364228e+00
6.383431973855826058e+00,6.384204305971903359e+00,2.316996348231903369e-03,-4.249570675884939419e-03,9.808067425672348350e+00
6.383445945833979174e+00,6.384204305971903359e+00,2.275080413772556653e-03,-4.191593445934671536e-03,9.808083486967838382e+00
6.383459726160829462e+00,6.384204305971903359e+00,2.233739433221693105e-03,-4.134098055086354861e-03,9.808099641378134947e+00
6.383473316451817148e+00,6.384204305971903359e+00,2.192968560258634625e-03,-4.077087296305847985e-03,9.808115881263953284e+00
6.383486718330931176e+00,6.384204305971903359e+00,2.152762922916551247e-03,-4.020563734208337792e-03,9.808132199188708711e+00
6.383499933429964024e+00,6.384204305971903359e+00,2.113117625818006218e-03,-3.964529709854502926e-03,9.808148587915964001e+00
6.383512963387788730e+00,6.384204305971903359e+00,2.074027752343887698e-03,-3.908987347411851943e-03,9.808165040404933421e+00
6.383525809849653676e+00,6.384204305971903359e+00,2.035488366749049760e-03,-3.853938559483793824e-03,9.808181549807265753e+00
6.383538474466499579e+00,6.384204305971903359e+00,1.997494516211339999e-03,-3.799385053770976128e-03,9.808198109462441749e+00
6.383550958894291583e+00,6.384204305971903359e+00,1.960041232835330050e-03,-3.745328337600994928e-03,9.808214712895235721e+00
6.383563264793373548e+00,6.384204305971903359e+00,1.923123535589432720e-03,-3.691769724589732959e-03,9.808231353810999309e+00
6.383575393827836564e+00,6.384204305971903359e+00,1.886736432200386560e-03,-3.638710338904616037e-03,9.808248026093295380e+00
6.383587347664908762e+00,6.384204305971903359e+00,1.850874920983791583e-03,-3.586151121659497676e-03,9.808264723799325679e+00
6.383599127974361132e+00,6.384204305971903359e+00,1.815533992626683357e-03,-3.534092835710822555e-03,9.808281441156916358e+00
6.383610736427928423e+00,6.384204305971903359e+00,1.780708631924809993e-03,-3.482536070187336463e-03,9.808298172561737971e+00
6.383622174698752261e+00,6.384204305971903359e+00,1.746393819453295748e-03,-3.431481247151424441e-03,9.808314912572303257e+00
6.383633444460833140e+00,6.384204305971903359e+00,1.712584533210659288e-03,-3.380928624263646043e-03,9.808331655908947511e+00
6.383644547388505508e+00,6.384204305971903359e+00,1.679275750193554018e-03,-3.330878301710527012e-03,9.808348397448483524e+00
6.383655485155922626e+00,6.384204305971903359e+00,1.646462447942198537e-03,-3.281330225135548062e-03,9.808365132222807148e+00
6.383666259436561852e+00,6.384204305971903359e+00,1.614139606024522777e-03,-3.232284191767575976e-03,9.808381855414257444e+00
6.383676871902742356e+00,6.384204305971903359e+00,1.582302207483010648e-03,-3.183739854151212967e-03,9.808398562353332295e+00
6.383687324225157944e+00,6.384204305971903359e+00,1.550945240236245581e-03,-3.135696724676506619e-03,9.808415248515560236e+00
6.383697618072424973e+00,6.384204305971903359e+00,1.520063698435158983e-03,-3.088154180108659830e-03,9.808431909518326108e+00
6.383707755110644477e+00,6.384204305971903359e+00,1.489652583776646111e-03,-3.041111465851287221e-03,9.808448541117925856e+00
6.383717737002975845e+00,6.384204305971903359e+00,1.459706906782543001e-03,-2.994567699410310979e-03,9.808465139207372729e+00
6.383727565409227367e+00,6.384204305971903359e+00,1.430221688027977223e-03,-2.948521875456577845e-03,9.808481699812571009e+00
6.383737241985460109e+00,6.384204305971903359e+00,1.401191959329750603e-03,-2.902972869822662005e-03,9.808498219089507586e+00
6.383746768383602443e+00,6.384204305971903359e+00,1.372612764902747529e-03,-2.857919442700307400e-03,9.808514693322202049e+00
6.383756146251077013e+00,6.384204305971903359e+00,1.344479162479039758e-03,-2.813360242370777087e-03,9.808531118920107872e+00
6.383765377230442795e+00,6.384204305971903359e+00,1.316786224381694126e-03,-2.769293809734563183e-03,9.808547492414646740e+00
6.383774462959050489e+00,6.384204305971903359e+00,1.289529038558612228e-03,-2.725718582308189752e-03,9.808563810456250920e+00
6.383783405068704120e+00,6.384204305971903359e+00,1.262702709597718354e-03,-2.682632896089387486e-03,9.808580069813508828e+00
6.383792205185338631e+00,6.384204305971903359e+00,1.236302359694185782e-03,-2.640034990353257172e-03,9.808596267369342314e+00
6.383800864928709906e+00,6.384204305971903359e+00,1.210323129580359591e-03,-2.597923011382619052e-03,9.808612400118198238e+00
6.383809385912093681e+00,6.384204305971903359e+00,1.184760179429034110e-03,-2.556295015132548087e-03,9.808628465164296983e+00
6.383817769741993331e+00,6.384204305971903359e+00,1.159608689730085018e-03,-2.515148969894909214e-03,9.808644459719836561e+00
6.383826018017865422e+00,6.384204305971903359e+00,1.134863862113810740e-03,-2.474482761627427863e-03,9.808660381100487768e+00
6.383834132331847044e+00,6.384204305971903359e+00,1.110520920168944770e-03,-2.434294194486597007e-03,9.808676226725683733e+00
6.383842114268501788e+00,6.384204305971903359e+00,1.086575110204712757e-03,-2.394580996423201213e-03,9.808691994113782897e+00
6.383849965404567506e+00,6.384204305971903359e+00,1.063021702007560521e-03,-2.355340819715223688e-03,9.808707680882292834e+00
6.383857687308721829e+00,6.384204305971903359e+00,1.039855989544591353e-03,-2.316571246296916797e-03,9.808723284743248172e+00
6.383865281541350356e+00,6.384204305971903359e+00,1.017073291659009726e-03,-2.278269788558162645e-03,9.808738803503100456e+00
6.383872749654329048e+00,6.384204305971903359e+00,9.946689527229324312e-04,-2.240433893607729487e-03,9.808754235059115700e+00
6.383880093190813731e+00,6.384204305971903359e+00,9.726383432688834318e-04,-2.203060945404899940e-03,9.808769577397864481e+00
6.383887313685038478e+00,6.384204305971903359e+00,9.509768605946433695e-04,-2.166148267424006235e-03,9.808784828593172023e+00
6.383894412662121987e+00,6.384204305971903359e+00,9.296799293441182499e-04,-2.129693125052511959e-03,9.808799986804292104e+00
6.383901391637886391e+00,6.384204305971903359e+00,9.087430020509046358e-04,-2.093692729321361412e-03,9.808815050272730929e+00
6.383908252118677851e+00,6.384204305971903359e+00,8.881615596765257692e-04,-2.058144237437886659e-03,9.808830017322240025e+00
6.383914995601201348e+00,6.384204305971903359e+00,8.679311121060351297e-04,-2.023044757049063946e-03,9.808844886355057469e+00
6.383921623572360815e+00,6.384204305971903359e+00,8.480471986276327812e-04,-1.988391347840234857e-03,9.808859655850788783e+00
6.383928137509104594e+00,6.384204305971903359e+00,8.285053883962945065e-04,-1.954181023133827466e-03,9.808874324365262964e+00
6.383934538878285103e+00,6.384204305971903359e+00,8.093012808547683790e-04,-1.920410754152612753e-03,9.808888890526702653e+00
6.383940829136518502e+00,6.384204305971903359e+00,7.904305061545713329e-04,-1.887077470019704606e-03,9.808903353036136252e+00
6.383947009730055910e+00,6.384204305971903359e+00,7.718887255423467764e-04,-1.854178061222455653e-03,9.808917710664321277e+00
6.383953082094659059e+00,6.384204305971903359e+00,7.536716317328995274e-04,-1.821709380944724899e-03,9.808931962250788672e+00
6.383959047655487495e+00,6.384204305971903359e+00,7.357749492475917918e-04,-1.789668248530773553e-03,9.808946106700716427e+00
6.383964907826985780e+00,6.384204305971903359e+00,7.181944347527391415e-04,-1.758051449485265039e-03,9.808960142985267083e+00
6.383970664012783125e+00,6.384204305971903359e+00,7.009258773607029980e-04,-1.726855739203614348e-03,9.808974070138157586e+00
6.383976317605593920e+00,6.384204305971903359e+00,6.839650989283185822e-04,-1.696077843238441574e-03,9.808987887255689486e+00
6.383981869987130686e+00,6.384204305971903359e+00,6.673079543180193696e-04,-1.665714461029921267e-03,9.809001593493288595e+00
6.383987322528016151e+00,6.384204305971903359e+00,6.509503316616260804e-04,-1.635762265639328916e-03,9.809015188066023683e+00
6.383992676587708637e+00,6.384204305971903359e+00,6.348881525841676421e-04,-1.606217907745843831e-03,9.809028670244838821e+00
6.383997933514425682e+00,6.384204305971903359e+00,6.191173724330312211e-04,-1.577078015113642095e-03,9.809042039357318998e+00
6.384003094645078313e+00,6.384204305971903359e+00,6.036339804751378324e-04,-1.548339195789338874e-03,9.809055294784686296e+00
6.384008161305209761e+00,6.384204305971903359e+00,5.884340000807952720e-04,-1.519998039434256043e-03,9.809068435960647037e+00
6.384013134808936840e+00,6.384204305971903359e+00,5.735134888995574443e-04,-1.492051118123782771e-03,9.809081462370777160e+00
6.384018016458901101e+00,6.384204305971903359e+00,5.588685390067738012e-04,-1.464494989278364301e-03,9.809094373549729795e+00
6.384022807546219980e+00,6.384204305971903359e+00,5.444952770501387818e-04,-1.437326195663501949e-03,9.809107169081386246e+00
6.384027509350447716e+00,6.384204305971903359e+00,5.303898643669313628e-04,-1.410541268320741892e-03,9.809119848596047575e+00
6.384032123139534498e+00,6.384204305971903359e+00,5.165484971065836817e-04,-1.384136726034768117e-03,9.809132411771072313e+00
6.384036650169798932e+00,6.384204305971903359e+00,5.029674063132816286e-04,-1.358109079330205304e-03,9.809144858326984462e+00
6.384041091685896063e+00,6.384204305971903359e+00,4.896428580218881166e-04,-1.332454829139351205e-03,9.809157188028883922e+00
6.384045448920796062e+00,6.384204305971903359e+00,4.765711533218919271e-04,-1.307170469999618945e-03,9.809169400683323659e+00
6.384049723095763795e+00,6.384204305971903359e+00,4.637486284186920216e-04,-1.282252490319990557e-03,9.809181496138098311e+00
6.384053915420345504e+00,6.384204305971903359e+00,4.511716546735655697e-04,-1.257697374512645183e-03,9.809193474280160530e+00
6.384058027092355481e+00,6.384204305971903359e+00,4.388366386436359790e-04,-1.233501602992959079e-03,9.809205335035651174e+00
6.384062059297868963e+00,6.384204305971903359e+00,4.267400221031891761e-04,-1.209661654044680290e-03,9.809217078368059006e+00
6.384066013211219470e+00,6.384204305971903359e+00,4.148782820516672132e-04,-1.186174005152196287e-03,9.809228704276900856e+00
6.384069889994997027e+00,6.384204305971903359e+00,4.032479307189973383e-04,-1.163035133266987486e-03,9.809240212797451619e+00
6.384073690800054379e+00,6.384204305971903359e+00,3.918455155469402484e-04,-1.140241517205708988e-03,9.809251603998340840e+00
6.384077416765511437e+00,6.384204305971903359e+00,3.806676191757674133e-04,-1.117789637117283519e-03,9.809262877982058981e+00
6.384081069018766819e+00,6.384204305971903359e+00,3.697108594096221168e-04,-1.095675976614529645e-03,9.809274034882795590e+00
6.384084648675511175e+00,6.384204305971903359e+00,3.589718891765514286e-04,-1.073897023307068821e-03,9.809285074865869092e+00
6.384088156839741401e+00,6.384204305971903359e+00,3.484473964858736394e-04,-1.052449269067778914e-03,9.809295998127417704e+00
6.384091594603784614e+00,6.384204305971903359e+00,3.381341043562358095e-04,-1.031329212963782993e-03,9.809306804891392062e+00
6.384094963048316806e+00,6.384204305971903359e+00,3.280287707596585278e-04,-1.010533359657728170e-03,9.809317495411102428e+00
6.384098263242390381e+00,6.384204305971903359e+00,3.181281885389353192e-04,-9.900582220723208593e-04,9.809328069966467112e+00
6.384101496243460794e+00,6.384204305971903359e+00,3.084291853276965867e-04,-9.699003211238732547e-04,9.809338528864204321e+00
6.384104663097417642e+00,6.384204305971903359e+00,2.989286234571508771e-04,-9.500561870545709553e-04,9.809348872436402189e+00
6.384107764838617527e+00,6.384204305971903359e+00,2.896233998574970769e-04,-9.305223599653800193e-04,9.809359101039891726e+00
6.384110802489921355e+00,6.384204305971903359e+00,2.805104459460139310e-04,-9.112953911483145930e-04,9.809369215054797309e+00
6.384113777062730755e+00,6.384204305971903359e+00,2.715867275178140972e-04,-8.923718428199833852e-04,9.809379214884698328e+00
6.384116689557028934e+00,6.384204305971903359e+00,2.628492446232755242e-04,-8.737482894538572964e-04,9.809389100955169027e+00
6.384119540961422423e+00,6.384204305971903359e+00,2.542950314428082947e-04,-8.554213180467229449e-04,9.809398873713396583e+00
6.384122332253187260e+00,6.384204305971903359e+00,2.459211561482987918e-04,-8.373875294509502965e-04,9.809408533626697846e+00
6.384125064398315175e+00,6.384204305971903359e+00,2.377247207645538651e-04,-8.196435383744926639e-04,9.809418081182389670e+00
6.384127738351560666e+00,6.384204305971903359e+00,2.297028610280804628e-04,-8.021859736473402336e-04,9.809427516887382126e+00
6.384130355056495176e+00,6.384204305971903359e+00,2.218527462245489801e-04,-7.850114803531482721e-04,9.809436841265871010e+00
6.384132915445556833e+00,6.384204305971903359e+00,2.141715790395792851e-04,-7.681167184969694972e-04,9.809446054860543995e+00
6.384135420440103736e+00,6.384204305971903359e+00,2.066565953988686033e-04,-7.514983640710681811e-04,9.809455158231328298e+00
6.384137870950474358e+00,6.384204305971903359e+00,1.993050642870031197e-04,-7.351531111865483581e-04,9.809464151953100952e+00
6.384140267876039943e+00,6.384204305971903359e+00,1.921142875902503988e-04,-7.190776696752720909e-04,9.809473036617916364e+00
6.384142612105267567e+00,6.384204305971903359e+00,1.850815999073773810e-04,-7.032687682873017820e-04,9.809481812831620573e+00
6.384144904515777874e+00,6.384204305971903359e+00,1.782043683764555908e-04,-6.877231530921790181e-04,9.809490481215284774e+00
6.384147145974409909e+00,6.384204305971903359e+00,1.714799924803500630e-04,-6.724375896105527772e-04,9.809499042402869406e+00
6.384149337337282404e+00,6.384204305971903359e+00,1.649059038628664098e-04,-6.574088617483653252e-04,9.809507497042115887e+00
6.384151479449859501e+00,6.384204305971903359e+00,1.584795661315752113e-04,-6.426337731291198452e-04,9.809515845793002953e+00
6.384153573147015592e+00,6.384204305971903359e+00,1.521984746633009422e-04,-6.281091468274269118e-04,9.809524089327837260e+00
6.384155619253104597e+00,6.384204305971903359e+00,1.460601563962882210e-04,-6.138318267012721208e-04,9.809532228329695513e+00
6.384157618582026572e+00,6.384204305971903359e+00,1.400621696303616659e-04,-5.997986765926555108e-04,9.809540263493037315e+00
6.384159571937297883e+00,6.384204305971903359e+00,1.342021038164276092e-04,-5.860065813934056678e-04,9.809548195522424407e+00
6.384161480112121367e+00,6.384204305971903359e+00,1.284775793459758120e-04,-5.724524470451797242e-04,9.809556025132302182e+00
6.384163343889458275e+00,6.384204305971903359e+00,1.228862473352521079e-04,-5.591332010723704116e-04,9.809563753046262491e+00
6.384165164042099327e+00,6.384204305971903359e+00,1.174257894120955825e-04,-5.460457923156525339e-04,9.809571379997096940e+00
6.384166941332740208e+00,6.384204305971903359e+00,1.120939174894530765e-04,-5.331871922642505979e-04,9.809578906725224812e+00
6.384168676514053509e+00,6.384204305971903359e+00,1.068883735495518295e-04,-5.205543939901247086e-04,9.809586333979559925e+00
6.384170370328765109e+00,6.384204305971903359e+00,1.018069294147494475e-04,-5.081444134802381996e-04,9.809593662515935009e+00
6.384172023509727900e+00,6.384204305971903359e+00,9.684738652637747691e-05,-4.959542888371970548e-04,9.809600893097689678e+00
6.384173636780000827e+00,6.384204305971903359e+00,9.200757570759776627e-05,-4.839810818779710644e-04,9.809608026493830124e+00
6.384175210852922611e+00,6.384204305971903359e+00,8.728535694224603958e-05,-4.722218765351726688e-04,9.809615063480407571e+00
6.384176746432192573e+00,6.384204305971903359e+00,8.267861913235918792e-05,-4.606737809886851664e-04,9.809622004838143283e+00
6.384178244211946129e+00,6.384204305971903359e+00,7.818527987168977234e-05,-4.493339260669415580e-04,9.809628851353805246e+00
6.384179704876835615e+00,6.384204305971903359e+00,7.380328520323331531e-05,-4.381994668456457021e-04,9.809635603818357197e+00
6.384181129102106667e+00,6.384204305971903359e+00,6.953060939007826846e-05,-4.272675813155046853e-04,9.809642263028074183e+00
6.384182517553680825e+00,6.384204305971903359e+00,6.536525466760423342e-05,-4.165354722474035043e-04,9.809648829782421586e+00
6.384183870888232804e+00,6.384204305971903359e+00,6.130525101166739432e-05,-4.060003655936839095e-04,9.809655304885417593e+00
6.384185189753273981e+00,6.384204305971903359e+00,5.734865588813420345e-05,-3.956595123533190872e-04,9.809661689143535312e+00
6.384186474787228782e+00,6.384204305971903359e+00,5.349355402373134893e-05,-3.855101864402854517e-04,9.809667983367583943e+00
6.384187726619520831e+00,6.384204305971903359e+00,4.973805714758583463e-05,-3.755496876145514307e-04,9.809674188369534420e+00
6.384188945870649334e+00,6.384204305971903359e+00,4.608030376207494783e-05,-3.657753385510886801e-04,9.809680304965212372e+00
6.384190133152274349e+00,6.384204305971903359e+00,4.251845888703087439e-05,-3.561844875044073433e-04,9.809686333971383121e+00
6.384191289067296715e+00,6.384204305971903359e+00,3.905071381993252544e-05,-3.467745067098348954e-04,9.809692276207110595e+00
6.384192414209939770e+00,6.384204305971903359e+00,3.567528589076829348e-05,-3.375427929164231955e-04,9.809698132492975731e+00
6.384193509165831948e+00,6.384204305971903359e+00,3.239041821423427336e-05,-3.284867676534020120e-04,9.809703903650561330e+00
6.384194574512089382e+00,6.384204305971903359e+00,2.919437944193248313e-05,-3.196038772301790232e-04,9.809709590502212251e+00
6.384195610817397615e+00,6.384204305971903359e+00,2.608546351723362022e-05,-3.108915924698862909e-04,9.809715193871047845e+00
6.384196618642092425e+00,6.384204305971903359e+00,2.306198943280435287e-05,-3.023474084429267350e-04,9.809720714580990375e+00
6.384197598538245089e+00,6.384204305971903359e+00,2.012230097481193525e-05,-2.939688457992417625e-04,9.809726153455176956e+00
6.384198551049743209e+00,6.384204305971903359e+00,1.726476648045149886e-05,-2.857534494360436383e-04,9.809731511317044905e+00
6.384199476712373311e+00,6.384204305971903359e+00,1.448777859014427349e-05,-2.776987890307225371e-04,9.809736788989560807e+00
6.384200376053902559e+00,6.384204305971903359e+00,1.178975400240034332e-05,-2.698024587743930169e-04,9.809741987295229393e+00
6.384201249594161354e+00,6.384204305971903359e+00,9.169133226016867866e-06,-2.620620776383475459e-04,9.809747107055589055e+00
6.384202097845125934e+00,6.384204305971903359e+00,6.624380332276302852e-06,-2.544752893740565014e-04,9.809752149090957829e+00
6.384202921310999201e+00,6.384204305971903359e+00,4.153982712473691663e-06,-2.470397619802611189e-04,9.809757114220733598e+00
6.384203720488294209e+00,6.384204305971903359e+00,1.756450827450350971e-06,-2.397531885023340692e-04,9.809762003262324725e+00
6.384204495865915874e+00,6.384204305971903359e+00,-5.696820375433730987e-07,-2.326132864993724070e-04,9.809766817031462693e+00
6.384205247925240911e+00,6.384204305971903359e+00,-2.825860012656278286e-06,-2.256177975112905187e-04,9.809771556342475662e+00
6.384205977140199550e+00,6.384204305971903359e+00,-5.013504888573550033e-06,-2.187644875917271747e-04,9.809776222007521085e+00
6.384206683977359020e+00,6.384204305971903359e+00,-7.134016366983075841e-06,-2.120511478409525807e-04,9.809780814835793450e+00
6.384207368896002599e+00,6.384204305971903359e+00,-9.188772297719083326e-06,-2.054755930736007485e-04,9.809785335634629178e+00
6.384208032348209549e+00,6.384204305971903359e+00,-1.117912891857031354e-05,-1.990356620851230218e-04,9.809789785208996804e+00
6.384208674778937720e+00,6.384204305971903359e+00,-1.310642110308180008e-05,-1.927292184511486539e-04,9.809794164360447155e+00
6.384209296626101704e+00,6.384204305971903359e+00,-1.497196259503397187e-05,-1.865541491952171782e-04,9.809798473888211134e+00
6.384209898320654553e+00,6.384204305971903359e+00,-1.677704625357989698e-05,-1.805083658545925118e-04,9.809802714587892325e+00
6.384210480286665934e+00,6.384204305971903359e+00,-1.852294428772438550e-05,-1.745898034144488520e-04,9.809806887252298324e+00
6.384211042941402958e+00,6.384204305971903359e+00,-2.021090849879669804e-05,-1.687964211072312537e-04,9.809810992670394469e+00
6.384211586695406559e+00,6.384204305971903359e+00,-2.184217050960057804e-05,-1.631262010803880003e-04,9.809815031628410509e+00
6.384212111952573210e+00,6.384204305971903359e+00,-2.341794200955149563e-05,-1.575771499950917587e-04,9.809819004907996742e+00
6.384212619110230413e+00,6.384204305971903359e+00,-2.493941498116214461e-05,-1.521472971610648983e-04,9.809822913287858270e+00
6.384213108559216643e+00,6.384204305971903359e+00,-2.640776193985061582e-05,-1.468346958688471204e-04,9.809826757542191800e+00
6.384213580683956835e+00,6.384204305971903359e+00,-2.782413616042589410e-05,-1.416374220575278287e-04,9.809830538441783432e+00
6.384214035862541436e+00,6.384204305971903359e+00,-2.918967191423149643e-05,-1.365535753805602326e-04,9.809834256752704817e+00
6.384214474466801015e+00,6.384204305971903359e+00,-3.050548469296643361e-05,-1.315812778734937183e-04,9.809837913237434037e+00
6.384214896862384414e+00,6.384204305971903359e+00,-3.177267144316431313e-05,-1.267186750197879519e-04,9.809841508653537545e+00
6.384215303408833364e+00,6.384204305971903359e+00,-3.299231079001430089e-05,-1.219639346849987760e-04,9.809845043754524596e+00
6.384215694459657975e+00,6.384204305971903359e+00,-3.416546326384661825e-05,-1.173152473832317355e-04,9.809848519289353419e+00
6.384216070362411344e+00,6.384204305971903359e+00,-3.529317152395350377e-05,-1.127708260106885518e-04,9.809851936002466744e+00
6.384216431458765051e+00,6.384204305971903359e+00,-3.637646058507471025e-05,-1.083289061121206487e-04,9.809855294633303302e+00
6.384216778084581989e+00,6.384204305971903359e+00,-3.741633803588939600e-05,-1.039877450814685744e-04,9.809858595916882251e+00
6.384217110569990083e+00,6.384204305971903359e+00,-3.841379426017255128e-05,-9.974562242831552794e-05,9.809861840583312897e+00
6.384217429239456898e+00,6.384204305971903359e+00,-3.936980266061596012e-05,-9.560084004434088456e-05,9.809865029357295541e+00
6.384217734411859801e+00,6.384204305971903359e+00,-4.028531986932648579e-05,-9.155172087105256651e-05,9.809868162959260118e+00
6.384218026400557910e+00,6.384204305971903359e+00,-4.116128596365342673e-05,-8.759660943269409472e-05,9.809871242104604150e+00
6.384218305513466696e+00,6.384204305971903359e+00,-4.199862469000947840e-05,-8.373387263560516658e-05,9.809874267502674883e+00
6.384218572053125484e+00,6.384204305971903359e+00,-4.279824366637541289e-05,-7.996189763659344862e-05,9.809877239858696640e+00
6.384218826316770290e+00,6.384204305971903359e+00,-4.356103460079197021e-05,-7.627909344165573202e-05,9.809880159871958938e+00
6.384219068596402202e+00,6.384204305971903359e+00,-4.428787349652907324e-05,-7.268388957371030301e-05,9.809883028236930258e+00
6.384219299178858442e+00,6.384204305971903359e+00,-4.497962086524864844e-05,-6.917473687195752063e-05,9.809885845642263291e+00
6.384219518345878974e+00,6.384204305971903359e+00,-4.563712192684477031e-05,-6.575010615961218718e-05,9.809888612771914040e+00
6.384219726374176673e+00,6.384204305971903359e+00,-4.626120681994194683e-05,-6.240848930971765185e-05,9.809891330303869950e+00
6.384219923535504826e+00,6.384204305971903359e+00,-4.685269080439979916e-05,-5.914839844578523298e-05,9.809893998910750312e+00
6.384220110096723744e+00,6.384204305971903359e+00,-4.741237446115320608e-05,-5.596836567534069218e-05,9.809896619259863115e+00
6.384220286319868265e+00,6.384204305971903359e+00,-4.794104389471698369e-05,-5.286694335637776021e-05,9.809899192012750291e+00
6.384220452462214368e+00,6.384204305971903359e+00,-4.843947093302602980e-05,-4.984270383090461110e-05,9.809901717825237455e+00
6.384220608776343120e+00,6.384204305971903359e+00,-4.890841331928186264e-05,-4.689423862558328437e-05,9.809904197348055632e+00
6.384220755510206402e+00,6.384204305971903359e+00,-4.934861490912823001e-05,-4.402015898463673693e-05,9.809906631226105844e+00
6.384220892907192635e+00,6.384204305971903359e+00,-4.976080586782671844e-05,-4.121909586984884299e-05,9.809909020098263710e+00
6.384221021206188951e+00,6.384204305971903359e+00,-5.014570285677422135e-05,-3.848969889475029049e-05,9.809911364598249861e+00
6.384221140641644254e+00,6.384204305971903359e+00,-5.050400922268494242e-05,-3.583063659107210697e-05,9.809913665354187629e+00
6.384221251443635836e+00,6.384204305971903359e+00,-5.083641519743054005e-05,-3.324059747455976321e-05,9.809915922987329395e+00
6.384221353837925328e+00,6.384204305971903359e+00,-5.114359806590584867e-05,-3.071828684753086236e-05,9.809918138115087061e+00
6.384221448046027092e+00,6.384204305971903359e+00,-5.142622237119809370e-05,-2.826243052922450261e-05,9.809920311347099187e+00
6.384221534285263289e+00,6.384204305971903359e+00,-5.168494007978807758e-05,-2.587177085899838858e-05,9.809922443289060823e+00
6.384221612768828713e+00,6.384204305971903359e+00,-5.192039077606125375e-05,-2.354506962731761632e-05,9.809924534539597119e+00
6.384221683705847639e+00,6.384204305971903359e+00,-5.213320183283798315e-05,-2.128110567767294015e-05,9.809926585692490875e+00
6.384221747301435990e+00,6.384204305971903359e+00,-5.232398859789100243e-05,-1.907867650530192805e-05,9.809928597334897304e+00
6.384221803756757296e+00,6.384204305971903359e+00,-5.249335456181114523e-05,-1.693659639201428035e-05,9.809930570049047560e+00
6.384221853269083979e+00,6.384204305971903359e+00,-5.264189154186027508e-05,-1.485369800491298520e-05,9.809932504410454612e+00
6.384221896031851529e+00,6.384204305971903359e+00,-5.277017984450793620e-05,-1.282883026476611121e-05,9.809934400989892112e+00
6.384221932234718011e+00,6.384204305971903359e+00,-5.287878844395521583e-05,-1.086085994472796301e-05,9.809936260351612702e+00
6.384221962063620026e+00,6.384204305971903359e+00,-5.296827515000046560e-05,-8.948670604524977534e-06,9.809938083054245084e+00
6.384221985700826885e+00,6.384204305971903359e+00,-5.303918677057595232e-05,-7.091162057548672237e-06,9.809939869651172373e+00
6.384222003324999228e+00,6.384204305971903359e+00,-5.309205928760718507e-05,-5.287251703123274638e-06,9.809941620689009767e+00
6.384222015111240545e+00,6.384204305971903359e+00,-5.312741801155596022e-05,-3.535872394877515035e-06,9.809943336709594064e+00
6.384222021231153121e+00,6.384204305971903359e+00,-5.314577774928608278e-05,-1.835973773012256061e-06,9.809945018248477311e+00
6.384222021852890450e+00,6.384204305971903359e+00,-5.314764296127094667e-05,-1.865211984863890393e-07,9.809946665835841628e+00
6.384222017141211403e+00,6.384204305971903359e+00,-5.313350792413018553e-05,1.413503714076114193e-06,9.809948279995790443e+00
6.384222007257531750e+00,6.384204305971903359e+00,-5.310385688517271774e-05,2.965103895746779017e-06,9.809949861247011071e+00
6.384221992359976561e+00,6.384204305971903359e+00,-5.305916421960432672e-05,4.469266556839102122e-06,9.809951410102337732e+00
6.384221972603431716e+00,6.384204305971903359e+00,-5.299989458507070594e-05,5.926963453362077416e-06,9.809952927068868789e+00
6.384221948139593650e+00,6.384204305971903359e+00,-5.292650307087143347e-05,7.339151419927247844e-06,9.809954412648348665e+00
6.384221919117020860e+00,6.384204305971903359e+00,-5.283943535250301693e-05,8.706771836841653567e-06,9.809955867336483948e+00
6.384221885681180986e+00,6.384204305971903359e+00,-5.273912783287926231e-05,1.003075196237546152e-05,9.809957291624129994e+00
6.384221847974504094e+00,6.384204305971903359e+00,-5.262600780220338947e-05,1.131200306758728402e-05,9.809958685995265881e+00
6.384221806136426203e+00,6.384204305971903359e+00,-5.250049356853025984e-05,1.255142336731296382e-05,9.809960050929799280e+00
6.384221760303441684e+00,6.384204305971903359e+00,-5.236299461497395669e-05,1.374989535563031495e-05,9.809961386900742042e+00
6.384221710609146783e+00,6.384204305971903359e+00,-5.221391173027001287e-05,1.490828847039438187e-05,9.809962694376739734e+00
6.384221657184290244e+00,6.384204305971903359e+00,-5.205363716065392055e-05,1.602745696160923217e-05,9.809963973819801453e+00
6.384221600156815057e+00,6.384204305971903359e+00,-5.188255473509428839e-05,1.710824255596321564e-05,9.809965225687822254e+00
6.384221539651909083e+00,6.384204305971903359e+00,-5.170104001717135134e-05,1.815147179229370522e-05,9.809966450431776508e+00
6.384221475792045908e+00,6.384204305971903359e+00,-5.150946042764559252e-05,1.915795895257588199e-05,9.809967648498524539e+00
6.384221408697032807e+00,6.384204305971903359e+00,-5.130817538834264724e-05,2.012850393029452789e-05,9.809968820328542449e+00
6.384221338484052488e+00,6.384204305971903359e+00,-5.109753644738646017e-05,2.106389409561870707e-05,9.809969966357648730e+00
6.384221265267708390e+00,6.384204305971903359e+00,-5.087788741509058354e-05,2.196490322958766228e-05,9.809971087015814106e+00
6.384221189160065535e+00,6.384204305971903359e+00,-5.064956448652679910e-05,2.283229285637844441e-05,9.809972182728369461e+00
6.384221110270695831e+00,6.384204305971903359e+00,-5.041289637741641627e-05,2.366681091103828294e-05,9.809973253914535007e+00
6.384221028706717149e+00,6.384204305971903359e+00,-5.016820444136982360e-05,2.446919360465926729e-05,9.809974300989164675e+00
6.384220944572837730e+00,6.384204305971903359e+00,-4.991580280311325168e-05,2.524016382565719141e-05,9.809975324361023041e+00
6.384220857971394381e+00,6.384204305971903359e+00,-4.965599847306378933e-05,2.598043300494623509e-05,9.809976324434533268e+00
6.384220769002394213e+00,6.384204305971903359e+00,-4.938909147256254073e-05,2.669070005012486035e-05,9.809977301608578060e+00
6.384220677763554619e+00,6.384204305971903359e+00,-4.911537495377871210e-05,2.737165187838286329e-05,9.809978256276924213e+00
6.384220584350343231e+00,6.384204305971903359e+00,-4.883513531961369836e-05,2.802396341650137401e-05,9.809979188828098273e+00
6.384220488856014342e+00,6.384204305971903359e+00,-4.854865233294702875e-05,2.864829866666696034e-05,9.809980099646335105e+00
6.384220391371650649e+00,6.384204305971903359e+00,-4.825619924186952403e-05,2.924530910775047232e-05,9.809980989109867267e+00
6.384220291986197893e+00,6.384204305971903359e+00,-4.795804288360017154e-05,2.981563582693524950e-05,9.809981857592944721e+00
6.384220190786503935e+00,6.384204305971903359e+00,-4.765444380172567662e-05,3.035990818744949138e-05,9.809982705464385333e+00
6.384220087857356951e+00,6.384204305971903359e+00,-4.734565636077547879e-05,3.087874409501978334e-05,9.809983533087734742e+00
6.384219983281518296e+00,6.384204305971903359e+00,-4.703192884480955627e-05,3.137275159659225210e-05,9.809984340822751392e+00
6.384219877139761579e+00,6.384204305971903359e+00,-4.671350357465797742e-05,3.184252701515788431e-05,9.809985129023441885e+00
6.384219769510907305e+00,6.384204305971903359e+00,-4.639061701183777586e-05,3.228865628202015614e-05,9.809985898039270680e+00
6.384219660471857516e+00,6.384204305971903359e+00,-4.606349986246982553e-05,3.271171493679503328e-05,9.809986648215074823e+00
6.384219550097628648e+00,6.384204305971903359e+00,-4.573237717586664530e-05,3.311226866031802274e-05,9.809987379891484949e+00
6.384219438461388840e+00,6.384204305971903359e+00,-4.539746845644287987e-05,3.349087194237654330e-05,9.809988093403486431e+00
6.384219325634489905e+00,6.384204305971903359e+00,-4.505898775963856906e-05,3.384806968043108100e-05,9.809988789081920402e+00
6.384219211686499307e+00,6.384204305971903359e+00,-4.471714378784241717e-05,3.418439717961518909e-05,9.809989467253391382e+00
6.384219096685233907e+00,6.384204305971903359e+00,-4.437213999164413281e-05,3.450037961982843626e-05,9.809990128239629570e+00
6.384218980696791945e+00,6.384204305971903359e+00,-4.402417466575769822e-05,3.479653258864345844e-05,9.809990772357924271e+00
6.384218863785585896e+00,6.384204305971903359e+00,-4.367344104760917389e-05,3.507336181485243287e-05,9.809991399920768629e+00
6.384218746014372670e+00,6.384204305971903359e+00,-4.332012740793089733e-05,3.533136396782765587e-05,9.809992011236559506e+00
6.384218627444282923e+00,6.384204305971903359e+00,-4.296441713869114665e-05,3.557102692397506871e-05,9.809992606609785781e+00
6.384218508134853920e+00,6.384204305971903359e+00,-4.260648885168194511e-05,3.579282870092015401e-05,9.809993186339848847e+00
6.384218388144058842e+00,6.384204305971903359e+00,-4.224651646644872471e-05,3.599723852332203933e-05,9.809993750722057371e+00
6.384218267528336099e+00,6.384204305971903359e+00,-4.188466929821998974e-05,3.618471682287349722e-05,9.809994300047524263e+00
6.384218146342617750e+00,6.384204305971903359e+00,-4.152111214317244503e-05,3.635571550475447111e-05,9.809994834603362079e+00
6.384218024640359701e+00,6.384204305971903359e+00,-4.115600536902519480e-05,3.651067741472502348e-05,9.809995354672047085e+00
6.384217902473569239e+00,6.384204305971903359e+00,-4.078950499764033566e-05,3.665003713848591360e-05,9.809995860532140455e+00
6.384217779892831679e+00,6.384204305971903359e+00,-4.042176278495901443e-05,3.677422126813212344e-05,9.809996352458483670e+00
6.384217656947340558e+00,6.384204305971903359e+00,-4.005292631159562688e-05,3.688364733633875403e-05,9.809996830721026129e+00
6.384217533684921619e+00,6.384204305971903359e+00,-3.968313905478026982e-05,3.697872568153570683e-05,9.809997295586626365e+00
6.384217410152061234e+00,6.384204305971903359e+00,-3.931254047362386927e-05,3.705985811564005417e-05,9.809997747317641625e+00
6.384217286393932156e+00,6.384204305971903359e+00,-3.894126608638970310e-05,3.712743872341661699e-05,9.809998186172638412e+00
6.384217162454420169e+00,6.384204305971903359e+00,-3.856944755042945872e-05,3.718185359602443896e-05,9.809998612406046092e+00
6.384217038376148956e+00,6.384204305971903359e+00,-3.819721273679022033e-05,3.722348136392383822e-05,9.809999026268627631e+00
6.384216914200504966e+00,6.384204305971903359e+00,-3.782468580482145626e-05,3.725269319687640746e-05,9.809999428007392552e+00
6.384216789967661398e+00,6.384204305971903359e+00,-3.745198727411747086e-05,3.726985307039853978e-05,9.809999817865797667e+00
6.384216665716604844e+00,6.384204305971903359e+00,-3.707923410445346235e-05,3.727531696640085102e-05,9.810000196082862445e+00
6.384216541485156604e+00,6.384204305971903359e+00,-3.670653975973436900e-05,3.726943447190933512e-05,9.810000562894712672e+00
6.384216417309997560e+00,6.384204305971903359e+00,-3.633401428260185639e-05,3.725254771325126057e-05,9.810000918533431147e+00
6.384216293226692152e+00,6.384204305971903359e+00,-3.596176436637676943e-05,3.722499162250869631e-05,9.810001263227256629e+00
6.384216169269708807e+00,6.384204305971903359e+00,-3.558989341634344328e-05,3.718709500333261531e-05,9.810001597201587487e+00
6.384216045472445700e+00,6.384204305971903359e+00,-3.521850162702122589e-05,3.713917893222173916e-05,9.810001920677304810e+00
6.384215921867250287e+00,6.384204305971903359e+00,-3.484768604078425369e-05,3.708155862369721945e-05,9.810002233872584299e+00
6.384215798485442406e+00,6.384204305971903359e+00,-3.447754061713936835e-05,3.701454236448853408e-05,9.810002537001746958e+00
6.384215675357334696e+00,6.384204305971903359e+00,-3.410815629401042770e-05,3.693843231289406503e-05,9.810002830276019381e+00
6.384215552512254810e+00,6.384204305971903359e+00,-3.373962105435168723e-05,3.685352396587404655e-05,9.810003113902912020e+00
6.384215429978564948e+00,6.384204305971903359e+00,-3.337201998476757581e-05,3.676010695841114284e-05,9.810003388086974141e+00
6.384215307783684068e+00,6.384204305971903359e+00,-3.300543534212607710e-05,3.665846426414987036e-05,9.810003653028921633e+00
6.384215185954105642e+00,6.384204305971903359e+00,-3.263994660684943483e-05,3.654887352766422737e-05,9.810003908926921312e+00
6.384215064515419868e+00,6.384204305971903359e+00,-3.227563054952753419e-05,3.643160573219006437e-05,9.810004155975182272e+00
6.384214943492331429e+00,6.384204305971903359e+00,-3.191256128420860705e-05,3.630692653189271368e-05,9.810004394365247293e+00
6.384214822908679920e+00,6.384204305971903359e+00,-3.155081032968354293e-05,3.617509545250641168e-05,9.810004624285124208e+00
6.384214702787456730e+00,6.384204305971903359e+00,-3.119044666011205891e-05,3.603636695714840243e-05,9.810004845920296646e+00
6.384214583150825462e+00,6.384204305971903359e+00,-3.083153676630701057e-05,3.589098938050483412e-05,9.810005059452613807e+00
6.384214464020139701e+00,6.384204305971903359e+00,-3.047414470902509720e-05,3.573920572819133668e-05,9.810005265061018775e+00
6.384214345415959890e+00,6.384204305971903359e+00,-3.011833216959303172e-05,3.558125394320654777e-05,9.810005462921774111e+00
6.384214227358072868e+00,6.384204305971903359e+00,-2.976415850852731637e-05,3.541736610657153506e-05,9.810005653207598542e+00
6.384214109865506082e+00,6.384204305971903359e+00,-2.941168080816680686e-05,3.524777003605095160e-05,9.810005836089228382e+00
6.384213992956548012e+00,6.384204305971903359e+00,-2.906095393395702331e-05,3.507268742097835457e-05,9.810006011733488407e+00
6.384213876648763275e+00,6.384204305971903359e+00,-2.871203057974724970e-05,3.489233542097736063e-05,9.810006180304842616e+00
6.384213760959009498e+00,6.384204305971903359e+00,-2.836496131841670376e-05,3.470692613305459417e-05,9.810006341964815135e+00
6.384213645903452417e+00,6.384204305971903359e+00,-2.801979464717163637e-05,3.451666712450673913e-05,9.810006496872478721e+00
6.384213531497581862e+00,6.384204305971903359e+00,-2.767657703550696624e-05,3.432176116646701303e-05,9.810006645184131457e+00
6.384213417756230413e+00,6.384204305971903359e+00,-2.733535298116152035e-05,3.412240543454458930e-05,9.810006787052454769e+00
6.384213304693584057e+00,6.384204305971903359e+00,-2.699616504209245704e-05,3.391879390690633045e-05,9.810006922628865311e+00
6.384213192323199948e+00,6.384204305971903359e+00,-2.665905388976597123e-05,3.371111523264858079e-05,9.810007052061344268e+00
6.384213080658022399e+00,6.384204305971903359e+00,-2.632405835711892905e-05,3.349955326470421824e-05,9.810007175494908083e+00
6.384212969710394425e+00,6.384204305971903359e+00,-2.599121547319782621e-05,3.328428839211028389e-05,9.810007293072919410e+00
6.384212859492073733e+00,6.384204305971903359e+00,-2.566056051112042269e-05,3.306549620774035247e-05,9.810007404935696229e+00
6.384212750014246929e+00,6.384204305971903359e+00,-2.533212703070830685e-05,3.284334804121158413e-05,9.810007511221011001e+00
6.384212641287541956e+00,6.384204305971903359e+00,-2.500594691579038908e-05,3.261801149179177628e-05,9.810007612064577387e+00
6.384212533322043193e+00,6.384204305971903359e+00,-2.468205041950000123e-05,3.238964962903878586e-05,9.810007707599210036e+00
6.384212426127304774e+00,6.384204305971903359e+00,-2.436046620424292541e-05,3.215842152570758117e-05,9.810007797955321962e+00
6.384212319712361250e+00,6.384204305971903359e+00,-2.404122137367181722e-05,3.192448305711081957e-05,9.810007883261683048e+00
6.384212214085744463e+00,6.384204305971903359e+00,-2.372434152331237556e-05,3.168798503594416616e-05,9.810007963643514017e+00
6.384212109255491541e+00,6.384204305971903359e+00,-2.340985076454416003e-05,3.144907587682155281e-05,9.810008039225113663e+00
6.384212005229161768e+00,6.384204305971903359e+00,-2.309777177522676084e-05,3.120789893173991913e-05,9.810008110127157011e+00
6.384211902013844586e+00,6.384204305971903359e+00,-2.278812582368061612e-05,3.096459515461447154e-05,9.810008176469331431e+00
6.384211799616173799e+00,6.384204305971903359e+00,-2.248093281131957610e-05,3.071930123610400187e-05,9.810008238368425282e+00
6.384211698042340011e+00,6.384204305971903359e+00,-2.217621130995439671e-05,3.047215013651793925e-05,9.810008295938827061e+00
6.384211597298100394e+00,6.384204305971903359e+00,-2.187397859110262743e-05,3.022327188517692775e-05,9.810008349293294572e+00
6.384211497388790235e+00,6.384204305971903359e+00,-2.157425066062756969e-05,2.997279304750577467e-05,9.810008398542386487e+00
6.384211398319333597e+00,6.384204305971903359e+00,-2.127704229071269992e-05,2.972083699148697633e-05,9.810008443794700383e+00
6.384211300094256636e+00,6.384204305971903359e+00,-2.098236705982969852e-05,2.946752308830014044e-05,9.810008485156028968e+00
6.384211202717695599e+00,6.384204305971903359e+00,-2.069023737671926710e-05,2.921296831104314151e-05,9.810008522730935709e+00
6.384211106193407481e+00,6.384204305971903359e+00,-2.040066451236555167e-05,2.895728643537154312e-05,9.810008556621923503e+00
6.384211010524781571e+00,6.384204305971903359e+00,-2.011365863463510095e-05,2.870058777304507203e-05,9.810008586929139796e+00
6.384210915714848333e+00,6.384204305971903359e+00,-1.982922883492221899e-05,2.844297997128819588e-05,9.810008613751136863e+00
6.384210821766290955e+00,6.384204305971903359e+00,-1.954738316278792354e-05,2.818456721342954552e-05,9.810008637184051139e+00
6.384210728681451563e+00,6.384204305971903359e+00,-1.926812864461169283e-05,2.792545181762307038e-05,9.810008657323173509e+00
6.384210636462344546e+00,6.384204305971903359e+00,-1.899147132355949452e-05,2.766573210521983128e-05,9.810008674260782158e+00
6.384210545110663659e+00,6.384204305971903359e+00,-1.871741628090006770e-05,2.740550426594268174e-05,9.810008688087986428e+00
6.384210454627791798e+00,6.384204305971903359e+00,-1.844596766531481080e-05,2.714486155852569027e-05,9.810008698893893708e+00
6.384210365014808986e+00,6.384204305971903359e+00,-1.817712871687859888e-05,2.688389484362119219e-05,9.810008706766126352e+00
6.384210276272503037e+00,6.384204305971903359e+00,-1.791090179903420676e-05,2.662269178443921192e-05,9.810008711789986791e+00
6.384210188401375774e+00,6.384204305971903359e+00,-1.764728841724405584e-05,2.636133817901509246e-05,9.810008714049761380e+00
6.384210101401653681e+00,6.384204305971903359e+00,-1.738628925096463718e-05,2.609991662794186595e-05,9.810008713627377475e+00
6.384210015273294125e+00,6.384204305971903359e+00,-1.712790417229825835e-05,2.583850786663788313e-05,9.810008710603694837e+00
6.384209930015995127e+00,6.384204305971903359e+00,-1.687213227530293125e-05,2.557718969953270971e-05,9.810008705057423839e+00
6.384209845629201574e+00,6.384204305971903359e+00,-1.661897189464411895e-05,2.531603806588123007e-05,9.810008697066171734e+00
6.384209762112114994e+00,6.384204305971903359e+00,-1.636842063490462351e-05,2.505512597394954355e-05,9.810008686705339542e+00
6.384209679463698883e+00,6.384204305971903359e+00,-1.612047538657179757e-05,2.479452483328259405e-05,9.810008674049447208e+00
6.384209597682687587e+00,6.384204305971903359e+00,-1.587513235268289691e-05,2.453430338889006634e-05,9.810008659171035816e+00
6.384209516767593406e+00,6.384204305971903359e+00,-1.563238707014136253e-05,2.427452825415343796e-05,9.810008642141184509e+00
6.384209436716713704e+00,6.384204305971903359e+00,-1.539223443103310274e-05,2.401526391082597911e-05,9.810008623029480290e+00
6.384209357528136231e+00,6.384204305971903359e+00,-1.515466869861370469e-05,2.375657324193980457e-05,9.810008601904543823e+00
6.384209279199749787e+00,6.384204305971903359e+00,-1.491968353928285751e-05,2.349851593308471820e-05,9.810008578832395187e+00
6.384209201729245997e+00,6.384204305971903359e+00,-1.468727202791342279e-05,2.324115113694347201e-05,9.810008553879109527e+00
6.384209125114130856e+00,6.384204305971903359e+00,-1.445742668249039298e-05,2.298453454230298121e-05,9.810008527107861198e+00
6.384209049351726506e+00,6.384204305971903359e+00,-1.423013946943996189e-05,2.272872130504310917e-05,9.810008498581836989e+00
6.384208974439180118e+00,6.384204305971903359e+00,-1.400540183027487728e-05,2.247376391650846017e-05,9.810008468362086731e+00
6.384208900373470108e+00,6.384204305971903359e+00,-1.378320470024618771e-05,2.221971300286895712e-05,9.810008436508303120e+00
6.384208827151410581e+00,6.384204305971903359e+00,-1.356353852166591878e-05,2.196661785802689337e-05,9.810008403079336858e+00
6.384208754769659322e+00,6.384204305971903359e+00,-1.334639326788789049e-05,2.171452537780282910e-05,9.810008368132109524e+00
6.384208683224721348e+00,6.384204305971903359e+00,-1.313175845396585828e-05,2.146348139220322082e-05,9.810008331722938735e+00
6.384208612512955128e+00,6.384204305971903359e+00,-1.291962315530525984e-05,2.121352986605984370e-05,9.810008293906712140e+00
6.384208542630579686e+00,6.384204305971903359e+00,-1.270997602897949719e-05,2.096471263257626561e-05,9.810008254736604982e+00
6.384208473573678155e+00,6.384204305971903359e+00,-1.250280532438807768e-05,2.071707045914195078e-05,9.810008214265135251e+00
6.384208405338203107e+00,6.384204305971903359e+00,-1.229809889924382560e-05,2.047064251442520799e-05,9.810008172543614791e+00
6.384208337919981879e+00,6.384204305971903359e+00,-1.209584423556009369e-05,2.022546636837319056e-05,9.810008129622133310e+00
6.384208271314722793e+00,6.384204305971903359e+00,-1.189602845830250999e-05,1.998157772575837043e-05,9.810008085549267065e+00
6.384208205518018708e+00,6.384204305971903359e+00,-1.169863834604711883e-05,1.973901122553911591e-05,9.810008040372879989e+00
6.384208140525352349e+00,6.384204305971903359e+00,-1.150366034696759243e-05,1.949779990795263984e-05,9.810007994139560594e+00
6.384208076332099857e+00,6.384204305971903359e+00,-1.131108058949337192e-05,1.925797574742205143e-05,9.810007946895158426e+00
6.384208012933537013e+00,6.384204305971903359e+00,-1.112088490096141413e-05,1.901956885319577850e-05,9.810007898683952732e+00
6.384207950324842784e+00,6.384204305971903359e+00,-1.093305881827433268e-05,1.878260826870814526e-05,9.810007849549450043e+00
6.384207888501102879e+00,6.384204305971903359e+00,-1.074758759855853896e-05,1.854712197157937226e-05,9.810007799534373518e+00
6.384207827457316853e+00,6.384204305971903359e+00,-1.056445624048052423e-05,1.831313580780147277e-05,9.810007748679566930e+00
6.384207767188398996e+00,6.384204305971903359e+00,-1.038364948691139489e-05,1.808067535691293415e-05,9.810007697025870499e+00
6.384207707689183664e+00,6.384204305971903359e+00,-1.020515184091408400e-05,1.784976459973108831e-05,9.810007644612760203e+00
6.384207648954429715e+00,6.384204305971903359e+00,-1.002894757906602763e-05,1.762042618480563760e-05,9.810007591478605349e+00
6.384207590978823177e+00,6.384204305971903359e+00,-9.855020759452770562e-06,1.739268196132570665e-05,9.810007537661203258e+00
6.384207533756982578e+00,6.384204305971903359e+00,-9.683355237655177916e-06,1.716655217975926462e-05,9.810007483196942601e+00
6.384207477283461607e+00,6.384204305971903359e+00,-9.513934674743040887e-06,1.694205629121370293e-05,9.810007428121616968e+00
6.384207421552752670e+00,6.384204305971903359e+00,-9.346742547933217793e-06,1.671921268098230939e-05,9.810007372470133546e+00
6.384207366559291330e+00,6.384204305971903359e+00,-9.181762163912310371e-06,1.649803840209074224e-05,9.810007316276237788e+00
6.384207312297457193e+00,6.384204305971903359e+00,-9.018976661501199033e-06,1.627855024111113380e-05,9.810007259573580995e+00
6.384207258761581016e+00,6.384204305971903359e+00,-8.858369032971324941e-06,1.606076285298740913e-05,9.810007202393819625e+00
6.384207205945943819e+00,6.384204305971903359e+00,-8.699922121380154749e-06,1.584469115911701920e-05,9.810007144769038234e+00
6.384207153844783988e+00,6.384204305971903359e+00,-8.543618641887462672e-06,1.563034794926920767e-05,9.810007086729306991e+00
6.384207102452296390e+00,6.384204305971903359e+00,-8.389441179090795231e-06,1.541774627966674416e-05,9.810007028305101073e+00
6.384207051762639473e+00,6.384204305971903359e+00,-8.237372208341753321e-06,1.520689707490419096e-05,9.810006969524867060e+00
6.384207001769935275e+00,6.384204305971903359e+00,-8.087394095745992217e-06,1.499781125957611039e-05,9.810006910417165216e+00
6.384206952468272966e+00,6.384204305971903359e+00,-7.939489108821362606e-06,1.479049869246296112e-05,9.810006851009584139e+00
6.384206903851711523e+00,6.384204305971903359e+00,-7.793639424491516365e-06,1.458496843298462409e-05,9.810006791329008990e+00
6.384206855914282386e+00,6.384204305971903359e+00,-7.649827137079512340e-06,1.438122874120040251e-05,9.810006731401603730e+00
6.384206808649993903e+00,6.384204305971903359e+00,-7.508034271630492640e-06,1.417928654490197005e-05,9.810006671252274657e+00
6.384206762052830442e+00,6.384204305971903359e+00,-7.368242781247147377e-06,1.397914903833452627e-05,9.810006610906256697e+00
6.384206716116757718e+00,6.384204305971903359e+00,-7.230434563076926224e-06,1.378082181702211528e-05,9.810006550387253554e+00
6.384206670835723685e+00,6.384204305971903359e+00,-7.094591460976573671e-06,1.358431021003525530e-05,9.810006489718748668e+00
6.384206626203661195e+00,6.384204305971903359e+00,-6.960695273505734804e-06,1.338961874708388677e-05,9.810006428923474076e+00
6.384206582214491554e+00,6.384204305971903359e+00,-6.828727764585096338e-06,1.319675089206384655e-05,9.810006368023127976e+00
6.384206538862124525e+00,6.384204305971903359e+00,-6.698670663496386624e-06,1.300571010887097145e-05,9.810006307039445872e+00
6.384206496140460985e+00,6.384204305971903359e+00,-6.570505672875981418e-06,1.281649906204052058e-05,9.810006245993388774e+00
6.384206454043396484e+00,6.384204305971903359e+00,-6.444214479373044924e-06,1.262911935029364940e-05,9.810006184904871418e+00
6.384206412564823019e+00,6.384204305971903359e+00,-6.319778758978600308e-06,1.244357203944446155e-05,9.810006123793280963e+00
6.384206371698629034e+00,6.384204305971903359e+00,-6.197180177025529701e-06,1.225985819530706067e-05,9.810006062678018779e+00
6.384206331438702087e+00,6.384204305971903359e+00,-6.076400396182179975e-06,1.207797808433497266e-05,9.810006001577688650e+00
6.384206291778933284e+00,6.384204305971903359e+00,-5.957421089775039036e-06,1.189793064071409390e-05,9.810005940509551436e+00
6.384206252713215513e+00,6.384204305971903359e+00,-5.840223936459665310e-06,1.171971533153737255e-05,9.810005879491395575e+00
6.384206214235446986e+00,6.384204305971903359e+00,-5.724790630878828779e-06,1.154333055808365316e-05,9.810005818539927702e+00
6.384206176339532135e+00,6.384204305971903359e+00,-5.611102886327046235e-06,1.136877445517825436e-05,9.810005757671568460e+00
6.384206139019384274e+00,6.384204305971903359e+00,-5.499142442744187065e-06,1.119604435828591704e-05,9.810005696901916039e+00
6.384206102268926486e+00,6.384204305971903359e+00,-5.388891069380008503e-06,1.102513733641785620e-05,9.810005636246266647e+00
6.384206066082093400e+00,6.384204305971903359e+00,-5.280330570123226153e-06,1.085604992567823501e-05,9.810005575719355164e+00
6.384206030452832970e+00,6.384204305971903359e+00,-5.173442788830584504e-06,1.068877812926416482e-05,9.810005515335340931e+00
6.384205995375105580e+00,6.384204305971903359e+00,-5.068209606662321676e-06,1.052331821682628288e-05,9.810005455108610661e+00
6.384205960842889382e+00,6.384204305971903359e+00,-4.964612958069380966e-06,1.035966485929407099e-05,9.810005395051902610e+00
6.384205926850178514e+00,6.384204305971903359e+00,-4.862634825464340338e-06,1.019781326050406278e-05,9.810005335178434649e+00
6.384205893390984876e+00,6.384204305971903359e+00,-4.762257244550482937e-06,1.003775809138574004e-05,9.810005275500847333e+00
6.384205860459341686e+00,6.384204305971903359e+00,-4.663462314979938128e-06,9.879492957054480939e-06,9.810005216030642572e+00
6.384205828049301701e+00,6.384204305971903359e+00,-4.566232195024610974e-06,9.723011995532715446e-06,9.810005156779801894e+00
6.384205796154939883e+00,6.384204305971903359e+00,-4.470549109569788016e-06,9.568308545482295813e-06,9.810005097759436410e+00
6.384205764770353397e+00,6.384204305971903359e+00,-4.376395350114137273e-06,9.415375945565074289e-06,9.810005038980595060e+00
6.384205733889665169e+00,6.384204305971903359e+00,-4.283753285427849278e-06,9.264206468628799485e-06,9.810004980453182810e+00
6.384205703507022100e+00,6.384204305971903359e+00,-4.192605356223566559e-06,9.114792920428271827e-06,9.810004922187564702e+00
6.384205673616597743e+00,6.384204305971903359e+00,-4.102934083149989419e-06,8.967127307357714017e-06,9.810004864193224705e+00
6.384205644212593178e+00,6.384204305971903359e+00,-4.014722069456411191e-06,8.821201369357822841e-06,9.810004806479300399e+00
6.384205615289236135e+00,6.384204305971903359e+00,-3.927951998328182981e-06,8.677007112822821000e-06,9.810004749055114104e+00
6.384205586840784541e+00,6.384204305971903359e+00,-3.842606643544854705e-06,8.534535478332827552e-06,9.810004691928835285e+00
6.384205558861525631e+00,6.384204305971903359e+00,-3.758668866815639831e-06,8.393777672921487465e-06,9.810004635108807491e+00
6.384205531345777729e+00,6.384204305971903359e+00,-3.676121623108485892e-06,8.254724370715393889e-06,9.810004578602747216e+00
6.384205504287890243e+00,6.384204305971903359e+00,-3.594947960650074492e-06,8.117366245841139971e-06,9.810004522418285688e+00
6.384205477682244556e+00,6.384204305971903359e+00,-3.515131023590356563e-06,7.981693705971792951e-06,9.810004466562682879e+00
6.384205451523254915e+00,6.384204305971903359e+00,-3.436654054667087621e-06,7.847696892326894158e-06,9.810004411042838157e+00
6.384205425805370204e+00,6.384204305971903359e+00,-3.359500400534898290e-06,7.715365413218933099e-06,9.810004355865013181e+00
6.384205400523071283e+00,6.384204305971903359e+00,-3.283653503771688520e-06,7.584689676320977014e-06,9.810004301036173047e+00
6.384205375670876315e+00,6.384204305971903359e+00,-3.209096918865839143e-06,7.455658490584937681e-06,9.810004246561572216e+00
6.384205351243337212e+00,6.384204305971903359e+00,-3.135814301558070838e-06,7.328261730776830518e-06,9.810004192447429716e+00
6.384205327235043193e+00,6.384204305971903359e+00,-3.063789419499585165e-06,7.202488205848567304e-06,9.810004138698786846e+00
6.384205303640619000e+00,6.384204305971903359e+00,-2.993006146922994049e-06,7.078327257659111638e-06,9.810004085321111233e+00
6.384205280454726683e+00,6.384204305971903359e+00,-2.923448469971390296e-06,6.955767695160375297e-06,9.810004032319225686e+00
6.384205257672066480e+00,6.384204305971903359e+00,-2.855100489362882854e-06,6.834798060850744150e-06,9.810003979697572873e+00
6.384205235287375935e+00,6.384204305971903359e+00,-2.787946417726061554e-06,6.715407163682129976e-06,9.810003927460746453e+00
6.384205213295431669e+00,6.384204305971903359e+00,-2.721970584929067627e-06,6.597583279699392733e-06,9.810003875612695268e+00
6.384205191691048498e+00,6.384204305971903359e+00,-2.657157435415058444e-06,6.481314951400918289e-06,9.810003824157515595e+00
6.384205170469081203e+00,6.384204305971903359e+00,-2.593491533531278037e-06,6.366590188378040693e-06,9.810003773098655344e+00
6.384205149624423647e+00,6.384204305971903359e+00,-2.530957560864521838e-06,6.253397266675619903e-06,9.810003722439706308e+00
6.384205129152010549e+00,6.384204305971903359e+00,-2.469540321570207198e-06,6.141723929431464057e-06,9.810003672183608359e+00
6.384205109046815707e+00,6.384204305971903359e+00,-2.409224737043302866e-06,6.031558452690433114e-06,9.810003622333717033e+00
6.384205089303853775e+00,6.384204305971903359e+00,-2.349995851247399514e-06,5.922888579590335212e-06,9.810003572892728840e+00
6.384205069918181152e+00,6.384204305971903359e+00,-2.291838833379244988e-06,5.815701786815452579e-06,9.810003523862953045e+00
6.384205050884895094e+00,6.384204305971903359e+00,-2.234738975204209055e-06,5.709985817503593353e-06,9.810003475246842797e+00
6.384205032199133711e+00,6.384204305971903359e+00,-2.178681691056283398e-06,5.605728414792565673e-06,9.810003427046723345e+00
6.384205013856076860e+00,6.384204305971903359e+00,-2.123652520502616881e-06,5.502917055366651766e-06,9.810003379264536250e+00
6.384204995850947029e+00,6.384204305971903359e+00,-2.069637131008050801e-06,5.401538949456607952e-06,9.810003331901818058e+00
6.384204978179006673e+00,6.384204305971903359e+00,-2.016621309941513118e-06,5.301582106653768278e-06,9.810003284960796321e+00
6.384204960835562659e+00,6.384204305971903359e+00,-1.964590977898694746e-06,5.203033204281837243e-06,9.810003238442227769e+00
6.384204943815962707e+00,6.384204305971903359e+00,-1.913532178043908516e-06,5.105879985478622984e-06,9.810003192347807044e+00
6.384204927115598061e+00,6.384204305971903359e+00,-1.863431084103694957e-06,5.010109394021355911e-06,9.810003146678310415e+00
6.384204910729900817e+00,6.384204305971903359e+00,-1.814273992373216515e-06,4.915709173047844160e-06,9.810003101435182060e+00
6.384204894654347484e+00,6.384204305971903359e+00,-1.766047332374398593e-06,4.822665999881792231e-06,9.810003056618668893e+00
6.384204878884455425e+00,6.384204305971903359e+00,-1.718737656197788510e-06,4.730967617661008262e-06,9.810003012229962849e+00
6.384204863415786413e+00,6.384204305971903359e+00,-1.672331649160696543e-06,4.640600703709196750e-06,9.810002968269055046e+00
6.384204848243944852e+00,6.384204305971903359e+00,-1.626816124478125403e-06,4.551552468257114015e-06,9.810002924736345165e+00
6.384204833364576892e+00,6.384204305971903359e+00,-1.582178020598234980e-06,4.463810387989042283e-06,9.810002881632367888e+00
6.384204818773372203e+00,6.384204305971903359e+00,-1.538404406531412860e-06,4.377361406682211964e-06,9.810002838957000648e+00
6.384204804466063088e+00,6.384204305971903359e+00,-1.495482479185739066e-06,4.292192734567379375e-06,9.810002796710255879e+00
6.384204790438424482e+00,6.384204305971903359e+00,-1.453399563366986058e-06,4.208291581875300835e-06,9.810002754892018118e+00
6.384204776686275729e+00,6.384204305971903359e+00,-1.412143117107689250e-06,4.125644625929680842e-06,9.810002713501509319e+00
6.384204763205477029e+00,6.384204305971903359e+00,-1.371700721009005974e-06,4.044239609868327534e-06,9.810002672538889357e+00
6.384204749991932104e+00,6.384204305971903359e+00,-1.332060086234321261e-06,3.964063477468471319e-06,9.810002632003392620e+00
6.384204737041587308e+00,6.384204305971903359e+00,-1.293209051844712576e-06,3.885103438960868516e-06,9.810002591894388502e+00
6.384204724350431626e+00,6.384204305971903359e+00,-1.255135584798949822e-06,3.807346704576275442e-06,9.810002552211120275e+00
6.384204711914497565e+00,6.384204305971903359e+00,-1.217827782618030596e-06,3.730780218091922507e-06,9.810002512952436859e+00
6.384204699729858490e+00,6.384204305971903359e+00,-1.181273865391574418e-06,3.655391722645617847e-06,9.810002474117858640e+00
6.384204687792631283e+00,6.384204305971903359e+00,-1.145462183771428499e-06,3.581168162014591871e-06,9.810002435705978741e+00
6.384204676098974574e+00,6.384204305971903359e+00,-1.110381213642597231e-06,3.508097012883126808e-06,9.810002397715798850e+00
6.384204664645089622e+00,6.384204305971903359e+00,-1.076019558787777441e-06,3.436165485481978976e-06,9.810002360145926303e+00
6.384204653427219434e+00,6.384204305971903359e+00,-1.042365948222823135e-06,3.365361056495430603e-06,9.810002322995108770e+00
6.384204642441648758e+00,6.384204305971903359e+00,-1.009409236196745496e-06,3.295671202607763917e-06,9.810002286261966020e+00
6.384204631684704090e+00,6.384204305971903359e+00,-9.771384021917128848e-07,3.227083400503261146e-06,9.810002249944998809e+00
6.384204621152753667e+00,6.384204305971903359e+00,-9.455425509230508396e-07,3.159585126866204519e-06,9.810002214042576441e+00
6.384204610842207472e+00,6.384204305971903359e+00,-9.146109123392420770e-07,3.093163858380876263e-06,9.810002178552945651e+00
6.384204600749517233e+00,6.384204305971903359e+00,-8.843328416219264909e-07,3.027807071731558608e-06,9.810002143474230607e+00
6.384204590871173757e+00,6.384204305971903359e+00,-8.546978111922953758e-07,2.963503042963111511e-06,9.810002108805232268e+00
6.384204581203711371e+00,6.384204305971903359e+00,-8.256954240337677220e-07,2.900238715852765381e-06,9.810002074543291428e+00
6.384204571743703482e+00,6.384204305971903359e+00,-7.973154003693139202e-07,2.838002366445380176e-06,9.810002040686967462e+00
6.384204562487763468e+00,6.384204305971903359e+00,-7.695475803259910208e-07,2.776782004332289944e-06,9.810002007234423616e+00
6.384204553432547335e+00,1.088861613601554978e+00,-1.588602881949297796e+01,0.000000000000000000e+00,0.000000000000000000e+00
6.383223544377330860e+00,1.088861613601554978e+00,-1.588308579232732853e+01,2.943027165649425569e-01,0.000000000000000000e+00
6.381261535322114931e+00,1.088861613601554978e+00,-1.587719976516168074e+01,5.886027165647789161e-01,0.000000000000000000e+00
6.378318526266898658e+00,1.088861613601554978e+00,-1.586837073799603104e+01,8.829027165648817288e-01,0.000000000000000000e+00
6.374394517211682931e+00,1.088861613601554978e+00,-1.585659871083038297e+01,1.177202716564718088e+00,0.000000000000000000e+00
6.369489508156466862e+00,1.088861613601554978e+00,-1.584188368366473654e+01,1.471502716564820901e+00,0.000000000000000000e+00
6.363603499101250449e+00,1.088861613601554978e+00,-1.582422565649908641e+01,1.765802716564923713e+00,0.000000000000000000e+00
6.356736490046034582e+00,1.088861613601554978e+00,-1.580362462933343792e+01,2.060102716564760073e+00,0.000000000000000000e+00
6.348888480990818373e+00,1.088861613601554978e+00,-1.578008060216778929e+01,2.354402716564862885e+00,0.000000000000000000e+00
6.340059471935601820e+00,1.088861613601554978e+00,-1.575359357500214053e+01,2.648702716564965698e+00,0.000000000000000000e+00
6.330249462880385813e+00,1.088861613601554978e+00,-1.572416354783649339e+01,2.943002716564802057e+00,0.000000000000000000e+00
6.319458453825169464e+00,1.088861613601554978e+00,-1.569179052067084257e+01,3.237302716564904870e+00,0.000000000000000000e+00
6.307686444769953660e+00,1.088861613601554978e+00,-1.565647449350519693e+01,3.531602716564741229e+00,0.000000000000000000e+00
6.294933435714737513e+00,1.088861613601554978e+00,-1.561821546633954760e+01,3.825902716564844042e+00,0.000000000000000000e+00
6.281199426659521023e+00,1.088861613601554978e+00,-1.557701343917389813e+01,4.120202716564946854e+00,0.000000000000000000e+00
6.266484417604305079e+00,1.088861613601554978e+00,-1.553286841200825030e+01,4.414502716564783213e+00,0.000000000000000000e+00
6.250788408549088793e+00,1.088861613601554978e+00,-1.548578038484260233e+01,4.708802716564886026e+00,0.000000000000000000e+00
6.234111399493873051e+00,1.088861613601554978e+00,-1.543574935767695422e+01,5.003102716564722385e+00,0.000000000000000000e+00
6.216453390438656967e+00,1.088861613601554978e+00,-1.538277533051130597e+01,5.297402716564825198e+00,0.000000000000000000e+00
6.197814381383440541e+00,1.088861613601554978e+00,-1.532685830334565580e+01,5.591702716564928011e+00,7.484441321927270963e-02
6.178201856769546474e+00,1.088861613601554978e+00,-1.526802072950397360e+01,5.883757384168220028e+00,4.257366546642469274e-01
6.157650905821118847e+00,1.088861613601554978e+00,-1.520636787665869250e+01,6.165285284528287946e+00,7.689174078695959480e-01
6.136195846613477833e+00,1.088861613601554978e+00,-1.514200269903576768e+01,6.436517762292304212e+00,1.104515063256537033e+00
6.113870238912162414e+00,1.088861613601554978e+00,-1.507502587593182142e+01,6.697682310394625915e+00,1.432656434462804995e+00
6.090706896854293895e+00,1.088861613601554978e+00,-1.500553584975821764e+01,6.949002617360555689e+00,1.753466767602338550e+00
6.066737901473184813e+00,1.088861613601554978e+00,-1.493362886361488862e+01,7.190698614332724503e+00,2.067069750717836385e+00
6.041994613067148023e+00,1.088861613601554978e+00,-1.485939899839677913e+01,7.422986521811036909e+00,2.373587523414258271e+00
6.016507683413452767e+00,1.088861613601554978e+00,-1.478293820943569337e+01,7.646078896108576828e+00,2.673140686672883959e+00
5.990307067828424259e+00,1.088861613601554978e+00,-1.470433636268060695e+01,7.860184675508552488e+00,2.965848312827946032e+00
5.963422037074678883e+00,1.088861613601554978e+00,-1.462368127041937171e+01,8.065509226123612763e+00,3.251827955704241546e+00
5.935881189116503975e+00,1.088861613601554978e+00,-1.454105872654484699e+01,8.262254387452472315e+00,3.531195660907625822e+00
5.907712460724419579e+00,1.088861613601554978e+00,-1.445655254136859469e+01,8.450618517625319015e+00,3.804065976256724824e+00
5.878943138929961343e+00,1.088861613601554978e+00,-1.437024457598521821e+01,8.630796538337470736e+00,4.070551962352253028e+00
5.849599872331737949e+00,1.088861613601554978e+00,-1.428221477619054980e+01,8.802979979467018268e+00,4.330765203276468966e+00
5.819708682253842191e+00,1.088861613601554978e+00,-1.419254120595686075e+01,8.967357023368727198e+00,4.584815817411866945e+00
5.789294973757687757e+00,1.088861613601554978e+00,-1.410130008046839833e+01,9.124112548846330384e+00,4.832812468377932547e+00
5.758383546508371253e+00,1.088861613601554978e+00,-1.400856579872044883e+01,9.273428174794950962e+00,5.074862376074502635e+00
5.726998605496661732e+00,1.088861613601554978e+00,-1.391441097568532115e+01,9.415482303512856532e+00,5.311071327827535882e+00
5.695163771617735016e+00,1.088861613601554978e+00,-1.381890647404853922e+01,9.550450163678014803e+00,5.541543689629476077e+00
5.662902092107771068e+00,1.088861613601554978e+00,-1.372212143551864827e+01,9.678503852989184253e+00,5.766382417470536481e+00
5.630236050839554807e+00,1.088861613601554978e+00,-1.362412331171399948e+01,9.799812380464878458e+00,5.985689068750879471e+00
5.597187578478213688e+00,1.088861613601554978e+00,-1.352497789462997702e+01,9.914541708402335729e+00,6.199563813772359211e+00
5.563778062498249355e+00,1.088861613601554978e+00,-1.342474934669008313e+01,1.002285479398929979e+01,6.408105447299217161e+00
5.530028357063015321e+00,1.088861613601554978e+00,-1.332350023038438103e+01,1.012491163057021026e+01,6.611411400185829734e+00
5.495958792767799750e+00,1.088861613601554978e+00,-1.322129153749873431e+01,1.022086928856467125e+01,6.809577751065937434e+00
5.461589186247691075e+00,1.088861613601554978e+00,-1.311818271793840829e+01,1.031088195603260260e+01,7.002699238094194811e+00
5.426938849651391727e+00,1.088861613601554978e+00,-1.301423170814950936e+01,1.039510097888980411e+01,7.190869270740295249e+00
5.392026599982165713e+00,1.088861613601554978e+00,-1.290949495914183132e+01,1.047367490076780427e+01,7.374179941625973456e+00
5.356870768307103070e+00,1.088861613601554978e+00,-1.280402746411664339e+01,1.054674950251879295e+01,7.552722038402150062e+00
5.321489208835879836e+00,1.088861613601554978e+00,-1.269788278570297457e+01,1.061446784136697019e+01,7.726585055663996116e+00
5.285899307870223218e+00,1.088861613601554978e+00,-1.259111308280600383e+01,1.067697028969698536e+01,7.895857206890982027e+00
5.250117992625256136e+00,1.088861613601554978e+00,-1.248376913707110347e+01,1.073439457349012471e+01,8.060625436419021739e+00
5.214161739923930838e+00,1.088861613601554978e+00,-1.237590037896712758e+01,1.078687581039758925e+01,8.220975431430462166e+00
5.178046584765748861e+00,1.088861613601554978e+00,-1.226755491349258165e+01,1.083454654745459322e+01,8.376991633962012074e+00
5.141788128770962807e+00,1.088861613601554978e+00,-1.215877954550822437e+01,1.087753679843581622e+01,8.528757252927592347e+00
5.105401548501469655e+00,1.088861613601554978e+00,-1.204961980469974492e+01,1.091597408084794552e+01,8.676354276148201095e+00
5.068901603659591082e+00,1.088861613601554978e+00,-1.194011997017410920e+01,1.094998345256357197e+01,8.819863482389463272e+00
5.032302645165951382e+00,1.088861613601554978e+00,-1.183032309469318832e+01,1.097968754809190983e+01,8.959364453398722006e+00
4.995618623117652035e+00,1.088861613601554978e+00,-1.172027102854829117e+01,1.100520661448980420e+01,9.094935585941513523e+00
4.958863094627946388e+00,1.088861613601554978e+00,-1.161000444307917334e+01,1.102665854691169400e+01,9.226654103832521159e+00
4.922049231548624171e+00,1.088861613601554978e+00,-1.149956285384120847e+01,1.104415892379666531e+01,9.354596069955457338e+00
4.885189828076297758e+00,1.088861613601554978e+00,-1.138898464342422834e+01,1.105782104169792390e+01,9.478836398273696062e+00
4.848297308243798120e+00,1.088861613601554978e+00,-1.127830708392673031e+01,1.106775594974989119e+01,9.599448865823161370e+00
4.811383733297881271e+00,1.088861613601554978e+00,-1.116756635908897977e+01,1.107407248377505482e+01,9.716506124686075552e+00
4.774460808964432701e+00,1.088861613601554978e+00,-1.105679758608863317e+01,1.107687730003457105e+01,9.830079713945938380e+00
4.737539892602378622e+00,1.088861613601554978e+00,-1.094603483700247182e+01,1.107627490861622377e+01,9.940240071613752448e+00
4.700632000247486175e+00,1.088861613601554978e+00,-1.083531115993779359e+01,1.107236770646773394e+01,1.004705654652994085e+01
4.663747813547246324e+00,1.088861613601554978e+00,-1.072465859983707404e+01,1.106525601007195547e+01,1.015059741023488193e+01
4.626897686588030467e+00,1.088861613601554978e+00,-1.061410821895942647e+01,1.105503808776475694e+01,1.025092986880533097e+01
4.590091652615694962e+00,1.088861613601554978e+00,-1.050369011704242084e+01,1.104181019170065170e+01,1.034812007465823136e+01
4.553339430650825470e+00,1.088861613601554978e+00,-1.039343345114781059e+01,1.102566658946084743e+01,1.044223313831303734e+01
4.516650431999787330e+00,1.088861613601554978e+00,-1.028336645519469705e+01,1.100669959531144215e+01,1.053333314011674560e+01
4.480033766662760542e+00,1.088861613601554978e+00,-1.017351645918361669e+01,1.098499960110803642e+01,1.062148314192442022e+01
4.443498249639926456e+00,1.088861613601554978e+00,-1.006390990811511443e+01,1.096065510685022559e+01,1.070674519873511166e+01
4.407052407136966110e+00,1.088861613601554978e+00,-9.954572380606233395e+00,1.093375275088810383e+01,1.078918037028187094e+01
4.370704482671033730e+00,1.088861613601554978e+00,-9.845528607208436256e+00,1.090437733977971391e+01,1.086884873257127815e+01
4.334462443078358262e+00,1.088861613601554978e+00,-9.736802488430409852e+00,1.087261187780264038e+01,1.094580938937223102e+01
4.298333984424620446e+00,1.088861613601554978e+00,-9.628417112469197292e+00,1.083853759612134482e+01,1.102012048365214802e+01
4.262326537819247640e+00,1.088861613601554978e+00,-9.520394772653077098e+00,1.080223398161184178e+01,1.109183920895876518e+01
4.226447275134770365e+00,1.088861613601554978e+00,-9.412756984599646159e+00,1.076377880534318265e+01,1.116102182074353699e+01
4.190703114632367665e+00,1.088861613601554978e+00,-9.305524503092438948e+00,1.072324815072080995e+01,1.122772364762837149e+01
4.155100726494727503e+00,1.088861613601554978e+00,-9.198717338679518463e+00,1.068071644129204856e+01,1.129199910261253059e+01
4.119646538267348390e+00,1.088861613601554978e+00,-9.092354773997380235e+00,1.063625646821373394e+01,1.135390169421635420e+01
4.084346740209391591e+00,1.088861613601554978e+00,-8.986455379823510725e+00,1.058993941738703981e+01,1.141348403756352958e+01
4.049207290555190575e+00,1.088861613601554978e+00,-8.881037030860905901e+00,1.054183489626030479e+01,1.147079786539939938e+01
4.014233920687529711e+00,1.088861613601554978e+00,-8.776116921257923309e+00,1.049201096029825919e+01,1.152589403904033638e+01
3.979432140223773118e+00,1.088861613601554978e+00,-8.671711579866654418e+00,1.044053413912697792e+01,1.157882255926032400e+01
3.944807242015942350e+00,1.088861613601554978e+00,-8.567836885243162115e+00,1.038746946234923030e+01,1.162963257710606868e+01
3.910364307065822054e+00,1.088861613601554978e+00,-8.464508080392800338e+00,1.033288048503608891e+01,1.167837240464328907e+01
3.876108209356166068e+00,1.088861613601554978e+00,-8.361739787263832824e+00,1.027682931289679580e+01,1.172508952563296347e+01
3.842043620599073783e+00,1.088861613601554978e+00,-8.259546020992555526e+00,1.021937662712768535e+01,1.176983060613513032e+01
3.808175014902595024e+00,1.088861613601554978e+00,-8.157940203903120135e+00,1.016058170894362789e+01,1.181264150504050825e+01
3.774506673356619935e+00,1.088861613601554978e+00,-8.056935179265195757e+00,1.010050246379252670e+01,1.185356728452733144e+01
3.741042688539097938e+00,1.088861613601554978e+00,-7.956543224812628878e+00,1.003919544525659902e+01,1.189265222044397063e+01
3.707786968943620032e+00,1.088861613601554978e+00,-7.856776066026195160e+00,9.976715878643371838e+00,1.192993981261717806e+01
3.674743243329404052e+00,1.088861613601554978e+00,-7.757644889183547221e+00,9.913117684264793894e+00,1.196547279508124717e+01
3.641915064994696305e+00,1.088861613601554978e+00,-7.659160354179423535e+00,9.848453500412324146e+00,1.199929314623290111e+01
3.609305815974611864e+00,1.088861613601554978e+00,-7.561332607119171101e+00,9.782774706025332279e+00,1.203144209890616168e+01
3.576918711164417619e+00,1.088861613601554978e+00,-7.464171292688588366e+00,9.716131443058273476e+00,1.206196015036968561e+01
3.544756802369260384e+00,1.088861613601554978e+00,-7.367685566303116218e+00,9.648572638547170399e+00,1.209088707224405468e+01
3.512822982281327722e+00,1.088861613601554978e+00,-7.271884106039317786e+00,9.580146026379798840e+00,1.211826192034048155e+01
3.481119988385429131e+00,1.088861613601554978e+00,-7.176775124351622459e+00,9.510898168769577055e+00,1.214412304441795598e+01
3.449650406793972390e+00,1.088861613601554978e+00,-7.082366379577251791e+00,9.440874477437022350e+00,1.216850809785977106e+01
3.418416676012301370e+00,1.088861613601554978e+00,-6.988665187232239617e+00,9.370119234501306238e+00,1.219145404726906712e+01
3.387421090635357235e+00,1.088861613601554978e+00,-6.895678431101407213e+00,9.298675613083240421e+00,1.221299718198183371e+01
3.356665804976611600e+00,1.088861613601554978e+00,-6.803412574125170309e+00,9.226585697623690407e+00,1.223317312349852060e+01
3.326152836630215770e+00,1.088861613601554978e+00,-6.711873669085981930e+00,9.153890503918749033e+00,1.225201683483276760e+01
3.295884069967303098e+00,1.088861613601554978e+00,-6.621067369097244359e+00,9.080629998873801512e+00,1.226956262977655854e+01
3.265861259567368169e+00,1.088861613601554978e+00,-6.530998937897440015e+00,9.006843119980478818e+00,1.228584418208303930e+01
3.236086033585641619e+00,1.088861613601554978e+00,-6.441673259952260366e+00,8.932567794517964899e+00,1.230089453456570503e+01
3.206559897057371433e+00,1.088861613601554978e+00,-6.353094850367449808e+00,8.857840958481055793e+00,1.231474610811360648e+01
3.177284235139912649e+00,1.088861613601554978e+00,-6.265267864615072568e+00,8.782698575237635197e+00,1.232743071062256313e+01
3.148260316293516325e+00,1.088861613601554978e+00,-6.178196108075884041e+00,8.707175653918897140e+00,1.233897954584301360e+01
3.119489295401704165e+00,1.088861613601554978e+00,-6.091883045400447116e+00,8.631306267543648048e+00,1.234942322214320143e+01
3.090972216832106323e+00,1.088861613601554978e+00,-6.006331809691653589e+00,8.555123570879352712e+00,1.235879176118769962e+01
3.062710017438627474e+00,1.088861613601554978e+00,-5.921545211511217488e+00,8.478659818043654539e+00,1.236711460653243755e+01
3.034703529505801800e+00,1.088861613601554978e+00,-5.837525747712740909e+00,8.401946379847702318e+00,1.237442063213496191e+01
3.006953483636189528e+00,1.088861613601554978e+00,-5.754275610103903205e+00,8.325013760883681613e+00,1.238073815077977891e+01
2.979460511581655258e+00,1.088861613601554978e+00,-5.671796693940301282e+00,8.247891616360281120e+00,1.238609492241998034e+01
2.952225149019362949e+00,1.088861613601554978e+00,-5.590090606253424355e+00,8.170608768687692702e+00,1.239051816243426885e+01
2.925247838273314027e+00,1.088861613601554978e+00,-5.509158674015276702e+00,8.093193223814676429e+00,1.239403454979940022e+01
2.898528930982244844e+00,1.088861613601554978e+00,-5.429001952142069598e+00,8.015672187320754816e+00,1.239667023517868572e+01
2.872068690714693950e+00,1.088861613601554978e+00,-5.349621231339416916e+00,7.938072080265268227e+00,1.239845084892585092e+01
2.845867295532035435e+00,1.088861613601554978e+00,-5.271017045791441369e+00,7.860418554797554691e+00,1.239940150900611471e+01
2.819924840500277696e+00,1.088861613601554978e+00,-5.193189680696168153e+00,7.782736509527321545e+00,1.239954682883115389e+01
2.794241340151403019e+00,1.088861613601554978e+00,-5.116139179649543678e+00,7.705050104662403143e+00,1.239891092501285996e+01
2.768816730895029554e+00,1.088861613601554978e+00,-5.039865351880424171e+00,7.627382776912039475e+00,1.239751742503161580e+01
2.743650873381159094e+00,1.088861613601554978e+00,-4.964367779338812348e+00,7.549757254161137965e+00,1.239538947482232700e+01
2.718743554814770924e+00,1.088861613601554978e+00,-4.889645823639647837e+00,7.472195569916451063e+00,1.239254974627680284e+01
2.694094491223010479e+00,1.088861613601554978e+00,-4.815698632864366502e+00,7.394719077528133511e+00,1.238902044466376751e+01
2.669703329675716219e+00,1.088861613601554978e+00,-4.742525148222483722e+00,7.317348464188278001e+00,1.238482331596579478e+01
2.645569650460018796e+00,1.088861613601554978e+00,-4.670124110575391896e+00,7.240103764709227008e+00,1.237997965413383561e+01
2.621692969209734603e+00,1.088861613601554978e+00,-4.598494066824539317e+00,7.163004375085257891e+00,1.237451030826071907e+01
2.598072738990276687e+00,1.088861613601554978e+00,-4.527633376166164680e+00,7.086069065837374836e+00,1.236843568967121065e+01
2.574708352339785566e+00,1.088861613601554978e+00,-4.457540216214692208e+00,7.009315995147336054e+00,1.236177577893264434e+01
2.551599143267187841e+00,1.088861613601554978e+00,-4.388212588996898589e+00,6.932762721779317516e+00,1.235455013278241942e+01
2.528744389207868259e+00,1.088861613601554978e+00,-4.319648326818939843e+00,6.856426217795874578e+00,1.234677789097693434e+01
2.506143312937646694e+00,1.088861613601554978e+00,-4.251845098008274704e+00,6.780322881066469520e+00,1.233847778305819531e+01
2.483795084445730605e+00,1.088861613601554978e+00,-4.184800412532526437e+00,6.704468547574826687e+00,1.232966813504230075e+01
2.461698822767318884e+00,1.088861613601554978e+00,-4.118511627497291272e+00,6.628878503523516486e+00,1.232036687602622571e+01
2.439853597776509897e+00,1.088861613601554978e+00,-4.052975952524864311e+00,6.553567497242696049e+00,1.231059154471783224e+01
2.418258431940172759e+00,1.088861613601554978e+00,-3.988190455015853342e+00,6.478549750901141380e+00,1.230035929588528809e+01
2.396912302033423980e+00,1.088861613601554978e+00,-3.924152065295607006e+00,6.403838972024633591e+00,1.228968690672902753e+01
2.375814140817348097e+00,1.088861613601554978e+00,-3.860857581647379355e+00,6.329448364822765072e+00,1.227859078317538533e+01
2.354962838679589776e+00,1.088861613601554978e+00,-3.798303675234104393e+00,6.255390641327496226e+00,1.226708696609339277e+01
2.334357245238440903e+00,1.088861613601554978e+00,-3.736486894910657774e+00,6.181678032344661844e+00,1.225519113743400368e+01
2.313996170911035488e+00,1.088861613601554978e+00,-3.675403671928441529e+00,6.108322298221624536e+00,1.224291862629318395e+01
2.293878388446259464e+00,1.088861613601554978e+00,-3.615050324534113457e+00,6.035334739432807183e+00,1.223028441489869422e+01
2.274002634422973124e+00,1.088861613601554978e+00,-3.555423062464254436e+00,5.962726206985902166e+00,1.221730314452164734e+01
2.254367610714139047e+00,1.088861613601554978e+00,-3.496517991337752207e+00,5.890507112650222865e+00,1.220398912131247116e+01
2.234971985917435955e+00,1.088861613601554978e+00,-3.438331116947642929e+00,5.818687439010927775e+00,1.219035632206328579e+01
2.215814396752939341e+00,1.088861613601554978e+00,-3.380858349454153089e+00,5.747276749348984026e+00,1.217641839989483188e+01
2.196893449428432010e+00,1.088861613601554978e+00,-3.324095507480631095e+00,5.676284197352199357e+00,1.216218868987156831e+01
2.178207720972912043e+00,1.088861613601554978e+00,-3.268038322114071192e+00,5.605718536655990292e+00,1.214768021454191960e+01
2.159755760538846214e+00,1.088861613601554978e+00,-3.212682440811873708e+00,5.535588130219748493e+00,1.213290568940787573e+01
2.141536090673721304e+00,1.088861613601554978e+00,-3.158023431216498977e+00,5.465900959537473014e+00,1.211787752832097453e+01
2.123547208561428423e+00,1.088861613601554978e+00,-3.104056784879620334e+00,5.396664633687864310e+00,1.210260784880824403e+01
2.105787587234016378e+00,1.088861613601554978e+00,-3.050777920897384199e+00,5.327886398223613540e+00,1.208710847732622895e+01
2.088255676754336765e+00,1.088861613601554978e+00,-2.998182189458345359e+00,5.259573143903883974e+00,1.207139095444553867e+01
2.070949905370101707e+00,1.088861613601554978e+00,-2.946264875305640185e+00,5.191731415270517402e+00,1.205546653996487727e+01
2.053868680639863165e+00,1.088861613601554978e+00,-2.895021201114924558e+00,5.124367419071562679e+00,1.203934621795663773e+01
2.037010390531420523e+00,1.088861613601554978e+00,-2.844446330789596633e+00,5.057487032532792526e+00,1.202304070174319683e+01
2.020373404493152059e+00,1.088861613601554978e+00,-2.794535372674791240e+00,4.991095811480539268e+00,1.200656043880574941e+01
2.003956074498764117e+00,1.088861613601554978e+00,-2.745283382691627416e+00,4.925198998316382415e+00,1.198991561562475638e+01
1.987756736065938723e+00,1.088861613601554978e+00,-2.696685367393151012e+00,4.859801529847618262e+00,1.197311616245446686e+01
1.971773709249358797e+00,1.088861613601554978e+00,-2.648736286943411677e+00,4.794908044973977823e+00,1.195617175803056753e+01
1.956005299608581938e+00,1.088861613601554978e+00,-2.601431058021081100e+00,4.730522892233057775e+00,1.193909183421197717e+01
1.940449799151226173e+00,1.088861613601554978e+00,-2.554764556649013585e+00,4.666650137206729276e+00,1.192188558055771708e+01
1.925105487251926206e+00,1.088861613601554978e+00,-2.508731620951113683e+00,4.603293569789990158e+00,1.190456194883887697e+01
1.909970631547510234e+00,1.088861613601554978e+00,-2.463327053837865765e+00,4.540456711324791783e+00,1.188712965748692696e+01
1.895043488808842991e+00,1.088861613601554978e+00,-2.418545625621864037e+00,4.478142821600172852e+00,1.186959719597830976e+01
1.880322305789773552e+00,1.088861613601554978e+00,-2.374382076564655719e+00,4.416354905720831781e+00,1.185197282915617656e+01
1.865805320053619765e+00,1.088861613601554978e+00,-2.330831119356194137e+00,4.355095720846136054e+00,1.183426460148994153e+01
1.851490760777614986e+00,1.088861613601554978e+00,-2.287887441528179799e+00,4.294367782801433719e+00,1.181648034127325531e+01
1.837376849535737433e+00,1.088861613601554978e+00,-2.245545707802547142e+00,4.234173372563265758e+00,1.179862766476071911e+01
1.823461801060335841e+00,1.088861613601554978e+00,-2.203800562376342587e+00,4.174514542620477719e+00,1.178071398024413519e+01
1.809743823982958855e+00,1.088861613601554978e+00,-2.162646631144211629e+00,4.115393123213095805e+00,1.176274649206888512e+01
1.796221121554788747e+00,1.088861613601554978e+00,-2.122078523859701527e+00,4.056810728451032411e+00,1.174473220459133138e+01
1.782891892347077789e+00,1.088861613601554978e+00,-2.082090836236568432e+00,3.998768762313287262e+00,1.172667792607671977e+01
1.769754330931974318e+00,1.088861613601554978e+00,-2.042678151991258240e+00,3.941268424531041425e+00,1.170859027253978368e+01
1.756806628544124838e+00,1.088861613601554978e+00,-2.003835044827709577e+00,3.884310716354844040e+00,1.169047567152713540e+01
1.744046973723428096e+00,1.088861613601554978e+00,-1.965556080365619351e+00,3.827896446209022585e+00,1.167234036584340373e+01
1.731473552939315708e+00,1.088861613601554978e+00,-1.927835818013282188e+00,3.772026235233716385e+00,1.165419041722043403e+01
1.719084551196925492e+00,1.088861613601554978e+00,-1.890668812786111541e+00,3.716700522717064636e+00,1.163603170993095404e+01
1.706878152625528333e+00,1.088861613601554978e+00,-1.854049617071920064e+00,3.661919571419147701e+00,1.161786995434722769e+01
1.694852541049565842e+00,1.088861613601554978e+00,-1.817972782344032590e+00,3.607683472788747459e+00,1.159971069044471470e+01
1.683005900542647870e+00,1.088861613601554978e+00,-1.782432860823278675e+00,3.553992152075391431e+00,1.158155929125211259e+01
1.671336415964855160e+00,1.088861613601554978e+00,-1.747424407089900544e+00,3.500845373337813093e+00,1.156342096624791260e+01
1.659842273483687070e+00,1.088861613601554978e+00,-1.712941979646396273e+00,3.448242744350427103e+00,1.154530076470403088e+01
1.648521661078989453e+00,1.088861613601554978e+00,-1.678980142432303424e+00,3.396183721409284928e+00,1.152720357897698200e+01
1.637372769032189534e+00,1.088861613601554978e+00,-1.645533466291903668e+00,3.344667614039975589e+00,1.150913414774807286e+01
1.626393790400164407e+00,1.088861613601554978e+00,-1.612596530395828287e+00,3.293693589607538108e+00,1.149109705921171098e+01
1.615582921474060463e+00,1.088861613601554978e+00,-1.580163923617516453e+00,3.243260677831183436e+00,1.147309675421366748e+01
1.604938362223377935e+00,1.088861613601554978e+00,-1.548230245865468868e+00,3.193367775204758452e+00,1.145513752933928942e+01
1.594458316725629210e+00,1.088861613601554978e+00,-1.516790109372222695e+00,3.144013649324617354e+00,1.143722353995239516e+01
1.584140993581875767e+00,1.088861613601554978e+00,-1.485838139940962366e+00,3.095196943126032885e+00,1.141935880318507124e+01
1.573984606318440838e+00,1.088861613601554978e+00,-1.455368978150657577e+00,3.046916179030478844e+00,1.140154720087982199e+01
1.563987373775094003e+00,1.088861613601554978e+00,-1.425377280520617074e+00,2.999169763004050360e+00,1.138379248248343423e+01
1.554147520479995492e+00,1.088861613601554978e+00,-1.395857720635321542e+00,2.951955988529553210e+00,1.136609826789423217e+01
1.544463277011686397e+00,1.088861613601554978e+00,-1.366804990230394257e+00,2.905273040492728498e+00,1.134846805026233518e+01
1.534932880348403472e+00,1.088861613601554978e+00,-1.338213800240545481e+00,2.859118998984877535e+00,1.133090519874433255e+01
1.525554574204994962e+00,1.088861613601554978e+00,-1.310078881810319951e+00,2.813491843022553063e+00,1.131341296121223294e+01
1.516326609357707689e+00,1.088861613601554978e+00,-1.282394987268458131e+00,2.768389454186181986e+00,1.129599446691772435e+01
1.507247243957112293e+00,1.088861613601554978e+00,-1.255156891066671943e+00,2.723809620178618829e+00,1.127865272911194694e+01
1.498314743829427975e+00,1.088861613601554978e+00,-1.228359390683618990e+00,2.679750038305295234e+00,1.126139064762167763e+01
1.489527382766505870e+00,1.088861613601554978e+00,-1.201997307494852674e+00,2.636208318876631651e+00,1.124421101138177903e+01
1.480883442804721950e+00,1.088861613601554978e+00,-1.176065487609500915e+00,2.593181988535175897e+00,1.122711650092567481e+01
1.472381214493030610e+00,1.088861613601554978e+00,-1.150558802674426895e+00,2.550668493507401990e+00,1.121010969083297582e+01
1.464018997150422496e+00,1.088861613601554978e+00,-1.125472150646602554e+00,2.508665202782434100e+00,1.119319305213583249e+01
1.455795099113027957e+00,1.088861613601554978e+00,-1.100800456534418936e+00,2.467169411218361752e+00,1.117636895468394265e+01
1.447707837971101918e+00,1.088861613601554978e+00,-1.076538673108640820e+00,2.426178342577811620e+00,1.115963966946917196e+01
1.439755540796122668e+00,1.088861613601554978e+00,-1.052681781583703069e+00,2.385689152493775111e+00,1.114300737091007321e+01
1.431936544358234586e+00,1.088861613601554978e+00,-1.029224792270038824e+00,2.345698931366424489e+00,1.112647413909638594e+01
1.424249195334255980e+00,1.088861613601554978e+00,-1.006162745198103003e+00,2.306204707193582060e+00,1.111004196199547955e+01
1.416691850506476946e+00,1.088861613601554978e+00,-9.834907107147659033e-01,2.267203448333710014e+00,1.109371273761894372e+01
1.409262876952459775e+00,1.088861613601554978e+00,-9.612037900527143908e-01,2.228692066205151256e+00,1.107748827615243670e+01
1.401960652226057924e+00,1.088861613601554978e+00,-9.392971158735088366e-01,2.190667417920555415e+00,1.106137030204704708e+01
1.394783564529860742e+00,1.088861613601554978e+00,-9.177658527849172909e-01,2.153126308859154570e+00,1.104536045607423844e+01
1.387730012879271113e+00,1.088861613601554978e+00,-8.966051978331484040e-01,2.116065495176888689e+00,1.102946029734374100e+01
1.380798407258415850e+00,1.088861613601554978e+00,-8.758103809705826137e-01,2.079481686256579032e+00,1.101367130528599603e+01
1.373987168768089129e+00,1.088861613601554978e+00,-8.553766654996024510e-01,2.043371547098016272e+00,1.099799488159841410e+01
1.367294729765922146e+00,1.088861613601554978e+00,-8.352993484931015011e-01,2.007731700650094986e+00,1.098243235215699443e+01
1.360719533998971054e+00,1.088861613601554978e+00,-8.155737611922482255e-01,1.972558730085327561e+00,1.096698496889307961e+01
1.354260036728909267e+00,1.088861613601554978e+00,-7.961952693820628646e-01,1.937849181018536093e+00,1.095165391163647328e+01
1.347914704850011081e+00,1.088861613601554978e+00,-7.771592737453683064e-01,1.903599563669455819e+00,1.093644028992408757e+01
1.341682017000105143e+00,1.088861613601554978e+00,-7.584612101956504926e-01,1.869806354971781381e+00,1.092134514477613116e+01
1.335560463664676956e+00,1.088861613601554978e+00,-7.400965501893659315e-01,1.836466000628456108e+00,1.090636945043909023e+01
1.329548547274292725e+00,1.088861613601554978e+00,-7.220608010182132386e-01,1.803574917115269294e+00,1.089151411609705633e+01
1.323644782295518185e+00,1.088861613601554978e+00,-7.043495060818896203e-01,1.771129493632361829e+00,1.087677998755047248e+01
1.317847695315498724e+00,1.088861613601554978e+00,-6.869582451418312363e-01,1.739126094005838397e+00,1.086216784886400788e+01
1.312155825120365549e+00,1.088861613601554978e+00,-6.698826345564317108e-01,1.707561058539952548e+00,1.084767842398352045e+01
1.306567722767630668e+00,1.088861613601554978e+00,-6.531183274982270692e-01,1.676430705820464162e+00,1.083331237832223692e+01
1.301081951652728108e+00,1.088861613601554978e+00,-6.366610141535193890e-01,1.645731334470768026e+00,1.081907032031724825e+01
1.295697087569857242e+00,1.088861613601554978e+00,-6.205064219049067908e-01,1.615459224861259813e+00,1.080495280295635396e+01
1.290411718767282112e+00,1.088861613601554978e+00,-6.046503154971814009e-01,1.585610640772538993e+00,1.079096032527535876e+01
1.285224445997234399e+00,1.088861613601554978e+00,-5.890884971870382625e-01,1.556181831014313843e+00,1.077709333382727586e+01
1.280133882560569480e+00,1.088861613601554978e+00,-5.738168068770435060e-01,1.527169030999475652e+00,1.076335222412243198e+01
1.275138654346316791e+00,1.088861613601554978e+00,-5.588311222342854379e-01,1.498568464275806811e+00,1.074973734204152187e+01
1.270237399866268158e+00,1.088861613601554978e+00,-5.441273587941395373e-01,1.470376344014590053e+00,1.073624898522045079e+01
1.265428770284741544e+00,1.088861613601554978e+00,-5.297014700495596973e-01,1.442588874457984005e+00,1.072288740440842503e+01
1.260711429443655884e+00,1.088861613601554978e+00,-5.155494475263027176e-01,1.415202252325697962e+00,1.070965280479939530e+01
1.256084053883050222e+00,1.088861613601554978e+00,-5.016673208444857313e-01,1.388212668181698639e+00,1.069654534733721363e+01
1.251545332857178172e+00,1.088861613601554978e+00,-4.880511577668695811e-01,1.361616307761615019e+00,1.068356514999474527e+01
1.247093968346305592e+00,1.088861613601554978e+00,-4.746970642342518421e-01,1.335409353261773902e+00,1.067071228902752189e+01
1.242728675064335819e+00,1.088861613601554978e+00,-4.616011843883425225e-01,1.309587984590931953e+00,1.065798680020258971e+01
1.238448180462386361e+00,1.088861613601554978e+00,-4.487597005824941476e-01,1.284148380584837490e+00,1.064538868000234473e+01
1.234251224728437180e+00,1.088861613601554978e+00,-4.361688333806466034e-01,1.259086720184754427e+00,1.063291788680410832e+01
1.230136560783168242e+00,1.088861613601554978e+00,-4.238248415448397921e-01,1.234399183580681125e+00,1.062057434203584094e+01
1.226102954272102918e+00,1.088861613601554978e+00,-4.117240220116438199e-01,1.210081953319597226e+00,1.060835793130795324e+01
1.222149183554168461e+00,1.088861613601554978e+00,-3.998627098578404482e-01,1.186131215380337167e+00,1.059626850552249699e+01
1.218274039686786159e+00,1.088861613601554978e+00,-3.882372782556935409e-01,1.162543160214690730e+00,1.058430588195899702e+01
1.214476326407599727e+00,1.088861613601554978e+00,-3.768441384181342446e-01,1.139313983755929627e+00,1.057246984533779610e+01
1.210754860112947195e+00,1.088861613601554978e+00,-3.656797395341766510e-01,1.116439888395759361e+00,1.056076014886158276e+01
1.207108469833180875e+00,1.088861613601554978e+00,-3.547405686948776893e-01,1.093917083929896172e+00,1.054917651523501831e+01
1.203535997204937980e+00,1.088861613601554978e+00,-3.440231508101490032e-01,1.071741788472868606e+00,1.053771863766272077e+01
1.200036296440461392e+00,1.088861613601554978e+00,-3.335240485167192404e-01,1.049910229342976287e+00,1.052638618082625754e+01
1.196608234294067374e+00,1.088861613601554978e+00,-3.232398620775371878e-01,1.028418643918205255e+00,1.051517878184066923e+01
1.193250690025857486e+00,1.088861613601554978e+00,-3.131672292729075213e-01,1.007263280462966648e+00,1.050409605119005896e+01
1.189962555362766627e+00,1.088861613601554978e+00,-3.033028252836349470e-01,9.864403989272574336e-01,1.049313757364362232e+01
1.186742734457040038e+00,1.088861613601554978e+00,-2.936433625664551794e-01,9.659462717179767566e-01,1.048230290915152274e+01
1.183590143842228715e+00,1.088861613601554978e+00,-2.841855907220212085e-01,9.457771844433970898e-01,1.047159159372137616e+01
1.180503712386789417e+00,1.088861613601554978e+00,-2.749262963557033146e-01,9.259294366317893932e-01,1.046100314027608746e+01
1.177482381245377629e+00,1.088861613601554978e+00,-2.658623029314679531e-01,9.063993424235361474e-01,1.045053703949206891e+01
1.174525103807915194e+00,1.088861613601554978e+00,-2.569904706190806465e-01,8.871832312387306629e-01,1.044019276061965051e+01
1.171630845646514762e+00,1.088861613601554978e+00,-2.483076961348793521e-01,8.682774484201294385e-01,1.042996975228525081e+01
1.168798584460342793e+00,1.088861613601554978e+00,-2.398109125763634442e-01,8.496783558515907941e-01,1.041986744327522807e+01
1.166027310018498353e+00,1.088861613601554978e+00,-2.314970892508301237e-01,8.313823325533320485e-01,1.040988524330250264e+01
1.163316024100984114e+00,1.088861613601554978e+00,-2.233632314982874068e-01,8.133857752542716923e-01,1.040002254375598412e+01
1.160663740437845481e+00,1.088861613601554978e+00,-2.154063805088715089e-01,7.956850989415897857e-01,1.039027871843271811e+01
1.158069484646550240e+00,1.088861613601554978e+00,-2.076236131349857850e-01,7.782767373885723927e-01,1.038065312425358755e+01
1.155532294167680218e+00,1.088861613601554978e+00,-2.000120416983757199e-01,7.611571436610065078e-01,1.037114510196263062e+01
1.153051218199006467e+00,1.088861613601554978e+00,-1.925688137923544652e-01,7.443227906021254725e-01,1.036175397680977106e+01
1.150625317628013677e+00,1.088861613601554978e+00,-1.852911120793760968e-01,7.277701712978368320e-01,1.035247905921846190e+01
1.148253664962942677e+00,1.088861613601554978e+00,-1.781761540841630964e-01,7.114957995213000430e-01,1.034331964543713767e+01
1.145935344262415390e+00,1.088861613601554978e+00,-1.712211919825812334e-01,6.954962101581863010e-01,1.033427501817560490e+01
1.143669451063705766e+00,1.088861613601554978e+00,-1.644235123864523640e-01,6.797679596128869406e-01,1.032534444722643485e+01
1.141455092309718866e+00,1.088861613601554978e+00,-1.577804361244916631e-01,6.643076261960700890e-01,1.031652719007157870e+01
1.139291386274739137e+00,1.088861613601554978e+00,-1.512893180195524767e-01,6.491118104939186395e-01,1.030782249247436688e+01
1.137177462489006752e+00,1.088861613601554978e+00,-1.449475466623553199e-01,6.341771357197156789e-01,1.029922958905736152e+01
1.135112461662180161e+00,1.088861613601554978e+00,-1.387525441818755478e-01,6.195002480479772089e-01,1.029074770386610282e+01
1.133095535605740167e+00,1.088861613601554978e+00,-1.327017660125555665e-01,6.050778169319981359e-01,1.028237605091944218e+01
1.131125847154392128e+00,1.088861613601554978e+00,-1.267927006585114480e-01,5.909065354044118479e-01,1.027411383474590068e+01
1.129202570086518698e+00,1.088861613601554978e+00,-1.210228694548911577e-01,5.769831203620290339e-01,1.026596025090713837e+01
1.127324889043735956e+00,1.088861613601554978e+00,-1.153898263265429325e-01,5.633043128348225181e-01,1.025791448650828031e+01
1.125491999449603986e+00,1.088861613601554978e+00,-1.098911575441470223e-01,5.498668782395910171e-01,1.024997572069544383e+01
1.123703107427541648e+00,1.088861613601554978e+00,-1.045244814779600073e-01,5.366676066187014982e-01,1.024214312514074265e+01
1.121957429717993282e+00,1.088861613601554978e+00,-9.928744834931491070e-02,5.237033128645096625e-01,1.023441586451519569e+01
1.120254193594896419e+00,1.088861613601554978e+00,-9.417773998002432201e-02,5.109708369290588692e-01,1.022679309694903438e+01
1.118592636781494454e+00,1.088861613601554978e+00,-8.919306953981842589e-02,4.984670440205896114e-01,1.021927397448077102e+01
1.116972007365540698e+00,1.088861613601554978e+00,-8.433118129195715795e-02,4.861888247861267942e-01,1.021185764349417013e+01
1.115391563713936218e+00,1.088861613601554978e+00,-7.958985033714371937e-02,4.741330954813438581e-01,1.020454324514420108e+01
1.113850574386846315e+00,1.088861613601554978e+00,-7.496688235587400939e-02,4.622967981269709981e-01,1.019732991577109793e+01
1.112348318051333385e+00,1.088861613601554978e+00,-7.046011334933521830e-02,4.506769006538791089e-01,1.019021678730454461e+01
1.110884083394551025e+00,1.088861613601554978e+00,-6.606740937898814003e-02,4.392703970347078268e-01,1.018320298765572041e+01
1.109457169036534241e+00,1.088861613601554978e+00,-6.178666630493778733e-02,4.280743074050352703e-01,1.017628764110009776e+01
1.108066883442627271e+00,1.088861613601554978e+00,-5.761580952321687654e-02,4.170856781720910789e-01,1.016946986864887492e+01
1.106712544835585232e+00,1.088861613601554978e+00,-5.355279370209076184e-02,4.063015821126114702e-01,1.016274878841052143e+01
1.105393481107384224e+00,1.088861613601554978e+00,-4.959560251748773574e-02,3.957191184603026102e-01,1.015612351594281471e+01
1.104109029730777625e+00,1.088861613601554978e+00,-4.574224838766793866e-02,3.853354129819797080e-01,1.014959316459431271e+01
1.102858537670630357e+00,1.088861613601554978e+00,-4.199077220722613468e-02,3.751476180441803976e-01,1.014315684583695543e+01
1.101641361295066845e+00,1.088861613601554978e+00,-3.833924308053560104e-02,3.651529126690533644e-01,1.013681366958851804e+01
1.100456866286462221e+00,1.088861613601554978e+00,-3.478575805472172711e-02,3.553485025813873932e-01,1.013056274452666550e+01
1.099304427552310282e+00,1.088861613601554978e+00,-3.132844185226590916e-02,3.457316202455817944e-01,1.012440317839331705e+01
1.098183429135997535e+00,1.088861613601554978e+00,-2.796544660332767052e-02,3.362995248938238646e-01,1.011833407829049669e+01
1.097093264127513956e+00,1.088861613601554978e+00,-2.469495157787693351e-02,3.270495025450737003e-01,1.011235455096719704e+01
1.096033334574127105e+00,1.088861613601554978e+00,-2.151516291771637945e-02,3.179788660160554059e-01,1.010646370309834019e+01
1.095003051391050031e+00,1.088861613601554978e+00,-1.842431336848515677e-02,3.090849549231222682e-01,1.010066064155463827e+01
1.094001834272128493e+00,1.088861613601554978e+00,-1.542066201172054285e-02,3.003651356764613922e-01,1.009494447366474112e+01
1.093029111600573478e+00,1.088861613601554978e+00,-1.250249399705549713e-02,2.918168014665045717e-01,1.008931430746944891e+01
1.092084320359765215e+00,1.088861613601554978e+00,-9.668120274630709332e-03,2.834373722424787800e-01,1.008376925196784768e+01
1.091166906044153784e+00,1.088861613601554978e+00,-6.915877327796415841e-03,2.752242946834293491e-01,1.007830841735563254e+01
1.090276322570277845e+00,1.088861613601554978e+00,-4.244126906168599334e-03,2.671750421627816507e-01,1.007293091525661310e+01
1.089412032187927704e+00,1.088861613601554978e+00,-1.651255759118175348e-03,2.592871147050423986e-01,1.006763585894592516e+01
1.088573505391472018e+00,1.088861613601554978e+00,8.643246302488805100e-04,2.515580389367055858e-01,1.006242236356695585e+01
1.087760220831373248e+00,1.088861613601554978e+00,3.304178310545191621e-03,2.439853680296311111e-01,1.005728954634017747e+01
1.086971665225908490e+00,1.088861613601554978e+00,5.669845126939465629e-03,2.365666816394274008e-01,1.005223652676636803e+01
1.086207333273120357e+00,1.088861613601554978e+00,7.962840985303865082e-03,2.292995858364399453e-01,1.004726242682174409e+01
1.085466727563014322e+00,1.088861613601554978e+00,1.018465811562196954e-02,2.221817130318104461e-01,1.004236637114743225e+01
1.084749358490022964e+00,1.088861613601554978e+00,1.233676533459604485e-02,2.152107218974075309e-01,1.003754748723200407e+01
1.084054744165754869e+00,1.088861613601554978e+00,1.442060830740032884e-02,2.083842972804283988e-01,1.003280490558782923e+01
1.083382410332045520e+00,1.088861613601554978e+00,1.643760980852837505e-02,2.017001501128046215e-01,1.002813775992133394e+01
1.082731890274328368e+00,1.088861613601554978e+00,1.838916998167983152e-02,1.951560173151456468e-01,1.002354518729682553e+01
1.082102724735340749e+00,1.088861613601554978e+00,2.027666659864268972e-02,1.887496616962858198e-01,1.001902632829492923e+01
1.081494461829182629e+00,1.088861613601554978e+00,2.210145531711704692e-02,1.824788718474357196e-01,1.001458032716455371e+01
1.080906656955741063e+00,1.088861613601554978e+00,2.386486993744174612e-02,1.763414620324699200e-01,1.001020633196991128e+01
1.080338872715496557e+00,1.088861613601554978e+00,2.556822265817526585e-02,1.703352720733519732e-01,1.000590349473152685e+01
1.079790678824725125e+00,1.088861613601554978e+00,2.721280433048955949e-02,1.644581672314293641e-01,1.000167097156191964e+01
1.079261652031109797e+00,1.088861613601554978e+00,2.879988471133554384e-02,1.587080380845984351e-01,9.997507922795934476e+00
1.078751376029774223e+00,1.088861613601554978e+00,3.033071271534226732e-02,1.530828004006723475e-01,9.993413513116015778e+00
1.078259441379750161e+00,1.088861613601554978e+00,3.180651666541445266e-02,1.475803950072185344e-01,9.989386911672633929e+00
1.077785445420893495e+00,1.088861613601554978e+00,3.322850454198444936e-02,1.421987876569996700e-01,9.985427292198984617e+00
1.077328992191256551e+00,1.088861613601554978e+00,3.459786423089528107e-02,1.369359688910831707e-01,9.981533833121979171e+00
1.076889692344931815e+00,1.088861613601554978e+00,3.591576376986949093e-02,1.317899538974209861e-01,9.977705717667291196e+00
1.076467163070373934e+00,1.088861613601554978e+00,3.718335159354313468e-02,1.267587823673643754e-01,9.973942133960907341e+00
1.076061028009211995e+00,1.088861613601554978e+00,3.840175677702895030e-02,1.218405183485815613e-01,9.970242275125610121e+00
1.075670917175562735e+00,1.088861613601554978e+00,3.957208927797672970e-02,1.170332500947779408e-01,9.966605339372755168e+00
1.075296466875850676e+00,1.088861613601554978e+00,4.069544017711290707e-02,1.123350899136177361e-01,9.963030530090730252e+00
1.074937319629147625e+00,1.088861613601554978e+00,4.177288191722206001e-02,1.077441740109152946e-01,9.959517055928138518e+00
1.074593124088037532e+00,1.088861613601554978e+00,4.280546854055233830e-02,1.032586623330278286e-01,9.956064130873579998e+00
1.074263534960014699e+00,1.088861613601554978e+00,4.379423592462083903e-02,9.887673840685007320e-02,9.952670974331471854e+00
1.073948212929425106e+00,1.088861613601554978e+00,4.474020201638961858e-02,9.459660917687795489e-02,9.949336811193267849e+00
1.073646824579954862e+00,1.088861613601554978e+00,4.564436706480035078e-02,9.041650484107321972e-02,9.946060871905874734e+00
1.073359042317675094e+00,1.088861613601554978e+00,4.650771385163965377e-02,8.633467868393029931e-02,9.942842392535570895e+00
1.073084544294648834e+00,1.088861613601554978e+00,4.733120792071843219e-02,8.234940690787784234e-02,9.939680614828596106e+00
1.072823014333105451e+00,1.088861613601554978e+00,4.811579780534858131e-02,7.845898846301491147e-02,9.936574786268364434e+00
1.072574141850189067e+00,1.088861613601554978e+00,4.886241525409773523e-02,7.466174487491539224e-02,9.933524160129014291e+00
1.072337621783285622e+00,1.088861613601554978e+00,4.957197545480807044e-02,7.095602007103352094e-02,9.930527995525842755e+00
1.072113154515934585e+00,1.088861613601554978e+00,5.024537725686117895e-02,6.734018020531085114e-02,9.927585557462172972e+00
1.071900445804329749e+00,1.088861613601554978e+00,5.088350339167568848e-02,6.381261348145095269e-02,9.924696116873127139e+00
1.071699206704412211e+00,1.088861613601554978e+00,5.148722069142830371e-02,6.037172997526152329e-02,9.921858950666690546e+00
1.071509153499561329e+00,1.088861613601554978e+00,5.205738030598094923e-02,5.701596145526455217e-02,9.919073341761245999e+00
1.071330007628886749e+00,1.088861613601554978e+00,5.259481791800468820e-02,5.374376120237389642e-02,9.916338579120379748e+00
1.071161495616124171e+00,1.088861613601554978e+00,5.310035395629242316e-02,5.055360382877349679e-02,9.913653957785065529e+00
1.071003348999139959e+00,1.088861613601554978e+00,5.357479380724505802e-02,4.744398509526348562e-02,9.911018778902509041e+00
1.070855304260046159e+00,1.088861613601554978e+00,5.401892802452645803e-02,4.441342172814000122e-02,9.908432349752667179e+00
1.070717102755927463e+00,1.088861613601554978e+00,5.443353253688254512e-02,4.146045123560870849e-02,9.905893983772491751e+00
1.070588490650186131e+00,1.088861613601554978e+00,5.481936885410654270e-02,3.858363172239975825e-02,9.903403000576506798e+00
1.070469218844502413e+00,1.088861613601554978e+00,5.517718427115769764e-02,3.578154170511549381e-02,9.900958725976273911e+00
1.070359042911416259e+00,1.088861613601554978e+00,5.550771207041615973e-02,3.305277992584620961e-02,9.898560491996262201e+00
1.070257723027529861e+00,1.088861613601554978e+00,5.581167172207535110e-02,3.039596516591913655e-02,9.896207636887995207e+00
1.070165023907332147e+00,1.088861613601554978e+00,5.608976908266849470e-02,2.780973605931436055e-02,9.893899505141982686e+00
1.070080714737648764e+00,1.088861613601554978e+00,5.634269659171864397e-02,2.529275090501492684e-02,9.891635447496733846e+00
1.070004569112714909e+00,1.088861613601554978e+00,5.657113346652020702e-02,2.284368748015630501e-02,9.889414820946676343e+00
1.069936364969875875e+00,1.088861613601554978e+00,5.677574589503731062e-02,2.046124285171035950e-02,9.887236988746748168e+00
1.069875884525911536e+00,1.088861613601554978e+00,5.695718722693032809e-02,1.814413318930174768e-02,9.885101320416232795e+00
1.069822914213988785e+00,1.088861613601554978e+00,5.711609816269858086e-02,1.589109357682527701e-02,9.883007191739524799e+00
1.069777244621239909e+00,1.088861613601554978e+00,5.725310694094520869e-02,1.370087782466278270e-02,9.880953984765607601e+00
1.069738670426967575e+00,1.088861613601554978e+00,5.736882952376221034e-02,1.157225828170016513e-02,9.878941087805463539e+00
1.069706990341475761e+00,1.088861613601554978e+00,5.746386978023765302e-02,9.504025647544267486e-03,9.876967895427782196e+00
1.069682007045526850e+00,1.088861613601554978e+00,5.753881966808438442e-02,7.494988784673140003e-03,9.875033808452757356e+00
1.069663527130423120e+00,1.088861613601554978e+00,5.759425941339557653e-02,5.543974531119211235e-03,9.873138233944516173e+00
1.069651361038713944e+00,1.088861613601554978e+00,5.763075768852310432e-02,3.649827512752779057e-03,9.871280585201276381e+00
1.069645323005524951e+00,1.088861613601554978e+00,5.764887178809008361e-02,1.811409956697929147e-03,9.869460281744789398e+00
1.069645231000510233e+00,1.088861613601554978e+00,5.764914780313423748e-02,2.760150441538655741e-05,9.867676749307550566e+00
1.069650906670426282e+00,1.088861613601554978e+00,5.763212079338608795e-02,-1.702700974814952417e-03,9.865929419818572299e+00
1.069662175282324323e+00,1.088861613601554978e+00,5.759831495769196508e-02,-3.380583569412287659e-03,9.864217731388279731e+00
1.069678865667361034e+00,1.088861613601554978e+00,5.754824380258183325e-02,-5.007115511013182640e-03,9.862541128291569592e+00
1.069700810165227001e+00,1.088861613601554978e+00,5.748241030898393333e-02,-6.583349359789991695e-03,9.860899060949193995e+00
1.069727844569187791e+00,1.088861613601554978e+00,5.740130709710156154e-02,-8.110321188237179513e-03,9.859290985908865323e+00
1.069759808071739648e+00,1.088861613601554978e+00,5.730541658944598993e-02,-9.589050765557161071e-03,9.857716365823890214e+00
1.069796543210873807e+00,1.088861613601554978e+00,5.719521117204351413e-02,-1.102054174024758026e-02,9.856174669431796431e+00
1.069837895816951212e+00,1.088861613601554978e+00,5.707115335381129917e-02,-1.240578182322149559e-02,9.854665371530590079e+00
1.069883714960181642e+00,1.088861613601554978e+00,5.693369592412000912e-02,-1.374574296912900451e-02,9.853187952954991502e+00
1.069933852898707460e+00,1.088861613601554978e+00,5.678328210854255431e-02,-1.504138155774548125e-02,9.851741900550797126e+00
1.069988165027288440e+00,1.088861613601554978e+00,5.662034572279961431e-02,-1.629363857429400042e-02,9.850326707148505889e+00
1.070046509826584336e+00,1.088861613601554978e+00,5.644531132491192871e-02,-1.750343978876855999e-02,9.848941871536144532e+00
1.070108748813033861e+00,1.088861613601554978e+00,5.625859436556335247e-02,-1.867169593485762391e-02,9.847586898430705560e+00
1.070174746489326312e+00,1.088861613601554978e+00,5.606060133668600010e-02,-1.979930288773523728e-02,9.846261298448951038e+00
1.070244370295463820e+00,1.088861613601554978e+00,5.585172991827347388e-02,-2.088714184125262108e-02,9.844964588077020906e+00
1.070317490560408924e+00,1.088861613601554978e+00,5.563236912343816343e-02,-2.193607948353104575e-02,9.843696289639908059e+00
1.070393980454318106e+00,1.088861613601554978e+00,5.540289944171061798e-02,-2.294696817275454492e-02,9.842455931268956348e+00
1.070473715941354209e+00,1.088861613601554978e+00,5.516369298060230797e-02,-2.392064611083100090e-02,9.841243046869772471e+00
1.070556575733077276e+00,1.088861613601554978e+00,5.491511360543310794e-02,-2.485793751692000342e-02,9.840057176088514268e+00
1.070642441242409149e+00,1.088861613601554978e+00,5.465751707743748966e-02,-2.575965279956182741e-02,9.838897864277875271e+00
1.070731196538168728e+00,1.088861613601554978e+00,5.439125119015875143e-02,-2.662658872787382336e-02,9.837764662462285870e+00
1.070822728300174553e+00,1.088861613601554978e+00,5.411665590414127536e-02,-2.745952860174760701e-02,9.836657127302395054e+00
1.070916925774910711e+00,1.088861613601554978e+00,5.383406347993280328e-02,-2.825924242084720817e-02,9.835574821059086759e+00
1.071013680731752737e+00,1.088861613601554978e+00,5.354379860940672309e-02,-2.902648705260801876e-02,9.834517311556799868e+00
1.071112887419750415e+00,1.088861613601554978e+00,5.324617854541369155e-02,-2.976200639930315361e-02,9.833484172146111035e+00
1.071214442524962784e+00,1.088861613601554978e+00,5.294151322977658225e-02,-3.046653156371093019e-02,9.832474981666067038e+00
1.071318245128341617e+00,1.088861613601554978e+00,5.263010541964008304e-02,-3.114078101364992079e-02,9.831489324405991326e+00
1.071424196664161110e+00,1.088861613601554978e+00,5.231225081218160433e-02,-3.178546074584787107e-02,9.830526790066334897e+00
1.071532200878987151e+00,1.088861613601554978e+00,5.198823816770348216e-02,-3.240126444781221693e-02,9.829586973719891319e+00
1.071642163791185265e+00,1.088861613601554978e+00,5.165834943110914068e-02,-3.298887365943414807e-02,9.828669475771675934e+00
1.071753993650960579e+00,1.088861613601554978e+00,5.132285985178319798e-02,-3.354895793259426995e-02,9.827773901919188759e+00
1.071867600900927808e+00,1.088861613601554978e+00,5.098203810188151053e-02,-3.408217499016874541e-02,9.826899863111712818e+00
1.071982898137206153e+00,1.088861613601554978e+00,5.063614639304647724e-02,-3.458917088350332847e-02,9.826046975509543202e+00
1.072099800071035558e+00,1.088861613601554978e+00,5.028544059155826140e-02,-3.507058014882158403e-02,9.825214860442736509e+00
1.072218223490909228e+00,1.088861613601554978e+00,4.993017033193725140e-02,-3.552702596210099983e-02,9.824403144369837193e+00
1.072338087225219727e+00,1.088861613601554978e+00,4.957057912900575403e-02,-3.595912029314973779e-02,9.823611458835856070e+00
1.072459312105414009e+00,1.088861613601554978e+00,4.920690448842290898e-02,-3.636746405828450435e-02,9.822839440430138680e+00
1.072581820929651153e+00,1.088861613601554978e+00,4.883937801571147652e-02,-3.675264727114324614e-02,9.822086730744569394e+00
1.072705538426962812e+00,1.088861613601554978e+00,4.846822552377649806e-02,-3.711524919349784568e-02,9.821352976330279816e+00
1.072830391221907487e+00,1.088861613601554978e+00,4.809366713894247525e-02,-3.745583848340228172e-02,9.820637828655540247e+00
1.072956307799717734e+00,1.088861613601554978e+00,4.771591740551173189e-02,-3.777497334307433619e-02,9.819940944062437893e+00
1.073083218471934108e+00,1.088861613601554978e+00,4.733518538886261062e-02,-3.807320166491212632e-02,9.819261983723951204e+00
1.073211055342522924e+00,1.088861613601554978e+00,4.695167477709616399e-02,-3.835106117664466296e-02,9.818600613600452220e+00
1.073339752274471870e+00,1.088861613601554978e+00,4.656558398124932552e-02,-3.860907958468384749e-02,9.817956504396565975e+00
1.073469244856860350e+00,1.088861613601554978e+00,4.617710623408388670e-02,-3.884777471654388137e-02,9.817329331517541391e+00
1.073599470372400777e+00,1.088861613601554978e+00,4.578642968746260422e-02,-3.906765466212824833e-02,9.816718775025334409e+00
1.073730367765443727e+00,1.088861613601554978e+00,4.539373750833375354e-02,-3.926921791288506824e-02,9.816124519595449627e+00
1.073861877610446047e+00,1.088861613601554978e+00,4.499920797332679356e-02,-3.945295350069599749e-02,9.815546254472630849e+00
1.073993942080895714e+00,1.088861613601554978e+00,4.460301456197779402e-02,-3.961934113489995468e-02,9.814983673427079225e+00
1.074126504918688108e+00,1.088861613601554978e+00,4.420532604860061276e-02,-3.976885133771812519e-02,9.814436474710882763e+00
1.074259511403951484e+00,1.088861613601554978e+00,4.380630659281048445e-02,-3.990194557901283190e-02,9.813904361013797484e+00
1.074392908325316309e+00,1.088861613601554978e+00,4.340611582871600760e-02,-4.001907640944768474e-02,9.813387039419268376e+00
1.074526643950623139e+00,1.088861613601554978e+00,4.300490895279551751e-02,-4.012068759204900914e-02,9.812884221360747006e+00
1.074660667998065922e+00,1.088861613601554978e+00,4.260283681046717064e-02,-4.020721423283468710e-02,9.812395622577632537e+00
1.074794931607766513e+00,1.088861613601554978e+00,4.220004598136539720e-02,-4.027908291017734399e-02,9.811920963071187884e+00
1.074929387313774187e+00,1.088861613601554978e+00,4.179667886334237359e-02,-4.033671180230236075e-02,9.811459967061040288e+00
1.075063989016487920e+00,1.088861613601554978e+00,4.139287375520117607e-02,-4.038051081411975218e-02,9.811012362941081477e+00
1.075198691955495889e+00,1.088861613601554978e+00,4.098876493817726896e-02,-4.041088170239071076e-02,9.810577883235787056e+00
1.075333452682827318e+00,1.088861613601554978e+00,4.058448275618298240e-02,-4.042821819942865602e-02,9.810156264556754380e+00
1.075468229036614431e+00,1.088861613601554978e+00,4.018015369482164090e-02,-4.043290613613415019e-02,9.809747247558687988e+00
1.075602980115157425e+00,1.088861613601554978e+00,3.977590045919265904e-02,-4.042532356289818551e-02,9.809350576896294527e+00
1.075737666251390001e+00,1.088861613601554978e+00,3.937184205049493180e-02,-4.040584086977272449e-02,9.808966001180722927e+00
1.075872248987740809e+00,1.088861613601554978e+00,3.896809384144250821e-02,-4.037482090524235900e-02,9.808593272936199980e+00
1.076006691051385245e+00,1.088861613601554978e+00,3.856476765050920186e-02,-4.033261909333063500e-02,9.808232148557179286e+00
1.076140956329885379e+00,1.088861613601554978e+00,3.816197181500879942e-02,-4.027958355004024327e-02,9.807882388264969720e+00
1.076275009847212027e+00,1.088861613601554978e+00,3.775981126302885293e-02,-4.021605519799464901e-02,9.807543756065035367e+00
1.076408817740145185e+00,1.088861613601554978e+00,3.735838758422938000e-02,-4.014236787994729383e-02,9.807216019704283028e+00
1.076542347235048602e+00,1.088861613601554978e+00,3.695779909951912856e-02,-4.005884847102514357e-02,9.806898950628493594e+00
1.076675566625014957e+00,1.088861613601554978e+00,3.655814092962006434e-02,-3.996581698990642195e-02,9.806592323939714362e+00
1.076808445247375401e+00,1.088861613601554978e+00,3.615950506253873264e-02,-3.986358670813316962e-02,9.806295918354406282e+00
1.076940953461571260e+00,1.088861613601554978e+00,3.576198041995115595e-02,-3.975246425875766931e-02,9.806009516161193318e+00
1.077073062627383226e+00,1.088861613601554978e+00,3.536565292251525605e-02,-3.963274974358999003e-02,9.805732903178926207e+00
1.077204745083512938e+00,1.088861613601554978e+00,3.497060555412612182e-02,-3.950473683891342347e-02,9.805465868715213418e+00
1.077335974126514273e+00,1.088861613601554978e+00,3.457691842512211622e-02,-3.936871290040055982e-02,9.805208205524721166e+00
1.077466723990068154e+00,1.088861613601554978e+00,3.418466883446047433e-02,-3.922495906616418893e-02,9.804959709768297671e+00
1.077596969824598849e+00,1.088861613601554978e+00,3.379393133086838752e-02,-3.907375035920868100e-02,9.804720180971660426e+00
1.077726687677226680e+00,1.088861613601554978e+00,3.340477777298489492e-02,-3.891535578834925957e-02,9.804489421984635911e+00
1.077855854472052899e+00,1.088861613601554978e+00,3.301727738850623872e-02,-3.875003844786562013e-02,9.804267238940640894e+00
1.077984447990773198e+00,1.088861613601554978e+00,3.263149683234534137e-02,-3.857805561608973477e-02,9.804053441216256104e+00
1.078112446853615181e+00,1.088861613601554978e+00,3.224750024381939362e-02,-3.839965885259477574e-02,9.803847841391224449e+00
1.078239830500596241e+00,1.088861613601554978e+00,3.186534930287621137e-02,-3.821509409431822490e-02,9.803650255208559372e+00
1.078366579173098083e+00,1.088861613601554978e+00,3.148510328537068581e-02,-3.802460175055255576e-02,9.803460501534818405e+00
1.078492673895753429e+00,1.088861613601554978e+00,3.110681911740464933e-02,-3.782841679660364775e-02,9.803278402320801277e+00
1.078618096458640929e+00,1.088861613601554978e+00,3.073055142874214773e-02,-3.762676886625015982e-02,9.803103782562493151e+00
1.078742829399784720e+00,1.088861613601554978e+00,3.035635260531077684e-02,-3.741988234313708972e-02,9.802936470262174851e+00
1.078866855987954620e+00,1.088861613601554978e+00,2.998427284080107391e-02,-3.720797645097029260e-02,9.802776296389831501e+00
1.078990160205763438e+00,1.088861613601554978e+00,2.961436018737462206e-02,-3.699126534264518540e-02,9.802623094844729934e+00
1.079112726733056915e+00,1.088861613601554978e+00,2.924666060549419022e-02,-3.676995818804318361e-02,9.802476702417450838e+00
1.079234540930592123e+00,1.088861613601554978e+00,2.888121801288856538e-02,-3.654425926056248386e-02,9.802336958752325913e+00
1.079355588824002510e+00,1.088861613601554978e+00,2.851807433265740599e-02,-3.631436802311593937e-02,9.802203706309541076e+00
1.079475857088043833e+00,1.088861613601554978e+00,2.815726954053343611e-02,-3.608047921239698752e-02,9.802076790328136724e+00
1.079595333031117876e+00,1.088861613601554978e+00,2.779884171131130621e-02,-3.584278292221299012e-02,9.801956058789098591e+00
1.079714004580070830e+00,1.088861613601554978e+00,2.744282706445244635e-02,-3.560146468588598623e-02,9.801841362378567624e+00
1.079831860265261678e+00,1.088861613601554978e+00,2.708926000887990071e-02,-3.535670555725456410e-02,9.801732554451625390e+00
1.079948889205897711e+00,1.088861613601554978e+00,2.673817318697180312e-02,-3.510868219080975905e-02,9.801629490996162986e+00
1.080065081095633372e+00,1.088861613601554978e+00,2.638959751776481788e-02,-3.485756692069852392e-02,9.801532030597066125e+00
1.080180426188428688e+00,1.088861613601554978e+00,2.604356223937887016e-02,-3.460352783859477199e-02,9.801440034400783929e+00
1.080294915284664148e+00,1.088861613601554978e+00,2.570009495067249183e-02,-3.434672887063783264e-02,9.801353366080034490e+00
1.080408539717507610e+00,1.088861613601554978e+00,2.535922165214210544e-02,-3.408732985303863927e-02,9.801271891799103742e+00
1.080521291339531009e+00,1.088861613601554978e+00,2.502096678607190761e-02,-3.382548660701978349e-02,9.801195480179051955e+00
1.080633162509572198e+00,1.088861613601554978e+00,2.468535327594834072e-02,-3.356135101235668827e-02,9.801124002263591706e+00
1.080744146079839929e+00,1.088861613601554978e+00,2.435240256514514812e-02,-3.329507108031926066e-02,9.801057331484827273e+00
1.080854235383255979e+00,1.088861613601554978e+00,2.402213465489699828e-02,-3.302679102481498319e-02,9.800995343630082957e+00
1.080963424221035085e+00,1.088861613601554978e+00,2.369456814155967983e-02,-3.275665133373184545e-02,9.800937916807828998e+00
1.081071706850494918e+00,1.088861613601554978e+00,2.336972025318018176e-02,-3.248478883794980732e-02,9.800884931415231094e+00
1.081179077973096314e+00,1.088861613601554978e+00,2.304760688537599300e-02,-3.221133678041887549e-02,9.800836270104957393e+00
1.081285532722708220e+00,1.088861613601554978e+00,2.272824263654027455e-02,-3.193642488357184561e-02,9.800791817752969592e+00
1.081391066654095567e+00,1.088861613601554978e+00,2.241164084237823317e-02,-3.166017941620413723e-02,9.800751461426173705e+00
1.081495675731625417e+00,1.088861613601554978e+00,2.209781360978868570e-02,-3.138272325895474779e-02,9.800715090350834657e+00
1.081599356318190264e+00,1.088861613601554978e+00,2.178677185009414430e-02,-3.110417596945413976e-02,9.800682595880640946e+00
1.081702105164343175e+00,1.088861613601554978e+00,2.147852531163541023e-02,-3.082465384587340651e-02,9.800653871465762279e+00
1.081803919397642755e+00,1.088861613601554978e+00,2.117308261173667105e-02,-3.054426998987391784e-02,9.800628812621862807e+00
1.081904796512204614e+00,1.088861613601554978e+00,2.087045126805109341e-02,-3.026313436855776473e-02,9.800607316899494492e+00
1.082004734358456233e+00,1.088861613601554978e+00,2.057063772929623724e-02,-2.998135387548561681e-02,9.800589283853810230e+00
1.082103731133093438e+00,1.088861613601554978e+00,2.027364740538462051e-02,-2.969903239116167271e-02,9.800574615014223667e+00
1.082201785369232061e+00,1.088861613601554978e+00,1.997948469696875229e-02,-2.941627084158682237e-02,9.800563213855381761e+00
1.082298895926756099e+00,1.088861613601554978e+00,1.968815302439663739e-02,-2.913316725721148970e-02,9.800554985767185201e+00
1.082395061982856843e+00,1.088861613601554978e+00,1.939965485609440599e-02,-2.884981683022314058e-02,9.800549838025871097e+00
1.082490283022760291e+00,1.088861613601554978e+00,1.911399173638406168e-02,-2.856631197103443043e-02,9.800547679765349685e+00
1.082584558830640198e+00,1.088861613601554978e+00,1.883116431274434177e-02,-2.828274236397199104e-02,9.800548421948771960e+00
1.082677889480714972e+00,1.088861613601554978e+00,1.855117236252001867e-02,-2.799919502243231051e-02,9.800551977340088428e+00
1.082770275328523768e+00,1.088861613601554978e+00,1.827401481909363135e-02,-2.771575434263873206e-02,9.800558260476455175e+00
1.082861717002380209e+00,1.088861613601554978e+00,1.799968979752430975e-02,-2.743250215693215921e-02,9.800567187640591982e+00
1.082952215395000639e+00,1.088861613601554978e+00,1.772819461966301802e-02,-2.714951778612917366e-02,9.800578676833534786e+00
1.083041771655304464e+00,1.088861613601554978e+00,1.745952583875154396e-02,-2.686687809114740588e-02,9.800592647747604857e+00
1.083130387180383014e+00,1.088861613601554978e+00,1.719367926351589304e-02,-2.658465752356509171e-02,9.800609021739951743e+00
1.083218063607635617e+00,1.088861613601554978e+00,1.693064998175808356e-02,-2.630292817578094855e-02,9.800627721805977188e+00
1.083304802807068867e+00,1.088861613601554978e+00,1.667043238345833345e-02,-2.602175982997501080e-02,9.800648672553483820e+00
1.083390606873757323e+00,1.088861613601554978e+00,1.641302018339296787e-02,-2.574122000653655817e-02,9.800671800176857573e+00
1.083475478120463631e+00,1.088861613601554978e+00,1.615840644327404263e-02,-2.546137401189252358e-02,9.800697032431381572e+00
1.083559419070412977e+00,1.088861613601554978e+00,1.590658359342600470e-02,-2.518228498480379329e-02,9.800724298608622931e+00
1.083642432450223181e+00,1.088861613601554978e+00,1.565754345399539282e-02,-2.490401394306118732e-02,9.800753529510934925e+00
1.083724521182984457e+00,1.088861613601554978e+00,1.541127725571156404e-02,-2.462661982838287855e-02,9.800784657427328739e+00
1.083805688381488608e+00,1.088861613601554978e+00,1.516777566019911205e-02,-2.435015955124519849e-02,9.800817616108954411e+00
1.083885937341603656e+00,1.088861613601554978e+00,1.492702877985396803e-02,-2.407468803451440209e-02,9.800852340745340285e+00
1.083965271535793251e+00,1.088861613601554978e+00,1.468902619728518211e-02,-2.380025825687859253e-02,9.800888767940406865e+00
1.084043694606776853e+00,1.088861613601554978e+00,1.445375698433437606e-02,-2.352692129508060503e-02,9.800926835689253380e+00
1.084121210361329357e+00,1.088861613601554978e+00,1.422120972067686395e-02,-2.325472636575121044e-02,9.800966483354926595e+00
1.084197822764217278e+00,1.088861613601554978e+00,1.399137251201310050e-02,-2.298372086637634482e-02,9.801007651645637253e+00
1.084273535932269716e+00,1.088861613601554978e+00,1.376423300785578618e-02,-2.271395041573143203e-02,9.801050282592125740e+00
1.084348354128581438e+00,1.088861613601554978e+00,1.353977841892062273e-02,-2.244545889351634571e-02,9.801094319525404330e+00
1.084422281756845630e+00,1.088861613601554978e+00,1.331799553412804649e-02,-2.217828847925762403e-02,9.801139707054870698e+00
1.084495323355815444e+00,1.088861613601554978e+00,1.309887073721860418e-02,-2.191247969094423098e-02,9.801186391046275759e+00
1.084567483593889881e+00,1.088861613601554978e+00,1.288239002299529368e-02,-2.164807142233104997e-02,9.801234318600664963e+00
1.084638767263824244e+00,1.088861613601554978e+00,1.266853901319220377e-02,-2.138510098030899087e-02,9.801283438032884376e+00
1.084709179277562052e+00,1.088861613601554978e+00,1.245730297197877867e-02,-2.112360412134250964e-02,9.801333698850637433e+00
1.084778724661184857e+00,1.088861613601554978e+00,1.224866682111036553e-02,-2.086361508684131394e-02,9.801385051734269993e+00
1.084847408549981074e+00,1.088861613601554978e+00,1.204261515472171418e-02,-2.060516663886513555e-02,9.801437448515857298e+00
1.084915236183628950e+00,1.088861613601554978e+00,1.183913225377808409e-02,-2.034829009436300851e-02,9.801490842159415351e+00
1.084982212901492771e+00,1.088861613601554978e+00,1.163820210018662316e-02,-2.009301535914609360e-02,9.801545186741041249e+00
1.085048344138030529e+00,1.088861613601554978e+00,1.143980839057334720e-02,-1.983937096132759592e-02,9.801600437429247137e+00
1.085113635418311295e+00,1.088861613601554978e+00,1.124393454973104944e-02,-1.958738408422977528e-02,9.801656550465501994e+00
1.085178092353638712e+00,1.088861613601554978e+00,1.105056374374879802e-02,-1.933708059822514258e-02,9.801713483145524819e+00
1.085241720637280638e+00,1.088861613601554978e+00,1.085967889282302146e-02,-1.908848509257765613e-02,9.801771193800245641e+00
1.085304526040302475e+00,1.088861613601554978e+00,1.067126268375750975e-02,-1.884162090655117083e-02,9.801829641777207058e+00
1.085366514407502203e+00,1.088861613601554978e+00,1.048529758215832608e-02,-1.859651015991836687e-02,9.801888787422241123e+00
1.085427691653443993e+00,1.088861613601554978e+00,1.030176584433295517e-02,-1.835317378253709109e-02,9.801948592061796361e+00
1.085488063758591970e+00,1.088861613601554978e+00,1.012064952888902525e-02,-1.811163154439299205e-02,9.802009017984495642e+00
1.085547636765538559e+00,1.088861613601554978e+00,9.941930508049257043e-03,-1.787190208397682056e-02,9.802070028424072490e+00
1.085606416775327432e+00,1.088861613601554978e+00,9.765590478682639741e-03,-1.763400293666173013e-02,9.802131587542021407e+00
1.085664409943870590e+00,1.088861613601554978e+00,9.591610973053166234e-03,-1.739795056294735076e-02,9.802193660410106091e+00
1.085721622478454718e+00,1.088861613601554978e+00,9.419973369300782551e-03,-1.716376037523836828e-02,9.802256212994063134e+00
1.085778060634338127e+00,1.088861613601554978e+00,9.250658901650554711e-03,-1.693144676502278401e-02,9.802319212136628934e+00
1.085833730711435186e+00,1.088861613601554978e+00,9.083648670359378841e-03,-1.670102312911758702e-02,9.802382625541241623e+00
1.085888639051086457e+00,1.088861613601554978e+00,8.918923651405563646e-03,-1.647250189538151943e-02,9.802446421756023653e+00
1.085942792032913440e+00,1.088861613601554978e+00,8.756464705924615899e-03,-1.624589454809477473e-02,9.802510570157830117e+00
1.085996196071756126e+00,1.088861613601554978e+00,8.596252589396558008e-03,-1.602121165280578907e-02,9.802575040936591932e+00
1.086048857614692498e+00,1.088861613601554978e+00,8.438267960587442218e-03,-1.579846288091157902e-02,9.802639805079676805e+00
1.086100783138136849e+00,1.088861613601554978e+00,8.282491390254387298e-03,-1.557765703330549201e-02,9.802704834356950059e+00
1.086151979145016933e+00,1.088861613601554978e+00,8.128903369614137731e-03,-1.535880206402495674e-02,9.802770101305590345e+00
1.086202452162027488e+00,1.088861613601554978e+00,7.977484318582472866e-03,-1.514190510316648641e-02,9.802835579215416928e+00
1.086252208736959490e+00,1.088861613601554978e+00,7.828214593786464448e-03,-1.492697247960084184e-02,9.802901242114186786e+00
1.086301255436103119e+00,1.088861613601554978e+00,7.681074496355577708e-03,-1.471400974308867404e-02,9.802967064753268289e+00
1.086349598841721997e+00,1.088861613601554978e+00,7.536044279498943510e-03,-1.450302168566341976e-02,9.803033022593835355e+00
1.086397245549600266e+00,1.088861613601554978e+00,7.393104155864138605e-03,-1.429401236348049054e-02,9.803099091792384812e+00
1.086444202166657824e+00,1.088861613601554978e+00,7.252234304691462796e-03,-1.408698511726758085e-02,9.803165249187424379e+00
1.086490475308633963e+00,1.088861613601554978e+00,7.113414878763046900e-03,-1.388194259284158960e-02,9.803231472285922621e+00
1.086536071597838715e+00,1.088861613601554978e+00,6.976626011148789885e-03,-1.367888676142570148e-02,9.803297739249723364e+00
1.086580997660968384e+00,1.088861613601554978e+00,6.841847821759783344e-03,-1.347781893890065419e-02,9.803364028882858960e+00
1.086625260126986348e+00,1.088861613601554978e+00,6.709060423705892617e-03,-1.327873980538907261e-02,9.803430320618318206e+00
1.086668865625066260e+00,1.088861613601554978e+00,6.578243929466154327e-03,-1.308164942397382902e-02,9.803496594505492823e+00
1.086711820782596760e+00,1.088861613601554978e+00,6.449378456874654830e-03,-1.288654725914994970e-02,9.803562831197725203e+00
1.086754132223247016e+00,1.088861613601554978e+00,6.322444134923888015e-03,-1.269343219507668152e-02,9.803629011939847260e+00
1.086795806565091116e+00,1.088861613601554978e+00,6.197421109391587635e-03,-1.250230255323003803e-02,9.803695118556161603e+00
1.086836850418790856e+00,1.088861613601554978e+00,6.074289548292366447e-03,-1.231315610992211873e-02,9.803761133438371189e+00
1.086877270385834482e+00,1.088861613601554978e+00,5.953029647161489635e-03,-1.212599011308768127e-02,9.803827039534073862e+00
1.086917073056831606e+00,1.088861613601554978e+00,5.833621634170116366e-03,-1.194080129913732691e-02,9.803892820335033065e+00
1.086956265009862088e+00,1.088861613601554978e+00,5.716045775078670843e-03,-1.175758590914455226e-02,9.803958459865935282e+00
1.086994852808879308e+00,1.088861613601554978e+00,5.600282378027010566e-03,-1.157633970516602773e-02,9.804023942672861480e+00
1.087032843002163851e+00,1.088861613601554978e+00,5.486311798173382215e-03,-1.139705798536283510e-02,9.804089253812811933e+00
1.087070242120829588e+00,1.088861613601554978e+00,5.374114442176169959e-03,-1.121973559972122558e-02,9.804154378842454776e+00
1.087107056677379502e+00,1.088861613601554978e+00,5.263670772526429786e-03,-1.104436696497401726e-02,9.804219303807553132e+00
1.087143293164310132e+00,1.088861613601554978e+00,5.154961311734540530e-03,-1.087094607918892564e-02,9.804284015232546778e+00
1.087178958052764211e+00,1.088861613601554978e+00,5.047966646372303856e-03,-1.069946653622366739e-02,9.804348500110149800e+00
1.087214057791229260e+00,1.088861613601554978e+00,4.942667430977154552e-03,-1.052992153951493037e-02,9.804412745891463388e+00
1.087248598804283484e+00,1.088861613601554978e+00,4.839044391814484314e-03,-1.036230391626702385e-02,9.804476740475548624e+00
1.087282587491385177e+00,1.088861613601554978e+00,4.737078330509403301e-03,-1.019660613050810127e-02,9.804540472200001133e+00
1.087316030225706776e+00,1.088861613601554978e+00,4.636750127544608802e-03,-1.003282029647944995e-02,9.804603929831065656e+00
1.087348933353011526e+00,1.088861613601554978e+00,4.538040745630356199e-03,-9.870938191425260300e-03,9.804667102554205371e+00
1.087381303190571691e+00,1.088861613601554978e+00,4.440931232949862917e-03,-9.710951268049328178e-03,9.804729979964900366e+00
1.087413146026128485e+00,1.088861613601554978e+00,4.345402726279479211e-03,-9.552850667038370602e-03,9.804792552059241828e+00
1.087444468116891105e+00,1.088861613601554978e+00,4.251436453991619402e-03,-9.396627228785980890e-03,9.804854809225206580e+00
1.087475275688576160e+00,1.088861613601554978e+00,4.159013738936456761e-03,-9.242271505516264085e-03,9.804916742233420024e+00
1.087505574934484631e+00,1.088861613601554978e+00,4.068116001211041777e-03,-9.089773772541498431e-03,9.804978342228670485e+00
1.087535372014615920e+00,1.088861613601554978e+00,3.978724760817176076e-03,-8.939124039386570075e-03,9.805039600721430659e+00
1.087564673054819409e+00,1.088861613601554978e+00,3.890821640206709731e-03,-8.790312061046634540e-03,9.805100509579160573e+00
1.087593484145980893e+00,1.088861613601554978e+00,3.804388366722255554e-03,-8.643327348445417613e-03,9.805161061018276669e+00
1.087621811343244094e+00,1.088861613601554978e+00,3.719406774932654258e-03,-8.498159178960129623e-03,9.805221247595973466e+00
1.087649660665267026e+00,1.088861613601554978e+00,3.635858808863856595e-03,-8.354796606879766330e-03,9.805281062201984810e+00
1.087677038093510129e+00,1.088861613601554978e+00,3.553726524134548370e-03,-8.213228472930822477e-03,9.805340498051204889e+00
1.087703949571558359e+00,1.088861613601554978e+00,3.472992089989856979e-03,-8.073443414469139157e-03,9.805399548675520549e+00
1.087730401004474157e+00,1.088861613601554978e+00,3.393637791242465340e-03,-7.935429874739163836e-03,9.805458207916503355e+00
1.087756398258181489e+00,1.088861613601554978e+00,3.315646030120467103e-03,-7.799176112199823763e-03,9.805516469917920475e+00
1.087781947158880547e+00,1.088861613601554978e+00,3.238999328023295377e-03,-7.664670209717172611e-03,9.805574329118305954e+00
1.087807053492491516e+00,1.088861613601554978e+00,3.163680327190387942e-03,-7.531900083290743453e-03,9.805631780243899698e+00
1.087831723004127005e+00,1.088861613601554978e+00,3.089671792283921192e-03,-7.400853490646674970e-03,9.805688818301637966e+00
1.087855961397592441e+00,1.088861613601554978e+00,3.016956611887611217e-03,-7.271518039630997521e-03,9.805745438572257555e+00
1.087879774334915117e+00,1.088861613601554978e+00,2.945517799919583624e-03,-7.143881196802759348e-03,9.805801636603117544e+00
1.087903167435898100e+00,1.088861613601554978e+00,2.875338496970636371e-03,-7.017930294894725307e-03,9.805857408202076186e+00
1.087926146277701456e+00,1.088861613601554978e+00,2.806401971560568143e-03,-6.893652541006822787e-03,9.805912749430554243e+00
1.087948716394447901e+00,1.088861613601554978e+00,2.738691621321232006e-03,-6.771035023933613672e-03,9.805967656597388782e+00
1.087970883276853984e+00,1.088861613601554978e+00,2.672190974102983674e-03,-6.650064721824833214e-03,9.806022126252278426e+00
1.087992652371885249e+00,1.088861613601554978e+00,2.606883689009187322e-03,-6.530728509379635227e-03,9.806076155179630049e+00
1.088014029082434497e+00,1.088861613601554978e+00,2.542753557361443484e-03,-6.413013164774383768e-03,9.806129740392588445e+00
1.088035018767023132e+00,1.088861613601554978e+00,2.479784503595539036e-03,-6.296905376590444803e-03,9.806182879127005592e+00
1.088055626739524273e+00,1.088861613601554978e+00,2.417960586092116060e-03,-6.182391750342297598e-03,9.806235568835750982e+00
1.088075858268909180e+00,1.088861613601554978e+00,2.357265997937396662e-03,-6.069458815471939772e-03,9.806287807182465954e+00
1.088095718579012328e+00,1.088861613601554978e+00,2.297685067627952549e-03,-5.958093030944411339e-03,9.806339592036684039e+00
1.088115212848319135e+00,1.088861613601554978e+00,2.239202259707528953e-03,-5.848280792042359622e-03,9.806390921467665223e+00
1.088134346209772563e+00,1.088861613601554978e+00,2.181802175347247186e-03,-5.740008436028176675e-03,9.806441793739319124e+00
1.088153123750599915e+00,1.088861613601554978e+00,2.125469552865189016e-03,-5.633262248205817002e-03,9.806492207304659203e+00
1.088171550512157859e+00,1.088861613601554978e+00,2.070189268191358067e-03,-5.528028467383094835e-03,9.806542160800809427e+00
1.088189631489795861e+00,1.088861613601554978e+00,2.015946335277352119e-03,-5.424293291400594796e-03,9.806591653043877699e+00
1.088207371632738285e+00,1.088861613601554978e+00,1.962725906450080160e-03,-5.322042882727195945e-03,9.806640683023722715e+00
1.088224775843982917e+00,1.088861613601554978e+00,1.910513272716185540e-03,-5.221263373389462004e-03,9.806689249899326555e+00
1.088241848980217474e+00,1.088861613601554978e+00,1.859293864012512287e-03,-5.121940870367325260e-03,9.806737352993645018e+00
1.088258595851751442e+00,1.088861613601554978e+00,1.809053249410608188e-03,-5.024061460190409889e-03,9.806784991789220030e+00
1.088275021222464334e+00,1.088861613601554978e+00,1.759777137271933967e-03,-4.927611213867422180e-03,9.806832165923404787e+00
1.088291129809769719e+00,1.088861613601554978e+00,1.711451375355776960e-03,-4.832576191615700623e-03,9.806878875183739908e+00
1.088306926284593468e+00,1.088861613601554978e+00,1.664061950884532237e-03,-4.738942447124472324e-03,9.806925119503761223e+00
1.088322415271367527e+00,1.088861613601554978e+00,1.617594990562354340e-03,-4.646696032217789707e-03,9.806970898958345728e+00
1.088337601348037476e+00,1.088861613601554978e+00,1.572036760552508738e-03,-4.555823000984560167e-03,9.807016213759569112e+00
1.088352489046083393e+00,1.088861613601554978e+00,1.527373666414755249e-03,-4.466309413775348958e-03,9.807061064252639682e+00
1.088367082850554501e+00,1.088861613601554978e+00,1.483592253001431160e-03,-4.378141341332408842e-03,9.807105450911668854e+00
1.088381387200116679e+00,1.088861613601554978e+00,1.440679204314898598e-03,-4.291304868653256221e-03,9.807149374335661918e+00
1.088395406487112416e+00,1.088861613601554978e+00,1.398621343327688393e-03,-4.205786098721020494e-03,9.807192835244606499e+00
1.088409145057632754e+00,1.088861613601554978e+00,1.357405631766672727e-03,-4.121571156101566658e-03,9.807235834475665825e+00
1.088422607211600557e+00,1.088861613601554978e+00,1.317019169863264949e-03,-4.038646190340777764e-03,9.807278372979522985e+00
1.088435797202866429e+00,1.088861613601554978e+00,1.277449196065649772e-03,-3.956997379761517664e-03,9.807320451816304185e+00
1.088448719239313967e+00,1.088861613601554978e+00,1.238683086723035842e-03,-3.876610934261393027e-03,9.807362072152461252e+00
1.088461377482976555e+00,1.088861613601554978e+00,1.200708355735269350e-03,-3.797473098776649181e-03,9.807403235256959562e+00
1.088473776050165043e+00,1.088861613601554978e+00,1.163512654169807092e-03,-3.719570156546225803e-03,9.807443942497624079e+00
1.088485919011603187e+00,1.088861613601554978e+00,1.127083769855374840e-03,-3.642888431443225272e-03,9.807484195338412647e+00
1.088497810392575094e+00,1.088861613601554978e+00,1.091409626939654487e-03,-3.567414291572035268e-03,9.807523995335367673e+00
1.088509454173080648e+00,1.088861613601554978e+00,1.056478285422990382e-03,-3.493134151666410503e-03,9.807563344133757965e+00
1.088520854287999606e+00,1.088861613601554978e+00,1.022277940666116436e-03,-3.420034475687394604e-03,9.807602243464978997e+00
1.088532014627265010e+00,1.088861613601554978e+00,9.887969228699056146e-04,-3.348101779621082130e-03,9.807640695143248877e+00
1.088542939036044821e+00,1.088861613601554978e+00,9.560236965304724777e-04,-3.277322633943313690e-03,9.807678701062588544e+00
1.088553631314930881e+00,1.088861613601554978e+00,9.239468598722933024e-04,-3.207683665817917529e-03,9.807716263194054207e+00
1.088564095220136307e+00,1.088861613601554978e+00,8.925551442560131221e-04,-3.139171561628018026e-03,9.807753383582628715e+00
1.088574334463700000e+00,1.088861613601554978e+00,8.618374135649364831e-04,-3.071773069107663900e-03,9.807790064344457548e+00
1.088584352713698022e+00,1.088861613601554978e+00,8.317826635708680527e-04,-3.005474999406843040e-03,9.807826307664164744e+00
1.088594153594462544e+00,1.088861613601554978e+00,8.023800212773046781e-04,-2.940264229356337466e-03,9.807862115791921909e+00
1.088603740686806320e+00,1.088861613601554978e+00,7.736187442459740993e-04,-2.876127703133057878e-03,9.807897491041114080e+00
1.088613117528254071e+00,1.088861613601554978e+00,7.454882199027235146e-04,-2.813052434325058471e-03,9.807932435785577496e+00
1.088622287613280504e+00,1.088861613601554978e+00,7.179779648234241307e-04,-2.751025507929938385e-03,9.807966952456894205e+00
1.088631254393552572e+00,1.088861613601554978e+00,6.910776240072191712e-04,-2.690034081620495954e-03,9.808001043542386554e+00
1.088640021278178827e+00,1.088861613601554978e+00,6.647769701284556021e-04,-2.630065387876356908e-03,9.808034711582251930e+00
1.088648591633963436e+00,1.088861613601554978e+00,6.390659027746270482e-04,-2.571106735382855391e-03,9.808067959167392047e+00
1.088656968785664647e+00,1.088861613601554978e+00,6.139344476709940324e-04,-2.513145510363301582e-03,9.808100788937307968e+00
1.088665156016259683e+00,1.088861613601554978e+00,5.893727558858863347e-04,-2.456169178510769768e-03,9.808133203577375170e+00
1.088673156567212308e+00,1.088861613601554978e+00,5.653711030280117456e-04,-2.400165285787458913e-03,9.808165205817241272e+00
1.088680973638746829e+00,1.088861613601554978e+00,5.419198884244469383e-04,-2.345121460356480725e-03,9.808196798428069130e+00
1.088688610390124101e+00,1.088861613601554978e+00,5.190096342926331374e-04,-2.291025413181380088e-03,9.808227984221112195e+00
1.088696069939923516e+00,1.088861613601554978e+00,4.966309848943861738e-04,-2.237864939824696364e-03,9.808258766045069521e+00
1.088703355366327452e+00,1.088861613601554978e+00,4.747747056825790679e-04,-2.185627921180710587e-03,9.808289146784503032e+00
1.088710469707409700e+00,1.088861613601554978e+00,4.534316824358342046e-04,-2.134302324674486329e-03,9.808319129357762733e+00
1.088717415961427903e+00,1.088861613601554978e+00,4.325929203812250989e-04,-2.083876205460910569e-03,9.808348716714920812e+00
1.088724197087117540e+00,1.088861613601554978e+00,4.122495433123152253e-04,-2.034337706890987363e-03,9.808377911836421603e+00
1.088730816003990798e+00,1.088861613601554978e+00,3.923927926925419030e-04,-1.985675061977332234e-03,9.808406717730715485e+00
1.088737275592636999e+00,1.088861613601554978e+00,3.730140267539372445e-04,-1.937876593860465846e-03,9.808435137432894635e+00
1.088743578695026581e+00,1.088861613601554978e+00,3.541047195851909635e-04,-1.890930716874628104e-03,9.808463174002710616e+00
1.088749728114816406e+00,1.088861613601554978e+00,3.356564602157163790e-04,-1.844825936947458445e-03,9.808490830523268755e+00
1.088755726617658626e+00,1.088861613601554978e+00,3.176609516890582796e-04,-1.799550852665809941e-03,9.808518110099024412e+00
1.088761576931510655e+00,1.088861613601554978e+00,3.001100101329701175e-04,-1.755094155608816209e-03,9.808545015854525317e+00
1.088767281746948257e+00,1.088861613601554978e+00,2.829955638201653301e-04,-1.711444631280478745e-03,9.808571550932541072e+00
1.088772843717479066e+00,1.088861613601554978e+00,2.663096522277363931e-04,-1.668591159242893696e-03,9.808597718492984896e+00
1.088778265459859229e+00,1.088861613601554978e+00,2.500444250872480012e-04,-1.626522714048839191e-03,9.808623521711039572e+00
1.088783549554410479e+00,1.088861613601554978e+00,2.341921414334979801e-04,-1.585228365375002113e-03,9.808648963776059659e+00
1.088788698545339217e+00,1.088861613601554978e+00,2.187451686472829948e-04,-1.544697278621498526e-03,9.808674047890026060e+00
1.088793714941057145e+00,1.088861613601554978e+00,2.036959814935013213e-04,-1.504918715378167349e-03,9.808698777266116053e+00
1.088798601214501671e+00,1.088861613601554978e+00,1.890371611599217516e-04,-1.465882033357956971e-03,9.808723155127802684e+00
1.088803359803458992e+00,1.088861613601554978e+00,1.747613942879588933e-04,-1.427576687196285832e-03,9.808747184707092615e+00
1.088807993110886940e+00,1.088861613601554978e+00,1.608614720041146029e-04,-1.389992228384429040e-03,9.808770869243620183e+00
1.088812503505239171e+00,1.088861613601554978e+00,1.473302889474226163e-04,-1.353118305669198662e-03,9.808794211983279610e+00
1.088816893320789791e+00,1.088861613601554978e+00,1.341608422955609115e-04,-1.316944665186170482e-03,9.808817216177109444e+00
1.088821164857958212e+00,1.088861613601554978e+00,1.213462307902979376e-04,-1.281461150526297388e-03,9.808839885080264054e+00
1.088825320383634665e+00,1.088861613601554978e+00,1.088796537609404425e-04,-1.246657702935749512e-03,9.808862221950825244e+00
1.088829362131506162e+00,1.088861613601554978e+00,9.675441014644903248e-05,-1.212524361449140997e-03,9.808884230048697361e+00
1.088833292302382461e+00,1.088861613601554978e+00,8.496389751755373254e-05,-1.179051262889529994e-03,9.808905912634628521e+00
1.088837113064522244e+00,1.088861613601554978e+00,7.350161109820341210e-05,-1.146228641935032044e-03,9.808927272969164335e+00
1.088840826553958863e+00,1.088861613601554978e+00,6.236114278834747893e-05,-1.114046830985593317e-03,9.808948314311802363e+00
1.088844434874826739e+00,1.088861613601554978e+00,5.153618018471917139e-05,-1.082496260362830753e-03,9.808969039919823274e+00
1.088847940099686662e+00,1.088861613601554978e+00,4.102050560494951981e-05,-1.051567457976965159e-03,9.808989453047628260e+00
1.088851344269851307e+00,1.088861613601554978e+00,3.080799511101517396e-05,-1.021251049393434585e-03,9.809009556945717634e+00
1.088854649395710528e+00,1.088861613601554978e+00,2.089261753335236449e-05,-9.915377577662809472e-04,9.809029354859767125e+00
1.088857857457055767e+00,1.088861613601554978e+00,1.126843349763539948e-05,-9.624184035716965013e-04,9.809048850029926214e+00
1.088860970403404016e+00,1.088861613601554978e+00,1.929594452887428702e-06,-9.338839044747970775e-04,9.809068045689977922e+00
1.088863990154321115e+00,1.088861613601554978e+00,-7.129658298410390671e-06,-9.059252751297819373e-04,9.809086945066571417e+00
1.088866918599744826e+00,1.088861613601554978e+00,-1.591499456954359459e-05,-8.785336271133203923e-04,9.809105551378317855e+00
1.088869757600306354e+00,1.088861613601554978e+00,-2.443199625412617593e-05,-8.517001684582581333e-04,9.809123867835287669e+00
1.088872508987651422e+00,1.088861613601554978e+00,-3.268615828933008061e-05,-8.254162035203904679e-04,9.809141897638191665e+00
1.088875174564760462e+00,1.088861613601554978e+00,-4.068288961645016855e-05,-7.996731327120087940e-04,9.809159643977672260e+00
1.088877756106267247e+00,1.088861613601554978e+00,-4.842751413680623784e-05,-7.744624520356069297e-04,9.809177110033827418e+00
1.088880255358777305e+00,1.088861613601554978e+00,-5.592527166697891516e-05,-7.497757530172677320e-04,9.809194298975317139e+00
1.088882674041184995e+00,1.088861613601554978e+00,-6.318131889004874324e-05,-7.256047223069828078e-04,9.809211213958803910e+00
1.088885013844988592e+00,1.088861613601554978e+00,-7.020073030084006405e-05,-7.019411410791320804e-04,9.809227858128620525e+00
1.088887276434604923e+00,1.088861613601554978e+00,-7.698849914983263432e-05,-6.787768848992570270e-04,9.809244234615951186e+00
1.088889463447682893e+00,1.088861613601554978e+00,-8.354953838374257202e-05,-6.561039233909937707e-04,9.809260346538225761e+00
1.088891576495414792e+00,1.088861613601554978e+00,-8.988868157944196469e-05,-6.339143195699392663e-04,9.809276196998851560e+00
1.088893617162846494e+00,1.088861613601554978e+00,-9.601068387454780861e-05,-6.122002295105843928e-04,9.809291789086614699e+00
1.088895587009186761e+00,1.088861613601554978e+00,-1.019202228953464129e-04,-5.909539020798604270e-04,9.809307125875024624e+00
1.088897487568114553e+00,1.088861613601554978e+00,-1.076218996787225990e-04,-5.701676783376186108e-04,9.809322210421983712e+00
1.088899320348084565e+00,1.088861613601554978e+00,-1.131202395887598300e-04,-5.498339910037230993e-04,9.809337045769407126e+00
1.088901086832631648e+00,1.088861613601554978e+00,-1.184196932300096705e-04,-5.299453641249840530e-04,9.809351634942645504e+00
1.088902788480673012e+00,1.088861613601554978e+00,-1.235246373540999087e-04,-5.104944124090238233e-04,9.809365980950238040e+00
1.088904426726809316e+00,1.088861613601554978e+00,-1.284393757630120092e-04,-4.914738408912100454e-04,9.809380086783345831e+00
1.088906002981623988e+00,1.088861613601554978e+00,-1.331681402070294951e-04,-4.728764444017485857e-04,9.809393955415391275e+00
1.088907518631980098e+00,1.088861613601554978e+00,-1.377150912753588585e-04,-4.546951068329363466e-04,9.809407589801892868e+00
1.088908975041316562e+00,1.088861613601554978e+00,-1.420843192847520697e-04,-4.369228009393211209e-04,9.809420992879775980e+00
1.088910373549940802e+00,1.088861613601554978e+00,-1.462798451574709446e-04,-4.195525872718874894e-04,9.809434167567571805e+00
1.088911715475321840e+00,1.088861613601554978e+00,-1.503056213005837805e-04,-4.025776143112835825e-04,9.809447116764388852e+00
1.088913002112379402e+00,1.088861613601554978e+00,-1.541655324732715826e-04,-3.859911172687802150e-04,9.809459843350257557e+00
1.088914234733771913e+00,1.088861613601554978e+00,-1.578633966508036224e-04,-3.697864177532039776e-04,9.809472350185597378e+00
1.088915414590182928e+00,1.088861613601554978e+00,-1.614029658838500580e-04,-3.539569233046435670e-04,9.809484640110811782e+00
1.088916542910605134e+00,1.088861613601554978e+00,-1.647879271504670839e-04,-3.384961266617025899e-04,9.809496715946188772e+00
1.088917620902621897e+00,1.088861613601554978e+00,-1.680219032007546076e-04,-3.233976050287523663e-04,9.809508580491771212e+00
1.088918649752687928e+00,1.088861613601554978e+00,-1.711084533988493916e-04,-3.086550198094784037e-04,9.809520236526791948e+00
1.088919630626406621e+00,1.088861613601554978e+00,-1.740510745549261884e-04,-2.942621156076796751e-04,9.809531686809837225e+00
1.088920564668806268e+00,1.088861613601554978e+00,-1.768532017538682055e-04,-2.802127198942017117e-04,9.809542934078352872e+00
1.088921453004613848e+00,1.088861613601554978e+00,-1.795182091766100996e-04,-2.665007422741894061e-04,9.809553981048550142e+00
1.088922296738526141e+00,1.088861613601554978e+00,-1.820494109134873639e-04,-2.531201736877264352e-04,9.809564830415398617e+00
1.088923096955479952e+00,1.088861613601554978e+00,-1.844500617749211813e-04,-2.400650861433817340e-04,9.809575484852082639e+00
1.088923854720919016e+00,1.088861613601554978e+00,-1.867233580921112690e-04,-2.273296317190087734e-04,9.809585947010189599e+00
1.088924571081059112e+00,1.088861613601554978e+00,-1.888724385123996541e-04,-2.149080420288385085e-04,9.809596219519459481e+00
1.088925247063151192e+00,1.088861613601554978e+00,-1.909003847886392435e-04,-2.027946276239589452e-04,9.809606304987587677e+00
1.088925883675742057e+00,1.088861613601554978e+00,-1.928102225612349230e-04,-1.909837772595679439e-04,9.809616206000178806e+00
1.088926481908932820e+00,1.088861613601554978e+00,-1.946049221335233170e-04,-1.794699572288394052e-04,9.809625925120638357e+00
1.088927042734635808e+00,1.088861613601554978e+00,-1.962873992424896130e-04,-1.682477108966295987e-04,9.809635464889861822e+00
1.088927567106827698e+00,1.088861613601554978e+00,-1.978605158181601098e-04,-1.573116575670496786e-04,9.809644827826614844e+00
1.088928055961802199e+00,1.088861613601554978e+00,-1.993270807416624990e-04,-1.466564923502389206e-04,9.809654016426907930e+00
1.088928510218419410e+00,1.088861613601554978e+00,-2.006898505932941390e-04,-1.362769851631639995e-04,9.809663033164243373e+00
1.088928930778353177e+00,1.088861613601554978e+00,-2.019515303945951246e-04,-1.261679801300985559e-04,9.809671880489474916e+00
1.088929318526335788e+00,1.088861613601554978e+00,-2.031147743424277508e-04,-1.163243947832626191e-04,9.809680560830875251e+00
1.088929674330401554e+00,1.088861613601554978e+00,-2.041821865397253077e-04,-1.067412197297556986e-04,9.809689076593731016e+00
1.088929999042126617e+00,1.088861613601554978e+00,-2.051563217149166007e-04,-9.741351751912930013e-05,9.809697430160767340e+00
1.088930293496867874e+00,1.088861613601554978e+00,-2.060396859386859347e-04,-8.833642237693339894e-05,9.809705623891684212e+00
1.088930558513998115e+00,1.088861613601554978e+00,-2.068347373294088243e-04,-7.950513907228895505e-05,9.809713660123598800e+00
1.088930794897140730e+00,1.088861613601554978e+00,-2.075438867572554358e-04,-7.091494278466115020e-05,9.809721541170459247e+00
1.088931003434400413e+00,1.088861613601554978e+00,-2.081694985363036210e-04,-6.256117790481852126e-05,9.809729269323559819e+00
1.088931184898592530e+00,1.088861613601554978e+00,-2.087138911126551477e-04,-5.443925763515267136e-05,9.809736846851253134e+00
1.088931340047469831e+00,1.088861613601554978e+00,-2.091793377445583246e-04,-4.654466319031769217e-05,9.809744275999065621e+00
1.088931469623946935e+00,1.088861613601554978e+00,-2.095680671758692881e-04,-3.887294313109634913e-05,9.809751558989693976e+00
1.088931574356323040e+00,1.088861613601554978e+00,-2.098822643041842184e-04,-3.141971283149302963e-05,9.809758698022864820e+00
1.088931654958501305e+00,1.088861613601554978e+00,-2.101240708389795486e-04,-2.418065347953302080e-05,9.809765695275682873e+00
1.088931712130207341e+00,1.088861613601554978e+00,-2.102955859570876385e-04,-1.715151181080898368e-05,9.809772552902233045e+00
1.088931746557203484e+00,1.088861613601554978e+00,-2.103988669455159055e-04,-1.032809884282670509e-05,9.809779273034212821e+00
1.088931758911503067e+00,1.088861613601554978e+00,-2.104359298442659565e-04,-3.706289875005097656e-06,9.809785857780280338e+00
1.088931749851580699e+00,1.088861613601554978e+00,-2.104087500771623098e-04,2.717976710364666815e-06,9.809792309226633478e+00
1.088931720022580985e+00,1.088861613601554978e+00,-2.103192630780181815e-04,8.948699914412827638e-06,9.809798629436837558e+00
1.088931670056525025e+00,1.088861613601554978e+00,-2.101693649101399330e-04,1.498981678782485005e-05,9.809804820451878626e+00
1.088931600572514258e+00,1.088861613601554978e+00,-2.099609128778379130e-04,2.084520323020200294e-05,9.809810884290353528e+00
1.088931512176932515e+00,1.088861613601554978e+00,-2.096957261326082289e-04,2.651867452296841066e-05,9.809816822948391746e+00
1.088931405463645641e+00,1.088861613601554978e+00,-2.093755862719870464e-04,3.201398606211824927e-05,9.809822638399790407e+00
1.088931281014198671e+00,1.088861613601554978e+00,-2.090022379310774170e-04,3.733483409096294281e-05,9.809828332596159939e+00
1.088931139398011227e+00,1.088861613601554978e+00,-2.085773893687470348e-04,4.248485623303821512e-05,9.809833907466865455e+00
1.088930981172570478e+00,1.088861613601554978e+00,-2.081027130464985220e-04,4.746763222485128608e-05,9.809839364919179516e+00
1.088930806883621649e+00,1.088861613601554978e+00,-2.075798462000122413e-04,5.228668464862806786e-05,9.809844706838449113e+00
1.088930617065356765e+00,1.088861613601554978e+00,-2.070103914053600391e-04,5.694547946522021675e-05,9.809849935088060136e+00
1.088930412240600720e+00,1.088861613601554978e+00,-2.063959171372253820e-04,6.144742681346571089e-05,9.809855051509677182e+00
1.088930192920995577e+00,1.088861613601554978e+00,-2.057379583217944230e-04,6.579588154309590209e-05,9.809860057923222243e+00
1.088929959607182640e+00,1.088861613601554978e+00,-2.050380168829857297e-04,6.999414388086933059e-05,9.809864956126999047e+00
1.088929712788982540e+00,1.088861613601554978e+00,-2.042975622826848081e-04,7.404546003009215838e-05,9.809869747897748127e+00
1.088929452945572196e+00,1.088861613601554978e+00,-2.035180320516527530e-04,7.795302310320550987e-05,9.809874434991051828e+00
1.088929180545660902e+00,1.088861613601554978e+00,-2.027008323177703630e-04,8.171997338823899781e-05,9.809879019141071410e+00
1.088928896047663741e+00,1.088861613601554978e+00,-2.018473383262886500e-04,8.534939914817130102e-05,9.809883502060822380e+00
1.088928599899872562e+00,1.088861613601554978e+00,-2.009588949527518764e-04,8.884433735367736062e-05,9.809887885442401867e+00
1.088928292540625620e+00,1.088861613601554978e+00,-2.000368172119237897e-04,9.220777408280866894e-05,9.809892170956871382e+00
1.088927974398474552e+00,1.088861613601554978e+00,-1.990823907587202513e-04,9.544264532035384718e-05,9.809896360254562353e+00
1.088927645892348917e+00,1.088861613601554978e+00,-1.980968723818143928e-04,9.855183769058584176e-05,9.809900454965308825e+00
1.088927307431719838e+00,1.088861613601554978e+00,-1.970814904945772383e-04,1.015381887237154501e-04,9.809904456698228969e+00
1.088926959416760543e+00,1.088861613601554978e+00,-1.960374456166924517e-04,1.044044877884786615e-04,9.809908367042172728e+00
1.088926602238505348e+00,1.088861613601554978e+00,-1.949659108511081484e-04,1.071534765584303273e-04,9.809912187565707598e+00
1.088926236279006865e+00,1.088861613601554978e+00,-1.938680323556596363e-04,1.097878495448512126e-04,9.809915919817189689e+00
1.088925861911490101e+00,1.088861613601554978e+00,-1.927449298053662829e-04,1.123102550293353374e-04,9.809919565325223800e+00
1.088925479500505888e+00,1.088861613601554978e+00,-1.915976968527299817e-04,1.147232952636301206e-04,9.809923125598411175e+00
1.088925089402081436e+00,1.088861613601554978e+00,-1.904274015793738783e-04,1.170295273356103394e-04,9.809926602125756290e+00
1.088924691963869540e+00,1.088861613601554978e+00,-1.892350869436842942e-04,1.192314635689584179e-04,9.809929996376625994e+00
1.088924287525295354e+00,1.088861613601554978e+00,-1.880217712211251779e-04,1.213315722559116239e-04,9.809933309801035506e+00
1.088923876417701164e+00,1.088861613601554978e+00,-1.867884484385573529e-04,1.233322782567825016e-04,9.809936543829818945e+00
1.088923458964490054e+00,1.088861613601554978e+00,-1.855360888052270951e-04,1.252359633330257793e-04,9.809939699874528074e+00
1.088923035481266455e+00,1.088861613601554978e+00,-1.842656391344288380e-04,1.270449670798257102e-04,9.809942779327945672e+00
1.088922606275975591e+00,1.088861613601554978e+00,-1.829780232618372082e-04,1.287615872591629795e-04,9.809945783563998489e+00
1.088922171649041148e+00,1.088861613601554978e+00,-1.816741424585099907e-04,1.303880803327217563e-04,9.809948713937874487e+00
1.088921731893500500e+00,1.088861613601554978e+00,-1.803548758365636218e-04,1.319266621946368900e-04,9.809951571786358571e+00
1.088921287295138374e+00,1.088861613601554978e+00,-1.790210807501857460e-04,1.333795086377875805e-04,9.809954358427887655e+00
1.088920838132619195e+00,1.088861613601554978e+00,-1.776735931926509693e-04,1.347487557534776670e-04,9.809957075162561324e+00
1.088920384677616093e+00,1.088861613601554978e+00,-1.763132281833446058e-04,1.360365009306363504e-04,9.809959723272747567e+00
1.088919927194940351e+00,1.088861613601554978e+00,-1.749407801561186915e-04,1.372448027225914302e-04,9.809962304022567636e+00
1.088919465942666864e+00,1.088861613601554978e+00,-1.735570233356575898e-04,1.383756820461101711e-04,9.809964818658711394e+00
1.088919001172259149e+00,1.088861613601554978e+00,-1.721627121125113291e-04,1.394311223146260659e-04,9.809967268410202834e+00
1.088918533128692578e+00,1.088861613601554978e+00,-1.707585814127998702e-04,1.404130699711458874e-04,9.809969654488558177e+00
1.088918062050574731e+00,1.088861613601554978e+00,-1.693453470592576338e-04,1.413234353542236477e-04,9.809971978088295685e+00
1.088917588170265738e+00,1.088861613601554978e+00,-1.679237061322780278e-04,1.421640926979605979e-04,9.809974240386566180e+00
1.088917111713995522e+00,1.088861613601554978e+00,-1.664943373216321021e-04,1.429368810645925691e-04,9.809976442543742792e+00
1.088916632901979709e+00,1.088861613601554978e+00,-1.650579012741903995e-04,1.436436047441702613e-04,9.809978585703470699e+00
1.088916151948534194e+00,1.088861613601554978e+00,-1.636150409376480042e-04,1.442860336542395316e-04,9.809980670992716867e+00
1.088915669062187952e+00,1.088861613601554978e+00,-1.621663818989205197e-04,1.448659038727484472e-04,9.809982699521974325e+00
1.088915184445793827e+00,1.088861613601554978e+00,-1.607125327165448425e-04,1.453849182375677174e-04,9.809984672385521520e+00
1.088914698296638228e+00,1.088861613601554978e+00,-1.592540852497492665e-04,1.458447466795576020e-04,9.809986590661431194e+00
1.088914210806548821e+00,1.088861613601554978e+00,-1.577916149815283831e-04,1.462470268220883440e-04,9.809988455411840391e+00
1.088913722162000663e+00,1.088861613601554978e+00,-1.563256813370550447e-04,1.465933644473338404e-04,9.809990267683110332e+00
1.088913232544220788e+00,1.088861613601554978e+00,-1.548568279974293915e-04,1.468853339625653120e-04,9.809992028505964967e+00
1.088912742129291455e+00,1.088861613601554978e+00,-1.533855832094310756e-04,1.471244787998315928e-04,9.809993738895590454e+00
1.088912251088251626e+00,1.088861613601554978e+00,-1.519124600899424138e-04,1.473123119488661814e-04,9.809995399851858977e+00
1.088911759587197103e+00,1.088861613601554978e+00,-1.504379569263747385e-04,1.474503163567675301e-04,9.809997012359431778e+00
1.088911267787378456e+00,1.088861613601554978e+00,-1.489625574704334099e-04,1.475399455941328597e-04,9.809998577388125085e+00
1.088910775845298717e+00,1.088861613601554978e+00,-1.474867312312166945e-04,1.475826239216715408e-04,9.810000095892691618e+00
1.088910283912808197e+00,1.088861613601554978e+00,-1.460109337596549040e-04,1.475797471561790530e-04,9.810001568813397910e+00
1.088909792137199073e+00,1.088861613601554978e+00,-1.445356069322834003e-04,1.475326827371503668e-04,9.810002997075805808e+00
1.088909300661297541e+00,1.088861613601554978e+00,-1.430611792276881289e-04,1.474427704595271393e-04,9.810004381591232558e+00
1.088908809623555074e+00,1.088861613601554978e+00,-1.415880660002866165e-04,1.473113227401512404e-04,9.810005723256740140e+00
1.088908319158138349e+00,1.088861613601554978e+00,-1.401166697501121661e-04,1.471396250174450415e-04,9.810007022955268496e+00
1.088907829395017179e+00,1.088861613601554978e+00,-1.386473803866028476e-04,1.469289363509318491e-04,9.810008281555964160e+00
1.088907340460051554e+00,1.088861613601554978e+00,-1.371805754897259533e-04,1.466804896876894304e-04,9.810009499914198017e+00
1.088906852475077347e+00,1.088861613601554978e+00,-1.357166205671056503e-04,1.463954922620303023e-04,9.810010678871694978e+00
1.088906365557990252e+00,1.088861613601554978e+00,-1.342558693058215624e-04,1.460751261284087832e-04,9.810011819256823529e+00
1.088905879822828826e+00,1.088861613601554978e+00,-1.327986638215428172e-04,1.457205484278745189e-04,9.810012921884606385e+00
1.088905395379855978e+00,1.088861613601554978e+00,-1.313453349029991557e-04,1.453328918543661530e-04,9.810013987556951420e+00
1.088904912335638686e+00,1.088861613601554978e+00,-1.298962022511229719e-04,1.449132651876183786e-04,9.810015017062937659e+00
1.088904430793127709e+00,1.088861613601554978e+00,-1.284515747181913525e-04,1.444627532931619385e-04,9.810016011178575468e+00
1.088903950851734637e+00,1.088861613601554978e+00,-1.270117505389745105e-04,1.439824179216842026e-04,9.810016970667383873e+00
1.088903472607408274e+00,1.088861613601554978e+00,-1.255770175598858174e-04,1.434732979088693128e-04,9.810017896280349703e+00
1.088902996152709912e+00,1.088861613601554978e+00,-1.241476534648011665e-04,1.429364095084650899e-04,9.810018788756044827e+00
1.088902521576887272e+00,1.088861613601554978e+00,-1.227239259968815333e-04,1.423727467919633227e-04,9.810019648820794913e+00
1.088902048965946667e+00,1.088861613601554978e+00,-1.213060931750664651e-04,1.417832821815068201e-04,9.810020477189006272e+00
1.088901578402724946e+00,1.088861613601554978e+00,-1.198944035099014371e-04,1.411689665165027918e-04,9.810021274563007765e+00
1.088901109966959435e+00,1.088861613601554978e+00,-1.184890962133700043e-04,1.405307296531432826e-04,9.810022041633439827e+00
1.088900643735357443e+00,1.088861613601554978e+00,-1.170904014073936850e-04,1.398694805976319344e-04,9.810022779079190514e+00
1.088900179781663313e+00,1.088861613601554978e+00,-1.156985403250043731e-04,1.391861082389311832e-04,9.810023487567914202e+00
1.088899718176725928e+00,1.088861613601554978e+00,-1.143137255128490182e-04,1.384814812155354957e-04,9.810024167755702962e+00
1.088899258988564211e+00,1.088861613601554978e+00,-1.129361610276991001e-04,1.377564485149918028e-04,9.810024820287488012e+00
1.088898802282431078e+00,1.088861613601554978e+00,-1.115660426282971684e-04,1.370118399401931697e-04,9.810025445797311505e+00
1.088898348120877824e+00,1.088861613601554978e+00,-1.102035579685356481e-04,1.362484659761520334e-04,9.810026044908008558e+00
1.088897896563815193e+00,1.088861613601554978e+00,-1.088488867806436389e-04,1.354671187892009243e-04,9.810026618232008389e+00
1.088897447668575769e+00,1.088861613601554978e+00,-1.075022010623705171e-04,1.346685718273121779e-04,9.810027166370765883e+00
1.088897001489973482e+00,1.088861613601554978e+00,-1.061636652555097982e-04,1.338535806860718935e-04,9.810027689915431282e+00
1.088896558080362675e+00,1.088861613601554978e+00,-1.048334364230907312e-04,1.330228832419066975e-04,9.810028189446819979e+00
1.088896117489696724e+00,1.088861613601554978e+00,-1.035116644252376261e-04,1.321771997853105063e-04,9.810028665535361014e+00
1.088895679765584212e+00,1.088861613601554978e+00,-1.021984920877017089e-04,1.313172337535917222e-04,9.810029118741667276e+00
1.088895244953345776e+00,1.088861613601554978e+00,-1.008940553723913780e-04,1.304436715310330897e-04,9.810029549616158917e+00
1.088894813096069170e+00,1.088861613601554978e+00,-9.959848354257339054e-05,1.295571829817987464e-04,9.810029958699439945e+00
1.088894384234662338e+00,1.088861613601554978e+00,-9.831189932207884397e-05,1.286584220494546571e-04,9.810030346522728095e+00
1.088893958407907814e+00,1.088861613601554978e+00,-9.703441905850596072e-05,1.277480263572883246e-04,9.810030713607298836e+00
1.088893535652514011e+00,1.088861613601554978e+00,-9.576615287709699942e-05,1.268266181408961302e-04,9.810031060465263408e+00
1.088893116003166739e+00,1.088861613601554978e+00,-9.450720483528129989e-05,1.258948041815699526e-04,9.810031387599346786e+00
1.088892699492579386e+00,1.088861613601554978e+00,-9.325767307322152533e-05,1.249531762059774564e-04,9.810031695503132809e+00
1.088892286151542432e+00,1.088861613601554978e+00,-9.201764996236150296e-05,1.240023110860022371e-04,9.810031984661124582e+00
1.088891876008971638e+00,1.088861613601554978e+00,-9.078722224997726187e-05,1.230427712384241090e-04,9.810032255548989610e+00
1.088891469091955555e+00,1.088861613601554978e+00,-8.956647120172966936e-05,1.220751048247592507e-04,9.810032508633623749e+00
1.088891065425802829e+00,1.088861613601554978e+00,-8.835547274355093350e-05,1.210998458178735859e-04,9.810032744373074820e+00
1.088890665034087490e+00,1.088861613601554978e+00,-8.715429759753590133e-05,1.201175146015032169e-04,9.810032963217004465e+00
1.088890267938693812e+00,1.088861613601554978e+00,-8.596301141650108946e-05,1.191286181034811875e-04,9.810033165606688144e+00
1.088889874159860938e+00,1.088861613601554978e+00,-8.478167491787758081e-05,1.181336498623508646e-04,9.810033351974944082e+00
1.088889483716225515e+00,1.088861613601554978e+00,-8.361034401160871710e-05,1.171330906268863714e-04,9.810033522746616441e+00
1.088889096624864772e+00,1.088861613601554978e+00,-8.244906992938005885e-05,1.161274082228658244e-04,9.810033678338294649e+00
1.088888712901337819e+00,1.088861613601554978e+00,-8.129789934852027500e-05,1.151170580859783854e-04,9.810033819158737955e+00
1.088888332559726724e+00,1.088861613601554978e+00,-8.015687451523589857e-05,1.141024833284376427e-04,9.810033945608813255e+00
1.088887955612676484e+00,1.088861613601554978e+00,-7.902603336451541338e-05,1.130841150720485189e-04,9.810034058081708253e+00
1.088887582071434545e+00,1.088861613601554978e+00,-7.790540963870107305e-05,1.120623725814340332e-04,9.810034156962943896e+00
1.088887211945888778e+00,1.088861613601554978e+00,-7.679503300139778332e-05,1.110376637303289726e-04,9.810034242630729651e+00
1.088886845244606105e+00,1.088861613601554978e+00,-7.569492915338038586e-05,1.100103848017397468e-04,9.810034315455649079e+00
1.088886481974868925e+00,1.088861613601554978e+00,-7.460511994183960383e-05,1.089809211540782030e-04,9.810034375801212292e+00
1.088886122142711965e+00,1.088861613601554978e+00,-7.352562347096025519e-05,1.079496470879348635e-04,9.810034424023617916e+00
1.088885765752957369e+00,1.088861613601554978e+00,-7.245645420717039542e-05,1.069169263789859770e-04,9.810034460472172313e+00
1.088885412809249997e+00,1.088861613601554978e+00,-7.139762308505659405e-05,1.058831122113801371e-04,9.810034485489126155e+00
1.088885063314091406e+00,1.088861613601554978e+00,-7.034913760928240833e-05,1.048485475774185716e-04,9.810034499409969300e+00
1.088884717268873814e+00,1.088861613601554978e+00,-6.931100195650685691e-05,1.038135652775551421e-04,9.810034502563322434e+00
1.088884374673912747e+00,1.088861613601554978e+00,-6.828321707330609058e-05,1.027784883200766330e-04,9.810034495271247934e+00
1.088884035528478789e+00,1.088861613601554978e+00,-6.726578077143052781e-05,1.017436301875562776e-04,9.810034477849416845e+00
1.088883699830829777e+00,1.088861613601554978e+00,-6.625868782439425786e-05,1.007092947036269948e-04,9.810034450606879730e+00
1.088883367578241446e+00,1.088861613601554978e+00,-6.526193005940150726e-05,9.967577649927505945e-05,9.810034413846439705e+00
1.088883038767037625e+00,1.088861613601554978e+00,-6.427549644794083861e-05,9.864336114606686579e-05,9.810034367864698623e+00
1.088882713392620438e+00,1.088861613601554978e+00,-6.329937319637934934e-05,9.761232515614892691e-05,9.810034312951959379e+00
1.088882391449498277e+00,1.088861613601554978e+00,-6.233354382989553244e-05,9.658293664838168979e-05,9.810034249392819206e+00
1.088882072931315559e+00,1.088861613601554978e+00,-6.137798928174120761e-05,9.555545481543248343e-05,9.810034177465533745e+00
1.088881757830879371e+00,1.088861613601554978e+00,-6.043268797317757901e-05,9.453013085636285950e-05,9.810034097442883905e+00
1.088881446140187448e+00,1.088861613601554978e+00,-5.949761589740809598e-05,9.350720757694830354e-05,9.810034009591680260e+00
1.088881137850454595e+00,1.088861613601554978e+00,-5.857274669884837692e-05,9.248691985597190524e-05,9.810033914173157399e+00
1.088880832952139111e+00,1.088861613601554978e+00,-5.765805175239613334e-05,9.146949464522435846e-05,9.810033811442893992e+00
1.088880531434967880e+00,1.088861613601554978e+00,-5.675350023870429084e-05,9.045515136918425014e-05,9.810033701651130755e+00
1.088880233287961685e+00,1.088861613601554978e+00,-5.585905922012024405e-05,8.944410185840467875e-05,9.810033585042639004e+00
1.088879938499459854e+00,1.088861613601554978e+00,-5.497469371462671006e-05,8.843655054935339876e-05,9.810033461856836112e+00
1.088879647057143796e+00,1.088861613601554978e+00,-5.410036676645191278e-05,8.743269481747972804e-05,9.810033332328051969e+00
1.088879358948060538e+00,1.088861613601554978e+00,-5.323603951667976730e-05,8.643272497721454783e-05,9.810033196685461476e+00
1.088879074158645821e+00,1.088861613601554978e+00,-5.238167127252779665e-05,8.543682441519706572e-05,9.810033055153143167e+00
1.088878792674746299e+00,1.088861613601554978e+00,-5.153721957396051323e-05,8.444516985672834153e-05,9.810032907950283487e+00
1.088878514481641746e+00,1.088861613601554978e+00,-5.070264026030280036e-05,8.345793136577128735e-05,9.810032755291105744e+00
1.088878239564066375e+00,1.088861613601554978e+00,-4.987788753418875842e-05,8.247527261140419341e-05,9.810032597385077935e+00
1.088877967906229483e+00,1.088861613601554978e+00,-4.906291402351214970e-05,8.149735106766087256e-05,9.810032434437044202e+00
1.088877699491836326e+00,1.088861613601554978e+00,-4.825767084404297691e-05,8.052431794691727873e-05,9.810032266647104038e+00
1.088877434304107883e+00,1.088861613601554978e+00,-4.746210765871339277e-05,7.955631853295841438e-05,9.810032094210875186e+00
1.088877172325800613e+00,1.088861613601554978e+00,-4.667617273690360946e-05,7.859349218097833045e-05,9.810031917319443906e+00
1.088876913539225333e+00,1.088861613601554978e+00,-4.589981301106327294e-05,7.763597258403365231e-05,9.810031736159572802e+00
1.088876657926265867e+00,1.088861613601554978e+00,-4.513297413266670333e-05,7.668388783965696121e-05,9.810031550913707932e+00
1.088876405468397923e+00,1.088861613601554978e+00,-4.437560052883426920e-05,7.573736038324341280e-05,9.810031361759854462e+00
1.088876156146705965e+00,1.088861613601554978e+00,-4.362763545295855749e-05,7.479650758757117046e-05,9.810031168872134444e+00
1.088875909941901199e+00,1.088861613601554978e+00,-4.288902103866121251e-05,7.386144142973449789e-05,9.810030972420392459e+00
1.088875666834338451e+00,1.088861613601554978e+00,-4.215969835041910585e-05,7.293226882421066648e-05,9.810030772570474511e+00
1.088875426804032598e+00,1.088861613601554978e+00,-4.143960743285823867e-05,7.200909175608671831e-05,9.810030569484323948e+00
1.088875189830675216e+00,1.088861613601554978e+00,-4.072868736071377782e-05,7.109200721444608462e-05,9.810030363319853564e+00
1.088874955893649910e+00,1.088861613601554978e+00,-4.002687628479328907e-05,7.018110759204887472e-05,9.810030154231307975e+00
1.088874724972047625e+00,1.088861613601554978e+00,-3.933411147793997031e-05,6.927648068533187597e-05,9.810029942369208555e+00
1.088874497044682421e+00,1.088861613601554978e+00,-3.865032938232815241e-05,6.837820956118179083e-05,9.810029727880179351e+00
1.088874272090105233e+00,1.088861613601554978e+00,-3.797546565076359570e-05,6.748637315645567014e-05,9.810029510907506634e+00
1.088874050086618750e+00,1.088861613601554978e+00,-3.730945519131445565e-05,6.660104594491400576e-05,9.810029291590753431e+00
1.088873831012291404e+00,1.088861613601554978e+00,-3.665223220927771308e-05,6.572229820367425646e-05,9.810029070065994006e+00
1.088873614844970472e+00,1.088861613601554978e+00,-3.600373024648106934e-05,6.485019627966437383e-05,9.810028846466034125e+00
1.088873401562296284e+00,1.088861613601554978e+00,-3.536388222391551039e-05,6.398480225655589493e-05,9.810028620920032694e+00
1.088873191141713992e+00,1.088861613601554978e+00,-3.473262047704039901e-05,6.312617468751113847e-05,9.810028393554210524e+00
1.088872983560487118e+00,1.088861613601554978e+00,-3.410987679641763748e-05,6.227436806227615307e-05,9.810028164491265912e+00
1.088872778795709317e+00,1.088861613601554978e+00,-3.349558246301675979e-05,6.142943334008776901e-05,9.810027933850877346e+00
1.088872576824316596e+00,1.088861613601554978e+00,-3.288966828485229144e-05,6.059141781644683533e-05,9.810027701749532980e+00
1.088872377623098853e+00,1.088861613601554978e+00,-3.229206463162270779e-05,5.976036532295836423e-05,9.810027468300692277e+00
1.088872181168711206e+00,1.088861613601554978e+00,-3.170270146868325867e-05,5.893631629394491256e-05,9.810027233614825093e+00
1.088871987437685096e+00,1.088861613601554978e+00,-3.112150839035265903e-05,5.811930783305996329e-05,9.810026997799443649e+00
1.088871796406438941e+00,1.088861613601554978e+00,-3.054841465188751215e-05,5.730937384651468847e-05,9.810026760959194903e+00
1.088871608051288797e+00,1.088861613601554978e+00,-2.998334920145673266e-05,5.650654504307794923e-05,9.810026523195842785e+00
1.088871422348458129e+00,1.088861613601554978e+00,-2.942624070945143444e-05,5.571084920052982170e-05,9.810026284608492020e+00
1.088871239274088243e+00,1.088861613601554978e+00,-2.887701759979321992e-05,5.492231096582145256e-05,9.810026045293366082e+00
1.088871058804247838e+00,1.088861613601554978e+00,-2.833560807857793407e-05,5.414095212152858494e-05,9.810025805344043448e+00
1.088870880914941663e+00,1.088861613601554978e+00,-2.780194016005488322e-05,5.336679185230508438e-05,9.810025564851692081e+00
1.088870705582120735e+00,1.088861613601554978e+00,-2.727594169726899054e-05,5.259984627858926842e-05,9.810025323904582706e+00
1.088870532781690326e+00,1.088861613601554978e+00,-2.675754040604161332e-05,5.184012912273772145e-05,9.810025082588717638e+00
1.088870362489518850e+00,1.088861613601554978e+00,-2.624666389161589564e-05,5.108765144257176871e-05,9.810024840987551897e+00
1.088870194681446080e+00,1.088861613601554978e+00,-2.574323967330371943e-05,5.034242183121762082e-05,9.810024599182158411e+00
1.088870029333291578e+00,1.088861613601554978e+00,-2.524719520979878951e-05,4.960444635049299222e-05,9.810024357251140970e+00
1.088869866420862031e+00,1.088861613601554978e+00,-2.475845792115904942e-05,4.887372886397400862e-05,9.810024115270943312e+00
1.088869705919959685e+00,1.088861613601554978e+00,-2.427695521411976642e-05,4.815027070392829955e-05,9.810023873315490306e+00
1.088869547806388782e+00,1.088861613601554978e+00,-2.380261450141141211e-05,4.743407127083543173e-05,9.810023631456770588e+00
1.088869392055963559e+00,1.088861613601554978e+00,-2.333536322574047972e-05,4.672512756709323867e-05,9.810023389764342738e+00
1.088869238644514903e+00,1.088861613601554978e+00,-2.287512887977349862e-05,4.602343459669810954e-05,9.810023148305717200e+00
1.088869087547896797e+00,1.088861613601554978e+00,-2.242183902545491492e-05,4.532898543185837070e-05,9.810022907146407789e+00
1.088868938741993198e+00,1.088861613601554978e+00,-2.197542131465723969e-05,4.464177107976752268e-05,9.810022666349766496e+00
1.088868792202724700e+00,1.088861613601554978e+00,-2.153580350916506347e-05,4.396178054921762168e-05,9.810022425977040328e+00
1.088868647906053866e+00,1.088861613601554978e+00,-2.110291349666226779e-05,4.328900125027956847e-05,9.810022186087753227e+00
1.088868505827991884e+00,1.088861613601554978e+00,-2.067667931071603959e-05,4.262341859462281946e-05,9.810021946739285070e+00
1.088868365944603678e+00,1.088861613601554978e+00,-2.025702914609794902e-05,4.196501646180905709e-05,9.810021707987315764e+00
1.088868228232014346e+00,1.088861613601554978e+00,-1.984389137810183001e-05,4.131377679961190097e-05,9.810021469885422007e+00
1.088868092666413379e+00,1.088861613601554978e+00,-1.943719457520032279e-05,4.066968029015072261e-05,9.810021232485715004e+00
1.088867959224061099e+00,1.088861613601554978e+00,-1.903686751836275448e-05,4.003270568375683069e-05,9.810020995838165447e+00
1.088867827881292660e+00,1.088861613601554978e+00,-1.864283921304554781e-05,3.940283053172066730e-05,9.810020759991319395e+00
1.088867698614523372e+00,1.088861613601554978e+00,-1.825503890517943262e-05,3.878003078661151903e-05,9.810020524991882596e+00
1.088867571400253142e+00,1.088861613601554978e+00,-1.787339609449212219e-05,3.816428106873104298e-05,9.810020290884974514e+00
1.088867446215071588e+00,1.088861613601554978e+00,-1.749784054982939097e-05,3.755555446627312222e-05,9.810020057713916941e+00
1.088867323035661361e+00,1.088861613601554978e+00,-1.712830231914708179e-05,3.695382306823091767e-05,9.810019825520749137e+00
1.088867201838803256e+00,1.088861613601554978e+00,-1.676471174483218363e-05,3.635905743148981628e-05,9.810019594345687821e+00
1.088867082601379543e+00,1.088861613601554978e+00,-1.640699947369483880e-05,3.577122711373448283e-05,9.810019364227640537e+00
1.088866965300378631e+00,1.088861613601554978e+00,-1.605509647095715309e-05,3.519030027376857106e-05,9.810019135203802421e+00
1.088866849912898171e+00,1.088861613601554978e+00,-1.570893402957906915e-05,3.461624413780839404e-05,9.810018907310109171e+00
1.088866736416148617e+00,1.088861613601554978e+00,-1.536844378091650754e-05,3.404902486625616120e-05,9.810018680581086059e+00
1.088866624787457216e+00,1.088861613601554978e+00,-1.503355770671177538e-05,3.348860742047321537e-05,9.810018455049714703e+00
1.088866515004270896e+00,1.088861613601554978e+00,-1.470420814775330598e-05,3.293495589584694017e-05,9.810018230747749257e+00
1.088866407044159379e+00,1.088861613601554978e+00,-1.438032781320153219e-05,3.238803345517737853e-05,9.810018007705641807e+00
1.088866300884818283e+00,1.088861613601554978e+00,-1.406184978991475987e-05,3.184780232867723271e-05,9.810017785952538816e+00
1.088866196504072459e+00,1.088861613601554978e+00,-1.374870755244117504e-05,3.131422374735848280e-05,9.810017565516195859e+00
1.088866093879878205e+00,1.088861613601554978e+00,-1.344083496968018210e-05,3.078725827609929411e-05,9.810017346423306250e+00
1.088865992990326381e+00,1.088861613601554978e+00,-1.313816631420827719e-05,3.026686554719049127e-05,9.810017128699232813e+00
1.088865893813644403e+00,1.088861613601554978e+00,-1.284063626827425253e-05,2.975300459340246562e-05,9.810016912368325848e+00
1.088865796328199353e+00,1.088861613601554978e+00,-1.254817993312506985e-05,2.924563351491826779e-05,9.810016697453582069e+00
1.088865700512499535e+00,1.088861613601554978e+00,-1.226073283366879707e-05,2.874470994562727810e-05,9.810016483977111790e+00
1.088865606345197579e+00,1.088861613601554978e+00,-1.197823092780048171e-05,2.825019058683153617e-05,9.810016271959659306e+00
1.088865513805091556e+00,1.088861613601554978e+00,-1.170061060973281997e-05,2.776203180676617421e-05,9.810016061421197975e+00
1.088865422871127642e+00,1.088861613601554978e+00,-1.142780871798976250e-05,2.728018917430574675e-05,9.810015852380455925e+00
1.088865333522401668e+00,1.088861613601554978e+00,-1.115976254006945112e-05,2.680461779203113792e-05,9.810015644855251793e+00
1.088865245738161347e+00,1.088861613601554978e+00,-1.089640981910555695e-05,2.633527209638941713e-05,9.810015438862278003e+00
1.088865159497807156e+00,1.088861613601554978e+00,-1.063768875653181567e-05,2.587210625737412784e-05,9.810015234417502228e+00
1.088865074780894782e+00,1.088861613601554978e+00,-1.038353801940949950e-05,2.541507371223161726e-05,9.810015031535693097e+00
1.088864991567136009e+00,1.088861613601554978e+00,-1.013389674309195243e-05,2.496412763175470673e-05,9.810014830230889160e+00
1.088864909836400274e+00,1.088861613601554978e+00,-9.888704535887526959e-06,2.451922072044254719e-05,9.810014630516185719e+00
1.088864829568716219e+00,1.088861613601554978e+00,-9.647901483722520766e-06,2.408030521650061928e-05,9.810014432403733053e+00
1.088864750744272580e+00,1.088861613601554978e+00,-9.411428152805711989e-06,2.364733309168087771e-05,9.810014235904938928e+00
1.088864673343419298e+00,1.088861613601554978e+00,-9.179225592959028290e-06,2.322025598466836982e-05,9.810014041030392207e+00
1.088864597346669072e+00,1.088861613601554978e+00,-8.951235342280483565e-06,2.279902506785447258e-05,9.810013847789726071e+00
1.088864522734697804e+00,1.088861613601554978e+00,-8.727399428476445564e-06,2.238359138040380003e-05,9.810013656191951981e+00
1.088864449488345709e+00,1.088861613601554978e+00,-8.507660372192304976e-06,2.197390562841405881e-05,9.810013466245257163e+00
1.088864377588618204e+00,1.088861613601554978e+00,-8.291961189677010680e-06,2.156991825152942965e-05,9.810013277957061462e+00
1.088864307016686350e+00,1.088861613601554978e+00,-8.080245394115337376e-06,2.117157955616733034e-05,9.810013091334162993e+00
1.088864237753887965e+00,1.088861613601554978e+00,-7.872456998958554664e-06,2.077883951567827125e-05,9.810012906382517883e+00
1.088864169781727842e+00,1.088861613601554978e+00,-7.668540518590560850e-06,2.039164803679938132e-05,9.810012723107519150e+00
1.088864103081878421e+00,1.088861613601554978e+00,-7.468440970326284400e-06,2.000995482642764500e-05,9.810012541513856377e+00
1.088864037636180448e+00,1.088861613601554978e+00,-7.272103876410085377e-06,1.963370939161990236e-05,9.810012361605515707e+00
1.088863973426642984e+00,1.088861613601554978e+00,-7.079475264015755442e-06,1.926286123943299344e-05,9.810012183385975248e+00
1.088863910435444060e+00,1.088861613601554978e+00,-6.890501667244919304e-06,1.889735967708361386e-05,9.810012006858009670e+00
1.088863848644930910e+00,1.088861613601554978e+00,-6.705130127793168526e-06,1.853715394517507775e-05,9.810011832023818101e+00
1.088863788037620184e+00,1.088861613601554978e+00,-6.523308195616195349e-06,1.818219321769731778e-05,9.810011658885022356e+00
1.088863728596197955e+00,1.088861613601554978e+00,-6.344983928929792683e-06,1.783242666864026660e-05,9.810011487442739764e+00
1.088863670303520159e+00,1.088861613601554978e+00,-6.170105895542121743e-06,1.748780333876709392e-05,9.810011317697444611e+00
1.088863613142611930e+00,1.088861613601554978e+00,-5.998623170855310605e-06,1.714827246868111388e-05,9.810011149649298545e+00
1.088863557096668710e+00,1.088861613601554978e+00,-5.830485341196123272e-06,1.681378296591873323e-05,9.810010983297624776e+00
1.088863502149055362e+00,1.088861613601554978e+00,-5.665642501151424426e-06,1.648428400446988462e-05,9.810010818641503150e+00
1.088863448283306168e+00,1.088861613601554978e+00,-5.504045253568179419e-06,1.615972475832450073e-05,9.810010655679505476e+00
1.088863395483124830e+00,1.088861613601554978e+00,-5.345644709553454277e-06,1.584005440147251420e-05,9.810010494409691972e+00
1.088863343732384470e+00,1.088861613601554978e+00,-5.190392488474415700e-06,1.552522210790385770e-05,9.810010334829620149e+00
1.088863293015126965e+00,1.088861613601554978e+00,-5.038240715959929616e-06,1.521517725144860833e-05,9.810010176936536652e+00
1.088863243315563167e+00,1.088861613601554978e+00,-4.889142024566695000e-06,1.490986913932346170e-05,9.810010020727116142e+00
1.088863194618072017e+00,1.088861613601554978e+00,-4.743049551114708606e-06,1.460924734519863932e-05,9.810009866197795247e+00
1.088863146907200763e+00,1.088861613601554978e+00,-4.599916937353398794e-06,1.431326137613098126e-05,9.810009713344438609e+00
1.088863100167663855e+00,1.088861613601554978e+00,-4.459698326630956444e-06,1.402186107224423495e-05,9.810009562162745667e+00
1.088863054384343387e+00,1.088861613601554978e+00,-4.322348365226602596e-06,1.373499614043538486e-05,9.810009412647776372e+00
1.088863009542287541e+00,1.088861613601554978e+00,-4.187822197687651737e-06,1.345261675389508582e-05,9.810009264794556927e+00
1.088862965626711254e+00,1.088861613601554978e+00,-4.056075468827913255e-06,1.317467288597384822e-05,9.810009118597417199e+00
1.088862922622994667e+00,1.088861613601554978e+00,-3.927064319064754727e-06,1.290111497631585280e-05,9.810008974050656860e+00
1.088862880516683118e+00,1.088861613601554978e+00,-3.800745384419101924e-06,1.263189346456528028e-05,9.810008831148079977e+00
1.088862839293486484e+00,1.088861613601554978e+00,-3.677075794517037366e-06,1.236695899020645584e-05,9.810008689883195743e+00
1.088862798939278065e+00,1.088861613601554978e+00,-3.556013169259131246e-06,1.210626252579061202e-05,9.810008550249357029e+00
1.088862759440094585e+00,8.996741783764880651e+00,2.372363707297435909e+01,0.000000000000000000e+00,3.353363707297435781e+01
1.091235083648208537e+00,8.996741783764880651e+00,2.371652010035001723e+01,-7.116972624341855180e-01,3.281482283791583399e+01
1.095907890140114027e+00,8.996741783764880651e+00,2.370250168087429898e+01,-1.401841947571647040e+00,3.211065973330265422e+01
1.102810762605349826e+00,8.996741783764880651e+00,2.368179306347859381e+01,-2.070861739570606375e+00,3.142093132390798615e+01
1.111874728202976392e+00,8.996741783764880651e+00,2.365460116668571189e+01,-2.719189679288103179e+00,3.074541148739761098e+01
1.123032234949342678e+00,8.996741783764880651e+00,2.362112864644661414e+01,-3.347252023909952356e+00,3.008387662253666406e+01
1.136217129357962818e+00,8.996741783764880651e+00,2.358157396322075527e+01,-3.955468322585975471e+00,2.943610564063477852e+01
1.151364634330646286e+00,8.996741783764880651e+00,2.353613144830270443e+01,-4.544251491804907062e+00,2.880187995649779964e+01
1.168411327298979563e+00,8.996741783764880651e+00,2.348499136939770437e+01,-5.114007890500182896e+00,2.818098347889752375e+01
1.187295118615202538e+00,8.996741783764880651e+00,2.342833999544903278e+01,-5.665137394866892606e+00,2.757320260058214245e+01
1.207955230191483764e+00,8.996741783764880651e+00,2.336635966072019244e+01,-6.198033472884301176e+00,2.697832618783588998e+01
1.230332174386548738e+00,8.996741783764880651e+00,2.329922882813499641e+01,-6.713083258519425556e+00,2.639614556961556957e+01
1.254367733138575192e+00,8.996741783764880651e+00,2.322712215187891616e+01,-7.210667625607936060e+00,2.582645452627097882e+01
1.280004937343228733e+00,8.996741783764880651e+00,2.315021053926495398e+01,-7.691161261396128879e+00,2.526904927786882382e+01
1.307188046475669108e+00,8.996741783764880651e+00,2.306866121186763507e+01,-8.154932739732245750e+00,2.472372847213539160e+01
1.335862528455323162e+00,8.996741783764880651e+00,2.298263776592867202e+01,-8.602344593895949743e+00,2.419029317203272456e+01
1.365975039752180376e+00,8.996741783764880651e+00,2.289230023203809949e+01,-9.033753389057430638e+00,2.366854684298066758e+01
1.397473405733335561e+00,8.996741783764880651e+00,2.279780513409463438e+01,-9.449509794346422353e+00,2.315829533974821430e+01
1.430306601248465759e+00,8.996741783764880651e+00,2.269930554754924401e+01,-9.849958654539126002e+00,2.265934689301011673e+01
1.464424731452896866e+00,8.996741783764880651e+00,2.259695115693595113e+01,-1.023543906132919901e+01,2.217151209560675085e+01
1.499779012866888639e+00,8.996741783764880651e+00,2.249088831269397559e+01,-1.060628442419746520e+01,2.169460388849650911e+01
1.536321754669730089e+00,8.996741783764880651e+00,2.238126008728545102e+01,-1.096282254085263475e+01,2.122843754643281500e+01
1.574006340227214862e+00,8.996741783764880651e+00,2.226820633061299759e+01,-1.130537566724543197e+01,2.077283066336756434e+01
1.612787208851036436e+00,8.996741783764880651e+00,2.215186372474153131e+01,-1.163426058714653877e+01,2.032760313759499127e+01
1.652619837788617430e+00,8.996741783764880651e+00,2.203236583792878989e+01,-1.194978868127423155e+01,1.989257715665456061e+01
1.693460724441863796e+00,8.996741783764880651e+00,2.190984317796905145e+01,-1.225226599597384336e+01,1.946757718199521037e+01
1.735267368813309785e+00,8.996741783764880651e+00,2.178442324485471104e+01,-1.254199331143386331e+01,1.905242993342084645e+01
1.777998256178097813e+00,8.996741783764880651e+00,2.165623058276035096e+01,-1.281926620943627526e+01,1.864696437332407442e+01
1.821612839980218279e+00,8.996741783764880651e+00,2.152538683135398401e+01,-1.308437514063633955e+01,1.825101169071764673e+01
1.866071524951410598e+00,8.996741783764880651e+00,2.139201077644041149e+01,-1.333760549135742934e+01,1.786440528508298087e+01
1.911335650451111201e+00,8.996741783764880651e+00,2.125621839994131079e+01,-1.357923764991024740e+01,1.748698075003106567e+01
1.957367474025814902e+00,8.996741783764880651e+00,2.111812292921719703e+01,-1.380954707241111024e+01,1.711857585680608906e+01
2.004130155186198969e+00,8.996741783764880651e+00,2.097783488573604416e+01,-1.402880434811528687e+01,1.675903053762075956e+01
2.051587739400345445e+00,8.996741783764880651e+00,2.083546213309360695e+01,-1.423727526424380940e+01,1.640818686884979627e+01
2.099705142301376615e+00,8.996741783764880651e+00,2.069110992439051344e+01,-1.443522087030935097e+01,1.606588905408116119e+01
2.148448134107816099e+00,8.996741783764880651e+00,2.054488094897119055e+01,-1.462289754193211166e+01,1.573198340703907938e+01
2.197783324254959592e+00,8.996741783764880651e+00,2.039687537852976362e+01,-1.480055704414304785e+01,1.540631833438671627e+01
2.247678146235541519e+00,8.996741783764880651e+00,2.024719091258801740e+01,-1.496844659417444490e+01,1.508874431841357300e+01
2.298100842647964992e+00,8.996741783764880651e+00,2.009592282335074742e+01,-1.512680892372717523e+01,1.477911389962357269e+01
2.349020450450350683e+00,8.996741783764880651e+00,1.994316399994359301e+01,-1.527588234071544093e+01,1.447728165922815258e+01
2.400406786418659344e+00,8.996741783764880651e+00,1.978900499203866303e+01,-1.541590079049273143e+01,1.418310420154593210e+01
2.452230432807122273e+00,8.996741783764880651e+00,1.963353405287327647e+01,-1.554709391653874562e+01,1.389644013633453135e+01
2.504462723209218922e+00,8.996741783764880651e+00,1.947683718166698696e+01,-1.566968712062912772e+01,1.361715006103785974e+01
2.557075728617419497e+00,8.996741783764880651e+00,1.931899816544238035e+01,-1.578390162246030570e+01,1.334509654298207515e+01
2.610042243679917995e+00,8.996741783764880651e+00,1.916009862025488886e+01,-1.588995451874941622e+01,1.308014410150547313e+01
2.663335773152567310e+00,8.996741783764880651e+00,1.900021803183693692e+01,-1.598805884179492764e+01,1.282215919004200977e+01
2.716930518544220519e+00,8.996741783764880651e+00,1.883943379566198217e+01,-1.607842361749582949e+01,1.257101017816615318e+01
2.770801364953690449e+00,8.996741783764880651e+00,1.867782125643356750e+01,-1.616125392284111228e+01,1.232656733359245571e+01
2.824923868096519630e+00,8.996741783764880651e+00,1.851545374700508262e+01,-1.623675094284848797e+01,1.208870280415659515e+01
2.879274241519764299e+00,8.996741783764880651e+00,1.835240262673534772e+01,-1.630511202697366713e+01,1.185729059976168109e+01
2.933829344002985451e+00,8.996741783764880651e+00,1.818873731928568560e+01,-1.636653074496621230e+01,1.163220657431947380e+01
2.988566667143638611e+00,8.996741783764880651e+00,1.802452534986372612e+01,-1.642119694219594805e+01,1.141332840766777856e+01
3.043464323125058435e+00,8.996741783764880651e+00,1.785983238191946754e+01,-1.646929679442594718e+01,1.120053558749352085e+01
3.098501032665227584e+00,8.996741783764880651e+00,1.769472225329895920e+01,-1.651101286205074459e+01,1.099370939124821511e+01
3.153656113144521544e+00,8.996741783764880651e+00,1.752925701186107688e+01,-1.654652414378805503e+01,1.079273286807302235e+01
3.208909466910622843e+00,8.996741783764880651e+00,1.736349695056277653e+01,-1.657600612983038957e+01,1.059749082073238746e+01
3.264241569758797201e+00,8.996741783764880651e+00,1.719750064201825168e+01,-1.659963085445230746e+01,1.040786978756594472e+01
3.319633459585728197e+00,8.996741783764880651e+00,1.703132497253745825e+01,-1.661756694807943191e+01,1.022375802445802684e+01
3.375066725215105201e+00,8.996741783764880651e+00,1.686502517564932546e+01,-1.662997968881310129e+01,1.004504548683622467e+01
3.430523495393165589e+00,8.996741783764880651e+00,1.669865486511514518e+01,-1.663703105341811650e+01,9.871623811697029183e+00
3.485986427952395772e+00,8.996741783764880651e+00,1.653226606743745464e+01,-1.663887976776905475e+01,9.703386299668400383e+00
3.541438699141592927e+00,8.996741783764880651e+00,1.636590925386986228e+01,-1.663568135675914661e+01,9.540227897110716171e+00
3.596863993120500869e+00,8.996741783764880651e+00,1.619963337193313890e+01,-1.662758819367224916e+01,9.382045178260890239e+00
3.652246491617235247e+00,8.996741783764880651e+00,1.603348587644293488e+01,-1.661474954902057988e+01,9.228736327422355501e+00
3.707570863746711520e+00,8.996741783764880651e+00,1.586751276005450606e+01,-1.659731163884288208e+01,9.080201121211624482e+00
3.762822255988309106e+00,8.996741783764880651e+00,1.570175858332971330e+01,-1.657541767247927567e+01,8.936340910850438135e+00
3.817986282320991798e+00,8.996741783764880651e+00,1.553626650433166745e+01,-1.654920789980467433e+01,8.797058604526993619e+00
3.873049014514127197e+00,8.996741783764880651e+00,1.537107830775226169e+01,-1.651881965794048668e+01,8.662258649811775513e+00
3.927996972572243894e+00,8.996741783764880651e+00,1.520623443357791160e+01,-1.648438741743500913e+01,8.531847016142902973e+00
3.982817115331974911e+00,8.996741783764880651e+00,1.504177400529871633e+01,-1.644604282791943817e+01,8.405731177379278662e+00
4.037496831209443471e+00,8.996741783764880651e+00,1.487773485766631154e+01,-1.640391476324056796e+01,8.283820094425744074e+00
4.092023929096354706e+00,8.996741783764880651e+00,1.471415356400557783e+01,-1.635812936607337065e+01,8.166024197932207684e+00
4.146386629403059132e+00,8.996741783764880651e+00,1.455106546308546456e+01,-1.630881009201132770e+01,8.052255371074137358e+00
4.200573555246871038e+00,8.996741783764880651e+00,1.438850468555402884e+01,-1.625607775314357184e+01,7.942426932410457496e+00
4.254573723783924066e+00,8.996741783764880651e+00,1.422650417994286975e+01,-1.620005056111590847e+01,7.836453618826961787e+00
4.308376537682859997e+00,8.996741783764880651e+00,1.406509573824606107e+01,-1.614084416968077917e+01,7.734251568565282398e+00
4.361971776738652551e+00,8.996741783764880651e+00,1.390431002107868430e+01,-1.607857171673776620e+01,7.635738304340918603e+00
4.415349589624878668e+00,8.996741783764880651e+00,1.374417658242000684e+01,-1.601334386586783509e+01,7.540832716552172243e+00
4.468500485782760379e+00,8.996741783764880651e+00,1.358472389394636082e+01,-1.594526884736451322e+01,7.449455046581848094e+00
4.521415327445300392e+00,8.996741783764880651e+00,1.342597936895874078e+01,-1.587445249876200393e+01,7.361526870196737349e+00
4.574085321794859382e+00,8.996741783764880651e+00,1.326796938591006381e+01,-1.580099830486769719e+01,7.276971081042367118e+00
4.626502013252522971e+00,8.996741783764880651e+00,1.311071931153707304e+01,-1.572500743729907668e+01,7.195711874237996852e+00
4.678657275897609935e+00,8.996741783764880651e+00,1.295425352360181215e+01,-1.564657879352608916e+01,7.117674730075723488e+00
4.730543306015705163e+00,8.996741783764880651e+00,1.279859543324752735e+01,-1.556580903542856831e+01,7.042786397818959543e+00
4.782152614773582222e+00,8.996741783764880651e+00,1.264376750697389440e+01,-1.548279262736311779e+01,6.970974879610777108e+00
4.833478021019420368e+00,8.996741783764880651e+00,1.248979128823638085e+01,-1.539762187375144364e+01,6.902169414484937704e+00
4.884512644206706611e+00,8.996741783764880651e+00,1.233668741867452212e+01,-1.531038695618587298e+01,6.836300462488649643e+00
4.935249897440241895e+00,8.996741783764880651e+00,1.218447565897391627e+01,-1.522117597006058531e+01,6.773299688913331451e+00
4.985683480642668641e+00,8.996741783764880651e+00,1.203317490936663603e+01,-1.513007496072802383e+01,6.713099948638612702e+00
5.035807373839959133e+00,8.996741783764880651e+00,1.188280322977476544e+01,-1.503716795918714766e+01,6.655635270587618280e+00
5.085615830564308659e+00,8.996741783764880651e+00,1.173337785960171686e+01,-1.494253701730485773e+01,6.600840842296859634e+00
5.135103371372887970e+00,8.996741783764880651e+00,1.158491523717597715e+01,-1.484626224257379334e+01,6.548652994602184307e+00
5.184264777480927400e+00,8.996741783764880651e+00,1.143743101885186064e+01,-1.474842183241182880e+01,6.499009186440032337e+00
5.233095084507610295e+00,8.996741783764880651e+00,1.129094009777181107e+01,-1.464909210800486861e+01,6.451847989766942959e+00
5.281589576333270308e+00,8.996741783764880651e+00,1.114545662229483014e+01,-1.454834754769800398e+01,6.407109074596826659e+00
5.329743779066389742e+00,8.996741783764880651e+00,1.100099401409547184e+01,-1.444626081993583000e+01,6.364733194159642338e+00
5.377553455118925463e+00,8.996741783764880651e+00,1.085756498593786645e+01,-1.434290281576071635e+01,6.324662170177150600e+00
5.425014597388479132e+00,8.996741783764880651e+00,1.071518155912920456e+01,-1.423834268086610066e+01,6.286838878263104391e+00
5.472123423545858678e+00,8.996741783764880651e+00,1.057385508065706503e+01,-1.413264784721386391e+01,6.251207233443201616e+00
5.518876370426582412e+00,8.996741783764880651e+00,1.043359624001489472e+01,-1.402588406421712008e+01,6.217712175797775132e+00
5.565270088524886027e+00,8.996741783764880651e+00,1.029441508571998298e+01,-1.391811542949108471e+01,6.186299656228898769e+00
5.611301436588812308e+00,8.996741783764880651e+00,1.015632104152820503e+01,-1.380940441917788419e+01,6.156916622350321333e+00
5.656967476314973986e+00,8.996741783764880651e+00,1.001932292234971911e+01,-1.369981191784850338e+01,6.129511004501216220e+00
5.702265467141585553e+00,8.996741783764880651e+00,9.883428949869884406e+00,-1.358939724798347015e+01,6.104031701886414751e+00
5.747192861138385567e+00,8.996741783764880651e+00,9.748646767879485253e+00,-1.347821819904000407e+01,6.080428568839481684e+00
5.791747297992070109e+00,8.996741783764880651e+00,9.614983457318430737e+00,-1.336633105610536276e+01,6.058652401213068472e+00
5.835926600085875826e+00,8.996741783764880651e+00,9.482445551037013587e+00,-1.325379062814171505e+01,6.038654922895299038e+00
5.879728767671970502e+00,8.996741783764880651e+00,9.351039048278730448e+00,-1.314065027582840273e+01,6.020388772450328219e+00
5.923151974135310915e+00,8.996741783764880651e+00,9.220769428888708319e+00,-1.302696193900212407e+01,6.003807489886584747e+00
5.966194561347640146e+00,8.996741783764880651e+00,9.091641667251721515e+00,-1.291277616369876924e+01,5.988865503552952774e+00
6.008855035110324039e+00,8.996741783764880651e+00,8.963660245963669837e+00,-1.279814212880516777e+01,5.975518117158502562e+00
6.051132060684723868e+00,8.996741783764880651e+00,8.836829169240470350e+00,-1.268310767231994873e+01,5.963721496920522114e+00
6.093024458408815569e+00,8.996741783764880651e+00,8.711151976068194358e+00,-1.256771931722751034e+01,5.953432658840684510e+00
6.134531199398791657e+00,8.996741783764880651e+00,8.586631753098266984e+00,-1.245202229699282626e+01,5.944609456105441225e+00
6.175651401334378399e+00,8.996741783764880651e+00,8.463271147291507646e+00,-1.233606058067602262e+01,5.937210566615485519e+00
6.216384324326626576e+00,8.996741783764880651e+00,8.341072378314763114e+00,-1.221987689767445318e+01,5.931195480640310436e+00
6.256729366866938591e+00,8.996741783764880651e+00,8.220037250693826181e+00,-1.210351276209360449e+01,5.926524488600222185e+00
6.296686061856110683e+00,8.996741783764880651e+00,8.100167165726309904e+00,-1.198700849675162772e+01,5.923158668974682683e+00
6.336254072712180552e+00,8.996741783764880651e+00,7.981463133158100298e+00,-1.187040325682096054e+01,5.921059876337140260e+00
6.375433189555884006e+00,8.996741783764880651e+00,7.863925782626989935e+00,-1.175373505311103628e+01,5.920190729515954153e+00
6.414223325472539372e+00,8.996741783764880651e+00,7.747555374877023837e+00,-1.163704077499660983e+01,5.920514599880414508e+00
6.452624512849182814e+00,8.996741783764880651e+00,7.632351812747093511e+00,-1.152035621299303259e+01,5.921995599754061423e+00
6.490636899785800829e+00,8.996741783764880651e+00,7.518314651937239468e+00,-1.140371608098540435e+01,5.924598570951835619e+00
6.528260746579514162e+00,8.996741783764880651e+00,7.405443111556099467e+00,-1.128715403811400009e+01,5.928289073442099877e+00
6.565496422280571842e+00,8.996741783764880651e+00,7.293736084452926427e+00,-1.117070271031730400e+01,5.933033374135622928e+00
6.602344401319043321e+00,8.996741783764880651e+00,7.183192147337511990e+00,-1.105439371154144368e+01,5.938798435796068809e+00
6.638805260201094072e+00,8.996741783764880651e+00,7.073809570691359738e+00,-1.093825766461522520e+01,5.945551906076135040e+00
6.674879674273753061e+00,8.996741783764880651e+00,6.965586328473382771e+00,-1.082232422179769671e+01,5.953262106675686560e+00
6.710568414557079642e+00,8.996741783764880651e+00,6.858520107623403028e+00,-1.070662208499797430e+01,5.961898022625429228e+00
6.745872344642668494e+00,8.996741783764880651e+00,6.752608317366636470e+00,-1.059117902567665581e+01,5.971429291689981156e+00
6.780792417657425908e+00,8.996741783764880651e+00,6.647848098322364230e+00,-1.047602190442722403e+01,5.981826193895140698e+00
6.815329673291572909e+00,8.996741783764880651e+00,6.544236331419923225e+00,-1.036117669024410048e+01,5.993059641175823238e+00
6.849485234889837848e+00,8.996741783764880651e+00,6.441769646625128409e+00,-1.024666847947948156e+01,6.005101167145647345e+00
6.883260306604817025e+00,8.996741783764880651e+00,6.340444431480190879e+00,-1.013252151449375305e+01,6.017922916986438331e+00
6.916656170611495291e+00,8.996741783764880651e+00,6.240256839460156080e+00,-1.001875920200347991e+01,6.031497637456676664e+00
6.949674184381919417e+00,8.996741783764880651e+00,6.141202798148883701e+00,-9.905404131127237832e+00,6.045798667021646366e+00
6.982315778019045460e+00,8.996741783764880651e+00,6.043278017237505573e+00,-9.792478091137812868e+00,6.060799926099693202e+00
7.014582451648781358e+00,8.996741783764880651e+00,5.946477996348297879e+00,-9.680002088920769410e+00,6.076475907427528966e+00
7.046475772869260190e+00,8.996741783764880651e+00,5.850798032686861383e+00,-9.567996366143649567e+00,6.092801666543212313e+00
7.077997374256392860e+00,8.996741783764880651e+00,5.756233228525463375e+00,-9.456480416139800838e+00,6.109752812385663034e+00
7.109148950924764065e+00,8.996741783764880651e+00,5.662778498520349757e+00,-9.345473000511361761e+00,6.127305498008988494e+00
7.139932258142936305e+00,8.996741783764880651e+00,5.570428576865833037e+00,-9.234992165451672008e+00,6.145436411414161526e+00
7.170349109002249754e+00,8.996741783764880651e+00,5.479178024287892690e+00,-9.125055257794034702e+00,6.164122766493858485e+00
7.200401372138212963e+00,8.996741783764880651e+00,5.389021234880003064e+00,-9.015678940788962592e+00,6.183342294091040969e+00
7.230090969503585541e+00,8.996741783764880651e+00,5.299952442783885331e+00,-8.906879209611773263e+00,6.203073233172112566e+00
7.259419874192275302e+00,8.996741783764880651e+00,5.211965728717816049e+00,-8.798671406606928258e+00,6.223294322110888288e+00
7.288390108313175908e+00,8.996741783764880651e+00,5.125055026355114229e+00,-8.691070236270181937e+00,6.243984790084932790e+00
7.317003740913085252e+00,8.996741783764880651e+00,5.039214128555386196e+00,-8.584089779972803314e+00,6.265124348582583380e+00
7.345262885947852816e+00,8.996741783764880651e+00,4.954436693451083507e+00,-8.477743510430268969e+00,6.286693183020815034e+00
7.373169700300922003e+00,8.996741783764880651e+00,4.870716250391875946e+00,-8.372044305920756102e+00,6.308671944471120341e+00
7.400726381848438784e+00,8.996741783764880651e+00,4.788046205749325601e+00,-8.267004464255034435e+00,6.331041741494291664e+00
7.427935167570105079e+00,8.996741783764880651e+00,4.706419848584326715e+00,-8.162635716499888616e+00,6.353784132084438596e+00
7.454798331704979297e+00,8.996741783764880651e+00,4.625830356179704062e+00,-8.058949240462265351e+00,6.376881115717439208e+00
7.481318183951425560e+00,8.996741783764880651e+00,4.546270799440365273e+00,-7.955955673933878813e+00,6.400315125506486957e+00
7.507497067710422023e+00,8.996741783764880651e+00,4.467734148163375885e+00,-7.853665127698938875e+00,6.424069020464437507e+00
7.533337358371465342e+00,8.996741783764880651e+00,4.390213276180245927e+00,-7.752087198312995753e+00,6.448126077867250672e+00
7.558841461640295023e+00,8.996741783764880651e+00,4.313700966373756884e+00,-7.651230980648904278e+00,6.472469985724853103e+00
7.584011811907697798e+00,8.996741783764880651e+00,4.238189915571548561e+00,-7.551105080220832377e+00,6.497084835350716681e+00
7.608850870658635301e+00,8.996741783764880651e+00,4.163672739318736049e+00,-7.451717625281251145e+00,6.521955114037485401e+00
7.633361124920976515e+00,8.996741783764880651e+00,4.090141976531712409e+00,-7.353076278702364021e+00,6.547065697829348885e+00
7.657545085753100444e+00,8.996741783764880651e+00,4.017590094035340620e+00,-7.255188249637178899e+00,6.572401844398162218e+00
7.681405286769664720e+00,8.996741783764880651e+00,3.946009490985647794e+00,-7.158060304969282583e+00,6.597949186016365708e+00
7.704944282704830449e+00,8.996741783764880651e+00,3.875392503180150605e+00,-7.061698780549718890e+00,6.623693722630432212e+00
7.728164648012259441e+00,8.996741783764880651e+00,3.805731407257863630e+00,-6.966109592228697522e+00,6.649621815029166605e+00
7.751068975501191005e+00,8.996741783764880651e+00,3.737018424791068938e+00,-6.871298246679469202e+00,6.675720178111600234e+00
7.773659875007933984e+00,8.996741783764880651e+00,3.669245726270840002e+00,-6.777269852022893559e+00,6.701975874247946940e+00
7.795939972102101656e+00,8.996741783764880651e+00,3.602405434988336985e+00,-6.684029128250301710e+00,6.728376306738035773e+00
7.817911906826942925e+00,8.996741783764880651e+00,3.536489630813813179e+00,-6.591580417452380658e+00,6.754909213361433018e+00
7.839578332473120525e+00,8.996741783764880651e+00,3.471490353875280377e+00,-6.499927693853280175e+00,6.781562660022000699e+00
7.860941914385300322e+00,8.996741783764880651e+00,3.407399608138740987e+00,-6.409074573653938955e+00,6.808325034484802529e+00
7.882005328800928190e+00,8.996741783764880651e+00,3.344209364891857383e+00,-6.319024324688360394e+00,6.835185040203497486e+00
7.902771261720576312e+00,8.996741783764880651e+00,3.281911566132913016e+00,-6.229779875894436714e+00,6.862131690238476800e+00
7.923242407809248711e+00,8.996741783764880651e+00,3.220498127866895821e+00,-6.141343826601719513e+00,6.889154301265176805e+00
7.943421469328047380e+00,8.996741783764880651e+00,3.159960943310499815e+00,-6.053718455639600649e+00,6.916242487670899663e+00
7.963311155095613714e+00,8.996741783764880651e+00,3.100291886007800812e+00,-5.966905730269900232e+00,6.943386155737901078e+00
7.982914179478753702e+00,8.996741783764880651e+00,3.041482812858380846e+00,-5.880907314941996589e+00,6.970575497916384755e+00
8.002233261411685561e+00,8.996741783764880651e+00,2.983525567059585271e+00,-5.795724579879557581e+00,6.997800987180028187e+00
8.021271123443334261e+00,8.996741783764880651e+00,2.926411980964639170e+00,-5.711358609494610050e+00,7.025053371470029617e+00
8.040030490812130282e+00,8.996741783764880651e+00,2.870133878858251109e+00,-5.627810210638806154e+00,7.052323668219445452e+00
8.058514090547749475e+00,8.996741783764880651e+00,2.814683079651393527e+00,-5.545079920685758168e+00,7.079603158965635856e+00
8.076724650599263811e+00,8.996741783764880651e+00,2.760051399496850522e+00,-5.463168015454300530e+00,7.106883384042550489e+00
8.094664898989183399e+00,8.996741783764880651e+00,2.706230654327091756e+00,-5.382074516975876577e+00,7.134156137351215676e+00
8.112337562992838258e+00,8.996741783764880651e+00,2.653212662316127179e+00,-5.301799201096457637e+00,7.161413461219670040e+00
8.129745368342614853e+00,8.996741783764880651e+00,2.600989246266797394e+00,-5.222341604932978498e+00,7.188647641333819394e+00
8.146891038456525180e+00,8.996741783764880651e+00,2.549552235925066412e+00,-5.143701034173098208e+00,7.215851201751968702e+00
8.163777293690609227e+00,8.996741783764880651e+00,2.498893470222814273e+00,-5.065876570225213982e+00,7.243016899997600788e+00
8.180406850614692971e+00,8.996741783764880651e+00,2.449004799450563041e+00,-4.988867077225123126e+00,7.270137722225440413e+00
8.196782421311000988e+00,8.996741783764880651e+00,2.399878087361638990e+00,-4.912671208892405161e+00,7.297206878469234326e+00
8.212906712695154710e+00,8.996741783764880651e+00,2.351505213209177825e+00,-4.837287415246116495e+00,7.324217797963061827e+00
8.228782425859105132e+00,8.996741783764880651e+00,2.303878073717326558e+00,-4.762713949185126694e+00,7.351164124532200361e+00
8.244412255435507930e+00,8.996741783764880651e+00,2.256988584988118163e+00,-4.688948872920839506e+00,7.378039712067279154e+00
8.259798888983118204e+00,8.996741783764880651e+00,2.210828684345287343e+00,-4.615990064283082006e+00,7.404838620062205834e+00
8.274945006392734115e+00,8.996741783764880651e+00,2.165390332116439609e+00,-4.543835222884773373e+00,7.431555109231666734e+00
8.289853279313273759e+00,8.996741783764880651e+00,2.120665513354820675e+00,-4.472481876161893410e+00,7.458183637192927762e+00
8.304526370597532292e+00,8.996741783764880651e+00,2.076646239502045077e+00,-4.401927385277559779e+00,7.484718854224485796e+00
8.318966933767214300e+00,8.996741783764880651e+00,2.033324549992999053e+00,-4.332168950904602411e+00,7.511155599088397139e+00
8.333177612496804443e+00,8.996741783764880651e+00,1.990692513804228625e+00,-4.263203618877042800e+00,7.537488894927186323e+00
8.347161040115887332e+00,8.996741783764880651e+00,1.948742230946979959e+00,-4.195028285724866635e+00,7.563713945222113821e+00
8.360919839129492104e+00,8.996741783764880651e+00,1.907465833906165642e+00,-4.127639704081431660e+00,7.589826129824734480e+00
8.374456620756079772e+00,8.996741783764880651e+00,1.866855489026402637e+00,-4.061034487976300511e+00,7.615821001050102623e+00
8.387773984482771894e+00,8.996741783764880651e+00,1.826903397846326271e+00,-3.995209118007636562e+00,7.641694279838690207e+00
8.400874517637449301e+00,8.996741783764880651e+00,1.787601798382294049e+00,-3.930159946403222193e+00,7.667441851979072354e+00
8.413760794977322988e+00,8.996741783764880651e+00,1.748942966362672990e+00,-3.865883201962105886e+00,7.693059764400567602e+00
8.426435378293637868e+00,8.996741783764880651e+00,1.710919216413728350e+00,-3.802374994894464066e+00,7.718544221519264781e+00
8.438900816032104402e+00,8.996741783764880651e+00,1.673522903198328748e+00,-3.739631321539960140e+00,7.743891581658369105e+00
8.451159642928736559e+00,8.996741783764880651e+00,1.636746422508432275e+00,-3.677648068989647356e+00,7.769098353518785416e+00
8.463214379660721320e+00,8.996741783764880651e+00,1.600582212312477992e+00,-3.616421019595428277e+00,7.794161192717050213e+00
8.475067532511976864e+00,8.996741783764880651e+00,1.565022753758711360e+00,-3.555945855376663189e+00,7.819076898382048668e+00
8.486721593053070833e+00,8.996741783764880651e+00,1.530060572135429453e+00,-3.496218162328190715e+00,7.843842409807239235e+00
8.498179037835145166e+00,8.996741783764880651e+00,1.495688237789206454e+00,-3.437233434622299910e+00,7.868454803166907041e+00
8.509442328097536645e+00,8.996741783764880651e+00,1.461898367002032018e+00,-3.378987078717443637e+00,7.892911288284588878e+00
8.520513909488757420e+00,8.996741783764880651e+00,1.428683622828369693e+00,-3.321474417366232501e+00,7.917209205462137689e+00
8.531396211800522877e+00,8.996741783764880651e+00,1.396036715893073321e+00,-3.264690693529637144e+00,7.941346022363436674e+00
8.542091648714524865e+00,8.996741783764880651e+00,1.363950405151067358e+00,-3.208631074200596345e+00,7.965319330950471510e+00
8.552602617561621656e+00,8.996741783764880651e+00,1.332417498609776985e+00,-3.153290654129037307e+00,7.989126844480740175e+00
8.562931499093167531e+00,8.996741783764880651e+00,1.301430854015139360e+00,-3.098664459463762455e+00,8.012766394551377402e+00
8.573080657264167570e+00,8.996741783764880651e+00,1.270983379502139243e+00,-3.044747451300011676e+00,8.036235928202128065e+00
8.583052439027989422e+00,8.996741783764880651e+00,1.241068034210673687e+00,-2.991534529146555599e+00,8.059533505064118586e+00
8.592849174142317636e+00,8.996741783764880651e+00,1.211677828867689044e+00,-2.939020534298464327e+00,8.082657294569225215e+00
8.602473174986101867e+00,8.996741783764880651e+00,1.182805826336336352e+00,-2.887200253135269179e+00,8.105605573201067671e+00
8.611926736387205850e+00,8.996741783764880651e+00,1.154445142133024405e+00,-2.836068420331194773e+00,8.128376721801830129e+00
8.621212135460490700e+00,8.996741783764880651e+00,1.126588944913169854e+00,-2.785619721985455044e+00,8.150969222927715307e+00
8.630331631456067853e+00,8.996741783764880651e+00,1.099230456926438393e+00,-2.735848798673146121e+00,8.173381658253292770e+00
8.639287465617471184e+00,8.996741783764880651e+00,1.072362954442228400e+00,-2.686750248420999299e+00,8.195612706021229599e+00
8.648081861049476515e+00,8.996741783764880651e+00,1.045979768146212407e+00,-2.638318629601599241e+00,8.217661138544613664e+00
8.656717022595335820e+00,8.996741783764880651e+00,1.020074283508634494e+00,-2.590548463757791353e+00,8.239525819750843638e+00
8.665195136723170322e+00,8.996741783764880651e+00,9.946399411251309886e-01,-2.543434238350350540e+00,8.261205702774780946e+00
8.673518371421282680e+00,8.996741783764880651e+00,9.696702370307939134e-01,-2.496970409433707516e+00,8.282699827597086895e+00
8.681688876102153785e+00,8.996741783764880651e+00,9.451587229881805996e-01,-2.451151404261331379e+00,8.304007318726849718e+00
8.689708781514898561e+00,8.996741783764880651e+00,9.210990067499462697e-01,-2.405971623823432992e+00,8.325127382926513775e+00
8.697580199665935652e+00,8.996741783764880651e+00,8.974847522968349978e-01,-2.361425445311127191e+00,8.346059306985708304e+00
8.705305223747672017e+00,8.996741783764880651e+00,8.743096800516259037e-01,-2.317507224520909404e+00,8.366802455530716998e+00
8.712885928074960873e+00,8.996741783764880651e+00,8.515675670697593347e-01,-2.274211298186656904e+00,8.387356268883102928e+00
8.720324368029137574e+00,8.996741783764880651e+00,8.292522472072292317e-01,-2.231531986253010302e+00,8.407720260954219427e+00
8.727622580009409603e+00,8.996741783764880651e+00,8.073576112664131443e-01,-2.189463594081608733e+00,8.427894017184804909e+00
8.734782581391399958e+00,8.996741783764880651e+00,7.858776071204420788e-01,-2.148000414597106555e+00,8.447877192523336021e+00
8.741806370492643197e+00,8.996741783764880651e+00,7.648062398167123632e-01,-2.107136730372971556e+00,8.467669509443741305e+00
8.748695926544829859e+00,8.996741783764880651e+00,7.441375716601523749e-01,-2.066866815655998835e+00,8.487270756004154038e+00
8.755453209672618087e+00,8.996741783764880651e+00,7.238657222767876931e-01,-2.027184938336468178e+00,8.506680783940320012e+00
8.762080160878799262e+00,8.996741783764880651e+00,7.039848686582441672e-01,-1.988085361854352584e+00,8.525899506803892081e+00
8.768578702035661365e+00,8.996741783764880651e+00,6.844892451876578576e-01,-1.949562347058630962e+00,8.544926898129027393e+00
8.774950735882336872e+00,8.996741783764880651e+00,6.653731436476313377e-01,-1.911610154002651996e+00,8.563762989644979839e+00
8.781198146027977103e+00,8.996741783764880651e+00,6.466309132107106450e-01,-1.874223043692069268e+00,8.582407869518641874e+00
8.787322796960568283e+00,8.996741783764880651e+00,6.282569604129371044e-01,-1.837395279777354062e+00,8.600861680635583539e+00
8.793326534061224109e+00,8.996741783764880651e+00,6.102457491109696264e-01,-1.801121130196747799e+00,8.619124618914222324e+00
8.799211183623770083e+00,8.996741783764880651e+00,5.925918004233317049e-01,-1.765394868763792147e+00,8.637196931659540056e+00
8.804978552879482834e+00,8.996741783764880651e+00,5.752896926561934521e-01,-1.730210776713825283e+00,8.655078915942368667e+00
8.810630430026789028e+00,8.996741783764880651e+00,5.583340612142748682e-01,-1.695563144191858385e+00,8.672770917022416981e+00
8.816168584265797747e+00,8.996741783764880651e+00,5.417195984972487111e-01,-1.661446271702615718e+00,8.690273326794633491e+00
8.821594765837486918e+00,8.996741783764880651e+00,5.254410537821811999e-01,-1.627854471506751111e+00,8.707586582275430587e+00
8.826910706067403467e+00,8.996741783764880651e+00,5.094932330924315522e-01,-1.594782068974964773e+00,8.724711164117467277e+00
8.832118117413731540e+00,8.996741783764880651e+00,4.938709990534473349e-01,-1.562223403898421736e+00,8.741647595155026096e+00
8.837218693519574231e+00,8.996741783764880651e+00,4.785692707359192610e-01,-1.530172831752807383e+00,8.758396438983112375e+00
8.842214109269315614e+00,8.996741783764880651e+00,4.635830234866951116e-01,-1.498624724922414941e+00,8.774958298564280668e+00
8.847106020848913843e+00,8.996741783764880651e+00,4.489072887479004237e-01,-1.467573473879468793e+00,8.791333814868432128e+00
8.851896065809999214e+00,8.996741783764880651e+00,4.345371538646443099e-01,-1.437013488325611377e+00,8.807523665539033431e+00
8.856585863137638626e+00,8.996741783764880651e+00,4.204677618817260765e-01,-1.406939198291823345e+00,8.823528563589903229e+00
8.861177013321636764e+00,8.996741783764880651e+00,4.066943113297316614e-01,-1.377345055199441504e+00,8.839349256130290655e+00
8.865671098431247898e+00,8.996741783764880651e+00,3.932120560008982579e-01,-1.348225532883340350e+00,8.854986523117558406e+00
8.870069682193170379e+00,8.996741783764880651e+00,3.800163047151308149e-01,-1.319575128576744305e+00,8.870441176138387007e+00
8.874374310072706606e+00,8.996741783764880651e+00,3.671024210765221341e-01,-1.291388363860868083e+00,8.885714057215654549e+00
8.878586509357964118e+00,8.996741783764880651e+00,3.544658232207495985e-01,-1.263659785577253558e+00,8.900806037643496538e+00
8.882707789246985897e+00,8.996741783764880651e+00,3.421019835536842635e-01,-1.236383966706533499e+00,8.915718016847151262e+00
8.886739640937692641e+00,8.996741783764880651e+00,3.300064284815640292e-01,-1.209555507212023429e+00,8.930450921269541098e+00
8.890683537720526886e+00,8.996741783764880651e+00,3.181747381330612967e-01,-1.183169034850273249e+00,8.945005703282788545e+00
8.894540935073688814e+00,8.996741783764880651e+00,3.066025460735755104e-01,-1.157219205948578633e+00,8.959383340124997375e+00
8.898313270760864313e+00,8.996741783764880651e+00,2.952855390120490142e-01,-1.131700706152649616e+00,8.973584832859399896e+00
8.902001964931324451e+00,8.996741783764880651e+00,2.842194565006685991e-01,-1.106608251138041510e+00,8.987611205362627587e+00
8.905608420222321797e+00,8.996741783764880651e+00,2.734000906276765619e-01,-1.081936587299203723e+00,9.001463503328473337e+00
8.909134021863652109e+00,8.996741783764880651e+00,2.628232857036856274e-01,-1.057680492399093453e+00,9.015142793304592672e+00
8.912580137784312129e+00,8.996741783764880651e+00,2.524849379417055673e-01,-1.033834776198006011e+00,9.028650161743700053e+00
8.915948118721146898e+00,8.996741783764880651e+00,2.423809951312012601e-01,-1.010394281050430720e+00,9.041986714080771037e+00
8.919239298329388888e+00,8.996741783764880651e+00,2.325074563064752908e-01,-9.873538824725969221e-01,9.055153573833878866e+00
8.922454993295014347e+00,8.996741783764880651e+00,2.228603714095989119e-01,-9.647084896876378934e-01,9.068151881721961516e+00
8.925596503448812058e+00,8.996741783764880651e+00,2.134358409482057795e-01,-9.424530461393132441e-01,9.080982794808893033e+00
8.928665111882091665e+00,8.996741783764880651e+00,2.042300156483669582e-01,-9.205825299838821252e-01,9.093647485664485330e+00
8.931662085063937440e+00,8.996741783764880651e+00,1.952390961028296346e-01,-8.990919545537323643e-01,9.106147141549097768e+00
8.934588672959938194e+00,8.996741783764880651e+00,1.864593324148273723e-01,-8.779763688002262256e-01,9.118482963614601644e+00
8.937446109152300977e+00,8.996741783764880651e+00,1.778870238377390223e-01,-8.572308577088350035e-01,9.130656166128904516e+00
8.940235610961275725e+00,8.996741783764880651e+00,1.695185184108147780e-01,-8.368505426924244261e-01,9.142667975718390849e+00
8.942958379567821581e+00,8.996741783764880651e+00,1.613502125911772112e-01,-8.168305819637566856e-01,9.154519630627421023e+00
8.945615600137431400e+00,8.996741783764880651e+00,1.533785508823477528e-01,-7.971661708829458348e-01,9.166212379999402415e+00
8.948208441945041614e+00,8.996741783764880651e+00,1.456000254595171128e-01,-7.778525422830639968e-01,9.177747483176453613e+00
8.950738058500968819e+00,8.996741783764880651e+00,1.380111757917354964e-01,-7.588849667781616404e-01,9.189126209013574353e+00
8.953205587677796728e+00,8.996741783764880651e+00,1.306085882612517679e-01,-7.402587530483728528e-01,9.200349835212879412e+00
8.955612151838145962e+00,8.996741783764880651e+00,1.233888957802040665e-01,-7.219692481047701449e-01,9.211419647675434419e+00
8.957958857963262744e+00,8.996741783764880651e+00,1.163487774048537204e-01,-7.040118375350346014e-01,9.222336939869819616e+00
8.960246797782366102e+00,8.996741783764880651e+00,1.094849579475436485e-01,-6.863819457310071925e-01,9.233103012216536953e+00
8.962477047902691396e+00,8.996741783764880651e+00,1.027942075865677651e-01,-6.690750360975883382e-01,9.243719171488979924e+00
8.964650669940166239e+00,8.996741783764880651e+00,9.627334147414323695e-02,-6.520866112424528183e-01,9.254186730231690916e+00
8.966768710650663721e+00,8.996741783764880651e+00,8.991921934265079130e-02,-6.354122131492445646e-01,9.264507006193406724e+00
8.968832202061781445e+00,8.996741783764880651e+00,8.372874510929761982e-02,-6.190474233353171485e-01,9.274681321773980969e+00
8.970842161605075304e+00,8.996741783764880651e+00,7.769886647941603997e-02,-6.029878629881579855e-01,9.284711003491258552e+00
8.972799592248719591e+00,8.996741783764880651e+00,7.182657454848317968e-02,-5.872291930932860282e-01,9.294597381455197649e+00
8.974705482630508158e+00,8.996741783764880651e+00,6.610890340311748048e-02,-5.717671145365699203e-01,9.304341788866548058e+00
8.976560807191184210e+00,8.996741783764880651e+00,6.054292972108932247e-02,-5.565973682028158009e-01,9.313945561518274019e+00
8.978366526308011686e+00,8.996741783764880651e+00,5.512577237060689583e-02,-5.417157350482426637e-01,9.323410037322364730e+00
8.980123586428572224e+00,8.996741783764880651e+00,4.985459200892528031e-02,-5.271180361681615523e-01,9.332736555840764225e+00
8.981832920204716686e+00,8.996741783764880651e+00,4.472659068049189557e-02,-5.128001328433384742e-01,9.341926457837153919e+00
8.983495446626644565e+00,8.996741783764880651e+00,3.973901141470825849e-02,-4.987579265783637084e-01,9.350981084836345048e+00
8.985112071157056235e+00,8.996741783764880651e+00,3.488913782347324855e-02,-4.849873591235009940e-01,9.359901778699972752e+00
8.986683685865337168e+00,8.996741783764880651e+00,3.017429369863044997e-02,-4.714844124842798578e-01,9.368689881214351090e+00
8.988211169561740377e+00,8.996741783764880651e+00,2.559184260942082290e-02,-4.582451089209627071e-01,9.377346733688458613e+00
8.989695387931512016e+00,8.996741783764880651e+00,2.113918750010590486e-02,-4.452655109314918036e-01,9.385873676568614599e+00
8.991137193668940597e+00,8.996741783764880651e+00,1.681377028782016225e-02,-4.325417212285742607e-01,9.394272049059246399e+00
8.992537426611274753e+00,8.996741783764880651e+00,1.261307146081769304e-02,-4.200698827002469216e-01,9.402543188760571269e+00
8.993896913872484689e+00,8.996741783764880651e+00,8.534609677187887655e-03,-4.078461783629805382e-01,9.410688431314207847e+00
8.995216469976826446e+00,8.996741783764880651e+00,4.575941364162616765e-03,-3.958668313025270891e-01,9.418709110061636025e+00
8.996496896992175252e+00,8.996741783764880651e+00,7.346603181161981411e-04,-3.841281046046418624e-01,9.426606555713474833e+00
8.997738984663094186e+00,8.996741783764880651e+00,-2.991602694640604909e-03,-3.726263012756803050e-01,9.434382096029679587e+00
8.998943510543616853e+00,8.996741783764880651e+00,-6.605180336208604785e-03,-3.613577641567999876e-01,9.442037055506991905e+00
9.000111240129690771e+00,8.996741783764880651e+00,-1.010836909443035836e-02,-3.503188758221753574e-01,9.449572755083394782e+00
9.001242926991272597e+00,8.996741783764880651e+00,-1.350342967917583792e-02,-3.395060584745479559e-01,9.456990511846276704e+00
9.002339312904037882e+00,8.996741783764880651e+00,-1.679258741747169381e-02,-3.289157738295855893e-01,9.464291638752943214e+00
9.003401127980678709e+00,8.996741783764880651e+00,-1.997803264739417273e-02,-3.185445229922478916e-01,9.471477444360358433e+00
9.004429090801755464e+00,8.996741783764880651e+00,-2.306192111062443928e-02,-3.083888463230266552e-01,9.478549232566349403e+00
9.005423908546090317e+00,8.996741783764880651e+00,-2.604637434362899739e-02,-2.984453233004558115e-01,9.485508302355915689e+00
9.006386277120659756e+00,8.996741783764880651e+00,-2.893348006733731381e-02,-2.887105723708316418e-01,9.492355947561831542e+00
9.007316881289986199e+00,8.996741783764880651e+00,-3.172529257531664371e-02,-2.791812507979329894e-01,9.499093456626750864e+00
9.008216394804975380e+00,8.996741783764880651e+00,-3.442383312028418629e-02,-2.698540544967542587e-01,9.505722112382962052e+00
9.009085480531203061e+00,8.996741783764880651e+00,-3.703109029896722859e-02,-2.607257178683042298e-01,9.512243191832729039e+00
9.009924790576613773e+00,8.996741783764880651e+00,-3.954902043519936683e-02,-2.517930136232138238e-01,9.518657965941587307e+00
9.010734966418617375e+00,8.996741783764880651e+00,-4.197954796121017296e-02,-2.430527526010806127e-01,9.524967699437709712e+00
9.011516639030565656e+00,8.996741783764880651e+00,-4.432456579705501554e-02,-2.345017835844842580e-01,9.531173650618461224e+00
9.012270429007575245e+00,8.996741783764880651e+00,-4.658593572808378269e-02,-2.261369931028767155e-01,9.537277071169039999e+00
9.012996946691702149e+00,8.996741783764880651e+00,-4.876548878046449431e-02,-2.179553052380711620e-01,9.543279205981464841e+00
9.013696792296427063e+00,8.996741783764880651e+00,-5.086502559463923490e-02,-2.099536814174740584e-01,9.549181292987887204e+00
9.014370556030451453e+00,8.996741783764880651e+00,-5.288631679671240704e-02,-2.021291202073172144e-01,9.554984562995970876e+00
9.015018818220774222e+00,8.996741783764880651e+00,-5.483110336768071136e-02,-1.944786570968304318e-01,9.560690239535489354e+00
9.015642149435050712e+00,8.996741783764880651e+00,-5.670109701051018192e-02,-1.869993642829470559e-01,9.566299538706543260e+00
9.016241110603198550e+00,8.996741783764880651e+00,-5.849798051495369577e-02,-1.796883504443513857e-01,9.571813669040695416e+00
9.016816253138250303e+00,8.996741783764880651e+00,-6.022340812010895661e-02,-1.725427605155260835e-01,9.577233831364365457e+00
9.017368119056438758e+00,8.996741783764880651e+00,-6.187900587467431990e-02,-1.655597754565363289e-01,9.582561218668789849e+00
9.017897241096493488e+00,8.996741783764880651e+00,-6.346637199483851077e-02,-1.587366120164190875e-01,9.587797015988742899e+00
9.018404142838146953e+00,8.996741783764880651e+00,-6.498707721979890550e-02,-1.520705224960394730e-01,9.592942400284162119e+00
9.018889338819828794e+00,8.996741783764880651e+00,-6.644266516484442775e-02,-1.455587945045522247e-01,9.597998540330603845e+00
9.019353334655544785e+00,8.996741783764880651e+00,-6.783465267199240145e-02,-1.391987507147973702e-01,9.602966596613210726e+00
9.019796627150920898e+00,8.996741783764880651e+00,-6.916453015812074057e-02,-1.329877486128339115e-01,9.607847721229045845e+00
9.020219704418419582e+00,8.996741783764880651e+00,-7.043376196061679195e-02,-1.269231802496051387e-01,9.612643057789778567e+00
9.020623045991698064e+00,8.996741783764880651e+00,-7.164378668045223719e-02,-1.210024719835445239e-01,9.617353741336003736e+00
9.021007122939110445e+00,8.996741783764880651e+00,-7.279601752268938242e-02,-1.152230842237145225e-01,9.621980898253596592e+00
9.021372397976348267e+00,8.996741783764880651e+00,-7.389184263440284894e-02,-1.095825111713466526e-01,9.626525646194250996e+00
9.021719325578205328e+00,8.996741783764880651e+00,-7.493262543997403213e-02,-1.040782805571183189e-01,9.630989094002908146e+00
9.022048352089463208e+00,8.996741783764880651e+00,-7.591970497374767035e-02,-9.870795337736382180e-02,9.635372341648889005e+00
9.022359915834885058e+00,8.996741783764880651e+00,-7.685439621001322053e-02,-9.346912362655501738e-02,9.639676480163432259e+00
9.022654447228322994e+00,8.996741783764880651e+00,-7.773799039032702751e-02,-8.835941803138069872e-02,9.643902591578292771e+00
9.022932368880919540e+00,8.996741783764880651e+00,-7.857175534811666751e-02,-8.337649577896399933e-02,9.648051748872919831e+00
9.023194095708403140e+00,8.996741783764880651e+00,-7.935693583056746547e-02,-7.851804824507979674e-02,9.652125015924353235e+00
9.023440035037479490e+00,8.996741783764880651e+00,-8.009475381779651570e-02,-7.378179872290502317e-02,9.656123447459298959e+00
9.023670586711300956e+00,8.996741783764880651e+00,-8.078640883926091476e-02,-6.916550214643990557e-02,9.660048089014299677e+00
9.023886143194024712e+00,8.996741783764880651e+00,-8.143307828743218124e-02,-6.466694481712664810e-02,9.663899976895441668e+00
9.024087089674438289e+00,8.996741783764880651e+00,-8.203591772867291354e-02,-6.028394412407322989e-02,9.667680138147254354e+00
9.024273804168664981e+00,8.996741783764880651e+00,-8.259606121135298906e-02,-5.601434826800755218e-02,9.671389590520639956e+00
9.024446657621943757e+00,8.996741783764880651e+00,-8.311462157118931771e-02,-5.185603598363286437e-02,9.675029342445178315e+00
9.024606014009467714e+00,8.996741783764880651e+00,-8.359269073376118797e-02,-4.780691625718702653e-02,9.678600393009052283e+00
9.024752230436293488e+00,8.996741783764880651e+00,-8.403134001423850918e-02,-4.386492804773212129e-02,9.682103731938029867e+00
9.024885657236312753e+00,8.996741783764880651e+00,-8.443162041429630449e-02,-4.002804000577953047e-02,9.685540339579924662e+00
9.025006638070289355e+00,8.996741783764880651e+00,-8.479456291622611275e-02,-3.629425019298082589e-02,9.688911186890793559e+00
9.025115510022954979e+00,8.996741783764880651e+00,-8.512117877422298307e-02,-3.266158579968703179e-02,9.692217235426090483e+00
9.025212603699163338e+00,8.996741783764880651e+00,-8.541245980284806194e-02,-2.912810286250788749e-02,9.695459437334644548e+00
9.025298243319104685e+00,8.996741783764880651e+00,-8.566937866267210211e-02,-2.569188598240401689e-02,9.698638735354924378e+00
9.025372746812582392e+00,8.996741783764880651e+00,-8.589288914310522216e-02,-2.235104804331200512e-02,9.701756062813583270e+00
9.025436425912340965e+00,8.996741783764880651e+00,-8.608392644238094249e-02,-1.910372992757203292e-02,9.704812343630047522e+00
9.025489586246463247e+00,8.996741783764880651e+00,-8.624340744474778830e-02,-1.594810023668458143e-02,9.707808492318568128e+00
9.025532527429817264e+00,8.996741783764880651e+00,-8.637223099480983990e-02,-1.288235500620515950e-02,9.710745413998985498e+00
9.025565543154570491e+00,8.996741783764880651e+00,-8.647127816906952091e-02,-9.904717425968101452e-03,9.713624004404962875e+00
9.025588921279764421e+00,8.996741783764880651e+00,-8.654141254465130828e-02,-7.013437558178736708e-03,9.716445149897170452e+00
9.025602943919947663e+00,8.996741783764880651e+00,-8.658348046520103480e-02,-4.206792054972652295e-03,9.719209727479826810e+00
9.025607887532880014e+00,8.996741783764880651e+00,-8.659831130399808785e-02,-1.483083879705304753e-03,9.721918604816297105e+00
9.025604023006293275e+00,8.996741783764880651e+00,-8.658671772423787161e-02,1.159357976021624381e-03,9.724572640251784250e+00
9.025591615743731921e+00,8.996741783764880651e+00,-8.654949593655381079e-02,3.722178768406081417e-03,9.727172682831852768e+00
9.025570925749454076e+00,8.996741783764880651e+00,-8.648742595372027608e-02,6.206998283353470924e-03,9.729719572329633692e+00
9.025542207712408782e+00,8.996741783764880651e+00,-8.640127184258439286e-02,8.615411113588322678e-03,9.732214139271004427e+00
9.025505711089291339e+00,8.996741783764880651e+00,-8.629178197323206234e-02,1.094898693523305155e-02,9.734657204962001487e+00
9.025461680186669611e+00,8.996741783764880651e+00,-8.615968926536687889e-02,1.320927078651834563e-02,9.737049581521151964e+00
9.025410354242199062e+00,8.996741783764880651e+00,-8.600571143195523405e-02,1.539778334116448377e-02,9.739392071909209747e+00
9.025351967504919415e+00,8.996741783764880651e+00,-8.583055122011629123e-02,1.751602118389428142e-02,9.741685469963778488e+00
9.025286749314636481e+00,8.996741783764880651e+00,-8.563489664926748901e-02,1.956545708488022228e-02,9.743930560435613231e+00
9.025214924180398057e+00,8.996741783764880651e+00,-8.541942124655221846e-02,2.154754027152705476e-02,9.746128119024975334e+00
9.025136711858062100e+00,8.996741783764880651e+00,-8.518478427954434551e-02,2.346369670078729541e-02,9.748278912421243447e+00
9.025052327426967835e+00,8.996741783764880651e+00,-8.493163098626155261e-02,2.531532932827929017e-02,9.750383698342018235e+00
9.024961981365708041e+00,8.996741783764880651e+00,-8.466059280248217078e-02,2.710381837793818249e-02,9.752443225575456509e+00
9.024865879627006038e+00,8.996741783764880651e+00,-8.437228758637616011e-02,2.883052161060106755e-02,9.754458234024225405e+00
9.024764223711706279e+00,8.996741783764880651e+00,-8.406731984047688400e-02,3.049677458992761103e-02,9.756429454749451224e+00
9.024657210741880320e+00,8.996741783764880651e+00,-8.374628093099900639e-02,3.210389094778776098e-02,9.758357610016789252e+00
9.024545033533057037e+00,8.996741783764880651e+00,-8.340974930452915714e-02,3.365316264698492432e-02,9.760243413342456265e+00
9.024427880665568225e+00,8.996741783764880651e+00,-8.305829070206272036e-02,3.514586024664367869e-02,9.762087569544581456e+00
9.024305936555032659e+00,8.996741783764880651e+00,-8.269245837045602343e-02,3.658323316066969255e-02,9.763890774790214167e+00
9.024179381521976850e+00,8.996741783764880651e+00,-8.231279327128859791e-02,3.796650991674255238e-02,9.765653716645454452e+00
9.024048391860585383e+00,8.996741783764880651e+00,-8.191982428711419573e-02,3.929689841744021805e-02,9.767377074130326520e+00
9.023913139906607483e+00,8.996741783764880651e+00,-8.151406842518049700e-02,4.057558619336987249e-02,9.769061517768189873e+00
9.023773794104405610e+00,8.996741783764880651e+00,-8.109603101857487673e-02,4.180374066056202764e-02,9.770707709641987648e+00
9.023630519073169154e+00,8.996741783764880651e+00,-8.066620592486550834e-02,4.298250937093683888e-02,9.772316303446071828e+00
9.023483475672277265e+00,8.996741783764880651e+00,-8.022507572218984251e-02,4.411302026756658279e-02,9.773887944545377238e+00
9.023332821065839227e+00,8.996741783764880651e+00,-7.977311190287572629e-02,4.519638193141162219e-02,9.775423270028536393e+00
9.023178708786403490e+00,8.996741783764880651e+00,-7.931077506456851722e-02,4.623368383072090637e-02,9.776922908766152887e+00
9.023021288797844264e+00,8.996741783764880651e+00,-7.883851509889083786e-02,4.722599656776793609e-02,9.778387481468877596e+00
9.022860707557432747e+00,8.996741783764880651e+00,-7.835677137765628686e-02,4.817437212345510034e-02,9.779817600745799311e+00
9.022697108077094796e+00,8.996741783764880651e+00,-7.786597293664243580e-02,4.907984410138510611e-02,9.781213871164743168e+00
9.022530629983874562e+00,8.996741783764880651e+00,-7.736653865698173149e-02,4.994342796607043056e-02,9.782576889309089196e+00
9.022361409579584546e+00,8.996741783764880651e+00,-7.685887744411168399e-02,5.076612128700475068e-02,9.783907243842893564e+00
9.022189579899679401e+00,8.996741783764880651e+00,-7.634338840439625073e-02,5.154890397154332504e-02,9.785205515567147572e+00
9.022015270771330364e+00,8.996741783764880651e+00,-7.582046101934913906e-02,5.229273850471116702e-02,9.786472277485362525e+00
9.021838608870730525e+00,8.996741783764880651e+00,-7.529047531754962108e-02,5.299857017995179831e-02,9.787708094862402675e+00
9.021659717779616727e+00,8.996741783764880651e+00,-7.475380204420822849e-02,5.366732733413925871e-02,9.788913525289931528e+00
9.021478718041031186e+00,8.996741783764880651e+00,-7.421080282845160525e-02,5.429992157566232436e-02,9.790089118747211216e+00
9.021295727214321047e+00,8.996741783764880651e+00,-7.366183034832118892e-02,5.489724801304163293e-02,9.791235417664720941e+00
9.021110859929377668e+00,8.996741783764880651e+00,-7.310722849349104990e-02,5.546018548301390183e-02,9.792352956989523349e+00
9.020924227940133378e+00,8.996741783764880651e+00,-7.254733252575817914e-02,5.598959677328707585e-02,9.793442264247529394e+00
9.020735940177313950e+00,8.996741783764880651e+00,-7.198246923729989533e-02,5.648632884582838187e-02,9.794503859608528984e+00
9.020546102800453880e+00,8.996741783764880651e+00,-7.141295710671968777e-02,5.695121305802075540e-02,9.795538255951301565e+00
9.020354819249190470e+00,8.996741783764880651e+00,-7.083910645292945674e-02,5.738506537902310356e-02,9.796545958926094144e+00
9.020162190293818938e+00,8.996741783764880651e+00,-7.026121958681486035e-02,5.778868661145963870e-02,9.797527467024645276e+00
9.019968314085149430e+00,8.996741783764880651e+00,-6.967959096080633685e-02,5.816286260085234971e-02,9.798483271640046510e+00
9.019773286203644602e+00,8.996741783764880651e+00,-6.909450731629185327e-02,5.850836445144835807e-02,9.799413857135157002e+00
9.019577199707853765e+00,8.996741783764880651e+00,-6.850624782891934217e-02,5.882594873725111029e-02,9.800319700908332265e+00
9.019380145182152475e+00,8.996741783764880651e+00,-6.791508425181547182e-02,5.911635771038703524e-02,9.801201273458572061e+00
9.019182210783798226e+00,8.996741783764880651e+00,-6.732128105675272423e-02,5.938031950627475908e-02,9.802059038449522532e+00
9.018983482289288034e+00,8.996741783764880651e+00,-6.672509557322214846e-02,5.961854835305757661e-02,9.802893452779835926e+00
9.018784043140056994e+00,8.996741783764880651e+00,-6.612677812552902878e-02,5.983174476931196750e-02,9.803704966643783436e+00
9.018583974487489385e+00,8.996741783764880651e+00,-6.552657216782620253e-02,6.002059577028262538e-02,9.804494023602456920e+00
9.018383355237281407e+00,8.996741783764880651e+00,-6.492471441720226721e-02,6.018577506239353170e-02,9.805261060645191762e+00
9.018182262093139556e+00,8.996741783764880651e+00,-6.432143498477671528e-02,6.032794324255519314e-02,9.806006508257778975e+00
9.017980769599821755e+00,8.996741783764880651e+00,-6.371695750482331277e-02,6.044774799534025078e-02,9.806730790490517435e+00
9.017778950185553200e+00,8.996741783764880651e+00,-6.311149926201764515e-02,6.054582428056676235e-02,9.807434325018549615e+00
9.017576874203786730e+00,8.996741783764880651e+00,-6.250527131671823611e-02,6.062279452994090434e-02,9.808117523213223166e+00
9.017374609974341482e+00,8.996741783764880651e+00,-6.189847862838249171e-02,6.067926883357444012e-02,9.808780790205192446e+00
9.017172223823918031e+00,8.996741783764880651e+00,-6.129132017711214075e-02,6.071584512703509517e-02,9.809424524949923452e+00
9.016969780125988265e+00,8.996741783764880651e+00,-6.068398908332284236e-02,6.073310937892983929e-02,9.810049120295607494e+00
9.016767341340088393e+00,8.996741783764880651e+00,-6.007667272562322580e-02,6.073163576996165602e-02,9.810654963044338928e+00
9.016564968050493789e+00,8.996741783764880651e+00,-5.946955285683941383e-02,6.071198687838119668e-02,9.811242434021542280e+00
9.016362719004300530e+00,8.996741783764880651e+00,-5.886280571825963648e-02,6.067471385797773564e-02,9.811811908139718597e+00
9.016160651148920735e+00,8.996741783764880651e+00,-5.825660215212025150e-02,6.062035661393849750e-02,9.812363754461818743e+00
9.015958819668988156e+00,8.996741783764880651e+00,-5.765110771232251352e-02,6.054944397977379822e-02,9.812898336267451782e+00
9.015757278022681120e+00,8.996741783764880651e+00,-5.704648277340140794e-02,6.046249389211055814e-02,9.813416011118709648e+00
9.015556077977487703e+00,8.996741783764880651e+00,-5.644288263782115678e-02,6.036001355802511625e-02,9.813917130920204457e+00
9.015355269645384695e+00,8.996741783764880651e+00,-5.584045764151213120e-02,6.024249963090255733e-02,9.814402041989390924e+00
9.015154901517481889e+00,8.996741783764880651e+00,-5.523935325780371386e-02,6.011043837084173447e-02,9.814871085113038518e+00
9.014955020498089056e+00,8.996741783764880651e+00,-5.463971019962521325e-02,5.996430581785006098e-02,9.815324595618225345e+00
9.014755671938258885e+00,8.996741783764880651e+00,-5.404166452013470234e-02,5.980456794905109064e-02,9.815762903428916886e+00
9.014556899668772161e+00,8.996741783764880651e+00,-5.344534771167452902e-02,5.963168084601733199e-02,9.816186333134343300e+00
9.014358746032598901e+00,8.996741783764880651e+00,-5.285088680315475074e-02,5.944609085197782861e-02,9.816595204048823575e+00
9.014161251916830153e+00,8.996741783764880651e+00,-5.225840445584850613e-02,5.924823473062446055e-02,9.816989830274776452e+00
9.013964456784089307e+00,8.996741783764880651e+00,-5.166801905762596903e-02,5.903853982225371055e-02,9.817370520764628239e+00
9.013768398703424722e+00,8.996741783764880651e+00,-5.107984481563221379e-02,5.881742419937552313e-02,9.817737579383743807e+00
9.013573114380697859e+00,8.996741783764880651e+00,-5.049399184745162472e-02,5.858529681805890732e-02,9.818091304970607780e+00
9.013378639188468711e+00,8.996741783764880651e+00,-4.991056627076417840e-02,5.834255766874463234e-02,9.818431991397980951e+00
9.013185007195378518e+00,8.996741783764880651e+00,-4.932967029149359917e-02,5.808959792705792324e-02,9.818759927635564821e+00
9.012992251195052873e+00,8.996741783764880651e+00,-4.875140229051666552e-02,5.782680009769336493e-02,9.819075397807177197e+00
9.012800402734507443e+00,8.996741783764880651e+00,-4.817585690888037675e-02,5.755453816362887665e-02,9.819378681254748997e+00
9.012609492142086509e+00,8.996741783764880651e+00,-4.760312513161757408e-02,5.727317772628026660e-02,9.819670052594663190e+00
9.012419548554925441e+00,8.996741783764880651e+00,-4.703329437013437087e-02,5.698307614832032186e-02,9.819949781778186448e+00
9.012230599945942444e+00,8.996741783764880651e+00,-4.646644854318537909e-02,5.668458269489917711e-02,9.820218134151714295e+00
9.012042673150375549e+00,8.996741783764880651e+00,-4.590266815648469390e-02,5.637803867006851988e-02,9.820475370513584323e+00
9.011855793891859534e+00,8.996741783764880651e+00,-4.534203038093664873e-02,5.606377755480451697e-02,9.820721747173868366e+00
9.011669986808060528e+00,8.996741783764880651e+00,-4.478460912953963202e-02,5.574212513970167038e-02,9.820957516010162536e+00
9.011485275475862977e+00,8.996741783764880651e+00,-4.423047513294697808e-02,5.541339965926539435e-02,9.821182924526318914e+00
9.011301682436117844e+00,8.996741783764880651e+00,-4.367969601371157751e-02,5.507791192354005716e-02,9.821398215909828977e+00
9.011119229217962712e+00,8.996741783764880651e+00,-4.313233635924618170e-02,5.473596544653958063e-02,9.821603629087293896e+00
9.010937936362717338e+00,8.996741783764880651e+00,-4.258845779351005945e-02,5.438785657361222547e-02,9.821799398780102663e+00
9.010757823447349324e+00,8.996741783764880651e+00,-4.204811904740601847e-02,5.403387461040409789e-02,9.821985755562998577e+00
9.010578909107538337e+00,8.996741783764880651e+00,-4.151137602797305703e-02,5.367430194329614324e-02,9.822162925915323584e+00
9.010401211060319326e+00,8.996741783764880651e+00,-4.097828188631602586e-02,5.330941416570311731e-02,9.822331132279387589e+00
9.010224746126327844e+00,8.996741783764880651e+00,-4.044888708434157820e-02,5.293948019744476596e-02,9.822490593113103685e+00
9.010049530251647454e+00,8.996741783764880651e+00,-3.992323946030040815e-02,5.256476240411700473e-02,9.822641522943817094e+00
9.009875578529261020e+00,8.996741783764880651e+00,-3.940138429314110624e-02,5.218551671593019137e-02,9.822784132422789583e+00
9.009702905220116520e+00,8.996741783764880651e+00,-3.888336436570760668e-02,5.180199274334995607e-02,9.822918628377642847e+00
9.009531523773810946e+00,8.996741783764880651e+00,-3.836922002679088450e-02,5.141443389167221767e-02,9.823045213864881831e+00
9.009361446848892285e+00,8.996741783764880651e+00,-3.785898925203490251e-02,5.102307747559819973e-02,9.823164088223563795e+00
9.009192686332795574e+00,8.996741783764880651e+00,-3.735270770374476967e-02,5.062815482901328323e-02,9.823275447125269011e+00
9.009025253361411245e+00,8.996741783764880651e+00,-3.685040878959178201e-02,5.022989141529876633e-02,9.823379482625707482e+00
9.008859158338289319e+00,8.996741783764880651e+00,-3.635212372022600391e-02,4.982850693657780994e-02,9.823476383216352303e+00
9.008694410953488330e+00,8.996741783764880651e+00,-3.585788156582303543e-02,4.942421544029684810e-02,9.823566333874474310e+00
9.008531020202076078e+00,8.996741783764880651e+00,-3.536770931158628173e-02,4.901722542367537017e-02,9.823649516112089586e+00
9.008368994402275121e+00,8.996741783764880651e+00,-3.488163191218340842e-02,4.860773994028733114e-02,9.823726108028104420e+00
9.008208341213276071e+00,8.996741783764880651e+00,-3.439967234518626071e-02,4.819595669971477037e-02,9.823796284354529007e+00
9.008049067652713404e+00,8.996741783764880651e+00,-3.392185166349825920e-02,4.778206816880015140e-02,9.823860216505302390e+00
9.007891180113800189e+00,8.996741783764880651e+00,-3.344818904675861404e-02,4.736626167396451592e-02,9.823918072627206399e+00
9.007734684382150192e+00,8.996741783764880651e+00,-3.297870185180862279e-02,4.694871949499912489e-02,9.823970017643190999e+00
9.007579585652264242e+00,8.996741783764880651e+00,-3.251340566215077388e-02,4.652961896578489132e-02,9.824016213303634615e+00
9.007425888543709291e+00,8.996741783764880651e+00,-3.205231433648592088e-02,4.610913256648530023e-02,9.824056818229999877e+00
9.007273597116975949e+00,8.996741783764880651e+00,-3.159544005628589503e-02,4.568742802000258507e-02,9.824091987963717187e+00
9.007122714889039372e+00,8.996741783764880651e+00,-3.114279337247616297e-02,4.526466838097320533e-02,9.824121875008497540e+00
9.006973244848603954e+00,8.996741783764880651e+00,-3.069438325116990995e-02,4.484101213062530178e-02,9.824146628879455889e+00
9.006825189471056703e+00,8.996741783764880651e+00,-3.025021711852815542e-02,4.441661326417545297e-02,9.824166396145647795e+00
9.006678550733123956e+00,8.996741783764880651e+00,-2.981030090472991390e-02,4.399162137982415288e-02,9.824181320475094736e+00
9.006533330127238557e+00,8.996741783764880651e+00,-2.937463908707371729e-02,4.356618176561966038e-02,9.824191542678546440e+00
9.006389528675621037e+00,8.996741783764880651e+00,-2.894323473222115695e-02,4.314043548525603455e-02,9.824197200753035375e+00
9.006247146944078352e+00,8.996741783764880651e+00,-2.851608953759310339e-02,4.271451946280535594e-02,9.824198429925212750e+00
9.006106185055529068e+00,8.996741783764880651e+00,-2.809320387194524926e-02,4.228856656478541254e-02,9.824195362692840661e+00
9.005966642703247871e+00,8.996741783764880651e+00,-2.767457681510165912e-02,4.186270568435901396e-02,9.824188128869257852e+00
9.005828519163854295e+00,8.996741783764880651e+00,-2.726020619692093305e-02,4.143706181807260691e-02,9.824176855621152171e+00
9.005691813310022553e+00,8.996741783764880651e+00,-2.685008863542570623e-02,4.101175614952268234e-02,9.824161667514097473e+00
9.005556523622942677e+00,8.996741783764880651e+00,-2.644421957418607860e-02,4.058690612396276265e-02,9.824142686549777181e+00
9.005422648204516989e+00,8.996741783764880651e+00,-2.604259331890901308e-02,4.016262552770655248e-02,9.824120032208798037e+00
9.005290184789313201e+00,8.996741783764880651e+00,-2.564520307329765103e-02,3.973902456113620474e-02,9.824093821487839051e+00
9.005159130756258179e+00,8.996741783764880651e+00,-2.525204097413258353e-02,3.931620991650675023e-02,9.824064168942374664e+00
9.005029483140097213e+00,8.996741783764880651e+00,-2.486309812564968524e-02,3.889428484828982846e-02,9.824031186722640641e+00
9.004901238642608163e+00,8.996741783764880651e+00,-2.447836463318253664e-02,3.847334924671486078e-02,9.823994984613532822e+00
9.004774393643581121e+00,8.996741783764880651e+00,-2.409782963610140882e-02,3.805349970811278126e-02,9.823955670072011870e+00
9.004648944211560035e+00,8.996741783764880651e+00,-2.372148134003815301e-02,3.763482960632558161e-02,9.823913348266287926e+00
9.004524886114365856e+00,8.996741783764880651e+00,-2.334930704845561422e-02,3.721742915825387854e-02,9.823868122109798762e+00
9.004402214829383411e+00,8.996741783764880651e+00,-2.298129319350827870e-02,3.680138549473355170e-02,9.823820092301225770e+00
9.004280925553631576e+00,8.996741783764880651e+00,-2.261742536625277467e-02,3.638678272555040394e-02,9.823769357359298127e+00
9.004161013213614950e+00,8.996741783764880651e+00,-2.225768834620289738e-02,3.597370200498772874e-02,9.823716013658785329e+00
9.004042472474964143e+00,8.996741783764880651e+00,-2.190206613025047488e-02,3.556222159524224935e-02,9.823660155464992272e+00
9.003925297751859347e+00,8.996741783764880651e+00,-2.155054196093608709e-02,3.515241693143877910e-02,9.823601874970503189e+00
9.003809483216251408e+00,8.996741783764880651e+00,-2.120309835411227084e-02,3.474436068238162534e-02,9.823541262328269852e+00
9.003695022806876835e+00,8.996741783764880651e+00,-2.085971712598855277e-02,3.433812281237180741e-02,9.823478405686383752e+00
9.003581910238070307e+00,8.996741783764880651e+00,-2.052037941956896816e-02,3.393377064195846060e-02,9.823413391222389990e+00
9.003470139008387108e+00,8.996741783764880651e+00,-2.018506573051936925e-02,3.353136890495989064e-02,9.823346303174441019e+00
9.003359702409021281e+00,8.996741783764880651e+00,-1.985375593242189041e-02,3.313097980974788470e-02,9.823277223877326492e+00
9.003250593532042600e+00,8.996741783764880651e+00,-1.952642930148584810e-02,3.273266309360423065e-02,9.823206233792118880e+00
9.003142805278443461e+00,8.996741783764880651e+00,-1.920306454068843038e-02,3.233647607974177163e-02,9.823133411539053839e+00
9.003036330365997486e+00,8.996741783764880651e+00,-1.888363980335050485e-02,3.194247373379255350e-02,9.823058833930442546e+00
9.002931161336945820e+00,8.996741783764880651e+00,-1.856813271619550676e-02,3.155070871549980893e-02,9.822982575999304800e+00
9.002827290565493357e+00,8.996741783764880651e+00,-1.825652040183811664e-02,3.116123143573901189e-02,9.822904711033901393e+00
9.002724710265145092e+00,8.996741783764880651e+00,-1.794877950079332152e-02,3.077409010447951232e-02,9.822825310603686688e+00
9.002623412495855959e+00,8.996741783764880651e+00,-1.764488619292592375e-02,3.038933078673977661e-02,9.822744444593814350e+00
9.002523389171026125e+00,8.996741783764880651e+00,-1.734481621843642074e-02,3.000699744895030108e-02,9.822662181230514378e+00
9.002424632064320420e+00,8.996741783764880651e+00,-1.704854489831930664e-02,2.962713201171141009e-02,9.822578587113392601e+00
9.002327132816326127e+00,8.996741783764880651e+00,-1.675604715433642866e-02,2.924977439828779779e-02,9.822493727243951867e+00
9.002230882941056223e+00,8.996741783764880651e+00,-1.646729752852671425e-02,2.887496258097144164e-02,9.822407665052445225e+00
9.002135873832290969e+00,8.996741783764880651e+00,-1.618227020223095280e-02,2.850273262957614406e-02,9.822320462427345689e+00
9.002042096769768520e+00,8.996741783764880651e+00,-1.590093901466360649e-02,2.813311875673463192e-02,9.822232179742071523e+00
9.001949542925220982e+00,8.996741783764880651e+00,-1.562327748102099179e-02,2.776615336426146996e-02,9.822142875883240976e+00
9.001858203368261258e+00,8.996741783764880651e+00,-1.534925881014181925e-02,2.740186708791725323e-02,9.822052608277775931e+00
9.001768069072129563e+00,8.996741783764880651e+00,-1.507885592174673661e-02,2.704028883950826412e-02,9.821961432917762025e+00
9.001679130919288951e+00,8.996741783764880651e+00,-1.481204146322490089e-02,2.668144585218357179e-02,9.821869404388959168e+00
9.001591379706887608e+00,8.996741783764880651e+00,-1.454878782602087028e-02,2.632536372040306105e-02,9.821776575894382688e+00
9.001504806152075489e+00,8.996741783764880651e+00,-1.428906716158451218e-02,2.597206644363581063e-02,9.821682999282051796e+00
9.001419400897191281e+00,8.996741783764880651e+00,-1.403285139693188910e-02,2.562157646526230792e-02,9.821588725068330916e+00
9.001335154514814363e+00,8.996741783764880651e+00,-1.378011224980113525e-02,2.527391471307538495e-02,9.821493802463274747e+00
9.001252057512683535e+00,8.996741783764880651e+00,-1.353082124340865278e-02,2.492910063924824726e-02,9.821398279395840092e+00
9.001170100338493185e+00,8.996741783764880651e+00,-1.328494972083760217e-02,2.458715225710506047e-02,9.821302202536267956e+00
9.001089273384556222e+00,8.996741783764880651e+00,-1.304246885902671238e-02,2.424808618108897917e-02,9.821205617322062764e+00
9.001009566992351552e+00,8.996741783764880651e+00,-1.280334968241270133e-02,2.391191766140110531e-02,9.821108567978988901e+00
9.000930971456943652e+00,8.996741783764880651e+00,-1.256756307618900337e-02,2.357866062236979587e-02,9.821011097546181290e+00
9.000853477031290240e+00,8.996741783764880651e+00,-1.233507979922876530e-02,2.324832769602380722e-02,9.820913247896795539e+00
9.000777073930427363e+00,8.996741783764880651e+00,-1.210587049664013648e-02,2.292093025886288160e-02,9.820815059762223243e+00
9.000701752335540817e+00,8.996741783764880651e+00,-1.187990571198049849e-02,2.259647846596379850e-02,9.820716572753983797e+00
9.000627502397929192e+00,8.996741783764880651e+00,-1.165715589914562145e-02,2.227498128348770479e-02,9.820617825384342581e+00
9.000554314242856790e+00,8.996741783764880651e+00,-1.143759143392841793e-02,2.195644652172035194e-02,9.820518855087792431e+00
9.000482177973292863e+00,8.996741783764880651e+00,-1.122118262523663645e-02,2.164088086917814735e-02,9.820419698243942008e+00
9.000411083673553136e+00,8.996741783764880651e+00,-1.100789972601745603e-02,2.132828992191804218e-02,9.820320390195901084e+00
9.000341021412832987e+00,8.996741783764880651e+00,-1.079771294385700742e-02,2.101867821604486153e-02,9.820220965272188351e+00
9.000271981248639364e+00,8.996741783764880651e+00,-1.059059245127613735e-02,2.071204925808700636e-02,9.820121456806811366e+00
9.000203953230126785e+00,8.996741783764880651e+00,-1.038650839573840301e-02,2.040840555377343435e-02,9.820021897158035529e+00
9.000136927401330311e+00,8.996741783764880651e+00,-1.018543090934898032e-02,2.010774863894226883e-02,9.819922317729593786e+00
9.000070893804306138e+00,8.996741783764880651e+00,-9.987330118276460666e-03,1.981007910725196552e-02,9.819822748988976002e+00
9.000005842482181606e+00,8.996741783764880651e+00,-9.792176151902864945e-03,1.951539663735957220e-02,9.819723220485457205e+00
8.999941763482105728e+00,8.996741783764880651e+00,-9.599939151675229709e-03,1.922370002276352352e-02,9.819623760871088791e+00
8.999878646858116227e+00,8.996741783764880651e+00,-9.410589279706726984e-03,1.893498719685027254e-02,9.819524397917144043e+00
8.999816482673919538e+00,8.996741783764880651e+00,-9.224096727116659622e-03,1.864925525900673620e-02,9.819425158531890574e+00
8.999755261005574880e+00,8.996741783764880651e+00,-9.040431722082686861e-03,1.836650050339727613e-02,9.819326068781315087e+00
8.999694971944109056e+00,8.996741783764880651e+00,-8.859564537685216123e-03,1.808671843974707372e-02,9.819227153902062355e+00
8.999635605598033550e+00,8.996741783764880651e+00,-8.681465499458695945e-03,1.780990382265201788e-02,9.819128438323193819e+00
8.999577152095790566e+00,8.996741783764880651e+00,-8.506104992729746073e-03,1.753605067289498720e-02,9.819029945680165739e+00
8.999519601588115592e+00,8.996741783764880651e+00,-8.333453469704821259e-03,1.726515230249248134e-02,9.818931698832788157e+00
8.999462944250323559e+00,8.996741783764880651e+00,-8.163481456328725017e-03,1.699720133760962426e-02,9.818833719881281397e+00
8.999407170284520419e+00,8.996741783764880651e+00,-7.996159558919302413e-03,1.673218974094226041e-02,9.818736030182023455e+00
8.999352269921734759e+00,8.996741783764880651e+00,-7.831458470562324692e-03,1.647010883569777207e-02,9.818638650365135945e+00
8.999298233423985494e+00,8.996741783764880651e+00,-7.669348977314527360e-03,1.621094932477973316e-02,9.818541600347465703e+00
8.999245051086271374e+00,8.996741783764880651e+00,-7.509801964172169164e-03,1.595470131423581961e-02,9.818444899350064148e+00
8.999192713238491237e+00,8.996741783764880651e+00,-7.352788420831757321e-03,1.570135433404118430e-02,9.818348565913209924e+00
8.999141210247303846e+00,8.996741783764880651e+00,-7.198279447269584352e-03,1.545089735621729687e-02,9.818252617908948210e+00
8.999090532517906027e+00,8.996741783764880651e+00,-7.046246259076127672e-03,1.520331881934566809e-02,9.818157072560270038e+00
8.999040670495764616e+00,8.996741783764880651e+00,-6.896660192651893340e-03,1.495860664242343319e-02,9.818061946449772037e+00
8.998991614668268468e+00,8.996741783764880651e+00,-6.749492710163451648e-03,1.471674824884416921e-02,9.817967255538681215e+00
8.998943355566325408e+00,8.996741783764880651e+00,-6.604715404334271511e-03,1.447773058291801362e-02,9.817873015178584239e+00
8.998895883765900550e+00,8.996741783764880651e+00,-6.462300003059695541e-03,1.424154012745759701e-02,9.817779240124398399e+00
8.998849189889488898e+00,8.996741783764880651e+00,-6.322218373824739501e-03,1.400816292349560399e-02,9.817685944549671362e+00
8.998803264607531105e+00,8.996741783764880651e+00,-6.184442527951361512e-03,1.377758458733779889e-02,9.817593142059386935e+00
8.998758098639779490e+00,8.996741783764880651e+00,-6.048944624696517280e-03,1.354979032548442319e-02,9.817500845700788403e+00
8.998713682756598331e+00,8.996741783764880651e+00,-5.915696975153039716e-03,1.332476495434775643e-02,9.817409067979195214e+00
8.998670007780214419e+00,8.996741783764880651e+00,-5.784672046001304579e-03,1.310249291517351367e-02,9.817317820869172706e+00
8.998627064585917879e+00,8.996741783764880651e+00,-5.655842463111682150e-03,1.288295828896224293e-02,9.817227115825851058e+00
8.998584844103204361e+00,8.996741783764880651e+00,-5.529181014971129571e-03,1.266614481405525794e-02,9.817136963799084626e+00
8.998543337316871060e+00,8.996741783764880651e+00,-5.404660655971227357e-03,1.245203589999022142e-02,9.817047375244019491e+00
8.998502535268061209e+00,8.996741783764880651e+00,-5.282254509541672860e-03,1.224061464295544965e-02,9.816958360133414274e+00
8.998462429055265943e+00,8.996741783764880651e+00,-5.161935871155876043e-03,1.203186383857968167e-02,9.816869927967424303e+00
8.998423009835267550e+00,8.996741783764880651e+00,-5.043678211160695923e-03,1.182576599951801199e-02,9.816782087788357813e+00
8.998384268824047183e+00,8.996741783764880651e+00,-4.927455177499595607e-03,1.162230336611003167e-02,9.816694848188610933e+00
8.998346197297646398e+00,8.996741783764880651e+00,-4.813240598297241490e-03,1.142145792023541162e-02,9.816608217321938668e+00
8.998308786592977171e+00,8.996741783764880651e+00,-4.701008484289559419e-03,1.122321140076820711e-02,9.816522202916479145e+00
8.998272028108599940e+00,8.996741783764880651e+00,-4.590733031157867572e-03,1.102754531316918474e-02,9.816436812282011815e+00
8.998235913305450140e+00,8.996741783764880651e+00,-4.482388621708466303e-03,1.083444094494012688e-02,9.816352052323232158e+00
8.998200433707532753e+00,8.996741783764880651e+00,-4.375949827956304716e-03,1.064387937521615868e-02,9.816267929547260351e+00
8.998165580902570682e+00,8.996741783764880651e+00,-4.271391413070091403e-03,1.045584148862133134e-02,9.816184450075551737e+00
8.998131346542615816e+00,8.996741783764880651e+00,-4.168688333205494700e-03,1.027030798645967025e-02,9.816101619653254673e+00
8.998097722344626348e+00,8.996741783764880651e+00,-4.067815739237090611e-03,1.008725939684040895e-02,9.816019443657603816e+00
8.998064700091003232e+00,8.996741783764880651e+00,-3.968748978367742097e-03,9.906676086934851355e-03,9.815937927108567607e+00
8.998032271630091117e+00,8.996741783764880651e+00,-3.871463595631396970e-03,9.728538273634512734e-03,9.815857074678003613e+00
8.998000428876645529e+00,8.996741783764880651e+00,-3.775935335294633433e-03,9.552826033676353745e-03,9.815776890698382218e+00
8.997969163812269855e+00,8.996741783764880651e+00,-3.682140142167611430e-03,9.379519312702200295e-03,9.815697379170535086e+00
8.997938468485811470e+00,8.996741783764880651e+00,-3.590054162792455372e-03,9.208597937515605736e-03,9.815618543774723648e+00
8.997908335013731218e+00,8.996741783764880651e+00,-3.499653746551700806e-03,9.040041624075456639e-03,9.815540387877524253e+00
8.997878755580437371e+00,8.996741783764880651e+00,-3.410915446670159668e-03,8.873829988154113835e-03,9.815462914541484452e+00
8.997849722438598263e+00,8.996741783764880651e+00,-3.323816021152836697e-03,8.709942551732297034e-03,9.815386126530579958e+00
8.997821227909412301e+00,8.996741783764880651e+00,-3.238332433594948156e-03,8.548358755788854069e-03,9.815310026322194403e+00
8.997793264382858425e+00,8.996741783764880651e+00,-3.154441853933320772e-03,8.389057966162738467e-03,9.815234616112229915e+00
8.997765824317916383e+00,8.996741783764880651e+00,-3.072121659107196479e-03,8.232019482612429329e-03,9.815159897823505730e+00
8.997738900242756799e+00,8.996741783764880651e+00,-2.991349433628442966e-03,8.077222547875351211e-03,9.815085873114247406e+00
8.997712484754908147e+00,8.996741783764880651e+00,-2.912102970082486308e-03,7.924646354595665798e-03,9.815012543384513677e+00
8.997686570521398863e+00,8.996741783764880651e+00,-2.834360269554636602e-03,7.774270052784970630e-03,9.814939909783230831e+00
8.997661150278867481e+00,8.996741783764880651e+00,-2.758099541960490342e-03,7.626072759414626034e-03,9.814867973217454633e+00
8.997636216833656775e+00,8.996741783764880651e+00,-2.683299206328371156e-03,7.480033563211918590e-03,9.814796734356884045e+00
8.997611763061883039e+00,8.996741783764880651e+00,-2.609937891007163557e-03,7.336131532120759857e-03,9.814726193641114094e+00
8.997587781909473392e+00,8.996741783764880651e+00,-2.537994433778223424e-03,7.194345722894013306e-03,9.814656351289116287e+00
8.997564266392192422e+00,8.996741783764880651e+00,-2.467447881935314058e-03,7.054655184290936631e-03,9.814587207302356120e+00
8.997541209595642187e+00,8.996741783764880651e+00,-2.398277492284606183e-03,6.917038965070787526e-03,9.814518761472786679e+00
8.997518604675239118e+00,8.996741783764880651e+00,-2.330462731075400029e-03,6.781476120920615358e-03,9.814451013389845713e+00
8.997496444856174946e+00,8.996741783764880651e+00,-2.263983273882885783e-03,6.647945719251424634e-03,9.814383962445369036e+00
8.997474723433354526e+00,8.996741783764880651e+00,-2.198819005421626116e-03,6.516426846125966676e-03,9.814317607840704838e+00
8.997453433771317677e+00,8.996741783764880651e+00,-2.134950019311077085e-03,6.386898611054903085e-03,9.814251948591744323e+00
8.997432569304141481e+00,8.996741783764880651e+00,-2.072356617782489252e-03,6.259340152858783313e-03,9.814186983535076791e+00
8.997412123535317718e+00,8.996741783764880651e+00,-2.011019311311201818e-03,6.133730647128743385e-03,9.814122711335818039e+00
8.997392090037628520e+00,8.996741783764880651e+00,-1.950918818243607689e-03,6.010049306759412957e-03,9.814059130488516303e+00
8.997372462452988273e+00,8.996741783764880651e+00,-1.892036064322866196e-03,5.888275392074149295e-03,9.813996239327751780e+00
8.997353234492280194e+00,8.996741783764880651e+00,-1.834352182198628611e-03,5.768388212423758432e-03,9.813934036030225627e+00
8.997334399935175142e+00,8.996741783764880651e+00,-1.777848510883472954e-03,5.650367131515565688e-03,9.813872518620632590e+00
8.997315952629932667e+00,8.996741783764880651e+00,-1.722506595156048093e-03,5.534191572742486187e-03,9.813811684977586935e+00
8.997297886493187846e+00,8.996741783764880651e+00,-1.668308184921585280e-03,5.419841023446281270e-03,9.813751532838525193e+00
8.997280195509725687e+00,8.996741783764880651e+00,-1.615235234535106201e-03,5.307295038647907859e-03,9.813692059804113299e+00
8.997262873732244870e+00,8.996741783764880651e+00,-1.563269902092656594e-03,5.196533244244960770e-03,9.813633263342152802e+00
8.997245915281098405e+00,8.996741783764880651e+00,-1.512394548653261950e-03,5.087535343939464383e-03,9.813575140795286700e+00
8.997229314344030726e+00,8.996741783764880651e+00,-1.462591737450225082e-03,4.980281120303686748e-03,9.813517689382853959e+00
8.997213065175902358e+00,8.996741783764880651e+00,-1.413844233065120193e-03,4.874750438510488948e-03,9.813460906205445866e+00
8.997197162098393264e+00,8.996741783764880651e+00,-1.366135000537838096e-03,4.770923252728209718e-03,9.813404788252190869e+00
8.997181599499709748e+00,8.996741783764880651e+00,-1.319447204487289582e-03,4.668779605054851345e-03,9.813349332400568059e+00
8.997166371834266485e+00,8.996741783764880651e+00,-1.273764208157501798e-03,4.568299632978778391e-03,9.813294535424821774e+00
8.997151473622365003e+00,8.996741783764880651e+00,-1.229069572453056480e-03,4.469463570444531797e-03,9.813240393997991973e+00
8.997136899449863279e+00,8.996741783764880651e+00,-1.185347054947882839e-03,4.372251750517364144e-03,9.813186904695569979e+00
8.997122643967831124e+00,8.996741783764880651e+00,-1.142580608851417878e-03,4.276644609646496065e-03,9.813134064000795576e+00
8.997108701892200244e+00,8.996741783764880651e+00,-1.100754381958779504e-03,4.182622689263837401e-03,9.813081868307305555e+00
8.997095068003400087e+00,8.996741783764880651e+00,-1.059852715558307068e-03,4.090166640047243618e-03,9.813030313924489434e+00
8.997081737145991909e+00,8.996741783764880651e+00,-1.019860143333772839e-03,3.999257222453422855e-03,9.812979397079120147e+00
8.997068704228292191e+00,8.996741783764880651e+00,-9.807613902346190571e-04,3.909875309915378239e-03,9.812929113919681257e+00
8.997055964221983615e+00,8.996741783764880651e+00,-9.425413713088914847e-04,3.822001892572757242e-03,9.812879460521264363e+00
8.997043512161727818e+00,8.996741783764880651e+00,-9.051851905415020383e-04,3.735618076738944637e-03,9.812830432886197940e+00
8.997031343144760385e+00,8.996741783764880651e+00,-8.686781396392007082e-04,3.650705090230133010e-03,9.812782026950591430e+00
8.997019452330487610e+00,8.996741783764880651e+00,-8.330056968208765511e-04,3.567244281832415709e-03,9.812734238585012037e+00
8.997007834940074389e+00,8.996741783764880651e+00,-7.981535255812133300e-04,3.485217123966322106e-03,9.812687063598385606e+00
8.996996486256019665e+00,8.996741783764880651e+00,-7.641074734170416605e-04,3.404605216417166957e-03,9.812640497743000623e+00
8.996985401621738987e+00,8.996741783764880651e+00,-7.308535705750074385e-04,3.325390284203422198e-03,9.812594536713628912e+00
8.996974576441131077e+00,8.996741783764880651e+00,-6.983780287512786344e-04,3.247554182372880405e-03,9.812549176153622099e+00
8.996964006178137296e+00,8.996741783764880651e+00,-6.666672397699358044e-04,3.171078898134283008e-03,9.812504411658364845e+00
8.996953686356309987e+00,8.996741783764880651e+00,-6.357077742880079541e-04,3.095946548192785031e-03,9.812460238773905274e+00
8.996943612558359504e+00,8.996741783764880651e+00,-6.054863804365595570e-04,3.022139385144839707e-03,9.812416653004708778e+00
8.996933780425710125e+00,8.996741783764880651e+00,-5.759899824884229247e-04,2.949639794813663229e-03,9.812373649812325738e+00
8.996924185658041750e+00,8.996741783764880651e+00,-5.472056794832980131e-04,2.878430300512491158e-03,9.812331224621029691e+00
8.996914824012835155e+00,8.996741783764880651e+00,-5.191207438635103699e-04,2.808493561978764319e-03,9.812289372818115751e+00
8.996905691304910135e+00,8.996741783764880651e+00,-4.917226200884527998e-04,2.739812377505757013e-03,9.812248089757417802e+00
8.996896783405961884e+00,8.996741783764880651e+00,-4.649989232436979592e-04,2.672369684475484064e-03,9.812207370761232283e+00
8.996888096244090249e+00,8.996741783764880651e+00,-4.389374376287946689e-04,2.606148561490329030e-03,9.812167211123862032e+00
8.996879625803330782e+00,8.996741783764880651e+00,-4.135261153503932974e-04,2.541132227840137148e-03,9.812127606112490241e+00
8.996871368123182222e+00,8.996741783764880651e+00,-3.887530749047130030e-04,2.477304044568029440e-03,9.812088550969663814e+00
8.996863319298130435e+00,8.996741783764880651e+00,-3.646065997493508348e-04,2.414647515536216815e-03,9.812050040915787363e+00
8.996855475477170572e+00,8.996741783764880651e+00,-3.410751368697617636e-04,2.353146287958907124e-03,9.812012071151089643e+00
8.996847832863325678e+00,8.996741783764880651e+00,-3.181472953350805710e-04,2.292784153468119257e-03,9.811974636858133536e+00
8.996840387713167075e+00,8.996741783764880651e+00,-2.958118448592728100e-04,2.233545047580776099e-03,9.811937733202722001e+00
8.996833136336327641e+00,8.996741783764880651e+00,-2.740577143409694827e-04,2.175413051830332734e-03,9.811901355337489861e+00
8.996826075095022190e+00,8.996741783764880651e+00,-2.528739904246180004e-04,2.118372391635148233e-03,9.811865498401211028e+00
8.996819200403557204e+00,8.996741783764880651e+00,-2.322499160296587206e-04,2.062407439495927974e-03,9.811830157523466767e+00
8.996812508727844104e+00,8.996741783764880651e+00,-2.121748888903596253e-04,2.007502713929909532e-03,9.811795327825040047e+00
8.996805996584914311e+00,8.996741783764880651e+00,-1.926384601009800690e-04,1.953642878937955629e-03,9.811761004418837473e+00
8.996799660542425414e+00,8.996741783764880651e+00,-1.736303326342891751e-04,1.900812746669089393e-03,9.811727182414035298e+00
8.996793497218178004e+00,8.996741783764880651e+00,-1.551403598920586546e-04,1.848997274223052045e-03,9.811693856914331491e+00
8.996787503279621845e+00,8.996741783764880651e+00,-1.371585442235812025e-04,1.798181566847745216e-03,9.811661023022624661e+00
8.996781675443369153e+00,8.996741783764880651e+00,-1.196750354655051751e-04,1.748350875807602733e-03,9.811628675840342595e+00
8.996776010474698992e+00,8.996741783764880651e+00,-1.026801294550239163e-04,1.699490601048125882e-03,9.811596810471593599e+00
8.996770505187075884e+00,8.996741783764880651e+00,-8.616426658569764641e-05,1.651586286932626990e-03,9.811565422020347427e+00
8.996765156441655975e+00,8.996741783764880651e+00,-7.011803032597185847e-05,1.604623625972578793e-03,9.811534505595647104e+00
8.996759961146794993e+00,8.996741783764880651e+00,-5.453214574302478468e-05,1.558588458294707380e-03,9.811504056312552180e+00
8.996754916257565071e+00,8.996741783764880651e+00,-3.939747805326021535e-05,1.513466768976456933e-03,9.811474069290923694e+00
8.996750018775264479e+00,8.996741783764880651e+00,-2.470503115148403595e-05,1.469244690177617940e-03,9.811444539659026631e+00
8.996745265746930897e+00,8.996741783764880651e+00,-1.044594615073890509e-05,1.425908500074513086e-03,9.811415462553924272e+00
8.996740654264851145e+00,8.996741783764880651e+00,3.388500088519208475e-06,1.383444623925811356e-03,9.811386833124014828e+00
8.996736181466085114e+00,8.996741783764880651e+00,1.680689638661192475e-05,1.341839629809271628e-03,9.811358646526196381e+00
8.996731844531971944e+00,8.996741783764880651e+00,2.981769872612005656e-05,1.301080233950813181e-03,9.811330897932677431e+00
8.996727640687650407e+00,8.996741783764880651e+00,4.242923169073264944e-05,1.261153296461259288e-03,9.811303582528152489e+00
8.996723567201582838e+00,8.996741783764880651e+00,5.464968989343788053e-05,1.222045820270523109e-03,9.811276695510164458e+00
8.996719621385066645e+00,8.996741783764880651e+00,6.648713944201745107e-05,1.183744954857957055e-03,9.811250232094300472e+00
8.996715800591760015e+00,8.996741783764880651e+00,7.794951936190841479e-05,1.146237991989096372e-03,9.811224187511351502e+00
8.996712102217204077e+00,8.996741783764880651e+00,8.904464302972314727e-05,1.109512366781473247e-03,9.811198557009811694e+00
8.996708523698348614e+00,8.996741783764880651e+00,9.978019959611117429e-05,1.073555656638802702e-03,9.811173335856235411e+00
8.996705062513079554e+00,8.996741783764880651e+00,1.101637554032919297e-04,1.038355580718075544e-03,9.811148519336121865e+00
8.996701716179742903e+00,8.996741783764880651e+00,1.202027554132456544e-04,1.003900000995372466e-03,9.811124102756409115e+00
8.996698482256682894e+00,8.996741783764880651e+00,1.299045245932717307e-04,9.701769180026076356e-04,9.811100081442596377e+00
8.996695358341765925e+00,8.996741783764880651e+00,1.392762693441795818e-04,9.371744750907851085e-04,9.811076450744435462e+00
8.996692342071924031e+00,8.996741783764880651e+00,1.483250788698597944e-04,9.048809525680212573e-04,9.811053206031438378e+00
8.996689431122685932e+00,8.996741783764880651e+00,1.570579265841587357e-04,8.732847714298941355e-04,9.811030342698014550e+00
8.996686623207716949e+00,8.996741783764880651e+00,1.654816714911078179e-04,8.423744906949082178e-04,9.811007856162186513e+00
8.996683916078364263e+00,8.996741783764880651e+00,1.736030595491655504e-04,8.121388058057732451e-04,9.810985741865355436e+00
8.996681307523198612e+00,8.996741783764880651e+00,1.814287250461177337e-04,7.825665496952183275e-04,9.810963995274741833e+00
8.996678795367559545e+00,8.996741783764880651e+00,1.889651919633195121e-04,7.536466917201778415e-04,9.810942611883683995e+00
8.996676377473109554e+00,8.996741783764880651e+00,1.962188753132920738e-04,7.253683349972561700e-04,9.810921587210311046e+00
8.996674051737381106e+00,8.996741783764880651e+00,2.031960824986356329e-04,6.977207185343559104e-04,9.810900916801033489e+00
8.996671816093332552e+00,8.996741783764880651e+00,2.099030146442970590e-04,6.706932145661426148e-04,9.810880596229210937e+00
8.996669668508905815e+00,8.996741783764880651e+00,2.163457679245084364e-04,6.442753280211377387e-04,9.810860621095946144e+00
8.996667606986589405e+00,8.996741783764880651e+00,2.225303348737384113e-04,6.184566949229974853e-04,9.810840987029797233e+00
8.996665629562976108e+00,8.996741783764880651e+00,2.284626057136307509e-04,5.932270839892339609e-04,9.810821689689703362e+00
8.996663734308331328e+00,8.996741783764880651e+00,2.341483696479684795e-04,5.685763934337728642e-04,9.810802724763082239e+00
8.996661919326163215e+00,8.996741783764880651e+00,2.395933161523089439e-04,5.444946504340464344e-04,9.810784087966586853e+00
8.996660182752791002e+00,8.996741783764880651e+00,2.448030362689479489e-04,5.209720116639005028e-04,9.810765775047933346e+00
8.996658522756924015e+00,8.996741783764880651e+00,2.497830238699094707e-04,4.979987600961521821e-04,9.810747781783966559e+00
8.996656937539235344e+00,8.996741783764880651e+00,2.545386769359225809e-04,4.755653066013110220e-04,9.810730103983537731e+00
8.996655425331944400e+00,8.996741783764880651e+00,2.590752988087530184e-04,4.536621872830437496e-04,9.810712737486092294e+00
8.996653984398403026e+00,8.996741783764880651e+00,2.633980994328766201e-04,4.322800624123601665e-04,9.810695678161845734e+00
8.996652613032678047e+00,8.996741783764880651e+00,2.675121966078108926e-04,4.114097174934272516e-04,9.810678921914101736e+00
8.996651309559144494e+00,8.996741783764880651e+00,2.714226172084721611e-04,3.910420600661268509e-04,9.810662464677275096e+00
8.996650072332078807e+00,8.996741783764880651e+00,2.751342984055327179e-04,3.711681197060556769e-04,9.810646302418112086e+00
8.996648899735253835e+00,8.996741783764880651e+00,2.786520888804489005e-04,3.517790474916182575e-04,9.810630431136372565e+00
8.996647790181542703e+00,8.996741783764880651e+00,2.819807500138438172e-04,3.328661133394916760e-04,9.810614846863353833e+00
8.996646742112519135e+00,8.996741783764880651e+00,2.851249570845482140e-04,3.144207070704396756e-04,9.810599545664155485e+00
8.996645753998061323e+00,8.996741783764880651e+00,2.880893004579831995e-04,2.964343373434985551e-04,9.810584523637801979e+00
8.996644824335966462e+00,8.996741783764880651e+00,2.908782867425685481e-04,2.788986284585348585e-04,9.810569776915201601e+00
8.996643951651563498e+00,8.996741783764880651e+00,2.934963399514600724e-04,2.618053208891524264e-04,9.810555301660841110e+00
8.996643134497327665e+00,8.996741783764880651e+00,2.959478026589579258e-04,2.451462707497853444e-04,9.810541094073409241e+00
8.996642371452498566e+00,8.996741783764880651e+00,2.982369371462567642e-04,2.289134487298838394e-04,9.810527150385876638e+00
8.996641661122707134e+00,8.996741783764880651e+00,3.003679265205505544e-04,2.130989374293790206e-04,9.810513466863950427e+00
8.996641002139602605e+00,8.996741783764880651e+00,3.023448758341373832e-04,1.976949313586828794e-04,9.810500039807193318e+00
8.996640393160479476e+00,8.996741783764880651e+00,3.041718132035242661e-04,1.826937369386882892e-04,9.810486865550142710e+00
8.996639832867911579e+00,8.996741783764880651e+00,3.058526909072156741e-04,1.680877703691407987e-04,9.810473940461276854e+00
8.996639319969389703e+00,8.996741783764880651e+00,3.073913864728439194e-04,1.538695565628245276e-04,9.810461260943036166e+00
8.996638853196960994e+00,8.996741783764880651e+00,3.087917037589704705e-04,1.400317286126551153e-04,9.810448823432372123e+00
8.996638431306875461e+00,8.996741783764880651e+00,3.100573740155709856e-04,1.265670256600515131e-04,9.810436624399676120e+00
8.996638053079230701e+00,8.996741783764880651e+00,3.111920569498494160e-04,1.134682934278430366e-04,9.810424660350378190e+00
8.996637717317620186e+00,8.996741783764880651e+00,3.121993417813939686e-04,1.007284831544552617e-04,9.810412927824936347e+00
8.996637422848792198e+00,8.996741783764880651e+00,3.130827482653586458e-04,8.834064839646771361e-05,9.810401423396662324e+00
8.996637168522305217e+00,8.996741783764880651e+00,3.138457277263029255e-04,7.629794609442797082e-05,9.810390143673821228e+00
8.996636953210185084e+00,8.996741783764880651e+00,3.144916640867023716e-04,6.459363603994461300e-05,9.810379085300127144e+00
8.996636775806594599e+00,8.996741783764880651e+00,3.150238748581557502e-04,5.322107714533785838e-05,9.810368244952003991e+00
8.996636635227499568e+00,8.996741783764880651e+00,3.154456121432502869e-04,4.217372850945366736e-05,9.810357619340653201e+00
8.996636530410338395e+00,8.996741783764880651e+00,3.157600636267687833e-04,3.144514835184963886e-05,9.810347205211979116e+00
8.996636460313698791e+00,8.996741783764880651e+00,3.159703535455804513e-04,2.102899188116680307e-05,9.810336999345427245e+00
8.996636423916992698e+00,8.996741783764880651e+00,3.160795436638608180e-04,1.091901182803667325e-05,9.810326998555492395e+00
8.996636420220143648e+00,8.996741783764880651e+00,3.160906342110081368e-04,1.109054714731882996e-06,9.810317199688926237e+00
8.996636448243263473e+00,8.996741783764880651e+00,3.160065648515342218e-04,-8.406935947391502850e-06,9.810307599628904640e+00
8.996636507026344987e+00,8.996741783764880651e+00,3.158302156069936473e-04,-1.763492445405745457e-05,9.810298195291153434e+00
8.996636595628956456e+00,8.996741783764880651e+00,3.155644077725838770e-04,-2.658078344097702939e-05,9.810288983624332104e+00
8.996636713129930740e+00,8.996741783764880651e+00,3.152119048497326048e-04,-3.525029228512721602e-05,9.810279961612565103e+00
8.996636858627065081e+00,8.996741783764880651e+00,3.147754134467106724e-04,-4.364914030219324559e-05,9.810271126273145015e+00
8.996637031236828008e+00,8.996741783764880651e+00,3.142575841579287044e-04,-5.178292887819679891e-05,9.810262474655280229e+00
8.996637230094055582e+00,8.996741783764880651e+00,3.136610124752081674e-04,-5.965716827205369555e-05,9.810254003844203652e+00
8.996637454351667174e+00,8.996741783764880651e+00,3.129882396404326528e-04,-6.727728347755146387e-05,9.810245710956163379e+00
8.996637703180374146e+00,8.996741783764880651e+00,3.122417535195154414e-04,-7.464861209172113377e-05,9.810237593141428292e+00
8.996637975768395634e+00,8.996741783764880651e+00,3.114239894550507870e-04,-8.177640644646544388e-05,9.810229647583009083e+00
8.996638271321176106e+00,8.996741783764880651e+00,3.105373311136361281e-04,-8.866583414146589348e-05,9.810221871496972668e+00
8.996638589061106472e+00,8.996741783764880651e+00,3.095841113225361596e-04,-9.532197910999684609e-05,9.810214262132213037e+00
8.996638928227248755e+00,8.996741783764880651e+00,3.085666128956887633e-04,-1.017498426847396331e-04,9.810206816770211447e+00
8.996639288075069629e+00,8.996741783764880651e+00,3.074870694330655851e-04,-1.079543462623178129e-04,9.810199532723171245e+00
8.996639667876161539e+00,8.996741783764880651e+00,3.063476661573361071e-04,-1.139403275729478082e-04,9.810192407338584886e+00
8.996640066917988676e+00,8.996741783764880651e+00,3.051505406759247307e-04,-1.197125481411376313e-04,9.810185437992535284e+00
8.996640484503613422e+00,8.996741783764880651e+00,3.038977838016876376e-04,-1.252756874237093143e-04,9.810178622096378476e+00
8.996640919951449433e+00,8.996741783764880651e+00,3.025914402936535907e-04,-1.306343508034046863e-04,9.810171957089490746e+00
8.996641372594993413e+00,8.996741783764880651e+00,3.012335096617135832e-04,-1.357930631940007515e-04,9.810165440446468210e+00
8.996641841782581750e+00,8.996741783764880651e+00,2.998259468967034991e-04,-1.407562765010084149e-04,9.810159069670396192e+00
8.996642326877138274e+00,8.996741783764880651e+00,2.983706632271321268e-04,-1.455283669571372229e-04,9.810152842296270492e+00
8.996642827255923791e+00,8.996741783764880651e+00,2.968695268705801027e-04,-1.501136356552024154e-04,9.810146755891215875e+00
8.996643342310298053e+00,8.996741783764880651e+00,2.953243637477953598e-04,-1.545163122784742882e-04,9.810140808051469818e+00
8.996643871445478169e+00,8.996741783764880651e+00,2.937369582074467189e-04,-1.587405540348640898e-04,9.810134996404173080e+00
8.996644414080298802e+00,8.996741783764880651e+00,2.921090537455484082e-04,-1.627904461898310728e-04,9.810129318607556215e+00
8.996644969646979462e+00,8.996741783764880651e+00,2.904423537035683012e-04,-1.666700041980107017e-04,9.810123772349506055e+00
8.996645537590895358e+00,8.996741783764880651e+00,2.887385219558780136e-04,-1.703831747690287557e-04,9.810118355347187347e+00
8.996646117370346474e+00,8.996741783764880651e+00,2.869991836025320708e-04,-1.739338353345942778e-04,9.810113065348268435e+00
8.996646708456331964e+00,8.996741783764880651e+00,2.852259256460598635e-04,-1.773257956472207297e-04,9.810107900129999337e+00
8.996647310332329894e+00,8.996741783764880651e+00,2.834202976522703921e-04,-1.805627993789471475e-04,9.810102857498273821e+00
8.996647922494078742e+00,8.996741783764880651e+00,2.815838124057279401e-04,-1.836485246542451932e-04,9.810097935287751980e+00
8.996648544449355356e+00,8.996741783764880651e+00,2.797179465758858896e-04,-1.865865829842050516e-04,9.810093131363592178e+00
8.996649175717768898e+00,8.996741783764880651e+00,2.778241413352589007e-04,-1.893805240626988962e-04,9.810088443617273057e+00
8.996649815830544128e+00,8.996741783764880651e+00,2.759038030095695149e-04,-1.920338325689385783e-04,9.810083869970441128e+00
8.996650464330315344e+00,8.996741783764880651e+00,2.739583036959203355e-04,-1.945499313649179385e-04,9.810079408372331500e+00
8.996651120770923882e+00,8.996741783764880651e+00,2.719889818703080664e-04,-1.969321825612269095e-04,9.810075056799309579e+00
8.996651784717213829e+00,8.996741783764880651e+00,2.699971430004666217e-04,-1.991838869841444648e-04,9.810070813256016820e+00
8.996652455744829524e+00,8.996741783764880651e+00,2.679840601533811650e-04,-2.013082847085456706e-04,9.810066675775445333e+00
8.996653133440021932e+00,8.996741783764880651e+00,2.659509745761567956e-04,-2.033085577224369445e-04,9.810062642416854217e+00
8.996653817399456798e+00,8.996741783764880651e+00,2.638990962715581645e-04,-2.051878304598631075e-04,9.810058711265812192e+00
8.996654507230017472e+00,8.996741783764880651e+00,2.618296045895363022e-04,-2.069491682021862289e-04,9.810054880436387847e+00
8.996655202548621943e+00,8.996741783764880651e+00,2.597436487761228818e-04,-2.085955813413420401e-04,9.810051148067435278e+00
8.996655902982032771e+00,8.996741783764880651e+00,2.576423485436407645e-04,-2.101300232482117281e-04,9.810047512325295926e+00
8.996656608166675895e+00,8.996741783764880651e+00,2.555267946142691926e-04,-2.115553929371571940e-04,9.810043971401677609e+00
8.996657317748459448e+00,8.996741783764880651e+00,2.533980492636089821e-04,-2.128745350660210534e-04,9.810040523514198085e+00
8.996658031382594345e+00,8.996741783764880651e+00,2.512571468589186452e-04,-2.140902404690336880e-04,9.810037166906390382e+00
8.996658748733420197e+00,8.996741783764880651e+00,2.491050943813633012e-04,-2.152052477555344012e-04,9.810033899846626326e+00
8.996659469474231230e+00,8.996741783764880651e+00,2.469428719482635870e-04,-2.162222433099714181e-04,9.810030720628638790e+00
8.996660193287103979e+00,8.996741783764880651e+00,2.447714333300154976e-04,-2.171438618248089369e-04,9.810027627571505704e+00
8.996660919862733863e+00,8.996741783764880651e+00,2.425917064403648737e-04,-2.179726889650623889e-04,9.810024619017475800e+00
8.996661648900266428e+00,8.996741783764880651e+00,2.404045938426691009e-04,-2.187112597695772820e-04,9.810021693334073589e+00
8.996662380107132151e+00,8.996741783764880651e+00,2.382109732455006679e-04,-2.193620597168433051e-04,9.810018848913529155e+00
8.996663113198888340e+00,8.996741783764880651e+00,2.360116979769344425e-04,-2.199275268566225350e-04,9.810016084171120809e+00
8.996663847899062816e+00,8.996741783764880651e+00,2.338075974535058776e-04,-2.204100523428564884e-04,9.810013397545111147e+00
8.996664583938992266e+00,8.996741783764880651e+00,2.315994776651564280e-04,-2.208119788349449664e-04,9.810010787498830709e+00
8.996665321057671250e+00,8.996741783764880651e+00,2.293881216282045443e-04,-2.211356036951883652e-04,9.810008252517933514e+00
8.996666059001601212e+00,8.996741783764880651e+00,2.271742898383166676e-04,-2.213831789887876766e-04,9.810005791110850026e+00
8.996666797524643044e+00,8.996741783764880651e+00,2.249587207128200816e-04,-2.215569125496585912e-04,9.810003401808163659e+00
8.996667536387866093e+00,8.996741783764880651e+00,2.227421310436739077e-04,-2.216589669146173947e-04,9.810001083164129554e+00
8.996668275359404277e+00,8.996741783764880651e+00,2.205252164291238159e-04,-2.216914614550091756e-04,9.809998833754974612e+00
8.996669014214317528e+00,8.996741783764880651e+00,2.183086516893695261e-04,-2.216564739754289803e-04,9.809996652177714438e+00
8.996669752734449688e+00,8.996741783764880651e+00,2.160930912928904490e-04,-2.215560396479077099e-04,9.809994537051645480e+00
8.996670490708286394e+00,8.996741783764880651e+00,2.138791697827713278e-04,-2.213921510119121194e-04,9.809992487018771357e+00
8.996671227930825410e+00,8.996741783764880651e+00,2.116675021657243860e-04,-2.211667617046941814e-04,9.809990500740461528e+00
8.996671964203438066e+00,8.996741783764880651e+00,2.094586843277568278e-04,-2.208817837967558262e-04,9.809988576900531498e+00
8.996672699333741363e+00,8.996741783764880651e+00,2.072532934178639152e-04,-2.205390909892912532e-04,9.809986714202429070e+00
8.996673433135464748e+00,8.996741783764880651e+00,2.050518882477092575e-04,-2.201405170154657753e-04,9.809984911371232741e+00
8.996674165428325765e+00,8.996741783764880651e+00,2.028550096646597467e-04,-2.196878583049510780e-04,9.809983167151360206e+00
8.996674896037902158e+00,8.996741783764880651e+00,2.006631809354786355e-04,-2.191828729181111157e-04,9.809981480308017865e+00
8.996675624795509307e+00,8.996741783764880651e+00,1.984769081140314029e-04,-2.186272821447232673e-04,9.809979849625969806e+00
8.996676351538077654e+00,8.996741783764880651e+00,1.962966804089916195e-04,-2.180227705039783359e-04,9.809978273909905511e+00
8.996677076108037241e+00,8.996741783764880651e+00,1.941229705302305319e-04,-2.173709878761087566e-04,9.809976751982654619e+00
8.996677798353195143e+00,8.996741783764880651e+00,1.919562350565229281e-04,-2.166735473707603887e-04,9.809975282687686260e+00
8.996678518126621782e+00,8.996741783764880651e+00,1.897969147766076503e-04,-2.159320279915277752e-04,9.809973864886785577e+00
8.996679235286537235e+00,8.996741783764880651e+00,1.876454350302481089e-04,-2.151479746359541423e-04,9.809972497460394791e+00
8.996679949696199330e+00,8.996741783764880651e+00,1.855022060439637244e-04,-2.143228986284384519e-04,9.809971179307416023e+00
8.996680661223791731e+00,8.996741783764880651e+00,1.833676232667613704e-04,-2.134582777202354009e-04,9.809969909345547023e+00
8.996681369742319134e+00,8.996741783764880651e+00,1.812420676845505341e-04,-2.125555582210836292e-04,9.809968686509463964e+00
8.996682075129497136e+00,8.996741783764880651e+00,1.791259061505456884e-04,-2.116161534004845635e-04,9.809967509752750559e+00
8.996682777267650977e+00,8.996741783764880651e+00,1.770194916890233117e-04,-2.106414461522376769e-04,9.809966378045537283e+00
8.996683476043608962e+00,8.996741783764880651e+00,1.749231638150661183e-04,-2.096327873957193333e-04,9.809965290376419844e+00
8.996684171348604764e+00,8.996741783764880651e+00,1.728372488276619379e-04,-2.085914987404180465e-04,9.809964245750087741e+00
8.996684863078174388e+00,8.996741783764880651e+00,1.707620601187898046e-04,-2.075188708872133247e-04,9.809963243189232074e+00
8.996685551132063807e+00,8.996741783764880651e+00,1.686978984505316248e-04,-2.064161668258179816e-04,9.809962281731625211e+00
8.996686235414125932e+00,8.996741783764880651e+00,1.666450522641582666e-04,-2.052846186373358250e-04,9.809961360433627320e+00
8.996686915832231790e+00,8.996741783764880651e+00,1.646037979465830858e-04,-2.041254317575180721e-04,9.809960478366189562e+00
8.996687592298174607e+00,8.996741783764880651e+00,1.625744001181317344e-04,-2.029397828451351415e-04,9.809959634617273494e+00
8.996688264727579210e+00,8.996741783764880651e+00,1.605571119043247563e-04,-2.017288213806978092e-04,9.809958828290524124e+00
8.996688933039813207e+00,8.996741783764880651e+00,1.585521752023311137e-04,-2.004936701993642600e-04,9.809958058505003464e+00
8.996689597157896401e+00,8.996741783764880651e+00,1.565598209527507834e-04,-1.992354249580330361e-04,9.809957324395995215e+00
8.996690257008419067e+00,8.996741783764880651e+00,1.545802693847520004e-04,-1.979551567998782957e-04,9.809956625112585371e+00
8.996690912521453143e+00,8.996741783764880651e+00,1.526137302825247843e-04,-1.966539102227216063e-04,9.809955959820060301e+00
8.996691563630470512e+00,8.996741783764880651e+00,1.506604032304181828e-04,-1.953327052106601514e-04,9.809955327698020255e+00
8.996692210272257739e+00,8.996741783764880651e+00,1.487204778687356566e-04,-1.939925361682526272e-04,9.809954727941700980e+00
8.996692852386837913e+00,8.996741783764880651e+00,1.467941341282141821e-04,-1.926343740521474501e-04,9.809954159760076564e+00
8.996693489917394260e+00,8.996741783764880651e+00,1.448815424591742840e-04,-1.912591669039898079e-04,9.809953622375555682e+00
8.996694122810188432e+00,8.996741783764880651e+00,1.429828640766572789e-04,-1.898678382517005048e-04,9.809953115025825454e+00
8.996694751014485902e+00,8.996741783764880651e+00,1.410982511842462372e-04,-1.884612892411041685e-04,9.809952636961943639e+00
8.996695374482479579e+00,8.996741783764880651e+00,1.392278472032160153e-04,-1.870403981030221985e-04,9.809952187449100691e+00
8.996695993169216976e+00,8.996741783764880651e+00,1.373717869910251466e-04,-1.856060212190868697e-04,9.809951765765772436e+00
8.996696607032530935e+00,8.996741783764880651e+00,1.355301970491495922e-04,-1.841589941875554359e-04,9.809951371202862092e+00
8.996697216032965017e+00,8.996741783764880651e+00,1.337031957469037025e-04,-1.827001302245889747e-04,9.809951003065522812e+00
8.996697820133706003e+00,8.996741783764880651e+00,1.318908935239448965e-04,-1.812302222958805942e-04,9.809950660671228562e+00
8.996698419300514615e+00,8.996741783764880651e+00,1.300933930981074127e-04,-1.797500425837483817e-04,9.809950343350514856e+00
8.996699013501658015e+00,8.996741783764880651e+00,1.283107896679069881e-04,-1.782603430200424555e-04,9.809950050446648362e+00
8.996699602707845855e+00,8.996741783764880651e+00,1.265431711043873975e-04,-1.767618563519590680e-04,9.809949781314752926e+00
8.996700186892164552e+00,8.996741783764880651e+00,1.247906181482960619e-04,-1.752552956091335545e-04,9.809949535322539660e+00
8.996700766030016894e+00,8.996741783764880651e+00,1.230532045912724470e-04,-1.737413557023614885e-04,9.809949311848889408e+00
8.996701340099052757e+00,8.996741783764880651e+00,1.213309974836818128e-04,-1.722207107590634223e-04,9.809949110286725116e+00
8.996701909079117598e+00,8.996741783764880651e+00,1.196240572891582588e-04,-1.706940194523554055e-04,9.809948930037837300e+00
8.996702472952186724e+00,8.996741783764880651e+00,1.179324380817803331e-04,-1.691619207377925704e-04,9.809948770517344485e+00
8.996703031702308451e+00,8.996741783764880651e+00,1.162561877166012891e-04,-1.676250365179043911e-04,9.809948631151199194e+00
8.996703585315543705e+00,8.996741783764880651e+00,1.145953480108374833e-04,-1.660839705763805796e-04,9.809948511377434954e+00
8.996704133779918067e+00,8.996741783764880651e+00,1.129499548877532789e-04,-1.645393123084204490e-04,9.809948410642579830e+00
8.996704677085356039e+00,8.996741783764880651e+00,1.113200385738366549e-04,-1.629916313916623949e-04,9.809948328407182672e+00
8.996705215223634866e+00,8.996741783764880651e+00,1.097056237373550402e-04,-1.614414836481614657e-04,9.809948264140089691e+00
8.996705748188327689e+00,8.996741783764880651e+00,1.081067296588855697e-04,-1.598894078469470514e-04,9.809948217321812436e+00
8.996706275974752032e+00,8.996741783764880651e+00,1.065233703858581293e-04,-1.583359273027440395e-04,9.809948187443083611e+00
8.996706798579921838e+00,8.996741783764880651e+00,1.049555548764402602e-04,-1.567815509417869180e-04,9.809948174003935151e+00
8.996707316002490629e+00,8.996741783764880651e+00,1.034032871700674150e-04,-1.552267706372845169e-04,9.809948176516533280e+00
8.996707828242712424e+00,8.996741783764880651e+00,1.018665665046825097e-04,-1.536720665384905260e-04,9.809948194499966689e+00
8.996708335302383119e+00,8.996741783764880651e+00,1.003453874925952505e-04,-1.521179012087259252e-04,9.809948227486284367e+00
8.996708837184803187e+00,8.996741783764880651e+00,9.883974023239261442e-05,-1.505647260202636062e-04,9.809948275014212626e+00
8.996709333894724381e+00,8.996741783764880651e+00,9.734961046881096536e-05,-1.490129763581649058e-04,9.809948336634111143e+00
8.996709825438308883e+00,8.996741783764880651e+00,9.587497971530467566e-05,-1.474630753506289693e-04,9.809948411904365173e+00
8.996710311823084893e+00,8.996741783764880651e+00,9.441582538727288920e-05,-1.459154328031786463e-04,9.809948500392584592e+00
8.996710793057898670e+00,8.996741783764880651e+00,9.297212094594442533e-05,-1.443704441328463872e-04,9.809948601676813595e+00
8.996711269152880774e+00,8.996741783764880651e+00,9.154383599963011875e-05,-1.428284946314306580e-04,9.809948715341368697e+00
8.996711740119396339e+00,8.996741783764880651e+00,9.013093645293679401e-05,-1.412899546693324737e-04,9.809948840981784102e+00
8.996712205970011311e+00,8.996741783764880651e+00,8.873338460801960537e-05,-1.397551844917188646e-04,9.809948978200116798e+00
8.996712666718446272e+00,8.996741783764880651e+00,8.735113930313787023e-05,-1.382245304881735137e-04,9.809949126608815462e+00
8.996713122379540906e+00,8.996741783764880651e+00,8.598415601923647955e-05,-1.366983283901390678e-04,9.809949285827629595e+00
8.996713572969218475e+00,8.996741783764880651e+00,8.463238698652730818e-05,-1.351769032709171370e-04,9.809949455483716108e+00
8.996714018504444965e+00,8.996741783764880651e+00,8.329578130705783678e-05,-1.336605679469471397e-04,9.809949635213360608e+00
8.996714459003193554e+00,8.996741783764880651e+00,8.197428506129256220e-05,-1.321496245765274580e-04,9.809949824660485262e+00
8.996714894484407310e+00,8.996741783764880651e+00,8.066784142002347835e-05,-1.306443641269083855e-04,9.809950023477293612e+00
8.996715324967968996e+00,8.996741783764880651e+00,7.937639073496427500e-05,-1.291450685059203352e-04,9.809950231322229541e+00
8.996715750474661988e+00,8.996741783764880651e+00,7.809987065598988920e-05,-1.276520078974385797e-04,9.809950447862759049e+00
8.996716171026141851e+00,8.996741783764880651e+00,7.683821621640163357e-05,-1.261654439588255627e-04,9.809950672772258073e+00
8.996716586644899039e+00,8.996741783764880651e+00,7.559135994483767718e-05,-1.246856271563956398e-04,9.809950905732788939e+00
8.996716997354230472e+00,8.996741783764880651e+00,7.435923195053817381e-05,-1.232127994299503371e-04,9.809951146432521085e+00
8.996717403178204009e+00,8.996741783764880651e+00,7.314176002992667236e-05,-1.217471920611501446e-04,9.809951394567969274e+00
8.996717804141635355e+00,8.996741783764880651e+00,7.193886973588803357e-05,-1.202890294038638785e-04,9.809951649840332522e+00
8.996718200270050758e+00,8.996741783764880651e+00,7.075048448967891090e-05,-1.188385246209122670e-04,9.809951911959869264e+00
8.996718591589662140e+00,8.996741783764880651e+00,6.957652565553473778e-05,-1.173958834144173125e-04,9.809952180642241615e+00
8.996718978127336896e+00,8.996741783764880651e+00,6.841691263126392641e-05,-1.159613024270811366e-04,9.809952455610204680e+00
8.996719359910573033e+00,8.996741783764880651e+00,6.727156292285485506e-05,-1.145349708409071354e-04,9.809952736592082445e+00
8.996719736967468961e+00,8.996741783764880651e+00,6.614039223507006682e-05,-1.131170687784788242e-04,9.809953023323457089e+00
8.996720109326696857e+00,8.996741783764880651e+00,6.502331455138232741e-05,-1.117077683687739409e-04,9.809953315546183106e+00
8.996720477017479567e+00,8.996741783764880651e+00,6.392024220325254191e-05,-1.103072348129785496e-04,9.809953613007390771e+00
8.996720840069562186e+00,8.996741783764880651e+00,6.283108595539488306e-05,-1.089156247857658855e-04,9.809953915461170126e+00
8.996721198513190743e+00,8.996741783764880651e+00,6.175575506972563744e-05,-1.075330885669245617e-04,9.809954222666503298e+00
8.996721552379085551e+00,8.996741783764880651e+00,6.069415738529926330e-05,-1.061597684426374144e-04,9.809954534388943159e+00
8.996721901698419899e+00,8.996741783764880651e+00,5.964619938225723672e-05,-1.047958003042026576e-04,9.809954850399078552e+00
8.996722246502793396e+00,8.996741783764880651e+00,5.861178626176410944e-05,-1.034413120493127280e-04,9.809955170474212949e+00
8.996722586824215995e+00,8.996741783764880651e+00,5.759082199396914348e-05,-1.020964267794965963e-04,9.809955494395214970e+00
8.996722922695077784e+00,8.996741783764880651e+00,5.658320940860050996e-05,-1.007612585368633518e-04,9.809955821950872235e+00
8.996723254148134785e+00,8.996741783764880651e+00,5.558885023759785327e-05,-9.943591710026566943e-05,9.809956152933137830e+00
8.996723581216484078e+00,8.996741783764880651e+00,5.460764518971927828e-05,-9.812050478785749874e-05,9.809956487140402359e+00
8.996723903933547817e+00,8.996741783764880651e+00,5.363949399850298505e-05,-9.681511912162932276e-05,9.809956824374877371e+00
8.996724222333048360e+00,8.996741783764880651e+00,5.268429549687425606e-05,-9.551985016287289909e-05,9.809957164445334499e+00
8.996724536448994058e+00,8.996741783764880651e+00,5.174194765977802035e-05,-9.423478370962357076e-05,9.809957507163950652e+00
8.996724846315656166e+00,8.996741783764880651e+00,5.081234767345677028e-05,-9.295999863212500713e-05,9.809957852349041829e+00
8.996725151967552847e+00,8.996741783764880651e+00,4.989539198341219617e-05,-9.169556900445741121e-05,9.809958199822979452e+00
8.996725453439431419e+00,8.996741783764880651e+00,4.899097634769589149e-05,-9.044156357163046778e-05,9.809958549412776563e+00
8.996725750766252361e+00,8.996741783764880651e+00,4.809899588487098754e-05,-8.919804628249039524e-05,9.809958900949602878e+00
8.996726043983167997e+00,8.996741783764880651e+00,4.721934513796099964e-05,-8.796507469099879017e-05,9.809959254270447460e+00
8.996726333125510067e+00,8.996741783764880651e+00,4.635191811175332077e-05,-8.674270262076788640e-05,9.809959609215491483e+00
8.996726618228773731e+00,8.996741783764880651e+00,4.549660832076085626e-05,-8.553097909924645137e-05,9.809959965629222012e+00
8.996726899328601590e+00,8.996741783764880651e+00,4.465330883718365840e-05,-8.432994835771978615e-05,9.809960323360479961e+00
8.996727176460764142e+00,8.996741783764880651e+00,4.382191234952870218e-05,-8.313964876549562177e-05,9.809960682263584530e+00
8.996727449661154452e+00,8.996741783764880651e+00,4.300231117859709684e-05,-8.196011709316053384e-05,9.809961042194085934e+00
8.996727718965763287e+00,8.996741783764880651e+00,4.219439735209107312e-05,-8.079138265060237245e-05,9.809961403014701986e+00
8.996727984410673784e+00,8.996741783764880651e+00,4.139806262060119479e-05,-7.963347314898783225e-05,9.809961764589472111e+00
8.996728246032043685e+00,8.996741783764880651e+00,4.061319851089706390e-05,-7.848641097041308967e-05,9.809962126787540981e+00
8.996728503866091131e+00,8.996741783764880651e+00,3.983969636855988483e-05,-7.735021423371790661e-05,9.809962489482135339e+00
8.996728757949087552e+00,8.996741783764880651e+00,3.907744737929874645e-05,-7.622489892611383766e-05,9.809962852548453682e+00
8.996729008317338128e+00,8.996741783764880651e+00,3.832634262757039778e-05,-7.511047517283486741e-05,9.809963215867455233e+00
8.996729255007176462e+00,8.996741783764880651e+00,3.758627311256645953e-05,-7.400695150039382497e-05,9.809963579321612670e+00
8.996729498054946816e+00,8.996741783764880651e+00,3.685712980150412932e-05,-7.291433110623302127e-05,9.809963942798695768e+00
8.996729737496997004e+00,8.996741783764880651e+00,3.613880365094246372e-05,-7.183261505616655995e-05,9.809964306188595273e+00
8.996729973369665956e+00,8.996741783764880651e+00,3.543118564408587190e-05,-7.076180068565918191e-05,9.809964669384958924e+00
8.996730205709273065e+00,8.996741783764880651e+00,3.473416682275853873e-05,-6.970188213273331712e-05,9.809965032284690523e+00
8.996730434552109301e+00,8.996741783764880651e+00,3.404763831404977736e-05,-6.865285087087613647e-05,9.809965394787443671e+00
8.996730659934423002e+00,8.996741783764880651e+00,3.337149137294659340e-05,-6.761469411031839627e-05,9.809965756797263126e+00
8.996730881892418097e+00,8.996741783764880651e+00,3.270561738766275539e-05,-6.658739852838380102e-05,9.809966118218859776e+00
8.996731100462234565e+00,8.996741783764880651e+00,3.204990793825857054e-05,-6.557094494041848520e-05,9.809966478962998337e+00
8.996731315679946661e+00,8.996741783764880651e+00,3.140425480196995522e-05,-6.456531362886153147e-05,9.809966838941173606e+00
8.996731527581554033e+00,8.996741783764880651e+00,3.076854997985378759e-05,-6.357048221161676338e-05,9.809967198067768734e+00
8.996731736202967511e+00,8.996741783764880651e+00,3.014268573942047169e-05,-6.258642404333158993e-05,9.809967556261696586e+00
8.996731941580007330e+00,8.996741783764880651e+00,2.952655461996300801e-05,-6.161311194574636829e-05,9.809967913442674714e+00
8.996732143748390698e+00,8.996741783764880651e+00,2.892004946986048708e-05,-6.065051501025209291e-05,9.809968269534460106e+00
8.996732342743728239e+00,8.996741783764880651e+00,2.832306345723623053e-05,-5.969860126242565457e-05,9.809968624462195308e+00
8.996732538601511564e+00,8.996741783764880651e+00,2.773549010726128472e-05,-5.875733499749458133e-05,9.809968978155110264e+00
8.996732731357109714e+00,8.996741783764880651e+00,2.715722331281256174e-05,-5.782667944487229761e-05,9.809969330543868438e+00
8.996732921045763831e+00,8.996741783764880651e+00,2.658815735046005102e-05,-5.690659623525107236e-05,9.809969681561115706e+00
8.996733107702572951e+00,8.996741783764880651e+00,2.602818692309938342e-05,-5.599704273606675997e-05,9.809970031144187530e+00
8.996733291362497553e+00,8.996741783764880651e+00,2.547720714929369024e-05,-5.509797738056931848e-05,9.809970379229769222e+00
8.996733472060343573e+00,8.996741783764880651e+00,2.493511361123523784e-05,-5.420935380584523955e-05,9.809970725759805887e+00
8.996733649830765955e+00,8.996741783764880651e+00,2.440180234408728666e-05,-5.333112671479511846e-05,9.809971070675629790e+00
8.996733824708256222e+00,8.996741783764880651e+00,2.387716987328758478e-05,-5.246324707997018777e-05,9.809971413922793815e+00
8.996733996727138916e+00,8.996741783764880651e+00,2.336111322520650901e-05,-5.160566480810757639e-05,9.809971755448417596e+00
8.996734165921566273e+00,8.996741783764880651e+00,2.285352994313427644e-05,-5.075832820722325778e-05,9.809972095201736408e+00
8.996734332325514671e+00,8.996741783764880651e+00,2.235431809793908542e-05,-4.992118451951910174e-05,9.809972433133578917e+00
8.996734495972775747e+00,8.996741783764880651e+00,2.186337631471246823e-05,-4.909417832266171899e-05,9.809972769197992548e+00
8.996734656896956395e+00,8.996741783764880651e+00,2.138060377276929103e-05,-4.827725419431772025e-05,9.809973103349578949e+00
8.996734815131471663e+00,8.996741783764880651e+00,2.090590022696403594e-05,-4.747035458052550894e-05,9.809973435545646936e+00
8.996734970709541201e+00,8.996741783764880651e+00,2.043916601834894209e-05,-4.667342086150938485e-05,9.809973765745157337e+00
8.996735123664185707e+00,8.996741783764880651e+00,1.998030208483214665e-05,-4.588639335167954414e-05,9.809974093908733650e+00
8.996735274028221596e+00,8.996741783764880651e+00,1.952920997716489637e-05,-4.510921076672502750e-05,9.809974419999210937e+00
8.996735421834257451e+00,8.996741783764880651e+00,1.908579186959968865e-05,-4.434181075652077197e-05,9.809974743981113576e+00
8.996735567114690468e+00,8.996741783764880651e+00,1.864995057054841254e-05,-4.358412990512761098e-05,9.809975065820665918e+00
8.996735709901706457e+00,8.996741783764880651e+00,1.822158952258234876e-05,-4.283610479660637793e-05,9.809975385484726473e+00
8.996735850227270959e+00,8.996741783764880651e+00,1.780061282907752229e-05,-4.209766935048264713e-05,9.809975702943479092e+00
8.996735988123129246e+00,8.996741783764880651e+00,1.738692525421470236e-05,-4.136875748628199290e-05,9.809976018167768430e+00
8.996736123620804548e+00,8.996741783764880651e+00,1.698043222830847299e-05,-4.064930259062293771e-05,9.809976331129638183e+00
8.996736256751592720e+00,8.996741783764880651e+00,1.658103986379444450e-05,-3.993923645140284862e-05,9.809976641803412889e+00
8.996736387546562241e+00,8.996741783764880651e+00,1.618865495522925357e-05,-3.923849085651909263e-05,9.809976950164099208e+00
8.996736516036547116e+00,8.996741783764880651e+00,1.580318500060684528e-05,-3.854699546224082951e-05,9.809977256189538863e+00
8.996736642252150418e+00,8.996741783764880651e+00,1.542453819070033205e-05,-3.786468099065132265e-05,9.809977559857200546e+00
8.996736766223740744e+00,8.996741783764880651e+00,1.505262341972013473e-05,-3.719147709801973178e-05,9.809977861146322198e+00
8.996736887981445108e+00,8.996741783764880651e+00,1.468735030663026464e-05,-3.652731130898700940e-05,9.809978160038998141e+00
8.996737007555154264e+00,8.996741783764880651e+00,1.432862917916111201e-05,-3.587211274691526341e-05,9.809978456516432743e+00
8.996737124974513833e+00,8.996741783764880651e+00,1.397637110045479858e-05,-3.522580787063134267e-05,9.809978750563230321e+00
8.996737240268929625e+00,8.996741783764880651e+00,1.363048785307796607e-05,-3.458832473768325144e-05,9.809979042163115892e+00
8.996737353467562315e+00,8.996741783764880651e+00,1.329089195500898768e-05,-3.395958980689783857e-05,9.809979331302148609e+00
8.996737464599325662e+00,8.996741783764880651e+00,1.295749666496703867e-05,-3.333952900419490106e-05,9.809979617967661270e+00
8.996737573692884737e+00,8.996741783764880651e+00,1.263021598774116683e-05,-3.272806772258718411e-05,9.809979902148265651e+00
8.996737680776659474e+00,8.996741783764880651e+00,1.230896466353215146e-05,-3.212513242090153653e-05,9.809980183832243128e+00
8.996737785878817562e+00,8.996741783764880651e+00,1.199365818926878546e-05,-3.153064742633659989e-05,9.809980463010763430e+00
8.996737889027276225e+00,8.996741783764880651e+00,1.168421281327880479e-05,-3.094453759899806755e-05,9.809980739675214778e+00
8.996737990249702221e+00,8.996741783764880651e+00,1.138054553528888846e-05,-3.036672779899163288e-05,9.809981013817736795e+00
8.996738089573510067e+00,8.996741783764880651e+00,1.108257411175372908e-05,-2.979714235351593743e-05,9.809981285431758735e+00
8.996738187025862032e+00,8.996741783764880651e+00,1.079021705585603286e-05,-2.923570558976962275e-05,9.809981554511466584e+00
8.996738282633664596e+00,8.996741783764880651e+00,1.050339364816466059e-05,-2.868234076913722674e-05,9.809981821052879525e+00
8.996738376423571992e+00,8.996741783764880651e+00,1.022202392597648668e-05,-2.813697221881739097e-05,9.809982085051707656e+00
8.996738468421984436e+00,8.996741783764880651e+00,9.946028688645469629e-06,-2.759952373310170515e-05,9.809982346504956041e+00
8.996738558655048124e+00,8.996741783764880651e+00,9.675329497582652039e-06,-2.706991910628175901e-05,9.809982605410391798e+00
8.996738647148651680e+00,8.996741783764880651e+00,9.409848686914301652e-06,-2.654808106683503865e-05,9.809982861767620577e+00
8.996738733928433263e+00,8.996741783764880651e+00,9.149509342165629278e-06,-2.603393447486723744e-05,9.809983115574867796e+00
8.996738819019771682e+00,8.996741783764880651e+00,8.894235326906141381e-06,-2.552740152594878964e-05,9.809983366833801455e+00
8.996738902447793507e+00,8.996741783764880651e+00,8.643951261433358013e-06,-2.502840654727833680e-05,9.809983615544714652e+00
8.996738984237369507e+00,8.996741783764880651e+00,8.398582533430953845e-06,-2.453687280024041684e-05,9.809983861709733688e+00
8.996739064413116438e+00,8.996741783764880651e+00,8.158055292639687650e-06,-2.405272407912661947e-05,9.809984105331214010e+00
8.996739142999397032e+00,8.996741783764880651e+00,7.922296450857402306e-06,-2.357588417822853444e-05,9.809984346412273126e+00
8.996739220020318228e+00,8.996741783764880651e+00,7.691233687268095309e-06,-2.310627635893069964e-05,9.809984584957328835e+00
8.996739295499736500e+00,8.996741783764880651e+00,7.464795432454707225e-06,-2.264382548133880846e-05,9.809984820969951613e+00
8.996739369461250746e+00,8.996741783764880651e+00,7.242910889715403755e-06,-2.218845427393034697e-05,9.809985054456616282e+00
8.996739441928211178e+00,8.996741783764880651e+00,7.025510008418223151e-06,-2.174008812971806037e-05,9.809985285421879198e+00
8.996739512923713988e+00,8.996741783764880651e+00,6.812523499988287767e-06,-2.129865084299353839e-05,9.809985513872657492e+00
8.996739582470603125e+00,8.996741783764880651e+00,6.603882832578733542e-06,-2.086406674095542257e-05,9.809985739816092121e+00
8.996739650591473847e+00,8.996741783764880651e+00,6.399520220412568960e-06,-2.043626121661645811e-05,9.809985963259004293e+00
8.996739717308670947e+00,8.996741783764880651e+00,6.199368629111745577e-06,-2.001515913008233838e-05,9.809986184209499527e+00
8.996739782644288752e+00,8.996741783764880651e+00,6.003361775697158009e-06,-1.960068534145875674e-05,9.809986402676434736e+00
8.996739846620174674e+00,8.996741783764880651e+00,5.811434117930502907e-06,-1.919276577666551020e-05,9.809986618668341762e+00
8.996739909257927437e+00,8.996741783764880651e+00,5.623520859643349468e-06,-1.879132582871534396e-05,9.809986832195031425e+00
8.996739970578898848e+00,8.996741783764880651e+00,5.439557945408068917e-06,-1.839629142352805502e-05,9.809987043266522377e+00
8.996740030604197358e+00,8.996741783764880651e+00,5.259482049879693477e-06,-1.800758955283754403e-05,9.809987251892497540e+00
8.996740089354684500e+00,8.996741783764880651e+00,5.083230588454057397e-06,-1.762514614256360801e-05,9.809987458084446388e+00
8.996740146850980224e+00,8.996741783764880651e+00,4.910741701280585403e-06,-1.724888871734719942e-05,9.809987661852984431e+00
8.996740203113461121e+00,8.996741783764880651e+00,4.741954258591363214e-06,-1.687874426892221891e-05,9.809987863209990167e+00
8.996740258162263970e+00,8.996741783764880651e+00,4.576807850042996506e-06,-1.651464085483667077e-05,9.809988062166995704e+00
8.996740312017283969e+00,7.167440811798734046e+00,-5.487898500655649769e+00,0.000000000000000000e+00,4.322101499344350728e+00
8.996191576022237513e+00,7.167440811798734046e+00,-5.486252292670510400e+00,1.646207985139369612e-01,4.488368505843427059e+00
8.995110676877775546e+00,7.167440811798734046e+00,-5.483009595237124500e+00,3.242697433385899330e-01,4.651260148101465930e+00
8.993513903748123539e+00,7.167440811798734046e+00,-5.478219275848168479e+00,4.790319388956021385e-01,4.810812663047434157e+00
8.991417211884776606e+00,7.167440811798734046e+00,-5.471929200258127679e+00,6.290075590040800080e-01,4.967078358745952826e+00
8.988836227857303740e+00,7.167440811798734046e+00,-5.464186248175709082e+00,7.742952082418597115e-01,5.120108960066151127e+00
8.985786254725837807e+00,7.167440811798734046e+00,-5.455036328781311283e+00,9.149919394397798555e-01,5.269955610658469070e+00
8.982282277155437811e+00,7.167440811798734046e+00,-5.444524396070111294e+00,1.051193271119998940e+00,5.416668875049888143e+00
8.978338966472543703e+00,7.167440811798734046e+00,-5.432694464021428971e+00,1.182993204868232340e+00,5.560298740846803867e+00
8.973970685663733349e+00,7.167440811798734046e+00,-5.419589621594997908e+00,1.310484242643106256e+00,5.700894621048108846e+00
8.969191494317028557e+00,7.167440811798734046e+00,-5.405252047554883532e+00,1.433757404011437586e+00,5.838505356456554551e+00
8.964015153505968669e+00,7.167440811798734046e+00,-5.389723025121703870e+00,1.552902243317966224e+00,5.973179218196262852e+00
8.958455130616728823e+00,7.167440811798734046e+00,-5.373042956453984331e+00,1.668006866771953867e+00,6.104963910317970033e+00
8.952524604118520912e+00,7.167440811798734046e+00,-5.355251376959360599e+00,1.779157949462373267e+00,6.233906572503013166e+00
8.946236468277563247e+00,7.167440811798734046e+00,-5.336386969436487604e+00,1.886440752287299460e+00,6.360053782850812354e+00
8.939603337814890693e+00,7.167440811798734046e+00,-5.316487578048469942e+00,1.989939138801766205e+00,6.483451560753296761e+00
8.932637552508293055e+00,7.167440811798734046e+00,-5.295590222128677027e+00,2.089735591979291485e+00,6.604145369850614955e+00
8.925351181738680140e+00,7.167440811798734046e+00,-5.273731109819838281e+00,2.185911230883874623e+00,6.722180121064036840e+00
8.917756028981173699e+00,7.167440811798734046e+00,-5.250945651547318960e+00,2.278545827251932110e+00,6.837600175704613648e+00
8.909863636241237117e+00,7.167440811798734046e+00,-5.227268473327509213e+00,2.367717821980974691e+00,6.950449348653465975e+00
8.901685288436166132e+00,7.167440811798734046e+00,-5.202733429912296259e+00,2.453504341521295373e+00,7.060770911608999612e+00
8.893232017722256799e+00,7.167440811798734046e+00,-5.177373617770568259e+00,2.535981214172799980e+00,7.168607596402232218e+00
8.884514607767988181e+00,7.167440811798734046e+00,-5.151221387907762406e+00,2.615222986280585360e+00,7.274001598372823452e+00
8.875543597973555521e+00,7.167440811798734046e+00,-5.124308358524464424e+00,2.691302938329798167e+00,7.376994579805334240e+00
8.866329287637103818e+00,7.167440811798734046e+00,-5.096665427515109315e+00,2.764293100935510950e+00,7.477627673420402132e+00
8.856881740067994002e+00,7.167440811798734046e+00,-5.068322784807779868e+00,2.834264270732944624e+00,7.575941485925165253e+00
8.847210786647476510e+00,7.167440811798734046e+00,-5.039309924546227393e+00,2.901286026155247555e+00,7.671976101609020660e+00
8.837326030837120427e+00,7.167440811798734046e+00,-5.009655657115159144e+00,2.965426743106824858e+00,7.765771085991666212e+00
8.827236852135364131e+00,7.167440811798734046e+00,-4.979388121009890256e+00,3.026753610526888849e+00,7.857365489516999091e+00
8.816952409982558692e+00,7.167440811798734046e+00,-4.948534794551473937e+00,3.085332645841631916e+00,7.946797851290158476e+00
8.806481647614882391e+00,7.167440811798734046e+00,-4.917122507448445035e+00,3.141228710302890192e+00,8.034106202854445655e+00
8.795833295867492296e+00,7.167440811798734046e+00,-4.885177452206274751e+00,3.194505524217028380e+00,8.119328072010754127e+00
8.785015876927301903e+00,7.167440811798734046e+00,-4.852725195385703572e+00,3.245225682057117922e+00,8.202500486671414848e+00
8.774037708035779204e+00,7.167440811798734046e+00,-4.819790688711135473e+00,3.293450667456809811e+00,8.283659978745674834e+00
8.762906905142131109e+00,7.167440811798734046e+00,-4.786398280030191188e+00,3.339240868094428549e+00,8.362842588064237859e+00
8.751631386507289889e+00,7.167440811798734046e+00,-4.752571724125667529e+00,3.382655590452365857e+00,8.440083866326698825e+00
8.740218876259081782e+00,7.167440811798734046e+00,-4.718334193381043207e+00,3.423753074462432267e+00,8.515418881081389557e+00
8.728676907898980986e+00,7.167440811798734046e+00,-4.683708288300740818e+00,3.462590508030238823e+00,8.588882219729498502e+00
8.717012827760854066e+00,7.167440811798734046e+00,-4.648716047886360059e+00,3.499224041438075972e+00,8.660507993551716410e+00
8.705233798422082003e+00,7.167440811798734046e+00,-4.613378959870043872e+00,3.533708801631618712e+00,8.730329841761575338e+00
8.693346802067486223e+00,7.167440811798734046e+00,-4.577717970806256531e+00,3.566098906378734057e+00,8.798380935572478023e+00
8.681358643806447617e+00,7.167440811798734046e+00,-4.541753496023140713e+00,3.596447478311581847e+00,8.864693982288441632e+00
8.669275954943637785e+00,7.167440811798734046e+00,-4.505505429434711218e+00,3.624806658842949503e+00,8.929301229408238783e+00
8.657105196203767505e+00,7.167440811798734046e+00,-4.468993153215100378e+00,3.651227621961083969e+00,8.992234468745984088e+00
8.644852660910773423e+00,7.167440811798734046e+00,-4.432235547336118131e+00,3.675760587898224685e+00,9.053525040562107051e+00
8.632524478121835543e+00,7.167440811798734046e+00,-4.395250998969304490e+00,3.698454836681364100e+00,9.113203837712060107e+00
8.620126615716667828e+00,7.167440811798734046e+00,-4.358057411753801347e+00,3.719358721550314328e+00,9.171301309796513479e+00
8.607664883442479820e+00,7.167440811798734046e+00,-4.320672214931237320e+00,3.738519682256402632e+00,9.227847467325165809e+00
8.595144935915024931e+00,7.167440811798734046e+00,-4.283112372348872654e+00,3.755984258236466644e+00,9.282871885887594487e+00
8.582572275576158205e+00,7.167440811798734046e+00,-4.245394391332272477e+00,3.771798101660017721e+00,9.336403710327745742e+00
8.569952255608324521e+00,7.167440811798734046e+00,-4.207534331428771424e+00,3.786005990350105321e+00,9.388471658921334395e+00
8.557290082806382259e+00,7.167440811798734046e+00,-4.169547813022944638e+00,3.798651840582678574e+00,9.439104027559734433e+00
8.544590820407195864e+00,7.167440811798734046e+00,-4.131450025825385453e+00,3.809778719755918530e+00,9.488328693930533575e+00
8.531859390877404081e+00,7.167440811798734046e+00,-4.093255737236010106e+00,3.819428858937534699e+00,9.536173121701525091e+00
8.519100578659781320e+00,7.167440811798734046e+00,-4.054979300583141821e+00,3.827643665286828423e+00,9.582664364703687099e+00
8.506319032878629116e+00,7.167440811798734046e+00,-4.016634663239685210e+00,3.834463734345661123e+00,9.627829071105976411e+00
8.493519270004588506e+00,7.167440811798734046e+00,-3.978235374617563380e+00,3.839928862212182992e+00,9.671693487594620109e+00
8.480705676479306732e+00,7.167440811798734046e+00,-3.939794594041718057e+00,3.844078057584532360e+00,9.714283463542814800e+00
8.467882511300379278e+00,7.167440811798734046e+00,-3.901325098504935696e+00,3.846949553678236100e+00,9.755624455173300902e+00
8.455053908566968701e+00,7.167440811798734046e+00,-3.862839290304703965e+00,3.848580820023173032e+00,9.795741529718469565e+00
8.442223879986530122e+00,7.167440811798734046e+00,-3.824349204563388227e+00,3.849008574131573823e+00,9.834659369568186094e+00
8.429396317343048395e+00,7.167440811798734046e+00,-3.785866516632943046e+00,3.848268793044518077e+00,9.872402276411575528e+00
8.416574994927207953e+00,7.167440811798734046e+00,-3.747402549385421722e+00,3.846396724752132457e+00,9.908994175366711232e+00
8.403763571928903886e+00,7.167440811798734046e+00,-3.708968280390509520e+00,3.843426899491220183e+00,9.944458619100711161e+00
8.390965594792509918e+00,7.167440811798734046e+00,-3.670574348981327617e+00,3.839393140918190284e+00,9.978818791936863164e+00
8.378184499535310081e+00,7.167440811798734046e+00,-3.632231063209728106e+00,3.834328577159951124e+00,1.001209751395022352e+01
8.365423614029504407e+00,7.167440811798734046e+00,-3.593948406692311082e+00,3.828265651741702413e+00,1.004431724504939183e+01
8.352686160248204317e+00,7.167440811798734046e+00,-3.555736045348410812e+00,3.821236134390026962e+00,1.007550008904161665e+01
8.339975256475808507e+00,7.167440811798734046e+00,-3.517603334031223383e+00,3.813271131718742879e+00,1.010566779768751999e+01
8.327293919483182094e+00,7.167440811798734046e+00,-3.479559323053344144e+00,3.804401097787923902e+00,1.013484177473458026e+01
8.314645066668028051e+00,7.167440811798734046e+00,-3.441612764607882013e+00,3.794655844546213075e+00,1.016304307993833156e+01
8.302031518160868373e+00,7.167440811798734046e+00,-3.403772119086402981e+00,3.784064552147903271e+00,1.019029243306150079e+01
8.289455998897015121e+00,7.167440811798734046e+00,-3.366045561294843225e+00,3.772655779155975608e+00,1.021661021786113288e+01
8.276921140654946996e+00,7.167440811798734046e+00,-3.328440986568638849e+00,3.760457472620437613e+00,1.024201648605179926e+01
8.264429484061484033e+00,7.167440811798734046e+00,-3.290966016788249959e+00,3.747496978038888926e+00,1.026653096125063946e+01
8.251983480564145879e+00,7.167440811798734046e+00,-3.253628006296235498e+00,3.733801049201446176e+00,1.029017304290521118e+01
8.239585494371098662e+00,7.167440811798734046e+00,-3.216434047717093847e+00,3.719395857914165049e+00,1.031296181019707170e+01
8.227237804359070594e+00,7.167440811798734046e+00,-3.179390977681009645e+00,3.704307003608420246e+00,1.033491602592741110e+01
8.214942605949635990e+00,7.167440811798734046e+00,-3.142505382452705831e+00,3.688559522830381354e+00,1.035605414037767602e+01
8.202702012954238953e+00,7.167440811798734046e+00,-3.105783603466514720e+00,3.672177898619111147e+00,1.037639429515259692e+01
8.190518059388358196e+00,7.167440811798734046e+00,-3.069231742768872451e+00,3.655186069764226886e+00,1.039595432699535493e+01
8.178392701255177144e+00,7.167440811798734046e+00,-3.032855668369329294e+00,3.637607439954315680e+00,1.041475177158498688e+01
8.166327818299153662e+00,7.167440811798734046e+00,-2.996661019501258849e+00,3.619464886807044479e+00,1.043280386730578613e+01
8.154325215729860687e+00,7.167440811798734046e+00,-2.960653211793379924e+00,3.600780770787892493e+00,1.045012755899451307e+01
8.142386625916467224e+00,7.167440811798734046e+00,-2.924837442353199535e+00,3.581576944018038944e+00,1.046673950166483991e+01
8.130513710053239862e+00,7.167440811798734046e+00,-2.889218694763517448e+00,3.561874758968208710e+00,1.048265606420469176e+01
8.118708059796434284e+00,7.167440811798734046e+00,-2.853801743993100715e+00,3.541695077041673301e+00,1.049789333304857308e+01
8.106971198872932050e+00,7.167440811798734046e+00,-2.818591161222594010e+00,3.521058277050670426e+00,1.051246711582807691e+01
8.095304584661013436e+00,7.167440811798734046e+00,-2.783591318586838170e+00,3.499984263575584009e+00,1.052639294498874634e+01
8.083709609743593205e+00,7.167440811798734046e+00,-2.748806393834577477e+00,3.478492475226069303e+00,1.053968608139149232e+01
8.072187603434311853e+00,7.167440811798734046e+00,-2.714240374906733422e+00,3.456601892784405550e+00,1.055236151787767263e+01
8.060739833276818089e+00,7.167440811798734046e+00,-2.679897064434252130e+00,3.434331047248129209e+00,1.056443398281387758e+01
8.049367506517606685e+00,7.167440811798734046e+00,-2.645780084156617917e+00,3.411698027763421237e+00,1.057591794360680382e+01
8.038071771552756317e+00,7.167440811798734046e+00,-2.611892879262066813e+00,3.388720489455110396e+00,1.058682761019304408e+01
8.026853719348924443e+00,7.167440811798734046e+00,-2.578238722650571191e+00,3.365415661149562254e+00,1.059717693849899156e+01
8.015714384838942053e+00,7.167440811798734046e+00,-2.544820719120624020e+00,3.341800352994717116e+00,1.060697963387409359e+01
8.004654748292347577e+00,7.167440811798734046e+00,-2.511641809480840593e+00,3.317890963978342711e+00,1.061624915449750262e+01
7.993675736661202791e+00,7.167440811798734046e+00,-2.478704774587406234e+00,3.293703489343435820e+00,1.062499871475603008e+01
7.982778224901533548e+00,7.167440811798734046e+00,-2.446012239308398506e+00,3.269253527900772838e+00,1.063324128859237483e+01
7.971963037270723973e+00,7.167440811798734046e+00,-2.413566676415969781e+00,3.244556289242872538e+00,1.064098961282690325e+01
7.961230948601197177e+00,7.167440811798734046e+00,-2.381370410407389393e+00,3.219626600858038756e+00,1.064825619045064897e+01
7.950582685550715567e+00,7.167440811798734046e+00,-2.349425621255944563e+00,3.194478915144483011e+00,1.065505329388853895e+01
7.940018927829622264e+00,7.167440811798734046e+00,-2.317734348092664654e+00,3.169127316327990940e+00,1.066139296823532590e+01
7.929540309405353149e+00,7.167440811798734046e+00,-2.286298492819857309e+00,3.143585527280734482e+00,1.066728703446087678e+01
7.919147419684529510e+00,7.167440811798734046e+00,-2.255119823657386391e+00,3.117866916247091780e+00,1.067274709258970589e+01
7.908840804672965241e+00,7.167440811798734046e+00,-2.224199978622693585e+00,3.091984503469280554e+00,1.067778452484658658e+01
7.898620968113885255e+00,7.167440811798734046e+00,-2.193540468945453625e+00,3.065950967723996001e+00,1.068241049877854287e+01
7.888488372604683718e+00,7.167440811798734046e+00,-2.163142682417849016e+00,3.039778652760460886e+00,1.068663597034261237e+01
7.878443440692516120e+00,7.167440811798734046e+00,-2.133007886681346221e+00,3.013479573650279519e+00,1.069047168696893380e+01
7.868486555949044892e+00,7.167440811798734046e+00,-2.103137232450932537e+00,2.987065423041368462e+00,1.069392819059043731e+01
7.858618064024633476e+00,7.167440811798734046e+00,-2.073531756677698290e+00,2.960547577323424662e+00,1.069701582064572776e+01
7.848838273682286371e+00,7.167440811798734046e+00,-2.044192385650656973e+00,2.933937102704131661e+00,1.069974471705347518e+01
7.839147457811644237e+00,7.167440811798734046e+00,-2.015119938038730574e+00,2.907244761192639970e+00,1.070212482315390901e+01
7.829545854423317408e+00,7.167440811798734046e+00,-1.986315127873750086e+00,2.880481016498048774e+00,1.070416588862429919e+01
7.820033667623853546e+00,7.167440811798734046e+00,-1.957778567475358500e+00,2.853656039839158609e+00,1.070587747236380061e+01
7.810611068571625459e+00,7.167440811798734046e+00,-1.929510770318674240e+00,2.826779715668426007e+00,1.070726894534975315e+01
7.801278196413933053e+00,7.167440811798734046e+00,-1.901512153845597020e+00,2.799861647307722023e+00,1.070834949346212639e+01
7.792035159205586758e+00,7.167440811798734046e+00,-1.873783042220558137e+00,2.772911162503888249e+00,1.070912812028333150e+01
7.782882034809268212e+00,7.167440811798734046e+00,-1.846323669031602499e+00,2.745937318895563806e+00,1.070961364986396092e+01
7.773818871777936401e+00,7.167440811798734046e+00,-1.819134179937607065e+00,2.718948909399543368e+00,1.070981472946193591e+01
7.764845690219551066e+00,7.167440811798734046e+00,-1.792214635262451061e+00,2.691954467515600413e+00,1.070973983225314896e+01
7.755962482644390477e+00,7.167440811798734046e+00,-1.765565012536969292e+00,2.664962272548176969e+00,1.070939726001120818e+01
7.747169214795231795e+00,7.167440811798734046e+00,-1.739185208989493248e+00,2.637980354747604395e+00,1.070879514575811164e+01
7.738465826460648067e+00,7.167440811798734046e+00,-1.713075043985742063e+00,2.611016500375118454e+00,1.070794145638937778e+01
7.729852232271703372e+00,7.167440811798734046e+00,-1.687234261418907977e+00,2.584078256683408625e+00,1.070684399526450115e+01
7.721328322482285067e+00,7.167440811798734046e+00,-1.661662532050653063e+00,2.557172936825491405e+00,1.070551040477483795e+01
7.712893963733344904e+00,7.167440811798734046e+00,-1.636359455803832574e+00,2.530307624682048839e+00,1.070394816887821676e+01
7.704548999801292375e+00,7.167440811798734046e+00,-1.611324564007674986e+00,2.503489179615758786e+00,1.070216461560808341e+01
7.696293252330800527e+00,7.167440811798734046e+00,-1.586557321596199444e+00,2.476724241147554295e+00,1.070016691955135535e+01
7.688126521552264059e+00,7.167440811798734046e+00,-1.562057129260590038e+00,2.450019233560940535e+00,1.069796210430035188e+01
7.680048586984157488e+00,7.167440811798734046e+00,-1.537823325556270326e+00,2.423380370431971187e+00,1.069555704487570225e+01
7.672059208120538543e+00,7.167440811798734046e+00,-1.513855188965413490e+00,2.396813659085683668e+00,1.069295847012027068e+01
7.664158125103931241e+00,7.167440811798734046e+00,-1.490151939915591583e+00,2.370324904982190617e+00,1.069017296506659953e+01
7.656345059383831142e+00,7.167440811798734046e+00,-1.466712742755291288e+00,2.343919716030029576e+00,1.068720697327473879e+01
7.648619714361058364e+00,7.167440811798734046e+00,-1.443536707686972953e+00,2.317603506831833471e+00,1.068406679914486190e+01
7.640981776018199945e+00,7.167440811798734046e+00,-1.420622892658397696e+00,2.291381502857525732e+00,1.068075861019912765e+01
7.633430913536361828e+00,7.167440811798734046e+00,-1.397970305212883346e+00,2.265258744551434944e+00,1.067728843933855210e+01
7.625966779898456949e+00,7.167440811798734046e+00,-1.375577904299168708e+00,2.239240091371463848e+00,1.067366218707229564e+01
7.618589012479259459e+00,7.167440811798734046e+00,-1.353444602041576239e+00,2.213330225759246872e+00,1.066988562371767202e+01
7.611297233622433822e+00,7.167440811798734046e+00,-1.331569265471099328e+00,2.187533657047691094e+00,1.066596439157659226e+01
7.604091051204766138e+00,7.167440811798734046e+00,-1.309950718218096277e+00,2.161854725300305091e+00,1.066190400708221020e+01
7.596970059187806434e+00,7.167440811798734046e+00,-1.288587742167217165e+00,2.136297605087911222e+00,1.065770986292069367e+01
7.589933838157138624e+00,7.167440811798734046e+00,-1.267479079075213733e+00,2.110866309200343238e+00,1.065338723012513000e+01
7.582981955849483313e+00,7.167440811798734046e+00,-1.246623432152247801e+00,2.085564692296593137e+00,1.064894126014434583e+01
7.576113967667842175e+00,7.167440811798734046e+00,-1.226019467607324387e+00,2.060396454492341434e+00,1.064437698688501754e+01
7.569329417184889941e+00,7.167440811798734046e+00,-1.205665816158467685e+00,2.035365144885670219e+00,1.063969932872720392e+01
7.562627836634810308e+00,7.167440811798734046e+00,-1.185561074508228785e+00,2.010474165023889981e+00,1.063491309051566169e+01
7.556008747393782699e+00,7.167440811798734046e+00,-1.165703806785145957e+00,1.985726772308282762e+00,1.063002296552313730e+01
7.549471660449307286e+00,7.167440811798734046e+00,-1.146092545951719721e+00,1.961126083342623616e+00,1.062503353739090528e+01
7.543016076858570784e+00,7.167440811798734046e+00,-1.126725795179510214e+00,1.936675077220950669e+00,1.061994928204144095e+01
7.536641488196038630e+00,7.167440811798734046e+00,-1.107602029191913751e+00,1.912376598759646384e+00,1.061477456956773224e+01
7.530347376990462749e+00,7.167440811798734046e+00,-1.088719695575186108e+00,1.888233361672764232e+00,1.060951366609757862e+01
7.524133217151496744e+00,7.167440811798734046e+00,-1.070077216058288094e+00,1.864247951689801397e+00,1.060417073563151291e+01
7.517998474386094365e+00,7.167440811798734046e+00,-1.051672987762080957e+00,1.840422829620713685e+00,1.059874984185863411e+01
7.511942606604877781e+00,7.167440811798734046e+00,-1.033505384418431206e+00,1.816760334364975193e+00,1.059325494994654449e+01
7.505965064318655955e+00,7.167440811798734046e+00,-1.015572757559765726e+00,1.793262685866547912e+00,1.058768992830678357e+01
7.500065291025264536e+00,7.167440811798734046e+00,-9.978734376795914685e-01,1.769931988017425795e+00,1.058205855033783394e+01
7.494242723586906685e+00,7.167440811798734046e+00,-9.804057353645179163e-01,1.746770231507355220e+00,1.057636449614283691e+01
7.488496792598163587e+00,7.167440811798734046e+00,-9.631679423982886235e-01,1.723779296622929280e+00,1.057061135422464204e+01
7.482826922744842513e+00,7.167440811798734046e+00,-9.461583328383253999e-01,1.700960955996322355e+00,1.056480262315799834e+01
7.477232533153837402e+00,7.167440811798734046e+00,-9.293751640653100665e-01,1.678316877301533339e+00,1.055894171323622288e+01
7.471713037734155627e+00,7.167440811798734046e+00,-9.128166778062647424e-01,1.655848625904532412e+00,1.055303194809826905e+01
7.466267845509284129e+00,7.167440811798734046e+00,-8.964811011316502487e-01,1.633557667461449370e+00,1.054707656632979962e+01
7.460896360941045025e+00,7.167440811798734046e+00,-8.803666474269329356e-01,1.611445370471731309e+00,1.054107872304479798e+01
7.455597984245110332e+00,7.167440811798734046e+00,-8.644715173391288587e-01,1.589513008780407688e+00,1.053504149144128021e+01
7.450372111698320587e+00,7.167440811798734046e+00,-8.487938996987596241e-01,1.567761764036923466e+00,1.052896786433816345e+01
7.445218135937964554e+00,7.167440811798734046e+00,-8.333319724176915244e-01,1.546192728106809966e+00,1.052286075568911983e+01
7.440135446253177243e+00,7.167440811798734046e+00,-8.180839033633295898e-01,1.524806905436193460e+00,1.051672300207286526e+01
7.435123428868597451e+00,7.167440811798734046e+00,-8.030478512095902133e-01,1.503605215373937654e+00,1.051055736416434883e+01
7.430181467220434044e+00,7.167440811798734046e+00,-7.882219662650999936e-01,1.482588494449021965e+00,1.050436652818392247e+01
7.425308942225088416e+00,7.167440811798734046e+00,-7.736043912790631083e-01,1.461757498603688532e+00,1.049815310732462592e+01
7.420505232540475227e+00,7.167440811798734046e+00,-7.591932622252235419e-01,1.441112905383956644e+00,1.049191964315873449e+01
7.415769714820178216e+00,7.167440811798734046e+00,-7.449867090643325085e-01,1.420655316089103337e+00,1.048566860702477044e+01
7.411101763960584066e+00,7.167440811798734046e+00,-7.309828564855500588e-01,1.400385257878244971e+00,1.047940240139269541e+01
7.406500753341128451e+00,7.167440811798734046e+00,-7.171798246271832156e-01,1.380303185836684321e+00,1.047312336120950249e+01
7.401966055057794591e+00,7.167440811798734046e+00,-7.035757297771816354e-01,1.360409485000158014e+00,1.046683375522297688e+01
7.397497040149982439e+00,7.167440811798734046e+00,-6.901686850537451789e-01,1.340704472343645648e+00,1.046053578728990097e+01
7.393093078820899500e+00,7.167440811798734046e+00,-6.769568010664963609e-01,1.321188398724881807e+00,1.045423159765838506e+01
7.388753540651582519e+00,7.167440811798734046e+00,-6.639381865585454179e-01,1.301861450795094299e+00,1.044792326423655027e+01
7.384477794808688600e+00,7.167440811798734046e+00,-6.511109490298636615e-01,1.282723752868175637e+00,1.044161280383831247e+01
7.380265210246179208e+00,7.167440811798734046e+00,-6.384731953423354867e-01,1.263775368752817485e+00,1.043530217341048250e+01
7.376115155901010745e+00,7.167440811798734046e+00,-6.260230323068300962e-01,1.245016303550539050e+00,1.042899327124370856e+01
7.372027000882966696e+00,7.167440811798734046e+00,-6.137585672526979508e-01,1.226446505413214538e+00,1.042268793816051797e+01
7.368000114658738831e+00,7.167440811798734046e+00,-6.016779085800143534e-01,1.208065867268359739e+00,1.041638795868834677e+01
7.364033867230379116e+00,7.167440811798734046e+00,-5.897791662949352087e-01,1.189874228507914466e+00,1.041009506221297976e+01
7.360127629308241382e+00,7.167440811798734046e+00,-5.780604525285220063e-01,1.171871376641320239e+00,1.040381092411279873e+01
7.356280772478514862e+00,7.167440811798734046e+00,-5.665198820393424484e-01,1.154057048917955797e+00,1.039753716687861385e+01
7.352492669365475741e+00,7.167440811798734046e+00,-5.551555727002250862e-01,1.136430933911736219e+00,1.039127536121151252e+01
7.348762693788557954e+00,7.167440811798734046e+00,-5.439656459694717228e-01,1.118992673075336342e+00,1.038502702710586512e+01
7.345090220914350709e+00,7.167440811798734046e+00,-5.329482273468499898e-01,1.101741862262173299e+00,1.037879363491532381e+01
7.341474627403634656e+00,7.167440811798734046e+00,-5.221014468147018306e-01,1.084678053214815918e+00,1.037257660640011458e+01
7.337915291553558816e+00,7.167440811798734046e+00,-5.114234392644743110e-01,1.067800755022751957e+00,1.036637731575827814e+01
7.334411593435058663e+00,7.167440811798734046e+00,-5.009123449089738500e-01,1.051109435550046101e+00,1.036019709064107275e+01
7.330962915025622806e+00,7.167440811798734046e+00,-4.905663096806662793e-01,1.034603522830757072e+00,1.035403721315009129e+01
7.327568640337502437e+00,7.167440811798734046e+00,-4.803834856163051725e-01,1.018282406436110676e+00,1.034789892081980511e+01
7.324228155541463892e+00,7.167440811798734046e+00,-4.703620312281895366e-01,1.002145438811563594e+00,1.034178340758337455e+01
7.320940849086183810e+00,7.167440811798734046e+00,-4.605001118623492928e-01,9.861919365840243756e-01,1.033569182472167469e+01
7.317706111813375713e+00,7.167440811798734046e+00,-4.507959000439250019e-01,9.704211818424290925e-01,1.032962528179850459e+01
7.314523337068747466e+00,7.167440811798734046e+00,-4.412475758100402601e-01,9.548324233884741830e-01,1.032358484757843442e+01
7.311391920808876677e+00,7.167440811798734046e+00,-4.318533270304278915e-01,9.394248779612368594e-01,1.031757155093080947e+01
7.308311261704099060e+00,7.167440811798734046e+00,-4.226113497160950416e-01,9.241977314332849858e-01,1.031158638171719133e+01
7.305280761237493259e+00,7.167440811798734046e+00,-4.135198483162776384e-01,9.091501399817403239e-01,1.030563029166546229e+01
7.302299823800054490e+00,7.167440811798734046e+00,-4.045770360039613323e-01,8.942812312316306134e-01,1.029970419522766889e+01
7.299367856782137842e+00,7.167440811798734046e+00,-3.957811349502113885e-01,8.795901053749943799e-01,1.029380897042478438e+01
7.296484270661263594e+00,7.167440811798734046e+00,-3.871303765875886427e-01,8.650758362622745778e-01,1.028794545967468643e+01
7.293648479086357383e+00,7.167440811798734046e+00,-3.786230018628700122e-01,8.507374724718630432e-01,1.028211447060899353e+01
7.290859898958511387e+00,7.167440811798734046e+00,-3.702572614793320227e-01,8.365740383537989544e-01,1.027631677687446654e+01
7.288117950508353537e+00,7.167440811798734046e+00,-3.620314161288584742e-01,8.225845350473548478e-01,1.027055311891849598e+01
7.285422057370086968e+00,7.167440811798734046e+00,-3.539437367140587654e-01,8.087679414799708866e-01,1.026482420476591173e+01
7.282771646652297370e+00,7.167440811798734046e+00,-3.459925045606899729e-01,7.951232153368792410e-01,1.025913071077619065e+01
7.280166149005585119e+00,7.167440811798734046e+00,-3.381760116205532185e-01,7.816492940136754441e-01,1.025347328239312361e+01
7.277604998687112747e+00,7.167440811798734046e+00,-3.304925606651361036e-01,7.683450955417114869e-01,1.024785253487657499e+01
7.275087633622127292e+00,7.167440811798734046e+00,-3.229404654701797384e-01,7.552095194956365276e-01,1.024226905402545640e+01
7.272613495462544542e+00,7.167440811798734046e+00,-3.155180509914314868e-01,7.422414478748251554e-01,1.023672339688339505e+01
7.270182029642650257e+00,7.167440811798734046e+00,-3.082236535317486315e-01,7.294397459682855356e-01,1.023121609243653651e+01
7.267792685432000077e+00,7.167440811798734046e+00,-3.010556208997980931e-01,7.168032631950538303e-01,1.022574764229525712e+01
7.265444915985579399e+00,7.167440811798734046e+00,-2.940123125605360599e-01,7.043308339262033257e-01,1.022031852136566776e+01
7.263138178391295163e+00,7.167440811798734046e+00,-2.870920997776833516e-01,6.920212782852708244e-01,1.021492917850758886e+01
7.260871933714861726e+00,7.167440811798734046e+00,-2.802933657483830387e-01,6.798734029300312898e-01,1.020958003718164875e+01
7.258645647042146543e+00,7.167440811798734046e+00,-2.736145057302374894e-01,6.678860018145549304e-01,1.020427149608431705e+01
7.256458787519039610e+00,7.167440811798734046e+00,-2.670539271609166931e-01,6.560578569320796305e-01,1.019900392977116255e+01
7.254310828388909727e+00,7.167440811798734046e+00,-2.606100497705270413e-01,6.443877390389651794e-01,1.019377768926843864e+01
7.252201247027706188e+00,7.167440811798734046e+00,-2.542813056869164257e-01,6.328744083610615689e-01,1.018859310267414564e+01
7.250129524976770767e+00,7.167440811798734046e+00,-2.480661395341101638e-01,6.215166152806261834e-01,1.018345047574651652e+01
7.248095147973409702e+00,7.167440811798734046e+00,-2.419630085240269679e-01,6.103131010083195918e-01,1.017835009248429401e+01
7.246097605979296752e+00,7.167440811798734046e+00,-2.359703825416881173e-01,5.992625982338850577e-01,1.017329221569219655e+01
7.244136393206753510e+00,7.167440811798734046e+00,-2.300867442240583927e-01,5.883638317629724668e-01,1.016827708753891457e+01
7.242211008142963813e+00,7.167440811798734046e+00,-2.243105890326893004e-01,5.776155191369092279e-01,1.016330493010422131e+01
7.240320953572184415e+00,7.167440811798734046e+00,-2.186404253203511061e-01,5.670163712338194273e-01,1.015837594591346971e+01
7.238465736595996347e+00,7.167440811798734046e+00,-2.130747743917869030e-01,5.565650928564203070e-01,1.015349031846463390e+01
7.236644868651654683e+00,7.167440811798734046e+00,-2.076121705587619104e-01,5.462603833024992639e-01,1.014864821274373696e+01
7.234857865528587340e+00,7.167440811798734046e+00,-2.022511611895598804e-01,5.361009369202029973e-01,1.014384977573064361e+01
7.233104247383093544e+00,7.167440811798734046e+00,-1.969903067530784924e-01,5.260854436481388063e-01,1.013909513689506170e+01
7.231383538751289031e+00,7.167440811798734046e+00,-1.918281808576649539e-01,5.162125895413538501e-01,1.013438440868369028e+01
7.229695268560353050e+00,7.167440811798734046e+00,-1.867633702848570110e-01,5.064810572807942890e-01,1.012971768699593866e+01
7.228038970138116248e+00,7.167440811798734046e+00,-1.817944750181466063e-01,4.968895266710404712e-01,1.012509505165289525e+01
7.226414181221045396e+00,7.167440811798734046e+00,-1.769201082669340508e-01,4.874366751212555471e-01,1.012051656685432199e+01
7.224820443960659588e+00,7.167440811798734046e+00,-1.721388964857766268e-01,4.781211781157423957e-01,1.011598228162996627e+01
7.223257304928436540e+00,7.167440811798734046e+00,-1.674494793891074806e-01,4.689417096669146190e-01,1.011149223027780764e+01
7.221724315119241844e+00,7.167440811798734046e+00,-1.628505099615233931e-01,4.598969427584087555e-01,1.010704643279688497e+01
7.220221029953326486e+00,7.167440811798734046e+00,-1.583406544637773194e-01,4.509855497746073638e-01,1.010264489531083143e+01
7.218747009276942350e+00,7.167440811798734046e+00,-1.539185924346249124e-01,4.422062029152407092e-01,1.009828761048061629e+01
7.217301817361605920e+00,7.167440811798734046e+00,-1.495830166886156221e-01,4.335575746009290299e-01,1.009397455791231479e+01
7.215885022902060797e+00,7.167440811798734046e+00,-1.453326333099802525e-01,4.250383378635369525e-01,1.008970570455355720e+01
7.214496199012971012e+00,7.167440811798734046e+00,-1.411661616427108967e-01,4.166471667269355805e-01,1.008548100508422607e+01
7.213134923224389539e+00,7.167440811798734046e+00,-1.370823342769664777e-01,4.083827365744419069e-01,1.008130040229747593e+01
7.211800777476038427e+00,7.167440811798734046e+00,-1.330798970319131413e-01,4.002437245053336312e-01,1.007716382747342010e+01
7.210493348110434297e+00,7.167440811798734046e+00,-1.291576089351007539e-01,3.922288096812387437e-01,1.007307120074613849e+01
7.209212225864904511e+00,7.167440811798734046e+00,-1.253142421985113941e-01,3.843366736589359789e-01,1.006902243146042508e+01
7.207957005862521527e+00,7.167440811798734046e+00,-1.215485821913624420e-01,3.765660007148952104e-01,1.006501741852353327e+01
7.206727287601990994e+00,7.167440811798734046e+00,-1.178594274097708450e-01,3.689154781591597043e-01,1.006105605074938936e+01
7.205522674946535311e+00,7.167440811798734046e+00,-1.142455894434037944e-01,3.613837966367050569e-01,1.005713820719330087e+01
7.204342776111798408e+00,7.167440811798734046e+00,-1.107058929391930846e-01,3.539696504210709804e-01,1.005326375748187928e+01
7.203187203652809956e+00,7.167440811798734046e+00,-1.072391755622277287e-01,3.466717376965355868e-01,1.004943256213430836e+01
7.202055574450034747e+00,7.167440811798734046e+00,-1.038442879539021035e-01,3.394887608325625195e-01,1.004564447287866003e+01
7.200947509694547222e+00,7.167440811798734046e+00,-1.005200936874395268e-01,3.324194266462576763e-01,1.004189933295881865e+01
7.199862634872356004e+00,7.167440811798734046e+00,-9.726546922086587443e-02,3.254624466573652342e-01,1.003819697743649897e+01
7.198800579747908657e+00,7.167440811798734046e+00,-9.407930384752383191e-02,3.186165373342042528e-01,1.003453723348668092e+01
7.197760978346809502e+00,7.167440811798734046e+00,-9.096049964422636691e-02,3.118804203297464994e-01,1.003091992068551974e+01
7.196743468937778943e+00,7.167440811798734046e+00,-8.790797141713468932e-02,3.052528227091677593e-01,1.002734485129203357e+01
7.195747694013877371e+00,7.167440811798734046e+00,-8.492064664542997576e-02,2.987324771704713555e-01,1.002381183052504099e+01
7.194773300273028305e+00,7.167440811798734046e+00,-8.199746542288277595e-02,2.923181222547199809e-01,1.002032065683183859e+01
7.193819938597862951e+00,7.167440811798734046e+00,-7.913738039738671404e-02,2.860085025496061917e-01,1.001687112215222086e+01
7.192887264034912853e+00,7.167440811798734046e+00,-7.633935670853642108e-02,2.798023688850292956e-01,1.001346301217649426e+01
7.191974935773179922e+00,7.167440811798734046e+00,-7.360237192333762835e-02,2.736984785198792736e-01,1.001009610659654214e+01
7.191082617122106946e+00,7.167440811798734046e+00,-7.092541597011869925e-02,2.676955953218929096e-01,1.000677017935177560e+01
7.190209975488969008e+00,7.167440811798734046e+00,-6.830749107070488435e-02,2.617924899413814899e-01,1.000348499887067710e+01
7.189356682355717787e+00,7.167440811798734046e+00,-6.574761167095122261e-02,2.559879399753661744e-01,1.000024032830441456e+01
7.188522413255297394e+00,7.167440811798734046e+00,-6.324480436969004415e-02,2.502807301261178452e-01,9.997035925756428298e+00
7.187706847747453054e+00,7.167440811798734046e+00,-6.079810784615702346e-02,2.446696523533020695e-01,9.993871544507145543e+00
7.186909669394059286e+00,7.167440811798734046e+00,-5.840657278597571889e-02,2.391535060181304573e-01,9.990746933232156124e+00
7.186130565733988895e+00,7.167440811798734046e+00,-5.606926180576454755e-02,2.337310980211171341e-01,9.987661836215352196e+00
7.185369228257539653e+00,7.167440811798734046e+00,-5.378524937641682158e-02,2.284012429347725970e-01,9.984615993558357161e+00
7.184625352380446195e+00,7.167440811798734046e+00,-5.155362174513644646e-02,2.231627631280375113e-01,9.981609141382900674e+00
7.183898637417491351e+00,7.167440811798734046e+00,-4.937347685627191396e-02,2.180144888864532504e-01,9.978641012030180946e+00
7.183188786555739114e+00,7.167440811798734046e+00,-4.724392427101520298e-02,2.129552585256710984e-01,9.975711334254656393e+00
7.182495506827412335e+00,7.167440811798734046e+00,-4.516408508603486638e-02,2.079839184980336597e-01,9.972819833412000179e+00
7.181818509082426694e+00,7.167440811798734046e+00,-4.313309185107794264e-02,2.030993234956923743e-01,9.969966231644615817e+00
7.181157507960605813e+00,7.167440811798734046e+00,-4.115008848561529931e-02,1.983003365462643330e-01,9.967150248060649531e+00
7.180512221863590838e+00,7.167440811798734046e+00,-3.921423019457037640e-02,1.935858291044922908e-01,9.964371598909922412e+00
7.179882372926466694e+00,7.167440811798734046e+00,-3.732468338319794299e-02,1.889546811372433410e-01,9.961629997754045007e+00
7.179267686989118324e+00,7.167440811798734046e+00,-3.548062557115283511e-02,1.844057812045107880e-01,9.958925155633359338e+00
7.178667893567332925e+00,7.167440811798734046e+00,-3.368124530579663656e-02,1.799380265356198549e-01,9.956256781229823716e+00
7.178082725823670351e+00,7.167440811798734046e+00,-3.192574207480891602e-02,1.755503230987720542e-01,9.953624581023962747e+00
7.177511920538110601e+00,7.167440811798734046e+00,-3.021332621812966579e-02,1.712415856679250226e-01,9.951028259449795854e+00
7.176955218078496124e+00,7.167440811798734046e+00,-2.854321883928623294e-02,1.670107378843432855e-01,9.948467519045056662e+00
7.176412362370785836e+00,7.167440811798734046e+00,-2.691465171615536889e-02,1.628567123130864047e-01,9.945942060596930645e+00
7.175883100869135056e+00,7.167440811798734046e+00,-2.532686721120303019e-02,1.587784504952338693e-01,9.943451583284030448e+00
7.175367184525812903e+00,7.167440811798734046e+00,-2.377911818123656928e-02,1.547749029966460910e-01,9.940995784815410019e+00
7.174864367760972250e+00,7.167440811798734046e+00,-2.227066788671461239e-02,1.508450294521956891e-01,9.938574361565482462e+00
7.174374408432288241e+00,7.167440811798734046e+00,-2.080078990066258626e-02,1.469877986052026131e-01,9.936187008704539636e+00
7.173897067804474226e+00,7.167440811798734046e+00,-1.936876801722053898e-02,1.432021883442047283e-01,9.933833420326983799e+00
7.173432110518692895e+00,7.167440811798734046e+00,-1.797389615987654565e-02,1.394871857343993327e-01,9.931513289574523284e+00
7.172979304561869718e+00,7.167440811798734046e+00,-1.661547828940701521e-02,1.358417870469530442e-01,9.929226308757545638e+00
7.172538421235922002e+00,7.167440811798734046e+00,-1.529282831156386635e-02,1.322649977843148861e-01,9.926972169472751517e+00
7.172109235126921334e+00,7.167440811798734046e+00,-1.400526998456186334e-02,1.287558327002003011e-01,9.924750562715638935e+00
7.171691524074192081e+00,7.167440811798734046e+00,-1.275213682637410528e-02,1.253133158187758056e-01,9.922561178992403086e+00
7.171285069139362811e+00,7.167440811798734046e+00,-1.153277202188629502e-02,1.219364804487810261e-01,9.920403708426896117e+00
7.170889654575375971e+00,7.167440811798734046e+00,-1.034652832992577487e-02,1.186243691960520152e-01,9.918277840866126738e+00
7.170505067795475362e+00,7.167440811798734046e+00,-9.192767990223948971e-03,1.153760339701825899e-01,9.916183265979960026e+00
7.170131099342173187e+00,7.167440811798734046e+00,-8.070862630317421349e-03,1.121905359906527622e-01,9.914119673360335838e+00
7.169767542856206433e+00,7.167440811798734046e+00,-6.980193172417159531e-03,1.090669457900261818e-01,9.912086752617609520e+00
7.169414195045502147e+00,7.167440811798734046e+00,-5.920149740304303521e-03,1.060043432112856010e-01,9.910084193470982683e+00
7.169070855654144481e+00,7.167440811798734046e+00,-4.890131566231303850e-03,1.030018174072999670e-01,9.908111685841069161e+00
7.168737327431371043e+00,7.167440811798734046e+00,-3.889546897910989287e-03,1.000584668320314563e-01,9.906168919934120964e+00
7.168413416100591462e+00,7.167440811798734046e+00,-2.917812905572247928e-03,9.717339923387413592e-02,9.904255586328302385e+00
7.168098930328444141e+00,7.167440811798734046e+00,-1.974355589130283306e-03,9.434573164419646218e-02,9.902371376055066676e+00
7.167793681693902741e+00,7.167440811798734046e+00,-1.058609685506084475e-03,9.157459036241988315e-02,9.900515980676914296e+00
7.167497484657428863e+00,7.167440811798734046e+00,-1.700185760844519223e-04,8.885911094216325523e-02,9.898689092366080189e+00
7.167210156530191334e+00,7.167440811798734046e+00,6.919658056281363656e-04,8.619843817125882879e-02,9.896890403976886574e+00
7.166931517443352107e+00,7.167440811798734046e+00,1.527883066145818702e-03,8.359172605176823367e-02,9.895119609117914550e+00
7.166661390317424107e+00,7.167440811798734046e+00,2.338264443929816139e-03,8.103813777839974364e-02,9.893376402222330057e+00
7.166399600831718786e+00,7.167440811798734046e+00,3.123632901045780841e-03,7.853684571159647021e-02,9.891660478612642748e+00
7.166145977393874489e+00,7.167440811798734046e+00,3.884503214578671759e-03,7.608703135328909184e-02,9.889971534567868261e+00
7.165900351109486976e+00,7.167440811798734046e+00,4.621382067741208743e-03,7.368788531625369842e-02,9.888309267383995405e+00
7.165662555751837637e+00,7.167440811798734046e+00,5.334768140689227778e-03,7.133860729480190344e-02,9.886673375435492517e+00
7.165432427731731835e+00,7.167440811798734046e+00,6.025152201006633845e-03,6.903840603174060675e-02,9.885063558232747738e+00
7.165209806067449172e+00,7.167440811798734046e+00,6.693017193854622349e-03,6.678649928479885034e-02,9.883479516478654858e+00
7.164994532354814538e+00,7.167440811798734046e+00,7.338838331758523736e-03,6.458211379039013877e-02,9.881920952122149160e+00
7.164786450737392620e+00,7.167440811798734046e+00,7.963083184024277728e-03,6.242448522657539911e-02,9.880387568410601062e+00
7.164585407876811196e+00,7.167440811798734046e+00,8.566211765768549924e-03,6.031285817442721964e-02,9.878879069940197155e+00
7.164391252923223874e+00,7.167440811798734046e+00,9.148676626530516387e-03,5.824648607619664631e-02,9.877395162702727660e+00
7.164203837485906945e+00,7.167440811798734046e+00,9.710922938481303390e-03,5.622463119507870033e-02,9.875935554133560501e+00
7.164023015604003675e+00,7.167440811798734046e+00,1.025338858419111432e-02,5.424656457098109286e-02,9.874499953155172705e+00
7.163848643717416032e+00,7.167440811798734046e+00,1.077650424395404372e-02,5.231156597629293969e-02,9.873088070220248369e+00
7.163680580637850071e+00,7.167440811798734046e+00,1.128069348265192673e-02,5.041892386978830132e-02,9.871699617352440725e+00
7.163518687520019412e+00,7.167440811798734046e+00,1.176637283614390128e-02,4.856793534919745525e-02,9.870334308185341854e+00
7.163362827833006818e+00,7.167440811798734046e+00,1.223395189718168297e-02,4.675790610377816847e-02,9.868991858000960349e+00
7.163212867331794520e+00,7.167440811798734046e+00,1.268383340081857824e-02,4.498815036368952747e-02,9.867671983764509491e+00
7.163068674028958860e+00,7.167440811798734046e+00,1.311641330932555860e-02,4.325799085069803596e-02,9.866374404160023204e+00
7.162930118166539017e+00,7.167440811798734046e+00,1.353208089658508584e-02,4.156675872595272381e-02,9.865098839622538307e+00
7.162797072188081593e+00,7.167440811798734046e+00,1.393121883195735933e-02,3.991379353722734891e-02,9.863845012369186094e+00
7.162669410710861051e+00,7.167440811798734046e+00,1.431420326361898532e-02,3.829844316616259903e-02,9.862612646429781194e+00
7.162547010498283129e+00,7.167440811798734046e+00,1.468140390135275197e-02,3.672006377337666549e-02,9.861401467674729915e+00
7.162429750432472986e+00,7.167440811798734046e+00,1.503318409878318107e-02,3.517801974304290979e-02,9.860211203841826588e+00
7.162317511487047206e+00,7.167440811798734046e+00,1.536990093506052091e-02,3.367168362773398371e-02,9.859041584562795890e+00
7.162210176700077646e+00,7.167440811798734046e+00,1.569190529596919959e-02,3.220043609086786773e-02,9.857892341386836677e+00
7.162107631147247133e+00,7.167440811798734046e+00,1.599954195446073868e-02,3.076366584915390945e-02,9.856763207803615146e+00
7.162009761915197004e+00,7.167440811798734046e+00,1.629314965061112730e-02,2.936076961503886196e-02,9.855653919265650487e+00
7.161916458075072711e+00,7.167440811798734046e+00,1.657306117098400478e-02,2.799115203728774759e-02,9.854564213208272250e+00
7.161827610656269272e+00,7.167440811798734046e+00,1.683960342739432292e-02,2.665422564103181458e-02,9.853493829068426635e+00
7.161743112620372997e+00,7.167440811798734046e+00,1.709309753508314600e-02,2.534941076888230782e-02,9.852442508303965951e+00
7.161662858835307510e+00,7.167440811798734046e+00,1.733385889027960758e-02,2.407613551964615795e-02,9.851409994409927151e+00
7.161586746049682262e+00,7.167440811798734046e+00,1.756219724715535335e-02,2.283383568757457738e-02,9.850396032934730428e+00
7.161514672867350662e+00,7.167440811798734046e+00,1.777841679415015363e-02,2.162195469948002824e-02,9.849400371493629791e+00
7.161446539722168936e+00,7.167440811798734046e+00,1.798281622969533089e-02,2.043994355451772549e-02,9.848422759784213554e+00
7.161382248852965482e+00,7.167440811798734046e+00,1.817568883730569240e-02,1.928726076103615128e-02,9.847462949598341453e+00
7.161321704278721612e+00,7.167440811798734046e+00,1.835732256003730356e-02,1.816337227316111580e-02,9.846520694833198917e+00
7.161264811773961014e+00,7.167440811798734046e+00,1.852800007431909535e-02,1.706775142817917867e-02,9.845595751502498771e+00
7.161211478844350609e+00,7.167440811798734046e+00,1.868799886315031245e-02,1.599987888312170980e-02,9.844687877746272520e+00
7.161161614702514555e+00,7.167440811798734046e+00,1.883759128865847288e-02,1.495924255081604315e-02,9.843796833839475013e+00
7.161115130244063209e+00,7.167440811798734046e+00,1.897704466401251011e-02,1.394533753540372345e-02,9.842922382199416731e+00
7.161071938023831684e+00,7.167440811798734046e+00,1.910662132470708485e-02,1.295766606945747412e-02,9.842064287394165945e+00
7.161031952232339570e+00,7.167440811798734046e+00,1.922657869918342755e-02,1.199573744763426930e-02,9.841222316146819082e+00
7.160995088672462039e+00,7.167440811798734046e+00,1.933716937881602149e-02,1.105906796325939467e-02,9.840396237342076802e+00
7.160961264736318554e+00,7.167440811798734046e+00,1.943864118724647483e-02,1.014718084304533363e-02,9.839585822030292306e+00
7.160930399382378297e+00,7.167440811798734046e+00,1.953123724906724590e-02,9.259606182077106951e-03,9.838790843431144850e+00
7.160902413112781417e+00,7.167440811798734046e+00,1.961519605785788656e-02,8.395880879064065994e-03,9.838011076936922450e+00
7.160877227950877888e+00,7.167440811798734046e+00,1.969075154356847435e-02,7.555548571058778862e-03,9.837246300114628639e+00
7.160854767418985745e+00,7.167440811798734046e+00,1.975813313924490444e-02,6.738159567643009495e-03,9.836496292706888411e+00
7.160834956516364258e+00,7.167440811798734046e+00,1.981756584710936409e-02,5.943270786445964404e-03,9.835760836633555826e+00
7.160817721697406490e+00,7.167440811798734046e+00,1.986927030398266680e-02,5.170445687330271767e-03,9.835039715991314324e+00
7.160802990850047678e+00,7.167440811798734046e+00,1.991346284605910455e-02,4.419254207643774635e-03,9.834332717053703377e+00
7.160790693274393881e+00,7.167440811798734046e+00,1.995035557302049511e-02,3.689272696139056507e-03,9.833639628269160937e+00
7.160780759661567352e+00,7.167440811798734046e+00,1.998015641150008292e-02,2.980083847958781007e-03,9.832960240259460249e+00
7.160773122072766839e+00,7.167440811798734046e+00,2.000306917790162231e-02,2.291276640153938615e-03,9.832294345818056058e+00
7.160767713918548161e+00,7.167440811798734046e+00,2.001929364055765603e-02,1.622446265603372240e-03,9.831641739906160637e+00
7.160764469938319721e+00,7.167440811798734046e+00,2.002902558124297627e-02,9.731940685320239481e-04,9.831002219649775498e+00
7.160763326180056509e+00,7.167440811798734046e+00,2.003245685603260995e-02,3.431274789633675937e-04,9.830375584334996475e+00
7.160764219980226386e+00,7.167440811798734046e+00,2.002977545552298011e-02,-2.681400509629838780e-04,9.829761635404560494e+00
7.160767089943936625e+00,7.167440811798734046e+00,2.002116556439226258e-02,-8.609891130717528540e-04,9.829160176451321007e+00
7.160771875925292740e+00,7.167440811798734046e+00,2.000680762032391868e-02,-1.435794406834389747e-03,9.828571013213490914e+00
7.160778519007969578e+00,7.167440811798734046e+00,1.998687837229340403e-02,-1.992924803051465688e-03,9.827993953569242436e+00
7.160786961486003577e+00,7.167440811798734046e+00,1.996155093819140802e-02,-2.532743410199600476e-03,9.827428807527992305e+00
7.160797146844790184e+00,7.167440811798734046e+00,1.993099486183158575e-02,-3.055607635982227066e-03,9.826875387225850744e+00
7.160809019742299775e+00,7.167440811798734046e+00,1.989537616930281416e-02,-3.561869252877158942e-03,9.826333506916427041e+00
7.160822525990500509e+00,7.167440811798734046e+00,1.985485742470061155e-02,-4.051874460220261653e-03,9.825802982964480847e+00
7.160837612536997909e+00,7.167440811798734046e+00,1.980959778520841041e-02,-4.525963949220113136e-03,9.825283633835988795e+00
7.160854227446878717e+00,7.167440811798734046e+00,1.975975305556598727e-02,-4.984472964242314674e-03,9.824775280091323282e+00
7.160872319884768800e+00,7.167440811798734046e+00,1.970547574189573936e-02,-5.427731367024790643e-03,9.824277744374871446e+00
7.160891840097096228e+00,7.167440811798734046e+00,1.964691510491345383e-02,-5.856063698228552994e-03,9.823790851406684510e+00
7.160912739394564852e+00,7.167440811798734046e+00,1.958421721250758196e-02,-6.269789240587186896e-03,9.823314427971920892e+00
7.160934970134830380e+00,7.167440811798734046e+00,1.951752499171099942e-02,-6.669222079658254643e-03,9.822848302912053242e+00
7.160958485705386956e+00,7.167440811798734046e+00,1.944697828004127160e-02,-7.054671166972781293e-03,9.822392307113069876e+00
7.160983240506655356e+00,7.167440811798734046e+00,1.937271387623606955e-02,-7.426440380520205053e-03,9.821946273495715474e+00
7.161009189935272801e+00,7.167440811798734046e+00,1.929486559038373628e-02,-7.784828585233327658e-03,9.821510037005150906e+00
7.161036290367590595e+00,7.167440811798734046e+00,1.921356429343035188e-02,-8.130129695338439433e-03,9.821083434598092410e+00
7.161064499143368955e+00,7.167440811798734046e+00,1.912893796609527186e-02,-8.462632733508002048e-03,9.820666305232588655e+00
7.161093774549669888e+00,7.167440811798734046e+00,1.904111174719247401e-02,-8.782621890279784793e-03,9.820258489856913187e+00
7.161124075804957023e+00,7.167440811798734046e+00,1.895020798133106865e-02,-9.090376586140536119e-03,9.819859831395191918e+00
7.161155363043383737e+00,7.167440811798734046e+00,1.885634626605092734e-02,-9.386171528014131127e-03,9.819470174738036405e+00
7.161187597299283780e+00,7.167440811798734046e+00,1.875964349835079759e-02,-9.670276770012975476e-03,9.819089366728338319e+00
7.161220740491856418e+00,7.167440811798734046e+00,1.866021392063288431e-02,-9.942957771791327559e-03,9.818717256148842054e+00
7.161254755410044304e+00,7.167440811798734046e+00,1.855816916606922717e-02,-1.020447545636571363e-02,9.818353693709703123e+00
7.161289605697603200e+00,7.167440811798734046e+00,1.845361830339253828e-02,-1.045508626766888938e-02,9.817998532035723258e+00
7.161325255838365322e+00,7.167440811798734046e+00,1.834666788110617119e-02,-1.069504222863670861e-02,9.817651625652469960e+00
7.161361671141692753e+00,7.167440811798734046e+00,1.823742197112387942e-02,-1.092459099822917779e-02,9.817312830972895199e+00
7.161398817728117372e+00,7.167440811798734046e+00,1.812598221185002245e-02,-1.114397592738569642e-02,9.816982006284465712e+00
7.161436662515170859e+00,7.167440811798734046e+00,1.801244785068956134e-02,-1.135343611604611169e-02,9.816659011734643059e+00
7.161475173203397659e+00,7.167440811798734046e+00,1.789691578600915989e-02,-1.155320646804014473e-02,9.816343709317969513e+00
7.161514318262556245e+00,7.167440811798734046e+00,1.777948060853340451e-02,-1.174351774757553812e-02,9.816035962860958364e+00
7.161554066918000672e+00,7.167440811798734046e+00,1.766023464220012329e-02,-1.192459663332812170e-02,9.815735638008872499e+00
7.161594389137245997e+00,7.167440811798734046e+00,1.753926798446414637e-02,-1.209666577359769235e-02,9.815442602210866951e+00
7.161635255616713103e+00,7.167440811798734046e+00,1.741666854606283010e-02,-1.225994384013162630e-02,9.815156724705932589e+00
7.161676637768650266e+00,7.167440811798734046e+00,1.729252209025133880e-02,-1.241464558114913075e-02,9.814877876509102705e+00
7.161718507708238590e+00,7.167440811798734046e+00,1.716691227148636756e-02,-1.256098187649712372e-02,9.814605930394989741e+00
7.161760838240866178e+00,7.167440811798734046e+00,1.703992067360360352e-02,-1.269915978827640402e-02,9.814340760885327697e+00
7.161803602849582617e+00,7.167440811798734046e+00,1.691162684745428635e-02,-1.282938261493171694e-02,9.814082244232523067e+00
7.161846775682722210e+00,7.167440811798734046e+00,1.678210834803550711e-02,-1.295184994187792427e-02,9.813830258406158080e+00
7.161890331541702182e+00,7.167440811798734046e+00,1.665144077109559362e-02,-1.306675769399134879e-02,9.813584683077104742e+00
7.161934245868990523e+00,7.167440811798734046e+00,1.651969778923056964e-02,-1.317429818650239781e-02,9.813345399602727781e+00
7.161978494736239043e+00,7.167440811798734046e+00,1.638695118748501045e-02,-1.327466017455591896e-02,9.813112291012929589e+00
7.162023054832588720e+00,7.167440811798734046e+00,1.625327089843597861e-02,-1.336802890490318418e-02,9.812885241993534180e+00
7.162067903453137596e+00,7.167440811798734046e+00,1.611872503678934976e-02,-1.345458616466288504e-02,9.812664138872126074e+00
7.162113018487573868e+00,7.167440811798734046e+00,1.598337993348053487e-02,-1.353451033088148847e-02,9.812448869602599544e+00
7.162158378408970627e+00,7.167440811798734046e+00,1.584730016929025709e-02,-1.360797641902777855e-02,9.812239323750262088e+00
7.162203962262742252e+00,7.167440811798734046e+00,1.571054860797538311e-02,-1.367515613148739817e-02,9.812035392476488482e+00
7.162249749655761555e+00,7.167440811798734046e+00,1.557318642891747373e-02,-1.373621790579093727e-02,9.811836968523127922e+00
7.162295720745633254e+00,7.167440811798734046e+00,1.543527315930237620e-02,-1.379132696150975335e-02,9.811643946197794008e+00
7.162341856230124648e+00,7.167440811798734046e+00,1.529686670582819374e-02,-1.384064534741824559e-02,9.811456221358410446e+00
7.162388137336751726e+00,7.167440811798734046e+00,1.515802338594696153e-02,-1.388433198812322189e-02,9.811273691397824237e+00
7.162434545812518039e+00,7.167440811798734046e+00,1.501879795864802247e-02,-1.392254272989390529e-02,9.811096255228754615e+00
7.162481063913807233e+00,7.167440811798734046e+00,1.487924365478043853e-02,-1.395543038675839398e-02,9.810923813268022542e+00
7.162527674396423905e+00,7.167440811798734046e+00,1.473941220693042453e-02,-1.398314478500140012e-02,9.810756267421929522e+00
7.162574360505782778e+00,7.167440811798734046e+00,1.459935387885380464e-02,-1.400583280766198868e-02,9.810593521071192313e+00
7.162621105967248880e+00,7.167440811798734046e+00,1.445911749445549788e-02,-1.402363843983067682e-02,9.810435479054625318e+00
7.162667894976619820e+00,7.167440811798734046e+00,1.431875046634267790e-02,-1.403670281128199804e-02,9.810282047655061177e+00
7.162714712190756394e+00,7.167440811798734046e+00,1.417829882393295549e-02,-1.404516424097224103e-02,9.810133134582962100e+00
7.162761542718351748e+00,7.167440811798734046e+00,1.403780724114689349e-02,-1.404915827860619970e-02,9.809988648962541191e+00
7.162808372110842647e+00,7.167440811798734046e+00,1.389731906367419612e-02,-1.404881774726973731e-02,9.809848501316405844e+00
7.162855186353465520e+00,7.167440811798734046e+00,1.375687633580557900e-02,-1.404427278686171121e-02,9.809712603548945253e+00
7.162901971856443062e+00,7.167440811798734046e+00,1.361651982687295259e-02,-1.403565089326264115e-02,9.809580868933611697e+00
7.162948715446313841e+00,7.167440811798734046e+00,1.347628905726061532e-02,-1.402307696123372693e-02,9.809453212096027386e+00
7.162995404357394236e+00,7.167440811798734046e+00,1.333622232401943108e-02,-1.400667332411842381e-02,9.809329548999901505e+00
7.163042026223375380e+00,7.167440811798734046e+00,1.319635672607599730e-02,-1.398655979434337837e-02,9.809209796931732228e+00
7.163088569069048894e+00,7.167440811798734046e+00,1.305672818905545540e-02,-1.396285370205418985e-02,9.809093874487000875e+00
7.163135021302171168e+00,7.167440811798734046e+00,1.291737148968863380e-02,-1.393566993668216014e-02,9.808981701553006971e+00
7.163181371705449330e+00,7.167440811798734046e+00,1.277832027985414953e-02,-1.390512098344842684e-02,9.808873199296407108e+00
7.163227609428656883e+00,7.167440811798734046e+00,1.263960711023148775e-02,-1.387131696226617805e-02,9.808768290147966695e+00
7.163273723980879026e+00,7.167440811798734046e+00,1.250126345356505908e-02,-1.383436566664286715e-02,9.808666897786922689e+00
7.163319705222879641e+00,7.167440811798734046e+00,1.236331972756321562e-02,-1.379437260018434586e-02,9.808568947127380255e+00
7.163365543359593524e+00,7.167440811798734046e+00,1.222580531742156751e-02,-1.375144101416481135e-02,9.808474364303258142e+00
7.163411228932737629e+00,7.167440811798734046e+00,1.208874859798925172e-02,-1.370567194323157878e-02,9.808383076654758170e+00
7.163456752813547546e+00,7.167440811798734046e+00,1.195217695555950144e-02,-1.365716424297502840e-02,9.808295012712584082e+00
7.163502106195628549e+00,7.167440811798734046e+00,1.181611680931649033e-02,-1.360601462430111042e-02,9.808210102185014989e+00
7.163547280587927446e+00,7.167440811798734046e+00,1.168059363241980009e-02,-1.355231768966902450e-02,9.808128275942751273e+00
7.163592267807820768e+00,7.167440811798734046e+00,1.154563197273983377e-02,-1.349616596799663171e-02,9.808049466004742811e+00
7.163637059974314880e+00,7.167440811798734046e+00,1.141125547325749778e-02,-1.343764994823359871e-02,9.807973605525024396e+00
7.163681649501361548e+00,7.167440811798734046e+00,1.127748689211749422e-02,-1.337685811400035618e-02,9.807900628778117635e+00
7.163726029091286307e+00,7.167440811798734046e+00,1.114434812234321726e-02,-1.331387697742769660e-02,9.807830471144916018e+00
7.163770191728325187e+00,7.167440811798734046e+00,1.101186021122657621e-02,-1.324879111166410439e-02,9.807763069099562969e+00
7.163814130672274239e+00,7.167440811798734046e+00,1.088004337937942267e-02,-1.318168318471535372e-02,9.807698360194663678e+00
7.163857839452242970e+00,7.167440811798734046e+00,1.074891703947322696e-02,-1.311263399061957102e-02,9.807636283048854153e+00
7.163901311860516152e+00,7.167440811798734046e+00,1.061849981465368131e-02,-1.304172248195456518e-02,9.807576777332698725e+00
7.163944541946522193e+00,7.167440811798734046e+00,1.048880955663555881e-02,-1.296902580181225062e-02,9.807519783754823806e+00
7.163987524010904551e+00,7.167440811798734046e+00,1.035986336348848624e-02,-1.289461931470725631e-02,9.807465244048781727e+00
7.164030252599691728e+00,7.167440811798734046e+00,1.023167759712695357e-02,-1.281857663615326715e-02,9.807413100960975072e+00
7.164072722498574741e+00,7.167440811798734046e+00,1.010426790047791457e-02,-1.274096966490390059e-02,9.807363298235575400e+00
7.164114928727281395e+00,7.167440811798734046e+00,9.977649214357953156e-03,-1.266186861199614100e-02,9.807315780602362310e+00
7.164156866534048262e+00,7.167440811798734046e+00,9.851835794057350881e-03,-1.258134203006022744e-02,9.807270493763997621e+00
7.164198531390191249e+00,7.167440811798734046e+00,9.726841225628390930e-03,-1.249945684289599512e-02,9.807227384382732893e+00
7.164239918984772970e+00,7.167440811798734046e+00,9.602678441883227833e-03,-1.241627837451630967e-02,9.807186400067367416e+00
7.164281025219360721e+00,7.167440811798734046e+00,9.479359738119974566e-03,-1.233187037632532679e-02,9.807147489361796033e+00
7.164321846202884814e+00,7.167440811798734046e+00,9.356896787547697159e-03,-1.224629505722774070e-02,9.807110601730320454e+00
7.164362378246582175e+00,7.167440811798734046e+00,9.235300656455613932e-03,-1.215961310920832261e-02,9.807075687547246901e+00
7.164402617859034095e+00,7.167440811798734046e+00,9.114581819099853988e-03,-1.207188373557599448e-02,9.807042698083524357e+00
7.164442561741294568e+00,7.167440811798734046e+00,8.994750172318433101e-03,-1.198316467814208863e-02,9.807011585494176842e+00
7.164482206782104790e+00,7.167440811798734046e+00,8.875815049887769703e-03,-1.189351224306633981e-02,9.806982302806822815e+00
7.164521550053195575e+00,7.167440811798734046e+00,8.757785236615411861e-03,-1.180298132723578419e-02,9.806954803909381013e+00
7.164560588804676833e+00,7.167440811798734046e+00,8.640668982171639811e-03,-1.171162544437720499e-02,9.806929043537795820e+00
7.164599320460512288e+00,7.167440811798734046e+00,8.524474014665273103e-03,-1.161949675063667087e-02,9.806904977264029100e+00
7.164637742614074156e+00,7.167440811798734046e+00,8.409207553979669569e-03,-1.152664606856035334e-02,9.806882561485419814e+00
7.164675853023783958e+00,7.167440811798734046e+00,8.294876324850264382e-03,-1.143312291294051875e-02,9.806861753411910243e+00
7.164713649608835055e+00,7.167440811798734046e+00,8.181486569696971856e-03,-1.133897551532925263e-02,9.806842511054368217e+00
7.164751130444991567e+00,7.167440811798734046e+00,8.069044061227437226e-03,-1.124425084695346300e-02,9.806824793214275360e+00
7.164788293760469884e+00,7.167440811798734046e+00,7.957554114792486644e-03,-1.114899464349505820e-02,9.806808559471297926e+00
7.164825137931894794e+00,7.167440811798734046e+00,7.847021600517756212e-03,-1.105325142747304312e-02,9.806793770173044322e+00
7.164861661480337318e+00,7.167440811798734046e+00,7.737450955190183777e-03,-1.095706453275724357e-02,9.806780386422433438e+00
7.164897863067421824e+00,7.167440811798734046e+00,7.628846193936666964e-03,-1.086047612535168128e-02,9.806768370068585483e+00
7.164933741491513963e+00,7.167440811798734046e+00,7.521210921660248516e-03,-1.076352722764184477e-02,9.806757683694019789e+00
7.164969295683975226e+00,7.167440811798734046e+00,7.414548344276461478e-03,-1.066625773837870383e-02,9.806748290605899143e+00
7.165004524705496536e+00,7.167440811798734046e+00,7.308861279712530745e-03,-1.056870645639307327e-02,9.806740154823319955e+00
7.165039427742500244e+00,7.167440811798734046e+00,7.204152168701405401e-03,-1.047091110111253442e-02,9.806733241067590257e+00
7.165074004103611394e+00,7.167440811798734046e+00,7.100423085367957299e-03,-1.037290833334481022e-02,9.806727514752022756e+00
7.165108253216197376e+00,7.167440811798734046e+00,6.997675747610010433e-03,-1.027473377579468661e-02,9.806722941971816709e+00
7.165142174622980420e+00,7.167440811798734046e+00,6.895911527260878415e-03,-1.017642203491320174e-02,9.806719489492348174e+00
7.165175767978713139e+00,7.167440811798734046e+00,6.795131460062719952e-03,-1.007800671981584628e-02,9.806717124740247371e+00
7.165209033046919807e+00,7.167440811798734046e+00,6.695336255442718709e-03,-9.979520462000124326e-03,9.806715815793442204e+00
7.165241969696706015e+00,7.167440811798734046e+00,6.596526306084093960e-03,-9.880994935862474904e-03,9.806715531370223005e+00
7.165274577899628738e+00,7.167440811798734046e+00,6.498701697315922843e-03,-9.782460876817111739e-03,9.806716240820499308e+00
7.165306857726633893e+00,7.167440811798734046e+00,6.401862216300457931e-03,-9.683948101546491216e-03,9.806717914114754464e+00
7.165338809345049853e+00,7.167440811798734046e+00,6.306007361052579085e-03,-9.585485524787884515e-03,9.806720521836265192e+00
7.165370433015650242e+00,7.167440811798734046e+00,6.211136349251411559e-03,-9.487101180116752630e-03,9.806724035169136044e+00
7.165401729089767358e+00,7.167440811798734046e+00,6.117248126900065586e-03,-9.388822235134597349e-03,9.806728425891765966e+00
7.165432698006473089e+00,7.167440811798734046e+00,6.024341376782871293e-03,-9.290675011719429222e-03,9.806733666365063939e+00
7.165463340289815797e+00,7.167440811798734046e+00,5.932414526754747897e-03,-9.192685002812339690e-03,9.806739729523943794e+00
7.165493656546110479e+00,7.167440811798734046e+00,5.841465757870700770e-03,-9.094876888404712645e-03,9.806746588869465597e+00
7.165523647461292001e+00,7.167440811798734046e+00,5.751493012326136522e-03,-8.997274554456424767e-03,9.806754218457870209e+00
7.165553313798319834e+00,7.167440811798734046e+00,5.662494001242635022e-03,-8.899901108350150025e-03,9.806762592892892982e+00
7.165582656394636984e+00,7.167440811798734046e+00,5.574466212291184775e-03,-8.802778895145024762e-03,9.806771687317146657e+00
7.165611676159685750e+00,7.167440811798734046e+00,5.487406917144888041e-03,-8.705929514629673349e-03,9.806781477402516600e+00
7.165640374072475005e+00,7.167440811798734046e+00,5.401313178777122914e-03,-8.609373836776512690e-03,9.806791939342001996e+00
7.165668751179198104e+00,7.167440811798734046e+00,5.316181858607826882e-03,-8.513132016929603196e-03,9.806803049841679609e+00
7.165696808590905853e+00,7.167440811798734046e+00,5.232009623484579208e-03,-8.417223512324767398e-03,9.806814786111161197e+00
7.165724547481223894e+00,7.167440811798734046e+00,5.148792952530456546e-03,-8.321667095412266235e-03,9.806827125857118688e+00
7.165751969084127815e+00,7.167440811798734046e+00,5.066528143818693763e-03,-8.226480871176278242e-03,9.806840047272643801e+00
7.165779074691759121e+00,7.167440811798734046e+00,4.985211320924776146e-03,-8.131682289391761742e-03,9.806853529031533512e+00
7.165805865652293605e+00,7.167440811798734046e+00,4.904838439321324017e-03,-8.037288160345212873e-03,9.806867550278976609e+00
7.165832343367855906e+00,7.167440811798734046e+00,4.825405292634421528e-03,-7.943314668690248936e-03,9.806882090623943782e+00
7.165858509292481138e+00,7.167440811798734046e+00,4.746907518758725075e-03,-7.849777387569645271e-03,9.806897130131190465e+00
7.165884364930119155e+00,7.167440811798734046e+00,4.669340605844674030e-03,-7.756691291405104494e-03,9.806912649314440955e+00
7.165909911832688550e+00,7.167440811798734046e+00,4.592699898136487491e-03,-7.664070770818653955e-03,9.806928629127318331e+00
7.165935151598170627e+00,7.167440811798734046e+00,4.516980601690256947e-03,-7.571929644623054401e-03,9.806945050957068588e+00
7.165960085868748664e+00,7.167440811798734046e+00,4.442177789956147649e-03,-7.480281173410929796e-03,9.806961896616545715e+00
7.165984716328988036e+00,7.167440811798734046e+00,4.368286409238031354e-03,-7.389138071811629516e-03,9.806979148337426011e+00
7.166009044704061637e+00,7.167440811798734046e+00,4.295301284017227772e-03,-7.298512522080358167e-03,9.806996788761937367e+00
7.166033072758010825e+00,7.167440811798734046e+00,4.223217122169664606e-03,-7.208416184756316625e-03,9.807014800937412957e+00
7.166056802292054329e+00,7.167440811798734046e+00,4.152028520039152681e-03,-7.118860213051192432e-03,9.807033168306988458e+00
7.166080235142928245e+00,7.167440811798734046e+00,4.081729967417402349e-03,-7.029855262175033204e-03,9.807051874705242867e+00
7.166103373181273106e+00,7.167440811798734046e+00,4.012315852382819514e-03,-6.941411503458283505e-03,9.807070904348925922e+00
7.166126218310052032e+00,7.167440811798734046e+00,3.943780466046042932e-03,-6.853538633677658254e-03,9.807090241832369770e+00
7.166148772463014183e+00,7.167440811798734046e+00,3.876118007159590206e-03,-6.766245888645272544e-03,9.807109872118514815e+00
7.166171037603188410e+00,7.167440811798734046e+00,3.809322586636909591e-03,-6.679542052268061525e-03,9.807129780534369345e+00
7.166193015721415982e+00,7.167440811798734046e+00,3.743388231954192236e-03,-6.593435468271735544e-03,9.807149952763683842e+00
7.166214708834920621e+00,7.167440811798734046e+00,3.678308891440273953e-03,-6.507934051391828234e-03,9.807170374840048055e+00
7.166236118985908732e+00,7.167440811798734046e+00,3.614078438475942789e-03,-6.423045296433116391e-03,9.807191033142043324e+00
7.166257248240211375e+00,7.167440811798734046e+00,3.550690675568013432e-03,-6.338776290792935697e-03,9.807211914384776463e+00
7.166278098685952003e+00,7.167440811798734046e+00,3.488139338346130103e-03,-6.255133722188332968e-03,9.807233005616158295e+00
7.166298672432254158e+00,7.167440811798734046e+00,3.426418099439665355e-03,-6.172123890646474820e-03,9.807254294208792800e+00
7.166318971607977595e+00,7.167440811798734046e+00,3.365520572269353750e-03,-6.089752717031160500e-03,9.807275767855237802e+00
7.166338998360486379e+00,7.167440811798734046e+00,3.305440314743002261e-03,-6.008025752635148820e-03,9.807297414562107463e+00
7.166358754854451618e+00,7.167440811798734046e+00,3.246170832847283805e-03,-5.926948189571845660e-03,9.807319222643275936e+00
7.166378243270680848e+00,7.167440811798734046e+00,3.187705584159594707e-03,-5.846524868768909755e-03,9.807341180715390294e+00
7.166397465804982048e+00,7.167440811798734046e+00,3.130037981255995305e-03,-5.766760290359940200e-03,9.807363277690896552e+00
7.166416424667052532e+00,7.167440811798734046e+00,3.073161395044543553e-03,-5.687658621145175175e-03,9.807385502773900754e+00
7.166435122079399811e+00,7.167440811798734046e+00,3.017069158002705365e-03,-5.609223704183818882e-03,9.807407845453820272e+00
7.166453560276292656e+00,7.167440811798734046e+00,2.961754567324170750e-03,-5.531459067853461420e-03,9.807430295499472095e+00
7.166471741502735249e+00,7.167440811798734046e+00,2.907210887996392046e-03,-5.454367932777870465e-03,9.807452842955218131e+00
7.166489668013473313e+00,7.167440811798734046e+00,2.853431355782198864e-03,-5.377953221419318197e-03,9.807475478134364266e+00
7.166507342072025111e+00,7.167440811798734046e+00,2.800409180126806064e-03,-5.302217565539280031e-03,9.807498191614588023e+00
7.166524765949738196e+00,7.167440811798734046e+00,2.748137546987550195e-03,-5.227163313925586863e-03,9.807520974233062461e+00
7.166541941924874592e+00,7.167440811798734046e+00,2.696609621578360816e-03,-5.152792540918937902e-03,9.807543817080659920e+00
7.166558872281719061e+00,7.167440811798734046e+00,2.645818551044953892e-03,-5.079107053340692346e-03,9.807566711497704759e+00
7.166575559309713128e+00,7.167440811798734046e+00,2.595757467062753676e-03,-5.006108398220021627e-03,9.807589649068843229e+00
7.166592005302613977e+00,7.167440811798734046e+00,2.546419488360207595e-03,-4.933797870254608142e-03,9.807612621618105209e+00
7.166608212557677327e+00,7.167440811798734046e+00,2.497797723170158690e-03,-4.862176519004890451e-03,9.807635621204166654e+00
7.166624183374860735e+00,7.167440811798734046e+00,2.449885271619933746e-03,-4.791245155022494373e-03,9.807658640116597937e+00
7.166639920056056212e+00,7.167440811798734046e+00,2.402675228033501753e-03,-4.721004358643199339e-03,9.807681670869390800e+00
7.166655424904337934e+00,7.167440811798734046e+00,2.356160683188335270e-03,-4.651454484516648336e-03,9.807704706198672184e+00
7.166670700223240154e+00,7.167440811798734046e+00,2.310334726481677592e-03,-4.582595670665767784e-03,9.807727739055817295e+00
7.166685748316047544e+00,7.167440811798734046e+00,2.265190448059506423e-03,-4.514427842217116904e-03,9.807750762605841999e+00
7.166700571485115745e+00,7.167440811798734046e+00,2.220720940854903347e-03,-4.446950720460307593e-03,9.807773770220395093e+00
7.166715172031206116e+00,7.167440811798734046e+00,2.176919302583790738e-03,-4.380163827111260844e-03,9.807796755475472139e+00
7.166729552252843582e+00,7.167440811798734046e+00,2.133778637671390754e-03,-4.314066491239998413e-03,9.807819712146432778e+00
7.166743714445695801e+00,7.167440811798734046e+00,2.091292059114735480e-03,-4.248657855665527450e-03,9.807842634203449705e+00
7.166757660901968308e+00,7.167440811798734046e+00,2.049452690297215440e-03,-4.183936881752003956e-03,9.807865515808545709e+00
7.166771393909821875e+00,7.167440811798734046e+00,2.008253666736514731e-03,-4.119902356070070937e-03,9.807888351310666053e+00
7.166784915752806739e+00,7.167440811798734046e+00,1.967688137781919977e-03,-4.056552895459475394e-03,9.807911135242322942e+00
7.166798228709315488e+00,7.167440811798734046e+00,1.927749268255674053e-03,-3.993886952624592368e-03,9.807933862315632467e+00
7.166811335052055476e+00,7.167440811798734046e+00,1.888430240035710028e-03,-3.931902821996402508e-03,9.807956527418038917e+00
7.166824237047538126e+00,7.167440811798734046e+00,1.849724253587758938e-03,-3.870598644795109067e-03,9.807979125608792259e+00
7.166836936955581550e+00,7.167440811798734046e+00,1.811624529457489530e-03,-3.809972413026940785e-03,9.808001652116431046e+00
7.166849437028836256e+00,7.167440811798734046e+00,1.774124309693370094e-03,-3.750021976411943569e-03,9.808024102333281036e+00
7.166861739512324192e+00,7.167440811798734046e+00,1.737216859229562260e-03,-3.690745046380783378e-03,9.808046471812849276e+00
7.166873846642993762e+00,7.167440811798734046e+00,1.700895467220853163e-03,-3.632139200870909690e-03,9.808068756266351329e+00
7.166885760649289949e+00,7.167440811798734046e+00,1.665153448332290509e-03,-3.574201888856265441e-03,9.808090951559476522e+00
7.166897483750742204e+00,7.167440811798734046e+00,1.629984143975526933e-03,-3.516930435676357547e-03,9.808113053708300555e+00
7.166909018157564759e+00,7.167440811798734046e+00,1.595380923507860871e-03,-3.460322046766606263e-03,9.808135058876741752e+00
7.166920366070275605e+00,7.167440811798734046e+00,1.561337185375322179e-03,-3.404373813253869230e-03,9.808156963372121950e+00
7.166931529679323454e+00,7.167440811798734046e+00,1.527846358231776946e-03,-3.349082714354523205e-03,9.808178763643876863e+00
7.166942511164735130e+00,7.167440811798734046e+00,1.494901901996747995e-03,-3.294445623502895160e-03,9.808200456278495238e+00
7.166953312695775402e+00,7.167440811798734046e+00,1.462497308875931878e-03,-3.240459312081611642e-03,9.808222037996795706e+00
7.166963936430614801e+00,7.167440811798734046e+00,1.430626104357735073e-03,-3.187120451819680511e-03,9.808243505652537664e+00
7.166974384516019647e+00,7.167440811798734046e+00,1.399281848143196783e-03,-3.134425621453829081e-03,9.808264856226688977e+00
7.166984659087047405e+00,7.167440811798734046e+00,1.368458135059924530e-03,-3.082371308327225279e-03,9.808286086826733197e+00
7.166994762266757135e+00,7.167440811798734046e+00,1.338148595930732654e-03,-3.030953912919187587e-03,9.808307194683012042e+00
7.167004696165935940e+00,7.167440811798734046e+00,1.308346898394319169e-03,-2.980169753641348507e-03,9.808328177144753468e+00
7.167014462882828951e+00,7.167440811798734046e+00,1.279046747715284482e-03,-2.930015067903468662e-03,9.808349031679812313e+00
7.167024064502889757e+00,7.167440811798734046e+00,1.250241887532865803e-03,-2.880486018241867896e-03,9.808369755869291495e+00
7.167033503098537928e+00,7.167440811798734046e+00,1.221926100588355268e-03,-2.831578694451053479e-03,9.808390347406138687e+00
7.167042780728926310e+00,7.167440811798734046e+00,1.194093209423208179e-03,-2.783289116514708894e-03,9.808410804092908108e+00
7.167051899439724316e+00,7.167440811798734046e+00,1.166737077029189606e-03,-2.735613239401857300e-03,9.808431123837628718e+00
7.167060861262905647e+00,7.167440811798734046e+00,1.139851607485198315e-03,-2.688546954399129163e-03,9.808451304653086567e+00
7.167069668216552891e+00,7.167440811798734046e+00,1.113430746543464522e-03,-2.642086094173379252e-03,9.808471344652371471e+00
7.167078322304664795e+00,7.167440811798734046e+00,1.087468482207754050e-03,-2.596226433571047210e-03,9.808491242048637204e+00
7.167086825516981285e+00,7.167440811798734046e+00,1.061958845258281769e-03,-2.550963694947228078e-03,9.808510995150310663e+00
7.167095179828812945e+00,7.167440811798734046e+00,1.036895909763302370e-03,-2.506293549497939921e-03,9.808530602360265860e+00
7.167103387200881137e+00,7.167440811798734046e+00,1.012273793558726709e-03,-2.462211620457566141e-03,9.808550062173100770e+00
7.167111449579166127e+00,7.167440811798734046e+00,9.880866587037573368e-04,-2.418713485496937210e-03,9.808569373173206429e+00
7.167119368894768527e+00,7.167440811798734046e+00,9.643287118965560012e-04,-2.375794680720133556e-03,9.808588534031176920e+00
7.167127147063774295e+00,7.167440811798734046e+00,9.409942048792530045e-04,-2.333450701730299670e-03,9.808607543503150339e+00
7.167134785987130385e+00,7.167440811798734046e+00,9.180774348109821403e-04,-2.291677006827086416e-03,9.808626400427984393e+00
7.167142287550529289e+00,7.167440811798734046e+00,8.955727446142702775e-04,-2.250469019671186288e-03,9.808645103724943581e+00
7.167149653624300676e+00,7.167440811798734046e+00,8.734745233001106612e-04,-2.209822131415961621e-03,9.808663652391885535e+00
7.167156886063311028e+00,7.167440811798734046e+00,8.517772062690553980e-04,-2.169731703105526321e-03,9.808682045503164915e+00
7.167163986706872159e+00,7.167440811798734046e+00,8.304752755856625868e-04,-2.130193068339281126e-03,9.808700282207247767e+00
7.167170957378653284e+00,7.167440811798734046e+00,8.095632602422853097e-04,-2.091201534337727708e-03,9.808718361725905055e+00
7.167177799886607303e+00,7.167440811798734046e+00,7.890357363802280588e-04,-2.052752386205725088e-03,9.808736283350175000e+00
7.167184516022896190e+00,7.167440811798734046e+00,7.688873275135676977e-04,-2.014840886666036113e-03,9.808754046440848029e+00
7.167191107563829711e+00,7.167440811798734046e+00,7.491127047130063943e-04,-1.977462280056130339e-03,9.808771650424656485e+00
7.167197576269805026e+00,7.167440811798734046e+00,7.297065867870600187e-04,-1.940611792594637564e-03,9.808789094794192920e+00
7.167203923885260508e+00,7.167440811798734046e+00,7.106637404206139763e-04,-1.904284636644604234e-03,9.808806379103776507e+00
7.167210152138626000e+00,7.167440811798734046e+00,6.919789803241371828e-04,-1.868476009647679348e-03,9.808823502970676955e+00
7.167216262742288180e+00,7.167440811798734046e+00,6.736471693375989389e-04,-1.833181098653824392e-03,9.808840466070684272e+00
7.167222257392557694e+00,7.167440811798734046e+00,6.556632185290567350e-04,-1.798395080854220396e-03,9.808857268137675334e+00
7.167228137769640739e+00,7.167440811798734046e+00,6.380220872799213794e-04,-1.764113124913535557e-03,9.808873908962366883e+00
7.167233905537620409e+00,7.167440811798734046e+00,6.207187833409122391e-04,-1.730330393900914032e-03,9.808890388389439607e+00
7.167239562344438930e+00,7.167440811798734046e+00,6.037483628853479445e-04,-1.697042045556429457e-03,9.808906706317330304e+00
7.167245109821889670e+00,7.167440811798734046e+00,5.871059305331272071e-04,-1.664243235222073736e-03,9.808922862695311551e+00
7.167250549585609143e+00,7.167440811798734046e+00,5.707866393747096367e-04,-1.631929115841757039e-03,9.808938857523532562e+00
7.167255883235081448e+00,7.167440811798734046e+00,5.547856909577930651e-04,-1.600094841691657166e-03,9.808954690849265745e+00
7.167261112353638275e+00,7.167440811798734046e+00,5.390983352873135459e-04,-1.568735567047951918e-03,9.808970362768238971e+00
7.167266238508472220e+00,7.167440811798734046e+00,5.237198707854773261e-04,-1.537846450183621982e-03,9.808985873420603241e+00
7.167271263250648339e+00,7.167440811798734046e+00,5.086456442571218872e-04,-1.507422652835543886e-03,9.809001222991422964e+00
7.167276188115123681e+00,7.167440811798734046e+00,4.938710508310961700e-04,-1.477459342602571724e-03,9.809016411708228134e+00
7.167281014620769497e+00,7.167440811798734046e+00,4.793915338936471926e-04,-1.447951693744897739e-03,9.809031439840149247e+00
7.167285744270399661e+00,7.167440811798734046e+00,4.652025850031549226e-04,-1.418894889049227004e-03,9.809046307695954425e+00
7.167290378550799090e+00,7.167440811798734046e+00,4.512997438048671484e-04,-1.390284119828777420e-03,9.809061015623976587e+00
7.167294918932761050e+00,7.167440811798734046e+00,4.376785979189889986e-04,-1.362114588587814978e-03,9.809075564009331671e+00
7.167299366871123567e+00,7.167440811798734046e+00,4.243347828314369963e-04,-1.334381508755200230e-03,9.809089953274076734e+00
7.167303723804813842e+00,7.167440811798734046e+00,4.112639817606122961e-04,-1.307080107082470022e-03,9.809104183874678640e+00
7.167307991156891767e+00,7.167440811798734046e+00,3.984619255268384563e-04,-1.280205623377383972e-03,9.809118256302149064e+00
7.167312170334599664e+00,7.167440811798734046e+00,3.859243924031474648e-04,-1.253753312369099149e-03,9.809132171080033658e+00
7.167316262729415577e+00,7.167440811798734046e+00,3.736472079554076231e-04,-1.227718444773984174e-03,9.809145928763182809e+00
7.167320269717108339e+00,7.167440811798734046e+00,3.616262448771223603e-04,-1.202096307828526278e-03,9.809159529937048205e+00
7.167324192657794413e+00,7.167440811798734046e+00,3.498574228188999768e-04,-1.176882205822238348e-03,9.809172975216997159e+00
7.167328032896001844e+00,7.167440811798734046e+00,3.383367081966071055e-04,-1.152071462229287135e-03,9.809186265245967817e+00
7.167331791760734205e+00,7.167440811798734046e+00,3.270601139995221729e-04,-1.127659419708493260e-03,9.809199400694291526e+00
7.167335470565536326e+00,7.167440811798734046e+00,3.160236995931597903e-04,-1.103641440636238258e-03,9.809212382258957419e+00
7.167339070608563567e+00,7.167440811798734046e+00,3.052235705114370035e-04,-1.080012908172278685e-03,9.809225210662340544e+00
7.167342593172657317e+00,7.167440811798734046e+00,2.946558782301877955e-04,-1.056769228124920801e-03,9.809237886650105764e+00
7.167346039525416046e+00,7.167440811798734046e+00,2.843168199540002661e-04,-1.033905827618752937e-03,9.809250410992335745e+00
7.167349410919274355e+00,7.167440811798734046e+00,2.742026383790729938e-04,-1.011418157492727232e-03,9.809262784480885955e+00
7.167352708591580246e+00,7.167440811798734046e+00,2.643096214614004680e-04,-9.893016917672525778e-04,9.809275007929695533e+00
7.167355933764679499e+00,7.167440811798734046e+00,2.546341021636422397e-04,-9.675519297758228277e-04,9.809287082172389205e+00
7.167359087645995608e+00,7.167440811798734046e+00,2.451724582153147480e-04,-9.461643948327491671e-04,9.809299008063383951e+00
7.167362171428118600e+00,7.167440811798734046e+00,2.359211118463377943e-04,-9.251346368976953727e-04,9.809310786474949140e+00
7.167365186288888523e+00,7.167440811798734046e+00,2.268765295365682277e-04,-9.044582309769566564e-04,9.809322418298560109e+00
7.167368133391488705e+00,7.167440811798734046e+00,2.180352217360237432e-04,-8.841307800544484508e-04,9.809333904441682961e+00
7.167371013884532793e+00,7.167440811798734046e+00,2.093937426037584260e-04,-8.641479132265317276e-04,9.809345245829376836e+00
7.167373828902159794e+00,7.167440811798734046e+00,2.009486897227574786e-04,-8.445052881000947309e-04,9.809356443401622272e+00
7.167376579564127326e+00,7.167440811798734046e+00,1.926967038201610194e-04,-8.251985902596459255e-04,9.809367498113561012e+00
7.167379266975905772e+00,7.167440811798734046e+00,1.846344684848233442e-04,-8.062235335337675224e-04,9.809378410934950665e+00
7.167381892228777751e+00,7.167440811798734046e+00,1.767587098688849778e-04,-7.875758615938366347e-04,9.809389182848274658e+00
7.167384456399934933e+00,7.167440811798734046e+00,1.690661963973383308e-04,-7.692513471546646997e-04,9.809399814849243171e+00
7.167386960552576625e+00,7.167440811798734046e+00,1.615537384722642855e-04,-7.512457925074045306e-04,9.809410307945965357e+00
7.167389405736012797e+00,7.167440811798734046e+00,1.542181881637461061e-04,-7.335550308518179463e-04,9.809420663157311537e+00
7.167391792985765342e+00,7.167440811798734046e+00,1.470564389061124189e-04,-7.161749257633687193e-04,9.809430881513144129e+00
7.167394123323669319e+00,7.167440811798734046e+00,1.400654251941801931e-04,-6.991013711932225760e-04,9.809440964054001455e+00
7.167396397757978654e+00,7.167440811798734046e+00,1.332421222661750448e-04,-6.823302928005148260e-04,9.809450911829465269e+00
7.167398617283470941e+00,7.167440811798734046e+00,1.265835457893160765e-04,-6.658576476858968363e-04,9.809460725898103917e+00
7.167400782881553134e+00,7.167440811798734046e+00,1.200867515427361809e-04,-6.496794246579895571e-04,9.809470407326884356e+00
7.167402895520367245e+00,7.167440811798734046e+00,1.137488351004023457e-04,-6.337916442333835221e-04,9.809479957190866628e+00
7.167404956154900475e+00,7.167440811798734046e+00,1.075669315007132809e-04,-6.181903599689064777e-04,9.809489376571532304e+00
7.167406965727090906e+00,7.167440811798734046e+00,1.015382149294197234e-04,-6.028716571293557536e-04,9.809498666557800561e+00
7.167408925165937639e+00,7.167440811798734046e+00,9.565989838922206445e-05,-5.878316540197658924e-04,9.809507828244370842e+00
7.167410835387608259e+00,7.167440811798734046e+00,8.992923337736158373e-05,-5.730665011860480718e-04,9.809516862732191811e+00
7.167412697295552526e+00,7.167440811798734046e+00,8.434350954455993588e-05,-5.585723832801647859e-04,9.809525771126264004e+00
7.167414511780608954e+00,7.167440811798734046e+00,7.890005437527491949e-05,-5.443455169285016382e-04,9.809534554537446382e+00
7.167416279721119388e+00,7.167440811798734046e+00,7.359623284397542875e-05,-5.303821531299490744e-04,9.809543214079713636e+00
7.167418001983038245e+00,7.167440811798734046e+00,6.842944708740361648e-05,-5.166785756571812271e-04,9.809551750871431608e+00
7.167419679420043543e+00,7.167440811798734046e+00,6.339713607150798680e-05,-5.032311015895629680e-04,9.809560166034483331e+00
7.167421312873652361e+00,7.167440811798734046e+00,5.849677524505381143e-05,-4.900360826454175367e-04,9.809568460692599245e+00
7.167422903173330972e+00,7.167440811798734046e+00,5.372587620922075757e-05,-4.770899035833053858e-04,9.809576635972625525e+00
7.167424451136606756e+00,7.167440811798734046e+00,4.908198638187144525e-05,-4.643889827349312327e-04,9.809584693003646549e+00
7.167425957569182771e+00,7.167440811798734046e+00,4.456268865382639888e-05,-4.519297728045046370e-04,9.809592632915849819e+00
7.167427423265050557e+00,7.167440811798734046e+00,4.016560105046806939e-05,-4.397087603358329488e-04,9.809600456840716021e+00
7.167428849006602043e+00,7.167440811798734046e+00,3.588837639600939156e-05,-4.277224654458677833e-04,9.809608165910951527e+00
7.167430235564745011e+00,7.167440811798734046e+00,3.172870196710420032e-05,-4.159674428905191235e-04,9.809615761259077971e+00
7.167431583699013231e+00,7.167440811798734046e+00,2.768429916244485867e-05,-4.044402804659341655e-04,9.809623244018697008e+00
7.167432894157683698e+00,7.167440811798734046e+00,2.375292315104360341e-05,-3.931376011401255255e-04,9.809630615322010527e+00
7.167434167677886769e+00,7.167440811798734046e+00,1.993236254183017309e-05,-3.820560609213430325e-04,9.809637876301621873e+00
7.167435404985719849e+00,7.167440811798734046e+00,1.622043904259129476e-05,-3.711923499238878321e-04,9.809645028089118313e+00
7.167436606796361964e+00,7.167440811798734046e+00,1.261500711624563564e-05,-3.605431926345659122e-04,9.809652071814483065e+00
7.167437773814184787e+00,7.167440811798734046e+00,9.113953647776895650e-06,-3.501053468468739993e-04,9.809659008606800512e+00
7.167438906732868986e+00,7.167440811798734046e+00,5.715197595179688506e-06,-3.398756052597207145e-04,9.809665839592335956e+00
7.167440006235512584e+00,7.167440811798734046e+00,2.416689664386240111e-06,-3.298507930793448395e-04,9.809672565896585539e+00
7.167441072994745532e+00,7.167440811798734046e+00,-7.835880344586598767e-07,-3.200277698844899987e-04,9.809679188642082437e+00
7.167442107672842511e+00,7.167440811798734046e+00,-3.887622325393635947e-06,-3.104034290934976070e-04,9.809685708948581606e+00
7.167443110921834837e+00,7.167440811798734046e+00,-6.897369302372169386e-06,-3.009746976978533439e-04,9.809692127933001160e+00
7.167444083383619713e+00,7.167440811798734046e+00,-9.814754657000435145e-06,-2.917385354628265759e-04,9.809698446709880670e+00
7.167445025690075688e+00,7.167440811798734046e+00,-1.264167402492688552e-05,-2.826919367926450377e-04,9.809704666389183814e+00
7.167445938463171018e+00,7.167440811798734046e+00,-1.537999331091555177e-05,-2.738319285988666252e-04,9.809710788078090715e+00
7.167446822315073796e+00,7.167440811798734046e+00,-1.803154901924841624e-05,-2.651555708332864469e-04,9.809716812880147074e+00
7.167447677848264753e+00,7.167440811798734046e+00,-2.059814859212139027e-05,-2.566599572872974022e-04,9.809722741894120190e+00
7.167448505655644730e+00,7.167440811798734046e+00,-2.308157073205308052e-05,-2.483422139931690253e-04,9.809728576215274387e+00
7.167449306320646585e+00,7.167440811798734046e+00,-2.548356573761623167e-05,-2.401995005563151153e-04,9.809734316933706566e+00
7.167450080417341773e+00,7.167440811798734046e+00,-2.780585582318195748e-05,-2.322290085565725803e-04,9.809739965135619855e+00
7.167450828510550487e+00,7.167440811798734046e+00,-3.005013544932211289e-05,-2.244279626140155415e-04,9.809745521901938048e+00
7.167451551155949119e+00,7.167440811798734046e+00,-3.221807164521806044e-05,-2.167936195895947549e-04,9.809750988308765685e+00
7.167452248900178624e+00,7.167440811798734046e+00,-3.431130433373397182e-05,-2.093232688515911377e-04,9.809756365426814284e+00
7.167452922280951100e+00,7.167440811798734046e+00,-3.633144665116105898e-05,-2.020142317427087164e-04,9.809761654321606628e+00
7.167453571827155479e+00,7.167440811798734046e+00,-3.828008526429726999e-05,-1.948638613136211006e-04,9.809766856053421691e+00
7.167454198058965886e+00,7.167440811798734046e+00,-4.015878069552059060e-05,-1.878695431223320611e-04,9.809771971676182645e+00
7.167454801487943783e+00,7.167440811798734046e+00,-4.196906762921059908e-05,-1.810286933690008482e-04,9.809777002239002286e+00
7.167455382617145432e+00,7.167440811798734046e+00,-4.371245523415723255e-05,-1.743387604946633473e-04,9.809781948784271677e+00
7.167455941941225817e+00,7.167440811798734046e+00,-4.539042747531141231e-05,-1.677972241154179756e-04,9.809786812348409768e+00
7.167456479946540782e+00,7.167440811798734046e+00,-4.700444342020659860e-05,-1.614015944895186294e-04,9.809791593962090772e+00
7.167456997111251837e+00,7.167440811798734046e+00,-4.855593755337395123e-05,-1.551494133167352629e-04,9.809796294649130388e+00
7.167457493905427413e+00,7.167440811798734046e+00,-5.004632008009934907e-05,-1.490382526725397838e-04,9.809800915427247858e+00
7.167457970791145883e+00,7.167440811798734046e+00,-5.147697723550948012e-05,-1.430657155410131054e-04,9.809805457307223975e+00
7.167458428222595046e+00,7.167440811798734046e+00,-5.284927158299979055e-05,-1.372294347490310429e-04,9.809809921293668467e+00
7.167458866646173377e+00,7.167440811798734046e+00,-5.416454231799150421e-05,-1.315270734991713653e-04,9.809814308384183335e+00
7.167459286500590387e+00,7.167440811798734046e+00,-5.542410556902410690e-05,-1.259563251032602693e-04,9.809818619569327325e+00
7.167459688216964331e+00,7.167440811798734046e+00,-5.662925469085422492e-05,-1.205149121830118020e-04,9.809822855833125743e+00
7.167460072218921674e+00,7.167440811798734046e+00,-5.778126056288357404e-05,-1.152005872029349121e-04,9.809827018152233791e+00
7.167460438922693911e+00,7.167440811798734046e+00,-5.888137187959330276e-05,-1.100111316709728726e-04,9.809831107496449931e+00
7.167460788737216149e+00,7.167440811798734046e+00,-5.993081544630740609e-05,-1.049443566714103326e-04,9.809835124827882780e+00
7.167461122064221257e+00,7.167440811798734046e+00,-6.093079646163346297e-05,-9.999810153260568768e-05,9.809839071102006258e+00
7.167461439298336678e+00,7.167440811798734046e+00,-6.188249880789697954e-05,-9.517023462635165743e-05,9.809842947266567137e+00
7.167461740827178573e+00,7.167440811798734046e+00,-6.278708533358212662e-05,-9.045865256851470804e-05,9.809846754262098401e+00
7.167462027031446858e+00,7.167440811798734046e+00,-6.364569813843701240e-05,-8.586128048548857805e-05,9.809850493021375684e+00
7.167462298285017575e+00,7.167440811798734046e+00,-6.445945885058534941e-05,-8.137607121483370065e-05,9.809854164469935967e+00
7.167462554955035259e+00,7.167440811798734046e+00,-6.522946890363812145e-05,-7.700100530527720366e-05,9.809857769525791582e+00
7.167462797402005314e+00,7.167440811798734046e+00,-6.595680981380525054e-05,-7.273409101671290955e-05,9.809861309099169091e+00
7.167463025979885494e+00,7.167440811798734046e+00,-6.664254345434272864e-05,-6.857336405374780952e-05,9.809864784092493295e+00
7.167463241036174715e+00,7.167440811798734046e+00,-6.728771232200614349e-05,-6.451688676634148578e-05,9.809868195400913038e+00
7.167463442912003657e+00,7.167440811798734046e+00,-6.789333980883327513e-05,-6.056274868271316336e-05,9.809871543911508951e+00
7.167463631942223579e+00,7.167440811798734046e+00,-6.846043046859762171e-05,-5.670906597643465830e-05,9.809874830503556353e+00
7.167463808455494245e+00,7.167440811798734046e+00,-6.898997028059739023e-05,-5.295398119997685171e-05,9.809878056048519923e+00
7.167463972774370085e+00,7.167440811798734046e+00,-6.948292690811541661e-05,-4.929566275180263801e-05,9.809881221410339691e+00
7.167464125215386339e+00,7.167440811798734046e+00,-6.994024995687908586e-05,-4.573230487636692487e-05,9.809884327445168140e+00
7.167464266089146996e+00,7.167440811798734046e+00,-7.036287123884932271e-05,-4.226212819702368506e-05,9.809887375000563736e+00
7.167464395700408275e+00,7.167440811798734046e+00,-7.075170502268690598e-05,-3.888337838375832689e-05,9.809890364916594052e+00
7.167464514348161231e+00,7.167440811798734046e+00,-7.110764828155424766e-05,-3.559432588673416831e-05,9.809893298025832209e+00
7.167464622325716128e+00,7.167440811798734046e+00,-7.143158094624624255e-05,-3.239326646919948871e-05,9.809896175152584163e+00
7.167464719920786820e+00,7.167440811798734046e+00,-7.172436615832111784e-05,-2.927852120748752895e-05,9.809898997112634689e+00
7.167464807415568906e+00,7.167440811798734046e+00,-7.198685050457953594e-05,-2.624843462584180998e-05,9.809901764714869188e+00
7.167464885086822335e+00,7.167440811798734046e+00,-7.221986426486637356e-05,-2.330137602868376234e-05,9.809904478759706947e+00
7.167464953205951339e+00,7.167440811798734046e+00,-7.242422165187889505e-05,-2.043573870125214853e-05,9.809907140039648255e+00
7.167465012039084371e+00,7.167440811798734046e+00,-7.260072105097492567e-05,-1.764993990960306292e-05,9.809909749339039919e+00
7.167465061847151375e+00,7.167440811798734046e+00,-7.275014525198741921e-05,-1.494242010124935405e-05,9.809912307434647261e+00
7.167465102885961947e+00,7.167440811798734046e+00,-7.287326168370356072e-05,-1.231164317161415056e-05,9.809914815095144291e+00
7.167465135406281718e+00,7.167440811798734046e+00,-7.297082264301479881e-05,-9.756095931123809351e-06,9.809917273081426359e+00
7.167465159653909623e+00,7.167440811798734046e+00,-7.304356552673141323e-05,-7.274288371661441488e-06,9.809919682146102105e+00
7.167465175869752514e+00,7.167440811798734046e+00,-7.309221305540347657e-05,-4.864752867206334486e-06,9.809922043034077888e+00
7.167465184289898872e+00,7.167440811798734046e+00,-7.311747349447728084e-05,-2.526043907380426390e-06,9.809924356482598640e+00
7.167465185145693418e+00,7.167440811798734046e+00,-7.312004087811629915e-05,-2.567383639018316899e-07,9.809926623220757591e+00
7.167465178663809944e+00,7.167440811798734046e+00,-7.310059522769307705e-05,1.944565042322210502e-06,9.809928843969814238e+00
7.167465165066323252e+00,7.167440811798734046e+00,-7.305980276761658843e-05,4.079246007648862360e-06,9.809931019443240530e+00
7.167465144570781099e+00,7.167440811798734046e+00,-7.299831614115959155e-05,6.148662645699687346e-06,9.809933150346505926e+00
7.167465117390273477e+00,7.167440811798734046e+00,-7.291677461829237927e-05,8.154152286721227938e-06,9.809935237377668926e+00
7.167465083733503661e+00,7.167440811798734046e+00,-7.281580430884559973e-05,1.009703094467795381e-05,9.809937281226636330e+00
7.167465043804856606e+00,7.167440811798734046e+00,-7.269601836767947134e-05,1.197859411661283957e-05,9.809939282575749431e+00
7.167464997804467330e+00,7.167440811798734046e+00,-7.255801719985299769e-05,1.380011678264736474e-05,9.809941242099583292e+00
7.167464945928287534e+00,7.167440811798734046e+00,-7.240238866046411204e-05,1.556285393888856561e-05,9.809943160465278922e+00
7.167464888368154874e+00,7.167440811798734046e+00,-7.222970826248342746e-05,1.726803979806845746e-05,9.809945038331536082e+00
7.167464825311855137e+00,7.167440811798734046e+00,-7.204053936327170504e-05,1.891688992117224188e-05,9.809946876350558398e+00
7.167464756943190629e+00,7.167440811798734046e+00,-7.183543336974906879e-05,2.051059935226362541e-05,9.809948675165983900e+00
7.167464683442042350e+00,7.167440811798734046e+00,-7.161492992491247378e-05,2.205034448365950084e-05,9.809950435414560133e+00
7.167464604984435717e+00,7.167440811798734046e+00,-7.137955710501131534e-05,2.353728199011584366e-05,9.809952157724886490e+00
7.167464521742601846e+00,7.167440811798734046e+00,-7.112983160340036193e-05,2.497255016109534154e-05,9.809953842718558192e+00
7.167464433885039732e+00,7.167440811798734046e+00,-7.086625891705722324e-05,2.635726863431386846e-05,9.809955491009716866e+00
7.167464341576578413e+00,7.167440811798734046e+00,-7.058933353309981840e-05,2.769253839574048470e-05,9.809957103204862250e+00
7.167464244978437371e+00,7.167440811798734046e+00,-7.029953910997477351e-05,2.897944231250448865e-05,9.809958679903203915e+00
7.167464144248286928e+00,7.167440811798734046e+00,-6.999734865864581934e-05,3.021904513289541683e-05,9.809960221696474747e+00
7.167464039540305976e+00,7.167440811798734046e+00,-6.968322471578858313e-05,3.141239428572362158e-05,9.809961729169570432e+00
7.167463931005242372e+00,7.167440811798734046e+00,-6.935761952497898619e-05,3.256051908095969338e-05,9.809963202899556478e+00
7.167463818790468011e+00,7.167440811798734046e+00,-6.902097520189443003e-05,3.366443230845561629e-05,9.809964643457107059e+00
7.167463703040040102e+00,7.167440811798734046e+00,-6.867372391816672916e-05,3.472512837277008657e-05,9.809966051404455101e+00
7.167463583894752688e+00,7.167440811798734046e+00,-6.831628805592515619e-05,3.574358622415729769e-05,9.809967427298168730e+00
7.167463461492194376e+00,7.167440811798734046e+00,-6.794908038099123360e-05,3.672076749339225898e-05,9.809968771687113787e+00
7.167463335966805182e+00,7.167440811798734046e+00,-6.757250421340899038e-05,3.765761675822432153e-05,9.809970085112546201e+00
7.167463207449927154e+00,7.167440811798734046e+00,-6.718695357932347179e-05,3.855506340855185954e-05,9.809971368109829726e+00
7.167463076069860328e+00,7.167440811798734046e+00,-6.679281337884646064e-05,3.941402004770111489e-05,9.809972621206668464e+00
7.167462941951914246e+00,7.167440811798734046e+00,-6.639045954059952237e-05,4.023538382469382668e-05,9.809973844924284592e+00
7.167462805218460353e+00,7.167440811798734046e+00,-6.598025917892158532e-05,4.102003616779370532e-05,9.809975039776990258e+00
7.167462665988984405e+00,7.167440811798734046e+00,-6.556257075107652099e-05,4.176884278450643251e-05,9.809976206272033039e+00
7.167462524380135314e+00,7.167440811798734046e+00,-6.513774420380258334e-05,4.248265472739376492e-05,9.809977344910524977e+00
7.167462380505777553e+00,7.167440811798734046e+00,-6.470612113051998904e-05,4.316230732825943051e-05,9.809978456186197349e+00
7.167462234477038230e+00,7.167440811798734046e+00,-6.426803491255128620e-05,4.380862179687028402e-05,9.809979540586883928e+00
7.167462086402357713e+00,7.167440811798734046e+00,-6.382381087099986416e-05,4.442240415514220331e-05,9.809980598593284640e+00
7.167461936387536703e+00,7.167440811798734046e+00,-6.337376640797032223e-05,4.500444630295419302e-05,9.809981630679896369e+00
7.167461784535783309e+00,7.167440811798734046e+00,-6.291821114778883839e-05,4.555552601814838454e-05,9.809982637314870857e+00
7.167461630947761009e+00,7.167440811798734046e+00,-6.245744708088807329e-05,4.607640669007651013e-05,9.809983618959609686e+00
7.167461475721634834e+00,7.167440811798734046e+00,-6.199176870236300374e-05,4.656783785250695473e-05,9.809984576069151530e+00
7.167461318953115779e+00,7.167440811798734046e+00,-6.152146314519768566e-05,4.703055571653180778e-05,9.809985509092571832e+00
7.167461160735506098e+00,7.167440811798734046e+00,-6.104681031615655229e-05,4.746528290411333728e-05,9.809986418472588454e+00
7.167461001159743716e+00,7.167440811798734046e+00,-6.056808302901117713e-05,4.787272871453751577e-05,9.809987304645686024e+00
7.167460840314445747e+00,7.167440811798734046e+00,-6.008554713510250167e-05,4.825358939086754617e-05,9.809988168042256262e+00
7.167460678285952014e+00,7.167440811798734046e+00,-5.959946165390306305e-05,4.860854811994386182e-05,9.809989009086466538e+00
7.167460515158366796e+00,7.167440811798734046e+00,-5.911007889825015127e-05,4.893827556529117828e-05,9.809989828196666650e+00
7.167460351013601461e+00,7.167440811798734046e+00,-5.861764460224350159e-05,4.924342960066496744e-05,9.809990625784998031e+00
7.167460185931414429e+00,7.167440811798734046e+00,-5.812239804114938124e-05,4.952465610941203522e-05,9.809991402258068760e+00
7.167460019989452924e+00,7.167440811798734046e+00,-5.762457215663374654e-05,4.978258845156346979e-05,9.809992158016296315e+00
7.167459853263293823e+00,7.167440811798734046e+00,-5.712439367933086487e-05,5.001784773028816744e-05,9.809992893454051455e+00
7.167459685826480076e+00,7.167440811798734046e+00,-5.662208323808926025e-05,5.023104412416046216e-05,9.809993608960887457e+00
7.167459517750562448e+00,7.167440811798734046e+00,-5.611785548520487055e-05,5.042277528843897016e-05,9.809994304919804620e+00
7.167459349105136823e+00,7.167440811798734046e+00,-5.561191920833152835e-05,5.059362768733421944e-05,9.809994981708479500e+00
7.167459179957881510e+00,7.167440811798734046e+00,-5.510447744239144185e-05,5.074417659400864977e-05,9.809995639699153003e+00
7.167459010374596318e+00,7.167440811798734046e+00,-5.459572758681474625e-05,5.087498555766956088e-05,9.809996279257971352e+00
7.167458840419237198e+00,7.167440811798734046e+00,-5.408586150945637883e-05,5.098660773583674199e-05,9.809996900746227766e+00
7.167458670153952660e+00,7.167440811798734046e+00,-5.357506565584202463e-05,5.107958536143542005e-05,9.809997504519706979e+00
7.167458499639120184e+00,7.167440811798734046e+00,-5.306352115841406203e-05,5.115444974279625967e-05,9.809998090928583991e+00
7.167458328933379974e+00,7.167440811798734046e+00,-5.255140393778390262e-05,5.121172206301594088e-05,9.809998660318125729e+00
7.167458158093672260e+00,7.167440811798734046e+00,-5.203888481464247207e-05,5.125191231414305548e-05,9.809999213027499110e+00
7.167457987175266609e+00,7.167440811798734046e+00,-5.152612959768987366e-05,5.127552169525984027e-05,9.809999749392098067e+00
7.167457816231800116e+00,7.167440811798734046e+00,-5.101329919821040448e-05,5.128303994794691789e-05,9.810000269740751122e+00
7.167457645315307602e+00,7.167440811798734046e+00,-5.050054972066675418e-05,5.127494775436503005e-05,9.810000774398034196e+00
7.167457474476255364e+00,7.167440811798734046e+00,-4.998803256395234484e-05,5.125171567144093387e-05,9.810001263683108874e+00
7.167457303763571375e+00,7.167440811798734046e+00,-4.947589451198552979e-05,5.121380519668150555e-05,9.810001737910685193e+00
7.167457133224678145e+00,7.167440811798734046e+00,-4.896427783229739816e-05,5.116166796881316259e-05,9.810002197390137013e+00
7.167456962905523810e+00,7.167440811798734046e+00,-4.845332036929050901e-05,5.109574630068891565e-05,9.810002642425931896e+00
7.167456792850612324e+00,7.167440811798734046e+00,-4.794315563483309006e-05,5.101647344574189447e-05,9.810003073317812294e+00
7.167456623103032776e+00,7.167440811798734046e+00,-4.743391289618870132e-05,5.092427386443887372e-05,9.810003490360969636e+00
7.167456453704489583e+00,7.167440811798734046e+00,-4.692571726661043385e-05,5.081956295782674715e-05,9.810003893845692602e+00
7.167456284695330915e+00,7.167440811798734046e+00,-4.641868979060603806e-05,5.070274760043957940e-05,9.810004284057811219e+00
7.167456116114578002e+00,7.167440811798734046e+00,-4.591294753186758726e-05,5.057422587384508006e-05,9.810004661278341587e+00
7.167455947999952670e+00,7.167440811798734046e+00,-4.540860365587207070e-05,5.043438759955165551e-05,9.810005025783944177e+00
7.167455780387905762e+00,7.167440811798734046e+00,-4.490576751514652187e-05,5.028361407255488302e-05,9.810005377846557906e+00
7.167455613313643781e+00,7.167440811798734046e+00,-4.440454472920407625e-05,5.012227859424456256e-05,9.810005717733865538e+00
7.167455446811154651e+00,7.167440811798734046e+00,-4.390503726181549382e-05,4.995074673885824268e-05,9.810006045709478428e+00
7.167455280913237026e+00,7.167440811798734046e+00,-4.340734350893882265e-05,4.976937528766711694e-05,9.810006362031778337e+00
7.167455115651522490e+00,7.167440811798734046e+00,-4.291155836533278034e-05,4.957851436060423111e-05,9.810006666955995769e+00
7.167454951056503099e+00,7.167440811798734046e+00,-4.241777330715734706e-05,4.937850581754332779e-05,9.810006960732511772e+00
7.167454787157557128e+00,7.167440811798734046e+00,-4.192607646924528808e-05,4.916968379120589816e-05,9.810007243607323346e+00
7.167454623982972173e+00,7.167440811798734046e+00,-4.143655271438007048e-05,4.895237548652175974e-05,9.810007515822771751e+00
7.167454461559969126e+00,7.167440811798734046e+00,-4.094928370523831518e-05,4.872690091417553049e-05,9.810007777617208546e+00
7.167454299914727933e+00,7.167440811798734046e+00,-4.046434798166131941e-05,4.849357235769957697e-05,9.810008029224377424e+00
7.167454139072408914e+00,7.167440811798734046e+00,-3.998182102460390297e-05,4.825269570574164391e-05,9.810008270874682523e+00
7.167453979057177627e+00,7.167440811798734046e+00,-3.950177533074139546e-05,4.800456938625075054e-05,9.810008502794055119e+00
7.167453819892226186e+00,7.167440811798734046e+00,-3.902428047641848252e-05,4.774948543229129427e-05,9.810008725204955482e+00
7.167453661599794579e+00,7.167440811798734046e+00,-3.854940318159805202e-05,4.748772948204305067e-05,9.810008938326301831e+00
7.167453504201195535e+00,7.167440811798734046e+00,-3.807720738446818132e-05,4.721957971298706980e-05,9.810009142372329904e+00
7.167453347716834067e+00,7.167440811798734046e+00,-3.760775430006191300e-05,4.694530844062683173e-05,9.810009337554141950e+00
7.167453192166227893e+00,7.167440811798734046e+00,-3.714110248154156579e-05,4.666518185203472058e-05,9.810009524079370991e+00
7.167453037568029650e+00,7.167440811798734046e+00,-3.667730788681211607e-05,4.637945947294497273e-05,9.810009702151585742e+00
7.167452883940046426e+00,7.167440811798734046e+00,-3.621642393714097352e-05,4.608839496711425454e-05,9.810009871971029582e+00
7.167452731299260194e+00,7.167440811798734046e+00,-3.575850157844229216e-05,4.579223586986813643e-05,9.810010033734291923e+00
7.167452579661848233e+00,7.167440811798734046e+00,-3.530358934256128123e-05,4.549122358810109290e-05,9.810010187634246037e+00
7.167452429043199125e+00,7.167440811798734046e+00,-3.485173339523583991e-05,4.518559473254413206e-05,9.810010333861338694e+00
7.167452279457936726e+00,7.167440811798734046e+00,-3.440297760803900928e-05,4.487557871968306245e-05,9.810010472601112141e+00
7.167452130919934383e+00,7.167440811798734046e+00,-3.395736360101153650e-05,4.456140070274727805e-05,9.810010604037103121e+00
7.167451983442335361e+00,7.167440811798734046e+00,-3.351493080394618573e-05,4.424327970653507691e-05,9.810010728348903086e+00
7.167451837037571494e+00,7.167440811798734046e+00,-3.307571651234297860e-05,4.392142916032071298e-05,9.810010845712648475e+00
7.167451691717378282e+00,7.167440811798734046e+00,-3.263975593270629361e-05,4.359605796366849972e-05,9.810010956302031460e+00
7.167451547492815322e+00,7.167440811798734046e+00,-3.220708224382917706e-05,4.326736888771165468e-05,9.810011060286644380e+00
7.167451404374281410e+00,7.167440811798734046e+00,-3.177772664209044251e-05,4.293556017387345491e-05,9.810011157833532280e+00
7.167451262371530518e+00,7.167440811798734046e+00,-3.135171838941630540e-05,4.260082526741371112e-05,9.810011249106878495e+00
7.167451121493690458e+00,7.167440811798734046e+00,-3.092908486923562350e-05,4.226335201806818986e-05,9.810011334267148442e+00
7.167450981749277084e+00,7.167440811798734046e+00,-3.050985162911246107e-05,4.192332401231624317e-05,9.810011413472384589e+00
7.167450843146211170e+00,7.167440811798734046e+00,-3.009404243137225876e-05,4.158091977402023076e-05,9.810011486877343145e+00
7.167450705691832624e+00,7.167440811798734046e+00,-2.968167929573439778e-05,4.123631356378609780e-05,9.810011554634268549e+00
7.167450569392917359e+00,7.167440811798734046e+00,-2.927278254993836981e-05,4.088967457960279717e-05,9.810011616892030162e+00
7.167450434255691505e+00,7.167440811798734046e+00,-2.886737087237634114e-05,4.054116775620286717e-05,9.810011673796884324e+00
7.167450300285845621e+00,7.167440811798734046e+00,-2.846546133472571682e-05,4.019095376506243156e-05,9.810011725492429946e+00
7.167450167488548907e+00,7.167440811798734046e+00,-2.806706944458170483e-05,3.983918901440119953e-05,9.810011772119569429e+00
7.167450035868464298e+00,7.167440811798734046e+00,-2.767220919075441543e-05,3.948602538272893980e-05,9.810011813816192472e+00
7.167449905429760904e+00,7.167440811798734046e+00,-2.728089308057235485e-05,3.913161101820605836e-05,9.810011850717938131e+00
7.167449776176129994e+00,7.167440811798734046e+00,-2.689313218784405990e-05,3.877608927282949480e-05,9.810011882957084595e+00
7.167449648110794769e+00,7.167440811798734046e+00,-2.650893618216798586e-05,3.841960056760740372e-05,9.810011910664385937e+00
7.167449521236525456e+00,7.167440811798734046e+00,-2.612831337422960587e-05,3.806228079383799923e-05,9.810011933967420106e+00
7.167449395555652636e+00,7.167440811798734046e+00,-2.575127075576943980e-05,3.770426184601660680e-05,9.810011952991089856e+00
7.167449271070079675e+00,7.167440811798734046e+00,-2.537781403688654791e-05,3.734567188828918916e-05,9.810011967857851900e+00
7.167449147781292496e+00,7.167440811798734046e+00,-2.500794767534841867e-05,3.698663615381292402e-05,9.810011978688478962e+00
7.167449025690373787e+00,7.167440811798734046e+00,-2.464167491922353292e-05,3.662727561248857455e-05,9.810011985600693762e+00
7.167448904798015441e+00,7.167440811798734046e+00,-2.427899784418485751e-05,3.626770750386754116e-05,9.810011988709661068e+00
7.167448785104527431e+00,7.167440811798734046e+00,-2.391991738015519786e-05,3.590804640296596517e-05,9.810011988129023308e+00
7.167448666609852914e+00,7.167440811798734046e+00,-2.356443335660429739e-05,3.554840235509004742e-05,9.810011983968998095e+00
7.167448549313575334e+00,7.167440811798734046e+00,-2.321254452386511957e-05,3.518888327391778148e-05,9.810011976338749662e+00
7.167448433214931747e+00,7.167440811798734046e+00,-2.286424859310187685e-05,3.482959307632427226e-05,9.810011965344482832e+00
7.167448318312822586e+00,7.167440811798734046e+00,-2.251954226561991845e-05,3.447063274819583967e-05,9.810011951090483961e+00
7.167448204605822326e+00,7.167440811798734046e+00,-2.217842126484015353e-05,3.411210007797649268e-05,9.810011933678813634e+00
7.167448092092190137e+00,7.167440811798734046e+00,-2.184088036827347423e-05,3.375408965666792938e-05,9.810011913209288892e+00
7.167447980769878768e+00,7.167440811798734046e+00,-2.150691343416610835e-05,3.339669341073658870e-05,9.810011889779977068e+00
7.167447870636545204e+00,7.167440811798734046e+00,-2.117651343347404236e-05,3.304000006920659871e-05,9.810011863486636230e+00
7.167447761689560437e+00,7.167440811798734046e+00,-2.084967247917290933e-05,3.268409543011330243e-05,9.810011834422951438e+00
7.167447653926017459e+00,7.167440811798734046e+00,-2.052638185023880624e-05,3.232906289341030970e-05,9.810011802681042781e+00
7.167447547342742808e+00,7.167440811798734046e+00,-2.020663202628725230e-05,3.197498239515539353e-05,9.810011768350369366e+00
7.167447441936302788e+00,7.167440811798734046e+00,-1.989041270622493585e-05,3.162193200623164557e-05,9.810011731519299616e+00
7.167447337703015009e+00,7.167440811798734046e+00,-1.957771284288867264e-05,3.126998633362632063e-05,9.810011692273491235e+00
7.167447234638954612e+00,7.167440811798734046e+00,-1.926852066169715272e-05,3.091921811915199214e-05,9.810011650697457952e+00
7.167447132739964033e+00,7.167440811798734046e+00,-1.896282368996082823e-05,3.056969717363244854e-05,9.810011606873484169e+00
7.167447032001661000e+00,7.167440811798734046e+00,-1.866060878086273078e-05,3.022149090980974506e-05,9.810011560882129444e+00
7.167446932419445638e+00,7.167440811798734046e+00,-1.836186213477475349e-05,2.987466460879772967e-05,9.810011512802475409e+00
7.167446833988511123e+00,7.167440811798734046e+00,-1.806656933123207409e-05,2.952928035426793940e-05,9.810011462711024421e+00
7.167446736703847243e+00,7.167440811798734046e+00,-1.777471533959129601e-05,2.918539916407780765e-05,9.810011410683824096e+00
7.167446640560251936e+00,7.167440811798734046e+00,-1.748628455366940671e-05,2.884307859218893100e-05,9.810011356794039017e+00
7.167446545552335735e+00,7.167440811798734046e+00,-1.720126080506645394e-05,2.850237486029527645e-05,9.810011301114055726e+00
7.167446451674531538e+00,7.167440811798734046e+00,-1.691962739247543368e-05,2.816334125910202602e-05,9.810011243713866236e+00
7.167446358921098160e+00,7.167440811798734046e+00,-1.664136709234043110e-05,2.782603001350025806e-05,9.810011184662922545e+00
7.167446267286130990e+00,7.167440811798734046e+00,-1.636646219083104370e-05,2.749049015093874004e-05,9.810011124027960605e+00
7.167446176763567323e+00,7.167440811798734046e+00,-1.609489449982959286e-05,2.715676910014508394e-05,9.810011061874600813e+00
7.167446087347190797e+00,7.167440811798734046e+00,-1.582664537025380014e-05,2.682491295757927219e-05,9.810010998267587823e+00
7.167445999030641168e+00,7.167440811798734046e+00,-1.556169572136667512e-05,2.649496488871250222e-05,9.810010933269168731e+00
7.167445911807418746e+00,7.167440811798734046e+00,-1.530002605409919170e-05,2.616696672674834190e-05,9.810010866940672258e+00
7.167445825670889725e+00,7.167440811798734046e+00,-1.504161646703749966e-05,2.584095870616920365e-05,9.810010799342240517e+00
7.167445740614295069e+00,7.167440811798734046e+00,-1.478644668306827725e-05,2.551697839692224079e-05,9.810010730531715240e+00
7.167445656630754058e+00,7.167440811798734046e+00,-1.453449606003687222e-05,2.519506230314050299e-05,9.810010660566243601e+00
7.167445573713269624e+00,7.167440811798734046e+00,-1.428574360673451338e-05,2.487524533023588447e-05,9.810010589501723999e+00
7.167445491854735451e+00,7.167440811798734046e+00,-1.404016800421459266e-05,2.455756025199207215e-05,9.810010517392248275e+00
7.167445411047940418e+00,7.167440811798734046e+00,-1.379774761911534142e-05,2.424203850992512344e-05,9.810010444290892195e+00
7.167445331285573928e+00,7.167440811798734046e+00,-1.355846051964704202e-05,2.392870994682994024e-05,9.810010370249427680e+00
7.167445252560233016e+00,7.167440811798734046e+00,-1.332228449690830985e-05,2.361760227387321720e-05,9.810010295317777462e+00
7.167445174864423230e+00,7.167440811798734046e+00,-1.308919706755062862e-05,2.330874293576812306e-05,9.810010219545869603e+00
7.167445098190568409e+00,7.167440811798734046e+00,-1.285917550308823820e-05,2.300215644623904154e-05,9.810010142980942760e+00
7.167445022531011567e+00,7.167440811798734046e+00,-1.263219683256266990e-05,2.269786705255683046e-05,9.810010065670219603e+00
7.167444947878021999e+00,7.167440811798734046e+00,-1.240823786385902849e-05,2.239589687036414034e-05,9.810009987659007891e+00
7.167444874223797946e+00,7.167440811798734046e+00,-1.218727519169959805e-05,2.209626721594304399e-05,9.810009908992025629e+00
7.167444801560472811e+00,7.167440811798734046e+00,-1.196928521629558873e-05,2.179899754040093285e-05,9.810009829712324603e+00
7.167444729880119603e+00,7.167440811798734046e+00,-1.175424415666981304e-05,2.150410596257756879e-05,9.810009749861805517e+00
7.167444659174752708e+00,7.167440811798734046e+00,-1.154212805598575642e-05,2.121161006840566188e-05,9.810009669482013805e+00
7.167444589436333224e+00,7.167440811798734046e+00,-1.133291279753478875e-05,2.092152584509676672e-05,9.810009588613048948e+00
7.167444520656775175e+00,7.167440811798734046e+00,-1.112657412338791119e-05,2.063386741468775654e-05,9.810009507293290909e+00
7.167444452827946400e+00,7.167440811798734046e+00,-1.092308763706029140e-05,2.034864863276197866e-05,9.810009425560995311e+00
7.167444385941673879e+00,7.167440811798734046e+00,-1.072242881949847515e-05,2.006588175618162495e-05,9.810009343452936292e+00
7.167444319989746404e+00,7.167440811798734046e+00,-1.052457303707399205e-05,1.978557824244830954e-05,9.810009261005205872e+00
7.167444254963919903e+00,7.167440811798734046e+00,-1.032949555757056714e-05,1.950774795034249109e-05,9.810009178252393269e+00
7.167444190855918329e+00,7.167440811798734046e+00,-1.013717155284865612e-05,1.923240047219110238e-05,9.810009095228920728e+00
7.167444127657439878e+00,7.167440811798734046e+00,-9.947576117497192172e-06,1.895954353514639479e-05,9.810009011967418147e+00
7.167444065360157879e+00,7.167440811798734046e+00,-9.760684271498121234e-06,1.868918459990709380e-05,9.810008928500328906e+00
7.167444003955726117e+00,7.167440811798734046e+00,-9.576470976213613540e-06,1.842132952845076943e-05,9.810008844858552735e+00
7.167443943435780618e+00,7.167440811798734046e+00,-9.394911139715134141e-06,1.815598364984793989e-05,9.810008761072509742e+00
7.167443883791942305e+00,7.167440811798734046e+00,-9.215979624777048684e-06,1.789315149380854564e-05,9.810008677171868641e+00
7.167443825015820558e+00,7.167440811798734046e+00,-9.039651259534764449e-06,1.763283652422842351e-05,9.810008593185266079e+00
7.167443767099017649e+00,7.167440811798734046e+00,-8.865900850807406641e-06,1.737504087273578079e-05,9.810008509140022426e+00
7.167443710033128745e+00,7.167440811798734046e+00,-8.694703184097818394e-06,1.711976667095882476e-05,9.810008425063486470e+00
7.167443653809746351e+00,7.167440811798734046e+00,-8.526033036915237062e-06,1.686701471825813314e-05,9.810008340981681840e+00
7.167443598420462081e+00,7.167440811798734046e+00,-8.359865184104364744e-06,1.661678528108723185e-05,9.810008256920097480e+00
7.167443543856869326e+00,7.167440811798734046e+00,-8.196174405838974053e-06,1.636907782653906906e-05,9.810008172903421197e+00
7.167443490110567694e+00,7.167440811798734046e+00,-8.034935500944584419e-06,1.612389048943896341e-05,9.810008088954988992e+00
7.167443437173161236e+00,7.167440811798734046e+00,-7.876123281569391565e-06,1.588122193751928535e-05,9.810008005098655559e+00
7.167443385036264658e+00,7.167440811798734046e+00,-7.719712591836014326e-06,1.564106897333772395e-05,9.810007921356381999e+00
7.167443333691503327e+00,7.167440811798734046e+00,-7.565678307841494643e-06,1.540342839945196829e-05,9.810007837750092108e+00
7.167443283130517706e+00,7.167440811798734046e+00,-7.413995350979973864e-06,1.516829568615207791e-05,9.810007754300336558e+00
7.167443233344961584e+00,7.167440811798734046e+00,-7.264638682613622223e-06,1.493566683663516415e-05,9.810007671028154519e+00
7.167443184326508288e+00,7.167440811798734046e+00,-7.117583322724385653e-06,1.470553598892365699e-05,9.810007587952666697e+00
7.167443136066850684e+00,7.167440811798734046e+00,-6.972804349913985789e-06,1.447789728103998641e-05,9.810007505092931623e+00
7.167443088557702069e+00,7.167440811798734046e+00,-6.830276904068455224e-06,1.425274458455305648e-05,9.810007422467680982e+00
7.167443041790800606e+00,7.167440811798734046e+00,-6.689976199680813806e-06,1.403007043876414173e-05,9.810007340094239581e+00
7.167442995757908442e+00,7.167440811798734046e+00,-6.551877523186533381e-06,1.380986764942804257e-05,9.810007257990125851e+00
7.167442950450815253e+00,7.167440811798734046e+00,-6.415956243621678823e-06,1.359212795648545580e-05,9.810007176171712473e+00
7.167442905861339142e+00,7.167440811798734046e+00,-6.282187815287443300e-06,1.337684283342355229e-05,9.810007094655018633e+00
7.167442861981328406e+00,7.167440811798734046e+00,-6.150547783079218789e-06,1.316400322082245111e-05,9.810007013455438241e+00
7.167442818802663318e+00,7.167440811798734046e+00,-6.021011787815666594e-06,1.295359952635521950e-05,9.810006932587739925e+00
7.167442776317257014e+00,7.167440811798734046e+00,-5.893555568903252606e-06,1.274562189124139877e-05,9.810006852066322836e+00
7.167442734517057268e+00,7.167440811798734046e+00,-5.768154969665317822e-06,1.254005992379347845e-05,9.810006771904955514e+00
7.167442693394048270e+00,7.167440811798734046e+00,-5.644785942671148860e-06,1.233690269941689621e-05,9.810006692116758131e+00
7.167442652940250625e+00,7.167440811798734046e+00,-5.523424549735977962e-06,1.213613929351708975e-05,9.810006612714744278e+00
7.167442613147724906e+00,7.167440811798734046e+00,-5.404046972579124031e-06,1.193775771568539312e-05,9.810006533710744492e+00
7.167442574008569878e+00,7.167440811798734046e+00,-5.286629507494922109e-06,1.174174650842019219e-05,9.810006455117001423e+00
7.167442535514926938e+00,7.167440811798734046e+00,-5.171148578675399676e-06,1.154809288195224326e-05,9.810006376944304662e+00
7.167442497658978340e+00,7.167440811798734046e+00,-5.057580732881206131e-06,1.135678457941935449e-05,9.810006299203847036e+00
7.167442460432949858e+00,7.167440811798734046e+00,-4.945902647435218569e-06,1.116780854459875627e-05,9.810006221905897661e+00
7.167442423829111675e+00,7.167440811798734046e+00,-4.836091132887077038e-06,1.098115145481415311e-05,9.810006145060322424e+00
7.167442387839780160e+00,7.167440811798734046e+00,-4.728123138342255061e-06,1.079679945448219769e-05,9.810006068676315749e+00
7.167442352457316090e+00,7.167440811798734046e+00,-4.621975746132989116e-06,1.061473922092659450e-05,9.810005992763475291e+00
7.167442317674128205e+00,7.167440811798734046e+00,-4.517626182476419672e-06,1.043495636565694440e-05,9.810005917330183678e+00
7.167442283482673204e+00,7.167440811798734046e+00,-4.415051817474591189e-06,1.025743650018284825e-05,9.810005842384683206e+00
7.167442249875456639e+00,7.167440811798734046e+00,-4.314230167778987379e-06,1.008216496956038100e-05,9.810005767934802279e+00
7.167442216845033798e+00,7.167440811798734046e+00,-4.215138899255066463e-06,9.909126852392091678e-06,9.810005693987953634e+00
7.167442184384009707e+00,7.167440811798734046e+00,-4.117755826982261169e-06,9.738307227280529332e-06,9.810005620551400796e+00
7.167442152485040907e+00,7.167440811798734046e+00,-4.022058920583049257e-06,9.569690639921191178e-06,9.810005547631719836e+00
7.167442121140835454e+00,7.167440811798734046e+00,-3.928026304222953513e-06,9.403261636009574431e-06,9.810005475235332284e+00
7.167442090344152916e+00,7.167440811798734046e+00,-3.835636256610541750e-06,9.239004761241176311e-06,9.810005403368505128e+00
7.167442060087807043e+00,7.167440811798734046e+00,-3.744867218991032587e-06,9.076903761950916305e-06,9.810005332036542569e+00
7.167442030364664873e+00,7.167440811798734046e+00,-3.655697792481760189e-06,8.916942650927239811e-06,9.810005261244858943e+00
7.167442001167647625e+00,7.167440811798734046e+00,-3.568106740736709526e-06,8.759105174505066316e-06,9.810005190998435154e+00
7.167441972489729807e+00,7.167440811798734046e+00,-3.482072987281981113e-06,8.603375345472841218e-06,9.810005121302358688e+00
7.167441944323942771e+00,7.167440811798734046e+00,-3.397575626173932051e-06,8.449736110804906275e-06,9.810005052160484240e+00
7.167441916663371160e+00,7.167440811798734046e+00,-3.314593911341034982e-06,8.298171483289706885e-06,9.810004983577572446e+00
7.167441889501157348e+00,7.167440811798734046e+00,-3.233107269906554393e-06,8.148664143448058894e-06,9.810004915556874039e+00
7.167441862830499666e+00,7.167440811798734046e+00,-3.153095296859476093e-06,8.001197304707829971e-06,9.810004848102007458e+00
7.167441836644652398e+00,7.167440811798734046e+00,-3.074537755054507215e-06,7.855754180496887784e-06,9.810004781216425940e+00
7.167441810936926672e+00,7.167440811798734046e+00,-2.997414577876611474e-06,7.712317717789574090e-06,9.810004714903140410e+00
7.167441785700691348e+00,7.167440811798734046e+00,-2.921705871905544427e-06,7.570870597106704736e-06,9.810004649164724810e+00
7.167441760929372130e+00,7.167440811798734046e+00,-2.847391914251318212e-06,7.431395765422621480e-06,9.810004584003852557e+00
7.167441736616453341e+00,7.167440811798734046e+00,-2.774453157883272070e-06,7.293875636804614260e-06,9.810004519422479419e+00
7.167441712755477035e+00,7.167440811798734046e+00,-2.702870228965537081e-06,7.158292891773498923e-06,9.810004455422664194e+00
7.167441689340042998e+00,7.167440811798734046e+00,-2.632623926857036167e-06,7.024630210850091316e-06,9.810004392006284490e+00
7.167441666363809638e+00,7.167440811798734046e+00,-2.563695226776019354e-06,6.892870008101681378e-06,9.810004329174780935e+00
7.167441643820493979e+00,7.167440811798734046e+00,-2.496065279800063763e-06,6.762994697595559046e-06,9.810004266929418293e+00
7.167441621703870780e+00,7.167440811798734046e+00,-2.429715410201538361e-06,6.634986959852540167e-06,9.810004205271550148e+00
7.167441600007775193e+00,7.167440811798734046e+00,-2.364627123441209733e-06,6.508828676032862859e-06,9.810004144201553089e+00
7.167441578726099216e+00,7.167440811798734046e+00,-2.300782095510101044e-06,6.384502793110868879e-06,9.810004083720698986e+00
7.167441557852795242e+00,7.167440811798734046e+00,-2.238162183587633081e-06,6.261991192246796345e-06,9.810004023829009157e+00
7.167441537381874284e+00,7.167440811798734046e+00,-2.176749420712553729e-06,6.141276287507935194e-06,9.810003964526867293e+00
7.167441517307405974e+00,7.167440811798734046e+00,-2.116526015782937975e-06,6.022340492961575364e-06,9.810003905814477676e+00
7.167441497623519453e+00,7.167440811798734046e+00,-2.057474356220723166e-06,5.905165956221480883e-06,9.810003847691600498e+00
7.167441478324401594e+00,7.167440811798734046e+00,-1.999577002642638490e-06,5.789735357808467597e-06,9.810003790158354775e+00
7.167441459404299664e+00,7.167440811798734046e+00,-1.942816696853810754e-06,5.676030578882773625e-06,9.810003733213882526e+00
7.167441440857519552e+00,7.167440811798734046e+00,-1.887176356518693865e-06,5.564034033511688904e-06,9.810003676857677490e+00
7.167441422678424878e+00,7.167440811798734046e+00,-1.832639072496533572e-06,5.453728402216029281e-06,9.810003621089329329e+00
7.167441404861439658e+00,7.167440811798734046e+00,-1.779188116834973243e-06,5.345095566156032874e-06,9.810003565907450707e+00
7.167441387401044750e+00,7.167440811798734046e+00,-1.726806932111912829e-06,5.238118472306041440e-06,9.810003511311540692e+00
7.167441370291781411e+00,7.167440811798734046e+00,-1.675479142093649898e-06,5.132779001826293097e-06,9.810003457299860230e+00
7.167441353528247738e+00,7.167440811798734046e+00,-1.625188541076738602e-06,5.029060101691129603e-06,9.810003403871562000e+00
7.167441337105101340e+00,7.167440811798734046e+00,-1.575919101881595452e-06,4.926943919514314985e-06,9.810003351024818130e+00
7.167441321017057554e+00,7.167440811798734046e+00,-1.527654970523428801e-06,4.826413135816665090e-06,9.810003298758164902e+00
7.167441305258889450e+00,7.167440811798734046e+00,-1.480380466212238844e-06,4.727450431118995766e-06,9.810003247069964516e+00
7.167441289825427830e+00,7.167440811798734046e+00,-1.434080081352817615e-06,4.630038485942122861e-06,9.810003195958405087e+00
7.167441274711562116e+00,7.167440811798734046e+00,-1.388738484209284252e-06,4.534159714353336312e-06,9.810003145421230641e+00
7.167441259912238571e+00,7.167440811798734046e+00,-1.344340513576014473e-06,4.439797063326977877e-06,9.810003095456551137e+00
7.167441245422461193e+00,7.167440811798734046e+00,-1.300871181442175839e-06,4.346933213383863404e-06,9.810003046062032439e+00
7.167441231237289934e+00,7.167440811798734046e+00,-1.258315667662657233e-06,4.255551377951860559e-06,9.810002997235709898e+00
7.167441217351841587e+00,7.167440811798734046e+00,-1.216659322622604122e-06,4.165634504005311101e-06,9.810002948975181880e+00
7.167441203761291568e+00,7.167440811798734046e+00,-1.175887672566489073e-06,4.077165005611504967e-06,9.810002901277332654e+00
7.167441190460868583e+00,7.167440811798734046e+00,-1.135986403610900197e-06,3.990126895558887554e-06,9.810002854140492445e+00
7.167441177445859957e+00,7.167440811798734046e+00,-1.096941377731752709e-06,3.904502587914748801e-06,9.810002807561211569e+00
7.167441164711607193e+00,7.167440811798734046e+00,-1.058738619441612627e-06,3.820275829014008195e-06,9.810002761537209182e+00
7.167441152253508641e+00,3.281254995371881478e+00,-1.165855847064488060e+01,0.000000000000000000e+00,0.000000000000000000e+00
7.166460139795409745e+00,3.281254995371881478e+00,-1.165561543327058480e+01,2.943037374296686437e-01,0.000000000000000000e+00
7.164498127337311395e+00,3.281254995371881478e+00,-1.164972939589629064e+01,5.886037374295050029e-01,0.000000000000000000e+00
7.161555114879212702e+00,3.281254995371881478e+00,-1.164090035852199279e+01,8.829037374296078156e-01,0.000000000000000000e+00
7.157631102421113667e+00,3.281254995371881478e+00,-1.162912832114769657e+01,1.177203737429710628e+00,0.000000000000000000e+00
7.152726089963015177e+00,3.281254995371881478e+00,-1.161441328377340199e+01,1.471503737429546987e+00,0.000000000000000000e+00
7.146840077504916344e+00,3.281254995371881478e+00,-1.159675524639910549e+01,1.765803737429649800e+00,0.000000000000000000e+00
7.139973065046817169e+00,3.281254995371881478e+00,-1.157615420902480707e+01,2.060103737429752613e+00,2.939495284049460366e-01
7.132154447541559250e+00,3.281254995371881478e+00,-1.155269835650903332e+01,2.345585251577375629e+00,6.028868950683428096e-01
7.123415118725807460e+00,3.281254995371881478e+00,-1.152648037006177795e+01,2.621798644725537031e+00,9.053182746637595812e-01
7.113785321737521983e+00,3.281254995371881478e+00,-1.149759097909692152e+01,2.888939096485643176e+00,1.201348117388722159e+00
7.103294659560975610e+00,3.281254995371881478e+00,-1.146611899256728151e+01,3.147198652963911769e+00,1.491079660396630757e+00
7.091972105350468958e+00,3.281254995371881478e+00,-1.143215132993576333e+01,3.396766263151995702e+00,1.774614933216232870e+00
7.079846012633283614e+00,3.281254995371881478e+00,-1.139577305178420730e+01,3.637827815155603162e+00,2.052054763371396362e+00
7.066944125392435438e+00,3.281254995371881478e+00,-1.135706739006166188e+01,3.870566172254452653e+00,2.323498782192791268e+00
7.053293588029807104e+00,3.281254995371881478e+00,-1.131611577797377777e+01,4.095161208788500318e+00,2.589045430814723048e+00
7.038920955210260288e+00,3.281254995371881478e+00,-1.127299787951513643e+01,4.311789845864044679e+00,2.848791966348908744e+00
7.023852201587348354e+00,3.281254995371881478e+00,-1.122779161864639974e+01,4.520626086873580363e+00,3.102834468227181119e+00
7.008112731411259233e+00,3.281254995371881478e+00,-1.118057320811813327e+01,4.721841052826736274e+00,3.351267844708603505e+00
6.991727388019640443e+00,3.281254995371881478e+00,-1.113141717794327690e+01,4.915603017485636883e+00,3.594185839542360483e+00
6.974720463211975918e+00,3.281254995371881478e+00,-1.108039640352028243e+01,5.102077442299357557e+00,3.831681038779075621e+00
6.957115706508189668e+00,3.281254995371881478e+00,-1.102758213340892368e+01,5.281427011135875205e+00,4.063844877726952021e+00
6.938936334292176156e+00,3.281254995371881478e+00,-1.097304401676088403e+01,5.453811664804053549e+00,4.290767648043170013e+00
6.920205038840967049e+00,3.281254995371881478e+00,-1.091685013040725671e+01,5.619388635362732032e+00,4.512538504955475815e+00
6.900943997240252870e+00,3.281254995371881478e+00,-1.085906700560511418e+01,5.778312480214253810e+00,4.729245474609140132e+00
6.881174880187000298e+00,3.281254995371881478e+00,-1.079975965444535646e+01,5.930735115975771521e+00,4.940975461530415558e+00
6.860918860679900533e+00,3.281254995371881478e+00,-1.073899159592405717e+01,6.076805852129929519e+00,5.147814256205872852e+00
6.840196622598421428e+00,3.281254995371881478e+00,-1.067682488167961985e+01,6.216671424443731553e+00,5.349846542764112201e+00
6.819028369171218351e+00,3.281254995371881478e+00,-1.061332012139801151e+01,6.350476028160922937e+00,5.547155906762911926e+00
6.797433831334691590e+00,3.281254995371881478e+00,-1.054853650788843034e+01,6.478361350958028453e+00,5.739824843069598614e+00
6.775432275982471886e+00,3.281254995371881478e+00,-1.048253184183177211e+01,6.600466605665911146e+00,5.927934763834139531e+00
6.753042514106635252e+00,3.281254995371881478e+00,-1.041536255620426132e+01,6.716928562750990039e+00,6.111566006546729213e+00
6.730282908831453526e+00,3.281254995371881478e+00,-1.034708374037871614e+01,6.827881582554518047e+00,6.290797842175802401e+00
6.707171383340489790e+00,3.281254995371881478e+00,-1.027774916390582405e+01,6.933457647289120729e+00,6.465708483383297178e+00
6.683725428697863791e+00,3.281254995371881478e+00,-1.020741129997794694e+01,7.033786392787799713e+00,6.636375092809853271e+00
6.659962111564519560e+00,3.281254995371881478e+00,-1.013612134857791425e+01,7.128995140003269171e+00,6.802873791425355421e+00
6.635898081810317706e+00,3.281254995371881478e+00,-1.006392925931530868e+01,7.219208926260556325e+00,6.965279666945248138e+00
6.611549580022810346e+00,3.281254995371881478e+00,-9.990883753952786606e+00,7.304550536252207849e+00,7.123666782299421740e+00
6.586932444913532692e+00,3.281254995371881478e+00,-9.917032348624953642e+00,7.385140532783296408e+00,7.278108184158343263e+00
6.562062120622671024e+00,3.281254995371881478e+00,-9.842421375752369528e+00,7.461097287258500188e+00,7.428675911506131158e+00
6.536953663922959734e+00,3.281254995371881478e+00,-9.767096005653234769e+00,7.532537009913387038e+00,7.575441004260152766e+00
6.511621751323674268e+00,3.281254995371881478e+00,-9.691100267855379258e+00,7.599573779785639971e+00,7.718473511930261211e+00
6.486080686075582413e+00,3.281254995371881478e+00,-9.614477072111103695e+00,7.662319574427556290e+00,7.857842502316453093e+00
6.460344405077721675e+00,3.281254995371881478e+00,-9.537268229117520590e+00,7.720884299358221625e+00,7.993616070240701532e+00
6.434426485686885577e+00,3.281254995371881478e+00,-9.459514470945013187e+00,7.775375817250829158e+00,8.125861346305816468e+00
6.408340152430679559e+00,3.281254995371881478e+00,-9.381255471176395133e+00,7.825899976861805385e+00,8.254644505685410749e+00
6.382098283625042612e+00,3.281254995371881478e+00,-9.302529864759483402e+00,7.872560641691084271e+00,8.380030776931601366e+00
6.355713417897097983e+00,3.281254995371881478e+00,-9.223375267575649517e+00,7.915459718383388577e+00,8.502084450807739557e+00
6.329197760614234447e+00,3.281254995371881478e+00,-9.143828295727058020e+00,7.954697184859060854e+00,8.620868889132003332e+00
6.302563190220284106e+00,3.281254995371881478e+00,-9.063924584545208774e+00,7.990371118185102262e+00,8.736446533639893985e+00
6.275821264479698236e+00,3.281254995371881478e+00,-8.983698807323449387e+00,8.022577722175761039e+00,8.848878914852312150e+00
6.248983226630596910e+00,3.281254995371881478e+00,-8.903184693776147185e+00,8.051411354730397818e+00,8.958226660954251130e+00
6.222060011447591243e+00,3.281254995371881478e+00,-8.822415048227128409e+00,8.076964554901699955e+00,9.064549506674572044e+00
6.195062251215253113e+00,3.281254995371881478e+00,-8.741421767530114906e+00,8.099328069701439148e+00,9.167906302171324739e+00
6.168000281613132074e+00,3.281254995371881478e+00,-8.660235858723751790e+00,8.118590880636311624e+00,9.268355021912560332e+00
6.140884147513202329e+00,3.281254995371881478e+00,-8.578887456423963442e+00,8.134840229978923531e+00,9.365952773554960586e+00
6.113723608690627920e+00,3.281254995371881478e+00,-8.497405839956240214e+00,8.148161646772322797e+00,9.460755806816083080e+00
6.086528145448735216e+00,3.281254995371881478e+00,-8.415819450230561216e+00,8.158638972567811010e+00,9.552819522337250291e+00
6.059306964159076436e+00,3.281254995371881478e+00,-8.334155906361583988e+00,8.166354386897634043e+00,9.642198480536050553e+00
6.032069002717471484e+00,3.281254995371881478e+00,-8.252442022036770908e+00,8.171388432481485609e+00,9.728946410444715198e+00
6.004822935916910964e+00,3.281254995371881478e+00,-8.170703821635088460e+00,8.173820040168155998e+00,9.813116218533068036e+00
5.977577180738203211e+00,3.281254995371881478e+00,-8.088966556098965199e+00,8.173726553612326029e+00,9.894759997513361327e+00
5.950339901559247302e+00,3.281254995371881478e+00,-8.007254718562098361e+00,8.171183753686772633e+00,9.973929035124674769e+00
5.923119015283803357e+00,3.281254995371881478e+00,-7.925592059735765638e+00,8.166265882633183537e+00,1.005067382289741929e+01
5.895922196390649184e+00,3.281254995371881478e+00,-7.844001603056303118e+00,8.159045667946251967e+00,1.012504406488994846e+01
5.868756881903983924e+00,3.281254995371881478e+00,-7.762505659596307339e+00,8.149594345999577882e+00,1.019708868640327104e+01
5.841630276285958878e+00,3.281254995371881478e+00,-7.681125842742232201e+00,8.137981685407513766e+00,1.026685584266528295e+01
5.814549356252200596e+00,3.281254995371881478e+00,-7.599883082640957355e+00,8.124276010127484682e+00,1.033439292748652782e+01
5.787520875511191321e+00,3.281254995371881478e+00,-7.518797640417929529e+00,8.108544222302782600e+00,1.039974658188485357e+01
5.760551369428370094e+00,3.281254995371881478e+00,-7.437889122169465850e+00,8.090851824846367890e+00,1.046296270267690254e+01
5.733647159615816946e+00,3.281254995371881478e+00,-7.357176492731806405e+00,8.071262943765944442e+00,1.052408645103413853e+01
5.706814358448367486e+00,3.281254995371881478e+00,-7.276678089229458024e+00,8.049840350234838127e+00,1.058316226100538060e+01
5.680058873507018546e+00,3.281254995371881478e+00,-7.196411634405411206e+00,8.026645482404681786e+00,1.064023384799927108e+01
5.653386411950469537e+00,3.281254995371881478e+00,-7.116394249735764177e+00,8.001738466964702923e+00,1.069534421722893924e+01
5.626802484815643268e+00,3.281254995371881478e+00,-7.036642468331285372e+00,7.975178140447880537e+00,1.074853567211659566e+01
5.600312411248028255e+00,3.281254995371881478e+00,-6.957172247628440331e+00,7.947022070284504025e+00,1.079984982265606419e+01
5.573921322662679145e+00,3.281254995371881478e+00,-6.877998981872393003e+00,7.917326575604732852e+00,1.084932759373234035e+01
5.547634166836703073e+00,3.281254995371881478e+00,-6.799137514394464787e+00,7.886146747792821543e+00,1.089700923339835725e+01
5.521455711934066812e+00,3.281254995371881478e+00,-6.720602149686556004e+00,7.853536470790878354e+00,1.094293432110432285e+01
5.495390550463540968e+00,3.281254995371881478e+00,-6.642406665274978472e+00,7.819548441157753160e+00,1.098714177588277607e+01
5.469443103170603671e+00,3.281254995371881478e+00,-6.564564323396166579e+00,7.784234187881189371e+00,1.102966986448502240e+01
5.443617622864114658e+00,3.281254995371881478e+00,-6.487087882476699541e+00,7.747644091946703782e+00,1.107055620947000563e+01
5.417918198178572453e+00,3.281254995371881478e+00,-6.409989608420072926e+00,7.709827405662661448e+00,1.110983779724258902e+01
5.392348757272754867e+00,3.281254995371881478e+00,-6.333281285702620167e+00,7.670832271745275932e+00,1.114755098604265626e+01
5.366913071465541307e+00,3.281254995371881478e+00,-6.256974228280979489e+00,7.630705742164067829e+00,1.118373151388308884e+01
5.341614758809716257e+00,3.281254995371881478e+00,-6.181079290313504337e+00,7.589493796747515120e+00,1.121841450643401217e+01
5.316457287604534621e+00,3.281254995371881478e+00,-6.105606876697959429e+00,7.547241361554490879e+00,1.125163448485653106e+01
5.291443979847838541e+00,3.281254995371881478e+00,-6.030566953427871191e+00,7.503992327008823793e+00,1.128342537358095399e+01
5.266578014628500171e+00,3.281254995371881478e+00,-5.955969057769856079e+00,7.459789565801511202e+00,1.131382050803165562e+01
5.241862431459965777e+00,3.281254995371881478e+00,-5.881822308264252896e+00,7.414674950560318223e+00,1.134285264229606582e+01
5.217300133555660580e+00,3.281254995371881478e+00,-5.808135414551337306e+00,7.368689371291559098e+00,1.137055395674022229e+01
5.192893891047029697e+00,3.281254995371881478e+00,-5.734916687025444659e+00,7.321872752589264621e+00,1.139695606556382046e+01
5.168646344144955052e+00,3.281254995371881478e+00,-5.662174046319220722e+00,7.274264070622393774e+00,1.142209002430317355e+01
5.144560006245310291e+00,3.281254995371881478e+00,-5.589915032620286439e+00,7.225901369893428239e+00,1.144598633727314230e+01
5.120637266979392699e+00,3.281254995371881478e+00,-5.518146814822533663e+00,7.176821779775277577e+00,1.146867496495274352e+01
5.096880395209971049e+00,3.281254995371881478e+00,-5.446876199514268713e+00,7.127061530826495073e+00,1.149018533131222597e+01
5.073291541973680374e+00,3.281254995371881478e+00,-5.376109639805396689e+00,7.076655970887202329e+00,1.151054633108180525e+01
5.049872743370498185e+00,3.281254995371881478e+00,-5.305853243995850121e+00,7.025639580954656793e+00,1.152978633695880717e+01
5.026625923401011775e+00,3.281254995371881478e+00,-5.236112784087390892e+00,6.974045990845922915e+00,1.154793320675853252e+01
5.003552896752201384e+00,3.281254995371881478e+00,-5.166893704140959720e+00,6.921907994643117235e+00,1.156501429050215890e+01
4.980655371532440867e+00,3.281254995371881478e+00,-5.098201128481678168e+00,6.869257565928155174e+00,1.158105643744647750e+01
4.957934951956424641e+00,3.281254995371881478e+00,-5.030039869753629489e+00,6.816125872804867925e+00,1.159608600305123893e+01
4.935393140980713689e+00,3.281254995371881478e+00,-4.962414436826496633e+00,6.762543292713285581e+00,1.161012885588678856e+01
4.913031342890591624e+00,3.281254995371881478e+00,-4.895329042556130439e+00,6.708539427036619429e+00,1.162321038448049038e+01
4.890850865838917372e+00,3.281254995371881478e+00,-4.828787611401107682e+00,6.654143115502275663e+00,1.163535550410116848e+01
4.868852924337653043e+00,3.281254995371881478e+00,-4.762793786897314696e+00,6.599382450379298604e+00,1.164658866348198529e+01
4.847038641702737571e+00,3.281254995371881478e+00,-4.697350938992568281e+00,6.544284790474641511e+00,1.165693385148207284e+01
4.825409052452970471e+00,3.281254995371881478e+00,-4.632462171243266980e+00,6.488876774930130154e+00,1.166641460368686367e+01
4.803965104663571850e+00,3.281254995371881478e+00,-4.568130327875071117e+00,6.433184336819586235e+00,1.167505400894451562e+01
4.782707662275067051e+00,3.281254995371881478e+00,-4.504358000709556720e+00,6.377232716551439751e+00,1.168287471584188353e+01
4.761637507358146948e+00,3.281254995371881478e+00,-4.441147535958796411e+00,6.321046475076030902e+00,1.168989893911723499e+01
4.740755342335138067e+00,3.281254995371881478e+00,-4.378501040889769769e+00,6.264649506902664200e+00,1.169614846601289493e+01
4.720061792158730896e+00,3.281254995371881478e+00,-4.316420390360548254e+00,6.208065052922151494e+00,1.170164466256160374e+01
4.699557406448580110e+00,3.281254995371881478e+00,-4.254907233230095898e+00,6.151315713045235611e+00,1.170640847981514021e+01
4.679242661586410890e+00,3.281254995371881478e+00,-4.193962998643588236e+00,6.094423458650766179e+00,1.171046046000717844e+01
4.659117962770242372e+00,3.281254995371881478e+00,-4.133588902195082682e+00,6.037409644850555424e+00,1.171382074265547324e+01
4.639183646028339325e+00,3.281254995371881478e+00,-4.073785951969373542e+00,5.980295022570913943e+00,1.171650907060154090e+01
4.619439980193495998e+00,3.281254995371881478e+00,-4.014554954464843561e+00,5.923099750452998080e+00,1.171854479598815502e+01
4.599887168838251661e+00,3.281254995371881478e+00,-3.955896520399110550e+00,5.865843406573301166e+00,1.171994688617419200e+01
4.580525352171624931e+00,3.281254995371881478e+00,-3.897811070399230360e+00,5.808544999988018986e+00,1.172073392958878912e+01
4.561354608897956631e+00,3.281254995371881478e+00,-3.840298840578225459e+00,5.751222982100490100e+00,1.172092414152226425e+01
4.542374958038441157e+00,3.281254995371881478e+00,-3.783359887999679039e+00,5.693895257854642011e+00,1.172053536985496436e+01
4.523586360715911248e+00,3.281254995371881478e+00,-3.726994096032089310e+00,5.636579196758972898e+00,1.171958510072688497e+01
4.504988721903453452e+00,3.281254995371881478e+00,-3.671201179594715924e+00,5.579291643737338546e+00,1.171809046414262312e+01
4.486581892137410321e+00,3.281254995371881478e+00,-3.615980690296586531e+00,5.522048929812939377e+00,1.171606823951635334e+01
4.468365669195319079e+00,3.281254995371881478e+00,-3.561332021470312803e+00,5.464866882627372746e+00,1.171353486115706133e+01
4.450339799739342794e+00,3.281254995371881478e+00,-3.507254413102383950e+00,5.407760836792885328e+00,1.171050642369050188e+01
4.432503980925735831e+00,3.281254995371881478e+00,-3.453746956661563061e+00,5.350745644082088859e+00,1.170699868742052629e+01
4.414857861980871157e+00,3.281254995371881478e+00,-3.400808599826969036e+00,5.293835683459402475e+00,1.170302708363243482e+01
4.397401045744369519e+00,3.281254995371881478e+00,-3.348438151117464123e+00,5.237044870950491315e+00,1.169860671983302680e+01
4.380133090179850974e+00,3.281254995371881478e+00,-3.296634284423908490e+00,5.180386669355563356e+00,1.169375238493165625e+01
4.363053509853825673e+00,3.281254995371881478e+00,-3.245395543445832587e+00,5.123874097807590289e+00,1.168847855436175820e+01
4.346161777383236391e+00,3.281254995371881478e+00,-3.194720346034064740e+00,5.067519741176784720e+00,1.168279939514271959e+01
4.329457324852161726e+00,3.281254995371881478e+00,-3.144606988440840745e+00,5.011335759322399497e+00,1.167672877088156014e+01
4.312939545198175573e+00,3.281254995371881478e+00,-3.095053649478882285e+00,4.955333896195845966e+00,1.167028024671696329e+01
4.296607793568861133e+00,3.281254995371881478e+00,-3.046058394590938967e+00,4.899525488794331807e+00,1.166346709420339423e+01
4.280461388648966192e+00,3.281254995371881478e+00,-2.997619179831254144e+00,4.843921475968482326e+00,1.165630229613722868e+01
4.264499613958685487e+00,3.281254995371881478e+00,-2.949733855760412027e+00,4.788532407084211684e+00,1.164879855132380015e+01
4.248721719123537355e+00,3.281254995371881478e+00,-2.902400171254967631e+00,4.733368450544439554e+00,1.164096827928947242e+01
4.233126921116317831e+00,3.281254995371881478e+00,-2.855615777233309061e+00,4.678439402165857075e+00,1.163282362493254851e+01
4.217714405471591377e+00,3.281254995371881478e+00,-2.809378230299129697e+00,4.623754693417936323e+00,1.162437646311880712e+01
4.202483327473177432e+00,3.281254995371881478e+00,-2.763684996303887864e+00,4.569323399524183316e+00,1.161563840322029506e+01
4.187432813315084879e+00,3.281254995371881478e+00,-2.718533453829610202e+00,4.515154247427766165e+00,1.160662079359815735e+01
4.172561961236352701e+00,3.281254995371881478e+00,-2.673920897593413670e+00,4.461255623619653221e+00,1.159733472602624005e+01
4.157869842630223189e+00,3.281254995371881478e+00,-2.629844541775025135e+00,4.407635581838853511e+00,1.158779104006382887e+01
4.143355503128099748e+00,3.281254995371881478e+00,-2.586301523268654812e+00,4.354301850637032345e+00,1.157800032736837892e+01
4.129017963658712986e+00,3.281254995371881478e+00,-2.543288904860494526e+00,4.301261840816028581e+00,1.156797293595553455e+01
4.114856221482922294e+00,3.281254995371881478e+00,-2.500803678333122448e+00,4.248522652737207750e+00,1.155771897440408580e+01
4.100869251204571242e+00,3.281254995371881478e+00,-2.458842767498069293e+00,4.196091083505315567e+00,1.154724831600724677e+01
4.087056005757821353e+00,3.281254995371881478e+00,-2.417403031157819626e+00,4.143973634024966657e+00,1.153657060286714753e+01
4.073415417371357705e+00,3.281254995371881478e+00,-2.376481265998428682e+00,4.092176515939094372e+00,1.152569524994066619e+01
4.059946398509888255e+00,3.281254995371881478e+00,-2.336074209414020331e+00,4.040705658440835180e+00,1.151463144902681535e+01
4.046647842793321459e+00,3.281254995371881478e+00,-2.296178542264319944e+00,3.989566714970038674e+00,1.150338817270571923e+01
4.033518625894025433e+00,3.281254995371881478e+00,-2.256790891566431867e+00,3.938765069788807693e+00,1.149197417822237632e+01
4.020557606412551443e+00,3.281254995371881478e+00,-2.217907833122009897e+00,3.888305844442196957e+00,1.148039801132018667e+01
4.007763626732209872e+00,3.281254995371881478e+00,-2.179525894080985182e+00,3.838193904102471521e+00,1.146866801002148684e+01
3.995135513852870357e+00,3.281254995371881478e+00,-2.141641555442966638e+00,3.788433863801854429e+00,1.145679230835888873e+01
3.982672080204366694e+00,3.281254995371881478e+00,-2.104251254497455648e+00,3.739030094551099026e+00,1.144477884005364388e+01
3.970372124439868422e+00,3.281254995371881478e+00,-2.067351387203960833e+00,3.689986729349481465e+00,1.143263534214552024e+01
3.958234432209584597e+00,3.281254995371881478e+00,-2.030938310513109357e+00,3.641307669085147580e+00,1.142036935857203872e+01
3.946257776915158111e+00,3.281254995371881478e+00,-1.995008344629829899e+00,3.592996588327945773e+00,1.140798824369811726e+01
3.934440920445101408e+00,3.281254995371881478e+00,-1.959557775219659792e+00,3.545056941017010743e+00,1.139549916579735189e+01
3.922782613891624415e+00,3.281254995371881478e+00,-1.924582855559228811e+00,3.497491966043098088e+00,1.138290911048386889e+01
3.911281598249195746e+00,3.281254995371881478e+00,-1.890079808631942804e+00,3.450304692728600742e+00,1.137022488409665755e+01
3.899936605095176922e+00,3.281254995371881478e+00,-1.856044829169886334e+00,3.403497946205646940e+00,1.135745311703576022e+01
3.888746357252861774e+00,3.281254995371881478e+00,-1.822474085642940889e+00,3.357074352694544572e+00,1.134460026705160374e+01
3.877709569437251425e+00,3.281254995371881478e+00,-1.789363722196109840e+00,3.311036344683104815e+00,1.133167262248699458e+01
3.866824948883889945e+00,3.281254995371881478e+00,-1.756709860536025403e+00,3.265386166008443780e+00,1.131867630547241887e+01
3.856091195961075524e+00,3.281254995371881478e+00,-1.724508601767582139e+00,3.220125876844326385e+00,1.130561727507674519e+01
3.845507004765769121e+00,3.281254995371881478e+00,-1.692756028181662931e+00,3.175257358591920820e+00,1.129250133041025883e+01
3.835071063703503480e+00,3.281254995371881478e+00,-1.661448204994866007e+00,3.130782318679692366e+00,1.127933411368482730e+01
3.824782056052606460e+00,3.281254995371881478e+00,-1.630581182042174948e+00,3.086702295269105889e+00,1.126612111322693188e+01
3.814638660513032242e+00,3.281254995371881478e+00,-1.600150995423452294e+00,3.043018661872265440e+00,1.125286766644881453e+01
3.804639551740102821e+00,3.281254995371881478e+00,-1.570153669104664029e+00,2.999732631878826439e+00,1.123957896277416246e+01
3.794783400863450673e+00,3.281254995371881478e+00,-1.540585216474707586e+00,2.956845262995644319e+00,1.122626004652093812e+01
3.785068875991450810e+00,3.281254995371881478e+00,-1.511441641858707996e+00,2.914357461599959009e+00,1.121291581974125151e+01
3.775494642701425096e+00,3.281254995371881478e+00,-1.482718941988630856e+00,2.872269987007713965e+00,1.119955104501908316e+01
3.766059364515901287e+00,3.281254995371881478e+00,-1.454413107432059427e+00,2.830583455657142977e+00,1.118617034822508316e+01
3.756761703365199878e+00,3.281254995371881478e+00,-1.426520123979955201e+00,2.789298345210422525e+00,1.117277822123046782e+01
3.747600320036621468e+00,3.281254995371881478e+00,-1.399035973994219972e+00,2.748414998573522894e+00,1.115937902457930342e+01
3.738573874610501058e+00,3.281254995371881478e+00,-1.371956637715858740e+00,2.707933627836123236e+00,1.114597699012026411e+01
3.729681026883392647e+00,3.281254995371881478e+00,-1.345278094534533508e+00,2.667854318132523161e+00,1.113257622359799015e+01
3.720920436778643925e+00,3.281254995371881478e+00,-1.318996324220287342e+00,2.628177031424616672e+00,1.111918070720432894e+01
3.712290764744615945e+00,3.281254995371881478e+00,-1.293107308118203402e+00,2.588901610208393933e+00,1.110579430209019058e+01
3.703790672140796936e+00,3.281254995371881478e+00,-1.267607030306746374e+00,2.550027781145702832e+00,1.109242075083895784e+01
3.695418821612061588e+00,3.281254995371881478e+00,-1.242491478720540332e+00,2.511555158620604189e+00,1.107906367990006480e+01
3.687173877451316528e+00,3.281254995371881478e+00,-1.217756646238305152e+00,2.473483248223518061e+00,1.106572660198521341e+01
3.679054505950769993e+00,3.281254995371881478e+00,-1.193398531736665547e+00,2.435811450163960501e+00,1.105241291842729545e+01
3.671059375742065978e+00,3.281254995371881478e+00,-1.169413141110553500e+00,2.398539062611204642e+00,1.103912592150065208e+01
3.663187158125511989e+00,3.281254995371881478e+00,-1.145796488260891532e+00,2.361665284966196765e+00,1.102586879670530529e+01
3.655436527388628676e+00,3.281254995371881478e+00,-1.122544596050241594e+00,2.325189221064993816e+00,1.101264462501475272e+01
3.647806161114246937e+00,3.281254995371881478e+00,-1.099653497227096377e+00,2.289109882314521727e+00,1.099945638508742540e+01
3.640294740478373647e+00,3.281254995371881478e+00,-1.077119235319476509e+00,2.253426190761986803e+00,1.098630695544251168e+01
3.632900950538044516e+00,3.281254995371881478e+00,-1.054937865498489113e+00,2.218136982098739551e+00,1.097319911660025049e+01
3.625623480509375440e+00,3.281254995371881478e+00,-1.033105455412481888e+00,2.183241008600722566e+00,1.096013555318824118e+01
3.618461024036025542e+00,3.281254995371881478e+00,-1.011618085992432192e+00,2.148736942004969563e+00,1.094711885601253698e+01
3.611412279448276585e+00,3.281254995371881478e+00,-9.904718522291853233e-01,2.114623376324686888e+00,1.093415152409550117e+01
3.604475950012937080e+00,3.281254995371881478e+00,-9.696628639231668068e-01,2.080898830601851657e+00,1.092123596667868490e+01
3.597650744174265558e+00,3.281254995371881478e+00,-9.491872464071522408e-01,2.047561751601456592e+00,1.090837450519430440e+01
3.590935375786113770e+00,3.281254995371881478e+00,-9.290411412426968774e-01,2.014610516445536348e+00,1.089556937520283952e+01
3.584328564335482081e+00,3.281254995371881478e+00,-9.092207068908018108e-01,1.982043435189506653e+00,1.088282272829870578e+01
3.577829035157680249e+00,3.281254995371881478e+00,-8.897221193573963127e-01,1.949858753340549811e+00,1.087013663398315444e+01
3.571435519643276546e+00,3.281254995371881478e+00,-8.705415728141852050e-01,1.918054654321110775e+00,1.085751308150692651e+01
3.565146755437023529e+00,3.281254995371881478e+00,-8.516752801954261543e-01,1.886629261875905073e+00,1.084495398168047942e+01
3.558961486628938964e+00,3.281254995371881478e+00,-8.331194737711724585e-01,1.855580642425369575e+00,1.083246116865419850e+01
3.552878463937719555e+00,3.281254995371881478e+00,-8.148704056975142329e-01,1.824906807365822559e+00,1.082003640166830927e+01
3.546896444886666888e+00,3.281254995371881478e+00,-7.969243485443562314e-01,1.794605715315800154e+00,1.080768136677144398e+01
3.541014193972291668e+00,3.281254995371881478e+00,-7.792775958012305715e-01,1.764675274312565989e+00,1.079539767851133547e+01
3.535230482825767240e+00,3.281254995371881478e+00,-7.619264623616572862e-01,1.735113343957328524e+00,1.078318688159567174e+01
3.529544090367402465e+00,3.281254995371881478e+00,-7.448672849865629608e-01,1.705917737509432541e+00,1.077105045252286963e+01
3.523953802954290282e+00,3.281254995371881478e+00,-7.280964227472264128e-01,1.677086223933654807e+00,1.075898980118642889e+01
3.518458414521296707e+00,3.281254995371881478e+00,-7.116102574482456866e-01,1.648616529898072613e+00,1.074700627244982698e+01
3.513056726715547917e+00,3.281254995371881478e+00,-6.954051940309993185e-01,1.620506341724636812e+00,1.073510114769363710e+01
3.507747549024568645e+00,3.281254995371881478e+00,-6.794776609580615023e-01,1.592753307293781617e+00,1.072327564633572017e+01
3.502529698898222854e+00,3.281254995371881478e+00,-6.638241105790241292e-01,1.565355037903737312e+00,1.071153092732471279e+01
3.497402001864609478e+00,3.281254995371881478e+00,-6.484410194781839998e-01,1.538309110084012943e+00,1.069986809060582900e+01
3.492363291640056655e+00,3.281254995371881478e+00,-6.333248888045255320e-01,1.511613067365846774e+00,1.068828817856132218e+01
3.487412410233360127e+00,3.281254995371881478e+00,-6.184722445844359484e-01,1.485264422008958363e+00,1.067679217742452380e+01
3.482548208044406124e+00,3.281254995371881478e+00,-6.038796380175739387e-01,1.459260656686200974e+00,1.066538101866862753e+01
3.477769543957318632e+00,3.281254995371881478e+00,-5.895436457563114629e-01,1.433599226126247572e+00,1.065405558036993661e+01
3.473075285428268266e+00,3.281254995371881478e+00,-5.754608701691603656e-01,1.408277558715109734e+00,1.064281668854594898e+01
3.468464308568072418e+00,3.281254995371881478e+00,-5.616279395885728221e-01,1.383293058058754355e+00,1.063166511847018114e+01
3.463935498219723907e+00,3.281254995371881478e+00,-5.480415085435272893e-01,1.358643104504553278e+00,1.062060159596102693e+01
3.459487748030971144e+00,3.281254995371881478e+00,-5.346982579772689981e-01,1.334325056625829120e+00,1.060962679864856106e+01
3.455119960522083478e+00,3.281254995371881478e+00,-5.215948954506059998e-01,1.310336252666299828e+00,1.059874135721569388e+01
3.450831047148917197e+00,3.281254995371881478e+00,-5.087281553311071569e-01,1.286674011949884289e+00,1.058794585661877719e+01
3.446619928361412732e+00,3.281254995371881478e+00,-4.960947989685937642e-01,1.263335636251339267e+00,1.057724083728274600e+01
3.442485533657636765e+00,3.281254995371881478e+00,-4.836916148572658614e-01,1.240318411132790288e+00,1.056662679627552492e+01
3.438426801633488239e+00,3.281254995371881478e+00,-4.715154187848202838e-01,1.217619607244557756e+00,1.055610418845973797e+01
3.434442680028185535e+00,3.281254995371881478e+00,-4.595630539689121719e-01,1.195236481590811195e+00,1.054567342762189952e+01
3.430532125765645368e+00,3.281254995371881478e+00,-4.478313911812916714e-01,1.173166278762050041e+00,1.053533488758075976e+01
3.426694104991863110e+00,3.281254995371881478e+00,-4.363173288599448973e-01,1.151406232134677410e+00,1.052508890327473345e+01
3.422927593108408217e+00,3.281254995371881478e+00,-4.250177932095802191e-01,1.129953565036467822e+00,1.051493577182688810e+01
3.419231574802136020e+00,3.281254995371881478e+00,-4.139297382907636269e-01,1.108805491881659222e+00,1.050487575359089654e+01
3.415605044071222895e+00,3.281254995371881478e+00,-4.030501460980242534e-01,1.087959219273937350e+00,1.049490907317591315e+01
3.412047004247627413e+00,3.281254995371881478e+00,-3.923760266272378061e-01,1.067411947078644729e+00,1.048503592045140742e+01
3.408556468016076924e+00,3.281254995371881478e+00,-3.819044179325863375e-01,1.047160869465146860e+00,1.047525645153256058e+01
3.405132457429679960e+00,3.281254995371881478e+00,-3.716323861733954459e-01,1.027203175919089162e+00,1.046557078974569421e+01
3.401774003922257705e+00,3.281254995371881478e+00,-3.615570256511286829e-01,1.007536052226676304e+00,1.045597902657554812e+01
3.398480148317492677e+00,3.281254995371881478e+00,-3.516754588368335988e-01,9.881566814295084100e-01,1.044648122259267531e+01
3.395249940834986990e+00,3.281254995371881478e+00,-3.419848363893165377e-01,9.690622447517061033e-01,1.043707740836238962e+01
3.392082441093317691e+00,3.281254995371881478e+00,-3.324823371643086389e-01,9.502499225007898787e-01,1.042776758533648263e+01
3.388976718110181974e+00,3.281254995371881478e+00,-3.231651682149014881e-01,9.317168949407150791e-01,1.041855172672581453e+01
3.385931850299718882e+00,3.281254995371881478e+00,-3.140305647835122116e-01,9.134603431389276551e-01,1.040942977835541683e+01
3.382946925467091415e+00,3.281254995371881478e+00,-3.050757902856298109e-01,8.954774497882400652e-01,1.040040165950261120e+01
3.380021040800413878e+00,3.281254995371881478e+00,-2.962981362855972023e-01,8.777654000032608650e-01,1.039146726371766505e+01
3.377153302860108397e+00,3.281254995371881478e+00,-2.876949224646807579e-01,8.603213820916444377e-01,1.038262645962696418e+01
3.374342827565765646e+00,3.281254995371881478e+00,-2.792634965816525039e-01,8.431425883028254020e-01,1.037387909172117340e+01
3.371588740180595067e+00,3.281254995371881478e+00,-2.710012344261407691e-01,8.262262155511734818e-01,1.036522498112503321e+01
3.368890175293536959e+00,3.281254995371881478e+00,-2.629055397649664449e-01,8.095694661174324125e-01,1.035666392635246602e+01
3.366246276799114145e+00,3.281254995371881478e+00,-2.549738442816980033e-01,7.931695483268441649e-01,1.034819570404514621e+01
3.363656197875095621e+00,3.281254995371881478e+00,-2.472036075096424312e-01,7.770236772055572061e-01,1.033982006969591438e+01
3.361119100958046779e+00,3.281254995371881478e+00,-2.395923167584959046e-01,7.611290751146526645e-01,1.033153675835615815e+01
3.358634157716833268e+00,3.281254995371881478e+00,-2.321374870348553721e-01,7.454829723640532535e-01,1.032334548532919882e+01
3.356200549024153101e+00,3.281254995371881478e+00,-2.248366609568148711e-01,7.300826078040500988e-01,1.031524594684723617e+01
3.353817464926157399e+00,3.281254995371881478e+00,-2.176874086628277638e-01,7.149252293987107265e-01,1.030723782073588346e+01
3.351484104610235271e+00,3.281254995371881478e+00,-2.106873277150613788e-01,7.000080947766385009e-01,1.029932076706157673e+01
3.349199676371019230e+00,3.281254995371881478e+00,-2.038340429974132562e-01,6.853284717648122637e-01,1.029149442876740039e+01
3.346963397574679977e+00,3.281254995371881478e+00,-1.971252066083954979e-01,6.708836389017758250e-01,1.028375843229338038e+01
3.344774494621570060e+00,3.281254995371881478e+00,-1.905584977490657472e-01,6.566708859329750680e-01,1.027611238818390937e+01
3.342632202907278582e+00,3.281254995371881478e+00,-1.841316226061913142e-01,6.426875142874433067e-01,1.026855589168125249e+01
3.340535766782155136e+00,3.281254995371881478e+00,-1.778423142308209748e-01,6.289308375370339377e-01,1.026108852330621346e+01
3.338484439509362467e+00,3.281254995371881478e+00,-1.716883324124429677e-01,6.153981818378007063e-01,1.025370984942535912e+01
3.336477483221512497e+00,3.281254995371881478e+00,-1.656674635488930569e-01,6.020868863549910799e-01,1.024641942280609896e+01
3.334514168875942985e+00,3.281254995371881478e+00,-1.597775205121845232e-01,5.889943036708533697e-01,1.023921678315866934e+01
3.332593776208689462e+00,3.281254995371881478e+00,-1.540163425104239536e-01,5.761178001760569600e-01,1.023210145766563350e+01
3.330715593687202158e+00,3.281254995371881478e+00,-1.483817949459620422e-01,5.634547564461911406e-01,1.022507296150022960e+01
3.328878918461865233e+00,3.281254995371881478e+00,-1.428717692699512654e-01,5.510025676010776863e-01,1.021813079833112781e+01
3.327083056316361365e+00,3.281254995371881478e+00,-1.374841828334396610e-01,5.387586436511604404e-01,1.021127446081772128e+01
3.325327321616939003e+00,3.281254995371881478e+00,-1.322169787351725745e-01,5.267204098267086465e-01,1.020450343109153657e+01
3.323611037260625789e+00,3.281254995371881478e+00,-1.270681256662329339e-01,5.148853068939640565e-01,1.019781718122773206e+01
3.321933534622435680e+00,3.281254995371881478e+00,-1.220356177516626062e-01,5.032507914570327756e-01,1.019121517370536978e+01
3.320294153501615941e+00,3.281254995371881478e+00,-1.171174743892033909e-01,4.918143362459215240e-01,1.018469686185671819e+01
3.318692242066981990e+00,3.281254995371881478e+00,-1.123117400853015369e-01,4.805734303901854076e-01,1.017826169030488437e+01
3.317127156801378263e+00,3.281254995371881478e+00,-1.076164842884903550e-01,4.695255796811181881e-01,1.017190909539262833e+01
3.315598262445313971e+00,3.281254995371881478e+00,-1.030298012202974789e-01,4.586683068192876078e-01,1.016563850559899151e+01
3.314104931939809706e+00,3.281254995371881478e+00,-9.854980970378468541e-02,4.479991516512793481e-01,1.015944934194749472e+01
3.312646546368500200e+00,3.281254995371881478e+00,-9.417465298985616684e-02,4.375156713928518570e-01,1.015334101840299574e+01
3.311222494899030977e+00,3.281254995371881478e+00,-8.990249858144849782e-02,4.272154408407669024e-01,1.014731294225931890e+01
3.309832174723787546e+00,3.281254995371881478e+00,-8.573153805571820385e-02,4.170960525730293966e-01,1.014136451451731169e+01
3.308474990999995757e+00,3.281254995371881478e+00,-8.165998688434283892e-02,4.071551171375364930e-01,1.013549513025319371e+01
3.307150356789229306e+00,3.281254995371881478e+00,-7.768608425204348578e-02,3.973902632299353144e-01,1.012970417897789233e+01
3.305857692996360786e+00,3.281254995371881478e+00,-7.380809287343792491e-02,3.877991378605560868e-01,1.012399104498711822e+01
3.304596428307990941e+00,3.281254995371881478e+00,-7.002429880832838904e-02,3.783794065109535865e-01,1.011835510770262658e+01
3.303365999130391195e+00,3.281254995371881478e+00,-6.633301127552915233e-02,3.691287532799236715e-01,1.011279574200439413e+01
3.302165849526991881e+00,3.281254995371881478e+00,-6.273256246533120972e-02,3.600448810197942606e-01,1.010731231855446310e+01
3.300995431155448134e+00,3.281254995371881478e+00,-5.922130735069996987e-02,3.511255114631239849e-01,1.010190420411242407e+01
3.299854203204315439e+00,3.281254995371881478e+00,-5.579762349730188475e-02,3.423683853398085120e-01,1.009657076184250712e+01
3.298741632329367235e+00,3.281254995371881478e+00,-5.245991087245727158e-02,3.337712624844613174e-01,1.009131135161200454e+01
3.297657192589580344e+00,3.281254995371881478e+00,-4.920659165309659855e-02,3.253319219360673031e-01,1.008612533028297165e+01
3.296600365382821529e+00,3.281254995371881478e+00,-4.603611003282015446e-02,3.170481620276444090e-01,1.008101205199482564e+01
3.295570639381262268e+00,3.281254995371881478e+00,-4.294693202814237054e-02,3.089178004677783917e-01,1.007597086843963652e+01
3.294567510466547056e+00,3.281254995371881478e+00,-3.993754528399673376e-02,3.009386744145636783e-01,1.007100112913056833e+01
3.293590481664744996e+00,3.281254995371881478e+00,-3.700645887859055350e-02,2.931086405406180262e-01,1.006610218166202841e+01
3.292639063081109096e+00,3.281254995371881478e+00,-3.415220312768285638e-02,2.854255750907697120e-01,1.006127337196308780e+01
3.291712771834669482e+00,3.281254995371881478e+00,-3.137332938836401297e-02,2.778873739318843405e-01,1.005651404454352082e+01
3.290811131992684047e+00,3.281254995371881478e+00,-2.866840986240770661e-02,2.704919525956306359e-01,1.005182354273322431e+01
3.289933674504971872e+00,3.281254995371881478e+00,-2.603603739927118355e-02,2.632372463136523066e-01,1.004720120891438206e+01
3.289079937138151166e+00,3.281254995371881478e+00,-2.347482529880906554e-02,2.561212100462118002e-01,1.004264638474740323e+01
3.288249464409805256e+00,3.281254995371881478e+00,-2.098340711377133516e-02,2.491418185037730382e-01,1.003815841139000220e+01
3.287441807522598403e+00,3.281254995371881478e+00,-1.856043645215077476e-02,2.422970661620560406e-01,1.003373662970990665e+01
3.286656524298362303e+00,3.281254995371881478e+00,-1.620458677944247583e-02,2.355849672708298925e-01,1.002938038049138747e+01
3.285893179112175488e+00,3.281254995371881478e+00,-1.391455122088203211e-02,2.290035558560443718e-01,1.002508900463516284e+01
3.285151342826452048e+00,3.281254995371881478e+00,-1.168904236371171024e-02,2.225508857170321875e-01,1.002086184335332142e+01
3.284430592725064102e+00,3.281254995371881478e+00,-9.526792059547872782e-03,2.162250304163837455e-01,1.001669823835683637e+01
3.283730512447511796e+00,3.281254995371881478e+00,-7.426551226890953927e-03,2.100240832656918855e-01,1.001259753203880187e+01
3.283050691923163455e+00,3.281254995371881478e+00,-5.387089653845933412e-03,2.039461573045020515e-01,1.000855906765065662e+01
3.282390727305580125e+00,3.281254995371881478e+00,-3.407195801095941334e-03,1.979893852749992078e-01,1.000458218947390421e+01
3.281750220906944016e+00,3.281254995371881478e+00,-1.485676605187613575e-03,1.921519195908327760e-01,1.000066624298564477e+01
3.281128781132606864e+00,3.281254995371881478e+00,3.786427178238405133e-04,1.864319323011454088e-01,9.996810575018969303e+00
3.280526022415771514e+00,3.281254995371881478e+00,2.186918868329890131e-03,1.808276150506049618e-01,9.993014533918934461e+00
3.279941565152328042e+00,3.281254995371881478e+00,3.940290658660305922e-03,1.753371790330415791e-01,9.989277469691701938e+00
3.279375035635853752e+00,3.281254995371881478e+00,5.639879208083176110e-03,1.699588549422870187e-01,9.985598734150370248e+00
3.278826065992794359e+00,3.281254995371881478e+00,7.286788137261357434e-03,1.646908929178181324e-01,9.981977681055079543e+00
3.278294294117840568e+00,3.281254995371881478e+00,8.882103762122728341e-03,1.595315624861370907e-01,9.978413666248259872e+00
3.277779363609511609e+00,3.281254995371881478e+00,1.042689528710960545e-02,1.544791524986877107e-01,9.974906047785797369e+00
3.277280923705961246e+00,3.281254995371881478e+00,1.192221499776069393e-02,1.495319710651088485e-01,9.971454186062869596e+00
3.276798629221016945e+00,3.281254995371881478e+00,1.336909845259359741e-02,1.446883454832903482e-01,9.968057443935883555e+00
3.276332140480466393e+00,3.281254995371881478e+00,1.476856467424525476e-02,1.399466221651657349e-01,9.964715186839411487e+00
3.275881123258599814e+00,3.281254995371881478e+00,1.612161633984499076e-02,1.353051665599735998e-01,9.961426782899819088e+00
3.275445248715023183e+00,3.281254995371881478e+00,1.742923997057488350e-02,1.307623630729892739e-01,9.958191603043564655e+00
3.275024193331750766e+00,3.281254995371881478e+00,1.869240612039213545e-02,1.263166149817251949e-01,9.955009021102117828e+00
3.274617638850588541e+00,3.281254995371881478e+00,1.991206956387880922e-02,1.219663443486673771e-01,9.951878413912545795e+00
3.274225272210817828e+00,3.281254995371881478e+00,2.108916948319095042e-02,1.177099919312141196e-01,9.948799161414406456e+00
3.273846785487188438e+00,3.281254995371881478e+00,2.222462965407911994e-02,1.135460170888169529e-01,9.945770646742897014e+00
3.273481875828233356e+00,3.281254995371881478e+00,2.331935863094436456e-02,1.094728976865244618e-01,9.942792256317469324e+00
3.273130245394909821e+00,3.281254995371881478e+00,2.437424993091497072e-02,1.054891299970606156e-01,9.939863379927976084e+00
3.272791601299579245e+00,3.281254995371881478e+00,2.539018221690669819e-02,1.015932285991727468e-01,9.936983410816079498e+00
3.272465655545330421e+00,3.281254995371881478e+00,2.636801947965317083e-02,9.778372627464726463e-02,9.934151745754300933e+00
3.272152124965657105e+00,3.281254995371881478e+00,2.730861121867311780e-02,9.405917390199469708e-02,9.931367785120668756e+00
3.271850731164495762e+00,3.281254995371881478e+00,2.821279262215714567e-02,9.041814034840278680e-02,9.928630932970559542e+00
3.271561200456631457e+00,3.281254995371881478e+00,2.908138474575006072e-02,8.685921235929150441e-02,9.925940597105041618e+00
3.271283263808477670e+00,3.281254995371881478e+00,2.991519469021142186e-02,8.338099444613611411e-02,9.923296189136348033e+00
3.271016656779237586e+00,3.281254995371881478e+00,3.071501577793167570e-02,7.998210877202538427e-02,9.920697124549956669e+00
3.270761119462452182e+00,3.281254995371881478e+00,3.148162772828788647e-02,7.666119503562107695e-02,9.918142822763909905e+00
3.270516396427943562e+00,3.281254995371881478e+00,3.221579683181374776e-02,7.341691035258612885e-02,9.915632707184400374e+00
3.270282236664153075e+00,3.281254995371881478e+00,3.291827612318520835e-02,7.024792913714605902e-02,9.913166205260331765e+00
3.270058393520888895e+00,3.281254995371881478e+00,3.358980555297774728e-02,6.715294297925389344e-02,9.910742748532232582e+00
3.269844624652477716e+00,3.281254995371881478e+00,3.423111215821128539e-02,6.413066052335381073e-02,9.908361772681566038e+00
3.269640691961334777e+00,3.281254995371881478e+00,3.484291023164010070e-02,6.117980734288153144e-02,9.906022717574522574e+00
3.269446361541949120e+00,3.281254995371881478e+00,3.542590148979707365e-02,5.829912581569729468e-02,9.903725027305494422e+00
3.269261403625294271e+00,3.281254995371881478e+00,3.598077523976161984e-02,5.548737499645461924e-02,9.901468150236215848e+00
3.269085592523663042e+00,3.281254995371881478e+00,3.650820854465530729e-02,5.274333048936874491e-02,9.899251539034024105e+00
3.268918706575935307e+00,3.281254995371881478e+00,3.700886638783851268e-02,5.006578431832053866e-02,9.897074650706159105e+00
3.268760528093277884e+00,3.281254995371881478e+00,3.748340183581078122e-02,4.745354479722685426e-02,9.894936946633038133e+00
3.268610843305284064e+00,3.281254995371881478e+00,3.793245619979224159e-02,4.490543639814603694e-02,9.892837892597938776e+00
3.268469442306549677e+00,3.281254995371881478e+00,3.835665919599540175e-02,4.242029962031601542e-02,9.890776958816312359e+00
3.268336119003697249e+00,3.281254995371881478e+00,3.875662910455268673e-02,3.999699085572849810e-02,9.888753619960281682e+00
3.268210671062840689e+00,3.281254995371881478e+00,3.913297292712236697e-02,3.763438225696802419e-02,9.886767355184090889e+00
3.268092899857502509e+00,3.281254995371881478e+00,3.948628654313690589e-02,3.533136160145389226e-02,9.884817648144590407e+00
3.267982610416978684e+00,3.281254995371881478e+00,3.981715486470838172e-02,3.308683215714758319e-02,9.882903987021856906e+00
3.267879611375157367e+00,3.281254995371881478e+00,4.012615199017233181e-02,3.089971254639500842e-02,9.881025864536567838e+00
3.267783714919789695e+00,3.281254995371881478e+00,4.041384135627534846e-02,2.876893661030166527e-02,9.879182777966576623e+00
3.267694736742218442e+00,3.281254995371881478e+00,4.068077588898910690e-02,2.669345327137584434e-02,9.877374229160365005e+00
3.267612495987563204e+00,3.281254995371881478e+00,4.092749815295482207e-02,2.467222639657151717e-02,9.875599724549527281e+00
3.267536815205362988e+00,3.281254995371881478e+00,4.115454049955546978e-02,2.270423466006477042e-02,9.873858775159620293e+00
3.267467520300678885e+00,3.281254995371881478e+00,4.136242521360777857e-02,2.078847140523087944e-02,9.872150896618839155e+00
3.267404440485656369e+00,3.281254995371881478e+00,4.155166465867532466e-02,1.892394450675460860e-02,9.870475609165429987e+00
3.267347408231550343e+00,3.281254995371881478e+00,4.172276142099340390e-02,1.710967623180792430e-02,9.868832437652802270e+00
3.267296259221209809e+00,3.281254995371881478e+00,4.187620845201500686e-02,1.534470310216029532e-02,9.867220911554175800e+00
3.267250832302024843e+00,3.281254995371881478e+00,4.201248920956990318e-02,1.362807575548963257e-02,9.865640564965060477e+00
3.267210969439336310e+00,3.281254995371881478e+00,4.213207779763550320e-02,1.195885880656000211e-02,9.864090936604196003e+00
3.267176515670308312e+00,3.281254995371881478e+00,4.223543910471949658e-02,1.033613070839933812e-02,9.862571569813120220e+00
3.267147319058261612e+00,3.281254995371881478e+00,4.232302894085959721e-02,8.758983614010062979e-03,9.861082012554870602e+00
3.267123230647470233e+00,3.281254995371881478e+00,4.239529417323373295e-02,7.226523237413573497e-03,9.859621817410648248e+00
3.267104104418419919e+00,3.281254995371881478e+00,4.245267286038467702e-02,5.737868715094407435e-03,9.858190541575480026e+00
3.267089797243527105e+00,3.281254995371881478e+00,4.249559438506311793e-02,4.292152467844090324e-03,9.856787746852907262e+00
3.267080168843319754e+00,3.281254995371881478e+00,4.252447958568517095e-02,2.888520062205301997e-03,9.855412999647890970e+00
3.267075081743076925e+00,3.281254995371881478e+00,4.253974088641365725e-02,1.526130072848630448e-03,9.854065870959262341e+00
3.267074401229930203e+00,3.281254995371881478e+00,4.254178242585382463e-02,2.041539440167383646e-04,9.852745936369871060e+00
3.267077995310420313e+00,3.281254995371881478e+00,4.253100018438349395e-02,-1.078224147033068903e-03,9.851452776037351811e+00
3.267085734668514263e+00,3.281254995371881478e+00,4.250778211010164398e-02,-2.321807428184996525e-03,9.850185974681917145e+00
3.267097492624076338e+00,3.281254995371881478e+00,4.247250824341541886e-02,-3.527386668622511934e-03,9.848945121574793404e+00
3.267113145091796067e+00,3.281254995371881478e+00,4.242555084025623202e-02,-4.695740315918683905e-03,9.847729810524338490e+00
3.267132570540568270e+00,3.281254995371881478e+00,4.236727449393962175e-02,-5.827634631661027242e-03,9.846539639862278648e+00
3.267155649953326524e+00,3.281254995371881478e+00,4.229803625566486147e-02,-6.923823827476027759e-03,9.845374212428190219e+00
3.267182266787327816e+00,3.281254995371881478e+00,4.221818575366098614e-02,-7.985050200387533437e-03,9.844233135553274394e+00
3.267212306934884403e+00,3.281254995371881478e+00,4.212806531099122509e-02,-9.012044266976104723e-03,9.843116021044014730e+00
3.267245658684545084e+00,3.281254995371881478e+00,4.202801006200918010e-02,-1.000552489820449864e-02,9.842022485163806067e+00
3.267282212682722342e+00,3.281254995371881478e+00,4.191834806747740672e-02,-1.096619945317733880e-02,9.840952148614301009e+00
3.267321861895760904e+00,3.281254995371881478e+00,4.179940042836172154e-02,-1.189476391156851776e-02,9.839904636516793701e+00
3.267364501572451285e+00,3.281254995371881478e+00,4.167148139829057740e-02,-1.279190300711441353e-02,9.838879578391177105e+00
3.267410029206980759e+00,3.281254995371881478e+00,4.153489849470215489e-02,-1.365829035884225107e-02,9.837876608135861289e+00
3.267458344502323975e+00,3.281254995371881478e+00,4.138995260867250892e-02,-1.449458860296459761e-02,9.836895364005709297e+00
3.267509349334067448e+00,3.281254995371881478e+00,4.123693811344208981e-02,-1.530144952304191008e-02,9.835935488590401121e+00
3.267562947714670152e+00,3.281254995371881478e+00,4.107614297163397765e-02,-1.607951418081121631e-02,9.834996628790822371e+00
3.267619045758151763e+00,3.281254995371881478e+00,4.090784884118914277e-02,-1.682941304448348774e-02,9.834078435796705264e+00
3.267677551645213008e+00,3.281254995371881478e+00,4.073233118000540998e-02,-1.755176611837327982e-02,9.833180565061631739e+00
3.267738375588780553e+00,3.281254995371881478e+00,4.054985934930277480e-02,-1.824718307026351738e-02,9.832302676279040199e+00
3.267801429799976010e+00,3.281254995371881478e+00,4.036069671571640427e-02,-1.891626335863705322e-02,9.831444433357079404e+00
3.267866628454507261e+00,3.281254995371881478e+00,4.016510075212265107e-02,-1.955959635937531971e-02,9.830605504392748273e+00
3.267933887659477676e+00,3.281254995371881478e+00,3.996332313721140395e-02,-2.017776149112471273e-02,9.829785561646087189e+00
3.268003125420612776e+00,3.281254995371881478e+00,3.975560985380610646e-02,-2.077132834052974886e-02,9.828984281513276855e+00
3.268074261609899001e+00,3.281254995371881478e+00,3.954220128594743144e-02,-2.134085678586750134e-02,9.828201344500079983e+00
3.268147217933635496e+00,3.281254995371881478e+00,3.932333231473794655e-02,-2.188689712094848971e-02,9.827436435193789066e+00
3.268221917900891338e+00,3.281254995371881478e+00,3.909923241297041940e-02,-2.240999017675271432e-02,9.826689242236218647e+00
3.268298286792370888e+00,3.281254995371881478e+00,3.887012573853176889e-02,-2.291066744386505150e-02,9.825959458294667215e+00
3.268376251629679707e+00,3.281254995371881478e+00,3.863623122660531095e-02,-2.338945119264579375e-02,9.825246780033960903e+00
3.268455741144991933e+00,3.281254995371881478e+00,3.839776268066863452e-02,-2.384685459366764348e-02,9.824550908087001488e+00
3.268536685751112891e+00,3.281254995371881478e+00,3.815492886230575920e-02,-2.428338183628753200e-02,9.823871547026019613e+00
3.268619017511936509e+00,3.281254995371881478e+00,3.790793357983490708e-02,-2.469952824708521177e-02,9.823208405332749749e+00
3.268702670113293518e+00,3.281254995371881478e+00,3.765697577576387900e-02,-2.509578040710280789e-02,9.822561195368662013e+00
3.268787578834187357e+00,3.281254995371881478e+00,3.740224961308236118e-02,-2.547261626815178204e-02,9.821929633344931077e+00
3.268873680518415537e+00,3.281254995371881478e+00,3.714394456039782355e-02,-2.583050526845376282e-02,9.821313439291945002e+00
3.268960913546572922e+00,3.281254995371881478e+00,3.688224547592566793e-02,-2.616990844721556186e-02,9.820712337028711048e+00
3.269049217808432939e+00,3.281254995371881478e+00,3.661733269034561644e-02,-2.649127855800514908e-02,9.820126054132341409e+00
3.269138534675706254e+00,3.281254995371881478e+00,3.634938208852567243e-02,-2.679506018199440120e-02,9.819554321906531769e+00
3.269228806975170265e+00,3.281254995371881478e+00,3.607856519013363794e-02,-2.708168983920344886e-02,9.818996875350929798e+00
3.269319978962169415e+00,3.281254995371881478e+00,3.580504922913618771e-02,-2.735159609974502359e-02,9.818453453129391661e+00
3.269411996294481426e+00,3.281254995371881478e+00,3.552899723220015460e-02,-2.760519969360331061e-02,9.817923797538597341e+00
3.269504806006547248e+00,3.281254995371881478e+00,3.525056809600268792e-02,-2.784291361974666756e-02,9.817407654476255630e+00
3.269598356484060719e+00,3.281254995371881478e+00,3.496991666346227490e-02,-2.806514325404130261e-02,9.816904773409421026e+00
3.269692597438915271e+00,3.281254995371881478e+00,3.468719379889861898e-02,-2.827228645636559179e-02,9.816414907342533525e+00
3.269787479884504133e+00,3.281254995371881478e+00,3.440254646213203316e-02,-2.846473367665858234e-02,9.815937812785474392e+00
3.269882956111371364e+00,3.281254995371881478e+00,3.411611778153034180e-02,-2.864286806016913545e-02,9.815473249721360816e+00
3.269978979663211049e+00,3.281254995371881478e+00,3.382804712601128472e-02,-2.880706555190570839e-02,9.815020981574106074e+00
3.270075505313208009e+00,3.281254995371881478e+00,3.353847017602040737e-02,-2.895769499908773525e-02,9.814580775176933614e+00
3.270172489040722663e+00,3.281254995371881478e+00,3.324751899347644368e-02,-2.909511825439636823e-02,9.814152400739081017e+00
3.270269888008311199e+00,3.281254995371881478e+00,3.295532209071083685e-02,-2.921969027656068363e-02,9.813735631814150651e+00
3.270367660539081012e+00,3.281254995371881478e+00,3.266200449840139797e-02,-2.933175923094388793e-02,9.813330245267458452e+00
3.270465766094377891e+00,3.281254995371881478e+00,3.236768783251076087e-02,-2.943166658906370969e-02,9.812936021243448437e+00
3.270564165251798716e+00,3.281254995371881478e+00,3.207249036024828470e-02,-2.951974722624761682e-02,9.812552743134000721e+00
3.270662819683533229e+00,3.281254995371881478e+00,3.177652706504474622e-02,-2.959632952035384790e-02,9.812180197544691396e+00
3.270761692135021992e+00,3.281254995371881478e+00,3.147990971057845755e-02,-2.966173544662886741e-02,9.811818174263949643e+00
3.270860746403937203e+00,3.281254995371881478e+00,3.118274690383282532e-02,-2.971628067456322242e-02,9.811466466229269656e+00
3.270959947319475258e+00,3.281254995371881478e+00,3.088514415721865802e-02,-2.976027466141673017e-02,9.811124869495802869e+00
3.271059260721962847e+00,3.281254995371881478e+00,3.058720394975589230e-02,-2.979402074627657271e-02,9.810793183203479373e+00
3.271158653442770792e+00,3.281254995371881478e+00,3.028902578733205786e-02,-2.981781624238344364e-02,9.810471209544950000e+00
3.271258093284533430e+00,3.281254995371881478e+00,2.999070626204414225e-02,-2.983195252879156101e-02,9.810158753733253079e+00
3.271357549001669529e+00,3.281254995371881478e+00,2.969233911063584586e-02,-2.983671514082963938e-02,9.809855623969806260e+00
3.271456990281202515e+00,3.281254995371881478e+00,2.939401527203688858e-02,-2.983238385989572805e-02,9.809561631412140770e+00
3.271556387723876469e+00,3.281254995371881478e+00,2.909582294401502622e-02,-2.981923280218623518e-02,9.809276590141829288e+00
3.271655712825564777e+00,3.281254995371881478e+00,2.879784763895010258e-02,-2.979753050649236457e-02,9.809000317132458235e+00
3.271754937958966547e+00,3.281254995371881478e+00,2.850017223874479200e-02,-2.976754002053105808e-02,9.808732632218214675e+00
3.271854036355589912e+00,3.281254995371881478e+00,2.820287704887469715e-02,-2.972951898700948448e-02,9.808473358061865710e+00
3.271952982088019546e+00,3.281254995371881478e+00,2.790603985158579547e-02,-2.968371972889016774e-02,9.808222320122695237e+00
3.272051750052461294e+00,3.281254995371881478e+00,2.760973595826055060e-02,-2.963038933252448714e-02,9.807979346625735673e+00
3.272150315951565691e+00,3.281254995371881478e+00,2.731403826094735976e-02,-2.956976973131908437e-02,9.807744268529628329e+00
3.272248656277523260e+00,3.281254995371881478e+00,2.701901728307465334e-02,-2.950209778727064247e-02,9.807516919495803620e+00
3.272346748295430263e+00,3.281254995371881478e+00,2.672474122935364349e-02,-2.942760537210098448e-02,9.807297135857252712e+00
3.272444570026923127e+00,3.281254995371881478e+00,2.643127603487505084e-02,-2.934651944785926503e-02,9.807084756587016727e+00
3.272542100234074436e+00,3.281254995371881478e+00,2.613868541342112550e-02,-2.925906214539253369e-02,9.806879623268029533e+00
3.272639318403552711e+00,3.281254995371881478e+00,2.584703090498630118e-02,-2.916545084348243222e-02,9.806681580061503922e+00
3.272736204731037102e+00,3.281254995371881478e+00,2.555637192253312762e-02,-2.906589824531735644e-02,9.806490473677216713e+00
3.272832740105889204e+00,3.281254995371881478e+00,2.526676579797682010e-02,-2.896061245563075204e-02,9.806306153342346121e+00
3.272928906096075341e+00,3.281254995371881478e+00,2.497826782741841001e-02,-2.884979705584100884e-02,9.806128470771577454e+00
3.273024684933338868e+00,3.281254995371881478e+00,2.469093131562782872e-02,-2.873365117905812838e-02,9.805957280136571086e+00
3.273120059498615841e+00,3.281254995371881478e+00,2.440480761979690882e-02,-2.861236958309198997e-02,9.805792438036705860e+00
3.273215013307696708e+00,3.281254995371881478e+00,2.411994619255430905e-02,-2.848614272425997740e-02,9.805633803468294829e+00
3.273309530497124253e+00,3.281254995371881478e+00,2.383639462427167288e-02,-2.835515682826361683e-02,9.805481237796008998e+00
3.273403595810331357e+00,3.281254995371881478e+00,2.355419868465036259e-02,-2.821959396213102877e-02,9.805334604722519387e+00
3.273497194584011005e+00,3.281254995371881478e+00,2.327340236361141734e-02,-2.807963210389452513e-02,9.805193770259716501e+00
3.273590312734716345e+00,3.281254995371881478e+00,2.299404791149539662e-02,-2.793544521160207239e-02,9.805058602699894266e+00
3.273682936745691663e+00,3.281254995371881478e+00,2.271617587856944454e-02,-2.778720329259520838e-02,9.804928972585974734e+00
3.273775053653925848e+00,3.281254995371881478e+00,2.243982515386688803e-02,-2.763507247025565050e-02,9.804804752683612179e+00
3.273866651037428355e+00,3.281254995371881478e+00,2.216503300335936899e-02,-2.747921505075190396e-02,9.804685817952607962e+00
3.273957717002725865e+00,3.281254995371881478e+00,2.189183510746683936e-02,-2.731978958925296297e-02,9.804572045518213486e+00
3.274048240172575230e+00,3.281254995371881478e+00,2.162026559791874192e-02,-2.715695095480974430e-02,9.804463314643109939e+00
3.274138209673889133e+00,3.281254995371881478e+00,2.135035709397703485e-02,-2.699085039417070675e-02,9.804359506699807270e+00
3.274227615125873125e+00,3.281254995371881478e+00,2.108214073802505695e-02,-2.682163559519779028e-02,9.804260505142828208e+00
3.274316446628371402e+00,3.281254995371881478e+00,2.081564623053022700e-02,-2.664945074948299464e-02,9.804166195481048618e+00
3.274404694750417733e+00,3.281254995371881478e+00,2.055090186439123556e-02,-2.647443661389914382e-02,9.804076465250492589e+00
3.274492350518988903e+00,3.281254995371881478e+00,2.028793455867772266e-02,-2.629673057135129000e-02,9.803991203987326486e+00
3.274579405407958888e+00,3.281254995371881478e+00,2.002676989176777056e-02,-2.611646669099521034e-02,9.803910303200773058e+00
3.274665851327248856e+00,3.281254995371881478e+00,1.976743213389786646e-02,-2.593377578699040953e-02,9.803833656346908398e+00
3.274751680612173477e+00,3.281254995371881478e+00,1.950994427912400297e-02,-2.574878547738634893e-02,9.803761158801737707e+00
3.274836886012978177e+00,3.281254995371881478e+00,1.925432807670990343e-02,-2.556162024140995470e-02,9.803692707835299558e+00
3.274921460684566465e+00,3.281254995371881478e+00,1.900060406194503670e-02,-2.537240147648667232e-02,9.803628202585459306e+00
3.275005398176413340e+00,3.281254995371881478e+00,1.874879158640441190e-02,-2.518124755406248028e-02,9.803567544032341985e+00
3.275088692422663428e+00,3.281254995371881478e+00,1.849890884765414967e-02,-2.498827387502622344e-02,9.803510634972628424e+00
3.275171337732410759e+00,3.281254995371881478e+00,1.825097291841215608e-02,-2.479359292419935912e-02,9.803457379994213738e+00
3.275253328780157513e+00,3.281254995371881478e+00,1.800499977517189265e-02,-2.459731432402634255e-02,9.803407685451146492e+00
3.275334660596449510e+00,3.281254995371881478e+00,1.776100432629590387e-02,-2.439954488759887852e-02,9.803361459438697523e+00
3.275415328558685335e+00,3.281254995371881478e+00,1.751900043958842801e-02,-2.420038867074758571e-02,9.803318611768840896e+00
3.275495328382098226e+00,3.281254995371881478e+00,1.727900096934975593e-02,-2.399994702386720746e-02,9.803279053945482602e+00
3.275574656110905369e+00,3.281254995371881478e+00,1.704101778292832492e-02,-2.379831864214310144e-02,9.803242699140785277e+00
3.275653308109626849e+00,3.281254995371881478e+00,1.680506178676388629e-02,-2.359559961644386306e-02,9.803209462170320521e+00
3.275731281054565347e+00,3.281254995371881478e+00,1.657114295194839215e-02,-2.339188348154941366e-02,9.803179259470399032e+00
3.275808571925450607e+00,3.281254995371881478e+00,1.633927033929261086e-02,-2.318726126557812961e-02,9.803152009073714979e+00
3.275885177997243325e+00,3.281254995371881478e+00,1.610945212391445835e-02,-2.298182153781525017e-02,9.803127630586100594e+00
3.275961096832094910e+00,3.281254995371881478e+00,1.588169561935970364e-02,-2.277565045547547129e-02,9.803106045163884730e+00
3.276036326271462684e+00,3.281254995371881478e+00,1.565600730125638052e-02,-2.256883181033231267e-02,9.803087175490924565e+00
3.276110864428379621e+00,3.281254995371881478e+00,1.543239283050557020e-02,-2.236144707508103124e-02,9.803070945755425925e+00
3.276184709679871965e+00,3.281254995371881478e+00,1.521085707602853887e-02,-2.215357544770313325e-02,9.803057281628326791e+00
3.276257860659527399e+00,3.281254995371881478e+00,1.499140413706223640e-02,-2.194529389663024688e-02,9.803046110240432043e+00
3.276330316250206653e+00,3.281254995371881478e+00,1.477403736502447273e-02,-2.173667720377636670e-02,9.803037360161248159e+00
3.276402075576902106e+00,3.281254995371881478e+00,1.455875938493811361e-02,-2.152779800863591220e-02,9.803030961376302699e+00
3.276473137999735386e+00,3.281254995371881478e+00,1.434557211643827657e-02,-2.131872684998370460e-02,9.803026845266455069e+00
3.276543503107095301e+00,3.281254995371881478e+00,1.413447679435853033e-02,-2.110953220797462393e-02,9.803024944586384848e+00
3.276613170708913891e+00,3.281254995371881478e+00,1.392547398890275900e-02,-2.090028054557713233e-02,9.803025193443325236e+00
3.276682140830076584e+00,3.281254995371881478e+00,1.371856362541468144e-02,-2.069103634880775644e-02,9.803027527276608311e+00
3.276750413703966913e+00,3.281254995371881478e+00,1.351374500374369347e-02,-2.048186216709879659e-02,9.803031882836645394e+00
3.276817989766140915e+00,3.281254995371881478e+00,1.331101681722168806e-02,-2.027281865220054158e-02,9.803038198165021200e+00
3.276884869648131637e+00,3.281254995371881478e+00,1.311037717124952096e-02,-2.006396459721671022e-02,9.803046412574033752e+00
3.276951054171379774e+00,3.281254995371881478e+00,1.291182360150511244e-02,-1.985535697444085201e-02,9.803056466627065646e+00
3.277016544341290416e+00,3.281254995371881478e+00,1.271535309177318496e-02,-1.964705097319274785e-02,9.803068302118580490e+00
3.277081341341412823e+00,3.281254995371881478e+00,1.252096209140596272e-02,-1.943910003672222331e-02,9.803081862054684237e+00
3.277145446527740980e+00,3.281254995371881478e+00,1.232864653242149444e-02,-1.923155589844682822e-02,9.803097090633976052e+00
3.277208861423132280e+00,3.281254995371881478e+00,1.213840184624759289e-02,-1.902446861739015560e-02,9.803113933228857491e+00
3.277271587711846568e+00,3.281254995371881478e+00,1.195022298010472994e-02,-1.881788661428629439e-02,9.803132336365818489e+00
3.277333627234197522e+00,3.281254995371881478e+00,1.176410441305186794e-02,-1.861185670528620051e-02,9.803152247707766165e+00
3.277394981981319066e+00,3.281254995371881478e+00,1.158004017168723365e-02,-1.840642413646342845e-02,9.803173616035223858e+00
3.277455654090044135e+00,3.281254995371881478e+00,1.139802384551202863e-02,-1.820163261752050232e-02,9.803196391227992024e+00
3.277515645837892233e+00,3.281254995371881478e+00,1.121804860196773390e-02,-1.799752435442947274e-02,9.803220524247539203e+00
3.277574959638164920e+00,3.281254995371881478e+00,1.104010720114967370e-02,-1.779414008180602025e-02,9.803245967119345039e+00
3.277633598035149642e+00,3.281254995371881478e+00,1.086419201019550584e-02,-1.759151909541678549e-02,9.803272672914779662e+00
3.277691563699425714e+00,3.281254995371881478e+00,1.069029501736729060e-02,-1.738969928282152466e-02,9.803300595734546263e+00
3.277748859423275096e+00,3.281254995371881478e+00,1.051840784581914434e-02,-1.718871715481462559e-02,9.803329690691004572e+00
3.277805488116193544e+00,3.281254995371881478e+00,1.034852176706380078e-02,-1.698860787553435614e-02,9.803359913891529942e+00
3.277861452800501230e+00,3.281254995371881478e+00,1.018062771414074419e-02,-1.678940529230565915e-02,9.803391222421835138e+00
3.277916756607051063e+00,3.281254995371881478e+00,1.001471629449124379e-02,-1.659114196495004023e-02,9.803423574329542589e+00
3.277971402771033826e+00,3.281254995371881478e+00,9.850777802542953765e-03,-1.639384919482900216e-02,9.803456928607714005e+00
3.278025394627877454e+00,3.281254995371881478e+00,9.688802232012072579e-03,-1.619755705308811855e-02,9.803491245178925340e+00
3.278078735609239125e+00,3.281254995371881478e+00,9.528779287927058306e-03,-1.600229440850142737e-02,9.803526484879427016e+00
3.278131429239088845e+00,3.281254995371881478e+00,9.370698398377896865e-03,-1.580808895491614408e-02,9.803562609443462250e+00
3.278183479129882727e+00,3.281254995371881478e+00,9.214548725996252188e-03,-1.561496723816446774e-02,9.803599581487832282e+00
3.278234888978825534e+00,3.281254995371881478e+00,9.060319179167830583e-03,-1.542295468284216042e-02,9.803637364496326612e+00
3.278285662564218050e+00,3.281254995371881478e+00,8.907998422990281995e-03,-1.523207561775485885e-02,9.803675922805236809e+00
3.278335803741891041e+00,3.281254995371881478e+00,8.757574889971309062e-03,-1.504235330189729325e-02,9.803715221588074513e+00
3.278385316441722708e+00,3.281254995371881478e+00,8.609036790476309875e-03,-1.485380994949991873e-02,9.803755226840976889e+00
3.278434204664238294e+00,3.281254995371881478e+00,8.462372122929551210e-03,-1.466646675467586647e-02,9.803795905368254182e+00
3.278482472477290965e+00,3.281254995371881478e+00,8.317568683771536797e-03,-1.448034391580144131e-02,9.803837224767971037e+00
3.278530124012820401e+00,3.281254995371881478e+00,8.174614077183228744e-03,-1.429546065883080530e-02,9.803879153418353809e+00
3.278577163463691768e+00,3.281254995371881478e+00,8.033495724569128527e-03,-1.411183526141002176e-02,9.803921660463160492e+00
3.278623595080609299e+00,3.281254995371881478e+00,7.894200873816537012e-03,-1.392948507525915147e-02,9.803964715798556995e+00
3.278669423169106700e+00,3.281254995371881478e+00,7.756716608324332185e-03,-1.374842654922048268e-02,9.804008290059105235e+00
3.278714652086609949e+00,3.281254995371881478e+00,7.621029855814587251e-03,-1.356867525097449345e-02,9.804052354604840147e+00
3.278759286239573800e+00,3.281254995371881478e+00,7.487127396923032308e-03,-1.339024588915549430e-02,9.804096881507767591e+00
3.278803330080688472e+00,3.281254995371881478e+00,7.354995873579017740e-03,-1.321315233440145676e-02,9.804141843539177614e+00
3.278846788106156929e+00,3.281254995371881478e+00,7.224621797173647053e-03,-1.303740764053706869e-02,9.804187214156637964e+00
3.278889664853041008e+00,3.281254995371881478e+00,7.095991556521408228e-03,-1.286302406522388253e-02,9.804232967491298467e+00
3.278931964896674156e+00,3.281254995371881478e+00,6.969091425621964930e-03,-1.269001308994432975e-02,9.804279078335678577e+00
3.278973692848140775e+00,3.281254995371881478e+00,6.843907571222107578e-03,-1.251838543998573527e-02,9.804325522131236426e+00
3.279014853351820857e+00,3.281254995371881478e+00,6.720426060181861061e-03,-1.234815110402465166e-02,9.804372274956158151e+00
3.279055451082996342e+00,3.281254995371881478e+00,6.598632866655407270e-03,-1.217931935264537913e-02,9.804419313514010526e+00
3.279095490745523200e+00,3.281254995371881478e+00,6.478513879074832005e-03,-1.201189875805752649e-02,9.804466615121018691e+00
3.279134977069562140e+00,3.281254995371881478e+00,6.360054906958012566e-03,-1.184589721168194387e-02,9.804514157695276566e+00
3.279173914809370594e+00,3.281254995371881478e+00,6.243241687532652406e-03,-1.168132194253601597e-02,9.804561919744998022e+00
3.279212308741153770e+00,3.281254995371881478e+00,6.128059892183124191e-03,-1.151817953495282154e-02,9.804609880357229912e+00
3.279250163660972550e+00,3.281254995371881478e+00,6.014495132726782600e-03,-1.135647594563415907e-02,9.804658019187092677e+00
3.279287484382710005e+00,3.281254995371881478e+00,5.902532967514417805e-03,-1.119621652123647948e-02,9.804706316446278436e+00
3.279324275736092087e+00,3.281254995371881478e+00,5.792158907368172294e-03,-1.103740601462455118e-02,9.804754752892744563e+00
3.279360542564763392e+00,3.281254995371881478e+00,5.683358421354256507e-03,-1.088004860139157870e-02,9.804803309819963175e+00
3.279396289724416658e+00,3.281254995371881478e+00,5.576116942394460096e-03,-1.072414789597964102e-02,9.804851969046415761e+00
3.279431522080974659e+00,3.281254995371881478e+00,5.470419872720455601e-03,-1.056970696740044957e-02,9.804900712905320503e+00
3.279466244508823181e+00,3.281254995371881478e+00,5.366252589174891341e-03,-1.041672835455642598e-02,9.804949524234618963e+00
3.279500461889095053e+00,3.281254995371881478e+00,5.263600448359273543e-03,-1.026521408156177984e-02,9.804998386366797547e+00
3.279534179108003933e+00,3.281254995371881478e+00,5.162448791632634482e-03,-1.011516567266390609e-02,9.805047283118970114e+00
3.279567401055224707e+00,3.281254995371881478e+00,5.062782949970312529e-03,-9.966584166232195230e-03,9.805096198783738615e+00
3.279600132622323638e+00,3.281254995371881478e+00,4.964588248673518223e-03,-9.819470129679430670e-03,9.805145118118995029e+00
3.279632378701234696e+00,3.281254995371881478e+00,4.867850011940344501e-03,-9.673823673317372140e-03,9.805194026338623914e+00
3.279664144182779406e+00,3.281254995371881478e+00,4.772553567306214717e-03,-9.529644463412978439e-03,9.805242909103894178e+00
3.279695433955234662e+00,3.281254995371881478e+00,4.678684249940445739e-03,-9.386931736576897833e-03,9.805291752513364045e+00
3.279726252902940953e+00,3.281254995371881478e+00,4.586227406821574704e-03,-9.245684311887103490e-03,9.805340543094935413e+00
3.279756605904956768e+00,3.281254995371881478e+00,4.495168400774129935e-03,-9.105900604744476823e-03,9.805389267796030595e+00
3.279786497833752534e+00,3.281254995371881478e+00,4.405492614386830041e-03,-8.967578638729989393e-03,9.805437913975657338e+00
3.279815933553945850e+00,3.281254995371881478e+00,4.317185453806882123e-03,-8.830716057994791868e-03,9.805486469395813032e+00
3.279844917921078462e+00,3.281254995371881478e+00,4.230232352409046825e-03,-8.695310139783529735e-03,9.805534922212626014e+00
3.279873455780432323e+00,3.281254995371881478e+00,4.144618774347463841e-03,-8.561357806158298445e-03,9.805583260968189663e+00
3.279901551965882955e+00,3.281254995371881478e+00,4.060330217995566926e-03,-8.428855635189691498e-03,9.805631474582806817e+00
3.279929211298791891e+00,3.281254995371881478e+00,3.977352219268759370e-03,-8.297799872680755584e-03,9.805679552346589389e+00
3.279956438586935530e+00,3.281254995371881478e+00,3.895670354837843519e-03,-8.168186443091585147e-03,9.805727483911747200e+00
3.279983238623470410e+00,3.281254995371881478e+00,3.815270245233204349e-03,-8.040010960463916945e-03,9.805775259284770229e+00
3.280009616185934007e+00,3.281254995371881478e+00,3.736137557842411638e-03,-7.913268739079271086e-03,9.805822868818763638e+00
3.280035576035279288e+00,3.281254995371881478e+00,3.658258009806569788e-03,-7.787954803584185015e-03,9.805870303206223326e+00
3.280061122914945226e+00,3.281254995371881478e+00,3.581617370808753975e-03,-7.664063899781581313e-03,9.805917553471028114e+00
3.280086261549958415e+00,3.281254995371881478e+00,3.506201465769187564e-03,-7.541590503956641101e-03,9.805964610961812156e+00
3.280110996646067534e+00,3.281254995371881478e+00,3.431996177441831719e-03,-7.420528832735584501e-03,9.806011467344706745e+00
3.280135332888911126e+00,3.281254995371881478e+00,3.358987448911054940e-03,-7.300872853077677860e-03,9.806058114595833430e+00
3.280159274943214243e+00,3.281254995371881478e+00,3.287161286001705207e-03,-7.182616290934973335e-03,9.806104544995067229e+00
3.280182827452017058e+00,3.281254995371881478e+00,3.216503759593258849e-03,-7.065752640844635835e-03,9.806150751118750009e+00
3.280205995035931466e+00,3.281254995371881478e+00,3.147001007850036558e-03,-6.950275174322229077e-03,9.806196725833528305e+00
3.280228782292429646e+00,3.281254995371881478e+00,3.078639238355496133e-03,-6.836176949454042528e-03,9.806242462288901507e+00
3.280251193795156617e+00,3.281254995371881478e+00,3.011404730174582767e-03,-6.723450818091336600e-03,9.806287953912082855e+00
3.280273234093274759e+00,3.281254995371881478e+00,2.945283835820156071e-03,-6.612089435442669583e-03,9.806333194400377096e+00
3.280294907710832764e+00,3.281254995371881478e+00,2.880262983146142375e-03,-6.502085267401369606e-03,9.806378177715744826e+00
3.280316219146162560e+00,3.281254995371881478e+00,2.816328677156754168e-03,-6.393430598938820708e-03,9.806422898078217543e+00
3.280337172871300222e+00,3.281254995371881478e+00,2.753467501743767087e-03,-6.286117541298708034e-03,9.806467349960446001e+00
3.280357773331433968e+00,3.281254995371881478e+00,2.691666121342528584e-03,-6.180138040123850374e-03,9.806511528081220064e+00
3.280378024944375692e+00,3.281254995371881478e+00,2.630911282517356398e-03,-6.075483882517218603e-03,9.806555427400001079e+00
3.280397932100057368e+00,3.281254995371881478e+00,2.571189815472330054e-03,-5.972146704502634407e-03,9.806599043110971081e+00
3.280417499160050099e+00,3.281254995371881478e+00,2.512488635494136702e-03,-5.870117997819335187e-03,9.806642370637675299e+00
3.280436730457106709e+00,3.281254995371881478e+00,2.454794744324306777e-03,-5.769389116982992505e-03,9.806685405627341368e+00
3.280455630294726088e+00,3.281254995371881478e+00,2.398095231466168542e-03,-5.669951285813823461e-03,9.806728143945653287e+00
3.280474202946739748e+00,3.281254995371881478e+00,2.342377275425189254e-03,-5.571795604097928845e-03,9.806770581671328202e+00
3.280492452656920577e+00,3.281254995371881478e+00,2.287628144882702941e-03,-5.474913054248631283e-03,9.806812715090634569e+00
3.280510383638610694e+00,3.281254995371881478e+00,2.233835199812350680e-03,-5.379294507035226047e-03,9.806854540692777178e+00
3.280528000074370176e+00,3.281254995371881478e+00,2.180985892533904291e-03,-5.284930727844638909e-03,9.806896055164688875e+00
3.280545306115645765e+00,3.281254995371881478e+00,2.129067768707137986e-03,-5.191812382676630477e-03,9.806937255386031893e+00
3.280562305882460006e+00,3.281254995371881478e+00,2.078068468264415714e-03,-5.099930044272227292e-03,9.806978138423993130e+00
3.280579003463116816e+00,3.281254995371881478e+00,2.027975726293984593e-03,-5.009274197043112054e-03,9.807018701529251814e+00
3.280595402913926595e+00,3.281254995371881478e+00,1.978777373864648581e-03,-4.919835242933601194e-03,9.807058942130931101e+00
3.280611508258949538e+00,3.281254995371881478e+00,1.930461338795819159e-03,-4.831603506882942156e-03,9.807098857831913818e+00
3.280627323489755387e+00,3.281254995371881478e+00,1.883015646378272123e-03,-4.744569241754703626e-03,9.807138446404623622e+00
3.280642852565201828e+00,3.281254995371881478e+00,1.836428420038949128e-03,-4.658722633932299573e-03,9.807177705786106259e+00
3.280658099411227102e+00,3.281254995371881478e+00,1.790687881963126671e-03,-4.574053807582245668e-03,9.807216634074380934e+00
3.280673067920659491e+00,3.281254995371881478e+00,1.745782353665958908e-03,-4.490552829716776273e-03,9.807255229523949680e+00
3.280687761953044568e+00,3.281254995371881478e+00,1.701700256510729758e-03,-4.408209715522914962e-03,9.807293490540988756e+00
3.280702185334483545e+00,3.281254995371881478e+00,1.658430112193798323e-03,-4.327014431693143592e-03,9.807331415680501152e+00
3.280716341857490725e+00,3.281254995371881478e+00,1.615960543172256791e-03,-4.246956902154153113e-03,9.807369003641017713e+00
3.280730235280862050e+00,3.281254995371881478e+00,1.574280273058281665e-03,-4.168027011397512638e-03,9.807406253261660822e+00
3.280743869329559192e+00,3.281254995371881478e+00,1.533378126966855604e-03,-4.090214609142606150e-03,9.807443163517824303e+00
3.280757247694608303e+00,3.281254995371881478e+00,1.493243031819524447e-03,-4.013509514733115680e-03,9.807479733517087794e+00
3.280770374033008974e+00,3.281254995371881478e+00,1.453864016617512078e-03,-3.937901520201236849e-03,9.807515962496417217e+00
3.280783251967659631e+00,3.281254995371881478e+00,1.415230212665541387e-03,-3.863380395197069106e-03,9.807551849817468081e+00
3.280795885087291808e+00,3.281254995371881478e+00,1.377330853769009877e-03,-3.789935889653150980e-03,9.807587394964116356e+00
3.280808276946420410e+00,3.281254995371881478e+00,1.340155276383203642e-03,-3.717557738580623550e-03,9.807622597537802633e+00
3.280820431065302856e+00,3.281254995371881478e+00,1.303692919735865985e-03,-3.646235664733765702e-03,9.807657457255002598e+00
3.280832350929910657e+00,3.281254995371881478e+00,1.267933325912462550e-03,-3.575959382340343495e-03,9.807691973943573061e+00
3.280844039991912986e+00,3.281254995371881478e+00,1.232866139905475222e-03,-3.506718600698732757e-03,9.807726147539206352e+00
3.280855501668669127e+00,3.281254995371881478e+00,1.198481109637050679e-03,-3.438503026842454346e-03,9.807759978082795982e+00
3.280866739343233363e+00,3.281254995371881478e+00,1.164768085944345444e-03,-3.371302369270523513e-03,9.807793465716674319e+00
3.280877756364369624e+00,3.281254995371881478e+00,1.131717022535561057e-03,-3.305106340878438687e-03,9.807826610681658508e+00
3.280888556046573701e+00,3.281254995371881478e+00,1.099317975923330692e-03,-3.239904661223036442e-03,9.807859413314700348e+00
3.280899141670109653e+00,3.281254995371881478e+00,1.067561105315473213e-03,-3.175687060785747917e-03,9.807891874044530667e+00
3.280909516481049781e+00,3.281254995371881478e+00,1.036436672495089084e-03,-3.112443282038412917e-03,9.807923993390456729e+00
3.280919683691329247e+00,3.281254995371881478e+00,1.005935041656691453e-03,-3.050163083839763090e-03,9.807955771957818314e+00
3.280929646478804251e+00,3.281254995371881478e+00,9.760466792316790929e-04,-2.988836242501236029e-03,9.807987210436731829e+00
3.280939407987323087e+00,3.281254995371881478e+00,9.467621536751735789e-04,-2.928452555650551403e-03,9.808018309598026008e+00
3.280948971326801633e+00,3.281254995371881478e+00,9.180721352395337931e-04,-2.869001843563978582e-03,9.808049070291676941e+00
3.280958339573309512e+00,3.281254995371881478e+00,8.899673957158960036e-04,-2.810473952363778949e-03,9.808079493443353059e+00
3.280967515769161569e+00,3.281254995371881478e+00,8.624388081597267330e-04,-2.752858755616927056e-03,9.808109580052542853e+00
3.280976502923018678e+00,3.281254995371881478e+00,8.354773465883980066e-04,-2.696146157132872645e-03,9.808139331189455135e+00
3.280985304009994774e+00,3.281254995371881478e+00,8.090740856601108533e-04,-2.640326092828715332e-03,9.808168747992832337e+00
3.280993921971770089e+00,3.281254995371881478e+00,7.832202003341670604e-04,-2.585388532594379285e-03,9.808197831667740729e+00
3.281002359716712391e+00,3.281254995371881478e+00,7.579069655072601108e-04,-2.531323482690694959e-03,9.808226583482817063e+00
3.281010620120003107e+00,3.281254995371881478e+00,7.331257556351111759e-04,-2.478120987214893489e-03,9.808255004768421159e+00
3.281018706023770548e+00,3.281254995371881478e+00,7.088680443327888270e-04,-2.425771130232234896e-03,9.808283096914101051e+00
3.281026620237229352e+00,3.281254995371881478e+00,6.851254039563769993e-04,-2.374264037641182767e-03,9.808310861366315692e+00
3.281034365536824815e+00,3.281254995371881478e+00,6.618895051699880128e-04,-2.323589878638898654e-03,9.808338299626530699e+00
3.281041944666382992e+00,3.281254995371881478e+00,6.391521164954561129e-04,-2.273738867453189982e-03,9.808365413249042319e+00
3.281049360337266130e+00,3.281254995371881478e+00,6.169051038460438008e-04,-2.224701264941231216e-03,9.808392203838906198e+00
3.281056615228532980e+00,3.281254995371881478e+00,5.951404300454932184e-04,-2.176467380055058243e-03,9.808418673049990488e+00
3.281063711987104892e+00,3.281254995371881478e+00,5.738501543297580554e-04,-2.129027571573516298e-03,9.808444822582757183e+00
3.281070653227935008e+00,3.281254995371881478e+00,5.530264318394095824e-04,-2.082372249034847300e-03,9.808470654182805504e+00
3.281077441534183237e+00,3.281254995371881478e+00,5.326615130947232046e-04,-2.036491874468637775e-03,9.808496169638626583e+00
3.281084079457395664e+00,3.281254995371881478e+00,5.127477434574423398e-04,-1.991376963728086480e-03,9.808521370779729409e+00
3.281090569517685740e+00,3.281254995371881478e+00,4.932775625872132252e-04,-1.947018087022911459e-03,9.808546259475564355e+00
3.281096914203923465e+00,3.281254995371881478e+00,4.742435038740389075e-04,-1.903405871317431775e-03,9.808570837632556660e+00
3.281103115973924567e+00,3.281254995371881478e+00,4.556381938707332324e-04,-1.860531000330567508e-03,9.808595107193539775e+00
3.281109177254645015e+00,3.281254995371881478e+00,4.374543517093876233e-04,-1.818384216134560916e-03,9.808619070135575768e+00
3.281115100442379084e+00,3.281254995371881478e+00,4.196847885071797180e-04,-1.776956320220790531e-03,9.808642728468287331e+00
3.281120887902960082e+00,3.281254995371881478e+00,4.023224067641884005e-04,-1.736238174299131742e-03,9.808666084232465110e+00
3.281126541971964183e+00,3.281254995371881478e+00,3.853601997518829592e-04,-1.696220701230544137e-03,9.808689139498522280e+00
3.281132064954918270e+00,3.281254995371881478e+00,3.687912508896218355e-04,-1.656894886226112362e-03,9.808711896364663119e+00
3.281137459127508649e+00,3.281254995371881478e+00,3.526087331184868390e-04,-1.618251777113499656e-03,9.808734356956005485e+00
3.281142726735794657e+00,3.281254995371881478e+00,3.368059082604624166e-04,-1.580282485802442238e-03,9.808756523422458073e+00
3.281147869996422717e+00,3.281254995371881478e+00,3.213761263762826559e-04,-1.542978188417976071e-03,9.808778397937958360e+00
3.281152891096844826e+00,3.281254995371881478e+00,3.063128251099556110e-04,-1.506330126632704491e-03,9.808799982698477748e+00
3.281157792195536604e+00,3.281254995371881478e+00,2.916095290346198965e-04,-1.470329607533571448e-03,9.808821279921501102e+00
3.281162575422220673e+00,3.281254995371881478e+00,2.772598489824140700e-04,-1.434968005220582654e-03,9.808842291843761885e+00
3.281167242878089141e+00,3.281254995371881478e+00,2.632574813770105493e-04,-1.400236760540352066e-03,9.808863020720837156e+00
3.281171796636029647e+00,3.281254995371881478e+00,2.495962075554913895e-04,-1.366127382151915981e-03,9.808883468825403185e+00
3.281176238740852735e+00,3.281254995371881478e+00,2.362698930862272562e-04,-1.332631446926413332e-03,9.808903638446160755e+00
3.281180571209520558e+00,3.281254995371881478e+00,2.232724870827595964e-04,-1.299740600346765973e-03,9.808923531886737379e+00
3.281184796031376916e+00,3.281254995371881478e+00,2.105980215136860068e-04,-1.267446556907358968e-03,9.808943151464607269e+00
3.281188915168379516e+00,3.281254995371881478e+00,1.982406105058842627e-04,-1.235741100780174406e-03,9.808962499509725319e+00
3.281192930555333120e+00,3.281254995371881478e+00,1.861944496450718134e-04,-1.204616086081244930e-03,9.808981578363564324e+00
3.281196844100123133e+00,3.281254995371881478e+00,1.744538152750330084e-04,-1.174063437003880495e-03,9.809000390378271206e+00
3.281200657683950972e+00,3.281254995371881478e+00,1.630130637915172542e-04,-1.144075148351575422e-03,9.809018937915439551e+00
3.281204373161570320e+00,3.281254995371881478e+00,1.518666309334726350e-04,-1.114643285804461925e-03,9.809037223345129064e+00
3.281207992361524273e+00,3.281254995371881478e+00,1.410090310716149986e-04,-1.085759986185763637e-03,9.809055249044886793e+00
3.281211517086382923e+00,3.281254995371881478e+00,1.304348564956647749e-04,-1.057417457595022370e-03,9.809073017398901584e+00
3.281214949112981394e+00,3.281254995371881478e+00,1.201387767002515261e-04,-1.029607979541324880e-03,9.809090530797160312e+00
3.281218290192659648e+00,3.281254995371881478e+00,1.101155376654894269e-04,-1.002323903476209921e-03,9.809107791634190221e+00
3.281221542051500961e+00,3.281254995371881478e+00,1.003599611415495474e-04,-9.755576523939879507e-04,9.809124802308748059e+00
3.281224706390573509e+00,3.281254995371881478e+00,9.086694392390626263e-05,-9.493017217643284766e-04,9.809141565222159187e+00
3.281227784886167953e+00,3.281254995371881478e+00,8.163145714057407076e-05,-9.235486783332191862e-04,9.809158082778807852e+00
3.281230779190040359e+00,3.281254995371881478e+00,7.264854552335719973e-05,-8.982911617216871036e-04,9.809174357383803056e+00
3.281233690929651114e+00,3.281254995371881478e+00,6.391332669108962250e-05,-8.735218832267577227e-04,9.809190391443465273e+00
3.281236521708406517e+00,3.281254995371881478e+00,5.542099042488146665e-05,-8.492336266208155848e-04,9.809206187363804119e+00
3.281239273105898135e+00,3.281254995371881478e+00,4.716679795002676201e-05,-8.254192474854704642e-04,9.809221747550465054e+00
3.281241946678144839e+00,3.281254995371881478e+00,3.914608120991758256e-05,-8.020716740109179455e-04,9.809237074407199941e+00
3.281244543957832160e+00,3.281254995371881478e+00,3.135424214795179410e-05,-7.791839061965788460e-04,9.809252170335952314e+00
3.281247066454552996e+00,3.281254995371881478e+00,2.378675198544399905e-05,-7.567490162507795048e-04,9.809267037735734718e+00
3.281249515655047411e+00,3.281254995371881478e+00,1.643915050220101648e-05,-7.347601483242982567e-04,9.809281679002179288e+00
3.281251893023442001e+00,3.281254995371881478e+00,9.307045318429629788e-06,-7.132105183771386692e-04,9.809296096526942677e+00
3.281254200001489263e+00,3.281254995371881478e+00,2.386111176644334364e-06,-6.920934141785295424e-04,9.809310292696999056e+00
3.281256438008806509e+00,3.281254995371881478e+00,-4.327910775092647100e-06,-6.714021951736981464e-04,9.809324269894052151e+00
3.281258608443113012e+00,3.281254995371881478e+00,-1.083921369460227879e-05,-6.511302919509631693e-04,9.809338030494355820e+00
3.281260712680468927e+00,3.281254995371881478e+00,-1.715192576234869648e-05,-6.312712067746417688e-04,9.809351576867463507e+00
3.281262752075511546e+00,3.281254995371881478e+00,-2.327011089020558643e-05,-6.118185127856889949e-04,9.809364911376324159e+00
3.281264727961691996e+00,3.281254995371881478e+00,-2.919776943155483195e-05,-5.927658541349245525e-04,9.809378036376433130e+00
3.281266641651510163e+00,3.281254995371881478e+00,-3.493883888605608945e-05,-5.741069454501257496e-04,9.809390954215665204e+00
3.281268494436749616e+00,3.281254995371881478e+00,-4.049719460441636443e-05,-5.558355718360274977e-04,9.809403667233560498e+00
3.281270287588712531e+00,3.281254995371881478e+00,-4.587665049315958754e-05,-5.379455888743223113e-04,9.809416177760633460e+00
3.281272022358451501e+00,3.281254995371881478e+00,-5.108095971007031721e-05,-5.204309216910729674e-04,9.809428488118598466e+00
3.281273699977002245e+00,3.281254995371881478e+00,-5.611381536230197753e-05,-5.032855652231660315e-04,9.809440600619414141e+00
3.281275321655614974e+00,3.281254995371881478e+00,-6.097885120048829322e-05,-4.865035838186315686e-04,9.809452517564981378e+00
3.281276888585984430e+00,3.281254995371881478e+00,-6.567964230885792176e-05,-4.700791108369628546e-04,9.809464241246853788e+00
3.281278401940478595e+00,3.281254995371881478e+00,-7.021970579135228263e-05,-4.540063482494360869e-04,9.809475773945958821e+00
3.281279862872366948e+00,3.281254995371881478e+00,-7.460250145641111885e-05,-4.382795665058836221e-04,9.809487117932038203e+00
3.281281272516048730e+00,3.281254995371881478e+00,-7.883143250175805861e-05,-4.228931045346939754e-04,9.809498275462964045e+00
3.281282631987276766e+00,3.281254995371881478e+00,-8.290984618586350052e-05,-4.078413684105441916e-04,9.809509248785403202e+00
3.281283942383383501e+00,3.281254995371881478e+00,-8.684103450606883712e-05,-3.931188320205336595e-04,9.809520040133474339e+00
3.281285204783503495e+00,3.281254995371881478e+00,-9.062823486605253720e-05,-3.787200359983700082e-04,9.809530651729136963e+00
3.281286420248796354e+00,3.281254995371881478e+00,-9.427463074462849590e-05,-3.646395878575958704e-04,9.809541085781397385e+00
3.281287589822667439e+00,3.281254995371881478e+00,-9.778335235788304658e-05,-3.508721613254550675e-04,9.809551344486317603e+00
3.281288714530987249e+00,3.281254995371881478e+00,-1.011574773173151698e-04,-3.374124959432123205e-04,9.809561430026739970e+00
3.281289795382309471e+00,3.281254995371881478e+00,-1.044000312839798994e-04,-3.242553966664729614e-04,9.809571344572049156e+00
3.281290833368089022e+00,3.281254995371881478e+00,-1.075139886226317287e-04,-3.113957338651829332e-04,9.809581090277513127e+00
3.281291829462896104e+00,3.281254995371881478e+00,-1.105022730438776080e-04,-2.988284421245879230e-04,9.809590669284832032e+00
3.281292784624632031e+00,3.281254995371881478e+00,-1.133677582516590121e-04,-2.865485207781404142e-04,9.809600083720971142e+00
3.281293699794739727e+00,3.281254995371881478e+00,-1.161132685747467974e-04,-2.745510323087785309e-04,9.809609335699116528e+00
3.281294575898417332e+00,3.281254995371881478e+00,-1.187415796075619312e-04,-2.628311032815133785e-04,9.809618427317111866e+00
3.281295413844826925e+00,3.281254995371881478e+00,-1.212554188363412777e-04,-2.513839228779346513e-04,9.809627360658286221e+00
3.281296214527302357e+00,3.281254995371881478e+00,-1.236574662626388488e-04,-2.402047426297571064e-04,9.809636137791107657e+00
3.281296978823556643e+00,3.281254995371881478e+00,-1.259503550254947868e-04,-2.292888762855938012e-04,9.809644760768689409e+00
3.281297707595888014e+00,3.281254995371881478e+00,-1.281366720196075448e-04,-2.186316994112758039e-04,9.809653231628569614e+00
3.281298401691381983e+00,3.281254995371881478e+00,-1.302189585015156581e-04,-2.082286481908113274e-04,9.809661552393308170e+00
3.281299061942115625e+00,3.281254995371881478e+00,-1.321997107024408535e-04,-1.980752200925195439e-04,9.809669725069205981e+00
3.281299689165356082e+00,3.281254995371881478e+00,-1.340813804238116802e-04,-1.881669721370826664e-04,9.809677751647440047e+00
3.281300284163761294e+00,3.281254995371881478e+00,-1.358663756394484778e-04,-1.784995215636797639e-04,9.809685634102796925e+00
3.281300847725576730e+00,3.281254995371881478e+00,-1.375570610857579368e-04,-1.690685446309458939e-04,9.809693374394283794e+00
3.281301380624831676e+00,3.281254995371881478e+00,-1.391557588505953902e-04,-1.598697764837453406e-04,9.809700974464666601e+00
3.281301883621532856e+00,3.281254995371881478e+00,-1.406647489541335005e-04,-1.508990103538110361e-04,9.809708436240692109e+00
3.281302357461858055e+00,3.281254995371881478e+00,-1.420862699297309462e-04,-1.421520975597445613e-04,9.809715761632510578e+00
3.281302802878346636e+00,3.281254995371881478e+00,-1.434225193954752342e-04,-1.336249465744288045e-04,9.809722952534031037e+00
3.281303220590088721e+00,3.281254995371881478e+00,-1.446756546217287109e-04,-1.253135226253476731e-04,9.809730010822754309e+00
3.281303611302913037e+00,3.281254995371881478e+00,-1.458477930946777690e-04,-1.172138472949058041e-04,9.809736938359611358e+00
3.281303975709573439e+00,3.281254995371881478e+00,-1.469410130758852517e-04,-1.093219981207482761e-04,9.809743736988803420e+00
3.281304314489932761e+00,3.281254995371881478e+00,-1.479573541538492520e-04,-1.016341077964000306e-04,9.809750408538050692e+00
3.281304628311145777e+00,3.281254995371881478e+00,-1.488988177928973755e-04,-9.414636390481234685e-05,9.809756954818302788e+00
3.281304917827840395e+00,3.281254995371881478e+00,-1.497673678767519334e-04,-8.685500838545578972e-05,9.809763377623738734e+00
3.281305183682297510e+00,3.281254995371881478e+00,-1.505649312480983326e-04,-7.975633713463992081e-05,9.809769678731617759e+00
3.281305426504627754e+00,3.281254995371881478e+00,-1.512933982388275922e-04,-7.284669907292595781e-05,9.809775859902689632e+00
3.281305646912948237e+00,3.281254995371881478e+00,-1.519546232002788599e-04,-6.612249614512677454e-05,9.809781922880654648e+00
3.281305845513557085e+00,3.281254995371881478e+00,-1.525504250268205908e-04,-5.958018265417308612e-05,9.809787869392319948e+00
3.281306022901104846e+00,3.281254995371881478e+00,-1.530825876701058519e-04,-5.321626432852610833e-05,9.809793701148002754e+00
3.281306179658767697e+00,3.281254995371881478e+00,-1.535528606586566980e-04,-4.702729885508460939e-05,9.809799419840487644e+00
3.281306316358414410e+00,3.281254995371881478e+00,-1.539629595987968003e-04,-4.100989401401022860e-05,9.809805027146387246e+00
3.281306433560775559e+00,3.281254995371881478e+00,-1.543145666822454132e-04,-3.516070834486129115e-05,9.809810524724973391e+00
3.281306531815609606e+00,3.281254995371881478e+00,-1.546093311843854679e-04,-2.947645021400546739e-05,9.809815914218601662e+00
3.281306611661865436e+00,3.281254995371881478e+00,-1.548488699518735245e-04,-2.395387674880566919e-05,9.809821197253299374e+00
3.281306673627846671e+00,3.281254995371881478e+00,-1.550347678955787956e-04,-1.858979437052710182e-05,9.809826375437733503e+00
3.281306718231371544e+00,3.281254995371881478e+00,-1.551685784701994919e-04,-1.338105746206963431e-05,9.809831450364068672e+00
3.281306745979932771e+00,3.281254995371881478e+00,-1.552518241538791699e-04,-8.324568367967799531e-06,9.809836423607478650e+00
3.281306757370854754e+00,3.281254995371881478e+00,-1.552859969198294721e-04,-3.417276595030216413e-06,9.809841296726485638e+00
3.281306752891449463e+00,3.281254995371881478e+00,-1.552725587039560651e-04,1.343821587340698898e-06,9.809846071262883882e+00
3.281306733019170530e+00,3.281254995371881478e+00,-1.552129418671555072e-04,5.961683680055784862e-06,9.809850748741812509e+00
3.281306698221765572e+00,3.281254995371881478e+00,-1.551085496522830454e-04,1.043922148724618637e-05,9.809855330671835461e+00
3.281306648957428074e+00,3.281254995371881478e+00,-1.549607566397881442e-04,1.477930124949011770e-05,9.809859818544609311e+00
3.281306585674944820e+00,3.281254995371881478e+00,-1.547709091900273393e-04,1.898474497608049205e-05,9.809864213835787439e+00
3.281306508813845113e+00,3.281254995371881478e+00,-1.545403258909061606e-04,2.305832991211786975e-05,9.809868518004021709e+00
3.281306418804545988e+00,3.281254995371881478e+00,-1.542702979935306473e-04,2.700278973755132483e-05,9.809872732491744074e+00
3.281306316068496098e+00,3.281254995371881478e+00,-1.539620898438620600e-04,3.082081496685873390e-05,9.809876858725123938e+00
3.281306201018318713e+00,3.281254995371881478e+00,-1.536169393117070570e-04,3.451505321550030203e-05,9.809880898113904735e+00
3.281306074057952493e+00,3.281254995371881478e+00,-1.532360582130465332e-04,3.808810986605237758e-05,9.809884852051652615e+00
3.281305935582791378e+00,3.281254995371881478e+00,-1.528206327296999234e-04,4.154254833466097807e-05,9.809888721915605458e+00
3.281305785979821810e+00,3.281254995371881478e+00,-1.523718238209958997e-04,4.488089087040236791e-05,9.809892509067049460e+00
3.281305625627759071e+00,3.281254995371881478e+00,-1.518907676327785339e-04,4.810561882173658432e-05,9.809896214851189455e+00
3.281305454897181395e+00,3.281254995371881478e+00,-1.513785758997521214e-04,5.121917330264125212e-05,9.809899840597402942e+00
3.281305274150663642e+00,3.281254995371881478e+00,-1.508363363464937379e-04,5.422395532583834665e-05,9.809903387618980730e+00
3.281305083742907414e+00,3.281254995371881478e+00,-1.502651130778076549e-04,5.712232686860829745e-05,9.809906857213791298e+00
3.281304884020872947e+00,3.281254995371881478e+00,-1.496659469744088256e-04,5.991661033988293639e-05,9.809910250663365971e+00
3.281304675323904796e+00,3.281254995371881478e+00,-1.490398560699546238e-04,6.260909044542017909e-05,9.809913569234375075e+00
3.281304457983859724e+00,3.281254995371881478e+00,-1.483878359347379217e-04,6.520201352167021014e-05,9.809916814177586986e+00
3.281304232325232828e+00,3.281254995371881478e+00,-1.477108600540510963e-04,6.769758806868253487e-05,9.809919986728015573e+00
3.281303998665278332e+00,3.281254995371881478e+00,-1.470098801905628250e-04,7.009798634882713486e-05,9.809923088106158318e+00
3.281303757314134817e+00,3.281254995371881478e+00,-1.462858267600175566e-04,7.240534305452683839e-05,9.809926119516294563e+00
3.281303508574942907e+00,3.281254995371881478e+00,-1.455396091842864337e-04,7.462175757311229063e-05,9.809929082148389767e+00
3.281303252743965615e+00,3.281254995371881478e+00,-1.447721162524118199e-04,7.674929318746137596e-05,9.809931977176935547e+00
3.281302990110706030e+00,3.281254995371881478e+00,-1.439842164736582220e-04,7.878997787535979569e-05,9.809934805761402643e+00
3.281302720958022778e+00,3.281254995371881478e+00,-1.431767584239018731e-04,8.074580497563488279e-05,9.809937569046551786e+00
3.281302445562244152e+00,3.281254995371881478e+00,-1.423505710880235142e-04,8.261873358783589083e-05,9.809940268162499422e+00
3.281302164193281801e+00,3.281254995371881478e+00,-1.415064642009689067e-04,8.441068870546075686e-05,9.809942904224504545e+00
3.281301877114741750e+00,3.281254995371881478e+00,-1.406452285808157399e-04,8.612356201531667921e-05,9.809945478333435886e+00
3.281301584584034980e+00,3.281254995371881478e+00,-1.397676364605082711e-04,8.775921203074688037e-05,9.809947991575571180e+00
3.281301286852485788e+00,3.281254995371881478e+00,-1.388744418129306268e-04,8.931946475776442185e-05,9.809950445022945331e+00
3.281300984165438805e+00,3.281254995371881478e+00,-1.379663806719833019e-04,9.080611409473249296e-05,9.809952839733423247e+00
3.281300676762365143e+00,3.281254995371881478e+00,-1.370441714509951225e-04,9.222092209881793679e-05,9.809955176750648320e+00
3.281300364876966746e+00,3.281254995371881478e+00,-1.361085152558061395e-04,9.356561951889830198e-05,9.809957457104264478e+00
3.281300048737278541e+00,3.281254995371881478e+00,-1.351600961911891829e-04,9.484190646169565753e-05,9.809959681810271448e+00
3.281299728565771456e+00,3.281254995371881478e+00,-1.341995816699359523e-04,9.605145212532306687e-05,9.809961851870456329e+00
3.281299404579451462e+00,3.281254995371881478e+00,-1.332276227099526977e-04,9.719589599832545446e-05,9.809963968273288870e+00
3.281299076989959040e+00,3.281254995371881478e+00,-1.322448542326881693e-04,9.827684772645284283e-05,9.809966031993493374e+00
3.281298746003666000e+00,3.281254995371881478e+00,-1.312518953535679600e-04,9.929588791202093034e-05,9.809968043992558506e+00
3.281298411821771843e+00,3.281254995371881478e+00,-1.302493496710965815e-04,1.002545682471378541e-04,9.809970005218577427e+00
3.281298074640399687e+00,3.281254995371881478e+00,-1.292378055546272719e-04,1.011544116469309529e-04,9.809971916606093245e+00
3.281297734650688191e+00,3.281254995371881478e+00,-1.282178364201413956e-04,1.019969134485876339e-04,9.809973779077029832e+00
3.281297392038884375e+00,3.281254995371881478e+00,-1.271900010086923771e-04,1.027835411449018466e-04,9.809975593540137595e+00
3.281297046986434651e+00,3.281254995371881478e+00,-1.261548436595205658e-04,1.035157349171811347e-04,9.809977360891258158e+00
3.281296699670074091e+00,3.281254995371881478e+00,-1.251128945778390289e-04,1.041949081681536882e-04,9.809979082013590812e+00
3.281296350261914796e+00,3.281254995371881478e+00,-1.240646700999548102e-04,1.048224477884218686e-04,9.809980757777688964e+00
3.281295998929533386e+00,3.281254995371881478e+00,-1.230106729557256529e-04,1.053997144229157357e-04,9.809982389041467243e+00
3.281295645836055819e+00,3.281254995371881478e+00,-1.219513925230231166e-04,1.059280432702536245e-04,9.809983976650748616e+00
3.281295291140243542e+00,3.281254995371881478e+00,-1.208873050861924980e-04,1.064087436830618572e-04,9.809985521438598255e+00
3.281294934996575208e+00,3.281254995371881478e+00,-1.198188740811900743e-04,1.068431005002423717e-04,9.809987024226419550e+00
3.281294577555329273e+00,3.281254995371881478e+00,-1.187465503433848824e-04,1.072323737805191968e-04,9.809988485823437188e+00
3.281294218962665710e+00,3.281254995371881478e+00,-1.176707723526959626e-04,1.075777990688919772e-04,9.809989907026716693e+00
3.281293859360705056e+00,3.281254995371881478e+00,-1.165919664707359971e-04,1.078805881959965518e-04,9.809991288621725758e+00
3.281293498887606574e+00,3.281254995371881478e+00,-1.155105471752904123e-04,1.081419295445584794e-04,9.809992631382369765e+00
3.281293137677645966e+00,3.281254995371881478e+00,-1.144269172934642143e-04,1.083629881826198016e-04,9.809993936070888765e+00
3.281292775861292643e+00,3.281254995371881478e+00,-1.133414682334965562e-04,1.085449059967658059e-04,9.809995203437763323e+00
3.281292413565283006e+00,3.281254995371881478e+00,-1.122545802045848973e-04,1.086888028911658921e-04,9.809996434222686190e+00
3.281292050912695935e+00,3.281254995371881478e+00,-1.111666224433704997e-04,1.087957761214397578e-04,9.809997629153677678e+00
3.281291688023023845e+00,3.281254995371881478e+00,-1.100779534271012494e-04,1.088669016269250278e-04,9.809998788948199433e+00
3.281291325012246851e+00,3.281254995371881478e+00,-1.089889210961203503e-04,1.089032330980899133e-04,9.809999914312001579e+00
3.281290961992901156e+00,3.281254995371881478e+00,-1.078998630590355390e-04,1.089058037084811303e-04,9.810001005940650387e+00
3.281290599074149217e+00,3.281254995371881478e+00,-1.068111068032173705e-04,1.088756255818168484e-04,9.810002064518778653e+00
3.281290236361849466e+00,3.281254995371881478e+00,-1.057229699039652360e-04,1.088136899252134526e-04,9.810003090720021746e+00
3.281289873958621595e+00,3.281254995371881478e+00,-1.046357602203507042e-04,1.087209683614531741e-04,9.810004085208142044e+00
3.281289511963914496e+00,3.281254995371881478e+00,-1.035497760990544691e-04,1.085984121296235116e-04,9.810005048636030622e+00
3.281289150474071104e+00,3.281254995371881478e+00,-1.024653065688774234e-04,1.084469530177045726e-04,9.810005981646449769e+00
3.281288789582392340e+00,3.281254995371881478e+00,-1.013826315325871974e-04,1.082675036290225989e-04,9.810006884872096933e+00
3.281288429379200622e+00,3.281254995371881478e+00,-1.003020219574324301e-04,1.080609575154767299e-04,9.810007758935558542e+00
3.281288069951902475e+00,3.281254995371881478e+00,-9.922374006299250482e-05,1.078281894439925281e-04,9.810008604449381053e+00
3.281287711385049377e+00,3.281254995371881478e+00,-9.814803950369821450e-05,1.075700559294290315e-04,9.810009422016426228e+00
3.281287353760397707e+00,3.281254995371881478e+00,-9.707516554868789171e-05,1.072873955010322788e-04,9.810010212229952842e+00
3.281286997156969143e+00,3.281254995371881478e+00,-9.600535526299580624e-05,1.069810285692085472e-04,9.810010975673307598e+00
3.281286641651107949e+00,3.281254995371881478e+00,-9.493883767941468932e-05,1.066517583581116924e-04,9.810011712920680083e+00
3.281286287316538708e+00,3.281254995371881478e+00,-9.387583397169052546e-05,1.063003707724163860e-04,9.810012424536800779e+00
3.281285934224423162e+00,3.281254995371881478e+00,-9.281655762505280904e-05,1.059276346637716415e-04,9.810013111077038772e+00
3.281285582443415283e+00,3.281254995371881478e+00,-9.176121460141573039e-05,1.055343023637078659e-04,9.810013773087762345e+00
3.281285232039716337e+00,3.281254995371881478e+00,-9.071000350457936179e-05,1.051211096836368597e-04,9.810014411106179111e+00
3.281284883077128178e+00,3.281254995371881478e+00,-8.966311574010177310e-05,1.046887764477588689e-04,9.810015025660707266e+00
3.281284535617106091e+00,3.281254995371881478e+00,-8.862073567383887962e-05,1.042380066262893479e-04,9.810015617270952504e+00
3.281284189718810751e+00,3.281254995371881478e+00,-8.758304078781975477e-05,1.037694886019124851e-04,9.810016186447814590e+00
3.281283845439160185e+00,3.281254995371881478e+00,-8.655020183612194273e-05,1.032838951697812035e-04,9.810016733693334601e+00
3.281283502832879062e+00,3.281254995371881478e+00,-8.552238299275316535e-05,1.027818843368777380e-04,9.810017259501345066e+00
3.281283161952547989e+00,3.281254995371881478e+00,-8.449974199953302900e-05,1.022640993220136352e-04,9.810017764357322534e+00
3.281282822848652803e+00,3.281254995371881478e+00,-8.348243031397473146e-05,1.017311685558297540e-04,9.810018248738241908e+00
3.281282485569631202e+00,3.281254995371881478e+00,-8.247059324917316303e-05,1.011837064801568431e-04,9.810018713113231925e+00
3.281282150161921152e+00,3.281254995371881478e+00,-8.146437011902207814e-05,1.006223130151084888e-04,9.810019157942896584e+00
3.281281816670005291e+00,3.281254995371881478e+00,-8.046389437144085832e-05,1.000475747581219821e-04,9.810019583680386290e+00
3.281281485136457565e+00,3.281254995371881478e+00,-7.946929372826261329e-05,9.946006431782450363e-05,9.810019990770589615e+00
3.281281155601986743e+00,3.281254995371881478e+00,-7.848069031579640864e-05,9.886034124662046452e-05,9.810020379650930877e+00
3.281280828105481273e+00,3.281254995371881478e+00,-7.749820079938629647e-05,9.824895164101121736e-05,9.810020750750842566e+00
3.281280502684050582e+00,3.281254995371881478e+00,-7.652193650731220487e-05,9.762642920740915997e-05,9.810021104492701483e+00
3.281280179373069483e+00,3.281254995371881478e+00,-7.555200356401670092e-05,9.699329432955039465e-05,9.810021441290766475e+00
3.281279858206217259e+00,3.281254995371881478e+00,-7.458850300734454208e-05,9.635005566721588366e-05,9.810021761552659925e+00
3.281279539215520291e+00,3.281254995371881478e+00,-7.363153091644036863e-05,9.569720909041734558e-05,9.810022065678174030e+00
3.281279222431391140e+00,3.281254995371881478e+00,-7.268117852898825504e-05,9.503523874521135895e-05,9.810022354060215832e+00
3.281278907882668072e+00,3.281254995371881478e+00,-7.173753235978352905e-05,9.436461692047259930e-05,9.810022627084560298e+00
3.281278595596653691e+00,3.281254995371881478e+00,-7.080067431664005539e-05,9.368580431434736511e-05,9.810022885129997761e+00
3.281278285599152245e+00,3.281254995371881478e+00,-6.987068181230071673e-05,9.299925043393386659e-05,9.810023128568621686e+00
3.281277977914507371e+00,3.281254995371881478e+00,-6.894762787768016210e-05,9.230539346205546281e-05,9.810023357765585317e+00
3.281277672565639403e+00,3.281254995371881478e+00,-6.803158127377528785e-05,9.160466039048742459e-05,9.810023573079117654e+00
3.281277369574079117e+00,3.281254995371881478e+00,-6.712260659291757747e-05,9.089746808577103820e-05,9.810023774861493351e+00
3.281277068960005039e+00,3.281254995371881478e+00,-6.622076437068358246e-05,9.018422222339950167e-05,9.810023963457853213e+00
3.281276770742276749e+00,3.281254995371881478e+00,-6.532611118581499454e-05,8.946531848685879140e-05,9.810024139207301985e+00
3.281276474938469079e+00,3.281254995371881478e+00,-6.443869976280325318e-05,8.874114230117413626e-05,9.810024302442538868e+00
3.281276181564905858e+00,3.281254995371881478e+00,-6.355857907314188537e-05,8.801206896613678055e-05,9.810024453489893048e+00
3.281275890636691450e+00,3.281254995371881478e+00,-6.268579442991750739e-05,8.727846432243779873e-05,9.810024592669893906e+00
3.281275602167744054e+00,3.281254995371881478e+00,-6.182038758772989695e-05,8.654068421876104367e-05,9.810024720296631529e+00
3.281275316170826351e+00,3.281254995371881478e+00,-6.096239683461845971e-05,8.579907531114372432e-05,9.810024836678476134e+00
3.281275032657576585e+00,3.281254995371881478e+00,-6.011185708532096328e-05,8.505397492974964280e-05,9.810024942117845370e+00
3.281274751638538323e+00,3.281254995371881478e+00,-5.926879997053546845e-05,8.430571147854948322e-05,9.810025036911508067e+00
3.281274473123191537e+00,3.281254995371881478e+00,-5.843325393017906322e-05,8.355460403564052285e-05,9.810025121350106403e+00
3.281274197119979696e+00,3.281254995371881478e+00,-5.760524429465618823e-05,8.280096355228749871e-05,9.810025195719259017e+00
3.281273923636339518e+00,3.281254995371881478e+00,-5.678479337412056793e-05,8.204509205356202983e-05,9.810025260298679939e+00
3.281273652678729391e+00,3.281254995371881478e+00,-5.597192054374033887e-05,8.128728303802290611e-05,9.810025315362494780e+00
3.281273384252655578e+00,3.281254995371881478e+00,-5.516664232230183984e-05,8.052782214384990311e-05,9.810025361179821601e+00
3.281273118362699748e+00,3.281254995371881478e+00,-5.436897245481020491e-05,7.976698674916349319e-05,9.810025398014294851e+00
3.281272855012545175e+00,3.281254995371881478e+00,-5.357892199109315357e-05,7.900504637170513433e-05,9.810025426124381553e+00
3.281272594205002946e+00,3.281254995371881478e+00,-5.279649936440478086e-05,7.824226266883727021e-05,9.810025445763304930e+00
3.281272335942037266e+00,3.281254995371881478e+00,-5.202171046736481230e-05,7.747888970399685604e-05,9.810025457179236241e+00
3.281272080224789445e+00,3.281254995371881478e+00,-5.125455872390105583e-05,7.671517434637564747e-05,9.810025460615623416e+00
3.281271827053603207e+00,3.281254995371881478e+00,-5.049504516518865671e-05,7.595135587123991172e-05,9.810025456310706105e+00
3.281271576428048231e+00,3.281254995371881478e+00,-4.974316850026028192e-05,7.518766649283747938e-05,9.810025444497993519e+00
3.281271328346942795e+00,3.281254995371881478e+00,-4.899892518395176921e-05,7.442433163085127035e-05,9.810025425406447397e+00
3.281271082808378203e+00,3.281254995371881478e+00,-4.826230949017684679e-05,7.366156937749224198e-05,9.810025399259888701e+00
3.281270839809739659e+00,3.281254995371881478e+00,-4.753331357454371187e-05,7.289959156331349277e-05,9.810025366277988823e+00
3.281270599347728911e+00,3.281254995371881478e+00,-4.681192754230067976e-05,7.213860322430321048e-05,9.810025326675681612e+00
3.281270361418385573e+00,3.281254995371881478e+00,-4.609813951228503015e-05,7.137880300156496105e-05,9.810025280663490221e+00
3.281270126017108435e+00,3.281254995371881478e+00,-4.539193568087185326e-05,7.062038314131768857e-05,9.810025228447461387e+00
3.281269893138676341e+00,3.281254995371881478e+00,-4.469330038459062848e-05,6.986352962812247824e-05,9.810025170229243585e+00
3.281269662777266838e+00,3.281254995371881478e+00,-4.400221615608046477e-05,6.910842285101637117e-05,9.810025106206694545e+00
3.281269434926478379e+00,3.281254995371881478e+00,-4.331866379070348216e-05,6.835523653769826069e-05,9.810025036572747936e+00
3.281269209579347201e+00,3.281254995371881478e+00,-4.264262239717098169e-05,6.760413935325004786e-05,9.810024961516957021e+00
3.281268986728367754e+00,3.281254995371881478e+00,-4.197406945882775631e-05,6.685529383432253780e-05,9.810024881224375548e+00
3.281268766365510459e+00,3.281254995371881478e+00,-4.131298088694279613e-05,6.610885718849601744e-05,9.810024795876302051e+00
3.281268548482240810e+00,3.281254995371881478e+00,-4.065933107799679647e-05,6.536498089459996663e-05,9.810024705649816212e+00
3.281268333069536247e+00,3.281254995371881478e+00,-4.001309296430832774e-05,6.462381136884687294e-05,9.810024610718404148e+00
3.281268120117903475e+00,3.281254995371881478e+00,-3.937423806599227305e-05,6.388548983160546868e-05,9.810024511251766555e+00
3.281267909617395784e+00,3.281254995371881478e+00,-3.874273654291826574e-05,6.315015230740073093e-05,9.810024407415765424e+00
3.281267701557629923e+00,3.281254995371881478e+00,-3.811855724533685930e-05,6.241792975814064448e-05,9.810024299372512857e+00
3.281267495927801203e+00,3.281254995371881478e+00,-3.750166775917662676e-05,6.168894861602325363e-05,9.810024187280857788e+00
3.281267292716700368e+00,3.281254995371881478e+00,-3.689203445667033066e-05,6.096333025062961042e-05,9.810024071295794457e+00
3.281267091912729139e+00,3.281254995371881478e+00,-3.628962254298429002e-05,6.024119136860406343e-05,9.810023951568826561e+00
3.281266893503914872e+00,3.281254995371881478e+00,-3.569439610018321218e-05,5.952264428010778374e-05,9.810023828248180422e+00
3.281266697477925653e+00,3.281254995371881478e+00,-3.510631813252729216e-05,5.880779676559200198e-05,9.810023701478634450e+00
3.281266503822084069e+00,3.281254995371881478e+00,-3.452535060777250919e-05,5.809675247547829713e-05,9.810023571401867315e+00
3.281266312523382744e+00,3.281254995371881478e+00,-3.395145450379999374e-05,5.738961039725154478e-05,9.810023438155894837e+00
3.281266123568496784e+00,3.281254995371881478e+00,-3.338458984591952117e-05,5.668646578804725777e-05,9.810023301875942181e+00
3.281265936943798422e+00,3.281254995371881478e+00,-3.282471575083434345e-05,5.598740950851777143e-05,9.810023162693758181e+00
3.281265752635369459e+00,3.281254995371881478e+00,-3.227179046394468287e-05,5.529252868896605833e-05,9.810023020738224631e+00
3.281265570629014583e+00,3.281254995371881478e+00,-3.172577139931576085e-05,5.460190646289220240e-05,9.810022876135064962e+00
3.281265390910272917e+00,3.281254995371881478e+00,-3.118661517431675634e-05,5.391562249990045075e-05,9.810022729007325637e+00
3.281265213464432229e+00,3.281254995371881478e+00,-3.065427765225336998e-05,5.323375220633863592e-05,9.810022579474555471e+00
3.281265038276539148e+00,3.281254995371881478e+00,-3.012871397300997955e-05,5.255636792433904247e-05,9.810022427653951382e+00
3.281264865331411151e+00,3.281254995371881478e+00,-2.960987858902086600e-05,5.188353839891135522e-05,9.810022273659811276e+00
3.281264694613649446e+00,3.281254995371881478e+00,-2.909772530390597467e-05,5.121532851148913323e-05,9.810022117603207192e+00
3.281264526107647850e+00,3.281254995371881478e+00,-2.859220729911626790e-05,5.055180047897067652e-05,9.810021959593180796e+00
3.281264359797605668e+00,3.281254995371881478e+00,-2.809327717256948631e-05,4.989301265467815938e-05,9.810021799735482162e+00
3.281264195667537020e+00,3.281254995371881478e+00,-2.760088696662776897e-05,4.923902059417173405e-05,9.810021638133628485e+00
3.281264033701281502e+00,3.281254995371881478e+00,-2.711498820007207655e-05,4.858987665556924185e-05,9.810021474888456439e+00
3.281263873882514837e+00,3.281254995371881478e+00,-2.663553190007661442e-05,4.794562999954621318e-05,9.810021310098100855e+00
3.281263716194758207e+00,3.281254995371881478e+00,-2.616246863018645286e-05,4.730632698901615640e-05,9.810021143858358883e+00
3.281263560621387132e+00,3.281254995371881478e+00,-2.569574851696287965e-05,4.667201132235732075e-05,9.810020976262805448e+00
3.281263407145642574e+00,3.281254995371881478e+00,-2.523532128329009083e-05,4.604272336727888160e-05,9.810020807402084486e+00
3.281263255750638042e+00,3.281254995371881478e+00,-2.478113626969147276e-05,4.541850135986180703e-05,9.810020637365090224e+00
3.281263106419370246e+00,3.281254995371881478e+00,-2.433314246630402522e-05,4.479938033874475423e-05,9.810020466237872938e+00
3.281262959134726209e+00,3.281254995371881478e+00,-2.389128853419464349e-05,4.418539321093817307e-05,9.810020294104678129e+00
3.281262813879492590e+00,3.281254995371881478e+00,-2.345552283333773858e-05,4.357657008569049140e-05,9.810020121047251962e+00
3.281262670636363676e+00,3.281254995371881478e+00,-2.302579344659605454e-05,4.297293867416840385e-05,9.810019947145228514e+00
3.281262529387949378e+00,3.281254995371881478e+00,-2.260204820370148582e-05,4.237452428945687188e-05,9.810019772476085365e+00
3.281262390116782779e+00,3.281254995371881478e+00,-2.218423470390362695e-05,4.178134997978588672e-05,9.810019597115276824e+00
3.281262252805327684e+00,3.281254995371881478e+00,-2.177230033861832226e-05,4.119343652853046933e-05,9.810019421136189521e+00
3.281262117435986170e+00,3.281254995371881478e+00,-2.136619231407621555e-05,4.061080245421067048e-05,9.810019244610140632e+00
3.281261983991105691e+00,3.281254995371881478e+00,-2.096585767263903222e-05,4.003346414371833362e-05,9.810019067606472021e+00
3.281261852452985739e+00,3.281254995371881478e+00,-2.057124331278359364e-05,3.946143598554385790e-05,9.810018890192672814e+00
3.281261722803884950e+00,3.281254995371881478e+00,-2.018229601041809929e-05,3.889473023654943518e-05,9.810018712434226629e+00
3.281261595026027766e+00,3.281254995371881478e+00,-1.979896243886614116e-05,3.833335715519581299e-05,9.810018534394716383e+00
3.281261469101609762e+00,3.281254995371881478e+00,-1.942118918485391532e-05,3.777732540122258342e-05,9.810018356136216866e+00
3.281261345012805641e+00,3.281254995371881478e+00,-1.904892277249103927e-05,3.722664123628760535e-05,9.810018177718465182e+00
3.281261222741773231e+00,3.281254995371881478e+00,-1.868210967526096056e-05,3.668130972300787107e-05,9.810017999200049132e+00
3.281261102270661034e+00,3.281254995371881478e+00,-1.832069633866950653e-05,3.614133365914540263e-05,9.810017820637320085e+00
3.281260983581612667e+00,3.281254995371881478e+00,-1.796462919356756061e-05,3.560671451019459255e-05,9.810017642085316680e+00
3.281260866656772635e+00,3.281254995371881478e+00,-1.761385467347054146e-05,3.507745200970191490e-05,9.810017463597336729e+00
3.281260751478292104e+00,3.281254995371881478e+00,-1.726831923187788220e-05,3.455354415926592537e-05,9.810017285224928330e+00
3.281260638028334231e+00,3.281254995371881478e+00,-1.692796935826024196e-05,3.403498736176402417e-05,9.810017107018003557e+00
3.281260526289078161e+00,3.281254995371881478e+00,-1.659275159004991451e-05,3.352177682103274492e-05,9.810016929025231036e+00
3.281260416242724798e+00,3.281254995371881478e+00,-1.626261252996030748e-05,3.301390600896070282e-05,9.810016751293479942e+00
3.281260307871500803e+00,3.281254995371881478e+00,-1.593749885797635102e-05,3.251136719839564648e-05,9.810016573868340473e+00
3.281260201157663481e+00,3.281254995371881478e+00,-1.561735734600944170e-05,3.201415119669093201e-05,9.810016396793852067e+00
3.281260096083505662e+00,3.281254995371881478e+00,-1.530213487255238647e-05,3.152224734570552300e-05,9.810016220112473206e+00
3.281259992631358813e+00,3.281254995371881478e+00,-1.499177843200527604e-05,3.103564405471104237e-05,9.810016043865623203e+00
3.281259890783598809e+00,3.281254995371881478e+00,-1.468623515199496410e-05,3.055432800103119462e-05,9.810015868092849090e+00
3.281259790522648156e+00,3.281254995371881478e+00,-1.438545230003640540e-05,3.007828519585586946e-05,9.810015692832896761e+00
3.281259691830980429e+00,3.281254995371881478e+00,-1.408937729685533213e-05,2.960750031810732708e-05,9.810015518123021749e+00
3.281259594691125159e+00,3.281254995371881478e+00,-1.379795773104319778e-05,2.914195658121343513e-05,9.810015343998850668e+00
3.281259499085669606e+00,3.281254995371881478e+00,-1.351114136438624769e-05,2.868163666569500947e-05,9.810015170495301362e+00
3.281259404997263651e+00,3.281254995371881478e+00,-1.322887614652046295e-05,2.822652178657847344e-05,9.810014997645641444e+00
3.281259312408622453e+00,3.281254995371881478e+00,-1.295111022292516623e-05,2.777659235952967265e-05,9.810014825482136658e+00
3.281259221302529561e+00,3.281254995371881478e+00,-1.267779194424889511e-05,2.733182786762711203e-05,9.810014654035924764e+00
3.281259131661840023e+00,3.281254995371881478e+00,-1.240886987563527555e-05,2.689220686136195582e-05,9.810014483336985336e+00
3.281259043469484382e+00,3.281254995371881478e+00,-1.214429280871343053e-05,2.645770669218450166e-05,9.810014313413883968e+00
3.281258956708470009e+00,3.281254995371881478e+00,-1.188400976559478295e-05,2.602830431186475835e-05,9.810014144294546767e+00
3.281258871361885099e+00,3.281254995371881478e+00,-1.162797001086346427e-05,2.560397547313186806e-05,9.810013976005462766e+00
3.281258787412900890e+00,3.281254995371881478e+00,-1.137612305823765269e-05,2.518469526258115820e-05,9.810013808572204397e+00
3.281258704844773888e+00,3.281254995371881478e+00,-1.112841867723091127e-05,2.477043810067414142e-05,9.810013642019423941e+00
3.281258623640848526e+00,3.281254995371881478e+00,-1.088480690114579374e-05,2.436117760851175262e-05,9.810013476370707863e+00
3.281258543784560278e+00,3.281254995371881478e+00,-1.064523803639971788e-05,2.395688647460758602e-05,9.810013311648438261e+00
3.281258465259436985e+00,3.281254995371881478e+00,-1.040966266652176841e-05,2.355753698779494698e-05,9.810013147874322215e+00
3.281258388049101082e+00,3.281254995371881478e+00,-1.017803165881403515e-05,2.316310077077332608e-05,9.810012985069112901e+00
3.281258312137272259e+00,3.281254995371881478e+00,-9.950296172345218793e-06,2.277354864688163616e-05,9.810012823252474590e+00
3.281258237507768349e+00,3.281254995371881478e+00,-9.726407660615166151e-06,2.238885117300526417e-05,9.810012662443511999e+00
3.281258164144508882e+00,3.281254995371881478e+00,-9.506317882213011217e-06,2.200897784021549342e-05,9.810012502659958500e+00
3.281258092031515528e+00,3.281254995371881478e+00,-9.289978902149442774e-06,2.163389800635684423e-05,9.810012343919105149e+00
3.281258021152913873e+00,3.281254995371881478e+00,-9.077343097185774923e-06,2.126358049636678516e-05,9.810012186237399234e+00
3.281257951492936087e+00,3.281254995371881478e+00,-8.868363163827552853e-06,2.089799333582220697e-05,9.810012029630172492e+00
3.281257883035921363e+00,3.281254995371881478e+00,-8.662992119656820478e-06,2.053710441707323753e-05,9.810011874112298358e+00
3.281257815766317698e+00,3.281254995371881478e+00,-8.461183308661190949e-06,2.018088109956295284e-05,9.810011719697790511e+00
3.281257749668684109e+00,3.281254995371881478e+00,-8.262890407895184808e-06,1.982929007660061416e-05,9.810011566399669647e+00
3.281257684727690194e+00,3.281254995371881478e+00,-8.068067426147962351e-06,1.948229817472224568e-05,9.810011414230748628e+00
3.281257620928119678e+00,3.281254995371881478e+00,-7.876668714601464671e-06,1.913987115464976796e-05,9.810011263202440546e+00
3.281257558254869089e+00,3.281254995371881478e+00,-7.688648962833610767e-06,1.880197517678539043e-05,9.810011113326215337e+00
3.281257496692951303e+00,3.281254995371881478e+00,-7.503963209476438578e-06,1.846857533571721888e-05,9.810010964612127182e+00
3.281257436227494662e+00,3.281254995371881478e+00,-7.322566839551569728e-06,1.813963699248688499e-05,9.810010817070153877e+00
3.281257376843745188e+00,3.281254995371881478e+00,-7.144415591131547671e-06,1.781512484200220570e-05,9.810010670709251812e+00
3.281257318527066591e+00,3.281254995371881478e+00,-6.969465555339837692e-06,1.749500357917099791e-05,9.810010525538023884e+00
3.281257261262941594e+00,3.281254995371881478e+00,-6.797673180347629796e-06,1.717923749922078969e-05,9.810010381564319815e+00
3.281257205036973268e+00,3.281254995371881478e+00,-6.628995275370641593e-06,1.686779049769882022e-05,9.810010238795221937e+00
3.281257149834884590e+00,3.281254995371881478e+00,-6.463389009336850677e-06,1.656062660337909165e-05,9.810010097237594096e+00
3.281257095642519328e+00,3.281254995371881478e+00,-6.300811913551029875e-06,1.625770957858208021e-05,9.810009956897665973e+00
3.281257042445843819e+00,3.281254995371881478e+00,-6.141221887023817771e-06,1.595900265272121032e-05,9.810009817780766639e+00
3.281256990230946524e+00,3.281254995371881478e+00,-5.984577195139451078e-06,1.566446918843666936e-05,9.810009679891994239e+00
3.281256938984038474e+00,3.281254995371881478e+00,-5.830836470988032261e-06,1.537407241514188172e-05,9.810009543235944207e+00
3.281256888691454154e+00,3.281254995371881478e+00,-5.679958718030064801e-06,1.508777529579674592e-05,9.810009407816577820e+00
3.281256839339651510e+00,3.281254995371881478e+00,-5.531903310096453197e-06,1.480554079336116047e-05,9.810009273637483318e+00
3.281256790915212385e+00,3.281254995371881478e+00,-5.386629992720770588e-06,1.452733173756826091e-05,9.810009140701744457e+00
3.281256743404843412e+00,3.281254995371881478e+00,-5.244098885803794019e-06,1.425311069169765688e-05,9.810009009011807279e+00
3.281256696795375571e+00,3.281254995371881478e+00,-5.104270482281236809e-06,1.398284035225572097e-05,9.810008878569870916e+00
3.281256651073764630e+00,3.281254995371881478e+00,-4.967105649456016181e-06,1.371648328252206284e-05,9.810008749377633563e+00
3.281256606227091588e+00,3.281254995371881478e+00,-4.832565630330520889e-06,1.345400191254952915e-05,9.810008621436281828e+00
3.281256562242562236e+00,3.281254995371881478e+00,-4.700612042274343594e-06,1.319535880561772956e-05,9.810008494746764285e+00
3.281256519107507597e+00,3.281254995371881478e+00,-4.571206878356548486e-06,1.294051639177951074e-05,9.810008369309514364e+00
3.281256476809383926e+00,3.281254995371881478e+00,-4.444312507345671293e-06,1.268943710108771938e-05,9.810008245124594239e+00
3.281256435335772714e+00,3.281254995371881478e+00,-4.319891673709719271e-06,1.244208336359520217e-05,9.810008122191689495e+00
3.281256394674380683e+00,3.281254995371881478e+00,-4.197907497616171213e-06,1.219841760935480579e-05,9.810008000510112680e+00
3.281256354813039788e+00,3.281254995371881478e+00,-4.078323474931977444e-06,1.195840226841937692e-05,9.810007880078794429e+00
3.281256315739706775e+00,3.281254995371881478e+00,-3.961103475891292192e-06,1.172199990406852521e-05,9.810007760896429119e+00
3.281256277442463176e+00,3.281254995371881478e+00,-3.846211745095473589e-06,1.148917307958186029e-05,9.810007642961334540e+00
3.281256239909515759e+00,3.281254995371881478e+00,-3.733612902845351300e-06,1.125988422501222885e-05,9.810007526271322220e+00
3.281256203129195637e+00,3.281254995371881478e+00,-3.623271942476691265e-06,1.103409603686600349e-05,9.810007410824095331e+00
3.281256167089957820e+00,3.281254995371881478e+00,-3.515154229027928068e-06,1.081177134487631974e-05,9.810007296617115458e+00
3.281256131780381669e+00,3.281254995371881478e+00,-3.409225500572432566e-06,1.059287284554955022e-05,9.810007183647345030e+00
3.281256097189170440e+00,3.281254995371881478e+00,-3.305451866886244261e-06,1.037736336861883046e-05,9.810007071911503118e+00
3.281256063305149961e+00,3.281254995371881478e+00,-3.203799805451268412e-06,1.016520614349758489e-05,9.810006961406338988e+00
3.281256030117270406e+00,3.281254995371881478e+00,-3.104236166784346551e-06,9.956363866692186093e-06,9.810006852127699517e+00
3.281255997614603626e+00,3.281254995371881478e+00,-3.006728166443650707e-06,9.750800034069584399e-06,9.810006744071868567e+00
3.281255965786344042e+00,3.281254995371881478e+00,-2.911243387693218665e-06,9.548477875043204222e-06,9.810006637234486959e+00
3.281255934621807757e+00,3.281254995371881478e+00,-2.817749778838418706e-06,9.349360885479995886e-06,9.810006531611106695e+00
3.281255904110432553e+00,3.281254995371881478e+00,-2.726215653225949609e-06,9.153412561246909718e-06,9.810006427196908518e+00
3.281255874241777004e+00,3.281254995371881478e+00,-2.636609686579305389e-06,8.960596664664421951e-06,9.810006323986979027e+00
3.281255845005520477e+00,3.281254995371881478e+00,-2.548900916998775301e-06,8.770876958053008821e-06,9.810006221976042440e+00
3.281255816391461355e+00,3.281254995371881478e+00,-2.463058739632373317e-06,8.584217736640198382e-06,9.810006121158997061e+00
3.281255788389517924e+00,3.281254995371881478e+00,-2.379052909340373390e-06,8.400583029199992779e-06,9.810006021530121245e+00
3.281255760989727488e+00,3.281254995371881478e+00,-2.296853538030774189e-06,8.219937130959920069e-06,9.810005923083593871e+00
3.281255734182245476e+00,6.817292764410655792e+00,1.060811109068523095e+01,0.000000000000000000e+00,2.041811109068522967e+01
3.282316518483832102e+00,6.817292764410655792e+00,1.060492873778047063e+01,-3.182352904759877532e-01,2.009669344730448159e+01
3.284405972130149287e+00,6.817292764410655792e+00,1.059866037684151863e+01,-6.268360938951555994e-01,1.978182428294636352e+01
3.287492608204761080e+00,6.817292764410655792e+00,1.058940046861768458e+01,-9.259908223835378038e-01,1.947340964623414550e+01
3.291545585243996097e+00,6.817292764410655792e+00,1.057724153749997953e+01,-1.215893111770505186e+00,1.917134842572947662e+01
3.296534697125804048e+00,6.817292764410655792e+00,1.056227420185455479e+01,-1.496733564542385153e+00,1.887554063731217013e+01
3.302430363071343411e+00,6.817292764410655792e+00,1.054458720401793670e+01,-1.768699783661809022e+00,1.858588742035612995e+01
3.309203617758918359e+00,6.817292764410655792e+00,1.052426743995521186e+01,-2.031976406272484326e+00,1.830229103368272803e+01
3.316826101549861683e+00,6.817292764410655792e+00,1.050139998858238144e+01,-2.286745137282997220e+00,1.802465485129938472e+01
3.325270050825934742e+00,6.817292764410655792e+00,1.047606814075416359e+01,-2.533184782821917835e+00,1.775288335793224803e+01
3.334508288437801227e+00,6.817292764410655792e+00,1.044835342791856370e+01,-2.771471283559945320e+00,1.748688214435861710e+01
3.344514214264103558e+00,6.817292764410655792e+00,1.041833565043965670e+01,-3.001777747890699288e+00,1.722655790254895791e+01
3.355261795880660536e+00,6.817292764410655792e+00,1.038609290558998666e+01,-3.224274484967093457e+00,1.697181842062289547e+01
3.366725559339279972e+00,6.817292764410655792e+00,1.035170161521412702e+01,-3.439129037585830773e+00,1.672257257762829852e+01
3.378880580055662275e+00,6.817292764410655792e+00,1.031523655306498100e+01,-3.646506214914690958e+00,1.647873033815029231e+01
3.391702473805859430e+00,6.817292764410655792e+00,1.027677087181438864e+01,-3.846568125059146581e+00,1.624020274675524433e+01
3.405167387830732029e+00,6.817292764410655792e+00,1.023637612973977085e+01,-4.039474207461779542e+00,1.600690192227799002e+01
3.419251992047832811e+00,6.817292764410655792e+00,1.019412231708846939e+01,-4.225381265130234709e+00,1.577874105195823518e+01
3.433933470370129193e+00,6.817292764410655792e+00,1.015007788212157891e+01,-4.404443496688914550e+00,1.555563438543266486e+01
3.449189512130968804e+00,6.817292764410655792e+00,1.010430975683906141e+01,-4.576812528251883450e+00,1.533749722858717845e+01
3.464998303614667208e+00,6.817292764410655792e+00,1.005688338238796575e+01,-4.742637445109521011e+00,1.512424593727844524e+01
3.481338519692093403e+00,6.817292764410655792e+00,1.000786273415568672e+01,-4.902064823227858525e+00,1.491579791092782870e+01
3.498189315560612300e+00,6.817292764410655792e+00,9.957310346550130475e+00,-5.055238760555669231e+00,1.471207158599446174e+01
3.515530318587730907e+00,6.817292764410655792e+00,9.905287337468774211e+00,-5.202300908135581992e+00,1.451298642933319272e+01
3.533341620257782534e+00,6.817292764410655792e+00,9.851853432458620219e+00,-5.343390501015488070e+00,1.431846293144313265e+01
3.551603768220978452e+00,6.817292764410655792e+00,9.797066988569032020e+00,-5.478644388958775480e+00,1.412842259961025704e+01
3.570297758444135550e+00,6.817292764410655792e+00,9.740985017899561171e+00,-5.608197066947129272e+00,1.394278795095243240e+01
3.589405027462388098e+00,6.817292764410655792e+00,9.683663210844802194e+00,-5.732180705475764526e+00,1.376148250536903817e+01
3.608907444731177527e+00,6.817292764410655792e+00,9.625155959038433906e+00,-5.850725180636828782e+00,1.358443077840160562e+01
3.628787305077807002e+00,6.817292764410655792e+00,9.565516377998546815e+00,-5.963958103988842296e+00,1.341155827400970502e+01
3.649027321251837375e+00,6.817292764410655792e+00,9.504796329476455696e+00,-6.072004852209111903e+00,1.324279147726734429e+01
3.669610616573594442e+00,6.817292764410655792e+00,9.443046443511184052e+00,-6.174988596527120066e+00,1.307805784698406448e+01
3.690520717680049856e+00,6.817292764410655792e+00,9.380316140191817809e+00,-6.273030331936624293e+00,1.291728580825519401e+01
3.711741547367330973e+00,6.817292764410655792e+00,9.316653651129975344e+00,-6.366248906184335254e+00,1.276040474494564059e+01
3.733257417529106448e+00,6.817292764410655792e+00,9.252106040644648033e+00,-6.454761048532642320e+00,1.260734499211200621e+01
3.755053022190093515e+00,6.817292764410655792e+00,9.186719226661686832e+00,-6.538681398296120051e+00,1.245803782836556728e+01
3.777113430633916913e+00,6.817292764410655792e+00,9.120538001330217526e+00,-6.618122533147019482e+00,1.231241546818319854e+01
3.799424080624558719e+00,6.817292764410655792e+00,9.053606051358290330e+00,-6.693194997192541962e+00,1.217041105416574887e+01
3.821970771720617055e+00,6.817292764410655792e+00,8.985965978070115767e+00,-6.764007328817500664e+00,1.203195864925261560e+01
3.844739658681600503e+00,6.817292764410655792e+00,8.917659317187165868e+00,-6.830666088295034299e+00,1.189699322889213207e+01
3.867717244965473089e+00,6.817292764410655792e+00,8.848726558335547665e+00,-6.893275885161775918e+00,1.176545067317377224e+01
3.890890376316663346e+00,6.817292764410655792e+00,8.779207164281977782e+00,-6.951939405357077106e+00,1.163726775892490117e+01
3.914246234443746086e+00,6.817292764410655792e+00,8.709139589900729561e+00,-7.006757438124822102e+00,1.151238215177590796e+01
3.937772330786006414e+00,6.817292764410655792e+00,8.638561300873949023e+00,-7.057828902678098260e+00,1.139073239819585126e+01
3.961456500368086164e+00,6.817292764410655792e+00,8.567508792127709327e+00,-7.105250874623925128e+00,1.127225791750378470e+01
3.985286895741916524e+00,6.817292764410655792e+00,8.496017606006217804e+00,-7.149118612149107932e+00,1.115689899385711037e+01
4.009251981015132138e+00,6.817292764410655792e+00,8.424122350186571850e+00,-7.189525581964684164e+00,1.104459676822188818e+01
4.033340525965170009e+00,6.817292764410655792e+00,8.351856715336456460e+00,-7.226563485011361365e+00,1.093529323032509559e+01
4.057541600238240953e+00,6.817292764410655792e+00,8.279253492517245405e+00,-7.260322281921283150e+00,1.082893121059596275e+01
4.081844567632371579e+00,6.817292764410655792e+00,8.206344590334852640e+00,-7.290890218239187703e+00,1.072545437209566543e+01
4.106239080463711666e+00,6.817292764410655792e+00,8.133161051840833267e+00,-7.318353849402026157e+00,1.062480720243880761e+01
4.130715074015295585e+00,6.817292764410655792e+00,8.059733071186080622e+00,-7.342798065475175662e+00,1.052693500571090546e+01
4.155262761067450406e+00,6.817292764410655792e+00,7.986090010029616160e+00,-7.364306115646446216e+00,1.043178389438316955e+01
4.179872626509043343e+00,6.817292764410655792e+00,7.912260413704837347e+00,-7.382959632477881229e+00,1.033930078122695662e+01
4.204535422028759406e+00,6.817292764410655792e+00,7.838272027145689158e+00,-7.398838655914818929e+00,1.024943337123087161e+01
4.229242160885598345e+00,6.817292764410655792e+00,7.764151810575172341e+00,-7.412021657051681700e+00,1.016213015352349203e+01
4.253984112757789759e+00,6.817292764410655792e+00,7.689925954958598098e+00,-7.422585561657424336e+00,1.007734039330117426e+01
4.278752798669311019e+00,6.817292764410655792e+00,7.615619897224034318e+00,-7.430605773456377960e+00,9.995014123767656855e+00
4.303539985993209527e+00,6.817292764410655792e+00,7.541258335252338796e+00,-7.436156197169552229e+00,9.915102138082787064e+00
4.328337683530915747e+00,6.817292764410655792e+00,7.466865242639220135e+00,-7.439309261311866095e+00,9.837555981327355425e+00
4.353138136666754754e+00,6.817292764410655792e+00,7.392463883231703115e+00,-7.440135940751702037e+00,9.762327942480002463e+00
4.377933822596841829e+00,6.817292764410655792e+00,7.318076825441441891e+00,-7.438705779026122400e+00,9.689371046415320876e+00
4.402717445631570747e+00,6.817292764410655792e+00,7.243725956337255134e+00,-7.435086910418675643e+00,9.618639045918580877e+00
4.427481932570890955e+00,6.817292764410655792e+00,7.169432495519294513e+00,-7.429346081796062151e+00,9.550086413723231971e+00
4.452220428151584031e+00,6.817292764410655792e+00,7.095217008777215284e+00,-7.421548674207922858e+00,9.483668334569292924e+00
4.476926290565733879e+00,6.817292764410655792e+00,7.021099421534765739e+00,-7.411758724244954522e+00,9.419340697289811715e+00
4.501593087049612585e+00,6.817292764410655792e+00,6.947099032083129622e+00,-7.400038945163611714e+00,9.357060086919517516e+00
4.526214589542183475e+00,6.817292764410655792e+00,6.873234524605416951e+00,-7.386450747771267089e+00,9.296783776834150359e+00
4.550784770412438007e+00,6.817292764410655792e+00,6.799523981994653354e+00,-7.371054261076359637e+00,9.238469720918294215e+00
4.575297798254783999e+00,6.817292764410655792e+00,6.725984898467615380e+00,-7.353908352703797391e+00,9.182076545763818487e+00
4.599748033751706267e+00,6.817292764410655792e+00,6.652634191976848577e+00,-7.335070649076680382e+00,9.127563542900169580e+00
4.624130025602918970e+00,6.817292764410655792e+00,6.579488216423210467e+00,-7.314597555363810955e+00,9.074890661059399122e+00
4.648438506520236935e+00,6.817292764410655792e+00,6.506562773671256572e+00,-7.292544275195389503e+00,9.024018498475868455e+00
4.672668389287403024e+00,6.817292764410655792e+00,6.433873125369758306e+00,-7.268964830149826639e+00,8.974908295219933052e+00
4.696814762884090833e+00,6.817292764410655792e+00,6.361434004579694879e+00,-7.243912079006342708e+00,8.927521925573351780e+00
4.720872888673335765e+00,6.817292764410655792e+00,6.289259627211960080e+00,-7.217437736773479884e+00,8.881821890438480693e+00
4.744838196651624429e+00,6.817292764410655792e+00,6.217363703277094089e+00,-7.189592393486599065e+00,8.837771309790495522e+00
4.768706281760892729e+00,6.817292764410655792e+00,6.145759447949289189e+00,-7.160425532780489988e+00,8.795333915168800587e+00
4.792472900261677715e+00,6.817292764410655792e+00,6.074459592446934231e+00,-7.129985550235495850e+00,8.754474042211437990e+00
4.816133966166684210e+00,6.817292764410655792e+00,6.003476394731914745e+00,-7.098319771501948594e+00,8.715156623229965760e+00
4.839685547734013049e+00,6.817292764410655792e+00,5.932821650029928229e+00,-7.065474470198651602e+00,8.677347179831276236e+00
4.863123864019325282e+00,6.817292764410655792e+00,5.862506701173991530e+00,-7.031494885593669864e+00,8.641011815580322164e+00
4.886445281486195391e+00,6.817292764410655792e+00,5.792542448773381203e+00,-6.996425240061032724e+00,8.606117208712348088e+00
4.909646310673936753e+00,6.817292764410655792e+00,5.722939361210157116e+00,-6.960308756322408641e+00,8.572630604887748973e+00
4.932723602922166606e+00,6.817292764410655792e+00,5.653707484465467559e+00,-6.923187674468955777e+00,8.540519809996512279e+00
4.955673947151396419e+00,6.817292764410655792e+00,5.584856451777778119e+00,-6.885103268768943963e+00,8.509753183008834654e+00
4.978494266698927362e+00,6.817292764410655792e+00,5.516395493135185291e+00,-6.846095864259282848e+00,8.480299628875902940e+00
5.001181616209345648e+00,6.817292764410655792e+00,5.448333444603930431e+00,-6.806204853125485954e+00,8.452128591478444974e+00
5.023733178578911662e+00,6.817292764410655792e+00,5.380678757495232389e+00,-6.765468710869804170e+00,8.425210046625428717e+00
5.046146261953140311e+00,6.817292764410655792e+00,5.313439507372546444e+00,-6.723925012268594514e+00,8.399514495103952427e+00
5.068418296776879828e+00,6.817292764410655792e+00,5.246623402901327893e+00,-6.681610447121855145e+00,8.375012955779473245e+00
5.090546832896197138e+00,6.817292764410655792e+00,5.180237794543375962e+00,-6.638560835795193071e+00,8.351676958748182500e+00
5.112529536711389433e+00,6.817292764410655792e+00,5.114289683097799077e+00,-6.594811144557688465e+00,8.329478538540111998e+00
5.134364188380435401e+00,6.817292764410655792e+00,5.048785728090661173e+00,-6.550395500713790398e+00,8.308390227376872161e+00
5.156048679072219088e+00,6.817292764410655792e+00,4.983732256015310114e+00,-6.505347207535105980e+00,8.288385048480204631e+00
5.177581008268850482e+00,6.817292764410655792e+00,4.919135268425415930e+00,-6.459698758989418366e+00,8.269436509435998062e+00
5.198959281116425579e+00,6.817292764410655792e+00,4.855000449882690639e+00,-6.413481854272529148e+00,8.251518595610161100e+00
5.220181705823561558e+00,6.817292764410655792e+00,4.791333175761282703e+00,-6.366727412140793518e+00,8.234605763620489682e+00
5.241246591107059594e+00,6.817292764410655792e+00,4.728138519910788595e+00,-6.319465585049410805e+00,8.218672934861377399e+00
5.262152343684044276e+00,6.817292764410655792e+00,4.665421262179834549e+00,-6.271725773095404577e+00,8.203695489084431358e+00
5.282897465809937465e+00,6.817292764410655792e+00,4.603185895802154981e+00,-6.223536637767956847e+00,8.189649258034197743e+00
5.303480552861634223e+00,6.817292764410655792e+00,4.541436634647064707e+00,-6.174926115509027369e+00,8.176510519138037836e+00
5.323900290965243975e+00,6.817292764410655792e+00,4.480177420336235450e+00,-6.125921431082925750e+00,8.164255989253309309e+00
5.344155454667779637e+00,6.817292764410655792e+00,4.419411929228628466e+00,-6.076549110760698369e+00,8.152862818467930595e+00
5.364244904652162305e+00,6.817292764410655792e+00,4.359143579275480462e+00,-6.026834995314800381e+00,8.142308583960680579e+00
5.384167585494940234e+00,6.817292764410655792e+00,4.299375536747146676e+00,-5.976804252833378683e+00,8.132571283913769378e+00
5.403922523466110128e+00,6.817292764410655792e+00,4.240110722833636991e+00,-5.926481391350968408e+00,8.123629331482668192e+00
5.423508824370427917e+00,6.817292764410655792e+00,4.181351820120683627e+00,-5.875890271295336476e+00,8.115461548825347649e+00
5.442925671429628132e+00,6.817292764410655792e+00,4.123101278943082981e+00,-5.825054117760064543e+00,8.108047161183019824e+00
5.462172323204947055e+00,6.817292764410655792e+00,4.065361323617126210e+00,-5.773995532595677105e+00,8.101365791021450491e+00
5.481248111559367864e+00,6.817292764410655792e+00,4.008133958553863785e+00,-5.722736506326242534e+00,8.095397452227622637e+00
5.500152439659011350e+00,6.817292764410655792e+00,3.951420974254933327e+00,-5.671298429893045778e+00,8.090122544361888046e+00
5.518884780013091351e+00,6.817292764410655792e+00,3.895223953192693322e+00,-5.619702106224000460e+00,8.085521846968692472e+00
5.537444672551868230e+00,6.817292764410655792e+00,3.839544275576362686e+00,-5.567967761633063617e+00,8.081576513943300455e+00
5.555831722742039069e+00,6.817292764410655792e+00,3.784383125005850168e+00,-5.516115057051251824e+00,8.078268067954599729e+00
5.574045599739005930e+00,6.817292764410655792e+00,3.729741494014949588e+00,-5.464163099090058040e+00,8.075578394924892933e+00
5.592086034575465270e+00,6.817292764410655792e+00,3.675620189505571567e+00,-5.412130450937802095e+00,8.073489738567769081e+00
5.609952818385781192e+00,6.817292764410655792e+00,3.622019838074623799e+00,-5.360035143094776799e+00,8.071984694979846608e+00
5.627645800665595388e+00,6.817292764410655792e+00,3.568940891235181212e+00,-5.307894683944258674e+00,8.071046207290923036e+00
5.645164887566138212e+00,6.817292764410655792e+00,3.516383630533552740e+00,-5.255726070162847208e+00,8.070657560370705141e+00
5.662510040222717755e+00,6.817292764410655792e+00,3.464348172563814110e+00,-5.203545796973862991e+00,8.070802375589952504e+00
5.679681273116856666e+00,6.817292764410655792e+00,3.412834473881397379e+00,-5.151369868241673089e+00,8.071464605639725676e+00
5.696678652471559801e+00,6.817292764410655792e+00,3.361842335817287974e+00,-5.099213806410940464e+00,8.072628529406348008e+00
5.713502294679203786e+00,6.817292764410655792e+00,3.311371409194356019e+00,-5.047092662293195531e+00,8.074278746901160986e+00
5.730152364761537775e+00,6.817292764410655792e+00,3.261421198947354050e+00,-4.995021024700196932e+00,8.076400174247158503e+00
5.746629074861296260e+00,6.817292764410655792e+00,3.211991068648078596e+00,-4.943013029927545432e+00,8.078978038720533661e+00
5.762932682764926540e+00,6.817292764410655792e+00,3.163080244937187757e+00,-4.891082371089083836e+00,8.081997873848104419e+00
5.779063490455941476e+00,6.817292764410655792e+00,3.114687821864142947e+00,-4.839242307304481017e+00,8.085445514559662428e+00
5.795021842698412584e+00,6.817292764410655792e+00,3.066812765136729624e+00,-4.787505672741332319e+00,8.089307092395397802e+00
5.810808125650122946e+00,6.817292764410655792e+00,3.019453916281598538e+00,-4.735884885513108600e+00,8.093569030768490435e+00
5.826422765504911006e+00,6.817292764410655792e+00,2.972609996717234360e+00,-4.684391956436417814e+00,8.098218040280816155e+00
5.841866227163726499e+00,6.817292764410655792e+00,2.926279611740787878e+00,-4.633038497644648146e+00,8.103241114096139341e+00
5.857139012933951783e+00,6.817292764410655792e+00,2.880461254430112028e+00,-4.581835731067585016e+00,8.108625523362526621e+00
5.872241661256513368e+00,6.817292764410655792e+00,2.835153309462427274e+00,-4.530794496768475454e+00,8.114358812693952316e+00
5.887174745460344027e+00,6.817292764410655792e+00,2.790354056850935294e+00,-4.479925261149197979e+00,8.120428795701737812e+00
5.901938872543745163e+00,6.817292764410655792e+00,2.746061675600731888e+00,-4.429238125020340533e+00,8.126823550580391853e+00
5.916534681982204447e+00,6.817292764410655792e+00,2.702274247285354036e+00,-4.378742831537785207e+00,8.133531415747569326e+00
5.930962844562237990e+00,6.817292764410655792e+00,2.658989759545253406e+00,-4.328448774010063005e+00,8.140540985535190899e+00
5.945224061240825364e+00,6.817292764410655792e+00,2.616206109509491284e+00,-4.278365003576212189e+00,8.147841105933279593e+00
5.959319062030005831e+00,6.817292764410655792e+00,2.573921107141949882e+00,-4.228500236754140218e+00,8.155420870387811050e+00
5.973248604906225445e+00,6.817292764410655792e+00,2.532132478513291041e+00,-4.178862862865884154e+00,8.163269615647408273e+00
5.987013474744009578e+00,6.817292764410655792e+00,2.490837868999938642e+00,-4.129460951335239827e+00,8.171376917664698425e+00
6.000614482273560313e+00,6.817292764410655792e+00,2.450034846411286438e+00,-4.080302258865220466e+00,8.179732587546066469e+00
6.014052463061865694e+00,6.817292764410655792e+00,2.409720904046370293e+00,-4.031394236491614436e+00,8.188326667554756355e+00
6.027328276516926486e+00,6.817292764410655792e+00,2.369893463681187917e+00,-3.982744036518237607e+00,8.197149427162951696e+00
6.040442804914703423e+00,6.817292764410655792e+00,2.330549878487857107e+00,-3.934358519333081006e+00,8.206191359154775711e+00
6.053396952448395929e+00,6.817292764410655792e+00,2.291687435886779589e+00,-3.886244260107751813e+00,8.215443175779029161e+00
6.066191644299666841e+00,6.817292764410655792e+00,2.253303360332966854e+00,-3.838407555381273539e+00,8.224895804951692924e+00
6.078827825731432100e+00,6.817292764410655792e+00,2.215394816037671077e+00,-3.790854429529577629e+00,8.234540386508093945e+00
6.091306461201848599e+00,6.817292764410655792e+00,2.177958909626421580e+00,-3.743590641124949769e+00,8.244368268501471420e+00
6.103628533499115605e+00,6.817292764410655792e+00,2.140992692734620562e+00,-3.696621689180101811e+00,8.254371003554519248e+00
6.115795042896738032e+00,6.817292764410655792e+00,2.104493164541753281e+00,-3.649952819286728101e+00,8.264540345255024789e+00
6.127807006328885642e+00,6.817292764410655792e+00,2.068457274245310451e+00,-3.603589029644282959e+00,8.274868244601027101e+00
6.139665456585493786e+00,6.817292764410655792e+00,2.032881923475486019e+00,-3.557535076982443201e+00,8.285346846493043316e+00
6.151371441526750417e+00,6.817292764410655792e+00,1.997763968651716127e+00,-3.511795482376989241e+00,8.295968486274727383e+00
6.162926023316634527e+00,6.817292764410655792e+00,1.963100223282063794e+00,-3.466374536965233233e+00,8.306725686316831059e+00
6.174330277675150747e+00,6.817292764410655792e+00,1.928887460206515136e+00,-3.421276307554865781e+00,8.317611152651650741e+00
6.185585293148932351e+00,6.817292764410655792e+00,1.895122413785170323e+00,-3.376504642134481315e+00,8.328617771650689505e+00
6.196692170399878741e+00,6.817292764410655792e+00,1.861801782032331154e+00,-3.332063175283916934e+00,8.339738606748415606e+00
6.207652021511499640e+00,6.817292764410655792e+00,1.828922228697468455e+00,-3.287955333486269893e+00,8.350966895211199059e+00
6.218465969312641839e+00,6.817292764410655792e+00,1.796480385294041859e+00,-3.244184340342659567e+00,8.362296044951381901e+00
6.229135146718279614e+00,6.817292764410655792e+00,1.764472853077128534e+00,-3.200753221691332584e+00,8.373719631385796447e+00
6.239660696087055314e+00,6.817292764410655792e+00,1.732896204970801435e+00,-3.157664810632709873e+00,8.385231394338092059e+00
6.250043768595265448e+00,6.817292764410655792e+00,1.701746987446171033e+00,-3.114921752463040150e+00,8.396825234983131381e+00
6.260285523626973436e+00,6.817292764410655792e+00,1.671021722351047067e+00,-3.072526509512396586e+00,8.408495212838651867e+00
6.270387128179965686e+00,6.817292764410655792e+00,1.640716908692070319e+00,-3.030481365897674806e+00,8.420235542794396011e+00
6.280349756287237462e+00,6.817292764410655792e+00,1.610829024370254992e+00,-2.988788432181532784e+00,8.432040592188723593e+00
6.290174588453727900e+00,6.817292764410655792e+00,1.581354527870783677e+00,-2.947449649947131434e+00,8.443904877923653629e+00
6.299862811108011051e+00,6.817292764410655792e+00,1.552289859907934222e+00,-2.906466796284945531e+00,8.455823063622990077e+00
6.309415616068656085e+00,6.817292764410655792e+00,1.523631445025999120e+00,-2.865841488193510145e+00,8.467789956832490361e+00
6.318834200024983971e+00,6.817292764410655792e+00,1.495375693157015462e+00,-2.825575186898365843e+00,8.479800506258650117e+00
6.328119764031938210e+00,6.817292764410655792e+00,1.467519001136152745e+00,-2.785669202086271667e+00,8.491849799049880687e+00
6.337273513018796933e+00,6.817292764410655792e+00,1.440057754175576576e+00,-2.746124696057616887e+00,8.503933058117960186e+00
6.346296655311467916e+00,6.817292764410655792e+00,1.412988327297563629e+00,-2.706942687801294767e+00,8.516045639496269359e+00
6.355190402168088504e+00,6.817292764410655792e+00,1.386307086727701865e+00,-2.668124056986176384e+00,8.528183029741526866e+00
6.363955967327683538e+00,6.817292764410655792e+00,1.360010391248916761e+00,-2.629669547878510372e+00,8.540340843370406887e+00
6.372594566571615715e+00,6.817292764410655792e+00,1.334094593517120231e+00,-2.591579773179653046e+00,8.552514820337467683e+00
6.381107417297581463e+00,6.817292764410655792e+00,1.308556041339222986e+00,-2.553855217789724463e+00,8.564700823549499020e+00
6.389495738105901879e+00,6.817292764410655792e+00,1.283391078914261740e+00,-2.516496242496124580e+00,8.576894836418137658e+00
6.397760748397864461e+00,6.817292764410655792e+00,1.258596048038373993e+00,-2.479503087588774690e+00,8.589092960449599801e+00
6.405903667985871408e+00,6.817292764410655792e+00,1.234167289274353152e+00,-2.442875876402084145e+00,8.601291412872269504e+00
6.413925716715166203e+00,6.817292764410655792e+00,1.210101143086468767e+00,-2.406614618788438520e+00,8.613486524298030744e+00
6.421828114096890694e+00,6.817292764410655792e+00,1.186393950941295294e+00,-2.370719214517347240e+00,8.625674736423949440e+00
6.429612078952257725e+00,6.817292764410655792e+00,1.163042056375194200e+00,-2.335189456610109460e+00,8.637852599765086126e+00
6.437278829067601293e+00,6.817292764410655792e+00,1.140041806029163496e+00,-2.300025034603070395e+00,8.650016771426093598e+00
6.444829580860087503e+00,6.817292764410655792e+00,1.117389550651704866e+00,-2.265225537745862994e+00,8.662164012905842370e+00
6.452265549053864291e+00,6.817292764410655792e+00,1.095081646070374504e+00,-2.230790458133036225e+00,8.674291187937338776e+00
6.459587946366434075e+00,6.817292764410655792e+00,1.073114454132665152e+00,-2.196719193770935163e+00,8.686395260361731374e+00
6.466797983205040623e+00,6.817292764410655792e+00,1.051484343616845507e+00,-2.163011051581964495e+00,8.698473292034881510e+00
6.473896867372850750e+00,6.817292764410655792e+00,1.030187691113415127e+00,-2.129665250343037997e+00,8.710522440770377628e+00
6.480885803784737220e+00,6.817292764410655792e+00,1.009220881877755716e+00,-2.096680923565941157e+00,8.722539958311815056e+00
6.487765994192455032e+00,6.817292764410655792e+00,9.885803106546022789e-01,-2.064057122315343662e+00,8.734523188339260003e+00
6.494538636919006791e+00,6.817292764410655792e+00,9.682623824749470032e-01,-2.031792817965527576e+00,8.746469564509419925e+00
6.501204926602009770e+00,6.817292764410655792e+00,9.482635134259380649e-01,-1.999886904900893825e+00,8.758376608525043849e+00
6.507766053945864826e+00,6.817292764410655792e+00,9.285801313943728985e-01,-1.968338203156516641e+00,8.770241928237856754e+00
6.514223205482544188e+00,6.817292764410655792e+00,9.092086767843348127e-01,-1.937145461003808578e+00,8.782063215780526733e+00
6.520577563340800964e+00,6.817292764410655792e+00,8.901456032095644844e-01,-1.906307357477032838e+00,8.793838245732532144e+00
6.526830305023631595e+00,6.817292764410655792e+00,8.713873781610725899e-01,-1.875822504849189443e+00,8.805564873311883645e+00
6.532982603193793203e+00,6.817292764410655792e+00,8.529304836505877674e-01,-1.845689451048482255e+00,8.817241032602105122e+00
6.539035625467215063e+00,6.817292764410655792e+00,8.347714168303221882e-01,-1.815906682026557917e+00,8.828864734803765657e+00
6.544990534214117694e+00,6.817292764410655792e+00,8.169066905896142927e-01,-1.786472624070789550e+00,8.840434066518824352e+00
6.550848486367671697e+00,6.817292764410655792e+00,7.993328341289522854e-01,-1.757385646066200735e+00,8.851947188062752048e+00
6.556610633240032016e+00,6.817292764410655792e+00,7.820463935118713295e-01,-1.728644061708095592e+00,8.863402331803776235e+00
6.562278120345572674e+00,6.817292764410655792e+00,7.650439321952493543e-01,-1.700246131662197513e+00,8.874797800533052339e+00
6.567852087231166536e+00,6.817292764410655792e+00,7.483220315384677690e-01,-1.672190065678158533e+00,8.886131965860309734e+00
6.573333667313346673e+00,6.817292764410655792e+00,7.318772912919273566e-01,-1.644474024654041244e+00,8.897403266637887498e+00
6.578723987722190358e+00,6.817292764410655792e+00,7.157063300653963012e-01,-1.617096122653105539e+00,8.908610207412291260e+00
6.584024169151775574e+00,6.817292764410655792e+00,6.998057857766406542e-01,-1.590054428875564696e+00,8.919751356901077344e+00
6.589235325717051062e+00,6.817292764410655792e+00,6.841723160808141913e-01,-1.563346969582646295e+00,8.930825346498167505e+00
6.594358564816976020e+00,6.817292764410655792e+00,6.688025987810393147e-01,-1.536971729977487655e+00,8.941830868803553045e+00
6.599394987003781132e+00,6.817292764410655792e+00,6.536933322206239794e-01,-1.510926656041533533e+00,8.952766676179091832e+00
6.604345685858204362e+00,6.817292764410655792e+00,6.388412356573542894e-01,-1.485209656326968997e+00,8.963631579330385790e+00
6.609211747870560316e+00,6.817292764410655792e+00,6.242430496202864276e-01,-1.459818603706786178e+00,8.974424445913500747e+00
6.613994252327508150e+00,6.817292764410655792e+00,6.098955362494429266e-01,-1.434751337084350098e+00,8.985144199165093326e+00
6.618694271204372370e+00,6.817292764410655792e+00,5.957954796188502655e-01,-1.410005663059266112e+00,8.995789816559584651e+00
6.623312869062892183e+00,6.817292764410655792e+00,5.819396860432908269e-01,-1.385579357555943858e+00,9.006360328487346578e+00
6.627851102954260831e+00,6.817292764410655792e+00,5.683249843691848824e-01,-1.361470167410594456e+00,9.016854816958591812e+00
6.632310022327325250e+00,6.817292764410655792e+00,5.549482262499916274e-01,-1.337675811919325497e+00,9.027272414330667516e+00
6.636690668941823468e+00,6.817292764410655792e+00,5.418062864064969730e-01,-1.314193984349465438e+00,9.037612302057031144e+00
6.640994076786527422e+00,6.817292764410655792e+00,5.288960628723851087e-01,-1.291022353411186430e+00,9.047873709461200065e+00
6.645221272002177493e+00,6.817292764410655792e+00,5.162144772254348979e-01,-1.268158564695021084e+00,9.058055912530413423e+00
6.649373272809079971e+00,6.817292764410655792e+00,5.037584748047274630e-01,-1.245600242070743491e+00,9.068158232733985358e+00
6.653451089439256450e+00,6.817292764410655792e+00,4.915250249141980277e-01,-1.223344989052943532e+00,9.078180035861254993e+00
6.657455724073018999e+00,6.817292764410655792e+00,4.795111210129103796e-01,-1.201390390128764807e+00,9.088120730884146070e+00
6.661388170779869888e+00,6.817292764410655792e+00,4.677137808923577111e-01,-1.179734012055266845e+00,9.097979768837092251e+00
6.665249415463604166e+00,6.817292764410655792e+00,4.561300468411548792e-01,-1.158373405120283195e+00,9.107756641720872182e+00
6.669040435811510292e+00,6.817292764410655792e+00,4.447569857974364993e-01,-1.137306104371837989e+00,9.117450881425599007e+00
6.672762201247559588e+00,6.817292764410655792e+00,4.335916894892886120e-01,-1.116529630814788732e+00,9.127062058674500378e+00
6.676415672889476127e+00,6.817292764410655792e+00,4.226312745635389945e-01,-1.096041492574961751e+00,9.136589781988577741e+00
6.680001803509591163e+00,6.817292764410655792e+00,4.118728827031938877e-01,-1.075839186034510675e+00,9.146033696668684598e+00
6.683521537499373721e+00,6.817292764410655792e+00,4.013136807338462120e-01,-1.055920196934767574e+00,9.155393483799079135e+00
6.686975810837536116e+00,6.817292764410655792e+00,3.909508607193590279e-01,-1.036282001448718404e+00,9.164668859270641121e+00
6.690365551061625560e+00,6.817292764410655792e+00,3.807816400470906970e-01,-1.016922067226833093e+00,9.173859572820258990e+00
6.693691677242997073e+00,6.817292764410655792e+00,3.708032615029761558e-01,-9.978378544114541171e-01,9.182965407091522536e+00
6.696955099965077096e+00,6.817292764410655792e+00,3.610129933367360877e-01,-9.790268166240068126e-01,9.191986176712729772e+00
6.700156721304828977e+00,6.817292764410655792e+00,3.514081293174804443e-01,-9.604864019255643370e-01,9.200921727391916605e+00
6.703297434817319989e+00,6.817292764410655792e+00,3.419859887800074105e-01,-9.422140537473033817e-01,9.209771935032705414e+00
6.706378125523314360e+00,6.817292764410655792e+00,3.327439166620242972e-01,-9.242072117983113344e-01,9.218536704863712572e+00
6.709399669899794638e+00,6.817292764410655792e+00,3.236792835325834616e-01,-9.064633129440835546e-01,9.227215970588499516e+00
6.712362935873334102e+00,6.817292764410655792e+00,3.147894856119650697e-01,-8.889797920618391913e-01,9.235809693550127264e+00
6.715268782816228743e+00,6.817292764410655792e+00,3.060719447832811468e-01,-8.717540828683922882e-01,9.244317861914890244e+00
6.718118061545314212e+00,6.817292764410655792e+00,2.975241085960247389e-01,-8.547836187256407925e-01,9.252740489870383556e+00
6.720911614323386907e+00,6.817292764410655792e+00,2.891434502618066560e-01,-8.380658334218082928e-01,9.261077616839997972e+00
6.723650274863143927e+00,6.817292764410655792e+00,2.809274686425355938e-01,-8.215981619271062186e-01,9.269329306715430761e+00
6.726334868333572636e+00,6.817292764410655792e+00,2.728736882312494672e-01,-8.053780411286126650e-01,9.277495647102636411e+00
6.728966211368711647e+00,6.817292764410655792e+00,2.649796591258324341e-01,-7.894029105417033065e-01,9.285576748584130513e+00
6.731545112078708648e+00,6.817292764410655792e+00,2.572429569958414319e-01,-7.736702129991002153e-01,9.293572743996740826e+00
6.734072370063105772e+00,6.817292764410655792e+00,2.496611830426500589e-01,-7.581773953191373039e-01,9.301483787723512364e+00
6.736548776426275253e+00,6.817292764410655792e+00,2.422319639531416158e-01,-7.429219089508443119e-01,9.309310055002297801e+00
6.738975113794944960e+00,6.817292764410655792e+00,2.349529518471324963e-01,-7.279012106009119520e-01,9.317051741246221042e+00
6.741352156337739210e+00,6.817292764410655792e+00,2.278218242187497466e-01,-7.131127628382749606e-01,9.324709061380474395e+00
6.743680669786670911e+00,6.817292764410655792e+00,2.208362838719546417e-01,-6.985540346795104938e-01,9.332282249192445533e+00
6.745961411460521973e+00,6.817292764410655792e+00,2.139940588504014585e-01,-6.842225021553183240e-01,9.339771556695083632e+00
6.748195130290042698e+00,6.817292764410655792e+00,2.072929023618392819e-01,-6.701156488562176605e-01,9.347177253505622119e+00
6.750382566844914223e+00,6.817292764410655792e+00,2.007305926972247079e-01,-6.562309664614573990e-01,9.354499626235767806e+00
6.752524453362409140e+00,6.817292764410655792e+00,1.943049331447399553e-01,-6.425659552484752624e-01,9.361738977896266078e+00
6.754621513777693487e+00,6.817292764410655792e+00,1.880137518988869161e-01,-6.291181245853039172e-01,9.368895627313584384e+00
6.756674463755709681e+00,6.817292764410655792e+00,1.818549019648383336e-01,-6.158849934048582497e-01,9.375969908559980581e+00
6.758684010724581803e+00,6.817292764410655792e+00,1.758262610582219665e-01,-6.028640906616367090e-01,9.382962170396584867e+00
6.760650853910493474e+00,6.817292764410655792e+00,1.699257315004869540e-01,-5.900529557735012531e-01,9.389872775726985310e+00
6.762575684373977936e+00,6.817292764410655792e+00,1.641512401100335694e-01,-5.774491390453384554e-01,9.396702101064695611e+00
6.764459185047568823e+00,6.817292764410655792e+00,1.585007380892609063e-01,-5.650502020772663059e-01,9.403450536011995098e+00
6.766302030774761000e+00,6.817292764410655792e+00,1.529722009076843747e-01,-5.528537181576531623e-01,9.410118482750032598e+00
6.768104888350228165e+00,6.817292764410655792e+00,1.475636281812828798e-01,-5.408572726401494890e-01,9.416706355541133888e+00
6.769868416561249269e+00,6.817292764410655792e+00,1.422730435482195688e-01,-5.290584633063311060e-01,9.423214580241889848e+00
6.771593266230294006e+00,6.817292764410655792e+00,1.370984945410853584e-01,-5.174549007134210399e-01,9.429643593827664816e+00
6.773280080258722080e+00,6.817292764410655792e+00,1.320380524558011359e-01,-5.060442085284222458e-01,9.435993843927379388e+00
6.774929493671542957e+00,6.817292764410655792e+00,1.270898122173385048e-01,-4.948240238462631169e-01,9.442265788371075885e+00
6.776542133663200573e+00,6.817292764410655792e+00,1.222518922423656562e-01,-4.837919974972848536e-01,9.448459894745081300e+00
6.778118619644333265e+00,6.817292764410655792e+00,1.175224342989675819e-01,-4.729457943398074349e-01,9.454576639959160644e+00
6.779659563289461843e+00,6.817292764410655792e+00,1.128996033635818463e-01,-4.622830935385735529e-01,9.460616509825008791e+00
6.781165568585572956e+00,6.817292764410655792e+00,1.083815874752485087e-01,-4.518015888333337671e-01,9.466579998641915239e+00
6.782637231881547990e+00,6.817292764410655792e+00,1.039665975873234061e-01,-4.414989887925102607e-01,9.472467608794813643e+00
6.784075141938401998e+00,6.817292764410655792e+00,9.965286741676138149e-02,-4.313730170562024568e-01,9.478279850360559422e+00
6.785479879980292672e+00,6.817292764410655792e+00,9.543865329108935924e-02,-4.214214125672022249e-01,9.484017240723886744e+00
6.786852019746255849e+00,6.817292764410655792e+00,9.132223399319983059e-02,-4.116419297889528650e-01,9.489680304204247463e+00
6.788192127542639120e+00,6.817292764410655792e+00,8.730191060405001480e-02,-4.020323389149815796e-01,9.495269571689068044e+00
6.789500762296190928e+00,6.817292764410655792e+00,8.337600634339459305e-02,-3.925904260655421751e-01,9.500785580277852915e+00
6.790778475607770481e+00,6.817292764410655792e+00,7.954286640865593228e-02,-3.833139934738660770e-01,9.506228872934791241e+00
6.792025811806643887e+00,6.817292764410655792e+00,7.580085781203571571e-02,-3.742008596620216565e-01,9.511599998150014557e+00
6.793243308005332715e+00,6.817292764410655792e+00,7.214836921596923247e-02,-3.652488596066483240e-01,9.516899509609320518e+00
6.794431494154982154e+00,6.817292764410655792e+00,6.858381076702091406e-02,-3.564558448948318414e-01,9.522127965872190458e+00
6.795590893101218555e+00,6.817292764410655792e+00,6.510561392831171190e-02,-3.478196838709202154e-01,9.527285930057391994e+00
6.796722020640460826e+00,6.817292764410655792e+00,6.171223131058489741e-02,-3.393382617726814487e-01,9.532373969537903946e+00
6.797825385576657276e+00,6.817292764410655792e+00,5.840213650199554962e-02,-3.310094808589347792e-01,9.537392655643060380e+00
6.798901489778417684e+00,6.817292764410655792e+00,5.517382389671432463e-02,-3.228312605281224990e-01,9.542342563368592323e+00
6.799950828236514866e+00,6.817292764410655792e+00,5.202580852242277842e-02,-3.148015374291546209e-01,9.547224271093268655e+00
6.800973889121721072e+00,6.817292764410655792e+00,4.895662586680415984e-02,-3.069182655618618583e-01,9.552038360304942799e+00
6.801971153842957918e+00,6.817292764410655792e+00,4.596483170309362265e-02,-2.991794163710537191e-01,9.556785415332040401e+00
6.802943097105727865e+00,6.817292764410655792e+00,4.304900191478377991e-02,-2.915829788309842741e-01,9.561466023083799115e+00
6.803890186970806830e+00,6.817292764410655792e+00,4.020773231954688498e-02,-2.841269595236894929e-01,9.566080772795857001e+00
6.804812884913165050e+00,6.817292764410655792e+00,3.743963849247222697e-02,-2.768093827074658009e-01,9.570630255785006923e+00
6.805711645881102001e+00,6.817292764410655792e+00,3.474335558866137319e-02,-2.696282903810853782e-01,9.575115065207576492e+00
6.806586918355559845e+00,6.817292764410655792e+00,3.211753816528784000e-02,-2.625817423373533188e-01,9.579535795827935019e+00
6.807439144409600296e+00,6.817292764410655792e+00,2.956086000316648921e-02,-2.556678162121350795e-01,9.583893043791032795e+00
6.808268759768020040e+00,6.817292764410655792e+00,2.707201392790725691e-02,-2.488846075259232293e-01,9.588187406401985413e+00
6.809076193867079851e+00,6.817292764410655792e+00,2.464971163072782190e-02,-2.422302297179435016e-01,9.592419481912784818e+00
6.809861869914330512e+00,6.817292764410655792e+00,2.229268348897583962e-02,-2.357028141751982275e-01,9.596589869313778109e+00
6.810626204948512452e+00,6.817292764410655792e+00,1.999967838643001983e-02,-2.293005102545819796e-01,9.600699168131848538e+00
6.811369609899507793e+00,6.817292764410655792e+00,1.776946353344399654e-02,-2.230214852986023288e-01,9.604747978234842165e+00
6.812092489648327032e+00,6.817292764410655792e+00,1.560082428698628121e-02,-2.168639246457715331e-01,9.608736899641215246e+00
6.812795243087109931e+00,6.817292764410655792e+00,1.349256397063758328e-02,-2.108260316348697927e-01,9.612666532335769176e+00
6.813478263179126415e+00,6.817292764410655792e+00,1.144350369458813077e-02,-2.049060276049452511e-01,9.616537476089643377e+00
6.814141937018751705e+00,6.817292764410655792e+00,9.452482175712262347e-03,-1.991021518875868423e-01,9.620350330288125917e+00
6.814786645891405925e+00,6.817292764410655792e+00,7.518355557749600848e-03,-1.934126617962661498e-01,9.624105693761483948e+00
6.815412765333436873e+00,6.817292764410655792e+00,5.639997231656757037e-03,-1.878358326092843811e-01,9.627804164622371985e+00
6.816020665191929950e+00,6.817292764410655792e+00,3.816297656177525255e-03,-1.823699575479231783e-01,9.631446340108254844e+00
6.816610709684433722e+00,6.817292764410655792e+00,2.046164178666209921e-03,-1.770133477511315334e-01,9.635032816427536062e+00
6.817183257458579781e+00,6.817292764410655792e+00,3.285208562280317324e-04,-1.717643322438178188e-01,9.638564188612409822e+00
6.817738661651587151e+00,6.817292764410655792e+00,-1.337691722794076554e-03,-1.666212579022108287e-01,9.642041050374995592e+00
6.818277269949632569e+00,6.817292764410655792e+00,-2.953516616930329519e-03,-1.615824894136252965e-01,9.645463993969444871e+00
6.818799424647074225e+00,6.817292764410655792e+00,-4.519980709255300155e-03,-1.566464092324970636e-01,9.648833610058247245e+00
6.819305462705521848e+00,6.817292764410655792e+00,-6.038094884598166345e-03,-1.518114175342866190e-01,9.652150487581115712e+00
6.819795715812728254e+00,6.817292764410655792e+00,-7.508854206217385752e-03,-1.470759321619219406e-01,9.655415213631862059e+00
6.820270510441297063e+00,6.817292764410655792e+00,-8.933238091923811908e-03,-1.424383885706426156e-01,9.658628373337434070e+00
6.820730167907200325e+00,6.817292764410655792e+00,-1.031221048963359976e-02,-1.378972397709787856e-01,9.661790549739388112e+00
6.821175004428076782e+00,6.817292764410655792e+00,-1.164672005226297102e-02,-1.334509562629371260e-01,9.664902323684799512e+00
6.821605331181322285e+00,6.817292764410655792e+00,-1.293770031199947823e-02,-1.290980259736507207e-01,9.667964273714350298e+00
6.822021454361938630e+00,6.817292764410655792e+00,-1.418606985384851527e-02,-1.248369541849037034e-01,9.670976975961249167e+00
6.822423675240151475e+00,6.817292764410655792e+00,-1.539273248848704867e-02,-1.206662634638533405e-01,9.673941004047659220e+00
6.822812290218768894e+00,6.817292764410655792e+00,-1.655857742433930468e-02,-1.165844935852256015e-01,9.676856928990435591e+00
6.823187590890285925e+00,6.817292764410655792e+00,-1.768447943889039919e-02,-1.125902014551094510e-01,9.679725319106001535e+00
6.823549864093712891e+00,6.817292764410655792e+00,-1.877129904917129721e-02,-1.086819610280898019e-01,9.682546739922738510e+00
6.823899391971132822e+00,6.817292764410655792e+00,-1.981988268143108911e-02,-1.048583632259791898e-01,9.685321754092591107e+00
6.824236452023961341e+00,6.817292764410655792e+00,-2.083106283991664753e-02,-1.011180158485558422e-01,9.688050921311528896e+00
6.824561317168921448e+00,6.817292764410655792e+00,-2.180565827479696850e-02,-9.745954348803209655e-02,9.690734798237171432e+00
6.824874255793704769e+00,6.817292764410655792e+00,-2.274447414914693155e-02,-9.388158743499630532e-02,9.693373938415856372e+00
6.825175531812329943e+00,6.817292764410655792e+00,-2.364830220502245339e-02,-9.038280558755218408e-02,9.695968892207424972e+00
6.825465404720175933e+00,6.817292764410655792e+00,-2.451792092856042160e-02,-8.696187235379682079e-02,9.698520206717642367e+00
6.825744129648693814e+00,6.817292764410655792e+00,-2.535409571411406660e-02,-8.361747855536449947e-02,9.701028425730521931e+00
6.826011957419784615e+00,6.817292764410655792e+00,-2.615757902738646834e-02,-8.034833132724017446e-02,9.703494089645374743e+00
6.826269134599839639e+00,6.817292764410655792e+00,-2.692911056755153965e-02,-7.715315401650713056e-02,9.705917735415940939e+00
6.826515903553436182e+00,6.817292764410655792e+00,-2.766941742834116980e-02,-7.403068607896301501e-02,9.708299896492697201e+00
6.826752502496682418e+00,6.817292764410655792e+00,-2.837921425807987674e-02,-7.097968297387069470e-02,9.710641102768050814e+00
6.826979165550205231e+00,6.817292764410655792e+00,-2.905920341864831613e-02,-6.799891605684393880e-02,9.712941880524507354e+00
6.827196122791781008e+00,6.817292764410655792e+00,-2.971007514337564714e-02,-6.508717247273310136e-02,9.715202752383891749e+00
6.827403600308595166e+00,6.817292764410655792e+00,-3.033250769381812262e-02,-6.224325504424754740e-02,9.717424237261933939e+00
6.827601820249134867e+00,6.817292764410655792e+00,-3.092716751543722609e-02,-5.946598216191034680e-02,9.719606850322652036e+00
6.827791000874706917e+00,6.817292764410655792e+00,-3.149470939215337495e-02,-5.675418767161488631e-02,9.721751102936231348e+00
6.827971356610572862e+00,6.817292764410655792e+00,-3.203577659975120895e-02,-5.410672075978339990e-02,9.723857502640466777e+00
6.828143098096703056e+00,6.817292764410655792e+00,-3.255100105814179301e-02,-5.152244583905840614e-02,9.725926553102800298e+00
6.828306432238143486e+00,6.817292764410655792e+00,-3.304100348246308272e-02,-4.900024243212897090e-02,9.727958754085408444e+00
6.828461562254992678e+00,6.817292764410655792e+00,-3.350639353301065881e-02,-4.653900505475760951e-02,9.729954601412231341e+00
6.828608687731982485e+00,6.817292764410655792e+00,-3.394776996398007896e-02,-4.413764309694201415e-02,9.731914586939078404e+00
6.828748004667666294e+00,6.817292764410655792e+00,-3.436572077103150491e-02,-4.179508070514259543e-02,9.733839198523826397e+00
6.828879705523202226e+00,6.817292764410655792e+00,-3.476082333763930166e-02,-3.951025666077967458e-02,9.735728920001580633e+00
6.829003979270738434e+00,6.817292764410655792e+00,-3.513364458024792469e-02,-3.728212426086230380e-02,9.737584231158891157e+00
6.829121011441390721e+00,6.817292764410655792e+00,-3.548474109220478567e-02,-3.510965119568609794e-02,9.739405607712109614e+00
6.829230984172814267e+00,6.817292764410655792e+00,-3.581465928647542540e-02,-3.299181942706397308e-02,9.741193521286461987e+00
6.829334076256366792e+00,6.817292764410655792e+00,-3.612393553713300065e-02,-3.092762506575752468e-02,9.742948439397110860e+00
6.829430463183858713e+00,6.817292764410655792e+00,-3.641309631960876203e-02,-2.891607824757613798e-02,9.744670825432816486e+00
6.829520317193893852e+00,6.817292764410655792e+00,-3.668265834971418116e-02,-2.695620301054191259e-02,9.746361138639745292e+00
6.829603807317792707e+00,6.817292764410655792e+00,-3.693312872141074621e-02,-2.504703716965650528e-02,9.748019834108934134e+00
6.829681099425102708e+00,6.817292764410655792e+00,-3.716500504334074861e-02,-2.318763219300024048e-02,9.749647362763660396e+00
6.829752356268689262e+00,6.817292764410655792e+00,-3.737877557410040907e-02,-2.137705307596604598e-02,9.751244171349934931e+00
6.829817737529411126e+00,6.817292764410655792e+00,-3.757491935626600110e-02,-1.961437821655920288e-02,9.752810702427176182e+00
6.829877399860375675e+00,6.817292764410655792e+00,-3.775390634915964938e-02,-1.789869928936482779e-02,9.754347394361476020e+00
6.829931496930775836e+00,6.817292764410655792e+00,-3.791619756036013200e-02,-1.622912112004826213e-02,9.755854681319592103e+00
6.829980179469307799e+00,6.817292764410655792e+00,-3.806224517595602208e-02,-1.460476155958900790e-02,9.757332993264455467e+00
6.830023595307166850e+00,6.817292764410655792e+00,-3.819249268953317511e-02,-1.302475135771530290e-02,9.758782755952751131e+00
6.830061889420620425e+00,6.817292764410655792e+00,-3.830737502989389753e-02,-1.148823403607224236e-02,9.760204390934035246e+00
6.830095203973168161e+00,6.817292764410655792e+00,-3.840731868753710643e-02,-9.994365764320889411e-03,9.761598315548141613e+00
6.830123678357270300e+00,6.817292764410655792e+00,-3.849274183984352504e-02,-8.542315230641861490e-03,9.762964942929514223e+00
6.830147449235665746e+00,6.817292764410655792e+00,-3.856405447502986306e-02,-7.131263518633801368e-03,9.764304682006336833e+00
6.830166650582261134e+00,6.817292764410655792e+00,-3.862165851481602630e-02,-5.760403978616324139e-03,9.765617937506569035e+00
6.830181413722607786e+00,6.817292764410655792e+00,-3.866594793585598211e-02,-4.428942103995581192e-03,9.766905109960148934e+00
6.830191867373950565e+00,6.817292764410655792e+00,-3.869730888988431872e-02,-3.136095402833660728e-03,9.768166595707281630e+00
6.830198137684863724e+00,6.817292764410655792e+00,-3.871611982262379570e-02,-1.881093273947698208e-03,9.769402786903429003e+00
6.830200348274467537e+00,6.817292764410655792e+00,-3.872275159143523382e-02,-6.631768811438121247e-04,9.770614071527422340e+00
6.830198620271223930e+00,6.817292764410655792e+00,-3.871756758170441515e-02,5.184009730818672779e-04,9.771800833391377950e+00
6.830193072351319117e+00,6.817292764410655792e+00,-3.870092382198997427e-02,1.664375971444087554e-03,9.772963452149454611e+00
6.830183820776629666e+00,6.817292764410655792e+00,-3.867316909792162249e-02,2.775472406835177708e-03,9.774102303308914941e+00
6.830170979432271139e+00,6.817292764410655792e+00,-3.863464506484604044e-02,3.852403307558205370e-03,9.775217758242712662e+00
6.830154659863736377e+00,6.817292764410655792e+00,-3.858568635924175538e-02,4.895870560428505769e-03,9.776310184201186360e+00
6.830134971313621683e+00,6.817292764410655792e+00,-3.852662070889767421e-02,5.906565034408117754e-03,9.777379944325510053e+00
6.830112020757939995e+00,6.817292764410655792e+00,-3.845776904185260747e-02,6.885166704506673341e-03,9.778427397662653675e+00
6.830085912942024606e+00,6.817292764410655792e+00,-3.837944559410644274e-02,7.832344774616473160e-03,9.779452899180510528e+00
6.830056750416027000e+00,6.817292764410655792e+00,-3.829195801611362526e-02,8.748757799281747793e-03,9.780456799783168620e+00
6.830024633570007886e+00,6.817292764410655792e+00,-3.819560747805628154e-02,9.635053805734372645e-03,9.781439446327677700e+00
6.829989660668621454e+00,6.817292764410655792e+00,-3.809068877389698571e-02,1.049187041592958280e-02,9.782401181642033094e+00
6.829951927885399066e+00,6.817292764410655792e+00,-3.797749042422982058e-02,1.131983496671651324e-02,9.783342344542486302e+00
6.829911529336631482e+00,6.817292764410655792e+00,-3.785629477792706865e-02,1.211956463027519248e-02,9.784263269852349509e+00
6.829868557114848748e+00,6.817292764410655792e+00,-3.772737811257886875e-02,1.289166653481998992e-02,9.785164288422240730e+00
6.829823101321908396e+00,6.817292764410655792e+00,-3.759101073375781255e-02,1.363673788210562066e-02,9.786045727148348305e+00
6.829775250101683071e+00,6.817292764410655792e+00,-3.744745707308183569e-02,1.435536606759768574e-02,9.786907908994516347e+00
6.829725089672356475e+00,6.817292764410655792e+00,-3.729697578510204892e-02,1.504812879797867708e-02,9.787751153012877126e+00
6.829672704358331181e+00,6.817292764410655792e+00,-3.713981984302616723e-02,1.571559420758816827e-02,9.788575774364563387e+00
6.829618176621742975e+00,6.817292764410655792e+00,-3.697623663326154997e-02,1.635832097646172656e-02,9.789382084343200674e+00
6.829561587093588848e+00,6.817292764410655792e+00,-3.680646804879916800e-02,1.697685844623819662e-02,9.790170390397438638e+00
6.829503014604474842e+00,6.817292764410655792e+00,-3.663075058145714991e-02,1.757174673420180966e-02,9.790940996152745157e+00
6.829442536214975767e+00,6.817292764410655792e+00,-3.644931541295992616e-02,1.814351684972237422e-02,9.791694201436762057e+00
6.829380227245620105e+00,6.817292764410655792e+00,-3.626238850489293952e-02,1.869269080669866412e-02,9.792430302301806222e+00
6.829316161306494770e+00,6.817292764410655792e+00,-3.607019068751693425e-02,1.921978173760052755e-02,9.793149591050084979e+00
6.829250410326474174e+00,6.817292764410655792e+00,-3.587293774745514696e-02,1.972529400617872852e-02,9.793852356258724967e+00
6.829183044582079809e+00,6.817292764410655792e+00,-3.567084051427205083e-02,2.020972331830961366e-02,9.794538882804037172e+00
6.829114132725965902e+00,6.817292764410655792e+00,-3.546410494593033036e-02,2.067355683417204659e-02,9.795209451888242214e+00
6.829043741815040924e+00,6.817292764410655792e+00,-3.525293221315539682e-02,2.111727327749335359e-02,9.795864341064337566e+00
6.828971937338222276e+00,6.817292764410655792e+00,-3.503751878269945053e-02,2.154134304559462976e-02,9.796503824262895677e+00
6.828898783243829484e+00,6.817292764410655792e+00,-3.481805649952107728e-02,2.194622831783732408e-02,9.797128171818316744e+00
6.828824341966618583e+00,6.817292764410655792e+00,-3.459473266788837265e-02,2.233238316327046391e-02,9.797737650495381700e+00
6.828748674454457657e+00,6.817292764410655792e+00,-3.436773013140559385e-02,2.270025364827787939e-02,9.798332523516872783e+00
6.828671840194648013e+00,6.817292764410655792e+00,-3.413722735197666225e-02,2.305027794289316034e-02,9.798913050590916995e+00
6.828593897239898070e+00,6.817292764410655792e+00,-3.390339848772683240e-02,2.338288642498298486e-02,9.799479487937256650e+00
6.828514902233941086e+00,6.817292764410655792e+00,-3.366641346985588257e-02,2.369850178709498323e-02,9.800032088317239598e+00
6.828434910436816274e+00,6.817292764410655792e+00,-3.342643807848144633e-02,2.399753913744362421e-02,9.800571101058963563e+00
6.828353975749797300e+00,6.817292764410655792e+00,-3.318363401742452368e-02,2.428040610569226487e-02,9.801096772088268239e+00
6.828272150739986834e+00,6.817292764410655792e+00,-3.293815898799312691e-02,2.454750294313967629e-02,9.801609343955146159e+00
6.828189486664571817e+00,6.817292764410655792e+00,-3.269016676174807401e-02,2.479922262450529047e-02,9.802109055862757714e+00
6.828106033494743876e+00,6.817292764410655792e+00,-3.243980725226425221e-02,2.503595094838217960e-02,9.802596143696117537e+00
6.828021839939284909e+00,6.817292764410655792e+00,-3.218722658588735186e-02,2.525806663769003535e-02,9.803070840051802293e+00
6.827936953467831138e+00,6.817292764410655792e+00,-3.193256717152603841e-02,2.546594143613134520e-02,9.803533374264606692e+00
6.827851420333804100e+00,6.817292764410655792e+00,-3.167596776944492376e-02,2.565994020811146470e-02,9.803983972438667038e+00
6.827765285597021006e+00,6.817292764410655792e+00,-3.141756355909564036e-02,2.584042103492834030e-02,9.804422857475833197e+00
6.827678593145985353e+00,6.817292764410655792e+00,-3.115748620598868257e-02,2.600773531069577871e-02,9.804850249104706705e+00
6.827591385719860462e+00,6.817292764410655792e+00,-3.089586392761400901e-02,2.616222783746735558e-02,9.805266363909854732e+00
6.827503704930125927e+00,6.817292764410655792e+00,-3.063282155841040577e-02,2.630423692036032435e-02,9.805671415361949528e+00
6.827415591281927654e+00,6.817292764410655792e+00,-3.036848061381558495e-02,2.643409445948208258e-02,9.806065613845667883e+00
6.827327084195114359e+00,6.817292764410655792e+00,-3.010295935337570228e-02,2.655212604398826670e-02,9.806449166690612174e+00
6.827238222024970327e+00,6.817292764410655792e+00,-2.983637284294360370e-02,2.665865104320985779e-02,9.806822278200266751e+00
6.827149042082646169e+00,6.817292764410655792e+00,-2.956883301597112990e-02,2.675398269724738043e-02,9.807185149681277636e+00
6.827059580655290283e+00,6.817292764410655792e+00,-2.930044873390347249e-02,2.683842820676574092e-02,9.807537979472861878e+00
6.826969873025880986e+00,6.817292764410655792e+00,-2.903132584567558183e-02,2.691228882278906553e-02,9.807880962977113981e+00
6.826879953492769992e+00,6.817292764410655792e+00,-2.876156724634260087e-02,2.697585993329809639e-02,9.808214292686955105e+00
6.826789855388927464e+00,6.817292764410655792e+00,-2.849127293481501511e-02,2.702943115275857622e-02,9.808538158217944058e+00
6.826699611100906395e+00,6.817292764410655792e+00,-2.822054007075180948e-02,2.707328640632056249e-02,9.808852746335569250e+00
6.826609252087519231e+00,6.817292764410655792e+00,-2.794946303059031578e-02,2.710770401614936986e-02,9.809158240985560440e+00
6.826518808898230262e+00,6.817292764410655792e+00,-2.767813346272340880e-02,2.713295678669069844e-02,9.809454823323967787e+00
6.826428311191274467e+00,6.817292764410655792e+00,-2.740664034185602560e-02,2.714931208673831975e-02,9.809742671744881903e+00
6.826337787751493025e+00,6.817292764410655792e+00,-2.713507002251169808e-02,2.715703193443275154e-02,9.810021961911921551e+00
6.826247266507902367e+00,6.817292764410655792e+00,-2.686350629173972493e-02,2.715637307719731552e-02,9.810292866785458088e+00
6.826156774550990569e+00,6.817292764410655792e+00,-2.659203042100433123e-02,2.714758707353936984e-02,9.810555556652534648e+00
6.826066338149743729e+00,6.817292764410655792e+00,-2.632072121726380942e-02,2.713092037405218093e-02,9.810810199156788869e+00
6.825975982768412997e+00,6.817292764410655792e+00,-2.604965507327161589e-02,2.710661439921935312e-02,9.811056959325949123e+00
6.825885733083014273e+00,6.817292764410655792e+00,-2.577890601707544249e-02,2.707490561961733988e-02,9.811295999602542395e+00
6.825795612997576534e+00,6.817292764410655792e+00,-2.550854576076222457e-02,2.703602563132179171e-02,9.811527479870559176e+00
6.825705645660125498e+00,6.817292764410655792e+00,-2.523864374840911751e-02,2.699020123531070681e-02,9.811751557486902087e+00
6.825615853478423034e+00,6.817292764410655792e+00,-2.496926720330172600e-02,2.693765451073915074e-02,9.811968387307437922e+00
6.825526258135451663e+00,6.817292764410655792e+00,-2.470048117438761182e-02,2.687860289141141834e-02,9.812178121717025192e+00
6.825436880604651257e+00,6.817292764410655792e+00,-2.443234858198639614e-02,2.681325924012156747e-02,9.812380910658134781e+00
6.825347741164916826e+00,6.817292764410655792e+00,-2.416493026278310197e-02,2.674183192032941747e-02,9.812576901657546813e+00
6.825258859415348489e+00,6.817292764410655792e+00,-2.389828501407809114e-02,2.666452487050108289e-02,9.812766239856422601e+00
6.825170254289766092e+00,6.817292764410655792e+00,-2.363246963733089956e-02,2.658153767471915785e-02,9.812949068037388756e+00
6.825081944070986673e+00,6.817292764410655792e+00,-2.336753898099264148e-02,2.649306563382580748e-02,9.813125526652832775e+00
6.824993946404872780e+00,6.817292764410655792e+00,-2.310354598265096371e-02,2.639929983416777759e-02,9.813295753851516423e+00
6.824906278314144537e+00,6.817292764410655792e+00,-2.284054171046623338e-02,2.630042721847303255e-02,9.813459885508006408e+00
6.824818956211966992e+00,6.817292764410655792e+00,-2.257857540393359841e-02,2.619663065326349738e-02,9.813618055249330396e+00
6.824731995915314542e+00,6.817292764410655792e+00,-2.231769451397624948e-02,2.608808899573489271e-02,9.813770394481759141e+00
6.824645412658109755e+00,6.817292764410655792e+00,-2.205794474236189018e-02,2.597497716143593038e-02,9.813917032419073649e+00
6.824559221104147255e+00,6.817292764410655792e+00,-2.179937008047438951e-02,2.585746618875006675e-02,9.814058096108276175e+00
6.824473435359795559e+00,6.817292764410655792e+00,-2.154201284741930067e-02,2.573572330550888410e-02,9.814193710458090081e+00
6.824388068986489309e+00,6.817292764410655792e+00,-2.128591372750054944e-02,2.560991199187512279e-02,9.814323998264374183e+00
6.824303135013009225e+00,6.817292764410655792e+00,-2.103111180706029870e-02,2.548019204402507398e-02,9.814449080236965273e+00
6.824218645947553341e+00,6.817292764410655792e+00,-2.077764461069264712e-02,2.534671963676515816e-02,9.814569075026073008e+00
6.824134613789599513e+00,6.817292764410655792e+00,-2.052554813683116208e-02,2.520964738614850376e-02,9.814684099249317839e+00
6.824051050041570754e+00,6.817292764410655792e+00,-2.027485689274488578e-02,2.506912440862762992e-02,9.814794267515882353e+00
6.823967965720293627e+00,6.817292764410655792e+00,-2.002560392891350460e-02,2.492529638313811802e-02,9.814899692454225999e+00
6.823885371368262120e+00,6.817292764410655792e+00,-1.977782087281898526e-02,2.477830560945193383e-02,9.815000484736632558e+00
6.823803277064704353e+00,6.817292764410655792e+00,-1.953153796214568416e-02,2.462829106733011031e-02,9.815096753105184035e+00
6.823721692436457431e+00,6.817292764410655792e+00,-1.928678407740491707e-02,2.447538847407670914e-02,9.815188604396672289e+00
6.823640626668649567e+00,6.817292764410655792e+00,-1.904358677398132471e-02,2.431973034235923592e-02,9.815276143568379297e+00
6.823560088515199240e+00,6.817292764410655792e+00,-1.880197231363034405e-02,2.416144603509806643e-02,9.815359473721468220e+00
6.823480086309120729e+00,6.817292764410655792e+00,-1.856196569539481089e-02,2.400066182355331534e-02,9.815438696128158114e+00
6.823400627972654675e+00,6.817292764410655792e+00,-1.832359068599664909e-02,2.383750093981618079e-02,9.815513910253820029e+00
6.823321721027213904e+00,6.817292764410655792e+00,-1.808686984967433631e-02,2.367208363223127776e-02,9.815585213782558327e+00
6.823243372603151613e+00,6.817292764410655792e+00,-1.785182457748746288e-02,2.350452721868734329e-02,9.815652702641200378e+00
6.823165589449353696e+00,6.817292764410655792e+00,-1.761847511609371253e-02,2.333494613937503459e-02,9.815716471023282708e+00
6.823088377942657878e+00,6.817292764410655792e+00,-1.738684059600625886e-02,2.316345200874536658e-02,9.815776611412740493e+00
6.823011744097103204e+00,6.817292764410655792e+00,-1.715693905934223551e-02,2.299015366640233538e-02,9.815833214607060597e+00
6.822935693573009885e+00,6.817292764410655792e+00,-1.692878748706228009e-02,2.281515722799554169e-02,9.815886369740933759e+00
6.822860231685890398e+00,6.817292764410655792e+00,-1.670240182570381648e-02,2.263856613584636079e-02,9.815936164310143042e+00
6.822785363415201587e+00,6.817292764410655792e+00,-1.647779701363738525e-02,2.246048120664312364e-02,9.815982684193006236e+00
6.822711093412932470e+00,6.817292764410655792e+00,-1.625498700683003506e-02,2.228100068073501916e-02,9.816026013673905481e+00
6.822637426012030382e+00,6.817292764410655792e+00,-1.603398480412376870e-02,2.210022027062663597e-02,9.816066235466504253e+00
6.822564365234675243e+00,6.817292764410655792e+00,-1.581480247205835354e-02,2.191823320654151530e-02,9.816103430734482771e+00
6.822491914800393076e+00,6.817292764410655792e+00,-1.559745116921185115e-02,2.173513028465023922e-02,9.816137679115438885e+00
6.822420078134022958e+00,6.817292764410655792e+00,-1.538194117010149853e-02,2.155099991103526236e-02,9.816169058740934261e+00
6.822348858373526781e+00,6.817292764410655792e+00,-1.516828188861296667e-02,2.136592814885318603e-02,9.816197646260240717e+00
6.822278258377656890e+00,6.817292764410655792e+00,-1.495648190100329344e-02,2.117999876096732237e-02,9.816223516859963638e+00
6.822208280733472741e+00,6.817292764410655792e+00,-1.474654896845084551e-02,2.099329325524479373e-02,9.816246744286793557e+00
6.822138927763717220e+00,6.817292764410655792e+00,-1.453849005918428361e-02,2.080589092665618978e-02,9.816267400867472404e+00
6.822070201534048195e+00,6.817292764410655792e+00,-1.433231137017720869e-02,2.061786890070749223e-02,9.816285557530530781e+00
6.822002103860132394e+00,6.817292764410655792e+00,-1.412801834842980497e-02,2.042930217474037136e-02,9.816301283826311064e+00
6.821934636314598954e+00,6.817292764410655792e+00,-1.392561571182948654e-02,2.024026366003184307e-02,9.816314647948203742e+00
6.821867800233860635e+00,6.817292764410655792e+00,-1.372510746961452810e-02,2.005082422149584431e-02,9.816325716751881814e+00
6.821801596724797356e+00,6.817292764410655792e+00,-1.352649694242469280e-02,1.986105271898352953e-02,9.816334555776560222e+00
6.821736026671311848e+00,6.817292764410655792e+00,-1.332978678196816702e-02,1.967101604565257844e-02,9.816341229263684909e+00
6.821671090740752952e+00,6.817292764410655792e+00,-1.313497899029147931e-02,1.948077916766877138e-02,9.816345800177376901e+00
6.821606789390211922e+00,6.817292764410655792e+00,-1.294207493866839087e-02,1.929040516230884350e-02,9.816348330223640062e+00
6.821543122872692599e+00,6.817292764410655792e+00,-1.275107538611042202e-02,1.909995525579688547e-02,9.816348879869686073e+00
6.821480091243160793e+00,6.817292764410655792e+00,-1.256198049751500179e-02,1.890948885954202296e-02,9.816347508362028407e+00
6.821417694364464879e+00,6.817292764410655792e+00,-1.237478986142726001e-02,1.871906360877417796e-02,9.816344273747347415e+00
6.821355931913143600e+00,6.817292764410655792e+00,-1.218950250746342334e-02,1.852873539638366651e-02,9.816339232888921629e+00
6.821294803385111294e+00,6.817292764410655792e+00,-1.200611692336650549e-02,1.833855840969178530e-02,9.816332441486325777e+00
6.821234308101227661e+00,6.817292764410655792e+00,-1.182463107171560779e-02,1.814858516508977004e-02,9.816323954093373771e+00
6.821174445212753845e+00,6.817292764410655792e+00,-1.164504240629415932e-02,1.795886654214484679e-02,9.816313824135850297e+00
6.821115213706693048e+00,6.817292764410655792e+00,-1.146734788811176742e-02,1.776945181823919029e-02,9.816302103930127032e+00
6.821056612411025455e+00,6.817292764410655792e+00,-1.129154400110898848e-02,1.758038870027789358e-02,9.816288844699169402e+00
6.820998639999827695e+00,6.817292764410655792e+00,-1.111762676751570922e-02,1.739172335932792635e-02,9.816274096591811826e+00
6.820941294998289273e+00,6.817292764410655792e+00,-1.094559176290044178e-02,1.720350046152674395e-02,9.816257908698627688e+00
6.820884575787620641e+00,6.817292764410655792e+00,-1.077543413089454560e-02,1.701576320058961755e-02,9.816240329069696458e+00
6.820828480609859135e+00,6.817292764410655792e+00,-1.060714859761002771e-02,1.682855332845178964e-02,9.816221404730843147e+00
6.820773007572570990e+00,6.817292764410655792e+00,-1.044072948574559234e-02,1.664191118644353651e-02,9.816201181700698442e+00
6.820718154653452103e+00,6.817292764410655792e+00,-1.027617072838893364e-02,1.645587573566587025e-02,9.816179705007277434e+00
6.820663919704834655e+00,6.817292764410655792e+00,-1.011346588253658751e-02,1.627048458523461250e-02,9.816157018702698522e+00
6.820610300458087139e+00,6.817292764410655792e+00,-9.952608142294039340e-03,1.608577402425481750e-02,9.816133165881961276e+00
6.820557294527928249e+00,6.817292764410655792e+00,-9.793590351817371698e-03,1.590177904766676420e-02,9.816108188695849890e+00
6.820504899416638622e+00,6.817292764410655792e+00,-9.636405017948490581e-03,1.571853338688811164e-02,9.816082128368940118e+00
6.820453112518185534e+00,6.817292764410655792e+00,-9.481044322589227136e-03,1.553606953592634454e-02,9.816055025213337615e+00
6.820401931122254346e+00,6.817292764410655792e+00,-9.327500134795663200e-03,1.535441877935639354e-02,9.816026918644560340e+00
6.820351352418187574e+00,6.817292764410655792e+00,-9.175764022595345182e-03,1.517361122003180185e-02,9.815997847197436954e+00
6.820301373498840469e+00,6.817292764410655792e+00,-9.025827264554031615e-03,1.499367580413135670e-02,9.815967848539578711e+00
6.820251991364346900e+00,6.817292764410655792e+00,-8.877680861073322660e-03,1.481464034807089547e-02,9.815936959486997182e+00
6.820203202925802621e+00,6.817292764410655792e+00,-8.731315545440487824e-03,1.463653156328348359e-02,9.815905216017842605e+00
6.820155005008859739e+00,6.817292764410655792e+00,-8.586721794611840153e-03,1.445937508286476714e-02,9.815872653288252536e+00
6.820107394357245667e+00,6.817292764410655792e+00,-8.443889839769624928e-03,1.428319548422152252e-02,9.815839305644452395e+00
6.820060367636195942e+00,6.817292764410655792e+00,-8.302809676620448442e-03,1.410801631491764851e-02,9.815805206638298586e+00
6.820013921435810644e+00,6.817292764410655792e+00,-8.163471075464556748e-03,1.393386011558916948e-02,9.815770389040125110e+00
6.819968052274329118e+00,6.817292764410655792e+00,-8.025863591019977150e-03,1.376074844445795975e-02,9.815734884853437592e+00
6.819922756601332736e+00,6.817292764410655792e+00,-7.889976572030832358e-03,1.358870189891447922e-02,9.815698725326884144e+00
6.819878030800868629e+00,6.817292764410655792e+00,-7.755799170638510986e-03,1.341774013923213715e-02,9.815661940968594124e+00
6.819833871194501462e+00,6.817292764410655792e+00,-7.623320351537010708e-03,1.324788191015002781e-02,9.815624561558614403e+00
6.819790274044290612e+00,6.817292764410655792e+00,-7.492528900904460443e-03,1.307914506325502657e-02,9.815586616162351064e+00
6.819747235555696285e+00,6.817292764410655792e+00,-7.363413435121479722e-03,1.291154657829807206e-02,9.815548133143177978e+00
6.819704751880415472e+00,6.817292764410655792e+00,-7.235962409279039775e-03,1.274510258424399467e-02,9.815509140174965452e+00
6.819662819119152175e+00,6.817292764410655792e+00,-7.110164125489149001e-03,1.257982837898907746e-02,9.815469664253500426e+00
6.819621433324314808e+00,6.817292764410655792e+00,-6.986006740977046547e-03,1.241573845121024533e-02,9.815429731710233696e+00
6.819580590502647865e+00,6.817292764410655792e+00,-6.863478275976220289e-03,1.225284650008262588e-02,9.815389368224106903e+00
6.819540286617804092e+00,6.817292764410655792e+00,-6.742566621444900932e-03,1.209116545313193569e-02,9.815348598831686644e+00
6.819500517592842925e+00,6.817292764410655792e+00,-6.623259546561399702e-03,1.193070748835012296e-02,9.815307447941789221e+00
6.819461279312676538e+00,6.817292764410655792e+00,-6.505544706062238447e-03,1.177148404991612551e-02,9.815265939343854384e+00
6.819422567626443943e+00,6.817292764410655792e+00,-6.389409647364452383e-03,1.161350586977860644e-02,9.815224096222415540e+00
6.819384378349833575e+00,6.817292764410655792e+00,-6.274841817533349797e-03,1.145678298311025856e-02,9.815181941165576518e+00
6.819346707267340157e+00,6.817292764410655792e+00,-6.161828570053096144e-03,1.130132474802536535e-02,9.815139496177973655e+00
6.819309550134464715e+00,6.817292764410655792e+00,-6.050357171426767877e-03,1.114713986263282663e-02,9.815096782691206556e+00
6.819272902679857751e+00,6.817292764410655792e+00,-5.940414807605876035e-03,1.099423638208918419e-02,9.815053821574483806e+00
6.819236760607408243e+00,6.817292764410655792e+00,-5.831988590257353167e-03,1.084262173485228686e-02,9.815010633144595431e+00
6.819201119598273131e+00,6.817292764410655792e+00,-5.725065562852016399e-03,1.069230274053367680e-02,9.814967237177683046e+00
6.819165975312856176e+00,6.817292764410655792e+00,-5.619632706601151995e-03,1.054328562508644040e-02,9.814923652918485786e+00
6.819131323392730870e+00,6.817292764410655792e+00,-5.515676946225234190e-03,1.039557603759178050e-02,9.814879899091366156e+00
6.819097159462514490e+00,6.817292764410655792e+00,-5.413185155576094587e-03,1.024917906491396025e-02,9.814835993909337475e+00
6.819063479131689753e+00,6.817292764410655792e+00,-5.312144163101883976e-03,1.010409924742106114e-02,9.814791955084320563e+00
6.819030277996373179e+00,6.817292764410655792e+00,-5.212540757152162030e-03,9.960340594972194594e-03,9.814747799837821418e+00
6.818997551641039934e+00,6.817292764410655792e+00,-5.114361691152424783e-03,9.817906599973724724e-03,9.814703544908821797e+00
6.818965295640198043e+00,6.817292764410655792e+00,-5.017593688626753590e-03,9.676800252567119287e-03,9.814659206563941751e+00
6.818933505560012875e+00,6.817292764410655792e+00,-4.922223448071250118e-03,9.537024055550347157e-03,9.814614800607479594e+00
6.818902176959888095e+00,6.817292764410655792e+00,-4.828237647696909107e-03,9.398580037434101087e-03,9.814570342389737689e+00
6.818871305394002214e+00,6.817292764410655792e+00,-4.735622950039264367e-03,9.261469765764474005e-03,9.814525846815726595e+00
6.818840886412798064e+00,6.817292764410655792e+00,-4.644366006426814408e-03,9.125694361244995889e-03,9.814481328354819567e+00
6.818810915564429642e+00,6.817292764410655792e+00,-4.554453461321550378e-03,8.991254510526403010e-03,9.814436801049204462e+00
6.818781388396165433e+00,6.817292764410655792e+00,-4.465871956528921771e-03,8.858150479262860699e-03,9.814392278522735324e+00
6.818752300455753534e+00,6.817292764410655792e+00,-4.378608135293227122e-03,8.726382123569464966e-03,9.814347773988277623e+00
6.818723647292740608e+00,6.817292764410655792e+00,-4.292648646254448863e-03,8.595948903877825842e-03,9.814303300257623874e+00
6.818695424459753518e+00,6.817292764410655792e+00,-4.207980147293177708e-03,8.466849896127115471e-03,9.814258869748833547e+00
6.818667627513741003e+00,6.817292764410655792e+00,-4.124589309255632941e-03,8.339083803754476776e-03,9.814214494494500229e+00
6.818640252017178049e+00,6.817292764410655792e+00,-4.042462819566772225e-03,8.212648968886071543e-03,9.814170186149318909e+00
6.818613293539230291e+00,6.817292764410655792e+00,-3.961587385723497334e-03,8.087543384327489093e-03,9.814125955998605377e+00
6.818586747656881997e+00,6.817292764410655792e+00,-3.881949738678613926e-03,7.963764704488340840e-03,9.814081814965810224e+00
6.818560609956030305e+00,6.817292764410655792e+00,-3.803536636123538983e-03,7.841310255507494276e-03,9.814037773619384453e+00
6.818534876032541270e+00,6.817292764410655792e+00,-3.726334865656433237e-03,7.720177046710574587e-03,9.813993842181055527e+00
6.818509541493270376e+00,6.817292764410655792e+00,-3.650331247843752180e-03,7.600361781268105688e-03,9.813950030533424851e+00
6.818484601957052860e+00,6.817292764410655792e+00,-3.575512639191202879e-03,7.481860865254930104e-03,9.813906348226064225e+00
6.818460053055657610e+00,6.817292764410655792e+00,-3.501865935005454844e-03,7.364670418574803534e-03,9.813862804483569846e+00
6.818435890434710878e+00,6.817292764410655792e+00,-3.429378072165256697e-03,7.248786284019814730e-03,9.813819408211855944e+00
6.818412109754585337e+00,6.817292764410655792e+00,-3.358036031788635967e-03,7.134204037662073006e-03,9.813776168005873046e+00
6.818388706691259848e+00,6.817292764410655792e+00,-3.287826841812169221e-03,7.020918997646674597e-03,9.813733092155835891e+00
6.818365676937149900e+00,6.817292764410655792e+00,-3.218737579482322531e-03,6.908926232984669014e-03,9.813690188653502844e+00
6.818343016201905193e+00,6.817292764410655792e+00,-3.150755373748204136e-03,6.798220573411839496e-03,9.813647465199665021e+00
6.818320720213180586e+00,6.817292764410655792e+00,-3.083867407574381048e-03,6.688796617382308796e-03,9.813604929209809313e+00
6.818298784717376826e+00,6.817292764410655792e+00,-3.018060920163101457e-03,6.580648741127959056e-03,9.813562587820964467e+00
6.818277205480355541e+00,6.817292764410655792e+00,-2.953323209099245616e-03,6.473771106385584062e-03,9.813520447897285948e+00
6.818255978288124020e+00,6.817292764410655792e+00,-2.889641632404682525e-03,6.368157669456309122e-03,9.813478516037051236e+00
6.818235098947496020e+00,6.817292764410655792e+00,-2.827003610520684163e-03,6.263802188399836268e-03,9.813436798577878761e+00
6.818214563286725927e+00,6.817292764410655792e+00,-2.765396628210403662e-03,6.160698231028050031e-03,9.813395301602817256e+00
6.818194367156116265e+00,6.817292764410655792e+00,-2.704808236381417430e-03,6.058839182898623221e-03,9.813354030946516815e+00
6.818174506428601234e+00,6.817292764410655792e+00,-2.645226053836324809e-03,5.958218254509262124e-03,9.813312992200673435e+00
6.818154977000306260e+00,6.817292764410655792e+00,-2.586637768951405292e-03,5.858828488491951703e-03,9.813272190719541044e+00
6.818135774791083570e+00,6.817292764410655792e+00,-2.529031141283333284e-03,5.760662766807200796e-03,9.813231631625523477e+00
6.818116895745022887e+00,6.817292764410655792e+00,-2.472394003101285875e-03,5.663713818204740846e-03,9.813191319815103952e+00
6.818098335830943491e+00,6.817292764410655792e+00,-2.416714260863095376e-03,5.567974223819049939e-03,9.813151259962957340e+00
6.818080091042860502e+00,6.817292764410655792e+00,-2.361979896614130325e-03,5.473436424896505059e-03,9.813111456528282872e+00
6.818062157400430756e+00,6.817292764410655792e+00,-2.308178969324892194e-03,5.380092728923813183e-03,9.813071913759600307e+00
6.818044530949376458e+00,6.817292764410655792e+00,-2.255299616161998699e-03,5.287935316289349430e-03,9.813032635700128736e+00
6.818027207761892861e+00,6.817292764410655792e+00,-2.203330053711205494e-03,5.196956245079320524e-03,9.812993626191367724e+00
6.818010183937028401e+00,6.817292764410655792e+00,-2.152258579117827253e-03,5.107147459337824102e-03,9.812954888880220494e+00
6.817993455601051522e+00,6.817292764410655792e+00,-2.102073571187190737e-03,5.018500793063651599e-03,9.812916427221876958e+00
6.817977018907797060e+00,6.817292764410655792e+00,-2.052763491423803544e-03,4.931007976338719345e-03,9.812878244484915413e+00
6.817960870038991317e+00,6.817292764410655792e+00,-2.004316885006574012e-03,4.844660641722953187e-03,9.812840343756716877e+00
6.817945005204561149e+00,6.817292764410655792e+00,-1.956722381716069492e-03,4.759450329050451955e-03,9.812802727947335768e+00
6.817929420642925287e+00,6.817292764410655792e+00,-1.909968696808483912e-03,4.675368490758557982e-03,9.812765399793949683e+00
6.817914112621268785e+00,6.817292764410655792e+00,-1.864044631838979171e-03,4.592406496950474093e-03,9.812728361865111992e+00
6.817899077435798816e+00,6.817292764410655792e+00,-1.818939075429071295e-03,4.510555640990787651e-03,9.812691616565562214e+00
6.817884311411985365e+00,6.817292764410655792e+00,-1.774641003988719490e-03,4.429807144035180499e-03,9.812655166140046958e+00
6.817869810904785943e+00,6.817292764410655792e+00,-1.731139482390453566e-03,4.350152159826592424e-03,9.812619012677437524e+00
6.817855572298854305e+00,6.817292764410655792e+00,-1.688423664595539719e-03,4.271581779491384623e-03,9.812583158114897230e+00
6.817841592008734075e+00,6.817292764410655792e+00,-1.646482794234849223e-03,4.194087036069049645e-03,9.812547604241835586e+00
6.817827866479038157e+00,6.817292764410655792e+00,-1.605306205147094545e-03,4.117658908775467808e-03,9.812512352703627982e+00
6.817814392184613048e+00,6.817292764410655792e+00,-1.564883321871768374e-03,4.042288327532617132e-03,9.812477405005662234e+00
6.817801165630688054e+00,6.817292764410655792e+00,-1.525203660096785541e-03,3.967966177498283287e-03,9.812442762517402883e+00
6.817788183353014730e+00,6.817292764410655792e+00,-1.486256827076815057e-03,3.894683301997048375e-03,9.812408426474920731e+00
6.817775441917989454e+00,6.817292764410655792e+00,-1.448032522000985978e-03,3.822430507582907921e-03,9.812374397985582419e+00
6.817762937922762667e+00,6.817292764410655792e+00,-1.410520536320625240e-03,3.751198568036073766e-03,9.812340678031716834e+00
6.817750667995338354e+00,6.817292764410655792e+00,-1.373710754047685612e-03,3.680978227293962846e-03,9.812307267473247663e+00
6.817738628794661970e+00,6.817292764410655792e+00,-1.337593152018534681e-03,3.611760202915093032e-03,9.812274167050897944e+00
6.817726817010690610e+00,6.817292764410655792e+00,-1.302157800104453145e-03,3.543535191408153651e-03,9.812241377391304198e+00
6.817715229364457841e+00,6.817292764410655792e+00,-1.267394861406145878e-03,3.476293869830726635e-03,9.812208899008425078e+00
6.817703862608126109e+00,6.817292764410655792e+00,-1.233294592410949519e-03,3.410026899519635890e-03,9.812176732307108296e+00
6.817692713525024928e+00,6.817292764410655792e+00,-1.199847343107407482e-03,3.344724930354203707e-03,9.812144877587247294e+00
6.817681778929682856e+00,6.817292764410655792e+00,-1.167043557081193228e-03,3.280378602621425443e-03,9.812113335045541618e+00
6.817671055667845259e+00,6.817292764410655792e+00,-1.134873771568400969e-03,3.216978551279225940e-03,9.812082104779712211e+00
6.817660540616485854e+00,6.817292764410655792e+00,-1.103328617490184627e-03,3.154515407821634199e-03,9.812051186790331059e+00
6.817650230683804935e+00,6.817292764410655792e+00,-1.072398819447428764e-03,3.092979804275586275e-03,9.812020580984828655e+00
6.817640122809223158e+00,6.817292764410655792e+00,-1.042075195702096835e-03,3.032362374533192906e-03,9.811990287178831593e+00
6.817630213963359331e+00,6.817292764410655792e+00,-1.012348658110617805e-03,2.972653759147902974e-03,9.811960305101038671e+00
6.817620501148005552e+00,6.817292764410655792e+00,-9.832102120492791641e-04,2.913844606133864090e-03,9.811930634394084194e+00
6.817610981396090786e+00,6.817292764410655792e+00,-9.546509563049809799e-04,2.855925574429818425e-03,9.811901274618126223e+00
6.817601651771638238e+00,6.817292764410655792e+00,-9.266620829473382059e-04,2.798887335764277395e-03,9.811872225252816548e+00
6.817592509369710285e+00,6.817292764410655792e+00,-8.992348771634794957e-04,2.742720578385871022e-03,9.811843485701222889e+00
6.817583551316352519e+00,6.817292764410655792e+00,-8.723607170901814811e-04,2.687416007329801459e-03,9.811815055290239229e+00
6.817574774768524470e+00,6.817292764410655792e+00,-8.460310736060350223e-04,2.632964348414645883e-03,9.811786933274809996e+00
6.817566176914023224e+00,6.817292764410655792e+00,-8.202375101022951753e-04,2.579356350373984696e-03,9.811759118840271299e+00
6.817557754971406148e+00,6.817292764410655792e+00,-7.949716822510666248e-04,2.526582785122855057e-03,9.811731611102871398e+00
6.817549506189899411e+00,6.817292764410655792e+00,-7.702253377308565518e-04,2.474634452021007291e-03,9.811704409114291536e+00
6.817541427849303837e+00,6.817292764410655792e+00,-7.459903159441338971e-04,2.423502178672265472e-03,9.811677511862729517e+00
6.817533517259894538e+00,6.817292764410655792e+00,-7.222585477162368761e-04,2.373176822789702101e-03,9.811650918275073963e+00
6.817525771762313447e+00,6.817292764410655792e+00,-6.990220549729642130e-04,2.323649274327266312e-03,9.811624627219355688e+00
6.817518188727453854e+00,6.817292764410655792e+00,-6.762729503941855569e-04,2.274910457877865610e-03,9.811598637507483289e+00
6.817510765556344943e+00,6.817292764410655792e+00,-6.540034370674518982e-04,2.226951332673365869e-03,9.811572947895605523e+00
6.817503499680025669e+00,6.817292764410655792e+00,-6.322058081096315618e-04,2.179762895782033638e-03,9.811547557087672899e+00
6.817496388559415088e+00,6.817292764410655792e+00,-6.108724462778880593e-04,2.133336183174350253e-03,9.811522463736896071e+00
6.817489429685178237e+00,6.817292764410655792e+00,-5.899958235673352647e-04,2.087662271055279462e-03,9.811497666447488442e+00
6.817482620577586694e+00,6.817292764410655792e+00,-5.695685007927053789e-04,2.042732277462988577e-03,9.811473163776671669e+00
6.817475958786372026e+00,6.817292764410655792e+00,-5.495831271487006120e-04,1.998537364400476690e-03,9.811448954237253162e+00
6.817469441890581905e+00,6.817292764410655792e+00,-5.300324397783384711e-04,1.955068737036214088e-03,9.811425036297258373e+00
6.817463067498421125e+00,6.817292764410655792e+00,-5.109092632959999492e-04,1.912317648233852196e-03,9.811401408384938350e+00
6.817456833247098835e+00,6.817292764410655792e+00,-4.922065093291294602e-04,1.870275396687048897e-03,9.811378068887357529e+00
6.817450736802665112e+00,6.817292764410655792e+00,-4.739171760279603518e-04,1.828933330116910838e-03,9.811355016154088560e+00
6.817444775859846651e+00,6.817292764410655792e+00,-4.560343475725758822e-04,1.788282845538446963e-03,9.811332248497965480e+00
6.817438948141878008e+00,6.817292764410655792e+00,-4.385511936666475208e-04,1.748315390592836138e-03,9.811309764196927574e+00
6.817433251400329297e+00,6.817292764410655792e+00,-4.214609690205151082e-04,1.709022464613241254e-03,9.811287561495593224e+00
6.817427683414930328e+00,6.817292764410655792e+00,-4.047570128236088749e-04,1.670395619690623334e-03,9.811265638606867512e+00
6.817422241993392085e+00,6.817292764410655792e+00,-3.884327482088778538e-04,1.632426461473102108e-03,9.811243993713265610e+00
6.817416924971224645e+00,6.817292764410655792e+00,-3.724816817065601526e-04,1.595106650231770118e-03,9.811222624968525707e+00
6.817411730211554222e+00,6.817292764410655792e+00,-3.568974026952886902e-04,1.558427901127146242e-03,9.811201530498433243e+00
6.817406655604933974e+00,6.817292764410655792e+00,-3.416735828345451864e-04,1.522381986074350380e-03,9.811180708403240303e+00
6.817401699069153942e+00,6.817292764410655792e+00,-3.268039754944496167e-04,1.486960734009556973e-03,9.811160156758514717e+00
6.817396858549050087e+00,6.817292764410655792e+00,-3.122824151828851313e-04,1.452156031156448535e-03,9.811139873615974949e+00
6.817392132016307116e+00,6.817292764410655792e+00,-2.981028169539712280e-04,1.417959822891390331e-03,9.811119857005937916e+00
6.817387517469264857e+00,6.817292764410655792e+00,-2.842591758271950653e-04,1.384364112677616276e-03,9.811100104936851807e+00
6.817383012932716646e+00,6.817292764410655792e+00,-2.707455661825619586e-04,1.351360964463310665e-03,9.811080615398282134e+00
6.817378616457707707e+00,6.817292764410655792e+00,-2.575561411557458769e-04,1.318942502681608175e-03,9.811061386361526360e+00
6.817374326121335315e+00,6.817292764410655792e+00,-2.446851320385690087e-04,1.287100911717686813e-03,9.811042415779679615e+00
6.817370140026540959e+00,6.817292764410655792e+00,-2.321268476555005122e-04,1.255828438306849648e-03,9.811023701590652735e+00
6.817366056301905175e+00,6.817292764410655792e+00,-2.198756737481488699e-04,1.225117390735164236e-03,9.811005241716987513e+00
6.817362073101441489e+00,6.817292764410655792e+00,-2.079260723570897085e-04,1.194960139105916141e-03,9.810987034066748436e+00
6.817358188604384139e+00,6.817292764410655792e+00,-1.962725811850418722e-04,1.165349117204783624e-03,9.810969076536020239e+00
6.817354401014981136e+00,6.817292764410655792e+00,-1.849098129760307074e-04,1.136276820901116480e-03,9.810951367007925583e+00
6.817350708562278427e+00,6.817292764410655792e+00,-1.738324548679059944e-04,1.107735810812471300e-03,9.810933903355945063e+00
6.817347109499911184e+00,6.817292764410655792e+00,-1.630352677661761618e-04,1.079718710172983265e-03,9.810916683442407304e+00
6.817343602105888856e+00,6.817292764410655792e+00,-1.525130856991907535e-04,1.052218206698540826e-03,9.810899705120998959e+00
6.817340184682378457e+00,6.817292764410655792e+00,-1.422608151679938260e-04,1.025227053119692755e-03,9.810882966237951308e+00
6.817336855555491404e+00,6.817292764410655792e+00,-1.322734345068354855e-04,9.987380661158340445e-04,9.810866464631608608e+00
6.817333613075067689e+00,6.817292764410655792e+00,-1.225459932356898207e-04,9.727441271145664814e-04,9.810850198133879374e+00
6.817330455614457385e+00,6.817292764410655792e+00,-1.130736114047792285e-04,9.472381830910592271e-04,9.810834164571687666e+00
6.817327381570303935e+00,6.817292764410655792e+00,-1.038514789444278108e-04,9.222132460351417649e-04,9.810818361767090323e+00
6.817324389362327430e+00,6.817292764410655792e+00,-9.487485501491477180e-05,8.976623929513039002e-04,9.810802787537937775e+00
6.817321477433105237e+00,6.817292764410655792e+00,-8.613906734833420842e-05,8.735787666580563382e-04,9.810787439699311108e+00
6.817318644247852610e+00,6.817292764410655792e+00,-7.763951159045490158e-05,8.499555757879306839e-04,9.810772316064198861e+00
6.817315888294205983e+00,6.817292764410655792e+00,-6.937165065057371294e-05,8.267860939881188642e-04,9.810757414443337154e+00
6.817313208082004472e+00,6.817292764410655792e+00,-6.133101404603991114e-05,8.040636604533801801e-04,9.810742732646406949e+00
6.817310602143066944e+00,6.817292764410655792e+00,-5.351319723345682178e-05,7.817816812583089359e-04,9.810728268484025349e+00
6.817308069030977968e+00,6.817292764410655792e+00,-4.591386096652882998e-05,7.599336266927991801e-04,9.810714019765725880e+00
6.817305607320865768e+00,6.817292764410655792e+00,-3.852873062992756559e-05,7.385130336601264389e-04,9.810699984303031584e+00
6.817303215609183731e+00,6.817292764410655792e+00,-3.135359558381622946e-05,7.175135046111336123e-04,9.810686159909028703e+00
6.817300892513492805e+00,6.817292764410655792e+00,-2.438430851103845498e-05,6.969287072777774483e-04,9.810672544398766348e+00
6.817298636672241230e+00,6.817292764410655792e+00,-1.761678475631356378e-05,6.767523754724891205e-04,9.810659135590716673e+00
6.817296446744548710e+00,6.817292764410655792e+00,-1.104700167875449779e-05,6.569783077559065987e-04,9.810645931306076761e+00
6.817294321409987035e+00,6.817292764410655792e+00,-4.670997993727610265e-06,6.376003685026887524e-04,9.810632929370509459e+00
6.817292259368362473e+00,6.817292764410655792e+00,1.515126879958472728e-06,6.186124873686082992e-04,9.810620127614249952e+00
6.817290259339499059e+00,6.817292764410655792e+00,7.515213470199455514e-06,6.000086590240982787e-04,9.810607523872494795e+00
6.817288320063023654e+00,6.817292764410655792e+00,1.333304289641290552e-05,5.817829426213450006e-04,9.810595115985517367e+00
6.817286440298146566e+00,6.817292764410655792e+00,1.897233752767846227e-05,5.639294631265556745e-04,9.810582901800653843e+00
6.817284618823449271e+00,6.817292764410655792e+00,2.443676161956176429e-05,5.464424091883302026e-04,9.810570879170807501e+00
6.817282854436669481e+00,6.817292764410655792e+00,2.972992195893198186e-05,5.293160339370217571e-04,9.810559045955896451e+00
6.817281145954485311e+00,6.817292764410655792e+00,3.485536851144388493e-05,5.125446552511903064e-04,9.810547400023763132e+00
6.817279492212303005e+00,6.817292764410655792e+00,3.981659505836177004e-05,4.961226546917885116e-04,9.810535939249749759e+00
6.817277892064045552e+00,6.817292764410655792e+00,4.461703983071885204e-05,4.800444772357082002e-04,9.810524661517067813e+00
6.817276344381940412e+00,6.817292764410655792e+00,4.926008614614119097e-05,4.643046315422338921e-04,9.810513564717687984e+00
6.817274848056306347e+00,6.817292764410655792e+00,5.374906304833615422e-05,4.488976902194963259e-04,9.810502646753267442e+00
6.817273401995348259e+00,6.817292764410655792e+00,5.808724592260006148e-05,4.338182874263907252e-04,9.810491905533350376e+00
6.817272005124943135e+00,6.817292764410655792e+00,6.227785713797118206e-05,4.190611215371120579e-04,9.810481338978675581e+00
6.817270656388435768e+00,6.817292764410655792e+00,6.632406666007284457e-05,4.046209522101662515e-04,9.810470945018870736e+00
6.817269354746430032e+00,6.817292764410655792e+00,7.022899267727922279e-05,3.904926017206378219e-04,9.810460721594399303e+00
6.817268099176583718e+00,6.817292764410655792e+00,7.399570221622298050e-05,3.766709538943757707e-04,9.810450666656111096e+00
6.817266888673403358e+00,6.817292764410655792e+00,7.762721175730291634e-05,3.631509541079935843e-04,9.810440778165865794e+00
6.817265722248039950e+00,6.817292764410655792e+00,8.112648784752707343e-05,3.499276090224157088e-04,9.810431054096870440e+00
6.817264598928085562e+00,6.817292764410655792e+00,8.449644771069131366e-05,3.369959863164240232e-04,9.810421492434027613e+00
6.817263517757375269e+00,6.817292764410655792e+00,8.773995984157068051e-05,3.243512130879366850e-04,9.810412091172930005e+00
6.817262477795781983e+00,6.817292764410655792e+00,9.085984462142704388e-05,3.119884779856363366e-04,9.810402848322606673e+00
6.817261478119021056e+00,6.817292764410655792e+00,9.385887490420685708e-05,2.999030282779813206e-04,9.810393761903181797e+00
6.817260517818450438e+00,6.817292764410655792e+00,9.673977661606159018e-05,2.880901711854733094e-04,9.810384829947802032e+00
6.817259596000874389e+00,6.817292764410655792e+00,9.950522934421002219e-05,2.765452728148432016e-04,9.810376050502160439e+00
6.817258711788348968e+00,6.817292764410655792e+00,1.021578669204714629e-04,2.652637576261440699e-04,9.810367421624548001e+00
6.817257864317985749e+00,6.817292764410655792e+00,1.047002780101280450e-04,2.542411089656582135e-04,9.810358941386976284e+00
6.817257052741760859e+00,6.817292764410655792e+00,1.071350066847998050e-04,2.434728674671760018e-04,9.810350607874152473e+00
6.817256276226324019e+00,6.817292764410655792e+00,1.094645529953197638e-04,2.329546310519958752e-04,9.810342419184047813e+00
6.817255533952804925e+00,6.817292764410655792e+00,1.116913735526026130e-04,2.226820557282849222e-04,9.810334373429281385e+00
6.817254825116629391e+00,6.817292764410655792e+00,1.138178820792035140e-04,2.126508526600900950e-04,9.810326468734739791e+00
6.817254148927326618e+00,6.817292764410655792e+00,1.158464499875222486e-04,2.028567908318734681e-04,9.810318703240820781e+00
6.817253504608348003e+00,6.817292764410655792e+00,1.177794069233684127e-04,1.932956935846164015e-04,9.810311075100507594e+00
6.817252891396879733e+00,6.817292764410655792e+00,1.196190413281783549e-04,1.839634404809942225e-04,9.810303582481809670e+00
6.817252308543659822e+00,6.817292764410655792e+00,1.213676009879094408e-04,1.748559659731085958e-04,9.810296223566961515e+00
6.817251755312796924e+00,6.817292764410655792e+00,1.230272935766052456e-04,1.659692588695804716e-04,9.810288996552447571e+00
6.817251230981589138e+00,6.817292764410655792e+00,1.246002871999607464e-04,1.572993623355500858e-04,9.810281899649535120e+00
6.817250734840346382e+00,6.817292764410655792e+00,1.260887109282293750e-04,1.488423728268628565e-04,9.810274931083755590e+00
6.817250266192211861e+00,6.817292764410655792e+00,1.274946553317946041e-04,1.405944403565229095e-04,9.810268089095689703e+00
6.817249824352987098e+00,6.817292764410655792e+00,1.288201730060833938e-04,1.325517674288789749e-04,9.810261371940434572e+00
6.817249408650956077e+00,6.817292764410655792e+00,1.300672790991441730e-04,1.247106093060779131e-04,9.810254777888406608e+00
6.817249018426713825e+00,6.817292764410655792e+00,1.312379518259021438e-04,1.170672726757970850e-04,9.810248305224501308e+00
6.817248653032994099e+00,6.817292764410655792e+00,1.323341329850791226e-04,1.096181159176978781e-04,9.810241952248903274e+00
6.817248311834498864e+00,6.817292764410655792e+00,1.333577284707843091e-04,1.023595485705186547e-04,9.810235717277041800e+00
6.817247994207731310e+00,6.817292764410655792e+00,1.343106087734469156e-04,9.528803026626064820e-05,9.810229598639040205e+00
6.817247699540827988e+00,6.817292764410655792e+00,1.351946094834133305e-04,8.840007099664148882e-05,9.810223594680479664e+00
6.817247427233392720e+00,6.817292764410655792e+00,1.360115317892152120e-04,8.169223058018815209e-05,9.810217703762369013e+00
6.817247176696334066e+00,6.817292764410655792e+00,1.367631429651794406e-04,7.516111759642285506e-05,9.810211924260562100e+00
6.817246947351701003e+00,6.817292764410655792e+00,1.374511768643671417e-04,6.880338991877010812e-05,9.810206254566782746e+00
6.817246738632524838e+00,6.817292764410655792e+00,1.380773343928609620e-04,6.261575284938203367e-05,9.810200693087242740e+00
6.817246549982657555e+00,6.817292764410655792e+00,1.386432839947104867e-04,5.659496018495246972e-05,9.810195238244180160e+00
6.817246380856614607e+00,6.817292764410655792e+00,1.391506621235549801e-04,5.073781288444934034e-05,9.810189888475008502e+00
6.817246230719418598e+00,6.817292764410655792e+00,1.396010737115815914e-04,4.504115880266112981e-05,9.810184642232513852e+00
6.817246099046446517e+00,6.817292764410655792e+00,1.399960926278254192e-04,3.950189162438277890e-05,9.810179497984252706e+00
6.817245985323272528e+00,6.817292764410655792e+00,1.403372621497922523e-04,3.411695219668331447e-05,9.810174454214347861e+00
6.817245889045519647e+00,6.817292764410655792e+00,1.406260954084359582e-04,2.888332586437059035e-05,9.810169509421273304e+00
6.817245809718708749e+00,6.817292764410655792e+00,1.408640758411294769e-04,2.379804326935186509e-05,9.810164662119110091e+00
6.817245746858110245e+00,6.817292764410655792e+00,1.410526576366422091e-04,1.885817955127322421e-05,9.810159910837189301e+00
6.817245699988595753e+00,6.817292764410655792e+00,1.411932661801174049e-04,1.406085434751958019e-05,9.810155254120527246e+00
6.817245668644493328e+00,6.817292764410655792e+00,1.412872984873914106e-04,9.403230727400568867e-06,9.810150690529216178e+00
6.817245652369443576e+00,6.817292764410655792e+00,1.413361236366483809e-04,4.882514925697023500e-06,9.810146218638562843e+00
6.817245650716257543e+00,6.817292764410655792e+00,1.413410831947459201e-04,4.959558097539229493e-07,9.810141837039004997e+00
6.817245663246775500e+00,6.817292764410655792e+00,1.413034916408761887e-04,-3.759155386973134227e-06,9.810137544336253512e+00
6.817245689531726605e+00,6.817292764410655792e+00,1.412246367875624742e-04,-7.885485331371455686e-06,9.810133339151455800e+00
6.817245729150593014e+00,6.817292764410655792e+00,1.411057801883330853e-04,-1.188565992293888485e-05,9.810129220120266780e+00
6.817245781691471329e+00,6.817292764410655792e+00,1.409481575533888531e-04,-1.576226349442322316e-05,9.810125185894058575e+00
6.817245846750939364e+00,6.817292764410655792e+00,1.407529791492834192e-04,-1.951784041054338559e-05,9.810121235138739237e+00
6.817245923933921148e+00,6.817292764410655792e+00,1.405214302039325958e-04,-2.315489453508234874e-05,9.810117366535669348e+00
6.817246012853556358e+00,6.817292764410655792e+00,1.402546712983010480e-04,-2.667589056315478047e-05,9.810113578780736532e+00
6.817246113131069762e+00,6.817292764410655792e+00,1.399538387580889776e-04,-3.008325402120703984e-05,9.810109870584737379e+00
6.817246224395641541e+00,6.817292764410655792e+00,1.396200450427542705e-04,-3.337937153347070307e-05,9.810106240673508893e+00
6.817246346284281167e+00,6.817292764410655792e+00,1.392543791238765039e-04,-3.656659188777666714e-05,9.810102687787235709e+00
6.817246478441699509e+00,6.817292764410655792e+00,1.388579068688500229e-04,-3.964722550264809797e-05,9.810099210681366699e+00
6.817246620520185374e+00,6.817292764410655792e+00,1.384316714112543423e-04,-4.262354575956806002e-05,9.810095808125652184e+00
6.817246772179483827e+00,6.817292764410655792e+00,1.379766935158954766e-04,-4.549778953588656805e-05,9.810092478903980506e+00
6.817246933086672733e+00,6.817292764410655792e+00,1.374939719491763412e-04,-4.827215667191353532e-05,9.810089221815278648e+00
6.817247102916043744e+00,6.817292764410655792e+00,1.369844838361444772e-04,-5.094881130318640317e-05,9.810086035672533455e+00
6.817247281348981502e+00,6.817292764410655792e+00,1.364491850228688463e-04,-5.352988132756308914e-05,9.810082919303695803e+00
6.817247468073849959e+00,6.817292764410655792e+00,1.358890104175003444e-04,-5.601746053685019433e-05,9.810079871549881148e+00
6.817247662785873352e+00,6.817292764410655792e+00,1.353048743473195259e-04,-5.841360701808184785e-05,9.810076891267328847e+00
6.817247865187023415e+00,6.817292764410655792e+00,1.346976708971325820e-04,-6.072034501869438827e-05,9.810073977325878047e+00
6.817248074985906570e+00,6.817292764410655792e+00,1.340682742476673184e-04,-6.293966494652636356e-05,9.810071128609301638e+00
6.817248291897650248e+00,6.817292764410655792e+00,1.334175390166336683e-04,-6.507352310336500523e-05,9.810068344015913766e+00
6.817248515643795415e+00,6.817292764410655792e+00,1.327463005811324592e-04,-6.712384355012090964e-05,9.810065622457031509e+00
6.817248745952186439e+00,6.817292764410655792e+00,1.320553754080577846e-04,-6.909251730746746034e-05,9.810062962858101088e+00
6.817248982556863623e+00,6.817292764410655792e+00,1.313455613765057706e-04,-7.098140315520140575e-05,9.810060364158221802e+00
6.817249225197956619e+00,6.817292764410655792e+00,1.306176380975188067e-04,-7.279232789869638509e-05,9.810057825310199320e+00
6.817249473621580513e+00,6.817292764410655792e+00,1.298723672258361717e-04,-7.452708716826350610e-05,9.810055345280058958e+00
6.817249727579731911e+00,6.817292764410655792e+00,1.291104927716446582e-04,-7.618744541915134505e-05,9.810052923047352991e+00
6.817249986830188568e+00,6.817292764410655792e+00,1.283327414016710577e-04,-7.777513699736005037e-05,9.810050557604405697e+00
6.817250251136405481e+00,6.817292764410655792e+00,1.275398227509327853e-04,-7.929186507382723903e-05,9.810048247957677603e+00
6.817250520267418068e+00,6.817292764410655792e+00,1.267324297131722233e-04,-8.073930377605620379e-05,9.810045993125937613e+00
6.817250793997743585e+00,6.817292764410655792e+00,1.259112387366201347e-04,-8.211909765520886140e-05,9.810043792141081909e+00
6.817251072107282539e+00,6.817292764410655792e+00,1.250769101197590771e-04,-8.343286168610575260e-05,9.810041644048434151e+00
6.817251354381226314e+00,6.817292764410655792e+00,1.242300882884350699e-04,-8.468218313240072348e-05,9.810039547905155644e+00
6.817251640609961250e+00,6.817292764410655792e+00,1.233714020836274017e-04,-8.586862048076682186e-05,9.810037502781604246e+00
6.817251930588973607e+00,6.817292764410655792e+00,1.225014650465539034e-04,-8.699370370734982316e-05,9.810035507761339701e+00
6.817252224118762527e+00,6.817292764410655792e+00,1.216208756797954038e-04,-8.805893667584996365e-05,9.810033561939004443e+00
6.817252521004744992e+00,6.817292764410655792e+00,1.207302177324010017e-04,-8.906579473944020720e-05,9.810031664422993458e+00
6.817252821057169676e+00,6.817292764410655792e+00,1.198300604583479867e-04,-9.001572740530150440e-05,9.810029814333052656e+00
6.817253124091028127e+00,6.817292764410655792e+00,1.189209588829953645e-04,-9.091015753526221488e-05,9.810028010801348231e+00
6.817253429925966834e+00,6.817292764410655792e+00,1.180034540668728482e-04,-9.175048161225163312e-05,9.810026252972456007e+00
6.817253738386202855e+00,6.817292764410655792e+00,1.170780733588117073e-04,-9.253807080611409219e-05,9.810024540002553195e+00
6.817254049300438545e+00,6.817292764410655792e+00,1.161453306517401529e-04,-9.327427070715543778e-05,9.810022871059945970e+00
6.817254362501780740e+00,6.817292764410655792e+00,1.152057266251560463e-04,-9.396040265841065775e-05,9.810021245323966355e+00
6.817254677827655485e+00,6.817292764410655792e+00,1.142597490009222838e-04,-9.459776242337625263e-05,9.810019661986578043e+00
6.817254995119728989e+00,6.817292764410655792e+00,1.133078727804104346e-04,-9.518762205118491693e-05,9.810018120250729723e+00
6.817255314223826801e+00,6.817292764410655792e+00,1.123505604869734498e-04,-9.573122934369848736e-05,9.810016619331143772e+00
6.817255634989858315e+00,6.817292764410655792e+00,1.113882623924311588e-04,-9.622980945422909826e-05,9.810015158452937811e+00
6.817255957271735056e+00,6.817292764410655792e+00,1.104214167622075138e-04,-9.668456302236450028e-05,9.810013736853740340e+00
6.817256280927296963e+00,6.817292764410655792e+00,1.094504500764870158e-04,-9.709666857204979351e-05,9.810012353781505823e+00
6.817256605818236892e+00,6.817292764410655792e+00,1.084757772567002121e-04,-9.746728197868037569e-05,9.810011008495278517e+00
6.817256931810026899e+00,6.817292764410655792e+00,1.074978018866801222e-04,-9.779753700200899402e-05,9.810009700264885169e+00
6.817257258771842743e+00,6.817292764410655792e+00,1.065169164391477352e-04,-9.808854475323869337e-05,9.810008428371686406e+00
6.817257586576496386e+00,6.817292764410655792e+00,1.055335024782166897e-04,-9.834139609310454944e-05,9.810007192106386498e+00
6.817257915100360499e+00,6.817292764410655792e+00,1.045479308858787704e-04,-9.855715923379193555e-05,9.810005990771653472e+00
6.817258244223301844e+00,6.817292764410655792e+00,1.035605620618440526e-04,-9.873688240347178180e-05,9.810004823679658870e+00
6.817258573828611112e+00,6.817292764410655792e+00,1.025717461340391878e-04,-9.888159278048647138e-05,9.810003690153354938e+00
6.817258903802935421e+00,6.817292764410655792e+00,1.015818231611120837e-04,-9.899229729271041833e-05,9.810002589525868899e+00
6.817259234036212590e+00,6.817292764410655792e+00,1.005911233296075125e-04,-9.906998315045711934e-05,9.810001521140179648e+00
6.817259564421603635e+00,6.817292764410655792e+00,9.959996715647179144e-05,-9.911561731357210192e-05,9.810000484349842509e+00
6.817259894855429714e+00,6.817292764410655792e+00,9.860866567823478590e-05,-9.913014782370055400e-05,9.809999478517855920e+00
6.817260225237107285e+00,6.817292764410655792e+00,9.761752064552098318e-05,-9.911450327138027205e-05,9.809998503017375526e+00
6.817260555469086825e+00,6.817292764410655792e+00,9.662682470690242553e-05,-9.906959386185576477e-05,9.809997557230845544e+00
6.817260885456789765e+00,6.817292764410655792e+00,9.563686159808071352e-05,-9.899631088217120123e-05,9.809996640550716407e+00
6.817261215108547212e+00,6.817292764410655792e+00,9.464790632573993889e-05,-9.889552723407746271e-05,9.809995752379091272e+00
6.817261544335543100e+00,6.817292764410655792e+00,9.366022533807694117e-05,-9.876809876629977225e-05,9.809994892126571386e+00
6.817261873051751131e+00,6.817292764410655792e+00,9.267407671398331104e-05,-9.861486240936301328e-05,9.809994059214304229e+00
6.817262201173880598e+00,6.817292764410655792e+00,9.168971032558204115e-05,-9.843663884012698873e-05,9.809993253071485952e+00
6.817262528621317763e+00,6.817292764410655792e+00,9.070736801408685324e-05,-9.823423114951879143e-05,9.809992473136865954e+00
6.817262855316068126e+00,6.817292764410655792e+00,8.972728376299698994e-05,-9.800842510898633009e-05,9.809991718858654508e+00
6.817263181182704912e+00,6.817292764410655792e+00,8.874968385264025983e-05,-9.775999103567301063e-05,9.809990989692817465e+00
6.817263506148310448e+00,6.817292764410655792e+00,8.777478703603236454e-05,-9.748968166078952891e-05,9.809990285105374852e+00
6.817263830142426428e+00,6.817292764410655792e+00,8.680280468809087324e-05,-9.719823479414912981e-05,9.809989604569894439e+00
6.817264153096999735e+00,6.817292764410655792e+00,8.583394096817187346e-05,-9.688637199189997773e-05,9.809988947568976769e+00
6.817264474946330033e+00,6.817292764410655792e+00,8.486839297727755138e-05,-9.655479908943220835e-05,9.809988313593887455e+00
6.817264795627019147e+00,6.817292764410655792e+00,8.390635090993470158e-05,-9.620420673428498048e-05,9.809987702144177035e+00
6.817265115077923099e+00,6.817292764410655792e+00,8.294799819807963104e-05,-9.583527118550705381e-05,9.809987112727013070e+00
6.817265433240099703e+00,6.817292764410655792e+00,8.199351166826573944e-05,-9.544865298138915932e-05,9.809986544858688262e+00
6.817265750056762386e+00,6.817292764410655792e+00,8.104306168021935264e-05,-9.504499880463868067e-05,9.809985998062876078e+00
6.817266065473231329e+00,6.817292764410655792e+00,8.009681227338916187e-05,-9.462494068301907646e-05,9.809985471871591756e+00
6.817266379436887291e+00,6.817292764410655792e+00,7.915492130550205729e-05,-9.418909678871045799e-05,9.809984965824517289e+00
6.817266691897125419e+00,6.817292764410655792e+00,7.821754059111896140e-05,-9.373807143830958921e-05,9.809984479469154195e+00
6.817267002805310838e+00,6.817292764410655792e+00,7.728481603486159202e-05,-9.327245562573693860e-05,9.809984012360409622e+00
6.817267312114732469e+00,6.817292764410655792e+00,7.635688776996829574e-05,-9.279282648932962729e-05,9.809983564061280248e+00
6.817267619780559507e+00,6.817292764410655792e+00,7.543389028885627567e-05,-9.229974811120200684e-05,9.809983134142179040e+00
6.817267925759801450e+00,6.817292764410655792e+00,7.451595256302567805e-05,-9.179377258305976284e-05,9.809982722179981351e+00
6.817268230011261032e+00,6.817292764410655792e+00,7.360319818427996097e-05,-9.127543787457170765e-05,9.809982327760309317e+00
6.817268532495496913e+00,6.817292764410655792e+00,7.269574547663637532e-05,-9.074527076435856543e-05,9.809981950474712775e+00
6.817268833174780163e+00,6.817292764410655792e+00,7.179370762688819241e-05,-9.020378497481829072e-05,9.809981589922653455e+00
6.817269132013055177e+00,6.817292764410655792e+00,7.089719280184425543e-05,-8.965148250439369804e-05,9.809981245710297060e+00
6.817269428975901491e+00,6.817292764410655792e+00,7.000630426290399555e-05,-8.908885389402598776e-05,9.809980917450369375e+00
6.817269724030492917e+00,6.817292764410655792e+00,6.912114048862605387e-05,-8.851637742779416840e-05,9.809980604763062217e+00
6.817270017145561134e+00,6.817292764410655792e+00,6.824179528397422700e-05,-8.793452046518268617e-05,9.809980307274820177e+00
6.817270308291356606e+00,6.817292764410655792e+00,6.736835789755701853e-05,-8.734373864172084723e-05,9.809980024619257222e+00
6.817270597439613944e+00,6.817292764410655792e+00,6.650091312554451406e-05,-8.674447720125044725e-05,9.809979756435925680e+00
6.817270884563514599e+00,6.817292764410655792e+00,6.563954142357886212e-05,-8.613717019656519369e-05,9.809979502371227511e+00
6.817271169637652228e+00,6.817292764410655792e+00,6.478431901069114929e-05,-8.552224128877128351e-05,9.809979262077721529e+00
6.817271452637998053e+00,6.817292764410655792e+00,6.393531797321827526e-05,-8.490010374728740317e-05,9.809979035214226428e+00
6.817271733541865331e+00,6.817292764410655792e+00,6.309260637138436323e-05,-8.427116018339120274e-05,9.809978821446188491e+00
6.817272012327877384e+00,6.817292764410655792e+00,6.225624833522402923e-05,-8.363580361603339952e-05,9.809978620444720576e+00
6.817272288975933847e+00,6.817292764410655792e+00,6.142630416583472197e-05,-8.299441693893072625e-05,9.809978431887227401e+00
6.817272563467178692e+00,6.817292764410655792e+00,6.060283043129999214e-05,-8.234737345347298287e-05,9.809978255456979213e+00
6.817272835783969143e+00,6.817292764410655792e+00,5.978588005994822652e-05,-8.169503713517656251e-05,9.809978090842925269e+00
6.817273105909843700e+00,6.817292764410655792e+00,5.897550243627591726e-05,-8.103776236723092552e-05,9.809977937740068654e+00
6.817273373829492833e+00,6.817292764410655792e+00,5.817174348887732549e-05,-8.037589473985917721e-05,9.809977795848748627e+00
6.817273639528727003e+00,6.817292764410655792e+00,5.737464578636775059e-05,-7.970977025095749013e-05,9.809977664875535908e+00
6.817273902994448243e+00,6.817292764410655792e+00,5.658424862264865851e-05,-7.903971637190920774e-05,9.809977544532252125e+00
6.817274164214622623e+00,6.817292764410655792e+00,5.580058809950827481e-05,-7.836605231403837024e-05,9.809977434535785079e+00
6.817274423178250942e+00,6.817292764410655792e+00,5.502369721455124818e-05,-7.768908849570266284e-05,9.809977334608719346e+00
6.817274679875340304e+00,6.817292764410655792e+00,5.425360594646377876e-05,-7.700912680874694161e-05,9.809977244479139102e+00
6.817274934296877476e+00,6.817292764410655792e+00,5.349034133494967591e-05,-7.632646115141028531e-05,9.809977163880184037e+00
6.817275186434802237e+00,6.817292764410655792e+00,5.273392756066641596e-05,-7.564137742832599542e-05,9.809977092550132838e+00
6.817275436281982515e+00,6.817292764410655792e+00,5.198438601983212948e-05,-7.495415408342864794e-05,9.809977030231937789e+00
6.817275683832185962e+00,6.817292764410655792e+00,5.124173540949072958e-05,-7.426506103413998972e-05,9.809976976674375848e+00
6.817275929080056862e+00,6.817292764410655792e+00,5.050599179678982864e-05,-7.357436127009009397e-05,9.809976931630526309e+00
6.817276172021090375e+00,6.817292764410655792e+00,4.977716869625226082e-05,-7.288231005375678251e-05,9.809976894858642993e+00
6.817276412651609441e+00,6.817292764410655792e+00,4.905527713905399878e-05,-7.218915571982620349e-05,9.809976866121420613e+00
6.817276650968740803e+00,6.817292764410655792e+00,4.834032574496660573e-05,-7.149513940873930551e-05,9.809976845186337613e+00
6.817276886970391025e+00,6.817292764410655792e+00,4.763232079429968735e-05,-7.080049506669183756e-05,9.809976831825728993e+00
6.817277120655224287e+00,6.817292764410655792e+00,4.693126629451427334e-05,-7.010544997854140092e-05,9.809976825816317358e+00
6.817277352022638404e+00,6.817292764410655792e+00,4.623716405216526937e-05,-6.941022423490039728e-05,9.809976826939816874e+00
6.817277581072747061e+00,6.817292764410655792e+00,4.555001372619216227e-05,-6.871503259731071012e-05,9.809976834981128491e+00
6.817277807806354062e+00,6.817292764410655792e+00,4.486981290519054255e-05,-6.802008210016197154e-05,9.809976849730805526e+00
6.817278032224933781e+00,6.817292764410655792e+00,4.419655716603188012e-05,-6.732557391586624362e-05,9.809976870983250663e+00
6.817278254330611631e+00,6.817292764410655792e+00,4.353024013248329993e-05,-6.663170335485801843e-05,9.809976898536778123e+00
6.817278474126143628e+00,6.817292764410655792e+00,4.287085353649189301e-05,-6.593865959914069208e-05,9.809976932193936960e+00
6.817278691614895081e+00,6.817292764410655792e+00,4.221838728213356262e-05,-6.524662543583303886e-05,9.809976971761846798e+00
6.817278906800821936e+00,6.817292764410655792e+00,4.157282950156826473e-05,-6.455577805652978896e-05,9.809977017051444648e+00
6.817279119688453903e+00,6.817292764410655792e+00,4.093416660566617793e-05,-6.386628959020868024e-05,9.809977067877015955e+00
6.817279330282874028e+00,6.817292764410655792e+00,4.030238334529201438e-05,-6.317832603741635467e-05,9.809977124057308373e+00
6.817279538589700039e+00,6.817292764410655792e+00,3.967746286726026028e-05,-6.249204780317541008e-05,9.809977185415064582e+00
6.817279744615067472e+00,6.817292764410655792e+00,3.905938676496134576e-05,-6.180761022989145204e-05,9.809977251776535567e+00
6.817279948365612796e+00,6.817292764410655792e+00,3.844813512898781482e-05,-6.112516359735309379e-05,9.809977322971532132e+00
6.817280149848454762e+00,6.817292764410655792e+00,3.784368660308956578e-05,-6.044485258982490450e-05,9.809977398834014650e+00
6.817280349071180190e+00,6.817292764410655792e+00,3.724601842680641539e-05,-5.976681762831503875e-05,9.809977479200799877e+00
6.817280546041826206e+00,6.817292764410655792e+00,3.665510648875880406e-05,-5.909119380476113292e-05,9.809977563912685383e+00
6.817280740768863367e+00,6.817292764410655792e+00,3.607092537727396575e-05,-5.841811114848383113e-05,9.809977652814229288e+00
6.817280933261181453e+00,6.817292764410655792e+00,3.549344842301849212e-05,-5.774769542554736290e-05,9.809977745752998857e+00
6.817281123528075248e+00,6.817292764410655792e+00,3.492264774163089669e-05,-5.708006813875954322e-05,9.809977842579602481e+00
6.817281311579226788e+00,6.817292764410655792e+00,3.435849428701232000e-05,-5.641534546185766885e-05,9.809977943148826540e+00
6.817281497424692915e+00,6.817292764410655792e+00,3.380095788863002326e-05,-5.575363983822967384e-05,9.809978047318050898e+00
6.817281681074891075e+00,6.817292764410655792e+00,3.325000729414995249e-05,-5.509505944800707766e-05,9.809978154947845752e+00
6.817281862540584214e+00,6.817292764410655792e+00,3.270561021473383789e-05,-5.443970794161145932e-05,9.809978265902273620e+00
6.817282041832867456e+00,6.817292764410655792e+00,3.216773336500722280e-05,-5.378768497266150916e-05,9.809978380048391955e+00
6.817282218963155671e+00,6.817292764410655792e+00,3.163634250036295725e-05,-5.313908646442655481e-05,9.809978497256036434e+00
6.817282393943169261e+00,6.817292764410655792e+00,3.111140245959376216e-05,-5.249400407691950932e-05,9.809978617398382283e+00
6.817282566784922615e+00,6.817292764410655792e+00,3.059287719953118767e-05,-5.185252600625744890e-05,9.809978740351194659e+00
6.817282737500711676e+00,6.817292764410655792e+00,3.008072983234910680e-05,-5.121473671820808704e-05,9.809978865993114638e+00
6.817282906103099727e+00,6.817292764410655792e+00,2.957492266819627957e-05,-5.058071641528272266e-05,9.809978994206254299e+00
6.817283072604908511e+00,6.817292764410655792e+00,2.907541724184170562e-05,-4.995054263545739559e-05,9.809979124874606882e+00
6.817283237019204911e+00,6.817292764410655792e+00,2.858217435264265305e-05,-4.932428891990525699e-05,9.809979257885434123e+00
6.817283399359289398e+00,6.817292764410655792e+00,2.809515409918361684e-05,-4.870202534590362120e-05,9.809979393128752889e+00
6.817283559638687152e+00,6.817292764410655792e+00,2.761431590592167140e-05,-4.808381932619454346e-05,9.809979530496580225e+00
6.817283717871133852e+00,6.817292764410655792e+00,2.713961856581903476e-05,-4.746973401026366446e-05,9.809979669884555165e+00
6.817283874070569460e+00,6.817292764410655792e+00,2.667102025899481532e-05,-4.685983068242194349e-05,9.809979811189577958e+00
6.817284028251124006e+00,6.817292764410655792e+00,2.620847859535757607e-05,-4.625416636372392531e-05,9.809979954312233019e+00
6.817284180427109597e+00,6.817292764410655792e+00,2.575195063858615185e-05,-4.565279567714242148e-05,9.809980099154962829e+00
6.817284330613010646e+00,6.817292764410655792e+00,2.530139293543953727e-05,-4.505577031466145854e-05,9.809980245622622164e+00
6.817284478823474103e+00,6.817292764410655792e+00,2.485676154506677449e-05,-4.446313903727627803e-05,9.809980393622508288e+00
6.817284625073299686e+00,6.817292764410655792e+00,2.441801206831684112e-05,-4.387494767499333648e-05,9.809980543064394709e+00
6.817284769377431886e+00,6.817292764410655792e+00,2.398509967171946755e-05,-4.329123965973735721e-05,9.809980693860012479e+00
6.817284911750950194e+00,6.817292764410655792e+00,2.355797911679502477e-05,-4.271205549244427857e-05,9.809980845923625736e+00
6.817285052209061114e+00,6.817292764410655792e+00,2.313660478403534171e-05,-4.213743327596830568e-05,9.809980999171507676e+00
6.817285190767089276e+00,6.817292764410655792e+00,2.272093069954905786e-05,-4.156740844862838458e-05,9.809981153522251418e+00
6.817285327440469445e+00,6.817292764410655792e+00,2.231091055904244058e-05,-4.100201405066172811e-05,9.809981308896508878e+00
6.817285462244739414e+00,6.817292764410655792e+00,2.190649774913566716e-05,-4.044128099067734183e-05,9.809981465216758068e+00
6.817285595195531123e+00,6.817292764410655792e+00,2.150764537400817744e-05,-3.988523751274897222e-05,9.809981622407860868e+00
6.817285726308563554e+00,6.817292764410655792e+00,2.111430627671495586e-05,-3.933390972932215846e-05,9.809981780396547890e+00
6.817285855599635624e+00,6.817292764410655792e+00,2.072643306050281353e-05,-3.878732162121423244e-05,9.809981939111439786e+00
6.817285983084618195e+00,6.817292764410655792e+00,2.034397811279120560e-05,-3.824549477116079288e-05,9.809982098483342128e+00
6.817286108779449627e+00,6.817292764410655792e+00,1.996689361849490751e-05,-3.770844942962980895e-05,9.809982258444190251e+00
6.817286232700125126e+00,6.817292764410655792e+00,1.959513159199843813e-05,-3.717620264964693888e-05,9.809982418928942849e+00
6.817286354862694076e+00,6.817292764410655792e+00,1.922864388514966549e-05,-3.664877068487726319e-05,9.809982579873199882e+00
6.817286475283250269e+00,6.817292764410655792e+00,1.886738221656969472e-05,-3.612616685799707739e-05,9.809982741215359070e+00
6.817286593977927467e+00,6.817292764410655792e+00,1.851129818497554425e-05,-3.560840315941504741e-05,9.809982902895026058e+00
6.817286710962894070e+00,6.817292764410655792e+00,1.816034328516735741e-05,-3.509548998081868376e-05,9.809983064853305734e+00
6.817286826254346011e+00,6.817292764410655792e+00,1.781446892934468451e-05,-3.458743558226728965e-05,9.809983227033347575e+00
6.817286939868501427e+00,6.817292764410655792e+00,1.747362646309369438e-05,-3.408424662509901282e-05,9.809983389379837604e+00
6.817287051821595334e+00,6.817292764410655792e+00,1.713776718137438593e-05,-3.358592817193084556e-05,9.809983551839010829e+00
6.817287162129872513e+00,6.817292764410655792e+00,1.680684234983687020e-05,-3.309248315375157290e-05,9.809983714359196583e+00
6.817287270809585742e+00,6.817292764410655792e+00,1.648080321015044092e-05,-3.260391396864292801e-05,9.809983876889241117e+00
6.817287377876987797e+00,6.817292764410655792e+00,1.615960100398439181e-05,-3.212022061660491090e-05,9.809984039380388765e+00
6.817287483348327903e+00,6.817292764410655792e+00,1.584318698366615763e-05,-3.164140203182341793e-05,9.809984201784953228e+00
6.817287587239846403e+00,6.817292764410655792e+00,1.553151242816852573e-05,-3.116745554976318999e-05,9.809984364056878903e+00
6.817287689567771203e+00,6.817292764410655792e+00,1.522452865376777709e-05,-3.069837744007486435e-05,9.809984526151215078e+00
6.817287790348310672e+00,6.817292764410655792e+00,1.492218703535996838e-05,-3.023416184078087099e-05,9.809984688025195965e+00
6.817287889597652750e+00,6.817292764410655792e+00,1.462443900912546724e-05,-2.977480262345011397e-05,9.809984849636386173e+00
6.817287987331958732e+00,6.817292764410655792e+00,1.433123609118069908e-05,-2.932029179447681599e-05,9.809985010944297201e+00
6.817288083567358825e+00,6.817292764410655792e+00,1.404252989090082337e-05,-2.887062002798757021e-05,9.809985171909863411e+00
6.817288178319950376e+00,6.817292764410655792e+00,1.375827211624880420e-05,-2.842577746520191795e-05,9.809985332494651544e+00
6.817288271605790761e+00,6.817292764410655792e+00,1.347841459509169226e-05,-2.798575211571119326e-05,9.809985492662480766e+00
6.817288363440897392e+00,6.817292764410655792e+00,1.320290927520062496e-05,-2.755053198910673018e-05,9.809985652377285703e+00
6.817288453841242379e+00,6.817292764410655792e+00,1.293170824023803789e-05,-2.712010349625870731e-05,9.809985811604743589e+00
6.817288542822747210e+00,6.817292764410655792e+00,1.266476372574487641e-05,-2.669445144931614777e-05,9.809985970312276038e+00
6.817288630401283633e+00,6.817292764410655792e+00,1.240202811647606040e-05,-2.627356092688160061e-05,9.809986128467190980e+00
6.817288716592666553e+00,6.817292764410655792e+00,1.214345396771676633e-05,-2.585741487592940757e-05,9.809986286039091397e+00
6.817288801412653143e+00,6.817292764410655792e+00,1.188899400794696248e-05,-2.544599597698038451e-05,9.809986442998031464e+00
6.817288884876940180e+00,6.817292764410655792e+00,1.163860114683501479e-05,-2.503928611119476955e-05,9.809986599315035249e+00
6.817288967001158717e+00,6.817292764410655792e+00,1.139222849122489833e-05,-2.463726556101164533e-05,9.809986754962931599e+00
6.817289047800873192e+00,6.817292764410655792e+00,1.114982934780073265e-05,-2.423991434241656862e-05,9.809986909915005882e+00
6.817289127291579653e+00,6.817292764410655792e+00,1.091135722841585221e-05,-2.384721193848804432e-05,9.809987064145289537e+00
6.817289205488700432e+00,6.817292764410655792e+00,1.067676586608001799e-05,-2.345913623358342193e-05,9.809987217629632994e+00
6.817289282407584139e+00,6.817292764410655792e+00,1.044600921495941748e-05,-2.307566511206005089e-05,9.809987370344103397e+00
6.817289358063502114e+00,6.817292764410655792e+00,1.021904146103480571e-05,-2.269677539246117703e-05,9.809987522266069959e+00
6.817289432471646649e+00,6.817292764410655792e+00,9.995817027430575763e-06,-2.232244336042299437e-05,9.809987673373667505e+00
6.817289505647128323e+00,6.817292764410655792e+00,9.776290582408364571e-06,-2.195264450222111918e-05,9.809987823646080685e+00
6.817289577604975115e+00,6.817292764410655792e+00,9.560417042031588153e-06,-2.158735403767764183e-05,9.809987973063005740e+00
6.817289648360127963e+00,6.817292764410655792e+00,9.348151583488117922e-06,-2.122654585434702312e-05,9.809988121605730527e+00
6.817289717927441650e+00,6.817292764410655792e+00,9.139449642425745424e-06,-2.087019410623724980e-05,9.809988269255537574e+00
6.817289786321680367e+00,6.817292764410655792e+00,8.934266926274858633e-06,-2.051827161508867903e-05,9.809988415995311684e+00
6.817289853557518597e+00,6.817292764410655792e+00,8.732559411583906694e-06,-2.017075146909519390e-05,9.809988561807942986e+00
6.817289919649537566e+00,6.817292764410655792e+00,8.534283354677540956e-06,-1.982760569063657385e-05,9.809988706677664538e+00
6.817289984612224352e+00,6.817292764410655792e+00,8.339395294321150232e-06,-1.948880603563907243e-05,9.809988850589260068e+00
6.817290048459970109e+00,6.817292764410655792e+00,8.147852057049931318e-06,-1.915432372712189135e-05,9.809988993528330425e+00
6.817290111207069181e+00,6.817292764410655792e+00,7.959610759833424254e-06,-1.882412972165070641e-05,9.809989135481039568e+00
6.817290172867716436e+00,6.817292764410655792e+00,7.774628818069118097e-06,-1.849819417643061570e-05,9.809989276434642136e+00
6.817290233456007265e+00,6.817292764410655792e+00,7.592863945582450924e-06,-1.817648724866671728e-05,9.809989416376698301e+00
6.817290292985934919e+00,6.817292764410655792e+00,7.414274162620415609e-06,-1.785897829620353150e-05,9.809989555295867802e+00
6.817290351471392285e+00,6.817292764410655792e+00,7.238817790522489304e-06,-1.754563720979263053e-05,9.809989693180581227e+00
6.817290408926168332e+00,6.817292764410655792e+00,7.066453462378774475e-06,-1.723643281437148289e-05,9.809989830020647616e+00
6.817290465363946339e+00,6.817292764410655792e+00,6.897140128359069422e-06,-1.693133340197050529e-05,9.809989965806726886e+00
6.817290520798304776e+00,6.817292764410655792e+00,6.730837053048333019e-06,-1.663030753107364035e-05,9.809990100529521584e+00
6.817290575242716422e+00,6.817292764410655792e+00,6.567503818111219971e-06,-1.633332349371130476e-05,9.809990234180325785e+00
6.817290628710545697e+00,6.817292764410655792e+00,6.407100330285686596e-06,-1.604034878255333751e-05,9.809990366751549118e+00
6.817290681215050441e+00,6.817292764410655792e+00,6.249586816053920302e-06,-1.575135142317662940e-05,9.809990498235393375e+00
6.817290732769378359e+00,6.817292764410655792e+00,6.094923832300480626e-06,-1.546629837534396756e-05,9.809990628625456566e+00
6.817290783386568798e+00,6.817292764410655792e+00,5.943072260983228716e-06,-1.518515713172519099e-05,9.809990757915130644e+00
6.817290833079550971e+00,6.817292764410655792e+00,5.793993314462397848e-06,-1.490789465208308684e-05,9.809990886098663765e+00
6.817290881861143070e+00,6.817292764410655792e+00,5.647648538165128684e-06,-1.463447762972691635e-05,9.809991013170908047e+00
6.817290929744052264e+00,6.817292764410655792e+00,5.503999810585469277e-06,-1.436487275796594076e-05,9.809991139127053117e+00
6.817290976740873809e+00,6.817292764410655792e+00,5.363009345948910322e-06,-1.409904646365589542e-05,9.809991263962881902e+00
6.817291022864091943e+00,6.817292764410655792e+00,5.224639691547849907e-06,-1.383696544010604157e-05,9.809991387674251939e+00
6.817291068126077214e+00,6.817292764410655792e+00,5.088853735735199280e-06,-1.357859558126506272e-05,9.809991510258154079e+00
6.817291112539088260e+00,6.817292764410655792e+00,4.955614702595312338e-06,-1.332390331398869421e-05,9.809991631711389104e+00
6.817291156115270923e+00,6.817292764410655792e+00,4.824886154608520883e-06,-1.307285479867914546e-05,9.809991752031356427e+00
6.817291198866656465e+00,6.817292764410655792e+00,4.696631997980205142e-06,-1.282541566283157408e-05,9.809991871216336534e+00
6.817291240805163355e+00,6.817292764410655792e+00,4.570816477311723247e-06,-1.258155206684818950e-05,9.809991989264410961e+00
6.817291281942597259e+00,6.817292764410655792e+00,4.447404175600411236e-06,-1.234123017113120113e-05,9.809992106174004078e+00
6.817291322290648381e+00,6.817292764410655792e+00,4.326360022233188829e-06,-1.210441533672224068e-05,9.809992221944686008e+00
6.817291361860894128e+00,6.817292764410655792e+00,4.207649284992953653e-06,-1.187107372402351757e-05,9.809992336575561467e+00
6.817291400664797330e+00,6.817292764410655792e+00,4.091237575387651759e-06,-1.164117096053018940e-05,9.809992450066616243e+00
6.817291438713707130e+00,6.817292764410655792e+00,3.977090845985742362e-06,-1.141467294019093970e-05,9.809992562417907180e+00
6.817291476018858987e+00,6.817292764410655792e+00,3.865175390416197843e-06,-1.119154555695445197e-05,9.809992673629833959e+00
6.817291512591373781e+00,6.817292764410655792e+00,3.755457846033039004e-06,-1.097175443831588382e-05,9.809992783703407326e+00
6.817291548442258708e+00,6.817292764410655792e+00,3.647905191250799817e-06,-1.075526547822391876e-05,9.809992892639712636e+00
6.817291583582407277e+00,6.817292764410655792e+00,3.542484745544527414e-06,-1.054204457062724032e-05,9.809993000440176303e+00
6.817291618022600197e+00,6.817292764410655792e+00,3.439164166785246834e-06,-1.033205787592805791e-05,9.809993107106290466e+00
6.817291651773503602e+00,6.817292764410655792e+00,3.337911456569031543e-06,-1.012527102162152914e-05,9.809993212640435445e+00
6.817291684845670829e+00,6.817292764410655792e+00,3.238694954887932909e-06,-9.921650168109863444e-06,9.809993317044787275e+00
6.817291717249543304e+00,6.817292764410655792e+00,3.141483337465444947e-06,-9.721161742248796145e-06,9.809993420321596602e+00
6.817291748995447875e+00,6.817292764410655792e+00,3.046245623750110099e-06,-9.523771371533484853e-06,9.809993522474252714e+00
6.817291780093599485e+00,6.817292764410655792e+00,2.952951168921913450e-06,-9.329445482819664903e-06,9.809993623505686600e+00
6.817291810554102049e+00,6.817292764410655792e+00,2.861569661227747474e-06,-9.138150769416597541e-06,9.809993723418891420e+00
6.817291840386945800e+00,6.817292764410655792e+00,2.772071129975017811e-06,-8.949853125272966281e-06,9.809993822218004311e+00
6.817291869602011722e+00,6.817292764410655792e+00,2.684425932208966969e-06,-8.764519776605084189e-06,9.809993919906155213e+00
6.817291898209068002e+00,6.817292764410655792e+00,2.598604763370815363e-06,-8.582116883815160691e-06,9.809994016487880941e+00
6.817291926217773579e+00,6.817292764410655792e+00,2.514578646639620274e-06,-8.402611673119508851e-06,9.809994111966974017e+00
6.817291953637675483e+00,6.817292764410655792e+00,2.432318940925881634e-06,-8.225970571373864004e-06,9.809994206348370938e+00
6.817291980478212388e+00,6.817292764410655792e+00,2.351797330213400983e-06,-8.052161071248065127e-06,9.809994299636258575e+00
6.817292006748712829e+00,6.817292764410655792e+00,2.272985828888351989e-06,-7.881150132504899375e-06,9.809994391835697769e+00
6.817292032458396989e+00,6.817292764410655792e+00,2.195856776410209932e-06,-7.712905247814205723e-06,9.809994482951529093e+00
6.817292057616375800e+00,6.817292764410655792e+00,2.120382839976286959e-06,-7.547393643392297236e-06,9.809994572989197081e+00
6.817292082231653616e+00,6.817292764410655792e+00,2.046537006528126312e-06,-7.384583344816064709e-06,9.809994661953663098e+00
6.817292106313127320e+00,5.620123592661778744e+00,-3.591505540954045728e+00,0.000000000000000000e+00,6.218494459045954770e+00
6.816932979840505169e+00,5.620123592661778744e+00,-3.590428161536179275e+00,1.077379417866453082e-01,6.327309780250466531e+00
